5491.328587528876	300.0	2000.0	296.06050192518404	0	0.0	5491.328587528876	1	0	tensor(3)	-2.318150500118528
6128.63451685957	1000.0	2362.694070669307	0.0	0	0.0	5491.328587528877	1	0	tensor(3)	-0.5491328587528876
6540.299428313329	1000.0	2951.029159215548	0.0	0	0.0	5491.328587528877	1	0	tensor(3)	0.6548399455730485
6938.346725182407	1000.0	3552.981862346471	0.0	0	0.0	5491.328587528877	1	0	tensor(3)	0.6548399455730484
8411.001997551311	2000.0	3080.326589977568	0.0	0	0.0	5491.328587528878	1	0	tensor(3)	0.6548399455730483
9505.448995085235	2000.0	2985.879592443646	0.0	0	0.0	5491.32858752888	1	0	tensor(3)	1.3479871261329934
10386.631112674966	2000.0	3104.6974748539133	0.0	0	0.0	5491.328587528879	1	0	tensor(3)	1.3479871261329934
11833.557211287862	2000.0	2657.7713762410185	0.0	0	0.0	3491.3285875288802	1	0	tensor(6)	-4.452012873867005
12830.245434731054	2000.0	2661.0831527978276	0.0	0	0.0	3491.3285875288802	1	0	tensor(3)	1.5479871261329934
13822.420217303423	2000.0	2668.90837022546	0.0	0	0.0	3491.3285875288784	1	0	tensor(3)	1.5479871261329936
14884.274076012607	2000.0	2607.0545115162763	0.0	0	0.0	3491.3285875288802	1	0	tensor(3)	1.5479871261329934
15963.113548322111	3000.0	2528.2150392067742	0.0	0	0.0	3491.328587528882	1	0	tensor(3)	1.5479871261329934
17702.27673562864	3000.0	1789.0518519002444	0.0	0	0.0	3491.3285875288784	1	0	tensor(3)	1.953452234241158
18897.58409142411	3000.0	1593.744496104776	0.0	0	0.0	3491.3285875288802	1	0	tensor(3)	1.953452234241158
19687.432865411574	2000.0	1803.8957221173107	0.0	0	0.0	3491.3285875288802	1	0	tensor(3)	1.1425220180248286
20640.9216573583	2000.0	1850.4069301705863	0.0	0	0.0	3491.328587528882	1	0	tensor(3)	1.547987126132993
21722.30381635403	2000.0	1769.0247711748518	0.0	0	0.0	3491.3285875288784	1	0	tensor(3)	1.5479871261329936
22470.950618196115	2000.0	2020.3779693327713	0.0	0	0.0	3491.3285875288784	1	0	tensor(3)	1.5479871261329936
23734.798063027305	3000.0	1756.5305245015816	0.0	0	0.0	3491.328587528875	1	0	tensor(3)	1.547987126132994
25282.094984490654	3000.0	1209.233603038232	0.0	0	0.0	3491.328587528875	1	0	tensor(3)	1.9534522342411587
26844.592452981928	2000.0	646.7361345469589	0.0	0	0.0	3491.328587528875	1	0	tensor(3)	1.1425220180248292
27597.89086028951	1000.0	893.4377272393778	0.0	0	0.0	3491.328587528871	1	0	tensor(3)	0.16169276501310392
28393.41211915267	1000.0	1097.9164683762147	0.0	0	0.0	3491.328587528871	1	0	tensor(3)	0.8548399455730491
29075.826152081696	1000.0	1415.5024354471827	0.0	0	0.0	3491.328587528871	1	0	tensor(3)	0.8548399455730491
29675.663348705606	1000.0	1815.6652388232746	0.0	0	0.0	3491.328587528875	1	0	tensor(3)	0.8548399455730488
30433.369423343407	1000.0	2057.9591641854768	0.0	0	0.0	3491.328587528875	1	0	tensor(3)	0.8548399455730488
32414.108858492007	2000.0	1077.2197290368747	0.0	0	0.0	3491.328587528871	1	0	tensor(3)	0.8548399455730488
33504.214530171776	1000.0	987.1140573571173	0.0	0	0.0	3491.328587528882	1	0	tensor(3)	0.16169276501310306
34322.08757045606	1000.0	1169.2410170728208	0.0	0	0.0	3491.3285875288675	1	0	tensor(3)	0.8548399455730489
34985.67170686032	1000.0	1505.6568806685705	0.0	0	0.0	3491.328587528875	1	0	tensor(3)	0.854839945573049
35579.675584581855	1000.0	1911.6530029470355	0.0	0	0.0	3491.328587528875	1	0	tensor(3)	0.8548399455730488
36433.16126708329	2000.0	2058.1673204455974	0.0	0	0.0	3491.328587528871	1	0	tensor(3)	0.8548399455730489
37344.88238526209	2000.0	2146.4462022667954	0.0	0	0.0	3491.328587528871	1	0	tensor(3)	1.5479871261329943
38927.45702047513	2000.0	1563.8715670537629	0.0	0	0.0	3491.3285875288784	1	0	tensor(3)	1.5479871261329936
40240.71753074935	2000.0	1250.6110567795395	0.0	0	0.0	3491.3285875288784	1	0	tensor(3)	1.5479871261329936
41229.31970838882	2000.0	1262.008879140071	0.0	0	0.0	3491.3285875288784	1	0	tensor(3)	1.5479871261329936
42110.830774327034	2000.0	1380.4978132018537	0.0	0	0.0	3491.3285875288784	1	0	tensor(3)	1.5479871261329936
42753.23853094874	2000.0	1738.0900565801417	0.0	0	0.0	3491.3285875288784	1	0	tensor(3)	1.5479871261329936
43810.09352939385	2000.0	1681.2350581350322	0.0	0	0.0	3491.3285875288784	1	0	tensor(3)	1.5479871261329936
45198.37893120403	2000.0	1292.9496563248413	0.0	0	0.0	3491.3285875288784	1	0	tensor(3)	1.5479871261329936
46364.76362060175	1000.0	1126.564966927118	0.0	0	0.0	3491.3285875288784	1	0	tensor(3)	0.16169276501310312
47088.25458926252	1000.0	1403.073998266352	0.0	0	0.0	3491.3285875288784	1	0	tensor(3)	0.8548399455730483
48025.4710377924	2000.0	1465.8575497364664	0.0	0	0.0	3491.3285875288784	1	0	tensor(3)	0.8548399455730484
49127.915455539915	1000.0	1363.4131319889448	0.0	0	0.0	3491.3285875288784	1	0	tensor(3)	0.16169276501310312
49727.48268671315	1000.0	1763.8459008157215	0.0	0	0.0	3491.3285875288857	1	0	tensor(3)	0.8548399455730477
50294.41066775714	1000.0	2196.9179197717312	0.0	0	0.0	3491.3285875288857	1	0	tensor(3)	0.8548399455730477
51292.32402639653	2000.0	2199.004561132346	0.0	0	0.0	3491.3285875288857	1	0	tensor(3)	0.8548399455730475
52524.01176858506	2000.0	1967.3168189438168	0.0	0	0.0	3491.3285875288857	1	0	tensor(3)	1.5479871261329927
53844.37647698016	2000.0	1646.952110548713	0.0	0	0.0	3491.3285875288857	1	0	tensor(3)	1.5479871261329927
54551.520780749976	2000.0	1939.8078067788942	0.0	0	0.0	3491.3285875288857	1	0	tensor(3)	1.5479871261329927
55440.704067595805	2000.0	2050.624519933069	0.0	0	0.0	3491.3285875288857	1	0	tensor(3)	1.5479871261329927
56282.962412806744	2000.0	2208.366174722133	0.0	0	0.0	3491.3285875288857	1	0	tensor(3)	1.5479871261329927
57960.789789594135	3000.0	1530.5387979347454	0.0	0	0.0	3491.3285875288857	1	0	tensor(3)	1.547987126132993
59838.14807060579	2000.0	653.1805169230863	0.0	0	0.0	3491.3285875288857	1	0	tensor(3)	1.1425220180248281
60751.81571132932	1000.0	739.5128761995597	0.0	0	0.0	3491.3285875288857	1	0	tensor(3)	0.16169276501310248
61362.185576973054	1000.0	1129.1430105558327	0.0	0	0.0	3491.3285875288857	1	0	tensor(3)	0.8548399455730477
62086.338432582765	1000.0	1404.9901549461229	0.0	0	0.0	3491.3285875288784	1	0	tensor(3)	0.8548399455730483
62768.24477097824	1000.0	1723.083816550643	0.0	0	0.0	3491.3285875288784	1	0	tensor(3)	0.8548399455730483
63531.455428900765	1000.0	1959.8731586281276	0.0	0	0.0	3491.3285875288784	1	0	tensor(3)	0.8548399455730483
64182.889383579655	1000.0	2308.439203949232	0.0	0	0.0	3491.3285875288784	1	0	tensor(3)	0.8548399455730483
64718.59798982447	1000.0	2772.7305977044216	0.0	0	0.0	3491.3285875288784	1	0	tensor(3)	0.8548399455730483
65549.83659783527	1000.0	2941.4919896936312	0.0	0	0.0	3491.3285875288857	1	0	tensor(3)	0.8548399455730482
67118.17854967123	2000.0	2373.1500378576725	0.0	0	0.0	3491.3285875288857	1	0	tensor(3)	0.8548399455730473
67887.16950519811	1000.0	2604.1590823307993	0.0	0	0.0	3491.328587528893	1	0	tensor(3)	0.1616927650131018
68410.1362359922	1000.0	3081.192351536702	0.0	0	0.0	3491.328587528893	1	0	tensor(3)	0.8548399455730469
69907.42629308731	2000.0	2583.902294441607	0.0	0	0.0	3491.3285875288857	1	0	tensor(3)	0.8548399455730475
71020.62514393049	1000.0	2470.703443598429	0.0	0	0.0	3491.3285875288857	1	0	tensor(3)	0.16169276501310248
71676.50315963021	1000.0	2814.825427898698	0.0	0	0.0	3491.3285875289002	1	0	tensor(3)	0.8548399455730461
72709.34014899624	2000.0	2781.988438532661	0.0	0	0.0	3491.3285875289002	1	0	tensor(3)	0.8548399455730462
73762.77476971694	2000.0	2728.553817811979	0.0	0	0.0	3491.3285875289002	1	0	tensor(3)	1.5479871261329914
75201.83342318042	2000.0	2289.4951643485138	0.0	0	0.0	3491.3285875289002	1	0	tensor(3)	1.5479871261329914
76418.64468430562	2000.0	2072.6839032232956	0.0	0	0.0	3491.3285875289002	1	0	tensor(3)	1.5479871261329914
77547.87067173967	2000.0	1943.4579157892342	0.0	0	0.0	3491.3285875289002	1	0	tensor(3)	1.5479871261329914
78503.58244302022	2000.0	1987.746144508697	0.0	0	0.0	3491.3285875289002	1	0	tensor(3)	1.5479871261329914
79880.26349705477	2000.0	1611.0650904741472	0.0	0	0.0	3491.3285875289002	1	0	tensor(3)	1.5479871261329914
81285.56265186319	2000.0	1205.7659356657205	0.0	0	0.0	3491.328587528915	1	0	tensor(3)	1.5479871261329898
82720.63378707625	2000.0	770.6948004526689	0.0	0	0.0	3491.328587528915	1	0	tensor(3)	1.5479871261329898
83769.65506410203	1000.0	721.6735234268921	0.0	0	0.0	3491.328587528915	1	0	tensor(3)	0.16169276501309948
84596.21518959802	1000.0	895.113397930903	0.0	0	0.0	3491.328587528915	1	0	tensor(3)	0.8548399455730447
85118.31245534816	1000.0	1373.0161321807614	0.0	0	0.0	3491.3285875289293	1	0	tensor(3)	0.8548399455730432
85541.2512565368	1000.0	1950.0773309921165	0.0	0	0.0	3491.3285875289293	1	0	tensor(3)	0.8548399455730432
86901.14577325674	2000.0	1590.182814272192	0.0	0	0.0	3491.3285875289293	1	0	tensor(3)	0.8548399455730431
87500.35717034024	1000.0	1990.9714171886835	0.0	0	0.0	3491.3285875289293	1	0	tensor(3)	0.16169276501309804
88302.12541492857	2000.0	2189.2031726003656	0.0	0	0.0	3491.3285875289293	1	0	tensor(3)	0.8548399455730431
89526.7418858514	2000.0	1964.5867016775446	0.0	0	0.0	3491.328587528944	1	0	tensor(3)	1.547987126132987
90556.93740433754	2000.0	1934.3911831914047	0.0	0	0.0	3491.328587528944	1	0	tensor(3)	1.547987126132987
91314.34153176003	1000.0	2176.9870557689296	0.0	0	0.0	3491.328587528944	1	0	tensor(3)	0.1616927650130966
92467.72891821901	2000.0	2023.599669309936	0.0	0	0.0	3491.328587528944	1	0	tensor(3)	0.8548399455730418
94012.38314206507	2000.0	1478.9454454638696	0.0	0	0.0	3491.3285875289293	1	0	tensor(3)	1.5479871261329883
94619.94115754975	1000.0	1871.3874299791778	0.0	0	0.0	3491.3285875289293	1	0	tensor(3)	0.16169276501309804
96547.76158979905	2000.0	943.5669977298974	0.0	0	0.0	3491.3285875289293	1	0	tensor(3)	0.8548399455730431
97440.5475328387	1000.0	1050.7810546902538	0.0	0	0.0	3491.3285875289293	1	0	tensor(3)	0.16169276501309804
98565.20833840003	1000.0	926.1202491289282	0.0	0	0.0	3491.328587528915	1	0	tensor(3)	0.8548399455730447
99324.89737285093	1000.0	1166.4312146780253	0.0	0	0.0	3491.3285875289293	1	0	tensor(3)	0.8548399455730432
99996.98894253084	1000.0	1494.339644998122	0.0	0	0.0	3491.328587528944	1	0	tensor(3)	0.8548399455730418
101230.93031109912	1000.0	1260.3982764298532	0.0	0	0.0	3491.328587528944	1	0	tensor(3)	0.8548399455730418
101908.82941937077	1000.0	1582.4991681582126	0.0	0	0.0	3491.328587528944	1	0	tensor(3)	0.8548399455730418
102477.93451602386	1000.0	2013.3940715051199	0.0	0	0.0	3491.328587528944	1	0	tensor(3)	0.8548399455730418
103288.03127146598	1000.0	2203.2973160630104	0.0	0	0.0	3491.328587528944	1	0	tensor(3)	0.8548399455730418
103917.6683805087	1000.0	2573.66020702028	0.0	0	0.0	3491.3285875289293	1	0	tensor(3)	0.8548399455730432
104850.53485123804	1000.0	2640.793736290927	0.0	0	0.0	3491.3285875289293	1	0	tensor(3)	0.8548399455730432
105657.3617659844	1000.0	2833.966821544574	0.0	0	0.0	3491.3285875289293	1	0	tensor(3)	0.8548399455730432
106542.52649730346	1000.0	2948.8020902255034	0.0	0	0.0	3491.328587528915	1	0	tensor(3)	0.8548399455730447
107265.44076599422	1000.0	3225.887821534755	0.0	0	0.0	3491.328587528915	1	0	tensor(3)	0.8548399455730447
109486.1975032047	2000.0	2005.1310843242763	0.0	0	0.0	3491.3285875289002	1	0	tensor(3)	0.8548399455730462
110353.9860925084	1000.0	2137.3424950205795	0.0	0	0.0	3491.3285875289002	1	0	tensor(3)	0.1616927650131009
111127.71062141094	1000.0	2363.6179661180427	0.0	0	0.0	3491.3285875289002	1	0	tensor(3)	0.8548399455730461
111753.89970707853	1000.0	2737.4288804504386	0.0	0	0.0	3491.328587528915	1	0	tensor(3)	0.8548399455730447
112479.93152012397	1000.0	3011.397067405002	0.0	0	0.0	3491.328587528915	1	0	tensor(3)	0.8548399455730447
113356.50811842678	2000.0	3134.8204691022042	0.0	0	0.0	3491.328587528915	1	0	tensor(3)	0.8548399455730445
114306.26198720899	2000.0	3185.0666003199995	0.0	0	0.0	3491.328587528915	1	0	tensor(3)	1.5479871261329898
115854.66165115417	2000.0	2636.666936374824	0.0	0	0.0	3491.3285875289002	1	0	tensor(3)	1.5479871261329914
116509.27723043259	1000.0	2982.0513570963863	0.0	0	0.0	3491.3285875289002	1	0	tensor(3)	0.1616927650131009
117726.2747445025	2000.0	2765.0538430264764	0.0	0	0.0	3491.3285875289002	1	0	tensor(3)	0.8548399455730462
118771.54478520293	2000.0	2719.783802326054	0.0	0	0.0	3491.3285875289002	1	0	tensor(3)	1.5479871261329914
119791.24404303441	2000.0	2700.08454449456	0.0	0	0.0	3491.3285875289002	1	0	tensor(3)	1.5479871261329914
120771.30354892214	2000.0	2720.0250386068374	0.0	0	0.0	3491.3285875289002	1	0	tensor(3)	1.5479871261329914
122229.19281040804	3000.0	2262.1357771209296	0.0	0	0.0	3491.3285875289002	1	0	tensor(3)	1.5479871261329912
123617.55059480146	3000.0	1873.7779927275067	0.0	0	0.0	3491.3285875289002	1	0	tensor(3)	1.9534522342411558
124632.91317056176	2000.0	1858.4154169672117	0.0	0	0.0	3491.3285875289002	1	0	tensor(3)	1.1425220180248268
125512.48285891529	2000.0	1978.8457286136859	0.0	0	0.0	3491.3285875288857	1	0	tensor(3)	1.5479871261329927
126913.7319041553	2000.0	1577.5966833736686	0.0	0	0.0	3491.3285875288857	1	0	tensor(3)	1.5479871261329927
127880.27268738604	2000.0	1611.0559001429397	0.0	0	0.0	3491.3285875288857	1	0	tensor(3)	1.5479871261329927
129310.92623686297	2000.0	1180.402350666	0.0	0	0.0	3491.3285875288857	1	0	tensor(3)	1.5479871261329927
130162.35490234316	1000.0	1328.9736851858083	0.0	0	0.0	3491.3285875288857	1	0	tensor(3)	0.16169276501310248
131134.61200434703	1000.0	1356.7165831819466	0.0	0	0.0	3491.3285875289002	1	0	tensor(3)	0.8548399455730473
131910.94503007078	1000.0	1580.3835574582185	0.0	0	0.0	3491.328587528944	1	0	tensor(3)	0.8548399455730427
132634.89144431642	1000.0	1856.4371432125752	0.0	0	0.0	3491.3285875289585	1	0	tensor(3)	0.8548399455730407
133480.62740009656	1000.0	2010.7011874324594	0.0	0	0.0	3491.3285875289876	1	0	tensor(3)	0.8548399455730387
134031.22071846153	1000.0	2460.1078690674894	0.0	0	0.0	3491.328587528973	1	0	tensor(3)	0.8548399455730394
135192.98480484475	2000.0	2298.343782684271	0.0	0	0.0	3491.3285875289585	1	0	tensor(3)	0.8548399455730401
136082.16838606802	2000.0	2409.1602014609653	0.0	0	0.0	3491.3285875289293	1	0	tensor(3)	1.5479871261329883
136919.10377270743	2000.0	2572.2248148215363	0.0	0	0.0	3491.3285875289293	1	0	tensor(3)	1.5479871261329883
138013.57968531008	3000.0	2477.7489022188684	0.0	0	0.0	3491.3285875289293	1	0	tensor(3)	1.5479871261329885
139259.33166634772	3000.0	2231.9969211812368	0.0	0	0.0	3491.3285875289293	1	0	tensor(3)	1.953452234241153
141204.08787270464	3000.0	1287.2407148243208	0.0	0	0.0	3491.3285875289293	1	0	tensor(3)	1.953452234241153
142197.44435161617	2000.0	1293.8842359128148	0.0	0	0.0	3491.3285875289585	1	0	tensor(3)	1.1425220180248208
143512.55316663586	2000.0	978.7754208931158	0.0	0	0.0	3491.3285875289585	1	0	tensor(3)	1.5479871261329854
144205.82238707534	1000.0	1285.5062004535937	0.0	0	0.0	3491.3285875289293	1	0	tensor(3)	0.16169276501309804
144796.15554259374	1000.0	1695.1730449352035	0.0	0	0.0	3491.3285875289585	1	0	tensor(3)	0.8548399455730403
145468.79682538303	1000.0	2022.5317621459062	0.0	0	0.0	3491.3285875289585	1	0	tensor(3)	0.8548399455730403
146624.94719312908	2000.0	1866.3813943998473	0.0	0	0.0	3491.3285875289293	1	0	tensor(3)	0.8548399455730431
147447.75197626423	2000.0	2043.5766112646788	0.0	0	0.0	3491.3285875289293	1	0	tensor(3)	1.5479871261329883
148289.91386038138	3000.0	2201.414727147559	0.0	0	0.0	3491.3285875289293	1	0	tensor(3)	1.5479871261329885
148968.67302140096	3000.0	2522.6555661280104	0.0	0	0.0	3491.3285875289293	1	0	tensor(3)	1.953452234241153
149983.62061008968	3000.0	2507.7079774392814	0.0	0	0.0	3491.3285875289293	1	0	tensor(3)	1.953452234241153
151925.2391425572	3000.0	1566.0894449717737	0.0	0	0.0	3491.3285875289585	1	0	tensor(3)	1.9534522342411504
152508.9532881216	2000.0	1982.3752994073704	0.0	0	0.0	3491.3285875289585	1	0	tensor(3)	1.1425220180248208
153968.07840022235	3000.0	1523.2501873065792	0.0	0	0.0	3491.3285875289585	1	0	tensor(3)	1.5479871261329858
155440.40556196694	2000.0	1050.9230255620064	0.0	0	0.0	3491.3285875289876	1	0	tensor(3)	1.1425220180248186
156271.39507295834	2000.0	1219.933514570609	0.0	0	0.0	3491.3285875290167	1	0	tensor(3)	1.547987126132981
157755.57165658774	2000.0	735.7569309412139	0.0	0	0.0	3491.3285875290167	1	0	tensor(3)	1.5479871261329796
158206.0679385679	1000.0	1285.260648961075	0.0	0	0.0	3491.3285875290167	1	0	tensor(3)	0.16169276501308924
159484.12198624277	2000.0	1007.206601286203	0.0	0	0.0	3491.3285875289876	1	0	tensor(3)	0.8548399455730362
160264.75654041496	1000.0	1226.5720471140219	0.0	0	0.0	3491.3285875289876	1	0	tensor(3)	0.16169276501309215
160895.50117782553	1000.0	1595.8274097034978	0.0	0	0.0	3491.3285875289876	1	0	tensor(3)	0.8548399455730373
161620.31770343767	1000.0	1871.0108840913354	0.0	0	0.0	3491.3285875289876	1	0	tensor(3)	0.8548399455730373
162358.4250157327	2000.0	2132.9035717963243	0.0	0	0.0	3491.3285875289876	1	0	tensor(3)	0.8548399455730373
163471.05006853738	2000.0	2020.278518991635	0.0	0	0.0	3491.3285875289876	1	0	tensor(3)	1.5479871261329825
164325.8085076544	2000.0	2165.52007987462	0.0	0	0.0	3491.3285875289876	1	0	tensor(3)	1.5479871261329825
165707.27052795512	3000.0	1784.0580595739327	0.0	0	0.0	3491.3285875289876	1	0	tensor(3)	1.5479871261329827
167081.30082073144	3000.0	1410.0277667976231	0.0	0	0.0	3491.3285875289876	1	0	tensor(3)	1.9534522342411473
167869.02408564967	2000.0	1622.3045018794073	0.0	0	0.0	3491.3285875289876	1	0	tensor(3)	1.142522018024818
168886.61480242488	2000.0	1604.7137851041753	0.0	0	0.0	3491.3285875289876	1	0	tensor(3)	1.5479871261329825
169651.76179505445	2000.0	1839.5667924745967	0.0	0	0.0	3491.3285875289876	1	0	tensor(3)	1.5479871261329825
170763.7472593284	2000.0	1727.581328200659	0.0	0	0.0	3491.3285875289876	1	0	tensor(3)	1.5479871261329825
171381.24784569774	2000.0	2110.080741831317	0.0	0	0.0	3491.3285875289876	1	0	tensor(3)	1.5479871261329825
172615.07287604272	3000.0	1876.2557114863148	0.0	0	0.0	3491.3285875289585	1	0	tensor(3)	1.5479871261329854
173519.42878786632	3000.0	1971.8997996626908	0.0	0	0.0	3491.3285875289585	1	0	tensor(3)	1.9534522342411504
175618.9550625307	3000.0	872.3735249982781	0.0	0	0.0	3491.3285875289585	1	0	tensor(3)	1.9534522342411504
177034.37904875103	2000.0	456.9495387779579	0.0	0	0.0	3491.3285875289585	1	0	tensor(3)	1.1425220180248208
177793.127210516	1000.0	698.201377012994	0.0	0	0.0	3491.3285875289585	1	0	tensor(3)	0.16169276501309518
178536.57157031834	1000.0	954.7570172106393	0.0	0	0.0	3491.3285875289585	1	0	tensor(3)	0.8548399455730403
179282.78122057224	1000.0	1208.547366956762	0.0	0	0.0	3491.3285875289876	1	0	tensor(3)	0.8548399455730373
179905.73072150475	1000.0	1585.5978660242818	0.0	0	0.0	3491.3285875289876	1	0	tensor(3)	0.8548399455730373
180917.43077488578	1000.0	1573.8978126432357	0.0	0	0.0	3491.3285875289876	1	0	tensor(3)	0.8548399455730373
181690.4608482934	1000.0	1800.8677392356062	0.0	0	0.0	3491.3285875289876	1	0	tensor(3)	0.8548399455730373
182766.3639248373	1000.0	1724.9646626917167	0.0	0	0.0	3491.3285875289876	1	0	tensor(3)	0.8548399455730373
183270.86161559893	1000.0	2220.4669719301087	0.0	0	0.0	3491.3285875289876	1	0	tensor(3)	0.8548399455730373
183791.90878654126	1000.0	2699.4198009877646	0.0	0	0.0	3491.3285875289876	1	0	tensor(3)	0.8548399455730373
184546.48732573574	2000.0	2944.841261793287	0.0	0	0.0	3491.3285875289585	1	0	tensor(3)	0.8548399455730401
185735.13610360975	2000.0	2756.192483919279	0.0	0	0.0	3491.3285875289585	1	0	tensor(3)	1.5479871261329854
187147.87645919877	2000.0	2343.4521283302515	0.0	0	0.0	3491.3285875289585	1	0	tensor(3)	1.5479871261329854
188185.9274551667	2000.0	2305.4011323623004	0.0	0	0.0	3491.3285875289293	1	0	tensor(3)	1.5479871261329883
189188.1417267384	2000.0	2303.1868607905867	0.0	0	0.0	3491.3285875289002	1	0	tensor(3)	1.5479871261329896
190099.15583575238	2000.0	2392.1727517766108	0.0	0	0.0	3491.3285875289002	1	0	tensor(3)	1.5479871261329914
191029.26444668765	2000.0	2462.064140841349	0.0	0	0.0	3491.3285875289002	1	0	tensor(3)	1.5479871261329914
191837.0495927355	2000.0	2654.278994793479	0.0	0	0.0	3491.3285875289002	1	0	tensor(3)	1.5479871261329914
192858.31638602944	3000.0	2633.012201499543	0.0	0	0.0	3491.3285875289002	1	0	tensor(3)	1.5479871261329912
194647.93101783717	3000.0	1843.397569691808	0.0	0	0.0	3491.3285875289002	1	0	tensor(3)	1.9534522342411558
196060.1853177028	2000.0	1431.1432698261415	0.0	0	0.0	3491.3285875289002	1	0	tensor(3)	1.1425220180248268
197077.75352798967	2000.0	1413.5750595392178	0.0	0	0.0	3491.328587528871	1	0	tensor(3)	1.5479871261329943
198055.49446960888	1000.0	1435.8341179200056	0.0	0	0.0	3491.328587528842	1	0	tensor(3)	0.16169276501310684
198699.42285596943	1000.0	1791.9057315594664	0.0	0	0.0	3491.328587528842	1	0	tensor(3)	0.854839945573052
199287.50631439203	1000.0	2203.8222731368637	0.0	0	0.0	3491.328587528842	1	0	tensor(3)	0.854839945573052
200091.8496388206	2000.0	2399.478948708305	0.0	0	0.0	3491.328587528842	1	0	tensor(3)	0.8548399455730495
200952.51159564883	2000.0	2538.816991880041	0.0	0	0.0	3491.328587528842	1	0	tensor(3)	1.547987126132997
201753.10872365293	2000.0	2738.21986387598	0.0	0	0.0	3491.328587528871	1	0	tensor(3)	1.5479871261329943
202619.78673495556	2000.0	2871.5418525733444	0.0	0	0.0	3491.3285875289002	1	0	tensor(3)	1.5479871261329914
203676.8253311076	2000.0	2814.503256421318	0.0	0	0.0	3491.3285875289002	1	0	tensor(3)	1.5479871261329914
204641.1798435551	2000.0	2850.1487439738744	0.0	0	0.0	3491.3285875289002	1	0	tensor(3)	1.5479871261329914
205742.41561748137	3000.0	2748.9129700475637	0.0	0	0.0	3491.3285875289002	1	0	tensor(3)	1.5479871261329912
207083.6598514166	3000.0	2407.6687361123713	0.0	0	0.0	3491.3285875289293	1	0	tensor(3)	1.9534522342411553
208577.29596178254	2000.0	1914.0326257464317	0.0	0	0.0	3491.3285875289585	1	0	tensor(3)	1.1425220180248208
209583.90090679887	1000.0	1907.4276807301223	0.0	0	0.0	3491.3285875289876	1	0	tensor(3)	0.16169276501309215
210435.7055122109	1000.0	2055.6230753180835	0.0	0	0.0	3491.3285875290167	1	0	tensor(3)	0.8548399455730344
211272.03519580685	1000.0	2219.293391722145	0.0	0	0.0	3491.3285875290167	1	0	tensor(3)	0.8548399455730344
212166.69558410542	1000.0	2324.633003423535	0.0	0	0.0	3491.3285875289876	1	0	tensor(3)	0.8548399455730373
212988.39651260196	1000.0	2502.9320749270064	0.0	0	0.0	3491.3285875290167	1	0	tensor(3)	0.8548399455730344
213672.89716905888	1000.0	2818.4314184700816	0.0	0	0.0	3491.3285875290167	1	0	tensor(3)	0.8548399455730344
214493.27070755014	1000.0	2998.057879978804	0.0	0	0.0	3491.3285875290167	1	0	tensor(3)	0.8548399455730344
215726.36241044215	2000.0	2764.9661770867788	0.0	0	0.0	3491.3285875290458	1	0	tensor(3)	0.8548399455730316
217450.14653467387	2000.0	2041.1820528550136	0.0	0	0.0	3491.3285875290167	1	0	tensor(3)	1.5479871261329796
217997.8563742578	1000.0	2493.472213271086	0.0	0	0.0	3491.3285875289876	1	0	tensor(3)	0.16169276501309215
220088.1504439972	2000.0	1403.1781435316807	0.0	0	0.0	3491.3285875289876	1	0	tensor(3)	0.8548399455730373
220841.14826981415	1000.0	1650.1803177147378	0.0	0	0.0	3491.3285875289876	1	0	tensor(3)	0.16169276501309215
221312.35013501704	1000.0	2178.9784525118494	0.0	0	0.0	3491.3285875289876	1	0	tensor(3)	0.8548399455730373
222597.56269112707	2000.0	1893.7658964018124	0.0	0	0.0	3491.3285875289876	1	0	tensor(3)	0.8548399455730373
223511.69273010918	1000.0	1979.6358574196659	0.0	0	0.0	3491.3285875289876	1	0	tensor(3)	0.16169276501309215
224191.59673149406	1000.0	2299.7318560348	0.0	0	0.0	3491.3285875289876	1	0	tensor(3)	0.8548399455730373
225053.5843012214	2000.0	2437.744286307471	0.0	0	0.0	3491.3285875289876	1	0	tensor(3)	0.8548399455730373
225898.91556475605	2000.0	2592.413022772807	0.0	0	0.0	3491.3285875289876	1	0	tensor(3)	1.5479871261329825
226623.5975453076	2000.0	2867.731042221245	0.0	0	0.0	3491.3285875289876	1	0	tensor(3)	1.5479871261329825
228194.07925480852	2000.0	2297.249332720316	0.0	0	0.0	3491.3285875289876	1	0	tensor(3)	1.5479871261329825
229048.17148530867	2000.0	2443.1571022201447	0.0	0	0.0	3491.3285875289876	1	0	tensor(3)	1.5479871261329825
230374.37192841334	2000.0	2116.956659115487	0.0	0	0.0	3491.3285875289585	1	0	tensor(3)	1.547987126132984
231416.70919907946	2000.0	2074.6193884493746	0.0	0	0.0	3491.3285875289293	1	0	tensor(3)	1.5479871261329883
232102.03734513928	1000.0	2389.291242389562	0.0	0	0.0	3491.3285875289293	1	0	tensor(3)	0.16169276501309804
233028.8208458634	1000.0	2462.5077416654635	0.0	0	0.0	3491.3285875289293	1	0	tensor(3)	0.8548399455730432
233990.3819222672	1000.0	2500.9466652616375	0.0	0	0.0	3491.3285875289002	1	0	tensor(3)	0.8548399455730461
234609.43465584135	1000.0	2881.893931687505	0.0	0	0.0	3491.3285875289293	1	0	tensor(3)	0.8548399455730432
235720.62170256517	2000.0	2770.706884963667	0.0	0	0.0	3491.3285875289585	1	0	tensor(3)	0.8548399455730401
236661.63785442282	2000.0	2829.690733106009	0.0	0	0.0	3491.3285875289585	1	0	tensor(3)	1.5479871261329854
237550.81179374832	2000.0	2940.516793780544	0.0	0	0.0	3491.3285875289585	1	0	tensor(3)	1.5479871261329854
238596.04543165202	2000.0	2895.2831558768485	0.0	0	0.0	3491.3285875289585	1	0	tensor(3)	1.5479871261329854
239698.44652752654	2000.0	2792.882060002342	0.0	0	0.0	3491.3285875289293	1	0	tensor(3)	1.5479871261329883
241412.55465245643	2000.0	2078.7739350724596	0.0	0	0.0	3491.3285875289002	1	0	tensor(3)	1.5479871261329914
242554.2273684596	2000.0	1937.1012190692932	0.0	0	0.0	3491.3285875289293	1	0	tensor(3)	1.5479871261329883
244127.63385690903	2000.0	1363.6947306198545	0.0	0	0.0	3491.3285875289585	1	0	tensor(3)	1.5479871261329854
245329.01826193533	1000.0	1162.3103255935785	0.0	0	0.0	3491.3285875289876	1	0	tensor(3)	0.16169276501309401
246093.1826247444	1000.0	1398.1459627844688	0.0	0	0.0	3491.3285875289876	1	0	tensor(3)	0.8548399455730373
247016.15313712077	1000.0	1475.1754504080864	0.0	0	0.0	3491.3285875289876	1	0	tensor(3)	0.8548399455730373
247971.14707575217	1000.0	1520.1815117766885	0.0	0	0.0	3491.3285875289876	1	0	tensor(3)	0.8548399455730373
248716.3236892189	1000.0	1775.0048983099673	0.0	0	0.0	3491.3285875289876	1	0	tensor(3)	0.8548399455730373
250010.4978361142	1000.0	1480.8307514146659	0.0	0	0.0	3491.3285875290167	1	0	tensor(3)	0.8548399455730368
250603.26164919755	1000.0	1888.0669383313264	0.0	0	0.0	3491.3285875290458	1	0	tensor(3)	0.8548399455730316
251409.62745843185	1000.0	2081.7011290970195	0.0	0	0.0	3491.3285875290458	1	0	tensor(3)	0.8548399455730316
252202.53877995108	1000.0	2288.7898075777903	0.0	0	0.0	3491.3285875290458	1	0	tensor(3)	0.8548399455730316
252781.6180896702	1000.0	2709.710497858662	0.0	0	0.0	3491.3285875290167	1	0	tensor(3)	0.8548399455730344
254525.5560228043	2000.0	1965.7725647245913	0.0	0	0.0	3491.328587529075	1	0	tensor(3)	0.8548399455730297
255473.89075069033	1000.0	2017.4378368385544	0.0	0	0.0	3491.328587529104	1	0	tensor(3)	0.1616927650130806
256281.4302735189	1000.0	2209.8983140099917	0.0	0	0.0	3491.328587529104	1	0	tensor(3)	0.8548399455730258
257009.30411392855	1000.0	2482.0244736003283	0.0	0	0.0	3491.328587529104	1	0	tensor(3)	0.8548399455730258
258231.68791132895	1000.0	2259.6406761999315	0.0	0	0.0	3491.328587529104	1	0	tensor(3)	0.8548399455730258
259219.88731889654	1000.0	2271.4412686323158	0.0	0	0.0	3491.328587529075	1	0	tensor(3)	0.8548399455730269
260326.38636221684	1000.0	2164.942225311993	0.0	0	0.0	3491.328587529075	1	0	tensor(3)	0.8548399455730287
261079.00640598667	1000.0	2412.3221815421757	0.0	0	0.0	3491.328587529075	1	0	tensor(3)	0.8548399455730287
261855.1903965869	1000.0	2636.1381909419606	0.0	0	0.0	3491.328587529104	1	0	tensor(3)	0.8548399455730258
262894.3763166682	2000.0	2596.9522708607506	0.0	0	0.0	3491.3285875291913	1	0	tensor(3)	0.8548399455730182
264912.39449145243	2000.0	1578.934096076496	0.0	0	0.0	3491.3285875292204	1	0	tensor(3)	1.5479871261329599
265844.82386133366	1000.0	1646.5047261953096	0.0	0	0.0	3491.3285875292495	1	0	tensor(3)	0.16169276501306606
266320.8573356159	1000.0	2170.47125191309	0.0	0	0.0	3491.3285875293077	1	0	tensor(3)	0.8548399455730055
267548.9942366299	2000.0	1942.3343508990722	0.0	0	0.0	3491.328587529366	1	0	tensor(3)	0.8548399455730007
268543.00695639575	2000.0	1948.3216311332371	0.0	0	0.0	3491.328587529366	1	0	tensor(3)	1.5479871261329448
269483.2536495006	2000.0	2008.0749380283482	0.0	0	0.0	3491.3285875293077	1	0	tensor(3)	1.5479871261329505
270236.1660972859	2000.0	2255.1624902430335	0.0	0	0.0	3491.3285875293077	1	0	tensor(3)	1.5479871261329505
271198.07521605387	2000.0	2293.253371475146	0.0	0	0.0	3491.3285875293077	1	0	tensor(3)	1.5479871261329505
272529.25970564573	3000.0	1962.0688818833235	0.0	0	0.0	3491.3285875292495	1	0	tensor(3)	1.5479871261329554
273407.42252085876	2000.0	2083.9060666702408	0.0	0	0.0	3491.3285875291913	1	0	tensor(3)	1.1425220180247977
274286.74892402824	2000.0	2204.5796635008205	0.0	0	0.0	3491.3285875291913	1	0	tensor(3)	1.54798712613296
275196.2336370565	2000.0	2295.0949504726136	0.0	0	0.0	3491.3285875291913	1	0	tensor(3)	1.5479871261329623
276314.5941170611	2000.0	2176.734470467938	0.0	0	0.0	3491.3285875291913	1	0	tensor(3)	1.5479871261329623
277725.71580313274	2000.0	1765.6127843963209	0.0	0	0.0	3491.3285875291913	1	0	tensor(3)	1.5479871261329623
278895.4702083616	2000.0	1595.8583791674582	0.0	0	0.0	3491.3285875291913	1	0	tensor(3)	1.5479871261329623
279751.3411518617	1000.0	1739.9874356673613	0.0	0	0.0	3491.3285875291913	1	0	tensor(3)	0.16169276501307195
280310.5447457319	1000.0	2180.7838417970747	0.0	0	0.0	3491.3285875291913	1	0	tensor(3)	0.8548399455730171
281110.9391100135	1000.0	2380.3894775155213	0.0	0	0.0	3491.3285875291913	1	0	tensor(3)	0.8548399455730171
281749.3690112105	1000.0	2741.9595763184425	0.0	0	0.0	3491.3285875291913	1	0	tensor(3)	0.8548399455730171
283357.83935167635	2000.0	2133.4892358526104	0.0	0	0.0	3491.3285875291913	1	0	tensor(3)	0.8548399455730171
284637.76969446667	2000.0	1853.5588930623032	0.0	0	0.0	3491.3285875291913	1	0	tensor(3)	1.5479871261329623
285335.35007191054	2000.0	2155.9785156185008	0.0	0	0.0	3491.3285875292495	1	0	tensor(3)	1.5479871261329565
285972.72057783784	2000.0	2518.6080096912597	0.0	0	0.0	3491.3285875292495	1	0	tensor(3)	1.5479871261329565
286764.6459519774	3000.0	2726.68263555167	0.0	0	0.0	3491.3285875293077	1	0	tensor(3)	1.5479871261329508
287821.8952228807	3000.0	2669.4333646483583	0.0	0	0.0	3491.3285875293077	1	0	tensor(3)	1.9534522342411154
289216.50887159415	3000.0	2274.819715934874	0.0	0	0.0	3491.328587529366	1	0	tensor(3)	1.9534522342411131
290861.8790324364	2000.0	1629.449555092674	0.0	0	0.0	3491.328587529366	1	0	tensor(3)	1.1425220180247802
291665.21627239505	2000.0	1826.112315134046	0.0	0	0.0	3491.328587529366	1	0	tensor(3)	1.5479871261329448
292990.5894547857	2000.0	1500.7391327434402	0.0	0	0.0	3491.328587529424	1	0	tensor(3)	1.547987126132939
294095.4678790921	2000.0	1395.8607084370403	0.0	0	0.0	3491.328587529424	1	0	tensor(3)	1.547987126132939
295296.1142078221	2000.0	1195.2143797070942	0.0	0	0.0	3491.3285875294823	1	0	tensor(3)	1.547987126132933
296192.76636337006	2000.0	1298.5622241591252	0.0	0	0.0	3491.3285875294823	1	0	tensor(3)	1.547987126132933
296839.39004808106	2000.0	1651.9385394481997	0.0	0	0.0	3491.3285875295405	1	0	tensor(3)	1.5479871261329272
297755.7713051002	3000.0	1735.5572824290748	0.0	0	0.0	3491.3285875295405	1	0	tensor(3)	1.5479871261329274
298950.85968715633	3000.0	1540.4689003728863	0.0	0	0.0	3491.3285875295987	1	0	tensor(3)	1.9534522342410863
300911.3210394773	3000.0	580.0075480519251	0.0	0	0.0	3491.3285875295987	1	0	tensor(3)	1.9534522342410863
301580.5486566149	2000.0	910.7799309143105	0.0	0	0.0	3491.3285875295987	1	0	tensor(3)	1.1425220180247568
302397.8964242093	2000.0	1093.4321633198786	0.0	0	0.0	3491.328587529657	1	0	tensor(3)	1.547987126132917
303576.36454719043	2000.0	914.9640403387318	0.0	0	0.0	3491.3285875295987	1	0	tensor(3)	1.5479871261329214
304359.4684621219	1000.0	1131.8601254072523	0.0	0	0.0	3491.328587529657	1	0	tensor(3)	0.16169276501302532
1.47	2.04	1.58	1.71	2.09	1.6	1.7	1.88	2.41	2.54	2.66	2.24	2.3	2.33	2.05	2.4	2.54	2.68	2.8	2.21	1.36	1.47	1.04	1.45	1.63	1.71	1.01	1.03	1.37	1.88	2.29	1.55	1.75	1.63	1.75	2.07	2.26	2.58	2.63	1.93	1.1	1.38	2.07	0.88	1.56	1.98	1.99	2.08	1.89	2.21	2.69	2.73	1.53	1.16	0.82	1.12	1.74	1.48	1.39	1.48	1.51	1.64	1.45	1.6	1.07	1.14	1.78	1.86	1.47	1.47	1.95	2.43	2.06	1.32	1.76	1.81	2.0	1.26	1.2	1.4	1.9	1.7	1.83	2.2	1.78	1.3	1.48	1.78	1.62	1.73	1.12	1.04	1.22	1.04	1.36	0.9	1.59	1.48	1.56	1.04	1.12	1.26	1.58	1.1	1.01	1.09	1.39	1.83	2.27	1.26	1.16	1.36	1.99	2.05	2.26	2.75	2.1	2.28	2.2	2.28	1.62	1.76	1.85	1.84	1.45	1.4	1.39	1.58	1.56	1.92	2.27	2.92	3.06	2.7	1.66	1.53	1.61	1.99	1.81	1.47	2.07	2.73	3.34	3.7	2.33	1.84	2.32	2.85	2.11	1.03	1.47	2.04	1.58	1.71	2.09	1.6	1.7	1.88	2.41	2.54	2.66	2.24	2.3	2.33	2.05	2.4	2.54	2.68	2.8	2.21	1.36	1.47	1.04	1.45	1.63	1.71	1.01	1.03	1.37	1.88	2.29	1.55	1.75	1.63	1.75	2.07	2.26	2.58	2.63	1.93	1.1	1.38	2.07	0.88	1.56	1.98	1.99	2.08	1.89	2.21	2.69	2.73	1.53	1.16	0.82	1.12	1.74	1.48	1.39	1.48	1.51	1.64	1.45	1.6	1.07	1.14	1.78	1.86	1.47	1.47	1.95	2.43	2.06	1.32	1.76	1.81	2.0	1.26	1.2	1.4	1.9	1.7	1.83	2.2	1.78	1.3	1.48	1.78	1.62	1.73	1.12	1.04	1.22	1.04	1.36	0.9	1.59	1.48	1.56	1.04	1.12	1.26	1.58	1.1	1.01	1.09	1.39	1.83	2.27	1.26	1.16	1.36	1.99	2.05	2.26	2.75	2.1	2.28	2.2	2.28	1.62	1.76	1.85	1.84	1.45	1.4	1.39	1.58	1.56	1.92	2.27	2.92	3.06	2.7	1.66	1.53	1.61	1.99	1.81	1.47	2.07	2.73	3.34	3.7	2.33	1.84	2.32	2.85	2.11	1.03	1.47	2.04	1.58
1.0	2.0	3.0	4.0	5.0	6.0	7.0	8.0	9.0	10.0	11.0	12.0	13.0	14.0	15.0	16.0	17.0	18.0	19.0	20.0	21.0	22.0	23.0	24.0	25.0	26.0	27.0	28.0	29.0	30.0	31.0	32.0	33.0	34.0	35.0	36.0	37.0	38.0	39.0	40.0	41.0	42.0	43.0	44.0	45.0	46.0	47.0	48.0	49.0	50.0	51.0	52.0	53.0	54.0	55.0	56.0	57.0	58.0	59.0	60.0	61.0	62.0	63.0	64.0	65.0	66.0	67.0	68.0	69.0	70.0	71.0	72.0	73.0	74.0	75.0	76.0	77.0	78.0	79.0	80.0	81.0	82.0	83.0	84.0	85.0	86.0	87.0	88.0	89.0	90.0	91.0	92.0	93.0	94.0	95.0	96.0	97.0	98.0	99.0	100.0	101.0	102.0	103.0	104.0	105.0	106.0	107.0	108.0	109.0	110.0	111.0	112.0	113.0	114.0	115.0	116.0	117.0	118.0	119.0	120.0	121.0	122.0	123.0	124.0	125.0	126.0	127.0	128.0	129.0	130.0	131.0	132.0	133.0	134.0	135.0	136.0	137.0	138.0	139.0	140.0	141.0	142.0	143.0	144.0	145.0	146.0	147.0	148.0	149.0	149.0	150.0	151.0	152.0	153.0	154.0	155.0	156.0	157.0	158.0	159.0	160.0	161.0	162.0	163.0	164.0	165.0	166.0	167.0	168.0	169.0	170.0	171.0	172.0	173.0	174.0	175.0	176.0	177.0	178.0	179.0	180.0	181.0	182.0	183.0	184.0	185.0	186.0	187.0	188.0	189.0	190.0	191.0	192.0	193.0	194.0	195.0	196.0	197.0	198.0	199.0	200.0	201.0	202.0	203.0	204.0	205.0	206.0	207.0	208.0	209.0	210.0	211.0	212.0	213.0	214.0	215.0	216.0	217.0	218.0	219.0	220.0	221.0	222.0	223.0	224.0	225.0	226.0	227.0	228.0	229.0	230.0	231.0	232.0	233.0	234.0	235.0	236.0	237.0	238.0	239.0	240.0	241.0	242.0	243.0	244.0	245.0	246.0	247.0	248.0	249.0	250.0	251.0	252.0	253.0	254.0	255.0	256.0	257.0	258.0	259.0	260.0	261.0	262.0	263.0	264.0	265.0	266.0	267.0	268.0	269.0	270.0	271.0	272.0	273.0	274.0	275.0	276.0	277.0	278.0	279.0	280.0	281.0	282.0	283.0	284.0	285.0	286.0	287.0	288.0	289.0	290.0	291.0	292.0	293.0	294.0	295.0	296.0	297.0	298.0	298.0	299.0	300.0	301.0
4998.4951358032395
