5431.977607739412	300.0	2000.0	205.69087581490456	0	0.0	5431.977607739412	1	0	tensor(3)	-1.7728561829616751
6009.857567887163	1000.0	2422.1200398522496	0.0	0	0.0	5431.977607739413	1	0	tensor(3)	-0.5431977607739411
6563.440555097072	1000.0	2868.5370526423385	0.0	0	0.0	5431.977607739411	1	0	tensor(3)	0.6607750435519949
7380.055048063141	1000.0	3051.92255967627	0.0	0	0.0	5431.977607739411	1	0	tensor(3)	0.660775043551995
8507.311750462652	1000.0	2924.665857276761	0.0	0	0.0	3431.9776077394117	1	0	tensor(6)	-5.139224956448007
9315.27988599654	1000.0	3116.6977217428735	0.0	0	0.0	3431.9776077394126	1	0	tensor(3)	0.860775043551995
10390.457405031953	1000.0	3041.520202707462	0.0	0	0.0	3431.9776077394135	1	0	tensor(3)	0.8607750435519947
11897.573076430326	1000.0	2534.4045313090896	0.0	0	0.0	3431.9776077394145	1	0	tensor(3)	0.8607750435519947
13097.407633310488	1000.0	2334.569974428928	0.0	0	0.0	3431.9776077394126	1	0	tensor(3)	0.8607750435519947
14026.268017162643	1000.0	2405.709590576771	0.0	0	0.0	3431.9776077394126	1	0	tensor(3)	0.8607750435519947
14944.580605674642	1000.0	2487.3970020647703	0.0	0	0.0	3431.9776077394126	1	0	tensor(3)	0.8607750435519947
16064.592808369503	1000.0	2367.384799369909	0.0	0	0.0	3431.9776077394126	1	0	tensor(3)	0.8607750435519947
16897.446699134103	1000.0	2534.530908605311	0.0	0	0.0	3431.9776077394145	1	0	tensor(3)	0.8607750435519947
17651.357235912	1000.0	2780.6203718274114	0.0	0	0.0	3431.9776077394126	1	0	tensor(3)	0.8607750435519947
18588.017339521986	1000.0	2843.9602682174245	0.0	0	0.0	3431.9776077394126	1	0	tensor(3)	0.8607750435519947
19855.31187094881	1000.0	2576.6657367905977	0.0	0	0.0	3431.9776077394126	1	0	tensor(3)	0.8607750435519947
20580.344539027297	1000.0	2851.6330687121144	0.0	0	0.0	3431.977607739409	1	0	tensor(3)	0.8607750435519954
21434.87285429888	1000.0	2997.1047534405325	0.0	0	0.0	3431.977607739409	1	0	tensor(3)	0.8607750435519954
22363.26946795849	1000.0	3068.708139780925	0.0	0	0.0	3431.977607739409	1	0	tensor(3)	0.8607750435519954
23428.3021038736	1000.0	3003.6755038658175	0.0	0	0.0	3431.977607739409	1	0	tensor(3)	0.8607750435519954
24602.770317866907	1000.0	2829.207289872513	0.0	0	0.0	3431.977607739409	1	0	tensor(3)	0.8607750435519954
25816.542764405356	1000.0	2615.4348433340615	0.0	0	0.0	3431.977607739409	1	0	tensor(3)	0.8607750435519954
26641.36899643441	1000.0	2790.608611305006	0.0	0	0.0	3431.9776077394054	1	0	tensor(3)	0.8607750435519956
28630.058638065962	1000.0	1801.9189696734545	0.0	0	0.0	3431.9776077394054	1	0	tensor(3)	0.8607750435519956
29833.31542970722	1000.0	1598.6621780321927	0.0	0	0.0	3431.977607739409	1	0	tensor(3)	0.8607750435519954
31571.65382807546	1000.0	860.3237796639523	0.0	0	0.0	3431.977607739409	1	0	tensor(3)	0.8607750435519954
32615.500351174593	1000.0	816.4772565648244	0.0	0	0.0	3431.977607739409	1	0	tensor(3)	0.8607750435519954
33346.085926584594	1000.0	1085.8916811548224	0.0	0	0.0	3431.977607739409	1	0	tensor(3)	0.8607750435519956
34400.51327669759	1000.0	1031.4643310418226	0.0	0	0.0	3431.9776077394054	1	0	tensor(3)	0.8607750435519954
35377.56568986198	1000.0	1054.41191787744	0.0	0	0.0	3431.9776077394163	1	0	tensor(3)	0.8607750435519952
36508.350172638675	1000.0	923.6274351007345	0.0	0	0.0	3431.9776077394126	1	0	tensor(3)	0.8607750435519947
37833.405444829325	1000.0	598.5721629100893	0.0	0	0.0	3431.9776077394126	1	0	tensor(3)	0.8607750435519947
38885.38821339221	500.0	546.5893943472031	0.0	0	0.0	3431.9776077394126	1	0	tensor(3)	-0.525519317567896
40114.55022093842	500.0	465.1828567801468	147.75546997916229	0	0.0	3579.7330777185707	1	0	tensor(3)	-0.73368050388084
41069.172898669494	1000.0	523.8951953308136	13.335016281742242	0	0.0	3593.068094000315	1	0	tensor(3)	0.07150871667550585
42502.79319652654	1000.0	200.0	109.72510252623223	0	0.0	3702.793196526545	1	0	tensor(3)	0.17617151454951668
43262.73067107748	500.0	569.7511003560062	129.68857490694285	0	0.0	3832.481771433486	1	0	tensor(3)	-1.3437011833789605
44392.60067838872	500.0	439.8810930447562	0.0	0	0.0	3832.481771433486	1	0	tensor(3)	0.1275774466226421
45358.64358136193	500.0	534.6678007332379	60.829610661687184	0	0.0	3893.3113820951694	1	0	tensor(3)	-0.24348317841364941
46143.10515772004	500.0	750.2062243751303	0.0	0	0.0	3893.3113820951694	1	0	tensor(3)	0.12149448555647376
47405.742545280395	1000.0	487.5688368147806	0.0	0	0.0	3893.3113820951694	1	0	tensor(3)	0.12149448555647377
48501.75549462042	1000.0	468.37330921163255	76.81742173687785	0	0.0	3970.1288038320563	1	0	tensor(3)	0.3460553935214634
49276.72791444297	1000.0	693.4008893890757	0.0	0	0.0	3970.1288038320563	1	0	tensor(3)	0.8069599239427305
50373.260043423856	1000.0	596.8687604081929	0.0	0	0.0	3970.1288038320563	1	0	tensor(3)	0.8069599239427305
51320.26466690518	1000.0	649.8641369268557	0.0	0	0.0	3970.128803832049	1	0	tensor(3)	0.8069599239427314
52205.55771558406	1000.0	764.5710882479864	0.0	0	0.0	3970.1288038320563	1	0	tensor(3)	0.8069599239427305
53027.13067413106	1000.0	942.9981297009844	0.0	0	0.0	3970.1288038320563	1	0	tensor(3)	0.8069599239427305
53749.99587227051	1000.0	1220.1329315615405	0.0	0	0.0	3970.1288038320563	1	0	tensor(3)	0.8069599239427305
54631.445542882364	1000.0	1338.6832609496964	0.0	0	0.0	3970.1288038320636	1	0	tensor(3)	0.8069599239427299
55654.109973945604	1000.0	1316.0188298864502	0.0	0	0.0	3970.1288038320636	1	0	tensor(3)	0.8069599239427299
56482.28743012058	1000.0	1487.841373711468	0.0	0	0.0	3970.1288038320636	1	0	tensor(3)	0.8069599239427299
57571.677367654454	1000.0	1398.4514361775855	0.0	0	0.0	3970.1288038320636	1	0	tensor(3)	0.8069599239427299
58626.795207370174	1000.0	1343.3335964618634	0.0	0	0.0	3970.1288038320636	1	0	tensor(3)	0.8069599239427299
59656.09721043684	1000.0	1314.0315933952068	0.0	0	0.0	3970.1288038320636	1	0	tensor(3)	0.8069599239427299
60515.29964953628	1000.0	1454.8291542957616	0.0	0	0.0	3970.1288038320563	1	0	tensor(3)	0.8069599239427305
61312.5495838581	1000.0	1657.5792199739506	0.0	0	0.0	3970.128803832049	1	0	tensor(3)	0.8069599239427314
62437.907857424696	1000.0	1532.220946407351	0.0	0	0.0	3970.1288038320417	1	0	tensor(3)	0.8069599239427319
63142.64997957079	1000.0	1827.4788242612597	0.0	0	0.0	3970.1288038320417	1	0	tensor(3)	0.8069599239427319
64324.43502690304	1000.0	1645.6937769290075	0.0	0	0.0	3970.1288038320345	1	0	tensor(3)	0.8069599239427327
65438.335003967586	1000.0	1531.7937998644602	0.0	0	0.0	3970.1288038320345	1	0	tensor(3)	0.8069599239427327
66324.24440830597	1000.0	1645.8843955260882	0.0	0	0.0	3970.1288038320417	1	0	tensor(3)	0.8069599239427323
67328.78415260802	1000.0	1641.3446512240598	0.0	0	0.0	3970.1288038320563	1	0	tensor(3)	0.8069599239427312
68210.22076654894	1000.0	1759.908037283133	0.0	0	0.0	3970.128803832049	1	0	tensor(3)	0.806959923942731
68787.15991731528	1000.0	2182.9688865167886	0.0	0	0.0	3970.128803832049	1	0	tensor(3)	0.8069599239427314
69673.95013782081	1000.0	2296.178666011267	0.0	0	0.0	3970.128803832049	1	0	tensor(3)	0.8069599239427316
70441.9658885531	1000.0	2528.1629152789783	0.0	0	0.0	3970.1288038320636	1	0	tensor(3)	0.8069599239427299
71500.01079048448	1000.0	2470.11801334759	0.0	0	0.0	3970.128803832078	1	0	tensor(3)	0.8069599239427283
73055.70852699783	1000.0	1914.4202768342352	0.0	0	0.0	3970.128803832078	1	0	tensor(3)	0.8069599239427283
74285.76557231839	1000.0	1684.3632315136877	0.0	0	0.0	3970.128803832078	1	0	tensor(3)	0.8069599239427283
75408.10831357232	1000.0	1562.0204902597677	0.0	0	0.0	3970.128803832078	1	0	tensor(3)	0.8069599239427283
76201.24097714388	1000.0	1768.8878266881925	0.0	0	0.0	3970.1288038320927	1	0	tensor(3)	0.806959923942727
76835.62628337464	1000.0	2134.502520457417	0.0	0	0.0	3970.1288038320927	1	0	tensor(3)	0.806959923942727
77878.78970468591	1000.0	2091.339099146136	0.0	0	0.0	3970.128803832078	1	0	tensor(3)	0.8069599239427283
79120.27439462778	1000.0	1849.8544092042603	0.0	0	0.0	3970.1288038320636	1	0	tensor(3)	0.8069599239427299
80381.84558103653	1000.0	1588.283222795523	0.0	0	0.0	3970.1288038320636	1	0	tensor(3)	0.8069599239427299
81831.31952960828	1000.0	1138.8092742237563	0.0	0	0.0	3970.128803832049	1	0	tensor(3)	0.8069599239427314
82894.01386171168	1000.0	1076.114942120357	0.0	0	0.0	3970.128803832049	1	0	tensor(3)	0.8069599239427314
83773.89743015124	1000.0	1196.2313736807941	0.0	0	0.0	3970.1288038320636	1	0	tensor(3)	0.8069599239427299
85014.86803805282	1000.0	955.2607657792045	0.0	0	0.0	3970.1288038320636	1	0	tensor(3)	0.8069599239427299
86106.14120621399	1000.0	863.9875976180439	0.0	0	0.0	3970.1288038320636	1	0	tensor(3)	0.8069599239427299
87208.46763481565	1000.0	761.6611690163836	0.0	0	0.0	3970.1288038320636	1	0	tensor(3)	0.8069599239427299
88032.27779409122	1000.0	937.851009740807	0.0	0	0.0	3970.128803832078	1	0	tensor(3)	0.8069599239427283
88759.14298566141	1000.0	1210.9858181706045	0.0	0	0.0	3970.1288038320636	1	0	tensor(3)	0.8069599239427299
89526.89678048533	1000.0	1443.232023346697	0.0	0	0.0	3970.1288038320636	1	0	tensor(3)	0.8069599239427299
90328.4163587078	1000.0	1641.712445124234	0.0	0	0.0	3970.1288038320636	1	0	tensor(3)	0.8069599239427299
91109.59559508465	1000.0	1860.533208747369	0.0	0	0.0	3970.1288038320636	1	0	tensor(3)	0.8069599239427299
92608.16448140022	1000.0	1361.9643224317838	0.0	0	0.0	3970.1288038320636	1	0	tensor(3)	0.8069599239427299
93643.6406447139	1000.0	1326.4881591181156	0.0	0	0.0	3970.1288038320636	1	0	tensor(3)	0.8069599239427299
94937.48237784667	1000.0	1032.6464259853494	0.0	0	0.0	3970.1288038320636	1	0	tensor(3)	0.8069599239427299
95596.07517936679	1000.0	1374.053624465238	0.0	0	0.0	3970.1288038320636	1	0	tensor(3)	0.8069599239427299
96346.82505211218	1000.0	1623.3037517198393	0.0	0	0.0	3970.1288038320636	1	0	tensor(3)	0.8069599239427299
97218.8357663919	1000.0	1751.2930374401117	0.0	0	0.0	3970.1288038320636	1	0	tensor(3)	0.8069599239427299
98099.0385813782	1000.0	1871.09022245378	0.0	0	0.0	3970.1288038320636	1	0	tensor(3)	0.8069599239427299
98844.29571541023	1000.0	2125.833088421746	0.0	0	0.0	3970.1288038320636	1	0	tensor(3)	0.8069599239427299
100084.52613943939	1000.0	1885.6026643925966	0.0	0	0.0	3970.1288038320636	1	0	tensor(3)	0.8069599239427299
101195.96555221955	1000.0	1774.1632516124353	0.0	0	0.0	3970.1288038320636	1	0	tensor(3)	0.8069599239427299
102627.22139992252	1000.0	1342.907403909451	0.0	0	0.0	3970.1288038320636	1	0	tensor(3)	0.8069599239427299
104085.138570675	1000.0	884.9902331569689	0.0	0	0.0	3970.1288038320636	1	0	tensor(3)	0.8069599239427299
105384.93208014275	1000.0	585.1967236892311	0.0	0	0.0	3970.1288038320636	1	0	tensor(3)	0.8069599239427299
106435.47948380423	1000.0	534.6493200277491	0.0	0	0.0	3970.128803832049	1	0	tensor(3)	0.8069599239427314
107559.58790585805	1000.0	486.56784001131604	76.02694203738257	0	0.0	4046.1557458694297	1	0	tensor(3)	0.3431955775146977
108757.86959821607	1000.0	288.28614765328143	0.0	0	0.0	4046.1557458694297	1	0	tensor(3)	0.799357229738993
109299.6054709547	500.0	746.5502749146527	0.0	0	0.0	4046.1557458694297	1	0	tensor(3)	-0.5869371313808978
110606.67530824768	1000.0	439.480437621693	0.0	0	0.0	4046.155745869444	1	0	tensor(3)	0.1062100491790463
111061.65929673985	500.0	984.4964491295376	0.0	0	0.0	4046.155745869444	1	0	tensor(3)	-0.5869371313808991
112115.79476123994	1000.0	930.3609846294314	0.0	0	0.0	4046.155745869444	1	0	tensor(3)	0.1062100491790463
113131.47486925438	1000.0	914.6808766149995	0.0	0	0.0	4046.155745869444	1	0	tensor(3)	0.7993572297389917
114824.7486751569	1000.0	221.4070707124827	0.0	0	0.0	4046.155745869444	1	0	tensor(3)	0.7993572297389917
115422.91386692983	500.0	730.6734514931687	107.43157255361987	0	0.0	4153.587318423073	1	0	tensor(3)	-1.2422697239579812
116379.25226034404	1000.0	774.3350580789465	0.0	0	0.0	4153.587318423088	1	0	tensor(3)	0.09546689192368196
117216.08120618571	1000.0	937.5061122372889	0.0	0	0.0	4153.587318423073	1	0	tensor(3)	0.7886140724836288
117842.43778143512	1000.0	1311.1495369878935	0.0	0	0.0	4153.587318423073	1	0	tensor(3)	0.7886140724836288
118378.31713796237	1000.0	1775.2701804606595	0.0	0	0.0	4153.587318423073	1	0	tensor(3)	0.7886140724836288
118894.5944565642	1000.0	2258.9928618588233	0.0	0	0.0	4153.587318423073	1	0	tensor(3)	0.7886140724836288
119805.63333201868	1000.0	2347.9539864043345	0.0	0	0.0	4153.587318423073	1	0	tensor(3)	0.7886140724836288
121261.32392795182	1000.0	1892.2633904711972	0.0	0	0.0	4153.587318423073	1	0	tensor(3)	0.7886140724836288
122514.58907534734	1000.0	1638.9982430756809	0.0	0	0.0	4153.587318423059	1	0	tensor(3)	0.7886140724836304
123437.1240036809	1000.0	1716.4633147421212	0.0	0	0.0	4153.587318423073	1	0	tensor(3)	0.7886140724836288
124172.77594882507	1000.0	1980.8113695979655	0.0	0	0.0	4153.587318423073	1	0	tensor(3)	0.7886140724836288
125301.62702773775	1000.0	1851.9602906852813	0.0	0	0.0	4153.587318423059	1	0	tensor(3)	0.7886140724836304
126441.92703500159	1000.0	1711.660283421447	0.0	0	0.0	4153.587318423059	1	0	tensor(3)	0.7886140724836304
127510.76716141359	1000.0	1642.8201570094404	0.0	0	0.0	4153.587318423044	1	0	tensor(3)	0.7886140724836317
129161.94557299251	1000.0	991.6417454305047	0.0	0	0.0	4153.5873184230295	1	0	tensor(3)	0.7886140724836332
131150.79902409477	1000.0	200.0	197.2117056717467	0	0.0	4350.799024094769	1	0	tensor(3)	-0.4039001040055173
132301.38898411463	500.0	386.5559212579135	337.14588127778677	0	0.0	4687.94490537254	1	0	tensor(3)	-2.6739913349979307
133121.6715774758	500.0	587.5999460230519	21.326618126285155	0	0.0	4709.271523498828	1	0	tensor(3)	-0.08806123734160368
134094.81907051112	500.0	614.4524529876992	0.0	0	0.0	4709.271523498814	1	0	tensor(3)	0.03989847141610875
135242.12772585163	1000.0	467.14379764717444	0.0	0	0.0	4709.271523498799	1	0	tensor(3)	0.03989847141611147
135807.9330357793	1000.0	901.3384877194703	0.0	0	0.0	4709.271523498755	1	0	tensor(3)	0.7330456519760593
136571.1790622805	1000.0	1138.092461218251	0.0	0	0.0	4709.271523498755	1	0	tensor(3)	0.7330456519760606
137792.63824817914	1000.0	916.633275319615	0.0	0	0.0	4709.271523498755	1	0	tensor(3)	0.7330456519760606
138800.73103975184	1000.0	908.5404837468724	0.0	0	0.0	4709.271523498755	1	0	tensor(3)	0.7330456519760606
140400.1787777677	1000.0	421.18307314485526	112.09032741381179	0	0.0	4821.361850912566	1	0	tensor(3)	0.04929465475180872
141255.07743990488	1000.0	566.2844110076817	0.0	0	0.0	4821.361850912566	1	0	tensor(3)	0.7218366192346795
142513.19745914754	1000.0	379.1671183464447	71.00272658141785	0	0.0	4892.36457749398	1	0	tensor(3)	0.2887199870880312
143232.54146443415	1000.0	659.8231130598449	0.0	0	0.0	4892.36457749398	1	0	tensor(3)	0.7147363465765383
144473.91030998764	1000.0	418.4542675063369	0.0	0	0.0	4892.36457749398	1	0	tensor(3)	0.7147363465765383
145091.0301360429	500.0	801.3344414510522	0.0	0	0.0	4892.36457749398	1	0	tensor(3)	-0.6715580145433525
146335.8625235149	1000.0	556.5020539790389	0.0	0	0.0	4892.36457749398	1	0	tensor(3)	0.021589166016592887
147075.87719476756	500.0	816.4873827263655	0.0	0	0.0	4892.36457749398	1	0	tensor(3)	-0.6715580145433525
148179.45853491087	1000.0	712.9060425830587	0.0	0	0.0	4892.36457749398	1	0	tensor(3)	0.021589166016592887
149065.94539846308	1000.0	826.4191790308311	0.0	0	0.0	4892.36457749398	1	0	tensor(3)	0.7147363465765383
149980.5882704408	1000.0	911.7763070530759	0.0	0	0.0	4892.36457749398	1	0	tensor(3)	0.7147363465765383
151399.71782709236	1000.0	492.6467504015402	0.0	0	0.0	4892.36457749398	1	0	tensor(3)	0.7147363465765383
151936.14534583117	500.0	956.2192316627433	0.0	0	0.0	4892.364577494009	1	0	tensor(3)	-0.6715580145433557
153011.540197528	1000.0	880.8243799659538	0.0	0	0.0	4892.364577494009	1	0	tensor(3)	0.02158916601658989
154162.43026504148	1000.0	729.9343124524997	0.0	0	0.0	4892.364577494038	1	0	tensor(3)	0.7147363465765323
154855.74373209703	1000.0	1036.6208453969539	0.0	0	0.0	4892.364577494009	1	0	tensor(3)	0.7147363465765353
155694.58881604293	1000.0	1197.7757614510226	0.0	0	0.0	4892.364577494009	1	0	tensor(3)	0.7147363465765353
156857.464251642	1000.0	1034.9003258519301	0.0	0	0.0	2892.3645774940087	1	0	tensor(6)	-5.085263653423463
157658.06732740396	1000.0	1234.2972500899857	0.0	0	0.0	2892.3645774940087	1	0	tensor(3)	0.9147363465765352
158653.07332712985	1000.0	1239.2912503641105	0.0	0	0.0	2892.3645774939796	1	0	tensor(3)	0.9147363465765381
159789.45464333598	1000.0	1102.9099341579747	0.0	0	0.0	2892.3645774939796	1	0	tensor(3)	0.9147363465765381
160907.88018188064	1000.0	984.4843956132929	0.0	0	0.0	2892.3645774939796	1	0	tensor(3)	0.9147363465765381
161913.87191106228	1000.0	978.4926664316191	0.0	0	0.0	2892.3645774939796	1	0	tensor(3)	0.9147363465765381
162904.5122964207	1000.0	987.8522810732063	0.0	0	0.0	2892.3645774939796	1	0	tensor(3)	0.9147363465765381
164150.80719524084	1000.0	741.5573822530437	0.0	0	0.0	2892.3645774939796	1	0	tensor(3)	0.9147363465765381
165333.11878930242	1000.0	559.2457881914339	0.0	0	0.0	2892.3645774939505	1	0	tensor(3)	0.9147363465765411
166105.399199109	1000.0	786.9653783848207	0.0	0	0.0	2892.3645774939214	1	0	tensor(3)	0.9147363465765422
166978.98634639036	1000.0	913.3782311034737	0.0	0	0.0	2892.3645774939214	1	0	tensor(3)	0.914736346576544
167820.99308442837	1000.0	1071.3714930654892	0.0	0	0.0	2892.3645774939505	1	0	tensor(3)	0.9147363465765411
168561.1659820768	1000.0	1331.1985954170295	0.0	0	0.0	2892.3645774939214	1	0	tensor(3)	0.914736346576544
169373.86157222043	1000.0	1518.503005273427	0.0	0	0.0	2892.3645774939214	1	0	tensor(3)	0.914736346576544
170188.93891985322	1000.0	1703.4256576406494	0.0	0	0.0	2892.3645774939505	1	0	tensor(3)	0.9147363465765411
171054.09743445728	1000.0	1838.2671430366358	0.0	0	0.0	2892.3645774939505	1	0	tensor(3)	0.9147363465765411
171871.9364399399	1000.0	2020.4281375540345	0.0	0	0.0	2892.3645774939505	1	0	tensor(3)	0.9147363465765411
173021.5631168925	1000.0	1870.801460601443	0.0	0	0.0	2892.3645774939505	1	0	tensor(3)	0.9147363465765411
174001.79536323898	1000.0	1890.569214254982	0.0	0	0.0	2892.3645774939505	1	0	tensor(3)	0.9147363465765411
174978.79280317467	1000.0	1913.5717743193031	0.0	0	0.0	2892.3645774939505	1	0	tensor(3)	0.9147363465765435
176535.84877316136	1000.0	1356.515804332634	0.0	0	0.0	2892.3645774939796	1	0	tensor(3)	0.9147363465765381
178371.09362006266	1000.0	521.2709574313478	0.0	0	0.0	2892.364577494038	1	0	tensor(3)	0.9147363465765335
180259.49823069843	1000.0	200.0	567.1336532044141	0	0.0	3459.498230698431	1	0	tensor(3)	-2.5353245005738767
180794.17344269753	500.0	748.491593265898	83.16680526501344	0	0.0	3542.665035963437	1	0	tensor(3)	-1.0355888919803788
182070.01786443882	1000.0	472.64717152457365	0.0	0	0.0	3542.6650359633786	1	0	tensor(3)	0.15655912016965057
182906.5248852872	1000.0	636.1401506762317	0.0	0	0.0	3542.6650359634077	1	0	tensor(3)	0.8497063007295955
183658.02117991706	1000.0	884.6438560463563	0.0	0	0.0	3542.6650359634077	1	0	tensor(3)	0.8497063007295955
184607.4930171719	1000.0	935.1720187915232	0.0	0	0.0	3542.6650359634077	1	0	tensor(3)	0.8497063007295955
186021.45529844105	1000.0	521.2097375223683	0.0	0	0.0	3542.6650359634077	1	0	tensor(3)	0.8497063007295955
187997.05631231677	1000.0	200.0	654.3912763533386	0	0.0	4197.056312316767	1	0	tensor(3)	-3.1319897938895016
189180.89690092683	500.0	428.7038887479662	412.54447735804274	0	0.0	4609.600789674791	1	0	tensor(3)	-3.118548499909692
190000.45946223135	500.0	613.0217200191335	3.8803925756432136	0	0.0	4613.481182250427	1	0	tensor(3)	0.026195150087086366
190805.76835142262	500.0	807.7128308278398	0.0	0	0.0	4613.481182250427	1	0	tensor(3)	0.049477505540947916
191552.03595089423	500.0	1061.4452313562488	0.0	0	0.0	4613.481182250427	1	0	tensor(3)	0.049477505540947916
192171.33402627183	500.0	1442.1471559786619	0.0	0	0.0	4613.481182250427	1	0	tensor(3)	0.049477505540947916
194431.57764455237	1000.0	200.0	18.096462301866495	0	0.0	4631.577644552279	1	0	tensor(3)	-0.05946319751628801
195300.97930865185	500.0	648.620971543386	318.02263564286926	0	0.0	4949.600280195242	1	0	tensor(3)	-2.5854173986706943
195760.48903045728	500.0	1189.1112497379236	0.0	0	0.0	4949.600280195242	1	0	tensor(3)	0.01586559574646651
196718.37646023327	1000.0	1231.2238199619226	0.0	0	0.0	4949.600280195242	1	0	tensor(3)	0.01586559574646651
197931.56932222794	1000.0	1018.0309579672427	0.0	0	0.0	4949.600280195242	1	0	tensor(3)	0.7090127763064119
198756.74320477678	1000.0	1192.8570754184148	0.0	0	0.0	4949.600280195242	1	0	tensor(3)	0.7090127763064119
199470.64758519182	1000.0	1478.9526950033794	0.0	0	0.0	4949.600280195213	1	0	tensor(3)	0.7090127763064148
200148.78876378835	1000.0	1800.8115164068618	0.0	0	0.0	4949.600280195213	1	0	tensor(3)	0.7090127763064148
200624.69539076684	1000.0	2324.9048894283897	0.0	0	0.0	4949.600280195213	1	0	tensor(3)	0.7090127763064148
201299.61080260927	1000.0	2649.98947758595	0.0	0	0.0	4949.600280195213	1	0	tensor(3)	0.7090127763064148
202316.64099685333	1000.0	2632.959283341915	0.0	0	0.0	2949.6002801952127	1	0	tensor(6)	-5.090987223693585
203200.0	1000.0	2749.600280195254	0.0	0	198.52143687588978	2949.6002801951836	1	0	tensor(3)	0.9090127763064177
204200.0	1000.0	2749.6002801952473	0.0	0	118.75141045544297	2949.6002801951836	1	0	tensor(3)	0.9090127763064177
205200.0	1000.0	2749.600280195236	0.0	0	323.7879401460232	2949.6002801951836	1	0	tensor(3)	0.9090127763064177
206390.11269493325	1000.0	2559.487585261949	0.0	0	0.0	2949.6002801951254	1	0	tensor(3)	0.9090127763064225
207200.0	1000.0	2749.600280195229	0.0	0	19.087590438110055	2949.6002801951545	1	0	tensor(3)	0.9090127763064206
208376.8034355005	1000.0	2572.7968446947216	0.0	0	0.0	2949.6002801951545	1	0	tensor(3)	0.9090127763064206
209736.46496049274	1000.0	2213.1353197024755	0.0	0	0.0	2949.6002801951545	1	0	tensor(3)	0.9090127763064206
210511.94282322688	1000.0	2437.657456968341	0.0	0	0.0	2949.6002801951545	1	0	tensor(3)	0.9090127763064206
211434.0722348168	1000.0	2515.5280453784076	0.0	0	0.0	2949.6002801951545	1	0	tensor(3)	0.9090127763064206
212200.0	1000.0	2749.6002801951836	0.0	0	27.198349995858734	2949.6002801951254	1	0	tensor(3)	0.9090127763064236
213200.0	1000.0	2749.6002801952004	0.0	0	259.76902888942277	2949.6002801951545	1	0	tensor(3)	0.9090127763064206
214200.0	1000.0	2749.6002801951977	0.0	0	214.6055897344777	2949.6002801951545	1	0	tensor(3)	0.9090127763064206
215200.0	1000.0	2749.600280195218	0.0	0	269.4441786071693	2949.6002801951545	1	0	tensor(3)	0.9090127763064206
216560.4252220301	1000.0	2389.1750581651318	0.0	0	0.0	2949.6002801951545	1	0	tensor(3)	0.9090127763064206
217258.04247919962	1000.0	2691.55780099566	0.0	0	0.0	2949.6002801951545	1	0	tensor(3)	0.9090127763064206
218576.20164415802	2000.0	2373.3986360372273	0.0	0	0.0	2949.6002801951545	1	0	tensor(3)	0.9090127763064206
219235.71975550012	1000.0	2713.8805246951383	0.0	0	0.0	2949.6002801951545	1	0	tensor(3)	0.21586559574647557
220322.19271664307	1000.0	2627.4075635521585	0.0	0	0.0	2949.6002801951545	1	0	tensor(3)	0.9090127763064206
221474.64348008146	1000.0	2474.956800113722	0.0	0	0.0	2949.6002801951545	1	0	tensor(3)	0.9090127763064206
222331.15174488275	1000.0	2618.4485353124455	0.0	0	0.0	2949.6002801951836	1	0	tensor(3)	0.9090127763064177
223470.155396166	1000.0	2479.444884029186	0.0	0	0.0	2949.6002801951545	1	0	tensor(3)	0.90901277630642
224786.61998125573	1000.0	2162.9802989394466	0.0	0	0.0	2949.6002801951545	1	0	tensor(3)	0.9090127763064206
225678.46204316133	1000.0	2271.1382370338356	0.0	0	0.0	2949.6002801951545	1	0	tensor(3)	0.9090127763064206
226548.60671534325	1000.0	2400.993564851913	0.0	0	0.0	2949.6002801951545	1	0	tensor(3)	0.9090127763064206
227533.80927911992	1000.0	2415.7910010752375	0.0	0	0.0	2949.6002801951836	1	0	tensor(3)	0.9090127763064177
228585.29466674014	1000.0	2364.305613455039	0.0	0	0.0	2949.6002801952127	1	0	tensor(3)	0.9090127763064149
230087.423255979	1000.0	1862.1770242161804	0.0	0	0.0	2949.600280195242	1	0	tensor(3)	0.9090127763064138
230839.3281196139	1000.0	2110.272160581291	0.0	0	0.0	2949.600280195242	1	0	tensor(3)	0.909012776306412
231904.79520582917	1000.0	2044.8050743660124	0.0	0	0.0	2949.600280195242	1	0	tensor(3)	0.909012776306412
232982.5836905262	1000.0	1967.0165896689825	0.0	0	0.0	2949.600280195271	1	0	tensor(3)	0.9090127763064113
234332.94799168664	1000.0	1616.6522885085365	0.0	0	0.0	2949.600280195242	1	0	tensor(3)	0.9090127763064102
235464.57856665205	1000.0	1485.0217135431114	0.0	0	0.0	2949.600280195242	1	0	tensor(3)	0.909012776306412
236666.73872608301	1000.0	1282.8615541121546	0.0	0	0.0	2949.600280195242	1	0	tensor(3)	0.909012776306412
237536.31406477717	1000.0	1413.2862154180375	0.0	0	0.0	2949.600280195242	1	0	tensor(3)	0.909012776306412
238219.77766914343	1000.0	1729.822611051775	0.0	0	0.0	2949.6002801952127	1	0	tensor(3)	0.9090127763064149
238750.16151627863	1000.0	2199.438763916539	0.0	0	0.0	2949.6002801952127	1	0	tensor(3)	0.9090127763064149
239720.8681252805	1000.0	2228.7321549146413	0.0	0	0.0	2949.6002801952127	1	0	tensor(3)	0.9090127763064149
241276.16673545737	1000.0	1673.4335447377664	0.0	0	0.0	2949.6002801952127	1	0	tensor(3)	0.9090127763064149
242771.4322011311	1000.0	1178.1680790640185	0.0	0	0.0	2949.6002801952127	1	0	tensor(3)	0.9090127763064149
244054.4880002762	1000.0	895.1122799189109	0.0	0	0.0	2949.600280195242	1	0	tensor(3)	0.909012776306412
244783.8637157676	1000.0	1165.7365644274903	0.0	0	0.0	2949.600280195242	1	0	tensor(3)	0.909012776306412
245701.4071555918	1000.0	1248.1931246032927	0.0	0	0.0	2949.6002801952127	1	0	tensor(3)	0.9090127763064149
246593.03385489483	1000.0	1356.56642530025	0.0	0	0.0	2949.6002801951836	1	0	tensor(3)	0.9090127763064177
247469.74297707187	1000.0	1479.8573031232013	0.0	0	0.0	2949.6002801951545	1	0	tensor(3)	0.9090127763064206
248564.82884034814	1000.0	1384.7714398469489	0.0	0	0.0	2949.6002801951545	1	0	tensor(3)	0.9090127763064206
249620.50694913432	1000.0	1329.0933310607547	0.0	0	0.0	2949.6002801951545	1	0	tensor(3)	0.9090127763064206
250839.80554328894	1000.0	1109.7947369061485	0.0	0	0.0	2949.6002801951545	1	0	tensor(3)	0.9090127763064206
251860.58438892584	1000.0	1089.0158912692532	0.0	0	0.0	2949.6002801951254	1	0	tensor(3)	0.9090127763064236
253336.72979962057	1000.0	612.8704805745216	0.0	0	0.0	2949.6002801951254	1	0	tensor(3)	0.9090127763064236
254565.05192757165	1000.0	422.1705524267163	37.62219980323252	0	0.0	2987.222479998396	1	0	tensor(3)	0.6795173575067014
255751.83369326344	1000.0	377.8002392609154	142.4114525259656	0	0.0	3129.6339325243607	1	0	tensor(3)	0.03654069591770648
256586.5735750435	1000.0	591.3719818844488	48.311624403610324	0	0.0	3177.945556927967	1	0	tensor(3)	0.5963085022114775
257652.33747079645	1000.0	525.6080861314848	0.0	0	0.0	3177.945556927938	1	0	tensor(3)	0.8861782486331424
258987.79849880657	1000.0	307.04047991227515	116.89342179091068	0	0.0	3294.83897871885	1	0	tensor(3)	0.17312837570858708
259995.43394568792	1000.0	482.28356402227956	182.8785309913667	0	0.0	3477.717509710201	1	0	tensor(3)	-0.24107013259328414
260994.51626605378	1000.0	500.21902505873015	17.017781402300955	0	0.0	3494.7352911125054	1	0	tensor(3)	0.7523925868008798
262145.1444209262	1000.0	352.43437728369656	2.8435070974038013	0	0.0	3497.578798209928	1	0	tensor(3)	0.8371538819205229
263575.9808676428	1000.0	249.49671283575532	327.8987822686124	0	0.0	3825.4775804785313	1	0	tensor(3)	-1.14594495166725
264180.9583027287	500.0	779.7309258363459	135.21164808654692	0	0.0	3960.689228565054	1	0	tensor(3)	-1.3896603681697433
264952.23008095095	1000.0	1008.4591476140691	0.0	0	0.0	3960.6892285650247	1	0	tensor(3)	0.11475670090948703
266037.8444203353	1000.0	922.8448082296974	0.0	0	0.0	3960.6892285649956	1	0	tensor(3)	0.8079038814694331
266730.1850753669	1000.0	1230.5041531980582	0.0	0	0.0	3960.6892285650247	1	0	tensor(3)	0.8079038814694337
267415.7869423579	1000.0	1544.902286207076	0.0	0	0.0	3960.6892285650247	1	0	tensor(3)	0.8079038814694337
268297.98335643054	1000.0	1662.7058721344645	0.0	0	0.0	3960.6892285650247	1	0	tensor(3)	0.8079038814694337
269365.2996002641	1000.0	1595.3896283009617	0.0	0	0.0	3960.689228565083	1	0	tensor(3)	0.8079038814694302
271105.2977483251	1000.0	855.3914802399883	0.0	0	0.0	3960.689228565083	1	0	tensor(3)	0.8079038814694278
272295.20229140535	1000.0	665.4869371596858	0.0	0	0.0	3960.6892285650247	1	0	tensor(3)	0.8079038814694337
273226.03721408313	1000.0	734.6520144819244	0.0	0	0.0	3960.689228565083	1	0	tensor(3)	0.8079038814694302
274441.47671229625	1000.0	519.2125162687929	0.0	0	0.0	3960.689228565083	1	0	tensor(3)	0.8079038814694278
275699.843548013	1000.0	379.25065485505814	118.40497430303213	0	0.0	4079.0942028681166	1	0	tensor(3)	0.08563353822093178
277000.59432049113	1000.0	244.0688513289349	165.5689689520545	0	0.0	4244.66317182011	1	0	tensor(3)	-0.21390732656840633
277856.76445419696	500.0	582.0191121927038	194.12039456959752	0	0.0	4438.7835663896985	1	0	tensor(3)	-1.7909222808505096
278564.29719299666	500.0	874.4863733930183	0.0	0	0.0	4438.783566389757	1	0	tensor(3)	0.06694726712701507
279806.4488045724	500.0	632.3347618172407	0.0	0	0.0	4438.783566389757	1	0	tensor(3)	0.06694726712701507
280789.83987448603	500.0	648.9436919035218	0.0	0	0.0	4438.7835663896985	1	0	tensor(3)	0.06694726712702083
281828.9778548419	500.0	609.8057115476217	0.0	0	0.0	4438.7835663896985	1	0	tensor(3)	0.06694726712702083
282762.56207834894	500.0	676.2214880406013	0.0	0	0.0	4438.7835663896985	1	0	tensor(3)	0.06694726712702083
283440.5224954139	500.0	998.261070975635	0.0	0	0.0	4438.783566389757	1	0	tensor(3)	0.06694726712701507
284431.8216963744	1000.0	1006.9618700151591	0.0	0	0.0	4438.783566389815	1	0	tensor(3)	0.0669472671270093
285125.6842538567	1000.0	1313.099312532885	0.0	0	0.0	4438.783566389815	1	0	tensor(3)	0.7600944476869547
286461.6378709578	1000.0	977.1456954318515	0.0	0	0.0	4438.783566389815	1	0	tensor(3)	0.7600944476869547
287921.79543811624	1000.0	516.9881282734164	0.0	0	0.0	4438.783566389873	1	0	tensor(3)	0.7600944476869488
288889.7774053293	500.0	549.0061610603968	0.0	0	0.0	4438.783566389873	1	0	tensor(3)	-0.6261999134329421
289311.14459523984	500.0	1127.6389711498982	0.0	0	0.0	4438.783566389873	1	0	tensor(3)	0.06694726712700334
290395.7053045618	1000.0	1043.078261827993	0.0	0	0.0	4438.783566389873	1	0	tensor(3)	0.06694726712700336
291484.6478726355	1000.0	954.1356937543339	0.0	0	0.0	4438.783566389815	1	0	tensor(3)	0.7600944476869547
292378.3356681123	1000.0	1060.447898277479	0.0	0	0.0	4438.783566389815	1	0	tensor(3)	0.7600944476869547
293474.56041241536	1000.0	964.2231539744333	0.0	0	0.0	4438.783566389815	1	0	tensor(3)	0.7600944476869547
294516.13317642856	1000.0	922.650389961261	0.0	0	0.0	4438.783566389815	1	0	tensor(3)	0.7600944476869547
295913.4381339048	1000.0	525.3454324849798	0.0	0	0.0	4438.783566389873	1	0	tensor(3)	0.7600944476869488
296357.93198967795	500.0	1080.8515767119236	0.0	0	0.0	4438.783566389873	1	0	tensor(3)	-0.6261999134329421
297224.80022956233	1000.0	1213.983336827547	0.0	0	0.0	4438.783566389873	1	0	tensor(3)	0.06694726712700336
297920.16503263835	1000.0	1518.6185337515944	0.0	0	0.0	4438.783566389873	1	0	tensor(3)	0.7600944476869488
298993.3406779951	1000.0	1445.442888394814	0.0	0	0.0	4438.783566389931	1	0	tensor(3)	0.760094447686943
300388.4598459396	1000.0	1050.3237204503976	0.0	0	0.0	4438.783566389931	1	0	tensor(3)	0.760094447686943
301370.86663763586	1000.0	1067.9169287541022	0.0	0	0.0	4438.783566390048	1	0	tensor(3)	0.7600944476869326
303040.3354684045	1000.0	398.4480979853925	0.0	0	0.0	4438.783566390106	1	0	tensor(3)	0.7600944476869255
303789.0922368974	1000.0	649.6913294924921	0.0	0	0.0	4438.783566390106	1	0	tensor(3)	0.7600944476869255
304659.71917351586	1000.0	779.0643928741031	0.0	0	0.0	4438.783566390164	1	0	tensor(3)	0.7600944476869198
305425.17029410857	1000.0	1013.6132722813752	0.0	0	0.0	4438.783566390164	1	0	tensor(3)	0.7600944476869198
306332.8576029675	1000.0	1105.9259634224763	0.0	0	0.0	4438.783566390164	1	0	tensor(3)	0.7600944476869209
307361.29995007825	1000.0	1077.483616311665	0.0	0	0.0	4438.783566390106	1	0	tensor(3)	0.7600944476869255
308100.9537315463	1000.0	1337.8298348437029	0.0	0	0.0	4438.783566390164	1	0	tensor(3)	0.7600944476869198
309054.31701384916	1000.0	1384.4665525408188	0.0	0	0.0	4438.783566390164	1	0	tensor(3)	0.7600944476869198
1.41	1.51	1.02	0.98	1.37	1.03	0.79	0.89	0.96	0.98	1.02	1.24	1.22	1.34	0.97	1.14	1.42	1.29	0.66	1.04	1.0	0.98	0.61	0.61	0.78	0.66	0.82	0.97	1.16	1.3	1.05	0.93	0.57	0.61	0.45	0.8	0.81	0.69	0.58	0.53	0.57	0.92	1.08	1.14	1.19	1.26	1.74	1.12	1.19	1.26	1.22	1.04	1.01	1.04	1.12	0.87	1.24	1.2	1.07	1.3	1.1	0.93	1.03	1.52	1.42	0.97	0.83	0.8	0.97	1.19	1.01	1.24	1.12	0.95	1.02	0.71	1.14	1.12	0.87	0.93	0.82	0.76	1.2	1.27	1.83	1.19	0.72	0.85	0.73	0.83	1.32	1.38	1.46	1.54	0.92	1.0	0.8	0.82	0.75	0.82	1.08	1.0	1.18	0.76	0.76	0.86	1.29	1.22	0.52	0.64	1.15	0.85	1.23	1.54	1.24	0.83	0.61	0.83	1.34	1.14	0.93	1.18	0.67	0.52	0.64	0.42	0.64	0.5	0.52	1.02	1.54	1.08	0.86	0.87	0.59	1.11	1.04	1.14	0.97	0.9	1.11	0.87	1.03	1.55	1.0	0.89	0.92	0.72	0.73	1.16	1.41	1.51	1.02	0.98	1.37	1.03	0.79	0.89	0.96	0.98	1.02	1.24	1.22	1.34	0.97	1.14	1.42	1.29	0.66	1.04	1.0	0.98	0.61	0.61	0.78	0.66	0.82	0.97	1.16	1.3	1.05	0.93	0.57	0.61	0.45	0.8	0.81	0.69	0.58	0.53	0.57	0.92	1.08	1.14	1.19	1.26	1.74	1.12	1.19	1.26	1.22	1.04	1.01	1.04	1.12	0.87	1.24	1.2	1.07	1.3	1.1	0.93	1.03	1.52	1.42	0.97	0.83	0.8	0.97	1.19	1.01	1.24	1.12	0.95	1.02	0.71	1.14	1.12	0.87	0.93	0.82	0.76	1.2	1.27	1.83	1.19	0.72	0.85	0.73	0.83	1.32	1.38	1.46	1.54	0.92	1.0	0.8	0.82	0.75	0.82	1.08	1.0	1.18	0.76	0.76	0.86	1.29	1.22	0.52	0.64	1.15	0.85	1.23	1.54	1.24	0.83	0.61	0.83	1.34	1.14	0.93	1.18	0.67	0.52	0.64	0.42	0.64	0.5	0.52	1.02	1.54	1.08	0.86	0.87	0.59	1.11	1.04	1.14	0.97	0.9	1.11	0.87	1.03	1.55	1.0	0.89	0.92	0.72	0.73	1.16	1.41	1.51	1.02	0.98	1.37	1.03	0.79	0.89
1.0	2.0	3.0	4.0	5.0	6.0	7.0	8.0	9.0	10.0	11.0	12.0	13.0	14.0	15.0	16.0	17.0	18.0	19.0	20.0	21.0	22.0	23.0	24.0	25.0	26.0	27.0	28.0	29.0	30.0	31.0	32.0	33.0	34.0	35.0	36.0	37.0	38.0	39.0	40.0	41.0	42.0	43.0	44.0	45.0	46.0	47.0	48.0	49.0	50.0	51.0	52.0	53.0	54.0	55.0	56.0	57.0	58.0	59.0	60.0	61.0	62.0	63.0	64.0	65.0	66.0	67.0	68.0	69.0	70.0	71.0	72.0	73.0	74.0	75.0	76.0	77.0	78.0	79.0	80.0	81.0	82.0	83.0	84.0	85.0	86.0	87.0	88.0	89.0	90.0	91.0	92.0	93.0	94.0	95.0	96.0	97.0	98.0	99.0	100.0	101.0	102.0	103.0	104.0	105.0	106.0	107.0	108.0	109.0	110.0	111.0	112.0	113.0	114.0	115.0	116.0	117.0	118.0	119.0	120.0	121.0	122.0	123.0	124.0	125.0	126.0	127.0	128.0	129.0	130.0	131.0	132.0	133.0	134.0	135.0	136.0	137.0	138.0	139.0	140.0	141.0	142.0	143.0	144.0	145.0	146.0	147.0	148.0	149.0	149.0	150.0	151.0	152.0	153.0	154.0	155.0	156.0	157.0	158.0	159.0	160.0	161.0	162.0	163.0	164.0	165.0	166.0	167.0	168.0	169.0	170.0	171.0	172.0	173.0	174.0	175.0	176.0	177.0	178.0	179.0	180.0	181.0	182.0	183.0	184.0	185.0	186.0	187.0	188.0	189.0	190.0	191.0	192.0	193.0	194.0	195.0	196.0	197.0	198.0	199.0	200.0	201.0	202.0	203.0	204.0	205.0	206.0	207.0	208.0	209.0	210.0	211.0	212.0	213.0	214.0	215.0	216.0	217.0	218.0	219.0	220.0	221.0	222.0	223.0	224.0	225.0	226.0	227.0	228.0	229.0	230.0	231.0	232.0	233.0	234.0	235.0	236.0	237.0	238.0	239.0	240.0	241.0	242.0	243.0	244.0	245.0	246.0	247.0	248.0	249.0	250.0	251.0	252.0	253.0	254.0	255.0	256.0	257.0	258.0	259.0	260.0	261.0	262.0	263.0	264.0	265.0	266.0	267.0	268.0	269.0	270.0	271.0	272.0	273.0	274.0	275.0	276.0	277.0	278.0	279.0	280.0	281.0	282.0	283.0	284.0	285.0	286.0	287.0	288.0	289.0	290.0	291.0	292.0	293.0	294.0	295.0	296.0	297.0	298.0	298.0	299.0	300.0	301.0	302.0	303.0	304.0	305.0	306.0
4934.023423440568
