3281.6012704014943	300.0	2000.0	157.09304026948394	0	0.0	3281.6012704014943	1	0	tensor(3)	-1.2675100626066156
3500.2682464250024	500.0	2781.333023976492	0.0	0	0.0	3281.601270401494	1	0	tensor(3)	-0.3281601270401495
4434.088577100123	3000.0	2847.5126933013707	0.0	0	0.0	3281.601270401494	1	0	tensor(3)	0.18266549672584176
5341.468195536736	2000.0	2940.1330748647583	0.0	0	0.0	3281.6012704014947	1	0	tensor(3)	1.1634947497375674
6362.5550561282	3000.0	2919.0462142732945	0.0	0	0.0	3281.6012704014947	1	0	tensor(3)	1.5689598578457318
7668.413617055399	3000.0	2613.1876533460954	0.0	0	0.0	3281.6012704014947	1	0	tensor(3)	1.9744249659538964
8590.608591203565	2000.0	2690.9926791979287	0.0	0	0.0	3281.601270401494	1	0	tensor(3)	1.1634947497375674
9552.840483057524	2000.0	2728.7607873439706	0.0	0	0.0	3281.601270401494	1	0	tensor(3)	1.568959857845732
10581.923134238565	3000.0	2699.67813616293	0.0	0	0.0	3281.6012704014947	1	0	tensor(3)	1.5689598578457318
11958.898351059082	2000.0	2322.7029193424123	0.0	0	0.0	3281.601270401494	1	0	tensor(3)	1.1634947497375674
13284.400036808474	2000.0	1997.2012335930185	0.0	0	0.0	3281.601270401492	1	0	tensor(3)	1.568959857845732
14469.600452041404	2000.0	1812.000818360089	0.0	0	0.0	3281.601270401492	1	0	tensor(3)	1.568959857845732
15407.199588704629	1000.0	1874.4016816968638	0.0	0	0.0	3281.60127040149	1	0	tensor(3)	0.18266549672584198
16264.832109400275	2000.0	2016.7691610012184	0.0	0	0.0	3281.6012704014884	1	0	tensor(3)	0.8758126772857874
17382.806052561387	2000.0	1898.7952178401088	0.0	0	0.0	3281.60127040149	1	0	tensor(3)	1.5689598578457324
18038.5066906494	2000.0	2243.0945797521026	0.0	0	0.0	3281.6012704014956	1	0	tensor(3)	1.568959857845732
18925.7987347612	3000.0	2355.8025356403014	0.0	0	0.0	3281.601270401494	1	0	tensor(3)	1.568959857845732
19979.480169546612	3000.0	2302.1211008548894	0.0	0	0.0	3281.601270401494	1	0	tensor(3)	1.9744249659538968
21034.22887168806	3000.0	2247.372398713439	0.0	0	0.0	3281.601270401494	1	0	tensor(3)	1.9744249659538968
21993.060412611732	3000.0	2288.540857789766	0.0	0	0.0	3281.601270401494	1	0	tensor(3)	1.9744249659538968
22773.765247335272	3000.0	2507.8360230662265	0.0	0	0.0	3281.601270401494	1	0	tensor(3)	1.9744249659538968
26421.105569104573	6000.0	200.0	339.50429870307323	0	0.0	3621.105569104573	1	0	tensor(3)	-0.07160807904716715
27455.47129269218	3000.0	464.2481053578159	298.61382894542	0	0.0	3919.719398049994	1	0	tensor(3)	-0.5742170010434182
28348.49594810156	3000.0	571.2234499484344	0.0	0	0.0	3919.719398049994	1	0	tensor(3)	1.9106131531890467
29027.338417852083	3000.0	892.3809801979091	0.0	0	0.0	3919.719398049994	1	0	tensor(3)	1.9106131531890467
29957.819091855163	3000.0	961.9003061948282	0.0	0	0.0	3919.719398049994	1	0	tensor(3)	1.9106131531890467
31395.758601354468	3000.0	523.9607966955155	0.0	0	0.0	3919.719398049994	1	0	tensor(3)	1.9106131531890467
32558.227502973197	3000.0	466.62598684076676	105.13409176398076	0	0.0	4024.8534898139624	1	0	tensor(3)	1.2692951934287653
33214.219737346924	3000.0	810.6337524670363	0.0	0	0.0	4024.8534898139587	1	0	tensor(3)	1.9000997440126497
33977.671203616075	3000.0	1047.1822861978883	0.0	0	0.0	4024.8534898139624	1	0	tensor(3)	1.9000997440126497
35009.09332430085	3000.0	1015.7601655131226	0.0	0	0.0	4024.8534898139696	1	0	tensor(3)	1.9000997440126492
35718.786971069305	3000.0	1306.0665187446673	0.0	0	0.0	4024.8534898139696	1	0	tensor(3)	1.900099744012649
36622.88910726637	3000.0	1401.9643825476005	0.0	0	0.0	4024.8534898139696	1	0	tensor(3)	1.9000997440126492
37373.73037742291	3000.0	1651.1231123910625	0.0	0	0.0	4024.8534898139696	1	0	tensor(3)	1.900099744012649
37911.55861801498	3000.0	2113.2948717989884	0.0	0	0.0	4024.8534898139696	1	0	tensor(3)	1.900099744012649
39204.73475436444	3000.0	1820.1187354495241	0.0	0	0.0	4024.853489813977	1	0	tensor(3)	1.9000997440126484
40863.39688009095	3000.0	1161.4566097230243	0.0	0	0.0	4024.853489813977	1	0	tensor(3)	1.9000997440126484
41850.30760676441	2000.0	1174.5458830495618	0.0	0	0.0	4024.853489813984	1	0	tensor(3)	1.0891695277963183
42742.47616077847	2000.0	1282.3773290354943	0.0	0	0.0	4024.853489813984	1	0	tensor(3)	1.4946346359044829
43710.212497889625	2000.0	1314.6409919243365	0.0	0	0.0	4024.853489813984	1	0	tensor(3)	1.4946346359044829
44829.161068801855	2000.0	1195.6924210121097	0.0	0	0.0	4024.853489813984	1	0	tensor(3)	1.4946346359044829
45627.82804635914	2000.0	1397.0254434548206	0.0	0	0.0	4024.853489813977	1	0	tensor(3)	1.4946346359044835
46512.57208396171	2000.0	1512.2814058522517	0.0	0	0.0	4024.853489813977	1	0	tensor(3)	1.4946346359044835
47155.52928440886	2000.0	1869.3242054051134	0.0	0	0.0	4024.8534898139696	1	0	tensor(3)	1.4946346359044842
47898.200123712944	2000.0	2126.653366101037	0.0	0	0.0	4024.8534898139696	1	0	tensor(3)	1.4946346359044842
49162.246425395766	2000.0	1862.6070644182169	0.0	0	0.0	4024.8534898139696	1	0	tensor(3)	1.4946346359044842
50387.00584434034	2000.0	1637.8476454736458	0.0	0	0.0	4024.8534898139696	1	0	tensor(3)	1.4946346359044842
51599.88341193105	2000.0	1424.970077882936	0.0	0	0.0	4024.8534898139696	1	0	tensor(3)	1.4946346359044842
52460.2723698288	2000.0	1564.5811199851842	0.0	0	0.0	4024.8534898139696	1	0	tensor(3)	1.4946346359044842
53407.294931685414	2000.0	1617.5585581285734	0.0	0	0.0	4024.8534898139696	1	0	tensor(3)	1.4946346359044842
54454.751617599715	2000.0	1570.1018722142815	0.0	0	0.0	4024.853489813977	1	0	tensor(3)	1.494634635904484
55065.33908622992	2000.0	1959.514403584071	0.0	0	0.0	4024.853489813977	1	0	tensor(3)	1.4946346359044835
55628.039972773484	2000.0	2396.8135170405117	0.0	0	0.0	4024.853489813984	1	0	tensor(3)	1.4946346359044829
56544.85676106723	3000.0	2479.99672874676	0.0	0	0.0	4024.853489813984	1	0	tensor(3)	1.494634635904483
57627.74815085486	3000.0	2397.105338959132	0.0	0	0.0	4024.853489813984	1	0	tensor(3)	1.9000997440126477
59040.14453383723	3000.0	1984.7089559767683	0.0	0	0.0	4024.853489813984	1	0	tensor(3)	1.9000997440126477
60816.41220551966	3000.0	1208.4412842943407	0.0	0	0.0	4024.853489813984	1	0	tensor(3)	1.9000997440126477
61797.726686412745	2000.0	1227.1268034012553	0.0	0	0.0	4024.853489813984	1	0	tensor(3)	1.0891695277963183
62394.1283187084	2000.0	1630.725171105607	0.0	0	0.0	4024.853489813984	1	0	tensor(3)	1.4946346359044829
62991.77907797427	2000.0	2033.0744118397358	0.0	0	0.0	4024.8534898139915	1	0	tensor(3)	1.494634635904482
64115.28950918312	3000.0	1909.563980630882	0.0	0	0.0	4024.8534898139915	1	0	tensor(3)	1.4946346359044822
65842.68679144834	3000.0	1182.1666983656598	0.0	0	0.0	4024.8534898139915	1	0	tensor(3)	1.9000997440126468
66400.04808117406	1000.0	1624.8054086399534	0.0	0	0.0	2024.8534898139987	1	0	tensor(6)	-6.097124833323573
67308.33551221433	2000.0	1716.5179775996903	0.0	0	0.0	2024.853489814006	1	0	tensor(3)	1.0014874553445359
69080.47872176733	2000.0	944.3747680466757	0.0	0	0.0	2024.8534898139915	1	0	tensor(3)	1.6946346359044822
69742.47846510186	1000.0	1282.3750247121523	0.0	0	0.0	2024.853489814006	1	0	tensor(3)	0.30834027478459036
70601.72819779176	1000.0	1423.125292022249	0.0	0	0.0	2024.853489814006	1	0	tensor(3)	1.0014874553445356
71267.95311798765	1000.0	1756.9003718263782	0.0	0	0.0	2024.853489814006	1	0	tensor(3)	1.0014874553445356
72200.0	1000.0	1824.8534898140385	0.0	0	353.79011770729267	2024.8534898140206	1	0	tensor(3)	1.001487455344534
73200.0	2000.0	1824.8534898140385	0.0	0	258.291411925602	2024.8534898140206	1	0	tensor(3)	1.001487455344534
74200.0	2000.0	1824.8534898140433	0.0	0	303.0419747512351	2024.8534898140206	1	0	tensor(3)	1.6946346359044793
75420.50871053738	3000.0	1604.344779276662	0.0	0	0.0	2024.8534898140206	1	0	tensor(3)	1.6946346359044795
77005.10295889413	2000.0	1019.7505309199174	0.0	0	0.0	2024.8534898140206	1	0	tensor(3)	1.2891695277963147
77891.60966821645	1000.0	1133.2438215975983	0.0	0	0.0	2024.853489814006	1	0	tensor(3)	0.30834027478459036
78898.02822455709	1000.0	1126.8252652569474	0.0	0	0.0	2024.853489814006	1	0	tensor(3)	1.0014874553445356
79966.76286389826	1000.0	1058.090625915782	0.0	0	0.0	2024.853489814006	1	0	tensor(3)	1.0014874553445356
80375.9979364185	1000.0	1648.8555533955443	0.0	0	0.0	2024.853489814006	1	0	tensor(3)	1.0014874553445356
81200.0	1000.0	1824.8534898140358	0.0	0	249.58516819866782	2024.853489814006	1	0	tensor(3)	1.0014874553445356
82200.0	2000.0	1824.8534898140224	0.0	0	158.4847797449329	2024.8534898139915	1	0	tensor(3)	1.0014874553445372
83445.72885606476	2000.0	1579.1246337492692	0.0	0	0.0	2024.8534898139915	1	0	tensor(3)	1.6946346359044822
84930.5844372717	2000.0	1094.26905254234	0.0	0	0.0	2024.853489814006	1	0	tensor(3)	1.6946346359044806
85994.36422454394	2000.0	1030.4892652700958	0.0	0	0.0	2024.8534898140206	1	0	tensor(3)	1.6946346359044793
87075.41951903027	2000.0	949.4339707837777	0.0	0	0.0	2024.8534898140206	1	0	tensor(3)	1.6946346359044793
87702.27001600357	1000.0	1322.5834738104707	0.0	0	0.0	2024.8534898140206	1	0	tensor(3)	0.3083402747845889
88779.75739165106	2000.0	1245.0960981629796	0.0	0	0.0	2024.8534898140206	1	0	tensor(3)	1.001487455344534
90003.0328138908	2000.0	1021.8206759232363	0.0	0	0.0	2024.8534898140351	1	0	tensor(3)	1.6946346359044777
90983.36273501704	2000.0	1041.4907547969951	0.0	0	0.0	2024.8534898140497	1	0	tensor(3)	1.6946346359044764
91825.10149408174	2000.0	1199.7519957322825	0.0	0	0.0	2024.8534898140351	1	0	tensor(3)	1.6946346359044777
92558.0212271425	2000.0	1466.8322626715396	0.0	0	0.0	2024.8534898140206	1	0	tensor(3)	1.6946346359044793
94151.89109181678	3000.0	872.9623979972674	0.0	0	0.0	2024.8534898140206	1	0	tensor(3)	1.6946346359044795
95288.85167046191	2000.0	736.001819352143	0.0	0	0.0	2024.8534898140206	1	0	tensor(3)	1.2891695277963147
95954.07455430341	2000.0	1070.7789355106331	0.0	0	0.0	2024.8534898140206	1	0	tensor(3)	1.6946346359044793
96586.1557624948	2000.0	1438.6977273192608	0.0	0	0.0	2024.8534898140206	1	0	tensor(3)	1.6946346359044793
97387.94860375626	2000.0	1636.9048860577986	0.0	0	0.0	2024.8534898140206	1	0	tensor(3)	1.6946346359044793
98265.04406998151	2000.0	1759.8094198325525	0.0	0	0.0	2024.8534898140206	1	0	tensor(3)	1.6946346359044793
99436.35709425565	2000.0	1588.496395558412	0.0	0	0.0	2024.8534898140206	1	0	tensor(3)	1.6946346359044793
100345.06291549874	2000.0	1679.790574315326	0.0	0	0.0	2024.8534898140206	1	0	tensor(3)	1.6946346359044793
101200.0	2000.0	1824.8534898140667	0.0	0	28.16987668198999	2024.8534898140206	1	0	tensor(3)	1.6946346359044793
102200.0	2000.0	1824.8534898140524	0.0	0	69.37655978900148	2024.853489814006	1	0	tensor(3)	1.6946346359044806
103420.61714974452	2000.0	1604.2363400695544	0.0	0	0.0	2024.853489814006	1	0	tensor(3)	1.6946346359044806
104200.0	2000.0	1824.853489814082	0.0	0	132.59339905224624	2024.853489814006	1	0	tensor(3)	1.6946346359044806
105200.0	2000.0	1824.8534898140767	0.0	0	288.4015624794265	2024.853489814006	1	0	tensor(3)	1.6946346359044806
106274.92724629253	2000.0	1749.9262435215437	0.0	0	0.0	2024.853489814006	1	0	tensor(3)	1.6946346359044806
107387.10156418094	2000.0	1637.75192563314	0.0	0	0.0	2024.853489814006	1	0	tensor(3)	1.6946346359044806
108414.43656487553	2000.0	1610.4169249385334	0.0	0	0.0	2024.853489814006	1	0	tensor(3)	1.6946346359044806
109342.84756146891	2000.0	1682.0059283451494	0.0	0	0.0	2024.8534898139915	1	0	tensor(3)	1.6946346359044822
110200.0	2000.0	1824.8534898140604	0.0	0	222.44492542452645	2024.853489814006	1	0	tensor(3)	1.6946346359044806
111200.0	3000.0	1824.8534898140704	0.0	0	90.15803410863737	2024.853489814006	1	0	tensor(3)	1.6946346359044808
112380.48049130672	3000.0	1644.372998507352	0.0	0	0.0	2024.853489814006	1	0	tensor(3)	2.1000997440126454
113200.0	3000.0	1824.8534898140797	0.0	0	34.82438866636949	2024.853489814006	1	0	tensor(3)	2.1000997440126454
115178.26889500042	3000.0	846.5845948136432	0.0	0	0.0	2024.853489814006	1	0	tensor(3)	2.1000997440126454
116235.95939967924	2000.0	788.8940901348336	0.0	0	0.0	2024.8534898139915	1	0	tensor(3)	1.2891695277963175
117024.04367614991	2000.0	1000.8098136641488	0.0	0	0.0	2024.853489813977	1	0	tensor(3)	1.6946346359044837
117565.87058422605	2000.0	1458.9829055880193	0.0	0	0.0	2024.8534898139915	1	0	tensor(3)	1.6946346359044822
118481.82661123812	2000.0	1543.0268785759552	0.0	0	0.0	2024.8534898139915	1	0	tensor(3)	1.6946346359044822
119525.60205381559	3000.0	1499.2514359984957	0.0	0	0.0	2024.8534898139915	1	0	tensor(3)	1.6946346359044824
120319.00085021002	3000.0	1705.8526396040504	0.0	0	0.0	2024.8534898139915	1	0	tensor(3)	2.100099744012647
121200.0	3000.0	1824.8534898140927	0.0	0	98.3122761061677	2024.8534898139915	1	0	tensor(3)	2.100099744012647
122940.24373398775	3000.0	1084.6097558263364	0.0	0	0.0	2024.853489813977	1	0	tensor(3)	2.1000997440126485
123897.15985465955	2000.0	1127.6936351545314	0.0	0	0.0	2024.8534898139915	1	0	tensor(3)	1.2891695277963175
124659.12125248529	2000.0	1365.7322373288036	0.0	0	0.0	2024.8534898139915	1	0	tensor(3)	1.6946346359044822
125757.75733668539	2000.0	1267.096153128695	0.0	0	0.0	2024.8534898139915	1	0	tensor(3)	1.6946346359044822
126320.28922017303	2000.0	1704.5642696410578	0.0	0	0.0	2024.8534898139915	1	0	tensor(3)	1.6946346359044822
127200.0	2000.0	1824.8534898140804	0.0	0	266.97017682562	2024.8534898139915	1	0	tensor(3)	1.6946346359044822
128200.0	2000.0	1824.853489814085	0.0	0	497.27272168122	2024.8534898139915	1	0	tensor(3)	1.6946346359044822
129306.60510201157	3000.0	1718.248387802502	0.0	0	0.0	2024.8534898139915	1	0	tensor(3)	1.6946346359044824
130708.83223302044	3000.0	1316.021256793629	0.0	0	0.0	2024.8534898139915	1	0	tensor(3)	2.100099744012647
131690.0297330122	3000.0	1334.8237568018628	0.0	0	0.0	2024.8534898139624	1	0	tensor(3)	2.1000997440126494
132852.03967982094	2000.0	1172.813809993103	0.0	0	0.0	2024.8534898139478	1	0	tensor(3)	1.289169527796321
133762.570750074	2000.0	1262.28273974003	0.0	0	0.0	2024.853489813977	1	0	tensor(3)	1.6946346359044837
134614.75359576987	2000.0	1410.099894044161	0.0	0	0.0	2024.8534898139478	1	0	tensor(3)	1.6946346359044864
135495.17519636234	2000.0	1529.678293451681	0.0	0	0.0	2024.8534898139478	1	0	tensor(3)	1.6946346359044864
136391.8148862063	2000.0	1633.0386036077496	0.0	0	0.0	2024.8534898139478	1	0	tensor(3)	1.6946346359044864
138603.48346886825	2000.0	421.3700209458103	0.0	0	0.0	2024.8534898139187	1	0	tensor(3)	1.6946346359044895
139536.58310344862	1000.0	567.7333300988269	79.46294373339185	0	0.0	2104.3164335473266	1	0	tensor(3)	-0.1763836819890927
140159.10419348677	1000.0	945.212240060657	0.0	0	0.0	2104.3164335472975	1	0	tensor(3)	0.9935411609712064
140650.17563816954	1000.0	1454.1407953779042	0.0	0	0.0	2104.3164335472684	1	0	tensor(3)	0.9935411609712093
141200.0	1000.0	1904.3164335474528	0.0	0	77.67474830089486	2104.3164335472684	1	0	tensor(3)	0.9935411609712093
142200.0	2000.0	1904.3164335474617	0.0	0	167.77679407785763	2104.3164335472684	1	0	tensor(3)	0.9935411609712094
143200.0	2000.0	1904.316433547448	0.0	0	410.88608838035725	2104.3164335472684	1	0	tensor(3)	1.6866883415311547
144464.07650646658	2000.0	1640.2399270808598	0.0	0	0.0	2104.3164335472684	1	0	tensor(3)	1.6866883415311547
145581.29053004476	2000.0	1523.0259035026743	0.0	0	0.0	2104.3164335472975	1	0	tensor(3)	1.6866883415311515
146982.14140311326	2000.0	1122.17503043417	0.0	0	0.0	2104.3164335472975	1	0	tensor(3)	1.6866883415311515
147616.2797549807	1000.0	1488.0366785667127	0.0	0	0.0	2104.3164335472975	1	0	tensor(3)	0.3003939804112612
148356.1680995972	1000.0	1748.148333950189	0.0	0	0.0	2104.3164335472975	1	0	tensor(3)	0.9935411609712064
149200.0	1000.0	1904.31643354743	0.0	0	130.1742147434852	2104.3164335473266	1	0	tensor(3)	0.9935411609712036
150200.0	1000.0	1904.3164335474687	0.0	0	168.96525296842447	2104.3164335473557	1	0	tensor(3)	0.9935411609712006
151200.0	1000.0	1904.316433547474	0.0	0	307.2590749505616	2104.3164335473557	1	0	tensor(3)	0.9935411609712006
152218.73057320045	2000.0	1885.585860347043	0.0	0	0.0	2104.3164335473557	1	0	tensor(3)	0.9935411609712005
153210.4955313102	2000.0	1893.8209022372828	0.0	0	0.0	2104.3164335473557	1	0	tensor(3)	1.6866883415311458
154271.76262605315	2000.0	1832.5538074943204	0.0	0	0.0	2104.3164335473557	1	0	tensor(3)	1.6866883415311458
155270.32512314332	2000.0	1833.9913104041693	0.0	0	0.0	2104.3164335473557	1	0	tensor(3)	1.6866883415311458
156420.22549343883	2000.0	1684.0909401086174	0.0	0	0.0	2104.3164335473557	1	0	tensor(3)	1.6866883415311458
157516.2295574167	2000.0	1588.0868761307354	0.0	0	0.0	2104.316433547385	1	0	tensor(3)	1.6866883415311429
158505.51845275046	2000.0	1598.7979807969912	0.0	0	0.0	2104.3164335473557	1	0	tensor(3)	1.6866883415311458
159592.72703808759	2000.0	1511.589395459882	0.0	0	0.0	2104.3164335473557	1	0	tensor(3)	1.6866883415311458
161004.55218354682	2000.0	1099.7642500006764	0.0	0	0.0	2104.3164335473557	1	0	tensor(3)	1.6866883415311458
162145.5753181578	2000.0	958.7411153897057	0.0	0	0.0	2104.3164335473557	1	0	tensor(3)	1.6866883415311458
163419.44112070414	2000.0	684.875312843327	0.0	0	0.0	2104.3164335473557	1	0	tensor(3)	1.6866883415311458
164130.5095349933	1000.0	973.8068985541747	0.0	0	0.0	2104.3164335473557	1	0	tensor(3)	0.30039398041125537
164694.0368884416	1000.0	1410.2795451059017	0.0	0	0.0	2104.3164335473557	1	0	tensor(3)	0.9935411609712006
165200.0	1000.0	1904.3164335474655	0.0	0	61.984833137103124	2104.3164335473557	1	0	tensor(3)	0.9935411609712006
166200.0	2000.0	1904.3164335475103	0.0	0	21.48331635419163	2104.316433547385	1	0	tensor(3)	0.9935411609711994
167200.0	2000.0	1904.3164335475176	0.0	0	22.27559881785419	2104.316433547385	1	0	tensor(3)	1.6866883415311429
168200.0	2000.0	1904.3164335475556	0.0	0	310.2814352028072	2104.316433547385	1	0	tensor(3)	1.6866883415311429
169200.0	3000.0	1904.3164335475976	0.0	0	164.42170472897124	2104.316433547414	1	0	tensor(3)	1.68668834153114
170200.0	3000.0	1904.316433547607	0.0	0	123.59440941023058	2104.316433547385	1	0	tensor(3)	2.0921534496393077
171200.0	3000.0	1904.3164335475885	0.0	0	20.167905921611236	2104.3164335473557	1	0	tensor(3)	2.0921534496393086
173753.60462886302	6000.0	350.7118046845467	0.0	0	0.0	2104.3164335473266	1	0	tensor(3)	2.092153449639313
175201.35930252	2000.0	301.1648016311611	398.2076706035948	0	0.0	2502.5241041508853	1	0	tensor(3)	-1.8408634349634385
175986.8893792638	2000.0	620.518612335181	104.88388744785232	0	0.0	2607.4079915987677	1	0	tensor(3)	1.007075861038893
176746.29498329794	2000.0	861.1130083010556	0.0	0	0.0	2607.4079915987677	1	0	tensor(3)	1.6363791857260046
177304.5481803787	2000.0	1302.8598112202928	0.0	0	0.0	2607.4079915987677	1	0	tensor(3)	1.6363791857260046
178365.80587956213	3000.0	1241.6021120369035	0.0	0	0.0	2607.407991598797	1	0	tensor(3)	1.6363791857260017
179168.22240926136	3000.0	1439.1855823376707	0.0	0	0.0	2607.407991598797	1	0	tensor(3)	2.041844293834166
180539.44533466423	3000.0	1067.9626569347852	0.0	0	0.0	2607.407991598797	1	0	tensor(3)	2.041844293834166
181383.8568137415	3000.0	1223.5511778574798	0.0	0	0.0	2607.4079915987677	1	0	tensor(3)	2.041844293834169
182169.84275583737	3000.0	1437.565235761634	0.0	0	0.0	2607.407991598797	1	0	tensor(3)	2.041844293834166
183147.44636315363	3000.0	1459.9616284453746	0.0	0	0.0	2607.407991598797	1	0	tensor(3)	2.041844293834166
183908.06747725068	3000.0	1699.34051434836	0.0	0	0.0	2607.407991598797	1	0	tensor(3)	2.041844293834166
184595.30273192696	3000.0	2012.1052596720785	0.0	0	0.0	2607.407991598826	1	0	tensor(3)	2.0418442938341634
185350.13559288194	3000.0	2257.2723987171134	0.0	0	0.0	2607.407991598826	1	0	tensor(3)	2.0418442938341634
186200.0	3000.0	2407.4079915990537	0.0	0	294.39757224873756	2607.407991598797	1	0	tensor(3)	2.041844293834166
187200.0	3000.0	2407.407991599078	0.0	0	223.71716766199097	2607.407991598826	1	0	tensor(3)	2.0418442938341634
188700.9919646458	3000.0	1906.416026953275	0.0	0	0.0	2607.407991598826	1	0	tensor(3)	2.0418442938341634
191044.29989088984	3000.0	563.1081007091999	0.0	0	0.0	2607.4079915987677	1	0	tensor(3)	2.041844293834167
191974.86089592683	2000.0	632.5470956722154	0.0	0	0.0	2607.4079915987386	1	0	tensor(3)	1.2309140776178404
193077.6761185467	2000.0	529.7318730523336	0.0	0	0.0	2607.4079915987386	1	0	tensor(3)	1.6363791857260073
193979.05538121736	2000.0	628.3526103816679	0.0	0	0.0	2607.4079915987677	1	0	tensor(3)	1.6363791857260046
194563.2508587684	1000.0	1044.157132830634	0.0	0	0.0	2607.4079915987677	1	0	tensor(3)	0.25008482460611425
195681.52023883405	2000.0	925.8877527650047	0.0	0	0.0	2607.4079915987677	1	0	tensor(3)	0.9432320051660594
196519.73188715393	2000.0	1087.6761044451277	0.0	0	0.0	2607.4079915987677	1	0	tensor(3)	1.6363791857260046
197247.54622301285	2000.0	1359.8617685862023	0.0	0	0.0	2607.407991598797	1	0	tensor(3)	1.636379185726002
198096.0992537352	2000.0	1511.308737863849	0.0	0	0.0	2607.407991598797	1	0	tensor(3)	1.6363791857260015
199002.34158987738	2000.0	1605.0664017216616	0.0	0	0.0	2607.407991598797	1	0	tensor(3)	1.6363791857260015
200061.24792342816	2000.0	1546.1600681708933	0.0	0	0.0	2607.407991598797	1	0	tensor(3)	1.6363791857260015
201506.64528014066	2000.0	1100.7627114583797	0.0	0	0.0	2607.4079915987677	1	0	tensor(3)	1.6363791857260033
202011.04282546462	1000.0	1596.3651661344252	0.0	0	0.0	2607.407991598797	1	0	tensor(3)	0.25008482460611364
202852.57412743373	2000.0	1754.8338641652929	0.0	0	0.0	2607.407991598797	1	0	tensor(3)	0.9432320051660563
203625.11949872252	2000.0	1982.2884928765034	0.0	0	0.0	2607.407991598826	1	0	tensor(3)	1.6363791857259988
204214.7318308846	2000.0	2392.6761607144686	0.0	0	0.0	2607.407991598826	1	0	tensor(3)	1.6363791857259988
205200.0	2000.0	2407.4079915990874	0.0	0	416.24500249759876	2607.407991598826	1	0	tensor(3)	1.6363791857259988
206288.19648191013	3000.0	2319.2115096889574	0.0	0	0.0	2607.407991598826	1	0	tensor(3)	1.6363791857259988
207946.79665259458	3000.0	1660.611339004497	0.0	0	0.0	2607.407991598797	1	0	tensor(3)	2.041844293834166
208696.40117565286	2000.0	1911.0068159462294	0.0	0	0.0	2607.407991598797	1	0	tensor(3)	1.2309140776178369
209904.43313091173	2000.0	1702.9748606873873	0.0	0	0.0	2607.407991598797	1	0	tensor(3)	1.6363791857260015
210786.95666688122	2000.0	1820.4513247178995	0.0	0	0.0	2607.407991598797	1	0	tensor(3)	1.6363791857260015
211502.1762881835	2000.0	2105.2317034156467	0.0	0	0.0	2607.407991598797	1	0	tensor(3)	1.6363791857260015
212232.42695479235	2000.0	2374.981036806768	0.0	0	0.0	2607.407991598797	1	0	tensor(3)	1.6363791857260015
213432.9771207205	3000.0	2174.4308708786107	0.0	0	0.0	2607.4079915987677	1	0	tensor(3)	1.6363791857260037
215518.51397440102	3000.0	1088.8940171980553	0.0	0	0.0	2607.4079915987677	1	0	tensor(3)	2.041844293834169
216754.4212539536	2000.0	852.9867376454966	0.0	0	0.0	2607.4079915987677	1	0	tensor(3)	1.23091407761784
218492.8469556395	2000.0	200.0	85.43896404041851	0	0.0	2692.8469556391938	1	0	tensor(3)	1.1183111478581655
219241.25632831213	1000.0	683.2207631790232	231.63013585160923	0	0.0	2924.477091490815	1	0	tensor(3)	-1.1714029004927455
219747.27633067494	1000.0	1177.200760816233	0.0	0	0.0	2924.477091490815	1	0	tensor(3)	0.9115250951768548
220288.96412107546	1000.0	1635.512970415708	0.0	0	0.0	2924.477091490815	1	0	tensor(3)	0.9115250951768548
220943.53672171416	1000.0	1980.9403697770258	0.0	0	0.0	2924.477091490844	1	0	tensor(3)	0.9115250951768518
221833.17060128538	2000.0	2091.3064902058104	0.0	0	0.0	2924.477091490844	1	0	tensor(3)	0.9115250951768517
222745.2019736983	2000.0	2179.275117792907	0.0	0	0.0	2924.477091490844	1	0	tensor(3)	1.6046722757367968
223356.3651718834	2000.0	2568.111919607826	0.0	0	0.0	2924.477091490844	1	0	tensor(3)	1.6046722757367968
224754.86500422683	3000.0	2169.612087264387	0.0	0	0.0	2924.477091490815	1	0	tensor(3)	1.6046722757367993
227755.25730929204	3000.0	200.0	30.78021780085129	0	0.0	2955.2573092916573	1	0	tensor(3)	1.82484047268384
228707.6544106364	1000.0	537.1879047883538	289.5850061326996	0	0.0	3244.8423154247284	1	0	tensor(3)	-1.9566337526808433
229320.18233964677	1000.0	924.659975778021	0.0	0	0.0	3244.8423154247284	1	0	tensor(3)	0.8794885727834634
229857.85056727147	1000.0	1386.991748153278	0.0	0	0.0	3244.8423154247284	1	0	tensor(3)	0.8794885727834634
230253.746462594	1000.0	1991.0958528307701	0.0	0	0.0	3244.8423154246993	1	0	tensor(3)	0.8794885727834661
231064.43328513956	2000.0	2180.409030285222	0.0	0	0.0	3244.8423154247284	1	0	tensor(3)	0.8794885727834656
231766.76566405394	2000.0	2478.076651370831	0.0	0	0.0	3244.8423154247284	1	0	tensor(3)	1.5726357533434085
233228.0418848988	2000.0	2016.8004305259788	0.0	0	0.0	3244.8423154247284	1	0	tensor(3)	1.5726357533434085
234305.79827910464	2000.0	1939.044036320127	0.0	0	0.0	3244.8423154247284	1	0	tensor(3)	1.5726357533434085
235660.38370657232	2000.0	1584.4586088524557	0.0	0	0.0	3244.8423154247284	1	0	tensor(3)	1.5726357533434085
237055.89634606443	2000.0	1188.9459693603067	0.0	0	0.0	3244.8423154247284	1	0	tensor(3)	1.5726357533434085
237983.23914273272	2000.0	1261.6031726920335	0.0	0	0.0	3244.8423154247284	1	0	tensor(3)	1.5726357533434085
239264.75936470306	2000.0	980.0829507216989	0.0	0	0.0	3244.8423154247284	1	0	tensor(3)	1.5726357533434085
240041.3174635023	2000.0	1203.5248519224604	0.0	0	0.0	3244.8423154246993	1	0	tensor(3)	1.5726357533434112
240661.9878461347	2000.0	1582.8544692900307	0.0	0	0.0	3244.8423154246993	1	0	tensor(3)	1.5726357533434112
241428.57902720664	2000.0	1816.2632882181035	0.0	0	0.0	3244.8423154246993	1	0	tensor(3)	1.5726357533434112
242729.91435443822	3000.0	1514.9279609865152	0.0	0	0.0	3244.8423154246702	1	0	tensor(3)	1.5726357533434139
243946.92050769733	3000.0	1297.9218077274395	0.0	0	0.0	3244.8423154246993	1	0	tensor(3)	1.978100861451576
244633.13390942663	2000.0	1611.7084059981314	0.0	0	0.0	3244.8423154246993	1	0	tensor(3)	1.1671706452352466
245539.64128892432	2000.0	1705.20102650045	0.0	0	0.0	3244.8423154246993	1	0	tensor(3)	1.5726357533434112
246227.30666466983	2000.0	2017.535650754924	0.0	0	0.0	3244.8423154246702	1	0	tensor(3)	1.572635753343413
247372.70939534085	2000.0	1872.1329200839189	0.0	0	0.0	3244.8423154246702	1	0	tensor(3)	1.5726357533434143
248124.09915209535	2000.0	2120.7431633294136	0.0	0	0.0	3244.8423154246702	1	0	tensor(3)	1.5726357533434143
249221.31037985184	2000.0	2023.531935572943	0.0	0	0.0	3244.8423154246993	1	0	tensor(3)	1.5726357533434112
250164.11389843473	2000.0	2080.7284169900486	0.0	0	0.0	3244.8423154246993	1	0	tensor(3)	1.5726357533434112
251358.1305790232	2000.0	1886.7117364015542	0.0	0	0.0	3244.8423154246993	1	0	tensor(3)	1.5726357533434112
252177.38899476317	2000.0	2067.4533206616106	0.0	0	0.0	3244.8423154247284	1	0	tensor(3)	1.5726357533434097
252839.05733424105	2000.0	2405.784981183715	0.0	0	0.0	3244.8423154247284	1	0	tensor(3)	1.5726357533434085
253830.5189526146	2000.0	2414.3233628101552	0.0	0	0.0	3244.8423154247284	1	0	tensor(3)	1.5726357533434085
255401.5365877305	3000.0	1843.305727694265	0.0	0	0.0	3244.8423154247284	1	0	tensor(3)	1.5726357533434085
256534.5285800756	2000.0	1710.3137353491516	0.0	0	0.0	3244.8423154247575	1	0	tensor(3)	1.1671706452352408
257958.6894937347	3000.0	1286.152821690019	0.0	0	0.0	3244.8423154247575	1	0	tensor(3)	1.5726357533434057
258723.94657482722	3000.0	1520.8957405975311	0.0	0	0.0	3244.8423154247575	1	0	tensor(3)	1.9781008614515703
259624.07566126392	3000.0	1620.7666541608303	0.0	0	0.0	3244.8423154247575	1	0	tensor(3)	1.9781008614515703
260618.99689310422	3000.0	1625.8454223205517	0.0	0	0.0	3244.8423154247866	1	0	tensor(3)	1.9781008614515674
261756.57707912457	3000.0	1488.2652363001941	0.0	0	0.0	3244.8423154248158	1	0	tensor(3)	1.9781008614515643
263425.0740047898	3000.0	819.7683106349399	0.0	0	0.0	3244.8423154247866	1	0	tensor(3)	1.9781008614515656
264522.52894823154	2000.0	722.3133671932296	0.0	0	0.0	3244.8423154248158	1	0	tensor(3)	1.1671706452352344
265641.1713014816	2000.0	603.6710139431427	0.0	0	0.0	3244.8423154248158	1	0	tensor(3)	1.5726357533434003
266232.2979422024	2000.0	1012.5443732222406	0.0	0	0.0	3244.8423154248158	1	0	tensor(3)	1.5726357533433997
267023.5074205749	2000.0	1221.3348948497696	0.0	0	0.0	3244.8423154248158	1	0	tensor(3)	1.5726357533433997
267916.7124187528	3000.0	1328.1298966718437	0.0	0	0.0	3244.8423154248158	1	0	tensor(3)	1.5726357533433997
268872.04088081646	3000.0	1372.801434608088	0.0	0	0.0	3244.8423154248158	1	0	tensor(3)	1.9781008614515643
269629.4932401449	3000.0	1615.349075279621	0.0	0	0.0	3244.8423154248158	1	0	tensor(3)	1.9781008614515643
271322.5539243459	3000.0	922.2883910787045	0.0	0	0.0	3244.842315424874	1	0	tensor(3)	1.978100861451562
272374.4502281906	2000.0	870.3920872340173	0.0	0	0.0	3244.842315424874	1	0	tensor(3)	1.1671706452352293
273314.86946524837	2000.0	929.9728501762027	0.0	0	0.0	3244.842315424874	1	0	tensor(3)	1.572635753343394
274502.123927122	2000.0	742.7183883026132	0.0	0	0.0	3244.8423154248158	1	0	tensor(3)	1.5726357533433997
275437.24985499145	2000.0	807.5924604331454	0.0	0	0.0	3244.8423154248158	1	0	tensor(3)	1.5726357533433997
276178.0825583572	2000.0	1066.7597570674156	0.0	0	0.0	3244.8423154248158	1	0	tensor(3)	1.5726357533433997
276988.5359588993	2000.0	1256.306356525348	0.0	0	0.0	3244.8423154247575	1	0	tensor(3)	1.5726357533434008
277787.6247026699	3000.0	1457.217612754801	0.0	0	0.0	3244.8423154247575	1	0	tensor(3)	1.5726357533434057
279265.9821228666	3000.0	978.8601925581352	0.0	0	0.0	3244.8423154246993	1	0	tensor(3)	1.978100861451576
280587.93967575044	3000.0	656.9026396743525	0.0	0	0.0	3244.8423154246993	1	0	tensor(3)	1.978100861451576
281787.7374336958	2000.0	457.1048817289409	0.0	0	0.0	3244.8423154246993	1	0	tensor(3)	1.1671706452352466
282846.75583958166	2000.0	458.42130843708026	60.33483259398298	0	0.0	3305.1771480186726	1	0	tensor(3)	1.2045932745201162
283506.6224184272	2000.0	798.5547295915422	0.0	0	0.0	3305.1771480186144	1	0	tensor(3)	1.5666022700840199
284158.7398264216	2000.0	1146.4373215971132	0.0	0	0.0	3305.177148018556	1	0	tensor(3)	1.5666022700840232
284908.47654774674	2000.0	1396.70060027193	0.0	0	0.0	3305.177148018556	1	0	tensor(3)	1.5666022700840256
286362.97893095243	2000.0	942.1982170662195	0.0	0	0.0	3305.177148018556	1	0	tensor(3)	1.5666022700840256
287235.3168466256	1000.0	1069.8603013930733	0.0	0	0.0	3305.177148018498	1	0	tensor(3)	0.18030790896414128
287931.80914943013	1000.0	1373.3679985885537	0.0	0	0.0	3305.177148018498	1	0	tensor(3)	0.8734550895240865
288569.01088496245	1000.0	1736.1662630562125	0.0	0	0.0	3305.177148018498	1	0	tensor(3)	0.8734550895240865
289429.86383136036	1000.0	1875.3133166583355	0.0	0	0.0	3305.177148018498	1	0	tensor(3)	0.8734550895240865
290078.9983442834	1000.0	2226.1788037352862	0.0	0	0.0	3305.177148018498	1	0	tensor(3)	0.8734550895240865
290768.3001147818	2000.0	2536.8770332368886	0.0	0	0.0	3305.177148018556	1	0	tensor(3)	0.8734550895240805
291694.5259575864	2000.0	2610.651190432331	0.0	0	0.0	3305.177148018556	1	0	tensor(3)	1.5666022700840256
292866.10703002603	3000.0	2439.0701179927423	0.0	0	0.0	3305.177148018556	1	0	tensor(3)	1.5666022700840259
295305.75628798845	3000.0	999.4208600303427	0.0	0	0.0	3305.1771480186144	1	0	tensor(3)	1.9720673781921894
296321.766958381	1000.0	983.4101896378147	0.0	0	0.0	3305.177148018556	1	0	tensor(3)	-0.22515719914403043
297006.63515321526	1000.0	1298.5419948035506	0.0	0	0.0	3305.177148018556	1	0	tensor(3)	0.8734550895240806
297683.10853055166	1000.0	1622.0686174671762	0.0	0	0.0	3305.177148018556	1	0	tensor(3)	0.8734550895240806
298275.5143644053	1000.0	2029.6627836135701	0.0	0	0.0	3305.177148018556	1	0	tensor(3)	0.8734550895240806
298963.86874820985	1000.0	2341.308399809031	0.0	0	0.0	3305.177148018556	1	0	tensor(3)	0.8734550895240806
299666.8552780077	1000.0	2638.3218700111624	0.0	0	0.0	3305.177148018556	1	0	tensor(3)	0.8734550895240806
301100.64510723366	2000.0	2204.532040785236	0.0	0	0.0	3305.1771480186726	1	0	tensor(3)	0.8734550895240725
301754.6698542634	2000.0	2550.5072937554223	0.0	0	0.0	3305.1771480186726	1	0	tensor(3)	1.566602270084014
302702.26397821755	2000.0	2602.9131698013207	0.0	0	0.0	3305.1771480186726	1	0	tensor(3)	1.566602270084014
2.77	2.2	3.05	1.8	1.87	2.27	3.03	1.78	1.4	1.9	1.62	1.1	1.67	2.2	2.8	2.91	3.15	3.42	3.93	4.55	2.57	1.48	1.77	2.51	3.04	3.58	3.93	2.73	2.88	3.56	3.71	3.61	3.96	4.66	4.55	2.5	2.25	1.23	1.55	2.14	2.53	1.65	2.05	2.55	2.13	2.18	2.14	1.88	1.91	1.68	2.15	2.48	3.17	3.82	3.31	1.68	2.14	2.28	2.17	2.81	2.9	2.66	1.41	1.87	1.74	1.09	1.15	1.55	1.86	2.6	2.59	2.94	2.13	1.39	1.19	0.94	1.12	2.02	2.43	2.31	1.78	1.77	1.64	1.84	1.84	1.78	1.88	2.37	3.16	3.15	2.4	1.87	2.47	2.99	2.14	2.07	2.29	2.51	2.05	2.12	2.53	2.43	2.17	2.2	2.57	2.72	3.2	3.72	3.56	3.28	1.67	1.91	2.29	2.46	3.06	3.06	3.38	3.24	1.83	2.2	1.61	2.28	2.24	2.92	3.45	3.74	2.22	2.68	2.49	2.09	2.48	2.91	2.64	1.8	0.9	1.11	1.29	1.82	2.44	2.93	2.22	1.38	1.45	1.0	1.45	1.31	1.63	1.6	1.81	2.79	2.77	2.2	3.05	1.8	1.87	2.27	3.03	1.78	1.4	1.9	1.62	1.1	1.67	2.2	2.8	2.91	3.15	3.42	3.93	4.55	2.57	1.48	1.77	2.51	3.04	3.58	3.93	2.73	2.88	3.56	3.71	3.61	3.96	4.66	4.55	2.5	2.25	1.23	1.55	2.14	2.53	1.65	2.05	2.55	2.13	2.18	2.14	1.88	1.91	1.68	2.15	2.48	3.17	3.82	3.31	1.68	2.14	2.28	2.17	2.81	2.9	2.66	1.41	1.87	1.74	1.09	1.15	1.55	1.86	2.6	2.59	2.94	2.13	1.39	1.19	0.94	1.12	2.02	2.43	2.31	1.78	1.77	1.64	1.84	1.84	1.78	1.88	2.37	3.16	3.15	2.4	1.87	2.47	2.99	2.14	2.07	2.29	2.51	2.05	2.12	2.53	2.43	2.17	2.2	2.57	2.72	3.2	3.72	3.56	3.28	1.67	1.91	2.29	2.46	3.06	3.06	3.38	3.24	1.83	2.2	1.61	2.28	2.24	2.92	3.45	3.74	2.22	2.68	2.49	2.09	2.48	2.91	2.64	1.8	0.9	1.11	1.29	1.82	2.44	2.93	2.22	1.38	1.45	1.0	1.45	1.31	1.63	1.6	1.81	2.79	2.77	2.2	3.05	1.8	1.87
1.0	2.0	3.0	4.0	5.0	6.0	7.0	8.0	9.0	10.0	11.0	12.0	13.0	14.0	15.0	16.0	17.0	18.0	19.0	20.0	21.0	22.0	23.0	24.0	25.0	26.0	27.0	28.0	29.0	30.0	31.0	32.0	33.0	34.0	35.0	36.0	37.0	38.0	39.0	40.0	41.0	42.0	43.0	44.0	45.0	46.0	47.0	48.0	49.0	50.0	51.0	52.0	53.0	54.0	55.0	56.0	57.0	58.0	59.0	60.0	61.0	62.0	63.0	64.0	65.0	66.0	67.0	68.0	69.0	70.0	71.0	72.0	73.0	74.0	75.0	76.0	77.0	78.0	79.0	80.0	81.0	82.0	83.0	84.0	85.0	86.0	87.0	88.0	89.0	90.0	91.0	92.0	93.0	94.0	95.0	96.0	97.0	98.0	99.0	100.0	101.0	102.0	103.0	104.0	105.0	106.0	107.0	108.0	109.0	110.0	111.0	112.0	113.0	114.0	115.0	116.0	117.0	118.0	119.0	120.0	121.0	122.0	123.0	124.0	125.0	126.0	127.0	128.0	129.0	130.0	131.0	132.0	133.0	134.0	135.0	136.0	137.0	138.0	139.0	140.0	141.0	142.0	143.0	144.0	145.0	146.0	147.0	148.0	149.0	149.0	150.0	151.0	152.0	153.0	154.0	155.0	156.0	157.0	158.0	159.0	160.0	161.0	162.0	163.0	164.0	165.0	166.0	167.0	168.0	169.0	170.0	171.0	172.0	173.0	174.0	175.0	176.0	177.0	178.0	179.0	180.0	181.0	182.0	183.0	184.0	185.0	186.0	187.0	188.0	189.0	190.0	191.0	192.0	193.0	194.0	195.0	196.0	197.0	198.0	199.0	200.0	201.0	202.0	203.0	204.0	205.0	206.0	207.0	208.0	209.0	210.0	211.0	212.0	213.0	214.0	215.0	216.0	217.0	218.0	219.0	220.0	221.0	222.0	223.0	224.0	225.0	226.0	227.0	228.0	229.0	230.0	231.0	232.0	233.0	234.0	235.0	236.0	237.0	238.0	239.0	240.0	241.0	242.0	243.0	244.0	245.0	246.0	247.0	248.0	249.0	250.0	251.0	252.0	253.0	254.0	255.0	256.0	257.0	258.0	259.0	260.0	261.0	262.0	263.0	264.0	265.0	266.0	267.0	268.0	269.0	270.0	271.0	272.0	273.0	274.0	275.0	276.0	277.0	278.0	279.0	280.0	281.0	282.0	283.0	284.0	285.0	286.0	287.0	288.0	289.0	290.0	291.0	292.0	293.0	294.0	295.0	296.0	297.0	298.0	298.0	299.0	300.0	301.0	302.0	303.0
2967.4588828672945
