5569.17674844811	300.0	2000.0	153.13234269318127	0	0.0	5569.17674844811	1	0	tensor(3)	-1.472757476947142
5778.1965742295215	500.0	2790.980174218589	0.0	0	0.0	5569.176748448111	1	0	tensor(3)	-0.5569176748448111
5986.6554528418355	500.0	3582.521295606276	0.0	0	0.0	5569.1767484481115	1	0	tensor(3)	-0.04609205107882036
7158.1205065810755	3000.0	3411.056241867037	0.0	0	0.0	5569.176748448112	1	0	tensor(3)	-0.046092051078820306
8188.970425643893	2000.0	3380.2063228042207	0.0	0	0.0	5569.176748448112	1	0	tensor(3)	0.9347372019329054
9308.316228916949	2000.0	3260.860519531165	0.0	0	0.0	5569.176748448113	1	0	tensor(3)	1.3402023100410698
10572.339436170441	3000.0	2996.837312277674	0.0	0	0.0	5569.176748448114	1	0	tensor(3)	1.3402023100410703
12154.256024691646	3000.0	2414.9207237564724	0.0	0	0.0	5569.176748448118	1	0	tensor(3)	1.7456674181492344
14347.36833400746	3000.0	1221.8084144406585	0.0	0	0.0	3569.176748448119	1	0	tensor(6)	-4.054332581850767
15365.58456609467	2000.0	1203.5921823534497	0.0	0	0.0	3569.176748448119	1	0	tensor(3)	1.134737201932905
16410.866093778175	2000.0	1158.3106546699448	0.0	0	0.0	3569.176748448119	1	0	tensor(3)	1.5402023100410696
17352.04215154644	2000.0	1217.1345969016777	0.0	0	0.0	3569.176748448117	1	0	tensor(3)	1.5402023100410696
18563.98447746273	2000.0	1005.1922709853875	0.0	0	0.0	3569.176748448117	1	0	tensor(3)	1.5402023100410696
19750.72143162278	2000.0	818.4553168253352	0.0	0	0.0	3569.1767484481134	1	0	tensor(3)	1.5402023100410698
20769.784891346793	2000.0	799.3918571013238	0.0	0	0.0	3569.1767484481134	1	0	tensor(3)	1.54020231004107
21529.62259657837	2000.0	1039.5541518697464	0.0	0	0.0	3569.176748448106	1	0	tensor(3)	1.5402023100410704
22277.360178945317	2000.0	1291.816569502798	0.0	0	0.0	3569.176748448106	1	0	tensor(3)	1.5402023100410704
22812.072852708658	2000.0	1757.103895739457	0.0	0	0.0	3569.176748448106	1	0	tensor(3)	1.5402023100410704
23995.335137509075	3000.0	1573.8416109390332	0.0	0	0.0	3569.176748448106	1	0	tensor(3)	1.5402023100410707
24730.888219858065	2000.0	1838.2885285900452	0.0	0	0.0	3569.176748448106	1	0	tensor(3)	1.1347372019329058
26080.83079430369	3000.0	1488.34595414442	0.0	0	0.0	3569.176748448106	1	0	tensor(3)	1.5402023100410707
28162.76451652721	3000.0	406.4122319208948	0.0	0	0.0	3569.176748448106	1	0	tensor(3)	1.9456674181492353
28671.861130658242	1000.0	897.315617789866	0.0	0	0.0	1569.176748448106	1	0	tensor(6)	-6.051557159186985
29423.63603744315	2000.0	1145.540711004956	0.0	0	0.0	1569.1767484481024	1	0	tensor(3)	1.047055129481126
30200.0	2000.0	1369.1767484481081	0.0	0	168.75262910988386	1569.1767484481024	1	0	tensor(3)	1.740202310041071
31200.0	2000.0	1369.1767484481059	0.0	0	167.73632358192117	1569.1767484481024	1	0	tensor(3)	1.740202310041071
32200.0	3000.0	1369.1767484481084	0.0	0	373.30849394777033	1569.1767484481024	1	0	tensor(3)	1.740202310041071
33203.392788941295	3000.0	1365.7839595068017	0.0	0	0.0	1569.176748448088	1	0	tensor(3)	2.1456674181492366
35087.49579956849	3000.0	481.68094887960797	0.0	0	0.0	1569.1767484480806	1	0	tensor(3)	2.145667418149238
36396.89209233497	2000.0	345.67836854659504	173.3937124334713	0	0.0	1742.570460881543	1	0	tensor(3)	0.2770355560887345
37324.36545161606	2000.0	522.1116234516248	103.90661418612473	0	0.0	1846.477075067669	1	0	tensor(3)	1.0890325922623663
38065.789964603064	2000.0	780.6871104646166	0.0	0	0.0	1846.4770750676616	1	0	tensor(3)	1.7124722773791152
39179.469827679095	2000.0	667.0072473885882	0.0	0	0.0	1846.4770750676616	1	0	tensor(3)	1.7124722773791152
40595.779254505425	2000.0	250.69782056225125	0.0	0	0.0	1846.4770750676616	1	0	tensor(3)	1.7124722773791152
41671.79112242336	1000.0	436.9966232742977	262.31067062998653	0	0.0	2108.7877456976494	1	0	tensor(3)	-1.2739171745836924
42460.49797081658	1000.0	719.3936509213977	71.10387604031064	0	0.0	2179.891621737952	1	0	tensor(3)	0.5593603859102773
43471.06633230966	2000.0	708.8252894283148	0.0	0	0.0	2179.891621737952	1	0	tensor(3)	0.9859836421521408
44262.608259342014	2000.0	917.2833623959623	0.0	0	0.0	2179.891621737959	1	0	tensor(3)	1.6791308227120854
44925.521327328395	2000.0	1254.3702944095862	0.0	0	0.0	2179.891621737959	1	0	tensor(3)	1.6791308227120854
45822.33798428612	2000.0	1357.553637451867	0.0	0	0.0	2179.891621737959	1	0	tensor(3)	1.6791308227120854
47111.652874949286	3000.0	1068.238746788693	0.0	0	0.0	2179.891621737959	1	0	tensor(3)	1.6791308227120856
47800.31074012365	2000.0	1379.5808816143376	0.0	0	0.0	2179.8916217379665	1	0	tensor(3)	1.27366571460392
48810.59226984777	2000.0	1369.2993518902158	0.0	0	0.0	2179.891621737959	1	0	tensor(3)	1.6791308227120854
50219.91923412302	2000.0	959.9723876149602	0.0	0	0.0	2179.8916217379447	1	0	tensor(3)	1.6791308227120867
51153.16578713075	1000.0	1026.7258346072342	0.0	0	0.0	2179.8916217379374	1	0	tensor(3)	0.29283646159219723
52654.68030417153	1000.0	525.2113175664497	0.0	0	0.0	2179.89162173793	1	0	tensor(3)	0.9859836421521431
53328.68425169254	1000.0	851.2073700454426	0.0	0	0.0	2179.89162173793	1	0	tensor(3)	0.9859836421521431
54364.309670110255	1000.0	815.5819516277338	0.0	0	0.0	2179.89162173793	1	0	tensor(3)	0.9859836421521431
54977.80874353315	1000.0	1202.082878204842	0.0	0	0.0	2179.89162173793	1	0	tensor(3)	0.9859836421521431
55771.84165732668	1000.0	1408.0499644113104	0.0	0	0.0	2179.89162173793	1	0	tensor(3)	0.9859836421521431
56242.31342529213	1000.0	1937.5781964458552	0.0	0	0.0	2179.891621737923	1	0	tensor(3)	0.985983642152144
57200.0	2000.0	1979.8916217379888	0.0	0	248.86413742698642	2179.89162173793	1	0	tensor(3)	0.9859836421521431
58200.0	2000.0	1979.8916217379801	0.0	0	119.7973510541633	2179.89162173793	1	0	tensor(3)	1.6791308227120882
59200.0	2000.0	1979.8916217379847	0.0	0	227.14489266982127	2179.89162173793	1	0	tensor(3)	1.6791308227120882
60200.0	2000.0	1979.8916217379847	0.0	0	342.69159946296713	2179.89162173793	1	0	tensor(3)	1.6791308227120882
61283.24393484959	3000.0	1896.6476868883915	0.0	0	0.0	2179.89162173793	1	0	tensor(3)	1.6791308227120885
62345.70231103864	3000.0	1834.1893106993339	0.0	0	0.0	2179.89162173793	1	0	tensor(3)	2.084595930820253
63200.0	3000.0	1979.8916217379767	0.0	0	0.47858500829170225	2179.89162173793	1	0	tensor(3)	2.084595930820253
64200.0	3000.0	1979.8916217379765	0.0	0	223.4971015016563	2179.89162173793	1	0	tensor(3)	2.084595930820253
65200.0	3000.0	1979.8916217379779	0.0	0	396.6292261092749	2179.89162173793	1	0	tensor(3)	2.084595930820253
67026.74326488232	6000.0	1153.1483568556612	0.0	0	0.0	2179.891621737923	1	0	tensor(3)	2.084595930820253
67802.87018705904	3000.0	1377.0214346789178	0.0	0	0.0	2179.8916217379156	1	0	tensor(3)	1.3914487502603095
69021.42971542789	3000.0	1158.4619063100695	0.0	0	0.0	2179.8916217379156	1	0	tensor(3)	2.0845959308202544
70411.94300128838	3000.0	767.9486204495855	0.0	0	0.0	2179.891621737901	1	0	tensor(3)	2.084595930820256
71454.9047604475	2000.0	724.9868612904781	0.0	0	0.0	2179.891621737901	1	0	tensor(3)	1.2736657146039267
72273.38716286804	2000.0	906.5044588699561	0.0	0	0.0	2179.891621737901	1	0	tensor(3)	1.6791308227120914
73120.35304846146	2000.0	1059.5385732765449	0.0	0	0.0	2179.891621737901	1	0	tensor(3)	1.6791308227120914
74150.58343861313	2000.0	1029.308183124896	0.0	0	0.0	2179.8916217379156	1	0	tensor(3)	1.6791308227120898
74872.25122116563	2000.0	1307.6404005723969	0.0	0	0.0	2179.89162173793	1	0	tensor(3)	1.6791308227120882
75525.94420958209	2000.0	1653.9474121559308	0.0	0	0.0	2179.89162173793	1	0	tensor(3)	1.6791308227120882
76200.0	2000.0	1979.891621738027	0.0	0	78.77547915859031	2179.89162173793	1	0	tensor(3)	1.6791308227120882
77305.66020723821	3000.0	1874.2314144998295	0.0	0	0.0	2179.8916217379447	1	0	tensor(3)	1.6791308227120871
79101.28904773592	3000.0	1078.602574002112	0.0	0	0.0	2179.8916217379447	1	0	tensor(3)	2.0845959308202517
80294.58637723052	2000.0	885.3052445075058	0.0	0	0.0	2179.8916217379447	1	0	tensor(3)	1.2736657146039223
81297.35197318194	2000.0	882.539648556091	0.0	0	0.0	2179.8916217379447	1	0	tensor(3)	1.679130822712087
81938.22652685588	2000.0	1241.6650948821507	0.0	0	0.0	2179.8916217379447	1	0	tensor(3)	1.679130822712087
82720.9115175692	2000.0	1458.9801041688497	0.0	0	0.0	2179.8916217379447	1	0	tensor(3)	1.679130822712087
83279.02051179366	2000.0	1900.8711099443992	0.0	0	0.0	2179.8916217379447	1	0	tensor(3)	1.679130822712087
84875.23481002267	3000.0	1304.656811715393	0.0	0	0.0	2179.8916217379447	1	0	tensor(3)	1.6791308227120871
86446.19339461808	3000.0	733.6982271199735	0.0	0	0.0	2179.8916217379447	1	0	tensor(3)	2.0845959308202517
87051.38813564651	2000.0	1128.503486091523	0.0	0	0.0	2179.8916217379447	1	0	tensor(3)	1.2736657146039223
87915.82891080658	2000.0	1264.0627109314532	0.0	0	0.0	2179.8916217379447	1	0	tensor(3)	1.679130822712087
89705.56992291838	2000.0	474.3216988196553	0.0	0	0.0	2179.8916217379447	1	0	tensor(3)	1.679130822712087
90891.42770952803	1000.0	464.7392167764949	176.27530456648867	0	0.0	2356.1669263045187	1	0	tensor(3)	-0.7824428962633929
91634.43325610927	1000.0	721.7336701952436	0.0	0	0.0	2356.1669263045187	1	0	tensor(3)	0.9683561116954843
92251.87101902685	1000.0	1104.295907277674	0.0	0	0.0	2356.1669263045187	1	0	tensor(3)	0.9683561116954843
92835.01090515686	1000.0	1521.1560211476803	0.0	0	0.0	2356.1669263045187	1	0	tensor(3)	0.9683561116954843
93983.77561113586	2000.0	1372.3913151686581	0.0	0	0.0	2356.1669263045187	1	0	tensor(3)	0.9683561116954842
95081.57750707965	2000.0	1274.5894192248609	0.0	0	0.0	2356.1669263045187	1	0	tensor(3)	1.6615032922554294
96374.3003824527	2000.0	981.8665438517986	0.0	0	0.0	2356.1669263045187	1	0	tensor(3)	1.6615032922554294
97239.99595890765	1000.0	1116.1709673968492	0.0	0	0.0	2356.1669263045187	1	0	tensor(3)	0.2752089311355391
98204.61478550077	1000.0	1151.552140803707	0.0	0	0.0	2356.1669263045187	1	0	tensor(3)	0.9683561116954843
98683.42901824455	1000.0	1672.7379080599321	0.0	0	0.0	2356.166926304504	1	0	tensor(3)	0.9683561116954857
99310.1053440293	1000.0	2046.0615822751809	0.0	0	0.0	2356.1669263044896	1	0	tensor(3)	0.9683561116954873
100323.3182782657	2000.0	2032.8486480387837	0.0	0	0.0	2356.1669263044896	1	0	tensor(3)	0.9683561116954872
101398.89400209475	2000.0	1957.272924209742	0.0	0	0.0	2356.1669263044896	1	0	tensor(3)	1.6615032922554325
102200.0	2000.0	2156.1669263045032	0.0	0	142.18141147661663	2356.166926304504	1	0	tensor(3)	1.661503292255431
103200.0	2000.0	2156.16692630451	0.0	0	470.03856489439204	2356.1669263045187	1	0	tensor(3)	1.6615032922554294
104302.42563943334	3000.0	2053.741286871194	0.0	0	0.0	2356.1669263045187	1	0	tensor(3)	1.6615032922554294
106219.98183269054	3000.0	1136.1850936139788	0.0	0	0.0	2356.1669263045187	1	0	tensor(3)	2.066968400363594
106938.42080013233	2000.0	1417.7461261721933	0.0	0	0.0	2356.166926304504	1	0	tensor(3)	1.2560381841472663
107539.95663138576	2000.0	1816.2102949187397	0.0	0	0.0	2356.166926304504	1	0	tensor(3)	1.661503292255431
108200.0	2000.0	2156.1669263044964	0.0	0	71.13001463176624	2356.1669263044896	1	0	tensor(3)	1.6615032922554325
109352.8179300092	3000.0	2003.3489962952915	0.0	0	0.0	2356.1669263044896	1	0	tensor(3)	1.6615032922554325
110419.24098929399	3000.0	1936.9259370105049	0.0	0	0.0	2356.1669263044896	1	0	tensor(3)	2.066968400363597
111415.1974924609	3000.0	1940.9694338435875	0.0	0	0.0	2356.1669263044896	1	0	tensor(3)	2.066968400363597
112327.00073418544	3000.0	2029.1661921190384	0.0	0	0.0	2356.1669263044896	1	0	tensor(3)	2.066968400363597
114706.43479332993	3000.0	649.7321329745497	0.0	0	0.0	2356.1669263044896	1	0	tensor(3)	2.066968400363597
115949.94624073309	2000.0	418.44869064762315	12.228005076247882	0	0.0	2368.394931380739	1	0	tensor(3)	1.1814473531821557
116444.86495772455	1000.0	923.5299736561471	0.0	0	0.0	2368.3949313807243	1	0	tensor(3)	0.27398613062791854
117258.34723647035	2000.0	1110.0476949103459	0.0	0	0.0	2368.3949313807243	1	0	tensor(3)	0.9671333111878637
118035.60016152264	2000.0	1332.7947698580542	0.0	0	0.0	2368.3949313807243	1	0	tensor(3)	1.660280491747809
118656.89316884623	2000.0	1711.5017625344406	0.0	0	0.0	2368.3949313807243	1	0	tensor(3)	1.660280491747809
119480.7500034998	2000.0	1887.644927880899	0.0	0	0.0	2368.3949313807243	1	0	tensor(3)	1.660280491747809
120579.04323783962	2000.0	1789.351693541064	0.0	0	0.0	2368.3949313807243	1	0	tensor(3)	1.660280491747809
121855.36148670861	2000.0	1513.0334446720688	0.0	0	0.0	2368.3949313807243	1	0	tensor(3)	1.660280491747809
122811.29329880879	2000.0	1557.101632571892	0.0	0	0.0	2368.3949313807243	1	0	tensor(3)	1.660280491747809
123651.13385053002	2000.0	1717.2610808506504	0.0	0	0.0	2368.3949313807243	1	0	tensor(3)	1.660280491747809
124257.13631955483	2000.0	2111.2586118258396	0.0	0	0.0	2368.3949313807243	1	0	tensor(3)	1.660280491747809
125200.0	3000.0	2168.3949313806916	0.0	0	128.09092317950854	2368.3949313807243	1	0	tensor(3)	1.6602804917478091
126200.0	3000.0	2168.3949313806984	0.0	0	15.29362488091283	2368.3949313807243	1	0	tensor(3)	2.0657455998559735
127200.0	3000.0	2168.394931380706	0.0	0	244.8959689768817	2368.3949313807097	1	0	tensor(3)	2.0657455998559753
128257.20960546058	3000.0	2111.1853259201275	0.0	0	0.0	2368.3949313807097	1	0	tensor(3)	2.0657455998559753
129200.0	3000.0	2168.394931380709	0.0	0	120.1455256833724	2368.3949313807097	1	0	tensor(3)	2.0657455998559753
132165.54774056657	6000.0	202.84719081411322	0.0	0	0.0	2368.394931380666	1	0	tensor(3)	2.065745599855977
133213.278814936	3000.0	449.05806674698744	293.9419503022918	0	0.0	2662.3368816829607	1	0	tensor(3)	-0.4204474775479455
133901.84819182626	2000.0	760.4886898567343	0.0	0	0.0	2662.336881682946	1	0	tensor(3)	1.225421188609421
134404.90998084686	2000.0	1257.4269008361514	0.0	0	0.0	2662.336881682946	1	0	tensor(3)	1.6308862967175854
135106.0569905408	3000.0	1556.279891142207	0.0	0	0.0	2662.336881682946	1	0	tensor(3)	1.6308862967175868
136251.24345074402	3000.0	1411.0934309389638	0.0	0	0.0	2662.336881682917	1	0	tensor(3)	2.0363514048257545
138316.9943286212	3000.0	345.3425530618134	0.0	0	0.0	2662.336881682946	1	0	tensor(3)	2.0363514048257514
138959.56642711328	1000.0	702.7704545697229	0.0	0	0.0	2662.336881682975	1	0	tensor(3)	-0.16087317251047106
139609.22365435396	1000.0	1053.1132273290395	0.0	0	0.0	2662.336881682975	1	0	tensor(3)	0.9377391161576387
140368.22033921003	1000.0	1294.1165424729586	0.0	0	0.0	2662.336881682975	1	0	tensor(3)	0.9377391161576387
140961.6847927531	1000.0	1700.652088929863	0.0	0	0.0	2662.336881682946	1	0	tensor(3)	0.9377391161576415
141574.3612581573	1000.0	2087.975623525683	0.0	0	0.0	2662.336881682946	1	0	tensor(3)	0.9377391161576415
142282.7347214193	1000.0	2379.6021602636615	0.0	0	0.0	2662.336881682946	1	0	tensor(3)	0.9377391161576415
143200.0	1000.0	2462.3368816829957	0.0	0	55.29611630036379	2662.336881682946	1	0	tensor(3)	0.9377391161576415
144200.0	1000.0	2462.3368816830084	0.0	0	428.697431684006	2662.336881682946	1	0	tensor(3)	0.9377391161576415
146119.0112530495	2000.0	1543.3256286334895	0.0	0	0.0	2662.336881682946	1	0	tensor(3)	0.9377391161576414
146785.12443028373	1000.0	1877.2124513992785	0.0	0	0.0	2662.336881682946	1	0	tensor(3)	0.24459193559769632
147808.31952030704	1000.0	1854.0173613759962	0.0	0	0.0	2662.336881682946	1	0	tensor(3)	0.9377391161576415
148862.2895012717	1000.0	1800.0473804113292	0.0	0	0.0	2662.336881682975	1	0	tensor(3)	0.9377391161576387
150094.69635089583	1000.0	1567.640530787197	0.0	0	0.0	2662.336881682975	1	0	tensor(3)	0.9377391161576387
150888.90360255734	1000.0	1773.4332791257016	0.0	0	0.0	2662.336881682975	1	0	tensor(3)	0.9377391161576387
151388.080786832	1000.0	2274.2560948510572	0.0	0	0.0	2662.336881682975	1	0	tensor(3)	0.9377391161576387
152641.92503420755	2000.0	2020.411847475548	0.0	0	0.0	2662.336881682975	1	0	tensor(3)	0.9377391161576387
153619.27986269633	2000.0	2043.0570189868013	0.0	0	0.0	2662.336881682946	1	0	tensor(3)	1.6308862967175866
154505.30885846418	2000.0	2157.0280232189543	0.0	0	0.0	2662.336881682946	1	0	tensor(3)	1.6308862967175866
155360.2970700202	2000.0	2302.0398116629044	0.0	0	0.0	2662.336881682888	1	0	tensor(3)	1.6308862967175903
156200.0	2000.0	2462.336881683087	0.0	0	38.16146147297695	2662.336881682888	1	0	tensor(3)	1.6308862967175926
157200.0	2000.0	2462.3368816831166	0.0	0	117.94336990069132	2662.336881682888	1	0	tensor(3)	1.6308862967175926
158200.0	2000.0	2462.336881683128	0.0	0	145.17478002025746	2662.336881682888	1	0	tensor(3)	1.6308862967175926
159200.0	2000.0	2462.3368816830994	0.0	0	183.52648493359447	2662.336881682859	1	0	tensor(3)	1.6308862967175954
160200.0	3000.0	2462.336881683074	0.0	0	81.80886455011205	2662.336881682859	1	0	tensor(3)	1.6308862967175957
162295.31462637213	3000.0	1367.022255310989	0.0	0	0.0	2662.336881682888	1	0	tensor(3)	2.03635140482576
163434.30166238887	2000.0	1228.0352192942444	0.0	0	0.0	2662.336881682946	1	0	tensor(3)	1.2254211886094237
164204.26105744365	2000.0	1458.0758242394568	0.0	0	0.0	2662.336881682946	1	0	tensor(3)	1.6308862967175866
165133.96378095247	2000.0	1528.3731007306365	0.0	0	0.0	2662.336881682975	1	0	tensor(3)	1.630886296717584
166214.32313486654	2000.0	1448.0137468165544	0.0	0	0.0	2662.336881682975	1	0	tensor(3)	1.630886296717584
167463.51603259885	2000.0	1198.8208490842162	0.0	0	0.0	2662.336881682975	1	0	tensor(3)	1.6308862967175857
168295.11364122253	2000.0	1367.223240460553	0.0	0	0.0	2662.336881682975	1	0	tensor(3)	1.630886296717584
169436.0538937161	2000.0	1226.2829879669819	0.0	0	0.0	2662.336881682946	1	0	tensor(3)	1.6308862967175866
170353.85483002258	2000.0	1308.4820516604875	0.0	0	0.0	2662.336881682946	1	0	tensor(3)	1.6308862967175866
171273.38142418547	2000.0	1388.9554574976114	0.0	0	0.0	2662.336881682946	1	0	tensor(3)	1.6308862967175866
171875.75425704508	2000.0	1786.5826246380375	0.0	0	0.0	2662.336881682946	1	0	tensor(3)	1.6308862967175866
173076.75353031684	3000.0	1585.5833513663017	0.0	0	0.0	2662.336881682946	1	0	tensor(3)	1.6308862967175868
173831.78622177237	2000.0	1830.5506599107491	0.0	0	0.0	2662.336881682946	1	0	tensor(3)	1.225421188609422
174689.6837906349	2000.0	1972.6530910482275	0.0	0	0.0	2662.336881682975	1	0	tensor(3)	1.630886296717584
175708.83472258665	2000.0	1953.5021590965212	0.0	0	0.0	2662.3368816830334	1	0	tensor(3)	1.6308862967175792
176660.32276388965	2000.0	2002.014117793547	0.0	0	0.0	2662.3368816830625	1	0	tensor(3)	1.6308862967175763
177919.46305376952	2000.0	1742.873827913649	0.0	0	0.0	2662.3368816830625	1	0	tensor(3)	1.630886296717575
178583.79089258699	2000.0	2078.5459890962115	0.0	0	0.0	2662.3368816830625	1	0	tensor(3)	1.630886296717575
179330.434408974	2000.0	2331.9024727091964	0.0	0	0.0	2662.3368816830625	1	0	tensor(3)	1.630886296717575
180200.0	2000.0	2462.3368816831576	0.0	0	145.94626805579173	2662.3368816830625	1	0	tensor(3)	1.630886296717575
181200.0	3000.0	2462.3368816831266	0.0	0	286.1946619777591	2662.3368816830334	1	0	tensor(3)	1.6308862967175781
182200.0	3000.0	2462.3368816831357	0.0	0	6.772871162742376	2662.3368816830043	1	0	tensor(3)	2.0363514048257456
183624.78315078132	3000.0	2037.5537309018057	0.0	0	0.0	2662.3368816830043	1	0	tensor(3)	2.0363514048257456
184928.20399470613	2000.0	1734.1328869770164	0.0	0	0.0	2662.336881682975	1	0	tensor(3)	1.2254211886094193
186153.67693009446	2000.0	1508.6599515887053	0.0	0	0.0	2662.3368816830043	1	0	tensor(3)	1.6308862967175808
186901.1103762727	2000.0	1761.2265054104707	0.0	0	0.0	2662.3368816830043	1	0	tensor(3)	1.6308862967175808
187950.1271326242	2000.0	1712.209749058959	0.0	0	0.0	2662.3368816830043	1	0	tensor(3)	1.6308862967175808
189025.66919942282	2000.0	1636.6676822603636	0.0	0	0.0	2662.3368816830334	1	0	tensor(3)	1.630886296717578
191289.67532237023	2000.0	372.6615593129386	0.0	0	0.0	2662.3368816830043	1	0	tensor(3)	1.6308862967175786
191739.1928453323	1000.0	923.1440363508405	0.0	0	0.0	2662.3368816830043	1	0	tensor(3)	0.24459193559769069
192693.82794511272	2000.0	968.5089365703883	0.0	0	0.0	2662.3368816830043	1	0	tensor(3)	0.9377391161576356
193586.43386312737	2000.0	1075.9030185557374	0.0	0	0.0	2662.3368816830043	1	0	tensor(3)	1.6308862967175808
194193.2630919293	2000.0	1469.073789753824	0.0	0	0.0	2662.3368816830043	1	0	tensor(3)	1.6308862967175808
195314.9834143837	3000.0	1347.3534672994208	0.0	0	0.0	2662.3368816830334	1	0	tensor(3)	1.6308862967175803
196613.93857142798	3000.0	1048.3983102551456	0.0	0	0.0	2662.3368816830334	1	0	tensor(3)	2.036351404825744
198318.27370903836	3000.0	344.0631726447445	0.0	0	0.0	2662.3368816830043	1	0	tensor(3)	2.0363514048257434
200460.9332547468	2000.0	200.0	998.5963730636939	0	0.0	3660.9332547468075	1	0	tensor(3)	-4.84922746619784
201937.879811185	1000.0	419.02036777253045	695.9669242107092	0	0.0	4356.900178957527	1	0	tensor(3)	-4.100665939394017
202971.65102780896	1000.0	480.55523121010845	95.30608006155646	0	0.0	4452.206259019091	1	0	tensor(3)	0.18691569805468822
203588.04559494468	1000.0	864.160664074361	0.0	0	0.0	4452.206259019091	1	0	tensor(3)	0.758752178424027
204243.0296070484	1000.0	1209.1766519706337	0.0	0	0.0	4452.206259019091	1	0	tensor(3)	0.758752178424027
204775.03379222393	1000.0	1677.1724667951225	0.0	0	0.0	4452.206259019091	1	0	tensor(3)	0.758752178424027
205282.17765870958	1000.0	2170.028600309449	0.0	0	0.0	4452.206259019091	1	0	tensor(3)	0.758752178424027
205770.93953344083	1000.0	2681.266725578205	0.0	0	0.0	4452.206259019062	1	0	tensor(3)	0.7587521784240301
206552.9392021264	2000.0	2899.267056892626	0.0	0	0.0	4452.206259019062	1	0	tensor(3)	0.75875217842403
207451.11232621796	2000.0	3001.0939328011027	0.0	0	0.0	4452.206259019062	1	0	tensor(3)	1.451899358983975
208834.31116855104	3000.0	2617.8950904680087	0.0	0	0.0	4452.206259019062	1	0	tensor(3)	1.4518993589839753
209792.70924458237	3000.0	2659.49701443665	0.0	0	0.0	4452.206259019062	1	0	tensor(3)	1.8573644670921399
210837.00177430772	3000.0	2615.204484711302	0.0	0	0.0	4452.206259019062	1	0	tensor(3)	1.8573644670921399
211826.22452360138	3000.0	2625.981735417646	0.0	0	0.0	4452.206259019062	1	0	tensor(3)	1.8573644670921399
212580.096125273	3000.0	2872.1101337460095	0.0	0	0.0	4452.206259019062	1	0	tensor(3)	1.8573644670921399
213233.56854773744	3000.0	3218.6377112815976	0.0	0	0.0	4452.206259019062	1	0	tensor(3)	1.8573644670921399
213985.1973855981	3000.0	3467.008873420961	0.0	0	0.0	4452.206259019062	1	0	tensor(3)	1.8573644670921399
214715.87571482462	3000.0	3736.3305441943935	0.0	0	0.0	4452.206259019062	1	0	tensor(3)	1.8573644670921399
217089.3211319382	6000.0	2362.8851270808427	0.0	0	0.0	4452.20625901912	1	0	tensor(3)	1.8573644670921352
218053.25434244226	3000.0	2398.951916576799	0.0	0	0.0	4452.20625901912	1	0	tensor(3)	1.1642172865321891
219637.69790419255	3000.0	1814.5083548265056	0.0	0	0.0	4452.20625901912	1	0	tensor(3)	1.857364467092134
221324.00121080823	3000.0	1128.2050482108339	0.0	0	0.0	4452.206259019149	1	0	tensor(3)	1.8573644670921334
222923.80331750982	3000.0	528.4029415092336	0.0	0	0.0	4452.206259019149	1	0	tensor(3)	1.8573644670921317
223708.7239511295	2000.0	743.482307889576	0.0	0	0.0	2452.206259019149	1	0	tensor(6)	-4.7535657491241965
224485.53979232296	2000.0	966.6664666960921	0.0	0	0.0	2452.20625901912	1	0	tensor(3)	1.6518993589839681
225211.44288721806	2000.0	1240.7633718009774	0.0	0	0.0	2452.20625901912	1	0	tensor(3)	1.6518993589839692
225939.27040022964	3000.0	1512.9358587893962	0.0	0	0.0	2452.206259019149	1	0	tensor(3)	1.6518993589839666
227364.15132149134	3000.0	1088.0549375276737	0.0	0	0.0	2452.20625901912	1	0	tensor(3)	2.057364467092134
228842.74104626584	3000.0	609.4652127531726	0.0	0	0.0	2452.206259019149	1	0	tensor(3)	2.0573644670921323
230240.06408074673	2000.0	367.08811514030776	154.9459368680013	0	0.0	2607.1521958871454	1	0	tensor(3)	0.30126403598099444
231021.4021537737	2000.0	626.3258579148894	40.575815801558235	0	0.0	2647.7280116887123	1	0	tensor(3)	1.3888922889076605
231586.1172097649	2000.0	1061.6108019236822	0.0	0	0.0	2647.7280116887123	1	0	tensor(3)	1.63234718371701
232106.92836006384	2000.0	1540.7996516247001	0.0	0	0.0	2647.7280116887123	1	0	tensor(3)	1.63234718371701
233055.34325922068	3000.0	1592.3847524678865	0.0	0	0.0	2647.7280116887123	1	0	tensor(3)	1.6323471837170103
234548.5204028373	3000.0	1099.2076088512626	0.0	0	0.0	2647.7280116887414	1	0	tensor(3)	2.0378122918251735
235180.77777597684	2000.0	1466.9502357117276	0.0	0	0.0	2647.7280116887705	1	0	tensor(3)	1.2268820756088397
235710.14105351124	2000.0	1937.586958177315	0.0	0	0.0	2647.7280116887414	1	0	tensor(3)	1.6323471837170072
236825.9299417692	3000.0	1821.7980699193677	0.0	0	0.0	2647.7280116887414	1	0	tensor(3)	1.6323471837170074
237886.506861921	2000.0	1761.2211497675821	0.0	0	0.0	2647.7280116887414	1	0	tensor(3)	1.2268820756088425
239355.08911124032	2000.0	1292.6389004482696	0.0	0	0.0	2647.7280116887414	1	0	tensor(3)	1.6323471837170072
240045.9632522015	1000.0	1601.7647594870793	0.0	0	0.0	2647.7280116887414	1	0	tensor(3)	0.24605282259711678
240656.56471639933	1000.0	1991.163295289278	0.0	0	0.0	2647.7280116887414	1	0	tensor(3)	0.939200003157062
241458.51948626997	2000.0	2189.2085254186377	0.0	0	0.0	2647.7280116887705	1	0	tensor(3)	0.9392000031570602
242200.0	2000.0	2447.7280116885886	0.0	0	17.111885685502784	2647.7280116887705	1	0	tensor(3)	1.6323471837170043
243200.0	2000.0	2447.7280116885754	0.0	0	251.83651885946165	2647.7280116887996	1	0	tensor(3)	1.6323471837170014
244326.4662706872	2000.0	2321.2617410013745	0.0	0	0.0	2647.7280116887705	1	0	tensor(3)	1.6323471837170043
245899.9057698295	2000.0	1747.822241859083	0.0	0	0.0	2647.7280116887996	1	0	tensor(3)	1.6323471837170018
247339.51921440824	2000.0	1308.208797280376	0.0	0	0.0	2647.7280116888287	1	0	tensor(3)	1.6323471837169983
247811.87094431045	1000.0	1835.8570673781508	0.0	0	0.0	2647.7280116888287	1	0	tensor(3)	0.24605282259710815
248816.74509117968	2000.0	1830.9829205089086	0.0	0	0.0	2647.7280116888287	1	0	tensor(3)	0.9392000031570532
249762.25397687947	2000.0	1885.4740348091118	0.0	0	0.0	2647.7280116887996	1	0	tensor(3)	1.6323471837170014
250687.36648431458	2000.0	1960.361527373996	0.0	0	0.0	2647.7280116888287	1	0	tensor(3)	1.6323471837169983
251290.15722296858	2000.0	2357.570788719963	0.0	0	0.0	2647.7280116888287	1	0	tensor(3)	1.6323471837169983
252200.0	2000.0	2447.728011688522	0.0	0	293.8338617144036	2647.7280116887996	1	0	tensor(3)	1.6323471837170014
253536.07740918192	3000.0	2111.6506025066037	0.0	0	0.0	2647.7280116887996	1	0	tensor(3)	1.6323471837170016
254544.8958600751	2000.0	2102.832151613433	0.0	0	0.0	2647.7280116887996	1	0	tensor(3)	1.2268820756088368
255477.6308452505	2000.0	2170.0971664380363	0.0	0	0.0	2647.7280116887996	1	0	tensor(3)	1.6323471837170014
256200.0	2000.0	2447.7280116885827	0.0	0	75.28706061877892	2647.7280116887996	1	0	tensor(3)	1.6323471837170014
257200.0	2000.0	2447.728011688602	0.0	0	365.5790968382498	2647.7280116887996	1	0	tensor(3)	1.6323471837170014
258305.22029709397	3000.0	2342.5077145946234	0.0	0	0.0	2647.7280116887996	1	0	tensor(3)	1.6323471837170016
259200.0	3000.0	2447.728011688596	0.0	0	130.80157066893298	2647.7280116887996	1	0	tensor(3)	2.0378122918251664
260200.0	3000.0	2447.728011688595	0.0	0	73.27096553170122	2647.7280116887996	1	0	tensor(3)	2.0378122918251664
261200.0	3000.0	2447.728011688601	0.0	0	411.5975978076167	2647.7280116887996	1	0	tensor(3)	2.0378122918251664
263716.55175276526	3000.0	931.1762589233149	0.0	0	0.0	2647.7280116887705	1	0	tensor(3)	2.037812291825167
265283.0457137356	2000.0	364.6822979529418	0.0	0	0.0	2647.7280116887414	1	0	tensor(3)	1.2268820756088408
265818.3518632486	1000.0	829.3761484399774	0.0	0	0.0	2647.7280116887414	1	0	tensor(3)	0.24605282259711678
266576.434398319	2000.0	1071.2936133696526	0.0	0	0.0	2647.728011688858	1	0	tensor(3)	0.9392000031570515
267441.7431621222	2000.0	1205.9848495664482	0.0	0	0.0	2647.728011688916	1	0	tensor(3)	1.6323471837169934
268451.34941692516	2000.0	1196.378594763492	0.0	0	0.0	2647.728011688916	1	0	tensor(3)	1.6323471837169898
269840.11373100756	2000.0	807.6142806810788	0.0	0	0.0	2647.728011688916	1	0	tensor(3)	1.6323471837169898
271008.5084472394	2000.0	639.2195644491997	0.0	0	0.0	2647.728011688858	1	0	tensor(3)	1.6323471837169956
272095.16504264245	2000.0	552.562969046227	0.0	0	0.0	2647.728011688858	1	0	tensor(3)	1.6323471837169956
272831.62723824976	2000.0	816.1007734388803	0.0	0	0.0	2647.728011688858	1	0	tensor(3)	1.6323471837169956
273450.6448502652	2000.0	1197.0831614235308	0.0	0	0.0	2647.728011688916	1	0	tensor(3)	1.6323471837169898
274009.8365422176	2000.0	1637.891469471082	0.0	0	0.0	2647.728011688916	1	0	tensor(3)	1.6323471837169898
274887.34525440313	3000.0	1760.382757285473	0.0	0	0.0	2647.728011688916	1	0	tensor(3)	1.6323471837169898
275587.9573879732	3000.0	2059.7706237154516	0.0	0	0.0	2647.728011688916	1	0	tensor(3)	2.037812291825153
276218.7313594167	3000.0	2428.996652271989	0.0	0	0.0	2647.728011688858	1	0	tensor(3)	2.03781229182516
277200.0	3000.0	2447.728011688674	0.0	0	158.01565435878	2647.7280116887996	1	0	tensor(3)	2.0378122918251664
278200.0	3000.0	2447.7280116886745	0.0	0	362.59532123518875	2647.728011688858	1	0	tensor(3)	2.03781229182516
279200.0	3000.0	2447.728011688712	0.0	0	27.7507515734178	2647.728011688858	1	0	tensor(3)	2.03781229182516
280913.86803504947	3000.0	1733.8599766392563	0.0	0	0.0	2647.728011688858	1	0	tensor(3)	2.03781229182516
282109.7144434516	3000.0	1538.013568237129	0.0	0	0.0	2647.728011688858	1	0	tensor(3)	2.03781229182516
283130.21604232944	3000.0	1517.5119693592676	0.0	0	0.0	2647.728011688858	1	0	tensor(3)	2.03781229182516
283801.87714969285	3000.0	1845.8508619958081	0.0	0	0.0	2647.728011688858	1	0	tensor(3)	2.03781229182516
284852.4701078519	3000.0	1795.257903836768	0.0	0	0.0	2647.728011688858	1	0	tensor(3)	2.03781229182516
286768.4697774263	3000.0	879.258234262424	0.0	0	0.0	2647.728011688858	1	0	tensor(3)	2.03781229182516
288450.04207827506	2000.0	200.0	2.3140665863603544	0	0.0	2650.0420782752335	1	0	tensor(3)	1.2129513947589414
289162.88114869606	1000.0	655.0010549472094	167.84012536827478	0	0.0	2817.8822036435013	1	0	tensor(3)	-0.778003348808008
289923.4296712877	1000.0	894.4525323555571	0.0	0	0.0	2817.8822036435013	1	0	tensor(3)	0.9221845839615861
290556.372732917	1000.0	1261.5094707261978	0.0	0	0.0	2817.8822036435013	1	0	tensor(3)	0.9221845839615861
291463.7172185672	1000.0	1354.1649850760364	0.0	0	0.0	2817.882203643443	1	0	tensor(3)	0.9221845839615919
292340.0716796908	1000.0	1477.8105239524805	0.0	0	0.0	2817.8822036435013	1	0	tensor(3)	0.9221845839615861
293014.0503601429	1000.0	1803.831843500357	0.0	0	0.0	2817.8822036435595	1	0	tensor(3)	0.9221845839615803
293841.13425876875	1000.0	1976.747944874472	0.0	0	0.0	2817.8822036435595	1	0	tensor(3)	0.9221845839615803
294727.48301858414	1000.0	2090.3991850591083	0.0	0	0.0	2817.8822036435595	1	0	tensor(3)	0.9221845839615803
295325.73661617446	1000.0	2492.145587468737	0.0	0	0.0	2817.882203643443	1	0	tensor(3)	0.9221845839615872
296200.0	1000.0	2617.8822036432316	0.0	0	69.13965735351667	2817.882203643443	1	0	tensor(3)	0.9221845839615919
297200.0	1000.0	2617.8822036432084	0.0	0	50.4020903041237	2817.882203643443	1	0	tensor(3)	0.9221845839615919
298453.83094672085	1000.0	2364.0512569223915	0.0	0	0.0	2817.882203643443	1	0	tensor(3)	0.9221845839615919
299334.5108457694	1000.0	2483.3713578738934	0.0	0	0.0	2817.882203643443	1	0	tensor(3)	0.9221845839615919
300200.0	1000.0	2617.8822036432775	0.0	0	211.5401957029244	2817.882203643443	1	0	tensor(3)	0.9221845839615919
301200.0	1000.0	2617.882203643293	0.0	0	501.4308797674021	2817.882203643443	1	0	tensor(3)	0.9221845839615919
302253.75797639444	2000.0	2564.124227248906	0.0	0	0.0	2817.882203643385	1	0	tensor(3)	0.9221845839615976
303235.53695243766	2000.0	2582.345251205696	0.0	0	0.0	2817.882203643385	1	0	tensor(3)	1.6153317645215428
305022.2749567295	3000.0	1795.607246913897	0.0	0	0.0	2817.882203643385	1	0	tensor(3)	1.615331764521543
306203.55949326337	2000.0	1614.3227103800969	0.0	0	0.0	2817.882203643443	1	0	tensor(3)	1.2098666564133724
306847.85121631174	2000.0	1970.0309873317326	0.0	0	0.0	2817.882203643443	1	0	tensor(3)	1.615331764521537
2.14	1.91	1.91	2.42	2.98	3.15	2.17	1.22	1.63	2.06	2.33	2.34	2.26	1.91	1.81	2.32	2.92	3.09	2.07	2.5	3.09	2.15	1.41	1.99	2.78	3.22	3.81	3.9	1.77	1.37	1.98	1.85	2.37	2.07	1.54	1.16	0.9	2.35	2.97	2.95	2.77	2.48	3.13	2.06	0.83	0.89	0.71	1.15	1.15	1.73	1.71	2.32	2.5	2.46	3.13	3.08	3.29	3.65	4.08	4.83	3.73	2.84	3.43	3.28	2.59	1.95	2.19	2.48	2.44	2.86	3.5	3.72	2.2	2.02	1.48	2.15	2.78	3.39	2.46	2.27	2.51	3.06	2.36	1.38	0.95	1.3	1.88	2.4	2.47	2.12	1.26	1.42	1.25	1.95	1.99	2.05	2.65	3.1	2.41	1.45	1.91	2.46	2.99	3.53	3.45	3.67	3.92	1.56	0.97	1.47	1.66	2.27	2.85	2.65	2.06	1.82	2.12	2.66	2.73	3.1	3.5	3.92	3.74	4.17	3.2	2.44	2.22	2.68	3.29	3.8	3.38	1.36	0.95	1.25	1.17	1.55	1.63	1.38	1.59	1.15	1.3	1.1	1.48	0.95	0.96	1.49	2.09	2.1	2.63	2.71	2.14	1.91	1.91	2.42	2.98	3.15	2.17	1.22	1.63	2.06	2.33	2.34	2.26	1.91	1.81	2.32	2.92	3.09	2.07	2.5	3.09	2.15	1.41	1.99	2.78	3.22	3.81	3.9	1.77	1.37	1.98	1.85	2.37	2.07	1.54	1.16	0.9	2.35	2.97	2.95	2.77	2.48	3.13	2.06	0.83	0.89	0.71	1.15	1.15	1.73	1.71	2.32	2.5	2.46	3.13	3.08	3.29	3.65	4.08	4.83	3.73	2.84	3.43	3.28	2.59	1.95	2.19	2.48	2.44	2.86	3.5	3.72	2.2	2.02	1.48	2.15	2.78	3.39	2.46	2.27	2.51	3.06	2.36	1.38	0.95	1.3	1.88	2.4	2.47	2.12	1.26	1.42	1.25	1.95	1.99	2.05	2.65	3.1	2.41	1.45	1.91	2.46	2.99	3.53	3.45	3.67	3.92	1.56	0.97	1.47	1.66	2.27	2.85	2.65	2.06	1.82	2.12	2.66	2.73	3.1	3.5	3.92	3.74	4.17	3.2	2.44	2.22	2.68	3.29	3.8	3.38	1.36	0.95	1.25	1.17	1.55	1.63	1.38	1.59	1.15	1.3	1.1	1.48	0.95	0.96	1.49	2.09	2.1	2.63	2.71	2.14	1.91	1.91	2.42	2.98	3.15
1.0	2.0	3.0	4.0	5.0	6.0	7.0	8.0	9.0	10.0	11.0	12.0	13.0	14.0	15.0	16.0	17.0	18.0	19.0	20.0	21.0	22.0	23.0	24.0	25.0	26.0	27.0	28.0	29.0	30.0	31.0	32.0	33.0	34.0	35.0	36.0	37.0	38.0	39.0	40.0	41.0	42.0	43.0	44.0	45.0	46.0	47.0	48.0	49.0	50.0	51.0	52.0	53.0	54.0	55.0	56.0	57.0	58.0	59.0	60.0	61.0	62.0	63.0	64.0	65.0	66.0	67.0	68.0	69.0	70.0	71.0	72.0	73.0	74.0	75.0	76.0	77.0	78.0	79.0	80.0	81.0	82.0	83.0	84.0	85.0	86.0	87.0	88.0	89.0	90.0	91.0	92.0	93.0	94.0	95.0	96.0	97.0	98.0	99.0	100.0	101.0	102.0	103.0	104.0	105.0	106.0	107.0	108.0	109.0	110.0	111.0	112.0	113.0	114.0	115.0	116.0	117.0	118.0	119.0	120.0	121.0	122.0	123.0	124.0	125.0	126.0	127.0	128.0	129.0	130.0	131.0	132.0	133.0	134.0	135.0	136.0	137.0	138.0	139.0	140.0	141.0	142.0	143.0	144.0	145.0	146.0	147.0	148.0	149.0	149.0	150.0	151.0	152.0	153.0	154.0	155.0	156.0	157.0	158.0	159.0	160.0	161.0	162.0	163.0	164.0	165.0	166.0	167.0	168.0	169.0	170.0	171.0	172.0	173.0	174.0	175.0	176.0	177.0	178.0	179.0	180.0	181.0	182.0	183.0	184.0	185.0	186.0	187.0	188.0	189.0	190.0	191.0	192.0	193.0	194.0	195.0	196.0	197.0	198.0	199.0	200.0	201.0	202.0	203.0	204.0	205.0	206.0	207.0	208.0	209.0	210.0	211.0	212.0	213.0	214.0	215.0	216.0	217.0	218.0	219.0	220.0	221.0	222.0	223.0	224.0	225.0	226.0	227.0	228.0	229.0	230.0	231.0	232.0	233.0	234.0	235.0	236.0	237.0	238.0	239.0	240.0	241.0	242.0	243.0	244.0	245.0	246.0	247.0	248.0	249.0	250.0	251.0	252.0	253.0	254.0	255.0	256.0	257.0	258.0	259.0	260.0	261.0	262.0	263.0	264.0	265.0	266.0	267.0	268.0	269.0	270.0	271.0	272.0	273.0	274.0	275.0	276.0	277.0	278.0	279.0	280.0	281.0	282.0	283.0	284.0	285.0	286.0	287.0	288.0	289.0	290.0	291.0	292.0	293.0	294.0	295.0	296.0	297.0	298.0	298.0	299.0	300.0	301.0	302.0	303.0	304.0
5268.994954656605
