6010.013381203037	300.0	2000.0	294.398924688584	0	0.0	6010.013381203037	1	0	tensor(3)	-2.3606886830701526
6941.440486145278	1000.0	2068.5728950577586	0.0	0	0.0	6010.013381203036	1	0	tensor(3)	-0.6010013381203037
8344.308459802936	1000.0	1665.704921400098	0.0	0	0.0	4010.0133812030344	1	0	tensor(6)	-5.197028533794369
9256.573541678426	1000.0	1753.4398395246087	0.0	0	0.0	4010.0133812030363	1	0	tensor(3)	0.8029714662056328
9861.375421120922	1000.0	2148.6379600821124	0.0	0	0.0	4010.0133812030344	1	0	tensor(3)	0.8029714662056326
10509.208556962458	1000.0	2500.804824240576	0.0	0	0.0	4010.0133812030344	1	0	tensor(3)	0.8029714662056329
11848.86430288752	1000.0	2161.149078315514	0.0	0	0.0	4010.0133812030344	1	0	tensor(3)	0.8029714662056329
13023.145457859151	1000.0	1986.8679233438818	0.0	0	0.0	4010.0133812030326	1	0	tensor(3)	0.8029714662056326
14189.555439051486	1000.0	1820.4579421515464	0.0	0	0.0	4010.0133812030344	1	0	tensor(3)	0.8029714662056329
15118.310814505943	1000.0	1891.7025666970883	0.0	0	0.0	4010.0133812030344	1	0	tensor(3)	0.8029714662056329
16034.508010409114	1000.0	1975.5053707939178	0.0	0	0.0	4010.0133812030326	1	0	tensor(3)	0.8029714662056329
17013.749996272014	1000.0	1996.2633849310146	0.0	0	0.0	4010.013381203031	1	0	tensor(3)	0.802971466205633
18077.0606934372	1000.0	1932.9526877658304	0.0	0	0.0	4010.0133812030363	1	0	tensor(3)	0.8029714662056328
19045.02694404319	1000.0	1964.9864371598403	0.0	0	0.0	4010.0133812030363	1	0	tensor(3)	0.8029714662056325
20019.743934572376	1000.0	1990.269446630659	0.0	0	0.0	4010.0133812030417	1	0	tensor(3)	0.8029714662056323
21293.63995100196	1000.0	1716.373430201081	0.0	0	0.0	4010.0133812030435	1	0	tensor(3)	0.8029714662056319
22696.260789098436	1000.0	1313.752592104598	0.0	0	0.0	4010.0133812030435	1	0	tensor(3)	0.8029714662056319
23948.89903551176	1000.0	1061.1143456912764	0.0	0	0.0	4010.0133812030435	1	0	tensor(3)	0.8029714662056319
25655.73817095832	1000.0	354.2752102447175	0.0	0	0.0	4010.0133812030435	1	0	tensor(3)	0.8029714662056319
26804.301117054554	1000.0	396.69323394268883	190.98096979420677	0	0.0	4200.994350997251	1	0	tensor(3)	-0.36201244953902956
27667.003854825623	1000.0	533.9904961716234	0.0	0	0.0	4200.9943509972545	1	0	tensor(3)	0.7838733692262106
28999.856266405903	1000.0	260.1772678790037	59.03918328765701	0	0.0	4260.03353428491	1	0	tensor(3)	0.42373435117150304
29536.00175268456	500.0	724.031781600351	0.0	0	0.0	4260.03353428491	1	0	tensor(3)	-0.6083249102224458
30254.713922517203	500.0	1005.3196117677073	0.0	0	0.0	4260.03353428491	1	0	tensor(3)	0.08482227033749963
31275.138442013824	1000.0	984.8950922710859	0.0	0	0.0	4260.033534284914	1	0	tensor(3)	0.08482227033749948
32467.90221496049	1000.0	792.1313193244242	0.0	0	0.0	4260.033534284914	1	0	tensor(3)	0.7779694508974446
32994.73200834532	1000.0	1265.3015259395881	0.0	0	0.0	4260.03353428491	1	0	tensor(3)	0.7779694508974451
33532.74041629771	1000.0	1727.2931179872025	0.0	0	0.0	4260.03353428491	1	0	tensor(3)	0.7779694508974447
34166.61082511697	1000.0	2093.4227091679486	0.0	0	0.0	4260.033534284921	1	0	tensor(3)	0.7779694508974446
35244.420443782794	1000.0	2015.6130905021246	0.0	0	0.0	4260.033534284918	1	0	tensor(3)	0.777969450897444
36079.31442249519	1000.0	2180.7191117897337	0.0	0	0.0	4260.033534284921	1	0	tensor(3)	0.7779694508974444
37352.37682200469	1000.0	1907.6567122802285	0.0	0	0.0	4260.033534284921	1	0	tensor(3)	0.7779694508974442
38908.7453222482	1000.0	1351.2882120367187	0.0	0	0.0	4260.033534284921	1	0	tensor(3)	0.7779694508974442
39777.156020927745	1000.0	1482.877513357172	0.0	0	0.0	4260.033534284921	1	0	tensor(3)	0.7779694508974442
40907.02757280522	1000.0	1353.005961479701	0.0	0	0.0	4260.0335342849285	1	0	tensor(3)	0.7779694508974433
42405.71491836979	1000.0	854.3186159151343	0.0	0	0.0	4260.0335342849285	1	0	tensor(3)	0.7779694508974433
43583.292506981845	1000.0	676.7410273030787	0.0	0	0.0	4260.0335342849285	1	0	tensor(3)	0.7779694508974433
44876.4304981731	1000.0	383.6030361118349	0.0	0	0.0	4260.0335342849285	1	0	tensor(3)	0.7779694508974433
45900.15855447502	1000.0	533.5248501796309	173.64987036972093	0	0.0	4433.68340465465	1	0	tensor(3)	-0.28129475835785456
47030.3772683488	1000.0	403.30613630585157	0.0	0	0.0	4433.68340465465	1	0	tensor(3)	0.7606044638604712
47864.79194451661	500.0	568.8914601380357	0.0	0	0.0	4433.68340465465	1	0	tensor(3)	-0.6256898972594199
48685.55022545078	500.0	748.1331792038673	0.0	0	0.0	4433.68340465465	1	0	tensor(3)	0.06745728330052561
49444.571795112344	500.0	989.111609542314	0.0	0	0.0	4433.683404654657	1	0	tensor(3)	0.06745728330052492
50754.614341192035	1000.0	679.0690634626242	0.0	0	0.0	4433.683404654657	1	0	tensor(3)	0.06745728330052492
51978.01500259401	1000.0	455.6684020606449	0.0	0	0.0	4433.68340465465	1	0	tensor(3)	0.7606044638604712
52613.11195749502	500.0	820.5714471596382	0.0	0	0.0	4433.68340465465	1	0	tensor(3)	-0.6256898972594199
53397.87570578095	500.0	1035.807698873705	0.0	0	0.0	4433.683404654657	1	0	tensor(3)	0.06745728330052492
54923.41200057304	1000.0	510.27140408161796	0.0	0	0.0	4433.683404654657	1	0	tensor(3)	0.06745728330052492
55457.07827081639	500.0	976.6051338382683	0.0	0	0.0	4433.68340465465	1	0	tensor(3)	-0.6256898972594199
56867.290467446204	1000.0	566.3929372084608	0.0	0	0.0	4433.68340465465	1	0	tensor(3)	0.0674572833005257
57980.46951314141	500.0	562.4401023710632	109.22621085781671	0	0.0	4542.909615512464	1	0	tensor(3)	-1.2919697834921013
58633.05198295888	500.0	909.8576325535968	0.0	0	0.0	4542.909615512457	1	0	tensor(3)	0.05653466221474501
59637.82216699937	1000.0	905.0874485131028	0.0	0	0.0	4542.909615512464	1	0	tensor(3)	0.056534662214744374
60372.94103905544	1000.0	1169.9685764570302	0.0	0	0.0	4542.909615512464	1	0	tensor(3)	0.7496818427746897
61653.39841586155	1000.0	889.51119965092	0.0	0	0.0	4542.909615512464	1	0	tensor(3)	0.7496818427746897
62906.39124641174	1000.0	636.5183691007361	0.0	0	0.0	4542.909615512464	1	0	tensor(3)	0.7496818427746897
63625.72712587068	1000.0	917.1824896417897	0.0	0	0.0	4542.909615512464	1	0	tensor(3)	0.7496818427746897
64135.49904691911	1000.0	1407.4105685933678	0.0	0	0.0	4542.909615512464	1	0	tensor(3)	0.7496818427746897
64646.74529596183	1000.0	1896.1643195506554	0.0	0	0.0	4542.909615512472	1	0	tensor(3)	0.749681842774689
65396.18235015025	1000.0	2146.7272653622367	0.0	0	0.0	4542.909615512472	1	0	tensor(3)	0.749681842774689
66631.04195292619	1000.0	1911.8676625863147	0.0	0	0.0	4542.909615512486	1	0	tensor(3)	0.7496818427746879
67553.19949330339	1000.0	1989.710122209113	0.0	0	0.0	4542.909615512479	1	0	tensor(3)	0.749681842774688
68697.22225762377	1000.0	1845.6873578887207	0.0	0	0.0	4542.909615512472	1	0	tensor(3)	0.7496818427746887
69482.89308184492	1000.0	2060.01653366758	0.0	0	0.0	4542.909615512479	1	0	tensor(3)	0.7496818427746893
70153.30058040268	1000.0	2389.6090351098233	0.0	0	0.0	4542.909615512486	1	0	tensor(3)	0.7496818427746883
71056.99338368396	1000.0	2485.916231828548	0.0	0	0.0	4542.909615512486	1	0	tensor(3)	0.7496818427746875
72630.41898424554	1000.0	1912.4906312669702	0.0	0	0.0	4542.909615512486	1	0	tensor(3)	0.7496818427746875
74022.32400044518	1000.0	1520.5856150673328	0.0	0	0.0	4542.909615512486	1	0	tensor(3)	0.7496818427746875
75937.69052863079	1000.0	605.2190868817158	0.0	0	0.0	4542.909615512486	1	0	tensor(3)	0.7496818427746875
76658.01153307428	500.0	884.8980824382195	0.0	0	0.0	4542.909615512486	1	0	tensor(3)	-0.6366125183452032
77666.95932655991	1000.0	875.9502889525955	0.0	0	0.0	4542.909615512486	1	0	tensor(3)	0.056534662214742154
78976.46992339764	1000.0	566.4396921148533	0.0	0	0.0	4542.909615512486	1	0	tensor(3)	0.7496818427746875
80004.92880952723	1000.0	537.9808059852548	0.0	0	0.0	4542.909615512472	1	0	tensor(3)	0.749681842774689
80531.25764704462	500.0	1011.6519684678781	0.0	0	0.0	4542.909615512472	1	0	tensor(3)	-0.636612518345202
81441.25783851287	1000.0	1101.651776999626	0.0	0	0.0	4542.909615512472	1	0	tensor(3)	0.05653466221474357
82215.0226615514	1000.0	1327.8869539611132	0.0	0	0.0	4542.909615512486	1	0	tensor(3)	0.7496818427746875
83065.9210740144	1000.0	1476.988541498105	0.0	0	0.0	4542.909615512501	1	0	tensor(3)	0.7496818427746861
84131.13852749091	1000.0	1411.7710880216166	0.0	0	0.0	4542.909615512501	1	0	tensor(3)	0.7496818427746861
85141.98701205319	1000.0	1400.9226034593444	0.0	0	0.0	4542.909615512501	1	0	tensor(3)	0.7496818427746861
86262.75316001075	1000.0	1280.156455501778	0.0	0	0.0	4542.909615512501	1	0	tensor(3)	0.7496818427746861
87328.32257584424	1000.0	1214.587039668284	0.0	0	0.0	4542.909615512486	1	0	tensor(3)	0.7496818427746875
88168.64292352837	1000.0	1374.266691984164	0.0	0	0.0	4542.909615512501	1	0	tensor(3)	0.7496818427746861
88862.55892258826	1000.0	1680.3506929242878	0.0	0	0.0	4542.909615512501	1	0	tensor(3)	0.7496818427746861
89637.21280314427	1000.0	1905.69681236827	0.0	0	0.0	4542.909615512515	1	0	tensor(3)	0.7496818427746845
90276.11113349345	1000.0	2266.798482019091	0.0	0	0.0	4542.90961551253	1	0	tensor(3)	0.7496818427746832
90981.33887318654	1000.0	2561.5707423260087	0.0	0	0.0	4542.90961551253	1	0	tensor(3)	0.7496818427746832
91615.42846314474	1000.0	2927.4811523678145	0.0	0	0.0	4542.90961551253	1	0	tensor(3)	0.7496818427746832
92786.2000255662	2000.0	2756.7095899463493	0.0	0	0.0	4542.90961551253	1	0	tensor(3)	0.7496818427746832
93526.83685903094	1000.0	3016.0727564816048	0.0	0	0.0	4542.90961551253	1	0	tensor(3)	0.05653466221473802
94718.09381537593	1000.0	2824.815800136617	0.0	0	0.0	4542.90961551253	1	0	tensor(3)	0.7496818427746832
95901.16399621245	1000.0	2641.7456193001085	0.0	0	0.0	4542.90961551253	1	0	tensor(3)	0.7496818427746832
96830.53838611384	1000.0	2712.371229398713	0.0	0	0.0	4542.909615512544	1	0	tensor(3)	0.7496818427746816
97552.57529473798	1000.0	2990.3343207745716	0.0	0	0.0	4542.909615512544	1	0	tensor(3)	0.7496818427746816
98104.7128917617	1000.0	3438.1967237508707	0.0	0	0.0	4542.90961551253	1	0	tensor(3)	0.7496818427746832
99795.90524493855	2000.0	2747.004370574024	0.0	0	0.0	4542.90961551253	1	0	tensor(3)	0.7496818427746832
101066.02788768007	1000.0	2476.881727832491	0.0	0	0.0	4542.90961551253	1	0	tensor(3)	0.05653466221473802
102367.87811285429	1000.0	2175.0315026582675	0.0	0	0.0	4542.90961551253	1	0	tensor(3)	0.7496818427746832
103099.84468631854	1000.0	2443.0649291940117	0.0	0	0.0	4542.909615512515	1	0	tensor(3)	0.7496818427746845
103795.992724163	1000.0	2746.916891349534	0.0	0	0.0	4542.909615512515	1	0	tensor(3)	0.7496818427746845
104441.90473174352	1000.0	3101.004883769031	0.0	0	0.0	4542.909615512515	1	0	tensor(3)	0.7496818427746845
105153.60064724933	1000.0	3389.308968263214	0.0	0	0.0	4542.909615512501	1	0	tensor(3)	0.7496818427746861
107046.32731069	2000.0	2496.58230482254	0.0	0	0.0	4542.909615512486	1	0	tensor(3)	0.7496818427746873
108534.61470321643	1000.0	2008.2949122960963	0.0	0	0.0	4542.909615512486	1	0	tensor(3)	0.056534662214742376
109593.23694695056	1000.0	1949.6726685619592	0.0	0	0.0	4542.909615512486	1	0	tensor(3)	0.7496818427746875
110311.97901029253	1000.0	2230.9306052199927	0.0	0	0.0	4542.909615512486	1	0	tensor(3)	0.7496818427746875
111372.42318981924	1000.0	2170.486425693285	0.0	0	0.0	4542.909615512486	1	0	tensor(3)	0.7496818427746875
112578.51730744356	1000.0	1964.392308068948	0.0	0	0.0	4542.909615512472	1	0	tensor(3)	0.749681842774689
113280.48422904465	1000.0	2262.4253864678426	0.0	0	0.0	4542.909615512472	1	0	tensor(3)	0.749681842774689
114160.0728690388	1000.0	2382.836746473687	0.0	0	0.0	4542.909615512472	1	0	tensor(3)	0.749681842774689
115143.08666207205	1000.0	2399.8229534404454	0.0	0	0.0	4542.909615512472	1	0	tensor(3)	0.749681842774689
116049.31978990267	1000.0	2493.5898256098144	0.0	0	0.0	4542.909615512472	1	0	tensor(3)	0.749681842774689
116906.24479596403	1000.0	2636.664819548463	0.0	0	0.0	4542.909615512472	1	0	tensor(3)	0.749681842774689
117990.46755388226	1000.0	2552.4420616302154	0.0	0	0.0	4542.909615512472	1	0	tensor(3)	0.749681842774689
118975.39762120988	1000.0	2567.511994302603	0.0	0	0.0	4542.909615512486	1	0	tensor(3)	0.7496818427746875
119753.44194750968	1000.0	2789.467668002809	0.0	0	0.0	4542.909615512472	1	0	tensor(3)	0.749681842774689
120437.22502865805	1000.0	3105.6845868544433	0.0	0	0.0	4542.909615512472	1	0	tensor(3)	0.749681842774689
121109.16735905308	1000.0	3433.7422564594212	0.0	0	0.0	4542.909615512472	1	0	tensor(3)	0.749681842774689
122915.2689355896	1000.0	2627.640679922908	0.0	0	0.0	4542.909615512486	1	0	tensor(3)	0.7496818427746875
123993.58349098195	1000.0	2549.326124530555	0.0	0	0.0	4542.909615512486	1	0	tensor(3)	0.7496818427746875
124801.89292213832	1000.0	2741.0166933741853	0.0	0	0.0	4542.909615512486	1	0	tensor(3)	0.7496818427746875
125622.96679994313	1000.0	2919.9428155693813	0.0	0	0.0	4542.909615512501	1	0	tensor(3)	0.7496818427746861
126583.78791563284	1000.0	2959.121699879664	0.0	0	0.0	4542.909615512501	1	0	tensor(3)	0.7496818427746861
127208.57140789382	1000.0	3334.3382076186817	0.0	0	0.0	4542.909615512515	1	0	tensor(3)	0.7496818427746845
129092.54330310652	2000.0	2450.366312405985	0.0	0	0.0	4542.909615512515	1	0	tensor(3)	0.7496818427746845
129864.17583045432	1000.0	2678.7337850581816	0.0	0	0.0	4542.909615512515	1	0	tensor(3)	0.05653466221473935
130950.22048060787	1000.0	2592.6891349046355	0.0	0	0.0	4542.909615512515	1	0	tensor(3)	0.7496818427746845
131858.66210866766	1000.0	2684.247506844847	0.0	0	0.0	4542.90961551253	1	0	tensor(3)	0.7496818427746837
132707.29114790115	1000.0	2835.618467611359	0.0	0	0.0	4542.90961551253	1	0	tensor(3)	0.7496818427746845
133511.97168024105	1000.0	3030.9379352714495	0.0	0	0.0	4542.909615512515	1	0	tensor(3)	0.7496818427746841
134655.32205859548	1000.0	2887.587556917029	0.0	0	0.0	4542.90961551253	1	0	tensor(3)	0.7496818427746829
135928.8695281413	1000.0	2614.040087371152	0.0	0	0.0	4542.909615512501	1	0	tensor(3)	0.7496818427746857
136854.8487734248	1000.0	2688.060842087666	0.0	0	0.0	4542.909615512501	1	0	tensor(3)	0.7496818427746861
137934.8179824362	1000.0	2608.0916330762725	0.0	0	0.0	4542.909615512501	1	0	tensor(3)	0.7496818427746861
139156.66555762646	1000.0	2386.2440578859687	0.0	0	0.0	4542.909615512501	1	0	tensor(3)	0.7496818427746861
140284.98542219773	1000.0	2257.924193314708	0.0	0	0.0	4542.90961551253	1	0	tensor(3)	0.7496818427746832
141666.78272481918	1000.0	1876.12689069327	0.0	0	0.0	4542.90961551253	1	0	tensor(3)	0.7496818427746832
142456.64500762118	1000.0	2086.2646078912453	0.0	0	0.0	4542.90961551253	1	0	tensor(3)	0.7496818427746832
143359.98494251815	1000.0	2182.9246729942656	0.0	0	0.0	4542.90961551253	1	0	tensor(3)	0.7496818427746832
144889.32884487294	1000.0	1653.5807706394564	0.0	0	0.0	4542.909615512559	1	0	tensor(3)	0.7496818427746801
146091.47410918417	1000.0	1451.4355063282387	0.0	0	0.0	4542.909615512559	1	0	tensor(3)	0.7496818427746801
147086.12848297978	1000.0	1456.7811325326147	0.0	0	0.0	4542.909615512559	1	0	tensor(3)	0.7496818427746801
148495.69712654152	1000.0	1047.2124889708923	0.0	0	0.0	4542.909615512559	1	0	tensor(3)	0.7496818427746801
149442.80253119013	500.0	1100.1070843222917	0.0	0	0.0	4542.90961551253	1	0	tensor(3)	-0.6366125183452076
149965.35183705963	500.0	1577.557778452783	0.0	0	0.0	4542.90961551253	1	0	tensor(3)	0.05653466221473773
151144.64274946428	1000.0	1398.2668660481406	0.0	0	0.0	4542.90961551253	1	0	tensor(3)	0.056534662214737796
152543.58367180996	1000.0	999.3259437024453	0.0	0	0.0	4542.90961551253	1	0	tensor(3)	0.7496818427746832
153815.09372891125	500.0	727.8158866011715	0.0	0	0.0	4542.909615512559	1	0	tensor(3)	-0.6366125183452107
154402.2462042842	500.0	1140.6634112282231	0.0	0	0.0	4542.909615512559	1	0	tensor(3)	0.05653466221473474
155229.0781082656	1000.0	1313.8315072468536	0.0	0	0.0	4542.909615512559	1	0	tensor(3)	0.0565346622147348
156135.4437200643	1000.0	1407.4658954481251	0.0	0	0.0	4542.90961551253	1	0	tensor(3)	0.7496818427746832
157460.61546813426	1000.0	1082.294147378168	0.0	0	0.0	4542.909615512501	1	0	tensor(3)	0.7496818427746861
158134.7369990387	1000.0	1408.172616473755	0.0	0	0.0	4542.909615512472	1	0	tensor(3)	0.749681842774689
158725.63154477155	1000.0	1817.278070740894	0.0	0	0.0	4542.909615512472	1	0	tensor(3)	0.749681842774689
159397.52121404008	1000.0	2145.3884014723476	0.0	0	0.0	4542.909615512472	1	0	tensor(3)	0.749681842774689
160523.86038870618	1000.0	2019.0492268062608	0.0	0	0.0	4542.909615512501	1	0	tensor(3)	0.7496818427746884
161613.88578509024	1000.0	1929.0238304222325	0.0	0	0.0	4542.909615512501	1	0	tensor(3)	0.7496818427746861
163051.09452080715	1000.0	1491.8150947053566	0.0	0	0.0	4542.909615512501	1	0	tensor(3)	0.7496818427746861
163898.01148813174	1000.0	1644.8981273807767	0.0	0	0.0	4542.909615512472	1	0	tensor(3)	0.749681842774689
164682.64223604157	1000.0	1860.267379470961	0.0	0	0.0	4542.909615512472	1	0	tensor(3)	0.749681842774689
166139.99255351923	1000.0	1402.917061993297	0.0	0	0.0	4542.909615512472	1	0	tensor(3)	0.749681842774689
167197.21817768965	1000.0	1345.6914378228637	0.0	0	0.0	4542.909615512472	1	0	tensor(3)	0.749681842774689
168021.58947729497	1000.0	1521.3201382175448	0.0	0	0.0	4542.909615512472	1	0	tensor(3)	0.749681842774689
169107.04542230786	1000.0	1435.8641932046683	0.0	0	0.0	4542.909615512501	1	0	tensor(3)	0.7496818427746861
170124.51120571676	1000.0	1418.3984097957668	0.0	0	0.0	4542.909615512501	1	0	tensor(3)	0.7496818427746861
171170.31851915517	1000.0	1372.5910963573854	0.0	0	0.0	4542.90961551253	1	0	tensor(3)	0.7496818427746832
172490.5233525045	1000.0	1052.3862630080766	0.0	0	0.0	4542.90961551253	1	0	tensor(3)	0.7496818427746832
173938.83571483011	1000.0	604.0739006824772	0.0	0	0.0	4542.90961551253	1	0	tensor(3)	0.7496818427746832
174636.22767813795	500.0	906.6819373746371	0.0	0	0.0	4542.909615512501	1	0	tensor(3)	-0.6366125183452048
175559.8427070462	1000.0	983.066908466364	0.0	0	0.0	4542.909615512472	1	0	tensor(3)	0.05653466221474182
176518.6111652205	1000.0	1024.2984502920535	0.0	0	0.0	4542.909615512472	1	0	tensor(3)	0.749681842774689
177808.81013161078	1000.0	734.0994839018108	0.0	0	0.0	4542.909615512472	1	0	tensor(3)	0.749681842774689
179026.59303765767	1000.0	516.316577854948	0.0	0	0.0	4542.909615512472	1	0	tensor(3)	0.749681842774689
179925.7728868802	500.0	617.1367286323978	0.0	0	0.0	4542.909615512472	1	0	tensor(3)	-0.636612518345202
180632.55634762262	500.0	910.3532678899822	0.0	0	0.0	4542.909615512472	1	0	tensor(3)	0.056534662214743486
181441.22986711568	1000.0	1101.6797483969535	0.0	0	0.0	4542.909615512472	1	0	tensor(3)	0.05653466221474357
182066.60862438192	1000.0	1476.3009911307054	0.0	0	0.0	4542.9096155124425	1	0	tensor(3)	0.7496818427746919
182838.5511728048	1000.0	1704.358442707859	0.0	0	0.0	4542.9096155124425	1	0	tensor(3)	0.7496818427746919
183584.6367131428	1000.0	1958.2729023698723	0.0	0	0.0	4542.9096155124425	1	0	tensor(3)	0.7496818427746919
184576.15456108187	1000.0	1966.7550544308137	0.0	0	0.0	4542.9096155124425	1	0	tensor(3)	0.7496818427746919
185566.57904911973	1000.0	1976.3305663929782	0.0	0	0.0	4542.9096155124425	1	0	tensor(3)	0.7496818427746919
186940.747152991	1000.0	1602.16246252167	0.0	0	0.0	4542.9096155124425	1	0	tensor(3)	0.7496818427746919
188086.5169424666	1000.0	1456.3926730460669	0.0	0	0.0	4542.9096155124425	1	0	tensor(3)	0.7496818427746919
188709.04175174076	1000.0	1833.8678637719236	0.0	0	0.0	4542.909615512472	1	0	tensor(3)	0.749681842774689
189683.59502701735	1000.0	1859.3145884953378	0.0	0	0.0	4542.909615512472	1	0	tensor(3)	0.749681842774689
190811.7565972826	1000.0	1731.1530182300812	0.0	0	0.0	4542.9096155124425	1	0	tensor(3)	0.7496818427746919
192283.63663973793	1000.0	1259.272975774728	0.0	0	0.0	4542.9096155124425	1	0	tensor(3)	0.7496818427746919
193311.5518075863	1000.0	1231.3578079263648	0.0	0	0.0	4542.909615512472	1	0	tensor(3)	0.749681842774689
194470.2052673099	1000.0	1072.7043482027839	0.0	0	0.0	4542.909615512472	1	0	tensor(3)	0.749681842774689
195033.29266439835	1000.0	1509.6169511143585	0.0	0	0.0	4542.909615512472	1	0	tensor(3)	0.749681842774689
196528.15745085073	1000.0	1014.7521646619753	0.0	0	0.0	4542.9096155124425	1	0	tensor(3)	0.7496818427746896
198411.2790298943	1000.0	200.0	68.36941438159755	0	0.0	4611.279029894009	1	0	tensor(3)	0.3368246881183923
198949.53460246208	500.0	726.77218652123	65.02775908899551	0	0.0	4676.306788982998	1	0	tensor(3)	-1.0401187902262279
199371.2432800349	500.0	1305.0635089484113	0.0	0	0.0	4676.306788982998	1	0	tensor(3)	0.043194944867690835
200245.39048821462	1000.0	1430.9163007686818	0.0	0	0.0	4676.306788982969	1	0	tensor(3)	0.04319494486769382
201253.2221963824	1000.0	1423.0845926008647	0.0	0	0.0	4676.306788982969	1	0	tensor(3)	0.7363421254276392
202678.14634941588	1000.0	998.1604395673544	0.0	0	0.0	4676.306788982911	1	0	tensor(3)	0.7363421254276434
203197.13477764293	500.0	1479.1720113402857	0.0	0	0.0	4676.306788982882	1	0	tensor(3)	-0.6499522356922427
204791.35011452393	1000.0	884.9566744593067	0.0	0	0.0	4676.30678898294	1	0	tensor(3)	0.04319494486769804
206421.53660531656	1000.0	254.77018366667352	0.0	0	0.0	4676.306788982969	1	0	tensor(3)	0.7363421254276404
207474.05723098383	500.0	461.5252632613174	259.27570526189913	0	0.0	4935.582494244853	1	0	tensor(3)	-2.231534037789835
207963.43182301245	500.0	972.1506712327143	0.0	0	0.0	4935.582494244882	1	0	tensor(3)	0.017267374341502495
209030.16751997158	1000.0	905.4149742735705	0.0	0	0.0	4935.582494244882	1	0	tensor(3)	0.017267374341502495
210120.3857859993	1000.0	815.1967082458581	0.0	0	0.0	4935.582494244882	1	0	tensor(3)	0.7104145549014479
210655.82464393493	500.0	1279.7578503101995	0.0	0	0.0	4935.582494244882	1	0	tensor(3)	-0.6758798062184429
211587.46794657648	1000.0	1348.114547668677	0.0	0	0.0	4935.582494244911	1	0	tensor(3)	0.017267374341501385
212269.31298771652	1000.0	1666.2695065286323	0.0	0	0.0	4935.582494244911	1	0	tensor(3)	0.7104145549014451
212842.8748150148	1000.0	2092.7076792303365	0.0	0	0.0	4935.582494244911	1	0	tensor(3)	0.7104145549014451
213422.48807985883	1000.0	2513.0944143863267	0.0	0	0.0	4935.58249424494	1	0	tensor(3)	0.710414554901442
215576.90333669342	2000.0	1358.679157551745	0.0	0	0.0	4935.582494244911	1	0	tensor(3)	0.7104145549014427
216790.94047649967	1000.0	1144.6420177454975	0.0	0	0.0	2935.582494244911	1	0	tensor(6)	-5.7827326256585
217547.09929757274	1000.0	1388.4831966724225	0.0	0	0.0	2935.58249424494	1	0	tensor(3)	0.9104145549014422
218415.80937979667	1000.0	1519.7731144484858	0.0	0	0.0	2935.58249424494	1	0	tensor(3)	0.9104145549014422
219184.00779572467	1000.0	1751.57469852051	0.0	0	0.0	2935.58249424494	1	0	tensor(3)	0.9104145549014422
219874.61224312277	1000.0	2060.9702511223886	0.0	0	0.0	2935.58249424494	1	0	tensor(3)	0.9104145549014422
221364.96825225902	1000.0	1570.6142419861449	0.0	0	0.0	2935.58249424494	1	0	tensor(3)	0.9104145549014422
223608.20443493512	1000.0	327.3780593100523	0.0	0	0.0	2935.582494244969	1	0	tensor(3)	0.9104145549014397
224886.7123252235	500.0	314.6214952890057	265.7513262673345	0	0.0	3201.3338205122855	1	0	tensor(3)	-2.096962896449191
225603.28478720482	500.0	732.5018240628987	134.45279075520932	0	0.0	3335.786611267482	1	0	tensor(3)	-0.629469781892014
226991.9460601755	1000.0	343.840551092181	0.0	0	0.0	3335.786611267482	1	0	tensor(3)	0.17724696263924256
227889.3807605319	1000.0	598.8451684984956	152.43931776269756	0	0.0	3488.225929030392	1	0	tensor(3)	-0.059485695153288276
229044.62691992705	1000.0	443.599009103326	0.0	0	0.0	3488.225929030392	1	0	tensor(3)	0.855150211422897
230238.39568417965	1000.0	457.30161046894887	207.47136561823913	0	0.0	3695.6972946486494	1	0	tensor(3)	-0.4104251188483636
231054.4370754111	1000.0	641.2602192375275	0.0	0	0.0	3695.6972946486203	1	0	tensor(3)	0.8344030748610742
232210.15178865707	1000.0	485.5455059915421	0.0	0	0.0	3695.6972946486203	1	0	tensor(3)	0.8344030748610742
233248.94025826268	1000.0	446.75703638592915	0.0	0	0.0	3695.6972946486494	1	0	tensor(3)	0.8344030748610711
234587.139792973	1000.0	351.738599872619	243.18109819698805	0	0.0	3938.878392845596	1	0	tensor(3)	-0.6490016241405534
235440.87050046516	1000.0	555.6372836693522	57.6293912888853	0	0.0	3996.5077841345046	1	0	tensor(3)	0.4585456781791738
236653.23477390702	1000.0	368.65197173855677	25.37896151106247	0	0.0	4021.8867456455773	1	0	tensor(3)	0.6495103606950036
237648.18853414268	1000.0	480.94013270389155	107.24192120097138	0	0.0	4129.128666846547	1	0	tensor(3)	0.14760841043545303
238556.19510762396	1000.0	572.9335592226131	0.0	0	0.0	4129.128666846547	1	0	tensor(3)	0.7910599376412814
239246.23220517885	1000.0	882.8964616677142	0.0	0	0.0	4129.128666846547	1	0	tensor(3)	0.7910599376412814
240130.0165654341	1000.0	999.1121014124466	0.0	0	0.0	4129.128666846547	1	0	tensor(3)	0.7910599376412814
240903.6979420784	1000.0	1225.430724768159	0.0	0	0.0	4129.128666846547	1	0	tensor(3)	0.7910599376412814
241553.71731913192	1000.0	1575.4113477146552	0.0	0	0.0	4129.128666846547	1	0	tensor(3)	0.7910599376412814
242108.5285300555	1000.0	2020.6001367910449	0.0	0	0.0	4129.128666846518	1	0	tensor(3)	0.7910599376412843
243133.7390064732	1000.0	1995.3896603733822	0.0	0	0.0	4129.128666846518	1	0	tensor(3)	0.7910599376412843
244210.1528637065	1000.0	1918.9758031400831	0.0	0	0.0	4129.128666846518	1	0	tensor(3)	0.7910599376412843
245402.06427248922	1000.0	1727.0643943573305	0.0	0	0.0	4129.128666846518	1	0	tensor(3)	0.7910599376412843
246182.0005567114	1000.0	1947.1281101351763	0.0	0	0.0	4129.128666846547	1	0	tensor(3)	0.7910599376412814
247050.0532960096	1000.0	2079.075370836994	0.0	0	0.0	4129.128666846518	1	0	tensor(3)	0.7910599376412843
248198.05688289262	1000.0	1931.0717839539923	0.0	0	0.0	4129.128666846518	1	0	tensor(3)	0.7910599376412843
249553.7949341468	1000.0	1575.333732699824	0.0	0	0.0	4129.128666846547	1	0	tensor(3)	0.7910599376412814
250242.68612102207	1000.0	1886.4425458245746	0.0	0	0.0	4129.128666846547	1	0	tensor(3)	0.7910599376412814
251246.25354347102	1000.0	1882.8751233756286	0.0	0	0.0	4129.128666846547	1	0	tensor(3)	0.7910599376412814
251946.63240657657	1000.0	2182.4962602700734	0.0	0	0.0	4129.128666846576	1	0	tensor(3)	0.7910599376412786
252755.08591990866	1000.0	2374.042746937943	0.0	0	0.0	4129.128666846576	1	0	tensor(3)	0.7910599376412786
253538.84500549373	1000.0	2590.283661352879	0.0	0	0.0	4129.128666846576	1	0	tensor(3)	0.7910599376412786
254420.48640607632	1000.0	2708.6422607702934	0.0	0	0.0	4129.128666846576	1	0	tensor(3)	0.7910599376412786
256091.342052718	1000.0	2037.7866141285697	0.0	0	0.0	4129.128666846576	1	0	tensor(3)	0.7910599376412786
257601.2854783106	1000.0	1527.843188536012	0.0	0	0.0	4129.1286668466055	1	0	tensor(3)	0.791059937641278
258874.1529619192	1000.0	1254.9757049274376	0.0	0	0.0	4129.1286668466055	1	0	tensor(3)	0.7910599376412757
260192.12799403124	1000.0	937.0006728153973	0.0	0	0.0	4129.128666846635	1	0	tensor(3)	0.7910599376412732
261481.49475655064	1000.0	647.6339102960069	0.0	0	0.0	4129.1286668466055	1	0	tensor(3)	0.7910599376412734
262707.9117743217	1000.0	421.2168925249839	0.0	0	0.0	4129.128666846576	1	0	tensor(3)	0.7910599376412775
263836.00352058315	1000.0	399.2285799793983	106.10343371592381	0	0.0	4235.232100562425	1	0	tensor(3)	0.14382899197414656
264623.5008016622	1000.0	627.9029748538285	16.171675953507247	0	0.0	4251.4037765159155	1	0	tensor(3)	0.6818023709533011
265448.10927830247	1000.0	803.2944982135157	0.0	0	0.0	4251.403776515886	1	0	tensor(3)	0.7788324266743468
266721.76833853853	1000.0	529.63543797742	0.0	0	0.0	4251.403776515799	1	0	tensor(3)	0.7788324266743527
267631.2825790067	1000.0	620.1211975092513	0.0	0	0.0	4251.403776515799	1	0	tensor(3)	0.7788324266743563
268506.83015763946	1000.0	744.5736188764733	0.0	0	0.0	4251.403776515799	1	0	tensor(3)	0.7788324266743563
269248.8816062203	1000.0	1002.5221702956226	0.0	0	0.0	4251.403776515799	1	0	tensor(3)	0.7788324266743563
270246.7177732819	1000.0	1004.6860032340119	0.0	0	0.0	4251.403776515799	1	0	tensor(3)	0.7788324266743563
271617.249639067	1000.0	634.1541374489717	0.0	0	0.0	4251.403776515799	1	0	tensor(3)	0.7788324266743563
272910.74142479297	1000.0	376.82213198718915	36.159780264230676	0	0.0	4287.563556779991	1	0	tensor(3)	0.558257767062553
273863.2407247036	1000.0	567.619053790342	143.29622171376087	0	0.0	4430.859778493759	1	0	tensor(3)	-0.09889050380600511
274580.3830543278	1000.0	850.4767241660821	0.0	0	0.0	4430.859778493759	1	0	tensor(3)	0.7608868264765603
275349.02929414436	1000.0	1081.8304843494936	0.0	0	0.0	4430.859778493759	1	0	tensor(3)	0.7608868264765603
276132.7314591309	1000.0	1298.128319362989	0.0	0	0.0	4430.859778493759	1	0	tensor(3)	0.7608868264765603
276756.8682989982	1000.0	1673.9914794956605	0.0	0	0.0	4430.859778493759	1	0	tensor(3)	0.7608868264765603
277626.155310014	1000.0	1804.704468479968	0.0	0	0.0	4430.859778493817	1	0	tensor(3)	0.7608868264765568
278557.16043357056	1000.0	1873.6993449233605	0.0	0	0.0	4430.859778493817	1	0	tensor(3)	0.7608868264765544
279599.2771590284	1000.0	1831.5826194655715	0.0	0	0.0	4430.859778493817	1	0	tensor(3)	0.7608868264765544
280569.75730213756	1000.0	1861.1024763563692	0.0	0	0.0	4430.859778493759	1	0	tensor(3)	0.7608868264765603
281469.95839895704	1000.0	1960.9013795368305	0.0	0	0.0	4430.859778493759	1	0	tensor(3)	0.7608868264765603
282224.3365785912	1000.0	2206.523199902614	0.0	0	0.0	4430.859778493701	1	0	tensor(3)	0.760886826476566
283132.3092813435	1000.0	2298.550497150347	0.0	0	0.0	4430.859778493759	1	0	tensor(3)	0.7608868264765603
284302.71114874375	1000.0	2128.148629750066	0.0	0	0.0	4430.859778493759	1	0	tensor(3)	0.7608868264765603
285166.25444479747	1000.0	2264.6053336963314	0.0	0	0.0	4430.859778493759	1	0	tensor(3)	0.7608868264765603
286357.4520092511	1000.0	2073.407769242698	0.0	0	0.0	4430.859778493759	1	0	tensor(3)	0.7608868264765603
287996.7407861207	1000.0	1434.1189923731295	0.0	0	0.0	4430.859778493817	1	0	tensor(3)	0.7608868264765568
289138.19733449764	1000.0	1292.6624439961483	0.0	0	0.0	4430.859778493817	1	0	tensor(3)	0.7608868264765544
290724.84120154864	1000.0	706.0185769451812	0.0	0	0.0	4430.859778493817	1	0	tensor(3)	0.7608868264765544
291769.13732624945	1000.0	661.7224522444121	0.0	0	0.0	4430.859778493876	1	0	tensor(3)	0.7608868264765487
292965.49359553476	1000.0	465.36618295910444	0.0	0	0.0	4430.859778493817	1	0	tensor(3)	0.7608868264765521
293545.6960432693	500.0	885.1637352245763	0.0	0	0.0	4430.859778493817	1	0	tensor(3)	-0.6254075346433363
294647.5895054239	1000.0	783.270273069978	0.0	0	0.0	4430.859778493759	1	0	tensor(3)	0.06773964591661139
295812.22184031	1000.0	618.6379381839351	0.0	0	0.0	4430.859778493759	1	0	tensor(3)	0.7608868264765603
297309.09886458656	1000.0	200.0	78.23908609263847	0	0.0	4509.098864586442	1	0	tensor(3)	0.28900836523471374
298134.4741805108	500.0	575.7267240960094	201.1020400202398	0	0.0	4710.200904606667	1	0	tensor(3)	-1.8599538873760604
298949.4469928018	500.0	760.7539118050399	0.0	0	0.0	4710.200904606609	1	0	tensor(3)	0.03980553330532981
299636.3532264001	500.0	1073.8476782067778	0.0	0	0.0	4710.200904606609	1	0	tensor(3)	0.03980553330532981
300302.1785503227	1000.0	1408.0223542841818	0.0	0	0.0	4710.200904606609	1	0	tensor(3)	0.03980553330532988
301709.80461809674	1000.0	1000.3962865102022	0.0	0	0.0	4710.200904606667	1	0	tensor(3)	0.7329527138652729
302580.67187291244	500.0	1129.529031694545	0.0	0	0.0	4710.200904606725	1	0	tensor(3)	-0.6533416472546238
304013.30306749325	1000.0	696.8978371137453	0.0	0	0.0	4710.200904606725	1	0	tensor(3)	0.03980553330531822
305085.84475046734	1000.0	624.3561541395972	0.0	0	0.0	4710.200904606725	1	0	tensor(3)	0.7329527138652636
305839.46365400683	500.0	870.7372506000916	0.0	0	0.0	4710.200904606725	1	0	tensor(3)	-0.6533416472546272
306630.9785379607	1000.0	1079.2223666462603	0.0	0	0.0	4710.200904606725	1	0	tensor(3)	0.03980553330531822
307542.5369723548	1000.0	1167.6639322521341	0.0	0	0.0	4710.200904606725	1	0	tensor(3)	0.7329527138652636
1.14	0.95	0.89	1.22	1.45	0.79	1.09	0.61	1.17	1.42	0.81	1.0	1.24	1.22	1.01	0.92	0.9	0.71	0.73	0.74	1.15	1.16	1.04	0.89	0.68	0.73	0.95	1.78	1.52	0.94	1.14	0.75	0.65	1.18	1.26	0.86	0.81	0.75	0.95	1.18	1.4	0.73	0.63	0.83	0.98	0.89	0.75	0.7	0.75	0.74	1.0	0.38	0.6	0.98	1.24	0.73	0.81	1.39	2.05	1.68	0.82	1.02	0.96	1.31	1.82	1.37	0.65	0.64	0.46	0.57	0.44	0.94	0.94	1.11	0.91	1.31	1.4	0.96	0.73	0.85	1.3	0.89	1.12	1.29	1.51	1.46	1.67	1.4	1.15	0.97	0.81	1.36	1.49	0.94	0.88	1.22	0.83	1.24	1.58	1.56	0.78	0.72	0.9	1.0	1.07	0.83	0.82	1.1	1.14	1.17	1.6	1.07	1.16	1.37	1.29	1.19	0.57	0.83	1.16	1.47	1.4	1.46	1.11	1.34	1.08	0.86	1.22	1.12	0.97	0.97	1.12	0.89	0.59	0.74	0.86	0.8	0.98	0.93	0.7	1.03	1.19	0.95	0.61	0.66	0.76	1.15	0.59	0.46	0.67	1.05	1.14	0.95	0.89	1.22	1.45	0.79	1.09	0.61	1.17	1.42	0.81	1.0	1.24	1.22	1.01	0.92	0.9	0.71	0.73	0.74	1.15	1.16	1.04	0.89	0.68	0.73	0.95	1.78	1.52	0.94	1.14	0.75	0.65	1.18	1.26	0.86	0.81	0.75	0.95	1.18	1.4	0.73	0.63	0.83	0.98	0.89	0.75	0.7	0.75	0.74	1.0	0.38	0.6	0.98	1.24	0.73	0.81	1.39	2.05	1.68	0.82	1.02	0.96	1.31	1.82	1.37	0.65	0.64	0.46	0.57	0.44	0.94	0.94	1.11	0.91	1.31	1.4	0.96	0.73	0.85	1.3	0.89	1.12	1.29	1.51	1.46	1.67	1.4	1.15	0.97	0.81	1.36	1.49	0.94	0.88	1.22	0.83	1.24	1.58	1.56	0.78	0.72	0.9	1.0	1.07	0.83	0.82	1.1	1.14	1.17	1.6	1.07	1.16	1.37	1.29	1.19	0.57	0.83	1.16	1.47	1.4	1.46	1.11	1.34	1.08	0.86	1.22	1.12	0.97	0.97	1.12	0.89	0.59	0.74	0.86	0.8	0.98	0.93	0.7	1.03	1.19	0.95	0.61	0.66	0.76	1.15	0.59	0.46	0.67	1.05	1.14	0.95	0.89	1.22	1.45	0.79
1.0	2.0	3.0	4.0	5.0	6.0	7.0	8.0	9.0	10.0	11.0	12.0	13.0	14.0	15.0	16.0	17.0	18.0	19.0	20.0	21.0	22.0	23.0	24.0	25.0	26.0	27.0	28.0	29.0	30.0	31.0	32.0	33.0	34.0	35.0	36.0	37.0	38.0	39.0	40.0	41.0	42.0	43.0	44.0	45.0	46.0	47.0	48.0	49.0	50.0	51.0	52.0	53.0	54.0	55.0	56.0	57.0	58.0	59.0	60.0	61.0	62.0	63.0	64.0	65.0	66.0	67.0	68.0	69.0	70.0	71.0	72.0	73.0	74.0	75.0	76.0	77.0	78.0	79.0	80.0	81.0	82.0	83.0	84.0	85.0	86.0	87.0	88.0	89.0	90.0	91.0	92.0	93.0	94.0	95.0	96.0	97.0	98.0	99.0	100.0	101.0	102.0	103.0	104.0	105.0	106.0	107.0	108.0	109.0	110.0	111.0	112.0	113.0	114.0	115.0	116.0	117.0	118.0	119.0	120.0	121.0	122.0	123.0	124.0	125.0	126.0	127.0	128.0	129.0	130.0	131.0	132.0	133.0	134.0	135.0	136.0	137.0	138.0	139.0	140.0	141.0	142.0	143.0	144.0	145.0	146.0	147.0	148.0	149.0	149.0	150.0	151.0	152.0	153.0	154.0	155.0	156.0	157.0	158.0	159.0	160.0	161.0	162.0	163.0	164.0	165.0	166.0	167.0	168.0	169.0	170.0	171.0	172.0	173.0	174.0	175.0	176.0	177.0	178.0	179.0	180.0	181.0	182.0	183.0	184.0	185.0	186.0	187.0	188.0	189.0	190.0	191.0	192.0	193.0	194.0	195.0	196.0	197.0	198.0	199.0	200.0	201.0	202.0	203.0	204.0	205.0	206.0	207.0	208.0	209.0	210.0	211.0	212.0	213.0	214.0	215.0	216.0	217.0	218.0	219.0	220.0	221.0	222.0	223.0	224.0	225.0	226.0	227.0	228.0	229.0	230.0	231.0	232.0	233.0	234.0	235.0	236.0	237.0	238.0	239.0	240.0	241.0	242.0	243.0	244.0	245.0	246.0	247.0	248.0	249.0	250.0	251.0	252.0	253.0	254.0	255.0	256.0	257.0	258.0	259.0	260.0	261.0	262.0	263.0	264.0	265.0	266.0	267.0	268.0	269.0	270.0	271.0	272.0	273.0	274.0	275.0	276.0	277.0	278.0	279.0	280.0	281.0	282.0	283.0	284.0	285.0	286.0	287.0	288.0	289.0	290.0	291.0	292.0	293.0	294.0	295.0	296.0	297.0	298.0	298.0	299.0	300.0	301.0	302.0	303.0	304.0
5431.175504538681
