3552.725316682209	300.0	2000.0	356.79060386887835	0	0.0	3552.725316682209	1	0	tensor(3)	-2.4876297952660766
4387.9434096784225	1000.0	2164.781907003786	0.0	0	0.0	3552.7253166822084	1	0	tensor(3)	-0.3552725316682208
5233.594326912449	1000.0	2319.130989769759	0.0	0	0.0	3552.7253166822084	1	0	tensor(3)	0.8487002726577153
5867.717128644465	1000.0	2685.0081880377425	0.0	0	0.0	3552.7253166822084	1	0	tensor(3)	0.8487002726577153
6965.588940861529	1000.0	2587.1363758206794	0.0	0	0.0	3552.7253166822093	1	0	tensor(3)	0.8487002726577153
8259.526615323557	1000.0	2293.1987013586518	0.0	0	0.0	3552.7253166822084	1	0	tensor(3)	0.8487002726577153
9517.46220737571	1000.0	2035.2631093064997	0.0	0	0.0	3552.7253166822074	1	0	tensor(3)	0.8487002726577153
10399.703092897655	1000.0	2153.0222237845533	0.0	0	0.0	3552.7253166822074	1	0	tensor(3)	0.8487002726577153
12032.755835451873	1000.0	1519.9694812303346	0.0	0	0.0	3552.7253166822084	1	0	tensor(3)	0.8487002726577153
13089.99644218176	1000.0	1462.7288745004473	0.0	0	0.0	3552.7253166822084	1	0	tensor(3)	0.8487002726577153
15400.613203713974	1000.0	200.0	47.887887031768486	0	0.0	3600.613203713974	1	0	tensor(3)	0.5604151927264693
16179.83134864969	500.0	656.402744587189	235.62088952290244	0	0.0	3836.234093236877	1	0	tensor(3)	-1.979670303255057
17734.143737245973	1000.0	232.8334062183578	130.74305022745003	0	0.0	3966.97714346433	1	0	tensor(3)	-0.6703303919451422
18350.852168376314	500.0	667.4870202307974	51.36204514278438	0	0.0	4018.3391886071095	1	0	tensor(3)	-0.8923277465113724
19130.319904016313	500.0	888.019284590798	0.0	0	0.0	4018.3391886071113	1	0	tensor(3)	0.10899170490527961
19983.09497790134	1000.0	1035.2442107057686	0.0	0	0.0	4018.3391886071095	1	0	tensor(3)	0.10899170490527979
21104.91979896227	1000.0	913.4193896448385	0.0	0	0.0	4018.3391886071113	1	0	tensor(3)	0.802138885465225
22067.921164657808	1000.0	950.4180239493012	0.0	0	0.0	4018.3391886071113	1	0	tensor(3)	0.802138885465225
23629.149379187602	1000.0	389.1898094195044	0.0	0	0.0	4018.3391886071076	1	0	tensor(3)	0.8021388854652254
24363.633392064407	500.0	654.7057965426966	0.0	0	0.0	4018.3391886071076	1	0	tensor(3)	-0.5841554756546652
25002.659902784664	500.0	1015.6792858224411	0.0	0	0.0	4018.3391886071076	1	0	tensor(3)	0.10899170490527993
26048.922036662247	1000.0	969.4171519448578	0.0	0	0.0	4018.3391886071076	1	0	tensor(3)	0.10899170490527998
27032.666371606254	1000.0	985.672817000846	0.0	0	0.0	4018.339188607104	1	0	tensor(3)	0.8021388854652257
28204.48644880082	1000.0	813.852739806277	0.0	0	0.0	4018.339188607104	1	0	tensor(3)	0.8021388854652257
29075.158950308163	1000.0	943.1802382989358	0.0	0	0.0	4018.3391886071076	1	0	tensor(3)	0.8021388854652254
29859.078307581607	1000.0	1159.260881025496	0.0	0	0.0	4018.3391886071076	1	0	tensor(3)	0.8021388854652254
31220.701462958536	1000.0	797.6377256485686	0.0	0	0.0	4018.3391886071076	1	0	tensor(3)	0.8021388854652254
32128.45786166363	1000.0	889.8813269434715	0.0	0	0.0	4018.3391886071076	1	0	tensor(3)	0.8021388854652254
33430.76472837023	1000.0	587.5744602368721	0.0	0	0.0	4018.3391886071076	1	0	tensor(3)	0.8021388854652256
34799.77895076009	1000.0	311.1341416639823	92.57390381697223	0	0.0	4110.913092424074	1	0	tensor(3)	0.23743807218169483
35606.579067271814	500.0	556.462021884121	52.12799673186237	0	0.0	4163.041089155937	1	0	tensor(3)	-0.9113936461007227
36192.674193067665	500.0	970.3668960882684	0.0	0	0.0	4163.041089155937	1	0	tensor(3)	0.09452151485039702
37347.44630910324	1000.0	815.5947800526915	0.0	0	0.0	4163.041089155937	1	0	tensor(3)	0.09452151485039703
38559.27819696937	1000.0	603.762892186561	0.0	0	0.0	4163.041089155937	1	0	tensor(3)	0.7876686954103425
39594.261503936745	1000.0	568.7795852191846	0.0	0	0.0	4163.041089155937	1	0	tensor(3)	0.7876686954103425
40895.489037063155	1000.0	286.0155041614986	18.463452068726667	0	0.0	4181.504541224662	1	0	tensor(3)	0.6750416377911099
41664.684622584085	500.0	600.4257166575287	83.60579801695854	0	0.0	4265.110339241619	1	0	tensor(3)	-1.110467378819868
42298.4215373005	500.0	966.6888019411192	0.0	0	0.0	4265.110339241626	1	0	tensor(3)	0.08431458984182807
43245.572844090915	1000.0	1019.5374951507034	0.0	0	0.0	4265.110339241626	1	0	tensor(3)	0.08431458984182816
44490.76505924343	1000.0	774.3452799981874	0.0	0	0.0	4265.110339241626	1	0	tensor(3)	0.7774617704017737
45336.702890937784	1000.0	928.4074483038345	0.0	0	0.0	4265.110339241619	1	0	tensor(3)	0.7774617704017743
46488.36740966364	1000.0	776.7429295779832	0.0	0	0.0	4265.110339241619	1	0	tensor(3)	0.7774617704017743
47465.545100131385	1000.0	799.5652391102434	0.0	0	0.0	4265.110339241619	1	0	tensor(3)	0.7774617704017743
48457.60955745354	1000.0	807.5007817880918	0.0	0	0.0	4265.110339241619	1	0	tensor(3)	0.7774617704017743
49095.219757828556	500.0	1169.8905814130749	0.0	0	0.0	4265.110339241612	1	0	tensor(3)	-0.6088325907181158
50148.301449405335	1000.0	1116.8088898362935	0.0	0	0.0	4265.110339241612	1	0	tensor(3)	0.0843145898418296
51306.82530172467	1000.0	958.2850375169527	0.0	0	0.0	4265.110339241612	1	0	tensor(3)	0.777461770401775
52230.35046052287	1000.0	1034.7598787187526	0.0	0	0.0	4265.110339241612	1	0	tensor(3)	0.777461770401775
52998.744486257165	1000.0	1266.3658529844593	0.0	0	0.0	4265.110339241619	1	0	tensor(3)	0.7774617704017743
54188.23760317959	1000.0	1076.8727360620383	0.0	0	0.0	4265.110339241619	1	0	tensor(3)	0.7774617704017743
55413.34297686498	1000.0	851.7673623766339	0.0	0	0.0	4265.110339241619	1	0	tensor(3)	0.7774617704017743
56167.83111278939	500.0	1097.2792264522157	0.0	0	0.0	4265.110339241619	1	0	tensor(3)	-0.6088325907181164
57442.50094887313	1000.0	822.609390368475	0.0	0	0.0	4265.110339241612	1	0	tensor(3)	0.0843145898418296
58234.789698894725	1000.0	1030.3206403468778	0.0	0	0.0	4265.110339241612	1	0	tensor(3)	0.777461770401775
59209.44816895357	1000.0	1055.6621702880316	0.0	0	0.0	4265.110339241612	1	0	tensor(3)	0.777461770401775
60157.59013921208	1000.0	1107.5202000295158	0.0	0	0.0	4265.110339241604	1	0	tensor(3)	0.7774617704017757
61132.89430607146	1000.0	1132.2160331701386	0.0	0	0.0	4265.110339241604	1	0	tensor(3)	0.7774617704017757
62170.29503894424	1000.0	1094.8153002973618	0.0	0	0.0	4265.110339241604	1	0	tensor(3)	0.7774617704017757
63018.20427105766	1000.0	1246.9060681839383	0.0	0	0.0	4265.110339241597	1	0	tensor(3)	0.7774617704017763
63640.50159887216	1000.0	1624.6087403694423	0.0	0	0.0	4265.110339241597	1	0	tensor(3)	0.7774617704017763
64433.52474155076	1000.0	1831.5855976908256	0.0	0	0.0	4265.110339241597	1	0	tensor(3)	0.7774617704017763
65526.43272441388	1000.0	1738.6776148277202	0.0	0	0.0	4265.110339241597	1	0	tensor(3)	0.7774617704017763
66951.6182381912	1000.0	1313.4921010503958	0.0	0	0.0	4265.11033924159	1	0	tensor(3)	0.7774617704017768
67827.3036184709	1000.0	1437.806720770696	0.0	0	0.0	4265.110339241612	1	0	tensor(3)	0.7774617704017761
68477.37405698306	1000.0	1787.7362822585587	0.0	0	0.0	4265.110339241626	1	0	tensor(3)	0.7774617704017741
69546.34262493784	1000.0	1718.7677143037695	0.0	0	0.0	4265.110339241626	1	0	tensor(3)	0.7774617704017737
70621.73637357194	1000.0	1643.3739656696682	0.0	0	0.0	4265.110339241612	1	0	tensor(3)	0.777461770401775
71742.62533501738	1000.0	1522.4850042242301	0.0	0	0.0	4265.110339241612	1	0	tensor(3)	0.777461770401775
72504.45058758066	1000.0	1760.659751660941	0.0	0	0.0	4265.110339241626	1	0	tensor(3)	0.7774617704017737
73824.9640382922	1000.0	1440.1463009493932	0.0	0	0.0	4265.110339241626	1	0	tensor(3)	0.7774617704017737
75188.25774291302	1000.0	1076.8525963285797	0.0	0	0.0	4265.110339241641	1	0	tensor(3)	0.7774617704017721
76415.93929579307	1000.0	849.1710434485176	0.0	0	0.0	4265.110339241641	1	0	tensor(3)	0.7774617704017721
77176.35433530292	1000.0	1088.7560039386449	0.0	0	0.0	4265.110339241641	1	0	tensor(3)	0.7774617704017721
77922.45117447201	1000.0	1342.659164769558	0.0	0	0.0	4265.110339241641	1	0	tensor(3)	0.7774617704017721
78493.58329368664	1000.0	1771.5270455549173	0.0	0	0.0	4265.110339241641	1	0	tensor(3)	0.7774617704017721
79376.53591012229	1000.0	1888.574429119266	0.0	0	0.0	4265.110339241641	1	0	tensor(3)	0.7774617704017721
80211.14028236724	1000.0	2053.970056874308	0.0	0	0.0	4265.110339241641	1	0	tensor(3)	0.7774617704017721
81426.45684320116	1000.0	1838.6534960403935	0.0	0	0.0	4265.110339241641	1	0	tensor(3)	0.7774617704017721
82448.33080037306	1000.0	1816.7795388684956	0.0	0	0.0	4265.110339241641	1	0	tensor(3)	0.7774617704017721
83200.96988949498	1000.0	2064.1404497465865	0.0	0	0.0	4265.110339241641	1	0	tensor(3)	0.7774617704017721
83968.1676970863	1000.0	2296.9426421552575	0.0	0	0.0	4265.110339241641	1	0	tensor(3)	0.7774617704017721
84767.42984167844	1000.0	2497.6804975631185	0.0	0	0.0	4265.110339241655	1	0	tensor(3)	0.7774617704017706
85714.93916662896	1000.0	2550.1711726126096	0.0	0	0.0	4265.110339241655	1	0	tensor(3)	0.7774617704017706
86470.81146870424	1000.0	2794.2988705373214	0.0	0	0.0	4265.110339241655	1	0	tensor(3)	0.7774617704017706
87424.12744690989	1000.0	2840.9828923316823	0.0	0	0.0	4265.110339241655	1	0	tensor(3)	0.7774617704017706
87961.60440997113	1000.0	3303.505929270435	0.0	0	0.0	4265.110339241655	1	0	tensor(3)	0.7774617704017706
88849.00164231098	1000.0	3416.1086969305934	0.0	0	0.0	4265.110339241655	1	0	tensor(3)	0.7774617704017706
89886.99317268508	1000.0	3378.117166556487	0.0	0	0.0	4265.110339241641	1	0	tensor(3)	0.7774617704017721
91646.3939320353	1000.0	2618.716407206267	0.0	0	0.0	4265.110339241641	1	0	tensor(3)	0.7774617704017721
92712.39437149714	1000.0	2552.7159677444	0.0	0	0.0	4265.110339241626	1	0	tensor(3)	0.7774617704017737
93510.59209142867	1000.0	2754.5182478128713	0.0	0	0.0	4265.110339241626	1	0	tensor(3)	0.7774617704017737
95336.12086928036	1000.0	1928.9894699611777	0.0	0	0.0	4265.110339241626	1	0	tensor(3)	0.7774617704017737
97084.86422105375	1000.0	1180.246118187796	0.0	0	0.0	4265.110339241626	1	0	tensor(3)	0.7774617704017737
98415.69756280487	1000.0	849.4127764366835	0.0	0	0.0	4265.110339241626	1	0	tensor(3)	0.7774617704017737
99627.70819346634	1000.0	637.4021457752062	0.0	0	0.0	4265.110339241626	1	0	tensor(3)	0.7774617704017737
100632.57878167911	1000.0	632.5315575624345	0.0	0	0.0	4265.110339241612	1	0	tensor(3)	0.777461770401775
101463.3326462383	1000.0	801.7776930032364	0.0	0	0.0	4265.110339241612	1	0	tensor(3)	0.777461770401775
102823.55900669783	1000.0	441.55133254370116	0.0	0	0.0	4265.110339241612	1	0	tensor(3)	0.777461770401775
104058.25701147443	1000.0	415.79375696695723	208.94042919986197	0	0.0	4474.050768441462	1	0	tensor(3)	-0.49707484771738186
104515.88615895277	500.0	958.164609488636	0.0	0	0.0	4474.050768441477	1	0	tensor(3)	-0.6297266336381024
105538.2755639931	1000.0	935.775204448317	0.0	0	0.0	4474.050768441477	1	0	tensor(3)	0.06342054692184304
107128.28760628217	1000.0	345.76316215925306	0.0	0	0.0	4474.050768441477	1	0	tensor(3)	0.7565677274817885
107747.59781143536	500.0	726.4529570060376	0.0	0	0.0	4474.050768441477	1	0	tensor(3)	-0.6297266336381024
108607.74798822998	1000.0	866.3027802114112	0.0	0	0.0	4474.050768441477	1	0	tensor(3)	0.06342054692184304
109807.88881491481	1000.0	666.1619535265593	0.0	0	0.0	4474.050768441462	1	0	tensor(3)	0.7565677274817899
110728.16546436537	1000.0	745.8853040759988	0.0	0	0.0	4474.050768441477	1	0	tensor(3)	0.7565677274817885
111669.55693263825	1000.0	804.4938358031318	0.0	0	0.0	4474.0507684414915	1	0	tensor(3)	0.756567727481787
112674.1704237215	1000.0	799.8803447198916	0.0	0	0.0	4474.050768441506	1	0	tensor(3)	0.7565677274817856
113861.11232853096	1000.0	612.9384399104434	0.0	0	0.0	4474.050768441506	1	0	tensor(3)	0.7565677274817856
114579.77512265876	1000.0	894.2756457826498	0.0	0	0.0	4474.050768441521	1	0	tensor(3)	0.7565677274817841
115679.537656521	1000.0	794.513111920403	0.0	0	0.0	4474.050768441521	1	0	tensor(3)	0.7565677274817841
116873.6516820545	1000.0	600.3990863869212	0.0	0	0.0	4474.050768441506	1	0	tensor(3)	0.7565677274817856
118196.1533474927	1000.0	383.1430183875379	105.24559743882185	0	0.0	4579.29636588032	1	0	tensor(3)	0.11456958310497303
118919.51147601272	500.0	659.7848898675172	0.0	0	0.0	4579.29636588032	1	0	tensor(3)	-0.6402511933819865
119610.8681561734	500.0	968.4282097068221	0.0	0	0.0	4579.29636588032	1	0	tensor(3)	0.05289598717795864
121347.40090348391	1000.0	231.8954623962988	0.0	0	0.0	4579.296365880335	1	0	tensor(3)	0.052895987177957265
122312.76076533516	500.0	546.1625040921072	279.6269035470523	0	0.0	4858.923269427396	1	0	tensor(3)	-2.345975305019009
123046.3288476458	500.0	812.5944217814546	0.0	0	0.0	4858.923269427396	1	0	tensor(3)	0.024933296823251086
123910.09638033072	1000.0	948.8268890965337	0.0	0	0.0	4858.923269427411	1	0	tensor(3)	0.02493329682324963
125086.29999916986	1000.0	772.6232702574089	0.0	0	0.0	4858.923269427411	1	0	tensor(3)	0.718080477383195
126053.00775946963	500.0	805.9155099576379	0.0	0	0.0	4858.923269427411	1	0	tensor(3)	-0.6682138837366958
127097.47826501702	1000.0	761.4450044102621	0.0	0	0.0	4858.923269427411	1	0	tensor(3)	0.02493329682324963
127921.55618080377	1000.0	937.3670886235158	0.0	0	0.0	4858.923269427411	1	0	tensor(3)	0.718080477383195
128900.63808490474	1000.0	958.2851845225447	0.0	0	0.0	4858.923269427411	1	0	tensor(3)	0.718080477383195
129528.87789874438	1000.0	1330.0453706828982	0.0	0	0.0	4858.923269427411	1	0	tensor(3)	0.718080477383195
130847.98832603039	1000.0	1010.9349433968902	0.0	0	0.0	4858.923269427396	1	0	tensor(3)	0.7180804773831966
131772.67725392047	1000.0	1086.2460155068247	0.0	0	0.0	4858.923269427411	1	0	tensor(3)	0.7180804773831959
133452.27125202634	1000.0	406.6520174009124	0.0	0	0.0	4858.923269427352	1	0	tensor(3)	0.7180804773831988
134097.35480000972	500.0	761.5684694175193	0.0	0	0.0	4858.923269427323	1	0	tensor(3)	-0.6682138837366872
134621.88564681908	500.0	1237.0376226081378	0.0	0	0.0	4858.923269427294	1	0	tensor(3)	0.02493329682325922
135401.15986910628	1000.0	1457.7634003209357	0.0	0	0.0	4858.923269427294	1	0	tensor(3)	0.02493329682326101
136205.93554914743	1000.0	1652.9877202797543	0.0	0	0.0	4858.923269427265	1	0	tensor(3)	0.7180804773832087
136823.82527366377	1000.0	2035.0979957633874	0.0	0	0.0	4858.923269427265	1	0	tensor(3)	0.7180804773832096
138000.97254930472	1000.0	1857.9507201224485	0.0	0	0.0	4858.923269427265	1	0	tensor(3)	0.7180804773832096
138828.67486865702	1000.0	2030.2484007701535	0.0	0	0.0	4858.923269427265	1	0	tensor(3)	0.7180804773832096
140455.28205079728	1000.0	1403.6412186299015	0.0	0	0.0	4858.923269427265	1	0	tensor(3)	0.7180804773832096
141999.08245146746	1000.0	859.8408179597012	0.0	0	0.0	4858.923269427265	1	0	tensor(3)	0.7180804773832096
142547.84260993524	500.0	1311.0806594919297	0.0	0	0.0	4858.923269427265	1	0	tensor(3)	-0.6682138837366813
143506.22449752036	1000.0	1352.6987719068165	0.0	0	0.0	4858.923269427265	1	0	tensor(3)	0.024933296823264117
144792.96712948228	1000.0	1065.9561399448985	0.0	0	0.0	4858.923269427265	1	0	tensor(3)	0.7180804773832096
146772.1649523812	1000.0	235.37917291872776	148.6208558727279	0	0.0	5007.544125299901	1	0	tensor(3)	-0.1885067434404214
147253.60884801135	500.0	758.1933948987988	4.258117610268798	0	0.0	5011.802242910169	1	0	tensor(3)	-0.7090504867465846
147850.87466828822	500.0	1160.927574621935	0.0	0	0.0	5011.802242910169	1	0	tensor(3)	0.009645399474973726
148766.46774782645	1000.0	1245.334495083672	0.0	0	0.0	5011.80224291014	1	0	tensor(3)	0.009645399474976779
149789.79056343157	1000.0	1222.0116794785308	0.0	0	0.0	5011.80224291014	1	0	tensor(3)	0.7027925800349222
150749.4430124866	1000.0	1262.3592304235092	0.0	0	0.0	5011.80224291014	1	0	tensor(3)	0.7027925800349222
151296.04869163857	1000.0	1715.7535512715863	0.0	0	0.0	5011.802242910169	1	0	tensor(3)	0.7027925800349191
151795.37187976736	1000.0	2216.4303631428124	0.0	0	0.0	5011.802242910169	1	0	tensor(3)	0.7027925800349191
153864.17923482298	2000.0	1147.6230080871956	0.0	0	0.0	5011.8022429102275	1	0	tensor(3)	0.7027925800349144
154624.6611023768	1000.0	1387.141140533379	0.0	0	0.0	3011.8022429102275	1	0	tensor(6)	-5.790354600525033
155484.84082483317	1000.0	1526.9614180770288	0.0	0	0.0	3011.8022429102566	1	0	tensor(3)	0.9027925800349104
156665.40787201156	1000.0	1346.394370898616	0.0	0	0.0	3011.8022429102566	1	0	tensor(3)	0.9027925800349104
157542.55724111933	1000.0	1469.2450017908595	0.0	0	0.0	3011.8022429102275	1	0	tensor(3)	0.9027925800349135
158489.3222751514	1000.0	1522.4799677587698	0.0	0	0.0	3011.8022429101984	1	0	tensor(3)	0.9027925800349162
159476.63408650283	1000.0	1535.1681564073497	0.0	0	0.0	3011.8022429101693	1	0	tensor(3)	0.9027925800349192
160836.6956682673	1000.0	1175.1065746428542	0.0	0	0.0	3011.80224291014	1	0	tensor(3)	0.9027925800349221
162339.6715400748	1000.0	672.1307028353131	0.0	0	0.0	3011.80224291014	1	0	tensor(3)	0.9027925800349221
163414.67838619492	500.0	597.123856715199	0.0	0	0.0	3011.8022429101693	1	0	tensor(3)	-0.4835017810849717
164596.15453960572	500.0	415.6477033043935	0.0	0	0.0	3011.8022429101984	1	0	tensor(3)	0.20964539947497085
165188.46850173685	500.0	823.3337411732807	0.0	0	0.0	3011.8022429102275	1	0	tensor(3)	0.20964539947496796
166605.58701516283	1000.0	406.2152277472803	0.0	0	0.0	3011.8022429102275	1	0	tensor(3)	0.20964539947496863
167786.16512536653	1000.0	362.03857513782816	136.40145759425056	0	0.0	3148.2037005044403	1	0	tensor(3)	0.07074368870998882
168332.97368778926	500.0	815.2300127151052	0.0	0	0.0	3148.2037005044403	1	0	tensor(3)	-0.49714192684439884
169601.63757425276	1000.0	546.5661262515986	0.0	0	0.0	3148.2037005044112	1	0	tensor(3)	0.19600525371554967
171000.63883222916	1000.0	277.0386525089221	129.47378423369327	0	0.0	3277.6774847381166	1	0	tensor(3)	0.09936235044996489
172065.59431427953	500.0	520.1628583255738	308.0796878670153	0	0.0	3585.757172605139	1	0	tensor(3)	-2.38937540125656
172678.55929109393	500.0	907.1978815111904	0.0	0	0.0	3585.7571726051683	1	0	tensor(3)	0.15224990650547388
174199.73834517298	1000.0	386.0188274321665	0.0	0	0.0	3585.7571726051683	1	0	tensor(3)	0.15224990650547388
175060.99721460085	1000.0	562.3840590196006	37.62410101530742	0	0.0	3623.381273620471	1	0	tensor(3)	0.6158900708720446
176584.24105367577	1000.0	200.31912345212706	161.17890350744074	0	0.0	3784.560177127918	1	0	tensor(3)	-0.14110883755474846
177195.63194765273	500.0	728.2762876447252	139.34805816956387	0	0.0	3923.908235297451	1	0	tensor(3)	-1.4108007293410827
178139.56332134607	1000.0	784.3449139513937	0.0	0	0.0	3923.908235297451	1	0	tensor(3)	0.11843480023624564
178846.84345633205	1000.0	1077.0647789654117	0.0	0	0.0	3923.908235297451	1	0	tensor(3)	0.811581980796191
179826.96603822507	1000.0	1096.9421970724015	0.0	0	0.0	3923.908235297451	1	0	tensor(3)	0.811581980796191
180776.5262394095	1000.0	1147.3819958879935	0.0	0	0.0	3923.90823529748	1	0	tensor(3)	0.8115819807961882
181711.52501514024	1000.0	1212.3832201571847	0.0	0	0.0	3923.908235297451	1	0	tensor(3)	0.811581980796191
182755.67086582928	1000.0	1168.2373694681219	0.0	0	0.0	3923.908235297451	1	0	tensor(3)	0.811581980796191
184189.84850078527	1000.0	734.059734512176	0.0	0	0.0	3923.90823529748	1	0	tensor(3)	0.8115819807961882
185321.9953649355	1000.0	601.9128703619731	0.0	0	0.0	3923.90823529748	1	0	tensor(3)	0.8115819807961876
186606.99702316258	1000.0	316.9112121348835	0.0	0	0.0	3923.90823529748	1	0	tensor(3)	0.8115819807961882
187283.58599879598	500.0	651.66588746421	11.343650962722542	0	0.0	3935.251886260201	1	0	tensor(3)	-0.6439086511963099
188160.39781473743	1000.0	774.854071522764	0.0	0	0.0	3935.25188626023	1	0	tensor(3)	0.11730043513996766
189424.4756483298	1000.0	510.7762379304355	0.0	0	0.0	3935.25188626023	1	0	tensor(3)	0.8104476156999131
190095.8204370521	500.0	839.431449208111	0.0	0	0.0	3935.251886260259	1	0	tensor(3)	-0.5758467454199806
191027.2405284518	1000.0	908.0113578084337	0.0	0	0.0	3935.2518862602883	1	0	tensor(3)	0.11730043513996369
192036.9954985689	1000.0	898.2563876913384	0.0	0	0.0	3935.2518862603465	1	0	tensor(3)	0.8104476156999032
192878.12897164773	1000.0	1057.122914612492	0.0	0	0.0	3935.2518862603174	1	0	tensor(3)	0.8104476156999043
194147.2609941671	1000.0	787.9908920931698	0.0	0	0.0	3935.2518862603174	1	0	tensor(3)	0.8104476156999043
194809.30577710073	1000.0	1125.946109159515	0.0	0	0.0	3935.2518862603174	1	0	tensor(3)	0.8104476156999043
196033.92542370546	1000.0	901.3264625548	0.0	0	0.0	3935.2518862603174	1	0	tensor(3)	0.8104476156999043
196895.839932731	1000.0	1039.4119535292612	0.0	0	0.0	3935.2518862603174	1	0	tensor(3)	0.8104476156999043
198181.46684485045	1000.0	753.7850414097944	0.0	0	0.0	3935.2518862603174	1	0	tensor(3)	0.8104476156999032
199301.15887280472	1000.0	634.0930134555092	0.0	0	0.0	3935.2518862602883	1	0	tensor(3)	0.8104476156999062
200090.9381905344	1000.0	844.3136957258554	0.0	0	0.0	3935.2518862602883	1	0	tensor(3)	0.8104476156999074
201233.5230678172	1000.0	701.7288184430344	0.0	0	0.0	3935.2518862603174	1	0	tensor(3)	0.8104476156999056
201974.49712934202	1000.0	960.7547569182401	0.0	0	0.0	3935.2518862603174	1	0	tensor(3)	0.8104476156999043
203021.51308315003	1000.0	913.7388031102221	0.0	0	0.0	3935.2518862603174	1	0	tensor(3)	0.8104476156999043
204566.64779441748	1000.0	368.6040918427285	0.0	0	0.0	3935.2518862602883	1	0	tensor(3)	0.8104476156999062
205066.02961478432	500.0	869.222271475903	0.0	0	0.0	3935.2518862602883	1	0	tensor(3)	-0.5758467454199834
206197.3130619725	1000.0	737.9388242877117	0.0	0	0.0	3935.251886260259	1	0	tensor(3)	0.11730043513996369
207044.86063815103	1000.0	890.391248109163	0.0	0	0.0	3935.251886260259	1	0	tensor(3)	0.8104476156999085
207890.00587682394	1000.0	1045.2460094362095	0.0	0	0.0	3935.25188626023	1	0	tensor(3)	0.8104476156999131
208847.2181593608	1000.0	1088.0337268993267	0.0	0	0.0	3935.251886260201	1	0	tensor(3)	0.8104476156999161
210351.77556900785	1000.0	583.4763172522484	0.0	0	0.0	3935.251886260143	1	0	tensor(3)	0.8104476156999201
210998.4262261822	500.0	936.8256600778586	0.0	0	0.0	3935.2518862601137	1	0	tensor(3)	-0.5758467454199673
211820.1422322899	1000.0	1115.109653970172	0.0	0	0.0	3935.2518862601137	1	0	tensor(3)	0.11730043513997931
212447.03388818138	1000.0	1488.2179980786937	0.0	0	0.0	3935.2518862601137	1	0	tensor(3)	0.8104476156999247
213278.7050969634	1000.0	1656.546789296733	0.0	0	0.0	3935.2518862601137	1	0	tensor(3)	0.8104476156999247
214014.2444040927	1000.0	1921.007482167442	0.0	0	0.0	3935.2518862601137	1	0	tensor(3)	0.8104476156999247
214857.5379811201	1000.0	2077.7139051400445	0.0	0	0.0	3935.2518862601137	1	0	tensor(3)	0.8104476156999247
215792.45641727146	1000.0	2142.795468988673	0.0	0	0.0	3935.2518862601137	1	0	tensor(3)	0.8104476156999247
216535.2886115328	1000.0	2399.963274727346	0.0	0	0.0	3935.251886260143	1	0	tensor(3)	0.8104476156999219
217138.47602774465	1000.0	2796.7758585154797	0.0	0	0.0	3935.2518862601137	1	0	tensor(3)	0.8104476156999241
218119.6443637586	1000.0	2815.6075225015293	0.0	0	0.0	3935.251886260143	1	0	tensor(3)	0.8104476156999236
219055.85964640207	1000.0	2879.3922398580585	0.0	0	0.0	3935.2518862601137	1	0	tensor(3)	0.8104476156999247
220129.8650620897	1000.0	2805.3868241704454	0.0	0	0.0	3935.251886260143	1	0	tensor(3)	0.8104476156999219
221299.4030678063	1000.0	2635.848818453827	0.0	0	0.0	3935.251886260172	1	0	tensor(3)	0.8104476156999196
222470.9045524481	1000.0	2464.3473338120366	0.0	0	0.0	3935.251886260172	1	0	tensor(3)	0.810447615699919
223695.6973977027	1000.0	2239.5544885574536	0.0	0	0.0	3935.251886260172	1	0	tensor(3)	0.810447615699919
224658.364585994	1000.0	2276.8873002661426	0.0	0	0.0	3935.251886260172	1	0	tensor(3)	0.810447615699919
225560.90497708414	1000.0	2374.3469091759944	0.0	0	0.0	3935.251886260172	1	0	tensor(3)	0.810447615699919
226284.33418919382	1000.0	2650.917697066309	0.0	0	0.0	3935.251886260201	1	0	tensor(3)	0.8104476156999161
226838.9193931386	1000.0	3096.3324931215147	0.0	0	0.0	3935.25188626023	1	0	tensor(3)	0.8104476156999131
228213.92048724202	2000.0	2721.3313990181464	0.0	0	0.0	3935.251886260259	1	0	tensor(3)	0.8104476156999101
229198.46240167625	1000.0	2736.789484583916	0.0	0	0.0	3935.251886260259	1	0	tensor(3)	0.11730043513996502
230088.52823502774	1000.0	2846.72365123244	0.0	0	0.0	3935.251886260259	1	0	tensor(3)	0.8104476156999102
230910.7244064763	1000.0	3024.5274797838947	0.0	0	0.0	3935.251886260259	1	0	tensor(3)	0.8104476156999102
231721.0897717249	1000.0	3214.1621145353292	0.0	0	0.0	3935.251886260259	1	0	tensor(3)	0.8104476156999102
232780.18659550825	1000.0	3155.0652907519693	0.0	0	0.0	3935.2518862602883	1	0	tensor(3)	0.8104476156999074
233715.0955229021	1000.0	3220.1563633581136	0.0	0	0.0	3935.2518862602883	1	0	tensor(3)	0.8104476156999074
234560.7522272241	1000.0	3374.4996590361197	0.0	0	0.0	3935.251886260259	1	0	tensor(3)	0.8104476156999102
235593.19603985196	1000.0	3342.0558464082965	0.0	0	0.0	3935.251886260259	1	0	tensor(3)	0.8104476156999102
236471.06445798016	1000.0	3464.1874282800827	0.0	0	0.0	3935.2518862602883	1	0	tensor(3)	0.8104476156999074
237859.58826947052	2000.0	3075.6636167897095	0.0	0	0.0	3935.2518862603174	1	0	tensor(3)	0.8104476156999043
239461.7645240269	1000.0	2473.4873622333153	0.0	0	0.0	3935.2518862602883	1	0	tensor(3)	0.11730043513996224
240806.40083189003	1000.0	2128.8510543701836	0.0	0	0.0	3935.2518862603174	1	0	tensor(3)	0.8104476156999043
241664.6922195308	1000.0	2270.5596667293726	0.0	0	0.0	3935.2518862603174	1	0	tensor(3)	0.8104476156999043
242581.8828747629	1000.0	2353.369011497285	0.0	0	0.0	3935.2518862603174	1	0	tensor(3)	0.8104476156999043
244505.85944618512	1000.0	1429.3924400750755	0.0	0	0.0	3935.2518862603174	1	0	tensor(3)	0.8104476156999043
246074.75347333195	1000.0	860.4984129282655	0.0	0	0.0	3935.2518862603465	1	0	tensor(3)	0.8104476156999016
247663.77594056574	1000.0	271.47594569447955	0.0	0	0.0	3935.2518862603465	1	0	tensor(3)	0.8104476156999016
248313.6783268564	500.0	696.3880459823174	74.81448657853711	0	0.0	4010.06637283889	1	0	tensor(3)	-1.0322151135490663
249207.87371015293	1000.0	802.1926626858257	0.0	0	0.0	4010.06637283889	1	0	tensor(3)	0.10981898648210175
250180.84672997973	1000.0	829.2196428590128	0.0	0	0.0	4010.06637283889	1	0	tensor(3)	0.8029661670420472
251044.7685305346	1000.0	965.2978423041511	0.0	0	0.0	4010.06637283889	1	0	tensor(3)	0.8029661670420472
251904.26543512777	1000.0	1105.8009377109581	0.0	0	0.0	4010.06637283889	1	0	tensor(3)	0.8029661670420472
253222.84745325122	1000.0	787.2189195875276	0.0	0	0.0	4010.06637283889	1	0	tensor(3)	0.8029661670420472
254239.765604442	1000.0	770.3007683967666	0.0	0	0.0	4010.066372838919	1	0	tensor(3)	0.8029661670420454
255822.14306144207	1000.0	200.0	12.076688603285618	0	0.0	4022.1430614422134	1	0	tensor(3)	0.7302645016502647
256563.6600269171	500.0	639.0173661654749	180.53433164049258	0	0.0	4202.677393082704	1	0	tensor(3)	-1.6857952859451806
257711.6304142798	1000.0	491.04697880277456	0.0	0	0.0	4202.677393082704	1	0	tensor(3)	0.0905578844577204
258621.97751733064	1000.0	580.6998757518985	0.0	0	0.0	4202.677393082704	1	0	tensor(3)	0.7837050650176658
259762.80380485585	1000.0	464.6799550291521	24.806366802476816	0	0.0	4227.483759885188	1	0	tensor(3)	0.6323862275225565
260615.20758043672	1000.0	612.2761794482512	0.0	0	0.0	4227.483759885159	1	0	tensor(3)	0.7812244283374203
262192.9681784039	1000.0	250.6851133993124	216.1695319182162	0	0.0	4443.653291803406	1	0	tensor(3)	-0.5357928499081835
262691.3200366706	500.0	752.333255132594	0.0	0	0.0	4443.653291803406	1	0	tensor(3)	-0.6266868859742947
263180.502726037	500.0	1263.1505657661535	0.0	0	0.0	4443.653291803377	1	0	tensor(3)	0.06646029458565236
263944.48653773667	1000.0	1499.1667540664955	0.0	0	0.0	4443.653291803377	1	0	tensor(3)	0.06646029458565239
264762.0226512057	1000.0	1681.6306405974824	0.0	0	0.0	4443.653291803406	1	0	tensor(3)	0.7596074751455961
265866.11655679304	1000.0	1577.5367350100876	0.0	0	0.0	4443.653291803319	1	0	tensor(3)	0.7596074751456012
267286.5253892415	1000.0	1157.127902561635	0.0	0	0.0	4443.653291803319	1	0	tensor(3)	0.7596074751456041
268503.9509339482	1000.0	939.7023578549238	0.0	0	0.0	4443.653291803261	1	0	tensor(3)	0.75960747514561
270392.10566926113	1000.0	200.0	148.45237745793793	0	0.0	4592.105669261247	1	0	tensor(3)	-0.1364873519361364
270980.91130606696	500.0	720.5682364398673	109.37387324567536	0	0.0	4701.479542506917	1	0	tensor(3)	-1.3087127505186984
271737.5030771018	500.0	963.9764654050296	0.0	0	0.0	4701.479542506975	1	0	tensor(3)	0.04067766951529314
273111.46968871955	1000.0	590.0098537871781	0.0	0	0.0	4701.479542506975	1	0	tensor(3)	0.04067766951529328
274304.4014528947	1000.0	397.0780896120743	0.0	0	0.0	4701.479542506975	1	0	tensor(3)	0.7338248500752387
275019.2358980378	500.0	702.5679866286077	20.324342159580965	0	0.0	4721.803884666588	1	0	tensor(3)	-0.7764479982180994
275814.29196629394	1000.0	907.5119183724494	0.0	0	0.0	4721.803884666646	1	0	tensor(3)	0.038645235299326064
276842.05608050735	1000.0	879.7478041589992	0.0	0	0.0	4721.803884666588	1	0	tensor(3)	0.7317924158592772
277925.79095280526	1000.0	796.0129318610615	0.0	0	0.0	4721.8038846665295	1	0	tensor(3)	0.7317924158592831
278661.6934378093	1000.0	1060.110446857037	0.0	0	0.0	4721.8038846665295	1	0	tensor(3)	0.7317924158592831
279955.548929065	1000.0	766.2549556013716	0.0	0	0.0	4721.803884666471	1	0	tensor(3)	0.731792415859289
281258.1915891989	1000.0	463.61229546748905	0.0	0	0.0	4721.803884666471	1	0	tensor(3)	0.731792415859289
281927.3627903037	500.0	794.441094362618	0.0	0	0.0	4721.803884666471	1	0	tensor(3)	-0.6545019452606016
282544.08348806953	500.0	1177.720396596797	0.0	0	0.0	4721.803884666471	1	0	tensor(3)	0.03864523529934355
283547.7706209519	1000.0	1174.0332637144377	0.0	0	0.0	4721.803884666471	1	0	tensor(3)	0.038645235299343605
284596.35827110655	1000.0	1125.4456135597552	0.0	0	0.0	4721.803884666471	1	0	tensor(3)	0.731792415859289
285544.0471843422	1000.0	1177.7567003240956	0.0	0	0.0	4721.803884666413	1	0	tensor(3)	0.7317924158592948
286554.45769186085	1000.0	1167.3461928054965	0.0	0	0.0	4721.803884666355	1	0	tensor(3)	0.7317924158593005
287748.49666532024	1000.0	973.3072193460698	0.0	0	0.0	4721.803884666355	1	0	tensor(3)	0.7317924158593005
288789.44411470887	1000.0	932.3597699574798	0.0	0	0.0	4721.803884666355	1	0	tensor(3)	0.7317924158593005
289797.8428613634	1000.0	923.9610233029863	0.0	0	0.0	4721.803884666355	1	0	tensor(3)	0.7317924158593005
291326.82214650465	1000.0	394.9817381617079	0.0	0	0.0	4721.803884666413	1	0	tensor(3)	0.7317924158592948
291964.713542882	500.0	757.0903417843704	0.0	0	0.0	4721.803884666413	1	0	tensor(3)	-0.654501945260596
292471.92475291	500.0	1249.8791317563816	0.0	0	0.0	4721.803884666471	1	0	tensor(3)	0.03864523529934355
293446.5234767842	1000.0	1275.2804078821202	0.0	0	0.0	4721.803884666413	1	0	tensor(3)	0.03864523529934938
295611.453129932	1000.0	200.0	89.64924526572995	0	0.0	4811.453129932168	1	0	tensor(3)	0.18939156976254787
296128.30577787675	500.0	780.4386064745169	97.29125441922437	0	0.0	4908.744384351245	1	0	tensor(3)	-1.2569435217444251
296775.45138648624	1000.0	1133.2929978650213	0.0	0	0.0	4908.744384351245	1	0	tensor(3)	0.01995118533086626
297465.7241937033	1000.0	1443.0201906480015	0.0	0	0.0	4908.744384351245	1	0	tensor(3)	0.7130983658908117
298505.41273477	1000.0	1403.3316495813203	0.0	0	0.0	4908.744384351245	1	0	tensor(3)	0.7130983658908117
299387.13260201254	1000.0	1521.6117823388033	0.0	0	0.0	4908.744384351303	1	0	tensor(3)	0.7130983658908058
300055.23589976155	1000.0	1853.50848458982	0.0	0	0.0	4908.744384351361	1	0	tensor(3)	0.7130983658907999
300655.5828328747	1000.0	2253.1615514766395	0.0	0	0.0	4908.744384351361	1	0	tensor(3)	0.7130983658907999
301457.27339350624	1000.0	2451.470990845075	0.0	0	0.0	4908.744384351361	1	0	tensor(3)	0.7130983658907999
302417.5226086854	1000.0	2491.221775665899	0.0	0	0.0	2908.744384351361	1	0	tensor(6)	-5.086901634109199
303652.3006134944	1000.0	2256.4437708569144	0.0	0	0.0	2908.744384351361	1	0	tensor(3)	0.9130983658908001
304585.4287084121	1000.0	2323.3156759392077	0.0	0	0.0	2908.744384351303	1	0	tensor(3)	0.913098365890806
1.12	0.82	1.2	1.17	0.98	1.15	0.9	0.95	0.63	1.07	0.45	0.57	0.53	0.8	0.81	0.71	0.85	0.95	1.0	0.43	0.71	0.72	0.97	0.89	0.83	1.16	1.42	0.9	1.03	1.04	0.97	0.94	0.81	1.01	1.01	0.92	1.12	0.78	0.76	1.1	1.18	0.83	1.2	1.12	1.38	0.65	0.93	0.89	1.11	1.27	1.2	0.94	0.7	1.0	1.1	1.42	1.22	1.01	0.59	1.49	1.51	1.12	0.92	0.82	1.45	1.37	1.19	1.11	0.92	1.02	0.79	1.09	0.89	1.38	1.52	1.7	1.29	1.12	1.07	1.1	1.17	1.41	1.38	1.14	1.46	1.12	0.89	0.72	0.73	1.18	1.16	0.63	0.54	0.54	0.76	0.86	1.09	1.01	1.04	0.9	0.68	0.93	1.07	0.69	0.9	1.11	0.82	1.07	0.89	0.75	1.01	1.49	0.97	0.78	0.74	0.94	0.92	0.67	0.64	0.72	0.9	1.14	0.56	1.0	0.95	1.11	1.45	0.87	0.87	0.9	0.66	0.92	1.33	1.36	1.0	1.03	0.81	0.76	0.68	0.93	0.81	0.75	0.41	0.7	1.16	1.41	1.19	1.32	1.99	0.86	1.12	0.82	1.2	1.17	0.98	1.15	0.9	0.95	0.63	1.07	0.45	0.57	0.53	0.8	0.81	0.71	0.85	0.95	1.0	0.43	0.71	0.72	0.97	0.89	0.83	1.16	1.42	0.9	1.03	1.04	0.97	0.94	0.81	1.01	1.01	0.92	1.12	0.78	0.76	1.1	1.18	0.83	1.2	1.12	1.38	0.65	0.93	0.89	1.11	1.27	1.2	0.94	0.7	1.0	1.1	1.42	1.22	1.01	0.59	1.49	1.51	1.12	0.92	0.82	1.45	1.37	1.19	1.11	0.92	1.02	0.79	1.09	0.89	1.38	1.52	1.7	1.29	1.12	1.07	1.1	1.17	1.41	1.38	1.14	1.46	1.12	0.89	0.72	0.73	1.18	1.16	0.63	0.54	0.54	0.76	0.86	1.09	1.01	1.04	0.9	0.68	0.93	1.07	0.69	0.9	1.11	0.82	1.07	0.89	0.75	1.01	1.49	0.97	0.78	0.74	0.94	0.92	0.67	0.64	0.72	0.9	1.14	0.56	1.0	0.95	1.11	1.45	0.87	0.87	0.9	0.66	0.92	1.33	1.36	1.0	1.03	0.81	0.76	0.68	0.93	0.81	0.75	0.41	0.7	1.16	1.41	1.19	1.32	1.99	0.86	1.12	0.82	1.2	1.17	0.98	1.15	0.9
1.0	2.0	3.0	4.0	5.0	6.0	7.0	8.0	9.0	10.0	11.0	12.0	13.0	14.0	15.0	16.0	17.0	18.0	19.0	20.0	21.0	22.0	23.0	24.0	25.0	26.0	27.0	28.0	29.0	30.0	31.0	32.0	33.0	34.0	35.0	36.0	37.0	38.0	39.0	40.0	41.0	42.0	43.0	44.0	45.0	46.0	47.0	48.0	49.0	50.0	51.0	52.0	53.0	54.0	55.0	56.0	57.0	58.0	59.0	60.0	61.0	62.0	63.0	64.0	65.0	66.0	67.0	68.0	69.0	70.0	71.0	72.0	73.0	74.0	75.0	76.0	77.0	78.0	79.0	80.0	81.0	82.0	83.0	84.0	85.0	86.0	87.0	88.0	89.0	90.0	91.0	92.0	93.0	94.0	95.0	96.0	97.0	98.0	99.0	100.0	101.0	102.0	103.0	104.0	105.0	106.0	107.0	108.0	109.0	110.0	111.0	112.0	113.0	114.0	115.0	116.0	117.0	118.0	119.0	120.0	121.0	122.0	123.0	124.0	125.0	126.0	127.0	128.0	129.0	130.0	131.0	132.0	133.0	134.0	135.0	136.0	137.0	138.0	139.0	140.0	141.0	142.0	143.0	144.0	145.0	146.0	147.0	148.0	149.0	149.0	150.0	151.0	152.0	153.0	154.0	155.0	156.0	157.0	158.0	159.0	160.0	161.0	162.0	163.0	164.0	165.0	166.0	167.0	168.0	169.0	170.0	171.0	172.0	173.0	174.0	175.0	176.0	177.0	178.0	179.0	180.0	181.0	182.0	183.0	184.0	185.0	186.0	187.0	188.0	189.0	190.0	191.0	192.0	193.0	194.0	195.0	196.0	197.0	198.0	199.0	200.0	201.0	202.0	203.0	204.0	205.0	206.0	207.0	208.0	209.0	210.0	211.0	212.0	213.0	214.0	215.0	216.0	217.0	218.0	219.0	220.0	221.0	222.0	223.0	224.0	225.0	226.0	227.0	228.0	229.0	230.0	231.0	232.0	233.0	234.0	235.0	236.0	237.0	238.0	239.0	240.0	241.0	242.0	243.0	244.0	245.0	246.0	247.0	248.0	249.0	250.0	251.0	252.0	253.0	254.0	255.0	256.0	257.0	258.0	259.0	260.0	261.0	262.0	263.0	264.0	265.0	266.0	267.0	268.0	269.0	270.0	271.0	272.0	273.0	274.0	275.0	276.0	277.0	278.0	279.0	280.0	281.0	282.0	283.0	284.0	285.0	286.0	287.0	288.0	289.0	290.0	291.0	292.0	293.0	294.0	295.0	296.0	297.0	298.0	298.0	299.0	300.0	301.0	302.0	303.0	304.0	305.0
2897.476591713662
