5993.78813167131	300.0	2000.0	147.488651988674	0	0.0	5993.78813167131	1	0	tensor(3)	-1.4811205545906692
6330.415460162444	500.0	2663.3726715088665	0.0	0	0.0	5993.788131671311	1	0	tensor(3)	-0.5993788131671312
6845.415820583741	1000.0	3148.37231108757	0.0	0	0.0	5993.788131671311	1	0	tensor(3)	-0.08855318940114039
7666.916604453742	2000.0	3326.871527217569	0.0	0	0.0	5993.78813167131	1	0	tensor(3)	0.6045939911588052
9304.534400128945	3000.0	2689.253731542369	0.0	0	0.0	5993.788131671312	1	0	tensor(3)	1.2977411717187504
10430.04294570188	2000.0	2563.745185969434	0.0	0	0.0	3993.788131671311	1	0	tensor(6)	-4.907723936389413
11455.143726334294	2000.0	2538.644405337021	0.0	0	0.0	3993.788131671311	1	0	tensor(3)	1.49774117171875
12614.791373925618	2000.0	2378.996757745698	0.0	0	0.0	3993.788131671312	1	0	tensor(3)	1.4977411717187499
13955.879468645999	2000.0	2037.9086630253169	0.0	0	0.0	3993.78813167131	1	0	tensor(3)	1.49774117171875
15237.069618317897	2000.0	1756.718513353419	0.0	0	0.0	3993.78813167131	1	0	tensor(3)	1.4977411717187503
16627.380628113006	2000.0	1366.407503558313	0.0	0	0.0	3993.788131671312	1	0	tensor(3)	1.4977411717187503
17562.294047078874	1000.0	1431.4940845924484	0.0	0	0.0	3993.7881316713156	1	0	tensor(3)	0.11144681059885969
18651.536104190214	1000.0	1342.2520274811097	0.0	0	0.0	3993.7881316713174	1	0	tensor(3)	0.8045939911588046
19312.761535379854	1000.0	1681.026596291471	0.0	0	0.0	3993.7881316713174	1	0	tensor(3)	0.8045939911588046
19961.141303760338	1000.0	2032.646827910983	0.0	0	0.0	3993.7881316713137	1	0	tensor(3)	0.8045939911588047
21016.767408187632	2000.0	1977.020723483686	0.0	0	0.0	3993.7881316713137	1	0	tensor(3)	0.8045939911588048
21862.015019066726	1000.0	2131.7731126045906	0.0	0	0.0	3993.7881316713137	1	0	tensor(3)	0.11144681059885964
22930.674543122717	1000.0	2063.113588548602	0.0	0	0.0	3993.7881316713137	1	0	tensor(3)	0.8045939911588049
23903.274675432098	1000.0	2090.5134562392236	0.0	0	0.0	3993.7881316713137	1	0	tensor(3)	0.8045939911588049
24896.900171655547	1000.0	2096.8879600157734	0.0	0	0.0	3993.7881316713137	1	0	tensor(3)	0.8045939911588049
25562.888078646483	1000.0	2430.900053024835	0.0	0	0.0	3993.7881316713137	1	0	tensor(3)	0.8045939911588049
26139.227381659108	1000.0	2854.560750012211	0.0	0	0.0	3993.7881316713137	1	0	tensor(3)	0.8045939911588049
27330.15373668847	2000.0	2663.6343949828497	0.0	0	0.0	3993.7881316713137	1	0	tensor(3)	0.8045939911588048
28480.838669610148	2000.0	2512.949462061177	0.0	0	0.0	3993.7881316713174	1	0	tensor(3)	1.4977411717187494
30028.787131876972	2000.0	1965.000999794353	0.0	0	0.0	3993.7881316713174	1	0	tensor(3)	1.4977411717187494
30980.32635346177	2000.0	2013.4617782095584	0.0	0	0.0	3993.7881316713174	1	0	tensor(3)	1.4977411717187494
31895.897514172455	2000.0	2097.89061749887	0.0	0	0.0	3993.788131671321	1	0	tensor(3)	1.4977411717187492
33231.156256052884	2000.0	1762.631875618442	0.0	0	0.0	3993.788131671321	1	0	tensor(3)	1.4977411717187492
33871.80004872589	1000.0	2121.988082945437	0.0	0	0.0	3993.788131671321	1	0	tensor(3)	0.11144681059885875
35820.93040527913	2000.0	1172.8577263922061	0.0	0	0.0	3993.7881316713247	1	0	tensor(3)	0.8045939911588036
36358.21320572328	1000.0	1635.574925948059	0.0	0	0.0	3993.788131671332	1	0	tensor(3)	0.11144681059885814
36917.86478812691	1000.0	2075.92334354442	0.0	0	0.0	3993.7881316713247	1	0	tensor(3)	0.8045939911588036
37876.35761923275	2000.0	2117.4305124385783	0.0	0	0.0	3993.7881316713174	1	0	tensor(3)	0.8045939911588043
38732.169111439056	1000.0	2261.619020232281	0.0	0	0.0	3993.7881316713174	1	0	tensor(3)	0.11144681059885933
39514.84209181069	1000.0	2478.946039860648	0.0	0	0.0	3993.7881316713174	1	0	tensor(3)	0.8045939911588045
40413.28845162178	1000.0	2580.4996800495537	0.0	0	0.0	3993.7881316713174	1	0	tensor(3)	0.8045939911588045
42240.40385113666	2000.0	1753.3842805346799	0.0	0	0.0	3993.7881316713247	1	0	tensor(3)	0.8045939911588037
42955.28467935417	1000.0	2038.5034523171848	0.0	0	0.0	3993.7881316713247	1	0	tensor(3)	0.11144681059885853
44048.425642406204	2000.0	1945.3624892651542	0.0	0	0.0	3993.7881316713247	1	0	tensor(3)	0.8045939911588037
45031.6217193367	2000.0	1962.1664123346618	0.0	0	0.0	3993.7881316713247	1	0	tensor(3)	1.497741171718749
45870.883993413765	2000.0	2122.904138257598	0.0	0	0.0	3993.788131671332	1	0	tensor(3)	1.497741171718748
48264.31321331155	3000.0	729.4749183598137	0.0	0	0.0	3993.788131671332	1	0	tensor(3)	1.497741171718748
49073.70760448026	1000.0	920.0805271911015	0.0	0	0.0	3993.7881316713247	1	0	tensor(3)	-0.2940182975093061
50007.85767093011	1000.0	985.930460741247	0.0	0	0.0	3993.7881316713247	1	0	tensor(3)	0.8045939911588038
51221.98741482989	2000.0	771.8007168414626	0.0	0	0.0	3993.7881316713247	1	0	tensor(3)	0.8045939911588037
51730.79002124562	1000.0	1262.9981104257356	0.0	0	0.0	3993.7881316713247	1	0	tensor(3)	0.11144681059885853
52149.92129918431	1000.0	1843.8668324870503	0.0	0	0.0	3993.7881316713247	1	0	tensor(3)	0.8045939911588038
53420.08452858362	2000.0	1573.7036030877407	0.0	0	0.0	3993.788131671332	1	0	tensor(3)	0.8045939911588029
54094.160477275276	1000.0	1899.6276543960855	0.0	0	0.0	3993.7881316713247	1	0	tensor(3)	0.11144681059885853
55369.14129151683	2000.0	1624.6468401545349	0.0	0	0.0	3993.7881316713247	1	0	tensor(3)	0.8045939911588037
57075.06192822792	2000.0	918.7262034434452	0.0	0	0.0	3993.7881316713247	1	0	tensor(3)	1.497741171718749
57866.67716385011	1000.0	1127.1109678212529	0.0	0	0.0	3993.7881316713247	1	0	tensor(3)	0.11144681059885853
58646.516416568484	1000.0	1347.2717151028762	0.0	0	0.0	3993.7881316713247	1	0	tensor(3)	0.8045939911588038
59186.010229163134	1000.0	1807.777902508229	0.0	0	0.0	3993.7881316713247	1	0	tensor(3)	0.8045939911588038
59912.65113428996	1000.0	2081.1369973814008	0.0	0	0.0	3993.788131671332	1	0	tensor(3)	0.8045939911588029
61269.23289045602	2000.0	1724.5552412153454	0.0	0	0.0	3993.788131671339	1	0	tensor(3)	0.804593991158802
62591.88700462719	2000.0	1401.9011270441688	0.0	0	0.0	3993.788131671339	1	0	tensor(3)	1.4977411717187472
63226.693099535565	1000.0	1767.0950321357934	0.0	0	0.0	3993.7881316713465	1	0	tensor(3)	0.1114468105988563
64826.937666730846	2000.0	1166.8504649405183	0.0	0	0.0	3993.7881316713538	1	0	tensor(3)	0.8045939911588007
65770.56858387726	1000.0	1223.219547794114	0.0	0	0.0	3993.7881316713538	1	0	tensor(3)	0.11144681059885553
66359.32979773042	1000.0	1634.4583339409658	0.0	0	0.0	3993.788131671361	1	0	tensor(3)	0.8045939911588004
67036.14573080823	1000.0	1957.6424008631425	0.0	0	0.0	3993.7881316713538	1	0	tensor(3)	0.8045939911588001
67866.91925028332	2000.0	2126.8688813880535	0.0	0	0.0	3993.7881316713465	1	0	tensor(3)	0.8045939911588004
69157.14183910574	2000.0	1836.6462925656388	0.0	0	0.0	3993.7881316713538	1	0	tensor(3)	1.4977411717187459
70778.45331233281	2000.0	1215.3348193385732	0.0	0	0.0	3993.788131671361	1	0	tensor(3)	1.497741171718745
71376.36397227277	1000.0	1617.424159398629	0.0	0	0.0	3993.788131671361	1	0	tensor(3)	0.11144681059885489
72063.8393649421	1000.0	1929.9487667292851	0.0	0	0.0	3993.788131671361	1	0	tensor(3)	0.8045939911588
72948.76086798497	2000.0	2045.027263686438	0.0	0	0.0	3993.788131671361	1	0	tensor(3)	0.8045939911587998
73777.39897986565	2000.0	2216.3891518057644	0.0	0	0.0	3993.7881316713756	1	0	tensor(3)	1.4977411717187439
74835.95161190093	2000.0	2157.8365197704934	0.0	0	0.0	3993.78813167139	1	0	tensor(3)	1.4977411717187423
76261.61619170972	2000.0	1732.171939961704	0.0	0	0.0	3993.78813167139	1	0	tensor(3)	1.4977411717187423
76839.72572593582	1000.0	2154.0624057356126	0.0	0	0.0	3993.7881316714047	1	0	tensor(3)	0.11144681059885053
77610.80962973023	1000.0	2382.978501941192	0.0	0	0.0	3993.7881316714047	1	0	tensor(3)	0.8045939911587957
78232.87854485716	1000.0	2760.909586814248	0.0	0	0.0	3993.7881316714047	1	0	tensor(3)	0.8045939911587957
79541.13814718774	2000.0	2452.649984483668	0.0	0	0.0	3993.7881316714193	1	0	tensor(3)	0.8045939911587943
80543.94786808325	2000.0	2449.840263588133	0.0	0	0.0	3993.7881316714193	1	0	tensor(3)	1.4977411717187394
81490.75653784961	2000.0	2503.03159382177	0.0	0	0.0	3993.7881316714047	1	0	tensor(3)	1.4977411717187408
82837.97970109596	3000.0	2155.8084305754232	0.0	0	0.0	3993.7881316714047	1	0	tensor(3)	1.497741171718741
84603.52913428693	3000.0	1390.2589973844547	0.0	0	0.0	3993.7881316714047	1	0	tensor(3)	1.9032062798269056
86052.87710986086	2000.0	940.9110218105413	0.0	0	0.0	3993.7881316714193	1	0	tensor(3)	1.0922760636105748
87320.5894761349	1000.0	673.1986555364788	0.0	0	0.0	3993.7881316714193	1	0	tensor(3)	0.11144681059884895
88276.01309241314	1000.0	717.7750392582292	0.0	0	0.0	3993.7881316714193	1	0	tensor(3)	0.8045939911587942
88975.4737779785	1000.0	1018.3143536928744	0.0	0	0.0	3993.7881316714193	1	0	tensor(3)	0.8045939911587942
89746.03396823855	1000.0	1247.75416343282	0.0	0	0.0	3993.7881316714193	1	0	tensor(3)	0.8045939911587942
90413.8838783949	1000.0	1579.9042532764572	0.0	0	0.0	3993.7881316714193	1	0	tensor(3)	0.8045939911587942
91344.32263613155	2000.0	1649.4654955397937	0.0	0	0.0	3993.7881316714193	1	0	tensor(3)	0.8045939911587943
92752.89194588453	2000.0	1240.8961857867987	0.0	0	0.0	3993.7881316714193	1	0	tensor(3)	1.4977411717187394
94843.4446028769	1000.0	200.0	49.65647120556517	0	0.0	4043.4446028769744	1	0	tensor(3)	-0.18765014419073758
95497.53168837432	500.0	672.1292924208833	126.21637791832129	0	0.0	4169.660980795292	1	0	tensor(3)	-1.3565859223834118
95958.35086275928	500.0	1211.3101180359208	0.0	0	0.0	4169.660980795306	1	0	tensor(3)	0.09385952568646001
96769.56494299696	1000.0	1400.0960377982403	0.0	0	0.0	4169.660980795306	1	0	tensor(3)	0.09385952568646003
97709.23008042548	1000.0	1460.4309003697238	0.0	0	0.0	4169.660980795306	1	0	tensor(3)	0.7870067062464055
98283.27142193828	1000.0	1886.3895588569312	0.0	0	0.0	4169.660980795306	1	0	tensor(3)	0.7870067062464055
98871.76879994487	1000.0	2297.8921808503383	0.0	0	0.0	4169.660980795321	1	0	tensor(3)	0.7870067062464041
99365.61610982065	1000.0	2804.044870974561	0.0	0	0.0	4169.660980795321	1	0	tensor(3)	0.7870067062464041
100821.42628048186	2000.0	2348.2347003133505	0.0	0	0.0	4169.660980795321	1	0	tensor(3)	0.7870067062464039
101474.11769478684	1000.0	2695.5432860083793	0.0	0	0.0	4169.6609807953355	1	0	tensor(3)	0.09385952568645739
102318.63238882189	1000.0	2851.0285919733183	0.0	0	0.0	4169.66098079535	1	0	tensor(3)	0.7870067062464012
103033.0621285414	1000.0	3136.5988522538173	0.0	0	0.0	4169.66098079535	1	0	tensor(3)	0.7870067062464012
104287.7771416045	2000.0	2881.8838391907084	0.0	0	0.0	4169.66098079535	1	0	tensor(3)	0.7870067062464011
105348.7706344937	1000.0	2820.8903463014894	0.0	0	0.0	4169.66098079535	1	0	tensor(3)	0.09385952568645595
106167.16910077585	1000.0	3002.4918800193545	0.0	0	0.0	4169.66098079535	1	0	tensor(3)	0.7870067062464012
107232.96543951223	1000.0	2936.6955412829698	0.0	0	0.0	4169.66098079535	1	0	tensor(3)	0.7870067062464012
108719.80618203989	1000.0	2449.85479875532	0.0	0	0.0	4169.66098079535	1	0	tensor(3)	0.7870067062464012
109441.24769680636	1000.0	2728.4132839888566	0.0	0	0.0	4169.66098079535	1	0	tensor(3)	0.7870067062464012
110045.08275126189	1000.0	3124.5782295333283	0.0	0	0.0	4169.66098079535	1	0	tensor(3)	0.7870067062464012
110938.12580360215	1000.0	3231.5351771930586	0.0	0	0.0	4169.6609807953355	1	0	tensor(3)	0.7870067062464026
111878.77301118392	1000.0	3290.887969611282	0.0	0	0.0	4169.6609807953355	1	0	tensor(3)	0.7870067062464026
113206.76898702564	2000.0	2962.891993769562	0.0	0	0.0	4169.6609807953355	1	0	tensor(3)	0.7870067062464026
113818.64877280715	1000.0	3351.01220798806	0.0	0	0.0	4169.6609807953355	1	0	tensor(3)	0.09385952568645739
115192.7881503141	2000.0	2976.872830481123	0.0	0	0.0	4169.6609807953355	1	0	tensor(3)	0.7870067062464026
116573.09241385221	2000.0	2596.568566943004	0.0	0	0.0	4169.6609807953355	1	0	tensor(3)	1.4801538868063477
117508.86350558011	2000.0	2660.7974752150926	0.0	0	0.0	4169.6609807953355	1	0	tensor(3)	1.4801538868063477
118968.86686891459	2000.0	2200.7941118805998	0.0	0	0.0	4169.6609807953355	1	0	tensor(3)	1.4801538868063477
120513.9587246486	2000.0	1655.7022561465787	0.0	0	0.0	4169.660980795321	1	0	tensor(3)	1.480153886806349
120961.77645005951	1000.0	2207.884530735687	0.0	0	0.0	4169.660980795321	1	0	tensor(3)	0.09385952568645897
122101.86506518825	2000.0	2067.795915606949	0.0	0	0.0	4169.660980795306	1	0	tensor(3)	0.7870067062464056
122990.39458003498	2000.0	2179.266400760222	0.0	0	0.0	4169.660980795306	1	0	tensor(3)	1.4801538868063506
124620.98628202426	3000.0	1548.6746987709575	0.0	0	0.0	4169.660980795306	1	0	tensor(3)	1.4801538868063506
126004.24221488359	2000.0	1165.4187659116176	0.0	0	0.0	4169.660980795306	1	0	tensor(3)	1.074688778698186
127034.60400205296	1000.0	1135.05697874223	0.0	0	0.0	4169.660980795306	1	0	tensor(3)	0.09385952568646025
127600.61019302219	1000.0	1569.0507877730113	0.0	0	0.0	4169.660980795306	1	0	tensor(3)	0.7870067062464055
128360.19701667041	1000.0	1809.4639641247923	0.0	0	0.0	4169.660980795306	1	0	tensor(3)	0.7870067062464055
128921.31167425621	1000.0	2248.349306538973	0.0	0	0.0	4169.660980795306	1	0	tensor(3)	0.7870067062464055
130192.1368726657	2000.0	1977.5241081294898	0.0	0	0.0	4169.660980795306	1	0	tensor(3)	0.7870067062464056
131051.81391444166	2000.0	2117.847066353539	0.0	0	0.0	4169.660980795321	1	0	tensor(3)	1.480153886806349
132324.44753418458	2000.0	1845.213446610615	0.0	0	0.0	4169.660980795321	1	0	tensor(3)	1.480153886806348
133093.88588038122	1000.0	2075.7751004139645	0.0	0	0.0	4169.660980795306	1	0	tensor(3)	0.09385952568646086
133824.02865044586	1000.0	2345.6323303493054	0.0	0	0.0	4169.660980795277	1	0	tensor(3)	0.787006706246407
134662.30886365025	1000.0	2507.352117144895	0.0	0	0.0	4169.660980795248	1	0	tensor(3)	0.7870067062464111
135874.5559447302	1000.0	2295.1050360649315	0.0	0	0.0	4169.660980795219	1	0	tensor(3)	0.787006706246414
138053.92294298284	1000.0	1115.7380378122575	0.0	0	0.0	4169.660980795219	1	0	tensor(3)	0.7870067062464142
139350.99722147378	1000.0	818.6637593213425	0.0	0	0.0	4169.660980795248	1	0	tensor(3)	0.7870067062464114
140101.4209313348	1000.0	1068.2400494603335	0.0	0	0.0	4169.660980795248	1	0	tensor(3)	0.7870067062464114
141011.46109675558	1000.0	1158.1998840395672	0.0	0	0.0	4169.660980795248	1	0	tensor(3)	0.7870067062464114
141827.74908186038	1000.0	1341.911898934781	0.0	0	0.0	4169.660980795248	1	0	tensor(3)	0.7870067062464114
142708.61151552032	1000.0	1461.0494652748362	0.0	0	0.0	4169.660980795248	1	0	tensor(3)	0.7870067062464114
143552.30027307043	1000.0	1617.3607077247457	0.0	0	0.0	4169.660980795248	1	0	tensor(3)	0.7870067062464114
144202.6361441713	1000.0	1967.0248366238643	0.0	0	0.0	4169.660980795248	1	0	tensor(3)	0.7870067062464114
144879.65900182773	1000.0	2290.0019789674325	0.0	0	0.0	4169.660980795248	1	0	tensor(3)	0.7870067062464114
145731.3398908122	1000.0	2438.321089982975	0.0	0	0.0	4169.660980795248	1	0	tensor(3)	0.7870067062464114
146907.7010706978	1000.0	2261.9599100973965	0.0	0	0.0	4169.660980795248	1	0	tensor(3)	0.7870067062464114
147740.727681232	1000.0	2428.9332995631594	0.0	0	0.0	4169.660980795248	1	0	tensor(3)	0.7870067062464114
148681.65735160036	1000.0	2488.0036291947963	0.0	0	0.0	4169.660980795219	1	0	tensor(3)	0.7870067062464142
149540.94712395399	1000.0	2628.713856841174	0.0	0	0.0	4169.660980795219	1	0	tensor(3)	0.7870067062464142
150074.18847807747	1000.0	3095.4725027176373	0.0	0	0.0	4169.660980795219	1	0	tensor(3)	0.7870067062464142
151653.21307362555	2000.0	2516.447907169545	0.0	0	0.0	4169.660980795219	1	0	tensor(3)	0.7870067062464141
152683.4282418272	2000.0	2486.2327389679244	0.0	0	0.0	4169.660980795219	1	0	tensor(3)	1.4801538868063593
154173.67983216187	2000.0	1995.9811486332737	0.0	0	0.0	4169.660980795219	1	0	tensor(3)	1.4801538868063593
155152.60027734796	2000.0	2017.0607034471873	0.0	0	0.0	4169.660980795219	1	0	tensor(3)	1.4801538868063593
155988.72748480146	2000.0	2180.9334959937096	0.0	0	0.0	4169.66098079519	1	0	tensor(3)	1.4801538868063624
156831.03711285195	2000.0	2338.6238679432277	0.0	0	0.0	4169.66098079519	1	0	tensor(3)	1.4801538868063624
157846.45510800273	2000.0	2323.205872792428	0.0	0	0.0	4169.660980795161	1	0	tensor(3)	1.4801538868063653
158940.21949673287	2000.0	2229.4414840623067	0.0	0	0.0	4169.66098079519	1	0	tensor(3)	1.4801538868063642
160232.68187415032	2000.0	1936.979106644835	0.0	0	0.0	4169.66098079519	1	0	tensor(3)	1.4801538868063624
161113.85014205932	2000.0	2055.8108387358347	0.0	0	0.0	4169.66098079519	1	0	tensor(3)	1.4801538868063624
162315.22764130734	2000.0	1854.4333394878204	0.0	0	0.0	4169.660980795161	1	0	tensor(3)	1.4801538868063653
163799.83547316556	2000.0	1369.825507629588	0.0	0	0.0	4169.660980795132	1	0	tensor(3)	1.480153886806368
164562.55784048451	2000.0	1607.1031403106208	0.0	0	0.0	4169.660980795132	1	0	tensor(3)	1.480153886806368
166024.12765199426	2000.0	1145.5333288008997	0.0	0	0.0	4169.660980795161	1	0	tensor(3)	1.480153886806367
166629.82716633595	1000.0	1539.8338144591946	0.0	0	0.0	4169.660980795161	1	0	tensor(3)	0.09385952568647493
167818.58628393745	1000.0	1351.0746968576996	0.0	0	0.0	4169.660980795161	1	0	tensor(3)	0.7870067062464201
168761.3613804395	1000.0	1408.2996003556266	0.0	0	0.0	4169.660980795161	1	0	tensor(3)	0.7870067062464223
169341.42845419695	1000.0	1828.232526598194	0.0	0	0.0	4169.660980795161	1	0	tensor(3)	0.7870067062464201
170111.27415272023	1000.0	2058.3868280749193	0.0	0	0.0	4169.660980795161	1	0	tensor(3)	0.7870067062464194
170960.7400443831	1000.0	2208.9209364120343	0.0	0	0.0	4169.660980795161	1	0	tensor(3)	0.7870067062464201
172107.5663829468	1000.0	2062.094597848327	0.0	0	0.0	4169.660980795132	1	0	tensor(3)	0.787006706246423
173197.46954526892	1000.0	1972.191435526206	0.0	0	0.0	4169.660980795132	1	0	tensor(3)	0.787006706246423
174104.84013419258	1000.0	2064.8208466025526	0.0	0	0.0	4169.660980795132	1	0	tensor(3)	0.787006706246423
174914.61518438006	1000.0	2255.045796415077	0.0	0	0.0	4169.660980795132	1	0	tensor(3)	0.787006706246423
175347.10971116158	1000.0	2822.551269633571	0.0	0	0.0	4169.660980795132	1	0	tensor(3)	0.787006706246423
176157.0729487996	2000.0	3012.5880319955504	0.0	0	0.0	4169.660980795132	1	0	tensor(3)	0.7870067062464228
177208.89637132158	2000.0	2960.7646094735774	0.0	0	0.0	4169.660980795103	1	0	tensor(3)	1.4801538868063706
178602.74178776858	2000.0	2566.9191930265756	0.0	0	0.0	4169.660980795074	1	0	tensor(3)	1.4801538868063737
180010.27090677226	2000.0	2159.3900740228796	0.0	0	0.0	4169.660980795044	1	0	tensor(3)	1.4801538868063768
181479.1644654856	2000.0	1690.496515309533	0.0	0	0.0	4169.660980795044	1	0	tensor(3)	1.4801538868063768
182544.98667759632	1000.0	1624.674303198832	0.0	0	0.0	4169.660980795044	1	0	tensor(3)	0.09385952568648648
183344.18693042788	1000.0	1825.4740503672645	0.0	0	0.0	4169.660980795044	1	0	tensor(3)	0.7870067062464317
184257.588875871	1000.0	1912.0721049241247	0.0	0	0.0	4169.660980795044	1	0	tensor(3)	0.7870067062464317
185006.61031773267	1000.0	2163.0506630624295	0.0	0	0.0	4169.660980795015	1	0	tensor(3)	0.7870067062464347
186411.85608853927	2000.0	1757.8048922558712	0.0	0	0.0	4169.660980795015	1	0	tensor(3)	0.7870067062464344
187310.40355221374	1000.0	1859.2574285813873	0.0	0	0.0	4169.660980795044	1	0	tensor(3)	0.09385952568648648
187994.97417031194	1000.0	2174.6868104831906	0.0	0	0.0	4169.660980795044	1	0	tensor(3)	0.7870067062464317
188836.5988319117	1000.0	2333.062148883463	0.0	0	0.0	4169.660980795015	1	0	tensor(3)	0.7870067062464329
189428.6126795124	1000.0	2741.0483012827935	0.0	0	0.0	4169.660980795015	1	0	tensor(3)	0.7870067062464347
190274.8166874474	1000.0	2894.8442933477504	0.0	0	0.0	4169.660980795015	1	0	tensor(3)	0.7870067062464347
191325.54470534076	1000.0	2844.1162754544116	0.0	0	0.0	4169.660980795015	1	0	tensor(3)	0.7870067062464347
191993.3702864078	1000.0	3176.290694387368	0.0	0	0.0	4169.660980795015	1	0	tensor(3)	0.7870067062464347
193042.72798251943	2000.0	3126.9329982757235	0.0	0	0.0	4169.660980794986	1	0	tensor(3)	0.7870067062464369
194012.76527153084	2000.0	3156.8957092643195	0.0	0	0.0	4169.660980795015	1	0	tensor(3)	1.4801538868063795
195470.7146999737	3000.0	2698.946280821455	0.0	0	0.0	4169.660980795044	1	0	tensor(3)	1.4801538868063777
197462.172774338	3000.0	1707.488206457132	0.0	0	0.0	4169.660980795015	1	0	tensor(3)	1.8856189949145432
199210.84521246998	2000.0	958.815768325117	0.0	0	0.0	4169.660980794986	1	0	tensor(3)	1.0746887786982173
200158.9720000543	2000.0	1010.6889807408533	0.0	0	0.0	4169.660980794986	1	0	tensor(3)	1.4801538868063826
200734.97131757683	1000.0	1434.6896632182963	0.0	0	0.0	4169.660980794986	1	0	tensor(3)	0.09385952568649236
201342.36325982615	1000.0	1827.2977209690002	0.0	0	0.0	4169.660980794986	1	0	tensor(3)	0.7870067062464375
202439.88786293578	2000.0	1729.7731178593685	0.0	0	0.0	4169.660980795015	1	0	tensor(3)	0.7870067062464344
202996.04022468493	1000.0	2173.620756110183	0.0	0	0.0	4169.660980795015	1	0	tensor(3)	0.0938595256864895
204051.59756423224	2000.0	2118.0634165628617	0.0	0	0.0	4169.660980795015	1	0	tensor(3)	0.7870067062464344
205946.87942967337	2000.0	1222.7815511217516	0.0	0	0.0	4169.660980795044	1	0	tensor(3)	1.4801538868063773
206752.72388476823	1000.0	1416.9370960269164	0.0	0	0.0	2169.6609807950153	1	0	tensor(6)	-5.706140474313512
207524.3205080839	1000.0	1645.3404727112259	0.0	0	0.0	2169.6609807950153	1	0	tensor(3)	0.9870067062464347
208200.0	1000.0	1969.6609807951297	0.0	0	26.695958662050543	2169.6609807950153	1	0	tensor(3)	0.9870067062464347
209200.0	1000.0	1969.6609807951409	0.0	0	204.2081883373903	2169.6609807950153	1	0	tensor(3)	0.9870067062464347
210588.25163734792	2000.0	1581.4093434472152	0.0	0	0.0	2169.6609807950153	1	0	tensor(3)	0.9870067062464346
212146.60660457955	2000.0	1023.0543762156135	0.0	0	0.0	2169.6609807950445	1	0	tensor(3)	1.6801538868063781
212884.23518921874	1000.0	1285.4257915764065	0.0	0	0.0	2169.6609807950445	1	0	tensor(3)	0.29385952568648654
213934.22184964424	1000.0	1235.4391311509144	0.0	0	0.0	2169.6609807950153	1	0	tensor(3)	0.9870067062464347
214630.01422087423	1000.0	1539.6467599209518	0.0	0	0.0	2169.6609807950153	1	0	tensor(3)	0.9870067062464347
215282.85296079813	1000.0	1886.8080199970452	0.0	0	0.0	2169.6609807950153	1	0	tensor(3)	0.9870067062464347
216200.0	1000.0	1969.6609807951963	0.0	0	390.72092468923074	2169.6609807950153	1	0	tensor(3)	0.9870067062464347
217502.47846420246	2000.0	1667.1825165927196	0.0	0	0.0	2169.6609807950153	1	0	tensor(3)	0.9870067062464346
218600.79042971565	2000.0	1568.870551079555	0.0	0	0.0	2169.6609807950445	1	0	tensor(3)	1.6801538868063768
219848.3793116469	2000.0	1321.2816691483079	0.0	0	0.0	2169.6609807950445	1	0	tensor(3)	1.6801538868063768
220826.5678499013	2000.0	1343.0931308938466	0.0	0	0.0	2169.6609807950153	1	0	tensor(3)	1.680153886806378
221791.35347283512	2000.0	1378.3075079600296	0.0	0	0.0	2169.6609807949862	1	0	tensor(3)	1.6801538868063826
222575.82756976417	2000.0	1593.8334110309652	0.0	0	0.0	2169.660980794957	1	0	tensor(3)	1.6801538868063857
223910.4616124644	2000.0	1259.199368330707	0.0	0	0.0	2169.660980794957	1	0	tensor(3)	1.6801538868063857
224485.42049046519	1000.0	1684.240490329897	0.0	0	0.0	2169.660980794928	1	0	tensor(3)	0.2938595256864982
225200.0	1000.0	1969.6609807950667	0.0	0	1.8946430590003729	2169.660980794928	1	0	tensor(3)	0.9870067062464434
226200.0	2000.0	1969.6609807950967	0.0	0	13.04019738099305	2169.660980794928	1	0	tensor(3)	0.9870067062464435
227200.0	1000.0	1969.6609807950927	0.0	0	492.69343493841006	2169.660980794928	1	0	tensor(3)	0.2938595256864982
228200.0	2000.0	1969.660980795079	0.0	0	16.39295930234948	2169.660980794928	1	0	tensor(3)	0.9870067062464435
229322.8334545421	2000.0	1846.8275262529985	0.0	0	0.0	2169.660980794928	1	0	tensor(3)	1.6801538868063886
230262.70639251795	2000.0	1906.9545882771536	0.0	0	0.0	2169.660980794899	1	0	tensor(3)	1.6801538868063914
231200.0	2000.0	1969.660980795118	0.0	0	13.750697481213138	2169.660980794899	1	0	tensor(3)	1.6801538868063914
232200.0	2000.0	1969.66098079512	0.0	0	337.1164993328857	2169.660980794899	1	0	tensor(3)	1.6801538868063914
233200.0	2000.0	1969.660980795145	0.0	0	192.35376654090942	2169.660980794899	1	0	tensor(3)	1.6801538868063914
234746.0449007962	2000.0	1423.6160799989545	0.0	0	0.0	2169.660980794928	1	0	tensor(3)	1.6801538868063908
236976.08177380267	2000.0	200.0	6.420793007503391	0	0.0	2176.0817738024343	1	0	tensor(3)	1.6415007129012182
237889.24967557387	1000.0	572.4906666428562	285.6585684140575	0	0.0	2461.740342216479	1	0	tensor(3)	-1.4492998209400025
238842.13965039715	1000.0	619.6006918195776	0.0	0	0.0	2461.740342216508	1	0	tensor(3)	0.9577987701042854
239341.6051676177	1000.0	1120.1351745989919	0.0	0	0.0	2461.740342216508	1	0	tensor(3)	0.9577987701042854
239831.22552520002	1000.0	1630.5148170166942	0.0	0	0.0	2461.740342216508	1	0	tensor(3)	0.9577987701042854
241061.9836885676	2000.0	1399.7566536491113	0.0	0	0.0	2461.740342216537	1	0	tensor(3)	0.9577987701042842
242132.09306340167	1000.0	1329.6472788150184	0.0	0	0.0	2461.740342216537	1	0	tensor(3)	0.2646515895443373
243816.02538944405	1000.0	645.7149527726317	0.0	0	0.0	2461.740342216508	1	0	tensor(3)	0.9577987701042854
245318.3013736854	1000.0	278.1497841619365	134.7108156306524	0	0.0	2596.4511578471574	1	0	tensor(3)	0.13616690150847757
246170.53531819038	1000.0	594.8828306351395	168.96699097819098	0	0.0	2765.418148825527	1	0	tensor(3)	-0.08637095642576234
247004.48114750985	1000.0	760.9370013156658	0.0	0	0.0	2765.418148825527	1	0	tensor(3)	0.9274309894433834
247892.42291154867	1000.0	872.9952372768576	0.0	0	0.0	2765.4181488255563	1	0	tensor(3)	0.9274309894433805
248459.86758770677	1000.0	1305.5505611187773	0.0	0	0.0	2765.4181488255563	1	0	tensor(3)	0.9274309894433805
249256.2261057378	1000.0	1509.192043087754	0.0	0	0.0	2765.418148825527	1	0	tensor(3)	0.9274309894433834
250051.80346058423	1000.0	1713.6146882413145	0.0	0	0.0	2765.4181488255563	1	0	tensor(3)	0.9274309894433805
250618.19467283814	1000.0	2147.2234759873922	0.0	0	0.0	2765.4181488255563	1	0	tensor(3)	0.9274309894433805
251221.25651075356	1000.0	2544.161638071956	0.0	0	0.0	2765.418148825527	1	0	tensor(3)	0.9274309894433834
252200.0	1000.0	2565.4181488255526	0.0	0	473.41036014672136	2765.4181488255563	1	0	tensor(3)	0.9274309894433805
253239.73363626807	2000.0	2525.6845125575187	0.0	0	0.0	2765.4181488255563	1	0	tensor(3)	0.9274309894433804
254200.0	1000.0	2565.4181488256004	0.0	0	187.0865767566429	2765.418148825527	1	0	tensor(3)	0.23428380888343772
255459.66970545636	2000.0	2305.7484433692375	0.0	0	0.0	2765.4181488255563	1	0	tensor(3)	0.9274309894433804
256430.97826363955	1000.0	2334.439885185994	0.0	0	0.0	2765.4181488255563	1	0	tensor(3)	0.23428380888343536
257845.50762692047	1000.0	1919.9105219051048	0.0	0	0.0	2765.4181488255563	1	0	tensor(3)	0.9274309894433805
258566.57996291394	1000.0	2198.838185911639	0.0	0	0.0	2765.4181488255563	1	0	tensor(3)	0.9274309894433805
259486.4023575143	1000.0	2279.015791311269	0.0	0	0.0	2765.4181488255563	1	0	tensor(3)	0.9274309894433805
260234.9973384364	1000.0	2530.4208103891283	0.0	0	0.0	2765.418148825527	1	0	tensor(3)	0.9274309894433834
261200.0	1000.0	2565.4181488255285	0.0	0	110.67253173503559	2765.418148825527	1	0	tensor(3)	0.9274309894433834
262807.15524897526	2000.0	1958.2628998502396	0.0	0	0.0	2765.418148825527	1	0	tensor(3)	0.9274309894433841
263743.343092936	1000.0	2022.0750558896123	0.0	0	0.0	2765.4181488256145	1	0	tensor(3)	0.23428380888343242
264281.1233382347	1000.0	2484.2948105908663	0.0	0	0.0	2765.4181488256436	1	0	tensor(3)	0.9274309894433741
265401.3246038858	2000.0	2364.0935449397903	0.0	0	0.0	2765.418148825702	1	0	tensor(3)	0.9274309894433665
266886.6107981646	2000.0	1878.8073506609735	0.0	0	0.0	2765.4181488256436	1	0	tensor(3)	1.620578170003317
267493.81182062044	1000.0	2271.6063282051255	0.0	0	0.0	2765.4181488256436	1	0	tensor(3)	0.2342838088834267
268200.0	1000.0	2565.4181488255676	0.0	0	52.04088463872904	2765.4181488256436	1	0	tensor(3)	0.9274309894433719
269200.0	2000.0	2565.418148825554	0.0	0	72.31387006916339	2765.418148825702	1	0	tensor(3)	0.9274309894433671
270410.48616970034	2000.0	2354.931979125308	0.0	0	0.0	2765.418148825702	1	0	tensor(3)	1.620578170003311
271312.87199207157	2000.0	2452.546156754129	0.0	0	0.0	2765.418148825702	1	0	tensor(3)	1.620578170003311
272200.0	2000.0	2565.4181488257245	0.0	0	91.04627190233441	2765.418148825702	1	0	tensor(3)	1.620578170003311
273360.47375418956	3000.0	2404.944394636101	0.0	0	0.0	2765.4181488256436	1	0	tensor(3)	1.620578170003316
276199.2306698239	3000.0	566.1874790017707	0.0	0	0.0	2765.418148825702	1	0	tensor(3)	2.026043278111479
277252.99761256424	2000.0	512.4205362614522	0.0	0	0.0	2765.418148825702	1	0	tensor(3)	1.2151130618951465
277880.4321392513	1000.0	884.9860095743736	0.0	0	0.0	2765.418148825702	1	0	tensor(3)	0.23428380888342082
278405.36469208024	1000.0	1360.0534567454577	0.0	0	0.0	2765.418148825702	1	0	tensor(3)	0.9274309894433661
279254.78756098665	2000.0	1510.6305878390885	0.0	0	0.0	2765.418148825702	1	0	tensor(3)	0.927430989443366
280696.1690667311	2000.0	1069.2490820946127	0.0	0	0.0	2765.418148825702	1	0	tensor(3)	1.620578170003311
281616.2274828067	1000.0	1149.1906660189823	0.0	0	0.0	2765.418148825702	1	0	tensor(3)	0.23428380888342082
282303.95431517024	1000.0	1461.4638336554658	0.0	0	0.0	2765.4181488256436	1	0	tensor(3)	0.9274309894433719
283198.9437520639	1000.0	1566.47439676174	0.0	0	0.0	2765.4181488256436	1	0	tensor(3)	0.9274309894433719
284352.90153671097	1000.0	1412.5166121146856	0.0	0	0.0	2765.4181488256436	1	0	tensor(3)	0.9274309894433719
286049.3103519543	1000.0	716.1077968713239	0.0	0	0.0	2765.4181488255854	1	0	tensor(3)	0.9274309894433775
288043.9539305815	1000.0	215.45540952224192	493.9911912781252	0	0.0	3259.4093401036807	1	0	tensor(3)	-2.082630412201139
288721.22507476574	500.0	654.5474505388243	116.36318520079703	0	0.0	3375.7725253044628	1	0	tensor(3)	-1.218077920529183
289429.5375884398	1000.0	946.2349368647265	0.0	0	0.0	3375.7725253044628	1	0	tensor(3)	0.1732483712355446
290155.9836653266	1000.0	1219.7888599779726	0.0	0	0.0	3375.772525304521	1	0	tensor(3)	0.8663955517954841
290836.10393826396	1000.0	1539.6685870405768	0.0	0	0.0	3375.772525304579	1	0	tensor(3)	0.8663955517954782
291557.7116616837	1000.0	1818.06086362085	0.0	0	0.0	3375.772525304579	1	0	tensor(3)	0.8663955517954782
292147.0662931123	1000.0	2228.7062321922767	0.0	0	0.0	3375.772525304579	1	0	tensor(3)	0.8663955517954782
292922.79952819896	1000.0	2452.9729971056713	0.0	0	0.0	3375.772525304521	1	0	tensor(3)	0.8663955517954841
294174.7823784732	2000.0	2200.990146831421	0.0	0	0.0	3375.7725253044628	1	0	tensor(3)	0.8663955517954899
295278.184336092	1000.0	2097.588189212631	0.0	0	0.0	3375.7725253044628	1	0	tensor(3)	0.17324837123554482
296134.93062307633	1000.0	2240.841902228335	0.0	0	0.0	3375.772525304521	1	0	tensor(3)	0.8663955517954841
296952.4305439287	1000.0	2423.3419813759583	0.0	0	0.0	3375.772525304521	1	0	tensor(3)	0.8663955517954841
297717.4168868094	1000.0	2658.355638495231	0.0	0	0.0	3375.772525304521	1	0	tensor(3)	0.8663955517954841
298461.81984939356	1000.0	2913.9526759111254	0.0	0	0.0	3375.772525304521	1	0	tensor(3)	0.8663955517954841
299309.2987875871	1000.0	3066.473737717681	0.0	0	0.0	3375.772525304579	1	0	tensor(3)	0.8663955517954782
300390.24765306193	2000.0	2985.5248722428423	0.0	0	0.0	3375.772525304579	1	0	tensor(3)	0.8663955517954782
301448.95313279686	2000.0	2926.8193925079013	0.0	0	0.0	3375.772525304579	1	0	tensor(3)	1.5595427323554234
302347.80191186286	2000.0	3027.970613441834	0.0	0	0.0	3375.7725253046374	1	0	tensor(3)	1.5595427323554176
303649.17952423537	2000.0	2726.5930010693996	0.0	0	0.0	3375.7725253046956	1	0	tensor(3)	1.5595427323554119
304465.5034871674	2000.0	2910.269038137376	0.0	0	0.0	3375.7725253046956	1	0	tensor(3)	1.5595427323554119
2.17	2.49	2.41	1.69	1.44	1.7	1.86	1.9	1.9	2.28	1.38	1.33	1.09	1.48	1.95	1.34	1.16	1.07	0.79	1.39	1.88	2.49	2.18	1.59	1.48	1.93	1.56	1.2	1.59	1.15	1.84	1.73	1.17	1.41	1.66	1.16	1.33	1.93	2.54	2.99	2.24	1.08	1.17	0.71	2.0	1.74	2.09	1.49	1.87	2.15	1.0	1.03	1.53	1.48	1.75	2.02	1.56	1.73	1.3	1.3	1.78	2.06	2.0	2.07	1.33	1.52	2.07	2.33	1.45	1.34	1.67	1.62	1.69	2.06	2.44	2.32	2.97	2.24	1.63	1.73	1.2	0.76	0.88	1.33	2.09	2.15	1.22	0.65	0.6	0.8	1.03	1.15	1.33	1.69	1.17	1.56	1.48	1.81	1.37	1.26	1.36	0.86	0.9	1.45	1.31	1.1	1.77	1.3	1.33	1.56	1.75	1.82	1.36	1.66	1.75	2.18	2.75	3.17	1.9	1.17	1.17	1.41	1.82	1.88	2.18	1.71	0.97	1.44	1.45	0.65	0.57	0.58	0.65	0.88	1.15	1.42	1.23	1.31	1.8	1.47	0.9	0.94	1.36	1.41	1.67	1.76	2.37	1.68	1.78	1.67	2.17	2.49	2.41	1.69	1.44	1.7	1.86	1.9	1.9	2.28	1.38	1.33	1.09	1.48	1.95	1.34	1.16	1.07	0.79	1.39	1.88	2.49	2.18	1.59	1.48	1.93	1.56	1.2	1.59	1.15	1.84	1.73	1.17	1.41	1.66	1.16	1.33	1.93	2.54	2.99	2.24	1.08	1.17	0.71	2.0	1.74	2.09	1.49	1.87	2.15	1.0	1.03	1.53	1.48	1.75	2.02	1.56	1.73	1.3	1.3	1.78	2.06	2.0	2.07	1.33	1.52	2.07	2.33	1.45	1.34	1.67	1.62	1.69	2.06	2.44	2.32	2.97	2.24	1.63	1.73	1.2	0.76	0.88	1.33	2.09	2.15	1.22	0.65	0.6	0.8	1.03	1.15	1.33	1.69	1.17	1.56	1.48	1.81	1.37	1.26	1.36	0.86	0.9	1.45	1.31	1.1	1.77	1.3	1.33	1.56	1.75	1.82	1.36	1.66	1.75	2.18	2.75	3.17	1.9	1.17	1.17	1.41	1.82	1.88	2.18	1.71	0.97	1.44	1.45	0.65	0.57	0.58	0.65	0.88	1.15	1.42	1.23	1.31	1.8	1.47	0.9	0.94	1.36	1.41	1.67	1.76	2.37	1.68	1.78	1.67	2.17	2.49	2.41	1.69
1.0	2.0	3.0	4.0	5.0	6.0	7.0	8.0	9.0	10.0	11.0	12.0	13.0	14.0	15.0	16.0	17.0	18.0	19.0	20.0	21.0	22.0	23.0	24.0	25.0	26.0	27.0	28.0	29.0	30.0	31.0	32.0	33.0	34.0	35.0	36.0	37.0	38.0	39.0	40.0	41.0	42.0	43.0	44.0	45.0	46.0	47.0	48.0	49.0	50.0	51.0	52.0	53.0	54.0	55.0	56.0	57.0	58.0	59.0	60.0	61.0	62.0	63.0	64.0	65.0	66.0	67.0	68.0	69.0	70.0	71.0	72.0	73.0	74.0	75.0	76.0	77.0	78.0	79.0	80.0	81.0	82.0	83.0	84.0	85.0	86.0	87.0	88.0	89.0	90.0	91.0	92.0	93.0	94.0	95.0	96.0	97.0	98.0	99.0	100.0	101.0	102.0	103.0	104.0	105.0	106.0	107.0	108.0	109.0	110.0	111.0	112.0	113.0	114.0	115.0	116.0	117.0	118.0	119.0	120.0	121.0	122.0	123.0	124.0	125.0	126.0	127.0	128.0	129.0	130.0	131.0	132.0	133.0	134.0	135.0	136.0	137.0	138.0	139.0	140.0	141.0	142.0	143.0	144.0	145.0	146.0	147.0	148.0	149.0	149.0	150.0	151.0	152.0	153.0	154.0	155.0	156.0	157.0	158.0	159.0	160.0	161.0	162.0	163.0	164.0	165.0	166.0	167.0	168.0	169.0	170.0	171.0	172.0	173.0	174.0	175.0	176.0	177.0	178.0	179.0	180.0	181.0	182.0	183.0	184.0	185.0	186.0	187.0	188.0	189.0	190.0	191.0	192.0	193.0	194.0	195.0	196.0	197.0	198.0	199.0	200.0	201.0	202.0	203.0	204.0	205.0	206.0	207.0	208.0	209.0	210.0	211.0	212.0	213.0	214.0	215.0	216.0	217.0	218.0	219.0	220.0	221.0	222.0	223.0	224.0	225.0	226.0	227.0	228.0	229.0	230.0	231.0	232.0	233.0	234.0	235.0	236.0	237.0	238.0	239.0	240.0	241.0	242.0	243.0	244.0	245.0	246.0	247.0	248.0	249.0	250.0	251.0	252.0	253.0	254.0	255.0	256.0	257.0	258.0	259.0	260.0	261.0	262.0	263.0	264.0	265.0	266.0	267.0	268.0	269.0	270.0	271.0	272.0	273.0	274.0	275.0	276.0	277.0	278.0	279.0	280.0	281.0	282.0	283.0	284.0	285.0	286.0	287.0	288.0	289.0	290.0	291.0	292.0	293.0	294.0	295.0	296.0	297.0	298.0	298.0	299.0	300.0	301.0	302.0
5704.695789457163
