4706.838127117528	300.0	2000.0	161.0348555031591	0	0.0	4706.838127117528	1	0	tensor(3)	-1.4334322553870804
4983.788024817176	500.0	2723.050102300351	0.0	0	0.0	4706.838127117528	1	0	tensor(3)	-0.47068381271175286
5632.324418939008	2000.0	3074.513708178519	0.0	0	0.0	4706.838127117528	1	0	tensor(3)	0.040141811054237975
6611.761972499483	2000.0	3095.0761546180443	0.0	0	0.0	4706.838127117528	1	0	tensor(3)	1.4264361721741285
7406.9595711760585	3000.0	3299.878555941469	0.0	0	0.0	4706.8381271175285	1	0	tensor(3)	1.4264361721741285
8289.350838083225	3000.0	3417.487289034304	0.0	0	0.0	4706.838127117529	1	0	tensor(3)	1.8319012802822932
9858.231834883514	3000.0	2848.6062922340157	0.0	0	0.0	4706.838127117531	1	0	tensor(3)	1.8319012802822932
10914.763535312099	3000.0	2792.07459180543	0.0	0	0.0	4706.8381271175285	1	0	tensor(3)	1.8319012802822932
12832.172357633845	3000.0	1874.6657694836842	0.0	0	0.0	4706.8381271175285	1	0	tensor(3)	1.8319012802822932
14127.566188831233	2000.0	1579.2719382862938	0.0	0	0.0	4706.838127117528	1	0	tensor(3)	1.020971064065964
14993.97122747968	2000.0	1712.866899637846	0.0	0	0.0	4706.838127117528	1	0	tensor(3)	1.4264361721741285
15633.865031215442	2000.0	2072.973095902084	0.0	0	0.0	4706.838127117529	1	0	tensor(3)	1.4264361721741283
16632.484177966642	3000.0	2074.353949150885	0.0	0	0.0	4706.838127117533	1	0	tensor(3)	1.426436172174128
17394.64260458594	3000.0	2312.1955225315833	0.0	0	0.0	4706.838127117531	1	0	tensor(3)	1.831901280282293
18252.938018767658	3000.0	2453.900108349867	0.0	0	0.0	4706.838127117531	1	0	tensor(3)	1.831901280282293
18958.675188306057	3000.0	2748.1629388114716	0.0	0	0.0	4706.838127117537	1	0	tensor(3)	1.8319012802822923
19908.3577279037	3000.0	2798.4803992138277	0.0	0	0.0	4706.8381271175385	1	0	tensor(3)	1.8319012802822923
20703.50411864719	3000.0	3003.334008470341	0.0	0	0.0	4706.838127117542	1	0	tensor(3)	1.831901280282292
21440.591576741797	3000.0	3266.246550375734	0.0	0	0.0	4706.838127117542	1	0	tensor(3)	1.8319012802822918
23825.053808452594	6000.0	1881.7843186649354	0.0	0	0.0	4706.838127117542	1	0	tensor(3)	1.8319012802822914
25174.48666757326	3000.0	1532.3514595442716	0.0	0	0.0	4706.838127117546	1	0	tensor(3)	1.1387540997223464
26541.383948722614	3000.0	1165.4541783949157	0.0	0	0.0	4706.838127117546	1	0	tensor(3)	1.8319012802822914
27640.39987320478	3000.0	1066.438253912751	0.0	0	0.0	4706.838127117546	1	0	tensor(3)	1.8319012802822914
28785.76449241334	2000.0	921.073634704194	0.0	0	0.0	2706.838127117546	1	0	tensor(6)	-4.779028935934036
29879.51886896738	2000.0	827.3192581501488	0.0	0	0.0	2706.838127117542	1	0	tensor(3)	1.6264361721741272
31262.02618409742	2000.0	444.81194302010846	0.0	0	0.0	2706.838127117542	1	0	tensor(3)	1.6264361721741272
31788.416549445705	1000.0	918.4215776718225	0.0	0	0.0	2706.838127117542	1	0	tensor(3)	0.24014181105423682
32568.307004078677	2000.0	1138.531123038856	0.0	0	0.0	2706.838127117542	1	0	tensor(3)	0.933288991614182
33233.64811657357	2000.0	1473.190010543968	0.0	0	0.0	2706.838127117542	1	0	tensor(3)	1.6264361721741272
34074.034807200864	2000.0	1632.8033199166684	0.0	0	0.0	2706.8381271175385	1	0	tensor(3)	1.6264361721741272
34924.56141667942	3000.0	1782.2767104381135	0.0	0	0.0	2706.838127117535	1	0	tensor(3)	1.6264361721741276
36118.898756108676	3000.0	1587.9393710088473	0.0	0	0.0	2706.8381271175313	1	0	tensor(3)	2.031901280282293
36871.31369153909	3000.0	1835.5244355784316	0.0	0	0.0	2706.8381271175313	1	0	tensor(3)	2.031901280282293
37797.40452308698	3000.0	1909.4336040305402	0.0	0	0.0	2706.8381271175313	1	0	tensor(3)	2.031901280282293
39195.29106533406	3000.0	1511.5470617834624	0.0	0	0.0	2706.8381271175385	1	0	tensor(3)	2.031901280282292
40154.920447900106	3000.0	1551.917679217408	0.0	0	0.0	2706.8381271175385	1	0	tensor(3)	2.031901280282292
41229.27717249402	2000.0	1477.5609546234903	0.0	0	0.0	2706.8381271175385	1	0	tensor(3)	1.2209710640659628
42437.012883300325	2000.0	1269.825243817188	0.0	0	0.0	2706.8381271175385	1	0	tensor(3)	1.6264361721741274
43539.210344381216	2000.0	1167.627782736303	0.0	0	0.0	2706.8381271175385	1	0	tensor(3)	1.6264361721741274
44513.98101732965	2000.0	1192.8571097878776	0.0	0	0.0	2706.8381271175385	1	0	tensor(3)	1.6264361721741274
45456.11476009832	2000.0	1250.7233670192127	0.0	0	0.0	2706.8381271175385	1	0	tensor(3)	1.6264361721741274
45974.60082290633	2000.0	1732.2373042111985	0.0	0	0.0	2706.838127117546	1	0	tensor(3)	1.6264361721741265
46765.69308180233	3000.0	1941.145045315191	0.0	0	0.0	2706.8381271175385	1	0	tensor(3)	1.6264361721741276
47357.987933296485	3000.0	2348.8501938210425	0.0	0	0.0	2706.8381271175313	1	0	tensor(3)	2.031901280282293
48351.643036187554	3000.0	2355.195090929975	0.0	0	0.0	2706.8381271175313	1	0	tensor(3)	2.031901280282293
49200.0	3000.0	2506.838127117531	0.0	0	15.759210020230967	2706.8381271175313	1	0	tensor(3)	2.031901280282293
51134.92005348887	3000.0	1571.9180736286503	0.0	0	0.0	2706.8381271175313	1	0	tensor(3)	2.031901280282293
52059.651642602694	2000.0	1647.186484514835	0.0	0	0.0	2706.8381271175313	1	0	tensor(3)	1.2209710640659637
53271.627485297715	2000.0	1435.210641819811	0.0	0	0.0	2706.8381271175313	1	0	tensor(3)	1.6264361721741283
54923.204786867944	2000.0	783.6333402495804	0.0	0	0.0	2706.8381271175313	1	0	tensor(3)	1.6264361721741283
55714.11515906977	2000.0	992.7229680477619	0.0	0	0.0	2706.8381271175313	1	0	tensor(3)	1.6264361721741283
56725.50313642635	2000.0	981.3349906911792	0.0	0	0.0	2706.8381271175313	1	0	tensor(3)	1.6264361721741283
57693.86389444629	2000.0	1012.9742326712411	0.0	0	0.0	2706.8381271175385	1	0	tensor(3)	1.6264361721741274
58935.02295474782	2000.0	771.8151723697093	0.0	0	0.0	2706.838127117546	1	0	tensor(3)	1.6264361721741265
59969.72066309374	1000.0	737.1174640237912	0.0	0	0.0	2706.838127117546	1	0	tensor(3)	0.24014181105423651
60700.28216068751	1000.0	1006.5559664300193	0.0	0	0.0	2706.838127117546	1	0	tensor(3)	0.9332889916141817
61456.606855914346	1000.0	1250.2312712031826	0.0	0	0.0	2706.838127117553	1	0	tensor(3)	0.9332889916141809
61866.24705408415	1000.0	1840.5910730333705	0.0	0	0.0	2706.838127117553	1	0	tensor(3)	0.9332889916141809
62757.70231397626	2000.0	1949.1358131412621	0.0	0	0.0	2706.8381271175604	1	0	tensor(3)	0.93328899161418
63305.71359228431	2000.0	2401.1245348332127	0.0	0	0.0	2706.8381271175604	1	0	tensor(3)	1.6264361721741252
64343.884599721714	3000.0	2362.953527395803	0.0	0	0.0	2706.8381271175604	1	0	tensor(3)	1.6264361721741254
65559.96801662052	3000.0	2146.870110496989	0.0	0	0.0	2706.838127117553	1	0	tensor(3)	2.0319012802822902
66744.31804526463	3000.0	1962.5200818528888	0.0	0	0.0	2706.838127117575	1	0	tensor(3)	2.0319012802822893
68084.97989809151	3000.0	1621.858229026018	0.0	0	0.0	2706.838127117575	1	0	tensor(3)	2.0319012802822893
69141.2692724042	2000.0	1565.568854713324	0.0	0	0.0	2706.8381271175604	1	0	tensor(3)	1.2209710640659606
70172.91545542331	2000.0	1533.9226716942053	0.0	0	0.0	2706.838127117575	1	0	tensor(3)	1.6264361721741238
71005.5733075019	2000.0	1701.2648196156374	0.0	0	0.0	2706.838127117575	1	0	tensor(3)	1.6264361721741238
71886.76800777185	2000.0	1820.070119345658	0.0	0	0.0	2706.838127117575	1	0	tensor(3)	1.6264361721741238
72848.7082931855	2000.0	1858.1298339320247	0.0	0	0.0	2706.8381271175895	1	0	tensor(3)	1.6264361721741225
74791.18647872972	2000.0	915.6516483877874	0.0	0	0.0	2706.8381271175895	1	0	tensor(3)	1.6264361721741225
75736.40537899584	1000.0	970.4327481216502	0.0	0	0.0	2706.838127117575	1	0	tensor(3)	0.2401418110542335
76536.9265348999	1000.0	1169.911592217582	0.0	0	0.0	2706.838127117575	1	0	tensor(3)	0.9332889916141787
77288.67745533012	1000.0	1418.1606717873603	0.0	0	0.0	2706.838127117575	1	0	tensor(3)	0.9332889916141787
77841.27226564384	1000.0	1865.565861473644	0.0	0	0.0	2706.838127117575	1	0	tensor(3)	0.9332889916141787
79047.8935351636	2000.0	1658.9445919538862	0.0	0	0.0	2706.8381271175604	1	0	tensor(3)	0.93328899161418
79832.57415968475	2000.0	1874.2639674327547	0.0	0	0.0	2706.8381271175604	1	0	tensor(3)	1.6264361721741252
80576.86448025779	2000.0	2129.9736468597325	0.0	0	0.0	2706.838127117546	1	0	tensor(3)	1.6264361721741265
81348.46858553866	3000.0	2358.3695415788507	0.0	0	0.0	2706.838127117546	1	0	tensor(3)	1.6264361721741267
82798.99202919939	3000.0	1907.8460979181286	0.0	0	0.0	2706.8381271175604	1	0	tensor(3)	2.0319012802822902
83846.1355625789	3000.0	1860.702564538624	0.0	0	0.0	2706.8381271175604	1	0	tensor(3)	2.0319012802822902
84719.12556346905	2000.0	1987.712563648478	0.0	0	0.0	2706.838127117546	1	0	tensor(3)	1.220971064065962
85513.02473963592	3000.0	2193.8133874816076	0.0	0	0.0	2706.8381271175313	1	0	tensor(3)	1.6264361721741283
86274.18213898959	3000.0	2432.655988127929	0.0	0	0.0	2706.8381271175313	1	0	tensor(3)	2.031901280282293
87307.42476383298	3000.0	2399.4133632845414	0.0	0	0.0	2706.8381271175313	1	0	tensor(3)	2.031901280282293
88200.0	3000.0	2506.8381271175244	0.0	0	2.6171824751218082	2706.8381271175167	1	0	tensor(3)	2.0319012802822947
90288.95245202714	3000.0	1417.8856750904001	0.0	0	0.0	2706.8381271175167	1	0	tensor(3)	2.0319012802822947
91708.87832524716	2000.0	997.9598018703714	0.0	0	0.0	2706.8381271175167	1	0	tensor(3)	1.220971064065965
92455.54640825972	2000.0	1251.2917188578103	0.0	0	0.0	2706.8381271175167	1	0	tensor(3)	1.6264361721741296
93170.34030178787	1000.0	1536.497825329674	0.0	0	0.0	2706.8381271175313	1	0	tensor(3)	0.2401418110542378
93614.13967450534	1000.0	2092.6984526122123	0.0	0	0.0	2706.838127117546	1	0	tensor(3)	0.9332889916141817
94827.58649327679	2000.0	1879.2516338407615	0.0	0	0.0	2706.838127117546	1	0	tensor(3)	0.9332889916141814
95593.62371790544	2000.0	2113.214409212109	0.0	0	0.0	2706.8381271175604	1	0	tensor(3)	1.6264361721741252
96373.5493508278	2000.0	2333.288776289751	0.0	0	0.0	2706.8381271175604	1	0	tensor(3)	1.6264361721741252
97200.0	2000.0	2506.838127117554	0.0	0	30.05843609267322	2706.838127117575	1	0	tensor(3)	1.6264361721741238
99814.36909774455	3000.0	892.4690293730021	0.0	0	0.0	2706.8381271175604	1	0	tensor(3)	1.6264361721741254
100549.55544327832	1000.0	1157.282683839227	0.0	0	0.0	2706.8381271175604	1	0	tensor(3)	-0.16532329705392967
101408.49952025778	1000.0	1298.3386068597624	0.0	0	0.0	2706.8381271175604	1	0	tensor(3)	0.9332889916141801
102188.25583528387	1000.0	1518.582291833685	0.0	0	0.0	2706.838127117575	1	0	tensor(3)	0.9332889916141787
102777.74875691594	1000.0	1929.089370201612	0.0	0	0.0	2706.838127117575	1	0	tensor(3)	0.9332889916141787
103672.42067649588	2000.0	2034.4174506216593	0.0	0	0.0	2706.8381271175604	1	0	tensor(3)	0.93328899161418
104490.19424546004	2000.0	2216.64388165752	0.0	0	0.0	2706.8381271175604	1	0	tensor(3)	1.6264361721741252
106064.4973650236	2000.0	1642.3407620939436	0.0	0	0.0	2706.8381271175604	1	0	tensor(3)	1.6264361721741252
106936.47874073277	1000.0	1770.3593863847834	0.0	0	0.0	2706.8381271175604	1	0	tensor(3)	0.24014181105423493
107484.70784107113	1000.0	2222.130286046424	0.0	0	0.0	2706.838127117546	1	0	tensor(3)	0.9332889916141817
108936.00953451374	2000.0	1770.8285926038113	0.0	0	0.0	2706.838127117546	1	0	tensor(3)	0.9332889916141814
110503.553709408	2000.0	1203.2844177095449	0.0	0	0.0	2706.838127117546	1	0	tensor(3)	1.6264361721741265
111012.91116093505	1000.0	1693.9269661824978	0.0	0	0.0	2706.838127117546	1	0	tensor(3)	0.24014181105423651
112599.59850759758	2000.0	1107.2396195199697	0.0	0	0.0	2706.838127117546	1	0	tensor(3)	0.9332889916141814
113254.21910293616	1000.0	1452.6190241813829	0.0	0	0.0	2706.838127117546	1	0	tensor(3)	0.24014181105423651
113957.84292889197	1000.0	1748.995198225588	0.0	0	0.0	2706.838127117546	1	0	tensor(3)	0.9332889916141817
114636.59612529552	1000.0	2070.2420018220455	0.0	0	0.0	2706.8381271175604	1	0	tensor(3)	0.9332889916141801
115542.00316578207	2000.0	2164.8349613354903	0.0	0	0.0	2706.8381271175604	1	0	tensor(3)	0.93328899161418
116292.49872487644	2000.0	2414.339402241112	0.0	0	0.0	2706.8381271175604	1	0	tensor(3)	1.6264361721741252
117200.0	2000.0	2506.8381271175645	0.0	0	374.3920060252567	2706.8381271175604	1	0	tensor(3)	1.6264361721741252
118200.0	3000.0	2506.838127117568	0.0	0	324.74404591067287	2706.8381271175604	1	0	tensor(3)	1.6264361721741254
119247.24781021723	3000.0	2459.5903169003245	0.0	0	0.0	2706.8381271175604	1	0	tensor(3)	2.0319012802822902
121297.43414808327	3000.0	1409.403979034295	0.0	0	0.0	2706.8381271175604	1	0	tensor(3)	2.0319012802822902
122729.00011072993	2000.0	977.8380163876225	0.0	0	0.0	2706.8381271175604	1	0	tensor(3)	1.2209710640659606
123453.39404241725	1000.0	1253.4440847003145	0.0	0	0.0	2706.8381271175604	1	0	tensor(3)	0.24014181105423493
123989.06977742634	1000.0	1717.7683496912377	0.0	0	0.0	2706.8381271175604	1	0	tensor(3)	0.9332889916141801
124744.81243358114	1000.0	1962.025693536428	0.0	0	0.0	2706.8381271175604	1	0	tensor(3)	0.9332889916141801
125570.52209250265	1000.0	2136.3160346149125	0.0	0	0.0	2706.8381271175604	1	0	tensor(3)	0.9332889916141801
126581.48637368495	1000.0	2125.351753432612	0.0	0	0.0	2706.8381271175604	1	0	tensor(3)	0.9332889916141801
127403.1438990975	1000.0	2303.694228020052	0.0	0	0.0	2706.8381271175604	1	0	tensor(3)	0.9332889916141801
128200.0	1000.0	2506.838127117551	0.0	0	57.24848487487179	2706.8381271175604	1	0	tensor(3)	0.9332889916141801
129200.0	1000.0	2506.8381271175513	0.0	0	367.87926325344597	2706.838127117575	1	0	tensor(3)	0.9332889916141787
130384.71751874036	2000.0	2322.120608377192	0.0	0	0.0	2706.838127117575	1	0	tensor(3)	0.9332889916141787
131270.9517547352	2000.0	2435.8863723823583	0.0	0	0.0	2706.8381271175604	1	0	tensor(3)	1.6264361721741243
132613.79938493148	3000.0	2093.0387421860696	0.0	0	0.0	2706.838127117546	1	0	tensor(3)	1.6264361721741258
133687.19437387647	2000.0	2019.6437532410737	0.0	0	0.0	2706.8381271175313	1	0	tensor(3)	1.220971064065962
134867.1379389286	2000.0	1839.7001881889773	0.0	0	0.0	2706.838127117546	1	0	tensor(3)	1.6264361721741265
135965.01020053503	2000.0	1741.8279265825374	0.0	0	0.0	2706.838127117575	1	0	tensor(3)	1.6264361721741238
137055.25815179298	2000.0	1651.5799753246379	0.0	0	0.0	2706.838127117604	1	0	tensor(3)	1.6264361721741212
138054.05027747888	2000.0	1652.7878496387448	0.0	0	0.0	2706.838127117604	1	0	tensor(3)	1.6264361721741212
139318.67898710875	2000.0	1388.159140008861	0.0	0	0.0	2706.838127117575	1	0	tensor(3)	1.6264361721741238
140388.61324216856	2000.0	1318.2248849490652	0.0	0	0.0	2706.838127117575	1	0	tensor(3)	1.6264361721741238
141326.36313623004	1000.0	1380.4749908876136	0.0	0	0.0	2706.838127117575	1	0	tensor(3)	0.2401418110542335
142526.23901547166	1000.0	1180.5991116459775	0.0	0	0.0	2706.838127117604	1	0	tensor(3)	0.9332889916141758
143816.38055402122	1000.0	890.4575730964149	0.0	0	0.0	2706.838127117604	1	0	tensor(3)	0.9332889916141758
144974.9448918108	1000.0	731.8932353068569	0.0	0	0.0	2706.838127117604	1	0	tensor(3)	0.9332889916141758
145629.31262467962	1000.0	1077.525502437998	0.0	0	0.0	2706.838127117604	1	0	tensor(3)	0.9332889916141758
146233.6953435539	1000.0	1473.1427835636916	0.0	0	0.0	2706.838127117575	1	0	tensor(3)	0.9332889916141787
146741.81098433226	1000.0	1965.0271427853072	0.0	0	0.0	2706.838127117575	1	0	tensor(3)	0.9332889916141787
147603.74291935842	2000.0	2103.0952077591355	0.0	0	0.0	2706.838127117546	1	0	tensor(3)	0.9332889916141814
149282.82488761234	2000.0	1424.013239505246	0.0	0	0.0	2706.838127117546	1	0	tensor(3)	1.6264361721741265
149898.42441190628	1000.0	1808.4137152113033	0.0	0	0.0	2706.838127117546	1	0	tensor(3)	0.24014181105423651
151256.07719245602	2000.0	1450.7609346615632	0.0	0	0.0	2706.838127117546	1	0	tensor(3)	0.9332889916141814
151835.78837131071	1000.0	1871.0497558068698	0.0	0	0.0	2706.8381271175167	1	0	tensor(3)	0.24014181105423937
152672.84654581395	1000.0	2033.991581303626	0.0	0	0.0	2706.8381271175167	1	0	tensor(3)	0.9332889916141845
153446.3911750581	1000.0	2260.446952059514	0.0	0	0.0	2706.838127117546	1	0	tensor(3)	0.9332889916141817
154217.18312801904	2000.0	2489.6549990985523	0.0	0	0.0	2706.8381271175167	1	0	tensor(3)	0.9332889916141844
155200.0	2000.0	2506.8381271175977	0.0	0	190.9736335389316	2706.838127117546	1	0	tensor(3)	1.6264361721741265
156474.64910330184	3000.0	2232.1890238157575	0.0	0	0.0	2706.838127117546	1	0	tensor(3)	1.6264361721741267
157420.68684661685	3000.0	2286.151280500754	0.0	0	0.0	2706.838127117546	1	0	tensor(3)	2.0319012802822916
158261.37756647487	3000.0	2445.460560642726	0.0	0	0.0	2706.838127117546	1	0	tensor(3)	2.0319012802822916
159863.1734213803	3000.0	1843.6647057372672	0.0	0	0.0	2706.8381271175167	1	0	tensor(3)	2.0319012802822947
161912.1316114	3000.0	794.7065157176224	0.0	0	0.0	2706.8381271175167	1	0	tensor(3)	2.0319012802822947
162914.60475925656	2000.0	792.2333678610482	0.0	0	0.0	2706.8381271174876	1	0	tensor(3)	1.220971064065968
163776.474005544	2000.0	930.3641215735877	0.0	0	0.0	2706.8381271174876	1	0	tensor(3)	1.6264361721741325
164358.6778085722	2000.0	1348.1603185454271	0.0	0	0.0	2706.8381271175167	1	0	tensor(3)	1.6264361721741296
165089.348282403	2000.0	1617.4898447146459	0.0	0	0.0	2706.8381271175167	1	0	tensor(3)	1.6264361721741296
165987.45910888506	3000.0	1719.379018232593	0.0	0	0.0	2706.8381271175167	1	0	tensor(3)	1.6264361721741298
167126.5626635199	3000.0	1580.275463597757	0.0	0	0.0	2706.838127117546	1	0	tensor(3)	2.0319012802822916
168163.57203209354	3000.0	1543.266095024124	0.0	0	0.0	2706.838127117546	1	0	tensor(3)	2.0319012802822916
168990.80195822232	3000.0	1716.036168895346	0.0	0	0.0	2706.838127117546	1	0	tensor(3)	2.0319012802822916
169570.5082478347	3000.0	2136.3298792829773	0.0	0	0.0	2706.838127117546	1	0	tensor(3)	2.0319012802822907
170265.04385003	3000.0	2441.7942770877085	0.0	0	0.0	2706.838127117546	1	0	tensor(3)	2.0319012802822916
171791.04900859395	6000.0	1915.7891185237565	0.0	0	0.0	2706.838127117546	1	0	tensor(3)	2.0319012802822916
173236.30299255918	3000.0	1470.5351345585452	0.0	0	0.0	2706.838127117575	1	0	tensor(3)	1.3387540997223437
174490.85266070277	3000.0	1215.9854664149661	0.0	0	0.0	2706.838127117575	1	0	tensor(3)	2.0319012802822884
175126.13964979674	2000.0	1580.6984773210227	0.0	0	0.0	2706.838127117575	1	0	tensor(3)	1.2209710640659592
175928.1878501161	2000.0	1778.6502770016523	0.0	0	0.0	2706.838127117604	1	0	tensor(3)	1.6264361721741212
176978.66457672816	2000.0	1728.173550389598	0.0	0	0.0	2706.838127117604	1	0	tensor(3)	1.6264361721741212
178109.78413584223	2000.0	1597.053991275503	0.0	0	0.0	2706.838127117633	1	0	tensor(3)	1.626436172174118
178846.09607922033	2000.0	1860.7420478973838	0.0	0	0.0	2706.838127117604	1	0	tensor(3)	1.6264361721741212
179538.9080119291	2000.0	2167.930115188607	0.0	0	0.0	2706.838127117604	1	0	tensor(3)	1.6264361721741212
180921.19593104298	2000.0	1785.642196074742	0.0	0	0.0	2706.838127117604	1	0	tensor(3)	1.6264361721741212
181660.1323341066	2000.0	2046.7057930110896	0.0	0	0.0	2706.838127117604	1	0	tensor(3)	1.6264361721741212
182333.70009512184	2000.0	2373.138031995849	0.0	0	0.0	2706.838127117604	1	0	tensor(3)	1.6264361721741212
183200.0	2000.0	2506.838127117694	0.0	0	261.46223293445655	2706.838127117604	1	0	tensor(3)	1.6264361721741212
184355.17056447847	3000.0	2351.667562639224	0.0	0	0.0	2706.838127117604	1	0	tensor(3)	1.626436172174121
185568.5910036546	3000.0	2138.2471234630766	0.0	0	0.0	2706.838127117575	1	0	tensor(3)	2.0319012802822867
186485.6055922149	3000.0	2221.232534902784	0.0	0	0.0	2706.838127117604	1	0	tensor(3)	2.031901280282288
187839.0045698554	3000.0	1867.833557262308	0.0	0	0.0	2706.838127117575	1	0	tensor(3)	2.0319012802822884
189120.9712295762	3000.0	1585.866897541502	0.0	0	0.0	2706.838127117575	1	0	tensor(3)	2.0319012802822884
190797.47778600652	3000.0	909.360341111194	0.0	0	0.0	2706.838127117604	1	0	tensor(3)	2.031901280282286
192227.85523471335	2000.0	478.98289240435645	0.0	0	0.0	2706.838127117604	1	0	tensor(3)	1.2209710640659566
193379.6243487391	2000.0	408.5474387642034	81.33366038558859	0	0.0	2788.1717875031754	1	0	tensor(3)	1.130300843822032
194255.96771328233	2000.0	581.4839148773566	49.27984065638259	0	0.0	2837.451628159557	1	0	tensor(3)	1.31769577813163
194874.3382959967	2000.0	963.1133321629513	0.0	0	0.0	2837.451628159557	1	0	tensor(3)	1.6133748220699258
195495.697998076	2000.0	1341.7536300836641	0.0	0	0.0	2837.451628159557	1	0	tensor(3)	1.6133748220699258
196344.83051512984	3000.0	1492.6211130298166	0.0	0	0.0	2837.451628159528	1	0	tensor(3)	1.6133748220699287
197154.34417297743	3000.0	1683.1074551822205	0.0	0	0.0	2837.451628159528	1	0	tensor(3)	2.018839930178093
198367.55105060685	3000.0	1469.900577552818	0.0	0	0.0	2837.451628159557	1	0	tensor(3)	2.0188399301780904
200473.20806785673	3000.0	364.24356030290556	0.0	0	0.0	2837.451628159557	1	0	tensor(3)	2.0188399301780904
201665.76188025426	2000.0	356.3275388920714	184.63779098667698	0	0.0	3022.089419146214	1	0	tensor(3)	0.08161918894303333
202185.49455532164	1000.0	836.5948638246499	0.0	0	0.0	3022.089419146214	1	0	tensor(3)	0.2086166818513696
203037.96919790294	1000.0	984.1202212433111	0.0	0	0.0	3022.089419146243	1	0	tensor(3)	0.901763862411312
203630.72821720847	1000.0	1391.3612019378113	0.0	0	0.0	3022.089419146243	1	0	tensor(3)	0.901763862411312
204501.50089926278	2000.0	1520.5885198834906	0.0	0	0.0	3022.089419146243	1	0	tensor(3)	0.9017638624113119
205515.42026151853	2000.0	1506.6691576277328	0.0	0	0.0	3022.089419146185	1	0	tensor(3)	1.5949110429712612
206581.16960766836	2000.0	1440.9198114779106	0.0	0	0.0	3022.0894191461557	1	0	tensor(3)	1.5949110429712656
207437.0572222316	2000.0	1585.0321969146412	0.0	0	0.0	3022.0894191460975	1	0	tensor(3)	1.5949110429712694
209345.0513438689	2000.0	677.0380752773468	0.0	0	0.0	3022.0894191460975	1	0	tensor(3)	1.5949110429712716
209827.5972104975	1000.0	1194.4922086487354	0.0	0	0.0	3022.0894191460975	1	0	tensor(3)	0.20861668185138127
210368.23693268115	1000.0	1653.8524864651317	0.0	0	0.0	3022.0894191461266	1	0	tensor(3)	0.9017638624113258
210883.33280770227	1000.0	2138.7566114440224	0.0	0	0.0	3022.0894191461266	1	0	tensor(3)	0.9017638624113234
211655.28649523013	2000.0	2366.802923916165	0.0	0	0.0	3022.0894191461266	1	0	tensor(3)	0.9017638624113236
212343.95512675605	2000.0	2678.1342923902425	0.0	0	0.0	3022.0894191461266	1	0	tensor(3)	1.5949110429712687
213200.0	3000.0	2822.0894191463076	0.0	0	61.33833906936343	3022.0894191461266	1	0	tensor(3)	1.594911042971269
214200.0	3000.0	2822.08941914629	0.0	0	56.66802852330147	3022.0894191460975	1	0	tensor(3)	2.0003761510794362
215221.3027404965	3000.0	2800.7866786497793	0.0	0	0.0	3022.0894191460975	1	0	tensor(3)	2.0003761510794362
216288.47459566305	3000.0	2733.6148234832194	0.0	0	0.0	3022.0894191461266	1	0	tensor(3)	2.0003761510794336
218424.0278978002	3000.0	1598.061521346055	0.0	0	0.0	3022.0894191461266	1	0	tensor(3)	2.000376151079432
219357.4400790524	2000.0	1664.6493400938343	0.0	0	0.0	3022.0894191461266	1	0	tensor(3)	1.1894459348631041
220409.10412654188	2000.0	1612.9852926043623	0.0	0	0.0	3022.0894191460975	1	0	tensor(3)	1.5949110429712716
221220.8030207266	2000.0	1801.2863984196217	0.0	0	0.0	3022.0894191460684	1	0	tensor(3)	1.5949110429712745
222345.06950611196	2000.0	1677.0199130342937	0.0	0	0.0	3022.0894191460393	1	0	tensor(3)	1.5949110429712774
224065.6039653389	2000.0	956.4854538073429	0.0	0	0.0	3022.0894191460393	1	0	tensor(3)	1.5949110429712774
225013.44263609842	1000.0	1008.6467830478558	0.0	0	0.0	3022.0894191460393	1	0	tensor(3)	0.20861668185138704
225571.6892052844	1000.0	1450.400213861871	0.0	0	0.0	3022.0894191460684	1	0	tensor(3)	0.90176386241133
226142.9169480159	1000.0	1879.1724711303682	0.0	0	0.0	3022.0894191460684	1	0	tensor(3)	0.9017638624113293
226566.3436671495	1000.0	2455.745751996809	0.0	0	0.0	3022.0894191460975	1	0	tensor(3)	0.9017638624113264
227721.55586743267	2000.0	2300.5335517136396	0.0	0	0.0	3022.0894191461266	1	0	tensor(3)	0.9017638624113236
228609.36652319168	2000.0	2412.7228959546383	0.0	0	0.0	3022.0894191460975	1	0	tensor(3)	1.5949110429712716
229321.09505972845	2000.0	2700.994359417884	0.0	0	0.0	3022.0894191460975	1	0	tensor(3)	1.5949110429712716
230200.12097028305	3000.0	2821.9684488632993	0.0	0	0.0	3022.0894191460684	1	0	tensor(3)	1.5949110429712747
231572.4220113216	3000.0	2449.6674078247524	0.0	0	0.0	3022.0894191460684	1	0	tensor(3)	2.0003761510794393
232738.03835123222	3000.0	2284.051067914138	0.0	0	0.0	3022.0894191460393	1	0	tensor(3)	2.000376151079442
233719.76132981534	3000.0	2302.328089331036	0.0	0	0.0	3022.0894191460393	1	0	tensor(3)	2.000376151079442
234545.79425966105	3000.0	2476.2951594853384	0.0	0	0.0	3022.0894191460393	1	0	tensor(3)	2.000376151079442
235348.34744855802	3000.0	2673.7419705884013	0.0	0	0.0	3022.0894191460393	1	0	tensor(3)	2.000376151079442
236200.0	3000.0	2822.089419146456	0.0	0	47.86071372582228	3022.0894191460393	1	0	tensor(3)	2.000376151079442
237231.73229163492	3000.0	2790.3571275115355	0.0	0	0.0	3022.0894191460393	1	0	tensor(3)	2.000376151079442
238717.09057124733	3000.0	2304.9988478991186	0.0	0	0.0	3022.0894191460393	1	0	tensor(3)	2.000376151079442
240655.74724563505	2000.0	1366.3421735113939	0.0	0	0.0	3022.0894191460393	1	0	tensor(3)	1.1894459348631117
241477.54906146068	2000.0	1544.5403576857725	0.0	0	0.0	3022.0894191460684	1	0	tensor(3)	1.5949110429712767
242741.1602237492	2000.0	1280.9291953972265	0.0	0	0.0	3022.0894191460684	1	0	tensor(3)	1.5949110429712745
243808.8189473565	2000.0	1213.2704717899423	0.0	0	0.0	3022.0894191460684	1	0	tensor(3)	1.5949110429712745
244617.84495334877	2000.0	1404.2444657976814	0.0	0	0.0	3022.0894191460975	1	0	tensor(3)	1.594911042971273
245608.91225669472	2000.0	1413.1771624517137	0.0	0	0.0	3022.0894191461266	1	0	tensor(3)	1.5949110429712687
246238.49345995017	2000.0	1783.5959591962555	0.0	0	0.0	3022.0894191461266	1	0	tensor(3)	1.5949110429712687
247564.27744521477	2000.0	1457.8119739316721	0.0	0	0.0	3022.0894191461266	1	0	tensor(3)	1.5949110429712687
248991.6087844276	2000.0	1030.4806347188287	0.0	0	0.0	3022.0894191461266	1	0	tensor(3)	1.5949110429712687
250246.16737923876	1000.0	775.9220399076678	0.0	0	0.0	3022.0894191461266	1	0	tensor(3)	0.20861668185137824
250925.36560974098	1000.0	1096.7238094054628	0.0	0	0.0	3022.0894191461557	1	0	tensor(3)	0.9017638624113206
251601.4483217956	1000.0	1420.6410973508646	0.0	0	0.0	3022.089419146185	1	0	tensor(3)	0.9017638624113178
252811.73966009228	2000.0	1210.3497590541951	0.0	0	0.0	3022.089419146214	1	0	tensor(3)	0.9017638624113147
253994.92055544583	2000.0	1027.1688637006687	0.0	0	0.0	3022.089419146214	1	0	tensor(3)	1.5949110429712599
255315.71691212693	2000.0	706.3725070196062	0.0	0	0.0	3022.089419146243	1	0	tensor(3)	1.594911042971257
255965.16103145186	1000.0	1056.9283876946624	0.0	0	0.0	3022.089419146243	1	0	tensor(3)	0.20861668185136673
256644.82777199795	1000.0	1377.26164714857	0.0	0	0.0	3022.089419146272	1	0	tensor(3)	0.9017638624113089
257432.9049295763	1000.0	1589.1844895702259	0.0	0	0.0	3022.089419146301	1	0	tensor(3)	0.9017638624113083
257932.9266928309	1000.0	2089.1627263156342	0.0	0	0.0	3022.089419146301	1	0	tensor(3)	0.9017638624113061
259204.20821854554	2000.0	1817.881200600973	0.0	0	0.0	3022.089419146301	1	0	tensor(3)	0.901763862411306
260518.92764214266	2000.0	1503.1617770038567	0.0	0	0.0	3022.0894191463303	1	0	tensor(3)	1.5949110429712507
261257.1371644557	1000.0	1764.9522546908734	0.0	0	0.0	3022.0894191463303	1	0	tensor(3)	0.20861668185135795
261949.58866840732	1000.0	2072.5007507392615	0.0	0	0.0	3022.0894191463303	1	0	tensor(3)	0.9017638624113031
262701.58243549796	1000.0	2320.50698364869	0.0	0	0.0	3022.0894191464176	1	0	tensor(3)	0.901763862411299
263425.6315045495	1000.0	2596.4579145970647	0.0	0	0.0	3022.0894191463594	1	0	tensor(3)	0.9017638624113
264200.0	2000.0	2822.0894191466396	0.0	0	1.291800910839811	3022.0894191464467	1	0	tensor(3)	0.9017638624112949
265200.0	2000.0	2822.0894191466537	0.0	0	205.26386582053965	3022.0894191464176	1	0	tensor(3)	1.5949110429712392
266373.5849290086	3000.0	2648.5044901380097	0.0	0	0.0	3022.0894191463594	1	0	tensor(3)	1.594911042971241
267200.0	3000.0	2822.0894191466737	0.0	0	120.38418920559343	3022.0894191463594	1	0	tensor(3)	2.00037615107941
268200.0	3000.0	2822.0894191466973	0.0	0	153.73792935709935	3022.089419146301	1	0	tensor(3)	2.000376151079416
269944.1158342596	3000.0	2077.973584887067	0.0	0	0.0	3022.089419146301	1	0	tensor(3)	2.000376151079416
271656.2704345664	2000.0	1365.8189845802078	0.0	0	0.0	3022.089419146301	1	0	tensor(3)	1.1894459348630866
272257.5901076414	1000.0	1764.4993115052525	0.0	0	0.0	3022.089419146301	1	0	tensor(3)	0.20861668185136095
272910.7597391882	1000.0	2111.3296799584823	0.0	0	0.0	3022.089419146243	1	0	tensor(3)	0.901763862411312
274530.51073078666	2000.0	1491.5786883600133	0.0	0	0.0	3022.089419146301	1	0	tensor(3)	0.9017638624113107
275592.23786386225	1000.0	1429.8515552844153	0.0	0	0.0	3022.089419146301	1	0	tensor(3)	0.20861668185136095
276623.74684259505	1000.0	1398.3425765516454	0.0	0	0.0	3022.089419146301	1	0	tensor(3)	0.9017638624113061
277388.1259085574	1000.0	1633.9635105893258	0.0	0	0.0	3022.089419146301	1	0	tensor(3)	0.9017638624113061
278146.88690463605	1000.0	1875.2025145106168	0.0	0	0.0	3022.089419146301	1	0	tensor(3)	0.9017638624113061
278709.77957020304	1000.0	2312.3098489436816	0.0	0	0.0	3022.089419146301	1	0	tensor(3)	0.9017638624113061
279501.8664039918	2000.0	2520.223015154855	0.0	0	0.0	3022.089419146301	1	0	tensor(3)	0.901763862411306
280380.7066423762	2000.0	2641.3827767704556	0.0	0	0.0	3022.089419146301	1	0	tensor(3)	1.5949110429712559
282113.87382719375	3000.0	1908.2155919529362	0.0	0	0.0	3022.089419146243	1	0	tensor(3)	1.5949110429712572
283098.92622032284	2000.0	1923.1631988238635	0.0	0	0.0	3022.089419146243	1	0	tensor(3)	1.1894459348630924
284030.654119162	2000.0	1991.4352999847367	0.0	0	0.0	3022.089419146301	1	0	tensor(3)	1.5949110429712512
284834.09860199183	2000.0	2187.9908171549346	0.0	0	0.0	3022.089419146301	1	0	tensor(3)	1.5949110429712512
285899.14050496335	2000.0	2122.948914183429	0.0	0	0.0	3022.089419146301	1	0	tensor(3)	1.5949110429712512
287038.98200789024	2000.0	1983.1074112565407	0.0	0	0.0	3022.089419146301	1	0	tensor(3)	1.5949110429712512
287914.81301345944	2000.0	2107.276405687297	0.0	0	0.0	3022.089419146301	1	0	tensor(3)	1.5949110429712512
288885.9697635856	2000.0	2136.119655561174	0.0	0	0.0	3022.089419146301	1	0	tensor(3)	1.5949110429712512
290313.8760633977	2000.0	1708.2133557491188	0.0	0	0.0	3022.089419146301	1	0	tensor(3)	1.5949110429712512
291470.00309215084	1000.0	1552.0863269959386	0.0	0	0.0	3022.0894191463594	1	0	tensor(3)	0.20861668185135493
292812.4407321563	1000.0	1209.648686990522	0.0	0	0.0	3022.0894191463594	1	0	tensor(3)	0.9017638624113001
293639.9582055024	1000.0	1382.131213644365	0.0	0	0.0	3022.0894191463594	1	0	tensor(3)	0.9017638624113001
294336.7515593854	1000.0	1685.3378597614037	0.0	0	0.0	3022.0894191463594	1	0	tensor(3)	0.9017638624113001
294801.0768789408	1000.0	2221.0125402060276	0.0	0	0.0	3022.0894191464176	1	0	tensor(3)	0.9017638624112945
295618.16183266905	2000.0	2403.927586477806	0.0	0	0.0	3022.0894191464176	1	0	tensor(3)	0.9017638624112945
296351.4063871934	2000.0	2670.6830319534274	0.0	0	0.0	3022.0894191464176	1	0	tensor(3)	1.5949110429712396
297773.1134391945	2000.0	2248.9759799523417	0.0	0	0.0	3022.0894191463594	1	0	tensor(3)	1.5949110429712454
299243.09272816655	2000.0	1778.9966909802713	0.0	0	0.0	3022.0894191464176	1	0	tensor(3)	1.5949110429712396
300568.2693081141	2000.0	1453.8201110327393	0.0	0	0.0	3022.0894191464176	1	0	tensor(3)	1.5949110429712432
301163.6662227217	1000.0	1858.423196425104	0.0	0	0.0	3022.0894191464176	1	0	tensor(3)	0.2086166818513493
301669.5568238987	1000.0	2352.532595248071	0.0	0	0.0	3022.0894191463594	1	0	tensor(3)	0.9017638624113001
302551.4558127596	2000.0	2470.633606387208	0.0	0	0.0	3022.0894191463594	1	0	tensor(3)	0.9017638624113002
2.61	2.46	2.95	3.32	2.75	2.31	2.72	1.4	1.61	2.15	2.81	3.37	3.5	3.43	4.0	4.4	4.91	4.61	2.51	2.1	2.34	2.88	2.86	1.83	2.41	2.65	1.65	2.1	2.76	3.32	3.31	3.34	3.13	2.54	2.31	2.37	2.22	1.85	1.87	2.34	2.85	3.45	3.98	4.15	2.77	1.66	1.95	2.07	1.7	1.27	1.99	2.53	2.46	2.51	0.88	1.01	1.63	2.15	2.91	3.46	3.45	2.37	2.56	1.96	1.51	2.22	2.28	2.46	2.02	1.0	1.07	1.49	1.84	2.28	2.26	2.64	3.39	2.1	2.0	2.62	3.21	3.53	3.53	2.53	1.6	1.33	1.01	2.18	1.55	1.96	1.96	2.28	2.59	1.63	1.41	1.04	1.12	1.58	2.09	2.42	1.95	1.34	1.49	1.66	1.95	1.66	1.68	1.36	1.58	1.64	2.13	2.7	3.42	4.03	2.9	1.41	1.22	1.25	1.39	1.77	1.41	1.05	0.93	1.27	1.76	2.37	2.86	2.32	1.7	1.67	2.13	2.43	1.98	1.6	1.83	1.77	1.07	0.75	0.87	0.95	1.39	2.06	2.27	1.63	1.33	1.84	1.46	1.62	1.63	2.35	2.61	2.46	2.95	3.32	2.75	2.31	2.72	1.4	1.61	2.15	2.81	3.37	3.5	3.43	4.0	4.4	4.91	4.61	2.51	2.1	2.34	2.88	2.86	1.83	2.41	2.65	1.65	2.1	2.76	3.32	3.31	3.34	3.13	2.54	2.31	2.37	2.22	1.85	1.87	2.34	2.85	3.45	3.98	4.15	2.77	1.66	1.95	2.07	1.7	1.27	1.99	2.53	2.46	2.51	0.88	1.01	1.63	2.15	2.91	3.46	3.45	2.37	2.56	1.96	1.51	2.22	2.28	2.46	2.02	1.0	1.07	1.49	1.84	2.28	2.26	2.64	3.39	2.1	2.0	2.62	3.21	3.53	3.53	2.53	1.6	1.33	1.01	2.18	1.55	1.96	1.96	2.28	2.59	1.63	1.41	1.04	1.12	1.58	2.09	2.42	1.95	1.34	1.49	1.66	1.95	1.66	1.68	1.36	1.58	1.64	2.13	2.7	3.42	4.03	2.9	1.41	1.22	1.25	1.39	1.77	1.41	1.05	0.93	1.27	1.76	2.37	2.86	2.32	1.7	1.67	2.13	2.43	1.98	1.6	1.83	1.77	1.07	0.75	0.87	0.95	1.39	2.06	2.27	1.63	1.33	1.84	1.46	1.62	1.63	2.35	2.61	2.46	2.95
1.0	2.0	3.0	4.0	5.0	6.0	7.0	8.0	9.0	10.0	11.0	12.0	13.0	14.0	15.0	16.0	17.0	18.0	19.0	20.0	21.0	22.0	23.0	24.0	25.0	26.0	27.0	28.0	29.0	30.0	31.0	32.0	33.0	34.0	35.0	36.0	37.0	38.0	39.0	40.0	41.0	42.0	43.0	44.0	45.0	46.0	47.0	48.0	49.0	50.0	51.0	52.0	53.0	54.0	55.0	56.0	57.0	58.0	59.0	60.0	61.0	62.0	63.0	64.0	65.0	66.0	67.0	68.0	69.0	70.0	71.0	72.0	73.0	74.0	75.0	76.0	77.0	78.0	79.0	80.0	81.0	82.0	83.0	84.0	85.0	86.0	87.0	88.0	89.0	90.0	91.0	92.0	93.0	94.0	95.0	96.0	97.0	98.0	99.0	100.0	101.0	102.0	103.0	104.0	105.0	106.0	107.0	108.0	109.0	110.0	111.0	112.0	113.0	114.0	115.0	116.0	117.0	118.0	119.0	120.0	121.0	122.0	123.0	124.0	125.0	126.0	127.0	128.0	129.0	130.0	131.0	132.0	133.0	134.0	135.0	136.0	137.0	138.0	139.0	140.0	141.0	142.0	143.0	144.0	145.0	146.0	147.0	148.0	149.0	149.0	150.0	151.0	152.0	153.0	154.0	155.0	156.0	157.0	158.0	159.0	160.0	161.0	162.0	163.0	164.0	165.0	166.0	167.0	168.0	169.0	170.0	171.0	172.0	173.0	174.0	175.0	176.0	177.0	178.0	179.0	180.0	181.0	182.0	183.0	184.0	185.0	186.0	187.0	188.0	189.0	190.0	191.0	192.0	193.0	194.0	195.0	196.0	197.0	198.0	199.0	200.0	201.0	202.0	203.0	204.0	205.0	206.0	207.0	208.0	209.0	210.0	211.0	212.0	213.0	214.0	215.0	216.0	217.0	218.0	219.0	220.0	221.0	222.0	223.0	224.0	225.0	226.0	227.0	228.0	229.0	230.0	231.0	232.0	233.0	234.0	235.0	236.0	237.0	238.0	239.0	240.0	241.0	242.0	243.0	244.0	245.0	246.0	247.0	248.0	249.0	250.0	251.0	252.0	253.0	254.0	255.0	256.0	257.0	258.0	259.0	260.0	261.0	262.0	263.0	264.0	265.0	266.0	267.0	268.0	269.0	270.0	271.0	272.0	273.0	274.0	275.0	276.0	277.0	278.0	279.0	280.0	281.0	282.0	283.0	284.0	285.0	286.0	287.0	288.0	289.0	290.0	291.0	292.0	293.0	294.0	295.0	296.0	297.0	298.0	298.0	299.0	300.0	301.0
4363.322379971042
