2719.6259033631372	500.0	2000.0	196.41997527271423	0	0.0	2719.6259033631372	1	0	tensor(3)	-1.4460931452666772
3416.320807576541	2000.0	2303.305095786596	0.0	0	0.0	2719.6259033631372	1	0	tensor(3)	0.2388630334296769
4475.290840434987	3000.0	2244.3350629281495	0.0	0	0.0	2719.625903363137	1	0	tensor(3)	1.6251573945495679
5250.56525936822	3000.0	2469.060643994917	0.0	0	0.0	2719.625903363137	1	0	tensor(3)	2.0306225026577325
6200.0	3000.0	2519.6259033631363	0.0	0	214.04894907016296	2719.6259033631363	1	0	tensor(3)	2.0306225026577325
7282.419529686437	3000.0	2437.206373676698	0.0	0	0.0	2719.625903363136	1	0	tensor(3)	2.0306225026577325
8200.0	3000.0	2519.6259033631354	0.0	0	51.114591112635935	2719.625903363136	1	0	tensor(3)	2.0306225026577325
9558.675764379028	3000.0	2160.9501389841066	0.0	0	0.0	2719.625903363134	1	0	tensor(3)	2.0306225026577325
10546.066685350583	3000.0	2173.5592180125495	0.0	0	0.0	2719.6259033631304	1	0	tensor(3)	2.030622502657733
11311.748853550489	3000.0	2407.8770498126432	0.0	0	0.0	2719.6259033631286	1	0	tensor(3)	2.030622502657733
12200.0	3000.0	2519.625903363133	0.0	0	31.497451492576147	2719.6259033631286	1	0	tensor(3)	2.0306225026577334
14553.86302714903	6000.0	1165.7628762141048	0.0	0	0.0	2719.6259033631304	1	0	tensor(3)	2.030622502657733
15470.717476327824	3000.0	1248.9084270353103	0.0	0	0.0	2719.6259033631322	1	0	tensor(3)	1.337475322097788
16323.449632867636	3000.0	1396.1762704954992	0.0	0	0.0	2719.6259033631322	1	0	tensor(3)	2.030622502657733
17157.378828037607	3000.0	1562.2470753255297	0.0	0	0.0	2719.625903363134	1	0	tensor(3)	2.030622502657733
17890.13914439847	3000.0	1829.4867589646676	0.0	0	0.0	2719.625903363134	1	0	tensor(3)	2.030622502657733
18745.499322013107	3000.0	1974.1265813500277	0.0	0	0.0	2719.6259033631304	1	0	tensor(3)	2.030622502657733
19702.219732841513	3000.0	2017.4061705216257	0.0	0	0.0	2719.6259033631286	1	0	tensor(3)	2.0306225026577334
20501.60059303463	3000.0	2218.025310328506	0.0	0	0.0	2719.6259033631286	1	0	tensor(3)	2.0306225026577334
21200.0	3000.0	2519.6259033631345	0.0	0	5.464814673956425	2719.625903363125	1	0	tensor(3)	2.0306225026577334
22757.42606979202	6000.0	1962.1998335711119	0.0	0	0.0	2719.625903363125	1	0	tensor(3)	2.0306225026577334
23985.552519265133	6000.0	1734.0733840979974	0.0	0	0.0	2719.6259033631213	1	0	tensor(3)	2.7237696832176783
25600.133477372277	6000.0	1119.492425990854	0.0	0	0.0	2719.6259033631213	1	0	tensor(3)	2.7237696832176788
26656.321741008007	3000.0	1063.3041623551285	0.0	0	0.0	2719.625903363125	1	0	tensor(3)	1.3374753220977884
27317.107996281826	3000.0	1402.5179070813035	0.0	0	0.0	2719.625903363125	1	0	tensor(3)	2.0306225026577334
28283.10230296513	3000.0	1436.523600398002	0.0	0	0.0	2719.625903363125	1	0	tensor(3)	2.0306225026577334
29083.292578703524	3000.0	1636.3333246596064	0.0	0	0.0	2719.625903363125	1	0	tensor(3)	2.0306225026577334
29682.579207134346	3000.0	2037.0466962287824	0.0	0	0.0	2719.625903363125	1	0	tensor(3)	2.0306225026577334
30893.633350518186	6000.0	1825.9925528449428	0.0	0	0.0	2719.625903363125	1	0	tensor(3)	2.0306225026577334
31512.0761948547	3000.0	2207.54970850843	0.0	0	0.0	2719.625903363125	1	0	tensor(3)	1.3374753220977884
32578.95991580355	6000.0	2140.6659875595797	0.0	0	0.0	2719.625903363125	1	0	tensor(3)	2.0306225026577334
33733.569015655354	3000.0	1986.056887707774	0.0	0	0.0	2719.625903363125	1	0	tensor(3)	1.3374753220977889
34312.58102176057	3000.0	2407.0448816025532	0.0	0	0.0	2719.6259033631213	1	0	tensor(3)	2.030622502657734
35200.0	3000.0	2519.6259033631145	0.0	0	0.4389057280131965	2719.6259033631104	1	0	tensor(3)	2.030622502657735
36200.0	3000.0	2519.6259033631177	0.0	0	159.25717154542508	2719.6259033631068	1	0	tensor(3)	2.0306225026577356
37200.0	3000.0	2519.6259033631227	0.0	0	292.3040312513913	2719.6259033631068	1	0	tensor(3)	2.0306225026577356
38200.0	3000.0	2519.6259033631245	0.0	0	57.26588242236903	2719.6259033631068	1	0	tensor(3)	2.0306225026577356
39200.0	3000.0	2519.625903363126	0.0	0	298.0971048368956	2719.625903363114	1	0	tensor(3)	2.0306225026577347
40574.82174003419	6000.0	2144.804163328931	0.0	0	0.0	2719.625903363114	1	0	tensor(3)	2.0306225026577343
42851.634746807285	6000.0	867.9911565558348	0.0	0	0.0	2719.625903363114	1	0	tensor(3)	2.7237696832176796
44545.776838107755	6000.0	211.22441110133275	37.37534584597418	0	0.0	2757.0012492090827	1	0	tensor(3)	2.4979072336324757
46091.12513288273	6000.0	200.0	534.1238836736337	0	0.0	3291.12513288272	1	0	tensor(3)	-0.5310915565619116
47134.4813129762	3000.0	478.02268631459907	321.3788664080711	0	0.0	3612.5039992907987	1	0	tensor(3)	-0.6800856859434049
47931.51607024909	3000.0	680.9879290417058	0.0	0	0.0	3612.503999290806	1	0	tensor(3)	1.9413346930649655
48780.811133338146	3000.0	831.6928659526575	0.0	0	0.0	3612.503999290806	1	0	tensor(3)	1.9413346930649655
49618.9902982621	3000.0	993.5137010287037	0.0	0	0.0	3612.503999290806	1	0	tensor(3)	1.9413346930649655
50355.10479695855	3000.0	1257.3992023322521	0.0	0	0.0	3612.503999290813	1	0	tensor(3)	1.9413346930649646
51128.555160526834	3000.0	1483.9488387639556	0.0	0	0.0	3612.503999290813	1	0	tensor(3)	1.9413346930649646
52444.63713561982	3000.0	1167.8668636709754	0.0	0	0.0	3612.5039992908205	1	0	tensor(3)	1.941334693064964
53521.98113591041	3000.0	1090.5228633803813	0.0	0	0.0	3612.5039992908205	1	0	tensor(3)	1.941334693064964
54611.27175674374	3000.0	1001.2322425470486	0.0	0	0.0	3612.5039992908205	1	0	tensor(3)	1.941334693064964
55189.28702142073	3000.0	1423.2169778700597	0.0	0	0.0	3612.5039992908205	1	0	tensor(3)	1.941334693064964
55895.28772217502	3000.0	1717.2162771157712	0.0	0	0.0	3612.5039992908205	1	0	tensor(3)	1.941334693064964
57221.27535529284	3000.0	1391.2286439979455	0.0	0	0.0	3612.503999290828	1	0	tensor(3)	1.9413346930649633
58209.71232792442	3000.0	1402.791671366374	0.0	0	0.0	3612.503999290828	1	0	tensor(3)	1.9413346930649633
59245.18181735474	3000.0	1367.3221819360404	0.0	0	0.0	3612.503999290835	1	0	tensor(3)	1.9413346930649624
60043.14915555367	3000.0	1569.354843737117	0.0	0	0.0	3612.503999290835	1	0	tensor(3)	1.9413346930649624
60762.761284983404	3000.0	1849.7427143073924	0.0	0	0.0	3612.503999290835	1	0	tensor(3)	1.9413346930649624
61869.29522824354	3000.0	1743.2087710472504	0.0	0	0.0	3612.503999290835	1	0	tensor(3)	1.9413346930649624
62612.40100063349	3000.0	2000.102998657316	0.0	0	0.0	3612.503999290835	1	0	tensor(3)	1.9413346930649624
63846.63296039513	3000.0	1765.8710388956692	0.0	0	0.0	3612.503999290828	1	0	tensor(3)	1.9413346930649633
64785.418570330716	3000.0	1827.0854289600832	0.0	0	0.0	3612.503999290828	1	0	tensor(3)	1.9413346930649633
65522.40769661478	3000.0	2090.096302676027	0.0	0	0.0	3612.503999290828	1	0	tensor(3)	1.9413346930649633
66439.18809615784	3000.0	2173.3159031329524	0.0	0	0.0	3612.5039992908205	1	0	tensor(3)	1.9413346930649635
67381.42836224962	3000.0	2231.0756370411805	0.0	0	0.0	3612.5039992908205	1	0	tensor(3)	1.941334693064964
68537.52514104964	3000.0	2074.9788582411607	0.0	0	0.0	3612.503999290828	1	0	tensor(3)	1.9413346930649635
69242.94528117075	3000.0	2369.5587181200585	0.0	0	0.0	3612.503999290828	1	0	tensor(3)	1.9413346930649635
69922.39152517765	3000.0	2690.112474113155	0.0	0	0.0	3612.503999290828	1	0	tensor(3)	1.9413346930649633
71015.97587780714	3000.0	2596.528121483666	0.0	0	0.0	3612.503999290828	1	0	tensor(3)	1.9413346930649633
72103.91628937813	3000.0	2508.587709912657	0.0	0	0.0	3612.503999290828	1	0	tensor(3)	1.9413346930649633
73237.02542818924	3000.0	2375.4785711015406	0.0	0	0.0	3612.503999290828	1	0	tensor(3)	1.9413346930649633
74064.44534352934	3000.0	2548.0586557614292	0.0	0	0.0	3612.503999290828	1	0	tensor(3)	1.9413346930649633
75021.91569105453	3000.0	2590.5883082362407	0.0	0	0.0	3612.503999290828	1	0	tensor(3)	1.9413346930649633
76096.50157033339	3000.0	2516.002428957371	0.0	0	0.0	3612.503999290828	1	0	tensor(3)	1.9413346930649633
77232.08796049374	3000.0	2380.4160387970137	0.0	0	0.0	3612.503999290828	1	0	tensor(3)	1.9413346930649633
78063.58310593684	3000.0	2548.9208933539203	0.0	0	0.0	3612.503999290828	1	0	tensor(3)	1.9413346930649633
79075.85416415561	3000.0	2536.6498351351406	0.0	0	0.0	3612.503999290828	1	0	tensor(3)	1.9413346930649633
80015.33338680035	3000.0	2597.1706124904063	0.0	0	0.0	3612.503999290828	1	0	tensor(3)	1.9413346930649633
80682.87326128488	3000.0	2929.630738005868	0.0	0	0.0	3612.503999290828	1	0	tensor(3)	1.9413346930649633
81300.18032764693	3000.0	3312.323671643806	0.0	0	0.0	3612.503999290828	1	0	tensor(3)	1.9413346930649633
82200.0	3000.0	3412.5039992907305	0.0	0	195.9798684528796	3612.5039992908423	1	0	tensor(3)	1.941334693064962
83200.0	3000.0	3412.5039992907455	0.0	0	161.78652927496296	3612.503999290857	1	0	tensor(3)	1.9413346930649602
84200.0	3000.0	3412.5039992907464	0.0	0	136.48998566895898	3612.5039992908714	1	0	tensor(3)	1.9413346930649589
85200.0	3000.0	3412.503999290746	0.0	0	117.6151981162111	3612.5039992908714	1	0	tensor(3)	1.9413346930649589
86888.81372997243	6000.0	2723.690269318338	0.0	0	0.0	3612.5039992908714	1	0	tensor(3)	1.9413346930649586
88297.33068681658	6000.0	2315.173312474195	0.0	0	0.0	3612.5039992908714	1	0	tensor(3)	2.6344818736249036
89179.83129035491	3000.0	2432.672708935876	0.0	0	0.0	3612.503999290857	1	0	tensor(3)	1.2481875125050153
89903.21085528753	3000.0	2709.293144003244	0.0	0	0.0	3612.5039992908423	1	0	tensor(3)	1.941334693064962
90810.75175311821	3000.0	2801.7522461725703	0.0	0	0.0	3612.5039992908423	1	0	tensor(3)	1.941334693064962
91453.9537527692	3000.0	3158.550246521571	0.0	0	0.0	3612.5039992908423	1	0	tensor(3)	1.941334693064962
92333.04937460794	3000.0	3279.4546246828377	0.0	0	0.0	3612.5039992908423	1	0	tensor(3)	1.941334693064962
93200.0	3000.0	3412.5039992907828	0.0	0	250.92787542985752	3612.5039992908423	1	0	tensor(3)	1.941334693064962
94200.0	3000.0	3412.5039992907864	0.0	0	310.01959808933316	3612.5039992908423	1	0	tensor(3)	1.941334693064962
95342.76838179742	6000.0	3269.735617493342	0.0	0	0.0	3612.5039992908423	1	0	tensor(3)	1.9413346930649615
96487.63357992636	6000.0	3124.870419364405	0.0	0	0.0	3612.5039992908423	1	0	tensor(3)	2.6344818736249067
98257.95902854299	6000.0	2354.544970747774	0.0	0	0.0	3612.5039992908423	1	0	tensor(3)	2.6344818736249067
100207.54114553278	6000.0	1404.9628537579956	0.0	0	0.0	3612.5039992908423	1	0	tensor(3)	2.6344818736249067
101010.1157372744	3000.0	1602.3882620163672	0.0	0	0.0	3612.503999290857	1	0	tensor(3)	1.2481875125050153
102033.1615509021	3000.0	1579.342448388666	0.0	0	0.0	3612.503999290857	1	0	tensor(3)	1.9413346930649602
102672.553058746	3000.0	1939.9509405447802	0.0	0	0.0	3612.503999290857	1	0	tensor(3)	1.9413346930649602
103238.29866665998	3000.0	2374.2053326307873	0.0	0	0.0	3612.503999290857	1	0	tensor(3)	1.9413346930649602
103760.34415402431	3000.0	2852.1598452664407	0.0	0	0.0	3612.503999290857	1	0	tensor(3)	1.9413346930649602
105743.12078952904	6000.0	1869.383209761707	0.0	0	0.0	3612.503999290857	1	0	tensor(3)	1.9413346930649604
106435.42043297763	3000.0	2177.083566313112	0.0	0	0.0	3612.503999290857	1	0	tensor(3)	1.2481875125050153
107227.43187392023	3000.0	2385.072125370515	0.0	0	0.0	3612.503999290857	1	0	tensor(3)	1.9413346930649602
107938.62006850683	3000.0	2673.88393078391	0.0	0	0.0	3612.503999290857	1	0	tensor(3)	1.9413346930649602
108946.42157565549	3000.0	2666.08242363525	0.0	0	0.0	3612.5039992908714	1	0	tensor(3)	1.9413346930649589
109519.98620316075	3000.0	3092.5177961299987	0.0	0	0.0	3612.5039992908714	1	0	tensor(3)	1.9413346930649589
110299.43351276797	3000.0	3313.0704865227913	0.0	0	0.0	3612.503999290886	1	0	tensor(3)	1.9413346930649575
111200.0	3000.0	3412.503999290746	0.0	0	256.4466282183421	3612.503999290886	1	0	tensor(3)	1.9413346930649575
112200.0	3000.0	3412.503999290735	0.0	0	219.70498962170677	3612.503999290886	1	0	tensor(3)	1.9413346930649575
113383.22557551335	3000.0	3229.2784237773753	0.0	0	0.0	3612.503999290886	1	0	tensor(3)	1.9413346930649575
114200.0	3000.0	3412.503999290713	0.0	0	149.8725088351057	3612.503999290886	1	0	tensor(3)	1.9413346930649575
115499.43522871556	6000.0	3113.0687705751516	0.0	0	0.0	3612.503999290886	1	0	tensor(3)	1.941334693064957
117196.78486754867	6000.0	2415.719131742048	0.0	0	0.0	3612.503999290886	1	0	tensor(3)	2.6344818736249023
118951.12367929297	6000.0	1661.380319997755	0.0	0	0.0	3612.5039992908714	1	0	tensor(3)	2.6344818736249036
119706.33355153863	3000.0	1906.1704477520884	0.0	0	0.0	3612.5039992908714	1	0	tensor(3)	1.248187512505014
120252.00134197109	3000.0	2360.5026573196387	0.0	0	0.0	3612.503999290886	1	0	tensor(3)	1.9413346930649575
120759.03577262003	3000.0	2853.4682266706886	0.0	0	0.0	3612.5039992908714	1	0	tensor(3)	1.9413346930649589
121492.0453597992	3000.0	3120.4586394915314	0.0	0	0.0	3612.503999290886	1	0	tensor(3)	1.9413346930649575
122521.01415296902	3000.0	3091.4898463217155	0.0	0	0.0	3612.503999290886	1	0	tensor(3)	1.9413346930649575
124431.8452477701	6000.0	2180.6587515206147	0.0	0	0.0	3612.5039992908714	1	0	tensor(3)	1.9413346930649586
126097.97941568584	6000.0	1514.524583604869	0.0	0	0.0	3612.5039992908714	1	0	tensor(3)	2.6344818736249036
126938.7227304553	3000.0	1673.7812688354054	0.0	0	0.0	3612.503999290857	1	0	tensor(3)	1.2481875125050153
127924.82571060651	3000.0	1687.6782886841909	0.0	0	0.0	3612.503999290857	1	0	tensor(3)	1.9413346930649602
128550.96401336067	3000.0	2061.539985930038	0.0	0	0.0	3612.503999290857	1	0	tensor(3)	1.9413346930649602
129654.22663771559	3000.0	1958.2773615751316	0.0	0	0.0	3612.503999290857	1	0	tensor(3)	1.9413346930649602
130369.64438507803	3000.0	2242.85961421268	0.0	0	0.0	3612.503999290857	1	0	tensor(3)	1.9413346930649602
131038.05168518562	3000.0	2574.452314105088	0.0	0	0.0	3612.5039992908714	1	0	tensor(3)	1.9413346930649589
132152.44241198897	3000.0	2460.0615873017305	0.0	0	0.0	3612.5039992908714	1	0	tensor(3)	1.941334693064959
132732.12171647188	3000.0	2880.382282818785	0.0	0	0.0	3612.5039992908423	1	0	tensor(3)	1.9413346930649604
133422.03835536243	3000.0	3190.465643928211	0.0	0	0.0	3612.503999290813	1	0	tensor(3)	1.9413346930649633
134200.0	3000.0	3412.503999290617	0.0	0	50.75202763071866	3612.503999290784	1	0	tensor(3)	1.941334693064967
135998.2586582737	6000.0	2614.2453410169423	0.0	0	0.0	3612.503999290784	1	0	tensor(3)	1.9413346930649675
137484.120687092	6000.0	2128.383312198654	0.0	0	0.0	3612.503999290784	1	0	tensor(3)	2.6344818736249125
138610.59149328122	6000.0	2001.9125060094427	0.0	0	0.0	3612.503999290784	1	0	tensor(3)	2.6344818736249125
140360.00493379057	6000.0	1252.499065500052	0.0	0	0.0	3612.503999290784	1	0	tensor(3)	2.6344818736249125
141546.2656234587	6000.0	1066.238375831933	0.0	0	0.0	3612.503999290813	1	0	tensor(3)	2.63448187362491
142547.70476644803	3000.0	1064.799232842583	0.0	0	0.0	3612.503999290813	1	0	tensor(3)	1.2481875125050197
143281.4960594659	3000.0	1331.0079398247253	0.0	0	0.0	3612.5039992908423	1	0	tensor(3)	1.941334693064962
144052.3696125663	3000.0	1560.1343867242997	0.0	0	0.0	3612.5039992908423	1	0	tensor(3)	1.941334693064962
145414.19777762066	3000.0	1198.3062216699875	0.0	0	0.0	3612.5039992908714	1	0	tensor(3)	1.9413346930649589
146418.74382444724	3000.0	1193.7601748433935	0.0	0	0.0	3612.5039992908714	1	0	tensor(3)	1.9413346930649589
147200.88817104805	3000.0	1411.6158282425688	0.0	0	0.0	3612.5039992909005	1	0	tensor(3)	1.941334693064956
148428.0305514858	3000.0	1184.4734478048122	0.0	0	0.0	3612.5039992908714	1	0	tensor(3)	1.9413346930649589
149729.35203571792	3000.0	883.1519635726764	0.0	0	0.0	3612.5039992908714	1	0	tensor(3)	1.9413346930649589
150431.33708178074	3000.0	1181.1669175098482	0.0	0	0.0	3612.5039992908423	1	0	tensor(3)	1.941334693064962
151227.51285703314	3000.0	1384.9911422574346	0.0	0	0.0	3612.5039992908423	1	0	tensor(3)	1.941334693064962
151890.89073707687	3000.0	1721.6132622137357	0.0	0	0.0	3612.5039992908423	1	0	tensor(3)	1.941334693064962
152794.12205026532	3000.0	1818.381949025253	0.0	0	0.0	3612.503999290784	1	0	tensor(3)	1.941334693064967
153642.75328436747	3000.0	1969.7507149231099	0.0	0	0.0	3612.503999290784	1	0	tensor(3)	1.9413346930649678
154610.768327762	3000.0	2001.7356715285805	0.0	0	0.0	3612.503999290784	1	0	tensor(3)	1.9413346930649678
155320.28294405053	3000.0	2292.221055240054	0.0	0	0.0	3612.503999290813	1	0	tensor(3)	1.9413346930649646
156276.91715865437	3000.0	2335.586840636245	0.0	0	0.0	3612.503999290813	1	0	tensor(3)	1.9413346930649646
157261.33212313242	3000.0	2351.171876158217	0.0	0	0.0	3612.503999290813	1	0	tensor(3)	1.9413346930649646
158219.9036381515	3000.0	2392.6003611391425	0.0	0	0.0	3612.503999290813	1	0	tensor(3)	1.9413346930649646
159358.37223606565	3000.0	2254.1317632249943	0.0	0	0.0	3612.503999290813	1	0	tensor(3)	1.9413346930649646
160008.3575014741	3000.0	2604.14649781655	0.0	0	0.0	3612.503999290813	1	0	tensor(3)	1.9413346930649646
160826.70022267592	3000.0	2785.803776614726	0.0	0	0.0	3612.503999290813	1	0	tensor(3)	1.9413346930649646
161333.8824053422	3000.0	3278.621593948428	0.0	0	0.0	3612.503999290813	1	0	tensor(3)	1.9413346930649646
163560.1459731445	6000.0	2052.3580261461357	0.0	0	0.0	3612.5039992908423	1	0	tensor(3)	1.9413346930649615
165335.90838408188	6000.0	1276.5956152087451	0.0	0	0.0	3612.5039992908423	1	0	tensor(3)	2.6344818736249067
166260.2671178125	3000.0	1352.236881478152	0.0	0	0.0	3612.5039992908423	1	0	tensor(3)	1.248187512505017
167169.66094136777	3000.0	1442.843057922922	0.0	0	0.0	3612.503999290813	1	0	tensor(3)	1.9413346930649646
168199.28981801984	3000.0	1413.2141812708512	0.0	0	0.0	3612.503999290813	1	0	tensor(3)	1.9413346930649646
169090.3125425548	3000.0	1522.191456735901	0.0	0	0.0	3612.503999290813	1	0	tensor(3)	1.9413346930649646
169982.44332477503	3000.0	1630.0606745156945	0.0	0	0.0	3612.503999290813	1	0	tensor(3)	1.9413346930649646
170691.49087635154	3000.0	1921.0131229391684	0.0	0	0.0	3612.503999290813	1	0	tensor(3)	1.9413346930649646
171468.6674837	3000.0	2143.8365155907254	0.0	0	0.0	3612.503999290784	1	0	tensor(3)	1.9413346930649678
172440.8574203876	3000.0	2171.64657890313	0.0	0	0.0	3612.503999290784	1	0	tensor(3)	1.94133469306497
173168.33384708845	3000.0	2444.1701522022577	0.0	0	0.0	3612.503999290784	1	0	tensor(3)	1.9413346930649678
173972.6123276324	3000.0	2639.891671658318	0.0	0	0.0	3612.503999290784	1	0	tensor(3)	1.9413346930649678
174997.4496660673	3000.0	2615.0543332234265	0.0	0	0.0	3612.503999290784	1	0	tensor(3)	1.9413346930649678
175801.815829271	3000.0	2810.6881700196827	0.0	0	0.0	3612.503999290755	1	0	tensor(3)	1.9413346930649706
176773.0003887055	3000.0	2839.503610585194	0.0	0	0.0	3612.503999290755	1	0	tensor(3)	1.9413346930649706
177507.49686303013	3000.0	3105.007136260572	0.0	0	0.0	3612.503999290755	1	0	tensor(3)	1.9413346930649706
178948.337335751	6000.0	2664.166663539704	0.0	0	0.0	3612.503999290784	1	0	tensor(3)	1.9413346930649675
180401.56342946435	6000.0	2210.9405698263763	0.0	0	0.0	3612.503999290784	1	0	tensor(3)	2.6344818736249125
181674.01471406288	6000.0	1938.4892852278551	0.0	0	0.0	3612.503999290755	1	0	tensor(3)	2.634481873624914
182761.32754321327	3000.0	1851.1764560775084	0.0	0	0.0	3612.503999290755	1	0	tensor(3)	1.2481875125050257
183510.87341630773	3000.0	2101.630582983069	0.0	0	0.0	3612.503999290755	1	0	tensor(3)	1.9413346930649706
184733.39964279602	3000.0	1879.1043564947743	0.0	0	0.0	3612.503999290726	1	0	tensor(3)	1.9413346930649733
185590.77747878758	3000.0	2021.726520503247	0.0	0	0.0	3612.503999290726	1	0	tensor(3)	1.9413346930649733
186452.07695588883	3000.0	2160.4270434019927	0.0	0	0.0	3612.503999290726	1	0	tensor(3)	1.9413346930649733
187246.57806782814	3000.0	2365.925931462667	0.0	0	0.0	3612.503999290697	1	0	tensor(3)	1.9413346930649764
187960.00202563722	3000.0	2652.5019736535733	0.0	0	0.0	3612.503999290697	1	0	tensor(3)	1.9413346930649764
188686.62121018025	3000.0	2925.8827891105448	0.0	0	0.0	3612.503999290697	1	0	tensor(3)	1.9413346930649764
189353.13053955798	3000.0	3259.3734597327943	0.0	0	0.0	3612.5039992906677	1	0	tensor(3)	1.9413346930649795
190200.0	3000.0	3412.503999290813	0.0	0	268.7235066254216	3612.503999290697	1	0	tensor(3)	1.9413346930649764
191958.7674047657	6000.0	2653.7365945250795	0.0	0	0.0	3612.503999290697	1	0	tensor(3)	1.941334693064976
193482.2869889758	6000.0	2130.217010314962	0.0	0	0.0	3612.5039992906677	1	0	tensor(3)	2.6344818736249245
195187.20719457517	6000.0	1425.2968047155969	0.0	0	0.0	3612.5039992906386	1	0	tensor(3)	2.634481873624927
196766.18334591266	6000.0	846.32065337809	0.0	0	0.0	3612.5039992905804	1	0	tensor(3)	2.6344818736249316
197873.53026493124	6000.0	738.9737343595623	0.0	0	0.0	3612.5039992905804	1	0	tensor(3)	2.6344818736249334
198620.23131377494	3000.0	992.2726855158212	0.0	0	0.0	3612.5039992905804	1	0	tensor(3)	1.248187512505043
199451.31485027377	3000.0	1161.1891490169662	0.0	0	0.0	3612.5039992905513	1	0	tensor(3)	1.941334693064991
200331.32935512226	3000.0	1281.17464416852	0.0	0	0.0	3612.5039992905513	1	0	tensor(3)	1.941334693064991
201762.2562010373	3000.0	850.2477982534526	0.0	0	0.0	3612.503999290522	1	0	tensor(3)	1.9413346930649924
202542.03466638442	3000.0	1070.4693329063416	0.0	0	0.0	3612.5039992905513	1	0	tensor(3)	1.941334693064991
203310.9213136565	3000.0	1301.5826856342892	0.0	0	0.0	3612.5039992905513	1	0	tensor(3)	1.941334693064991
203878.2420802429	3000.0	1734.2619190478847	0.0	0	0.0	3612.5039992905513	1	0	tensor(3)	1.941334693064991
204594.2403812873	3000.0	2018.2636180034551	0.0	0	0.0	3612.5039992905804	1	0	tensor(3)	1.9413346930649897
205859.0877910589	3000.0	1753.4162082318574	0.0	0	0.0	3612.5039992905513	1	0	tensor(3)	1.9413346930649893
207248.02561361672	3000.0	1364.4783856740446	0.0	0	0.0	3612.5039992905513	1	0	tensor(3)	1.941334693064991
207877.33390678238	3000.0	1735.1700925083965	0.0	0	0.0	3612.5039992905513	1	0	tensor(3)	1.941334693064991
208607.74792864217	3000.0	2004.756070648625	0.0	0	0.0	3612.5039992905804	1	0	tensor(3)	1.941334693064989
209399.84657604757	3000.0	2212.6574232432686	0.0	0	0.0	3612.5039992905804	1	0	tensor(3)	1.941334693064988
210030.94737102036	3000.0	2581.556628270464	0.0	0	0.0	3612.5039992905804	1	0	tensor(3)	1.941334693064988
210756.28645554834	3000.0	2856.2175437424576	0.0	0	0.0	3612.5039992905804	1	0	tensor(3)	1.941334693064988
211836.96878535458	3000.0	2775.535213936201	0.0	0	0.0	3612.5039992905513	1	0	tensor(3)	1.941334693064991
212605.4646137049	3000.0	3007.0393855858338	0.0	0	0.0	3612.503999290522	1	0	tensor(3)	1.9413346930649924
213745.16227258358	3000.0	2867.3417267071795	0.0	0	0.0	3612.503999290522	1	0	tensor(3)	1.9413346930649937
214427.9062685558	3000.0	3184.5977307349453	0.0	0	0.0	3612.503999290522	1	0	tensor(3)	1.9413346930649937
215495.6869972695	3000.0	3116.817002021176	0.0	0	0.0	3612.503999290522	1	0	tensor(3)	1.9413346930649937
216241.0994960606	3000.0	3371.404503230114	0.0	0	0.0	3612.503999290522	1	0	tensor(3)	1.9413346930649937
217200.0	3000.0	3412.503999290715	0.0	0	30.664598561474122	3612.503999290493	1	0	tensor(3)	1.9413346930649966
218200.0	3000.0	3412.503999290707	0.0	0	292.39101001652307	3612.503999290522	1	0	tensor(3)	1.9413346930649937
219200.0	3000.0	3412.503999290706	0.0	0	48.55106808352866	3612.503999290522	1	0	tensor(3)	1.9413346930649937
220200.0	3000.0	3412.503999290707	0.0	0	51.378159961954225	3612.503999290522	1	0	tensor(3)	1.9413346930649937
221258.06179687206	3000.0	3354.442202418645	0.0	0	0.0	3612.503999290522	1	0	tensor(3)	1.9413346930649937
222200.0	3000.0	3412.5039992906873	0.0	0	7.496553870441858	3612.503999290522	1	0	tensor(3)	1.9413346930649937
223200.0	3000.0	3412.50399929066	0.0	0	110.431228606496	3612.503999290522	1	0	tensor(3)	1.9413346930649937
224200.0	3000.0	3412.5039992906504	0.0	0	94.11086459583021	3612.503999290522	1	0	tensor(3)	1.9413346930649937
225289.72644699877	3000.0	3322.777552291908	0.0	0	0.0	3612.503999290522	1	0	tensor(3)	1.9413346930649937
226442.17707649388	3000.0	3170.3269227967844	0.0	0	0.0	3612.503999290493	1	0	tensor(3)	1.9413346930649966
227327.9124831795	3000.0	3284.5915161111743	0.0	0	0.0	3612.503999290493	1	0	tensor(3)	1.9413346930649966
228200.0	3000.0	3412.5039992906636	0.0	0	116.04977069300367	3612.503999290464	1	0	tensor(3)	1.9413346930649997
229200.0	3000.0	3412.5039992906923	0.0	0	317.37140201506554	3612.503999290464	1	0	tensor(3)	1.9413346930649997
230200.0	3000.0	3412.5039992907405	0.0	0	195.9221740764042	3612.503999290493	1	0	tensor(3)	1.9413346930649966
231989.7707901442	6000.0	2622.73320914655	0.0	0	0.0	3612.503999290522	1	0	tensor(3)	1.9413346930649942
233868.97250610226	6000.0	1743.5314931884902	0.0	0	0.0	3612.503999290522	1	0	tensor(3)	2.6344818736249387
235134.93703301522	6000.0	1477.5669662755483	0.0	0	0.0	3612.503999290522	1	0	tensor(3)	2.6344818736249387
236038.82768952037	3000.0	1573.6763097703767	0.0	0	0.0	3612.503999290493	1	0	tensor(3)	1.2481875125050517
236943.7826635982	3000.0	1668.7213356925727	0.0	0	0.0	3612.503999290493	1	0	tensor(3)	1.9413346930649966
237869.85647299603	3000.0	1742.647526294766	0.0	0	0.0	3612.503999290493	1	0	tensor(3)	1.9413346930649966
238515.6228530103	3000.0	2096.8811462804906	0.0	0	0.0	3612.503999290493	1	0	tensor(3)	1.9413346930649966
239215.78317453698	3000.0	2396.7208247538665	0.0	0	0.0	3612.503999290493	1	0	tensor(3)	1.9413346930649966
240123.4972029302	3000.0	2489.006796360694	0.0	0	0.0	3612.503999290522	1	0	tensor(3)	1.9413346930649937
241059.98820035628	3000.0	2552.5157989345703	0.0	0	0.0	3612.503999290522	1	0	tensor(3)	1.9413346930649937
241896.3215952658	3000.0	2716.1824040250403	0.0	0	0.0	3612.503999290522	1	0	tensor(3)	1.9413346930649937
243342.05392485234	6000.0	2270.4500744384745	0.0	0	0.0	3612.503999290522	1	0	tensor(3)	1.9413346930649937
244929.96759662405	6000.0	1682.5364026667582	0.0	0	0.0	3612.503999290493	1	0	tensor(3)	2.63448187362494
246952.81913978708	6000.0	659.6848595037051	0.0	0	0.0	3612.503999290522	1	0	tensor(3)	2.6344818736249387
248019.214472698	3000.0	593.2895265928241	0.0	0	0.0	3612.503999290522	1	0	tensor(3)	1.2481875125050488
249009.86145614483	3000.0	602.6425431459645	0.0	0	0.0	3612.503999290522	1	0	tensor(3)	1.9413346930649937
250066.14315969628	3000.0	546.3608395945125	0.0	0	0.0	3612.5039992905513	1	0	tensor(3)	1.941334693064991
251014.8719405588	3000.0	597.6320587319931	0.0	0	0.0	3612.5039992905804	1	0	tensor(3)	1.941334693064988
251928.84469707622	3000.0	683.6593022145438	0.0	0	0.0	3612.5039992905804	1	0	tensor(3)	1.941334693064988
252496.623644915	3000.0	1115.8803543757813	0.0	0	0.0	3612.5039992905804	1	0	tensor(3)	1.941334693064988
253079.36577394765	3000.0	1533.138225343151	0.0	0	0.0	3612.5039992905804	1	0	tensor(3)	1.941334693064988
253752.04583893382	3000.0	1860.458160356985	0.0	0	0.0	3612.5039992905804	1	0	tensor(3)	1.9413346930649884
254792.87875022998	3000.0	1819.6252490608351	0.0	0	0.0	3612.5039992905804	1	0	tensor(3)	1.941334693064988
255560.8603452991	3000.0	2051.643653991716	0.0	0	0.0	3612.5039992905804	1	0	tensor(3)	1.941334693064988
256555.73862232125	3000.0	2056.7653769695726	0.0	0	0.0	3612.5039992905804	1	0	tensor(3)	1.941334693064988
257498.41898386247	3000.0	2114.0850154283517	0.0	0	0.0	3612.5039992905804	1	0	tensor(3)	1.941334693064988
258304.015937759	3000.0	2308.4880615318457	0.0	0	0.0	3612.5039992905804	1	0	tensor(3)	1.941334693064988
259105.17308997043	3000.0	2507.3309093203998	0.0	0	0.0	3612.5039992905804	1	0	tensor(3)	1.941334693064988
260083.34508563398	3000.0	2529.1589136568573	0.0	0	0.0	3612.5039992906095	1	0	tensor(3)	1.9413346930649849
261082.33029363927	3000.0	2530.173705651552	0.0	0	0.0	3612.5039992905804	1	0	tensor(3)	1.941334693064988
262141.86220034675	3000.0	2470.641798944107	0.0	0	0.0	3612.5039992905804	1	0	tensor(3)	1.941334693064988
263089.74327947776	3000.0	2522.760719813165	0.0	0	0.0	3612.5039992906677	1	0	tensor(3)	1.9413346930649813
263690.49296499265	3000.0	2922.0110342981916	0.0	0	0.0	3612.5039992905804	1	0	tensor(3)	1.9413346930649855
264725.8086417667	3000.0	2886.6953575241087	0.0	0	0.0	3612.5039992905513	1	0	tensor(3)	1.9413346930649904
265393.91034480534	3000.0	3218.593654485523	0.0	0	0.0	3612.5039992906095	1	0	tensor(3)	1.9413346930649875
266200.0	3000.0	3412.503999290909	0.0	0	0.8901488585979678	3612.5039992906386	1	0	tensor(3)	1.9413346930649822
267200.0	3000.0	3412.5039992908382	0.0	0	421.879947673704	3612.5039992906386	1	0	tensor(3)	1.9413346930649822
268200.0	3000.0	3412.503999290814	0.0	0	361.35618592076935	3612.5039992906386	1	0	tensor(3)	1.9413346930649822
269702.82451789145	6000.0	2909.6794813993783	0.0	0	0.0	3612.503999290697	1	0	tensor(3)	1.941334693064976
271320.83006495325	6000.0	2291.6739343376394	0.0	0	0.0	3612.503999290697	1	0	tensor(3)	2.634481873624921
273190.0724286532	6000.0	1422.4315706377154	0.0	0	0.0	3612.503999290755	1	0	tensor(3)	2.6344818736249165
274934.9375883531	6000.0	677.5664109378621	0.0	0	0.0	3612.503999290755	1	0	tensor(3)	2.6344818736249156
275639.23482456856	3000.0	973.2691747224817	0.0	0	0.0	3612.503999290813	1	0	tensor(3)	1.2481875125050221
276461.09844996035	3000.0	1151.405549330671	0.0	0	0.0	3612.503999290755	1	0	tensor(3)	1.9413346930649706
277385.841593887	3000.0	1226.6624054039758	0.0	0	0.0	3612.503999290755	1	0	tensor(3)	1.9413346930649706
278049.2156937577	3000.0	1563.2883055332607	0.0	0	0.0	3612.503999290755	1	0	tensor(3)	1.9413346930649684
278938.3829741464	3000.0	1674.1210251445877	0.0	0	0.0	3612.503999290755	1	0	tensor(3)	1.9413346930649706
279966.4292995903	3000.0	1646.0746997007773	0.0	0	0.0	3612.503999290755	1	0	tensor(3)	1.9413346930649706
280877.0586435081	3000.0	1735.4453557829515	0.0	0	0.0	3612.503999290755	1	0	tensor(3)	1.9413346930649706
281682.9171028292	3000.0	1929.5868964618867	0.0	0	0.0	3612.503999290755	1	0	tensor(3)	1.9413346930649706
282420.1602364766	3000.0	2192.343762814552	0.0	0	0.0	3612.503999290755	1	0	tensor(3)	1.9413346930649706
283144.26551600907	3000.0	2468.2384832820935	0.0	0	0.0	3612.503999290755	1	0	tensor(3)	1.9413346930649706
284008.4987238297	3000.0	2604.0052754614944	0.0	0	0.0	3612.503999290755	1	0	tensor(3)	1.9413346930649706
284887.53611802624	3000.0	2724.9678812649568	0.0	0	0.0	3612.503999290755	1	0	tensor(3)	1.9413346930649706
286227.49690196424	6000.0	2385.0070973269144	0.0	0	0.0	3612.503999290813	1	0	tensor(3)	1.9413346930649649
287544.0334912319	6000.0	2068.4705080592867	0.0	0	0.0	3612.503999290813	1	0	tensor(3)	2.634481873624905
289476.5424171527	6000.0	1135.961582138475	0.0	0	0.0	3612.503999290813	1	0	tensor(3)	2.6344818736249107
291145.33826179843	6000.0	467.16573749275346	0.0	0	0.0	3612.503999290813	1	0	tensor(3)	2.63448187362491
291916.4188697838	3000.0	696.0851295073894	0.0	0	0.0	3612.503999290755	1	0	tensor(3)	1.2481875125050257
292612.2784138634	3000.0	1000.2255854277228	0.0	0	0.0	3612.503999290697	1	0	tensor(3)	1.9413346930649729
293475.0583967436	3000.0	1137.4456025475188	0.0	0	0.0	3612.503999290697	1	0	tensor(3)	1.9413346930649764
294347.65614414884	3000.0	1264.8478551422074	0.0	0	0.0	3612.503999290697	1	0	tensor(3)	1.9413346930649764
295406.46230961935	3000.0	1206.041689671656	0.0	0	0.0	3612.5039992906386	1	0	tensor(3)	1.9413346930649822
296262.83108787576	3000.0	1349.672911415218	0.0	0	0.0	3612.5039992906386	1	0	tensor(3)	1.9413346930649822
297238.0809322179	3000.0	1374.4230670731283	0.0	0	0.0	3612.5039992906386	1	0	tensor(3)	1.9413346930649822
298453.2462035387	3000.0	1159.2577957523054	0.0	0	0.0	3612.5039992906386	1	0	tensor(3)	1.9413346930649868
299096.6194635552	3000.0	1515.8845357358173	0.0	0	0.0	3612.503999290697	1	0	tensor(3)	1.9413346930649764
299945.00926486694	3000.0	1667.494734424104	0.0	0	0.0	3612.503999290697	1	0	tensor(3)	1.9413346930649764
300917.16568571865	3000.0	1695.3383135724189	0.0	0	0.0	3612.503999290697	1	0	tensor(3)	1.9413346930649764
301603.44449975423	3000.0	2009.0594995369327	0.0	0	0.0	3612.503999290697	1	0	tensor(3)	1.9413346930649764
3.81	3.92	4.1	3.41	3.38	3.82	2.68	2.84	4.41	4.58	3.26	3.61	3.72	4.12	3.27	3.58	3.85	4.4	4.69	3.83	3.98	4.34	3.52	3.41	3.71	4.24	4.95	4.38	3.65	4.89	3.08	3.98	2.84	3.29	4.89	3.63	3.76	4.17	4.26	2.27	3.92	4.53	5.25	4.09	3.57	4.8	4.43	4.55	4.26	2.47	3.25	3.42	4.53	3.66	1.98	3.16	3.78	3.58	3.79	3.38	2.87	3.32	4.31	2.62	3.14	3.36	3.8	3.51	3.56	3.03	3.7	3.46	3.57	3.56	2.13	3.81	3.79	3.81	4.02	3.15	4.32	3.8	3.89	3.66	3.46	3.43	3.76	4.22	3.51	4.21	4.67	3.9	4.89	5.29	3.98	2.99	2.33	3.17	3.49	3.59	4.58	4.7	3.7	3.41	4.2	3.38	4.04	3.53	3.73	3.2	3.39	4.32	4.0	3.53	3.44	4.02	3.73	4.34	5.21	3.46	3.54	4.29	3.8	3.46	3.28	3.64	3.78	3.35	3.43	3.5	4.71	4.17	4.11	4.83	4.47	5.36	4.87	3.41	3.97	3.97	4.36	3.06	2.66	2.65	3.72	2.61	2.77	3.66	3.43	5.07	3.81	3.92	4.1	3.41	3.38	3.82	2.68	2.84	4.41	4.58	3.26	3.61	3.72	4.12	3.27	3.58	3.85	4.4	4.69	3.83	3.98	4.34	3.52	3.41	3.71	4.24	4.95	4.38	3.65	4.89	3.08	3.98	2.84	3.29	4.89	3.63	3.76	4.17	4.26	2.27	3.92	4.53	5.25	4.09	3.57	4.8	4.43	4.55	4.26	2.47	3.25	3.42	4.53	3.66	1.98	3.16	3.78	3.58	3.79	3.38	2.87	3.32	4.31	2.62	3.14	3.36	3.8	3.51	3.56	3.03	3.7	3.46	3.57	3.56	2.13	3.81	3.79	3.81	4.02	3.15	4.32	3.8	3.89	3.66	3.46	3.43	3.76	4.22	3.51	4.21	4.67	3.9	4.89	5.29	3.98	2.99	2.33	3.17	3.49	3.59	4.58	4.7	3.7	3.41	4.2	3.38	4.04	3.53	3.73	3.2	3.39	4.32	4.0	3.53	3.44	4.02	3.73	4.34	5.21	3.46	3.54	4.29	3.8	3.46	3.28	3.64	3.78	3.35	3.43	3.5	4.71	4.17	4.11	4.83	4.47	5.36	4.87	3.41	3.97	3.97	4.36	3.06	2.66	2.65	3.72	2.61	2.77	3.66	3.43	5.07	3.81	3.92	4.1	3.41
1.0	2.0	3.0	4.0	5.0	6.0	7.0	8.0	9.0	10.0	11.0	12.0	13.0	14.0	15.0	16.0	17.0	18.0	19.0	20.0	21.0	22.0	23.0	24.0	25.0	26.0	27.0	28.0	29.0	30.0	31.0	32.0	33.0	34.0	35.0	36.0	37.0	38.0	39.0	40.0	41.0	42.0	43.0	44.0	45.0	46.0	47.0	48.0	49.0	50.0	51.0	52.0	53.0	54.0	55.0	56.0	57.0	58.0	59.0	60.0	61.0	62.0	63.0	64.0	65.0	66.0	67.0	68.0	69.0	70.0	71.0	72.0	73.0	74.0	75.0	76.0	77.0	78.0	79.0	80.0	81.0	82.0	83.0	84.0	85.0	86.0	87.0	88.0	89.0	90.0	91.0	92.0	93.0	94.0	95.0	96.0	97.0	98.0	99.0	100.0	101.0	102.0	103.0	104.0	105.0	106.0	107.0	108.0	109.0	110.0	111.0	112.0	113.0	114.0	115.0	116.0	117.0	118.0	119.0	120.0	121.0	122.0	123.0	124.0	125.0	126.0	127.0	128.0	129.0	130.0	131.0	132.0	133.0	134.0	135.0	136.0	137.0	138.0	139.0	140.0	141.0	142.0	143.0	144.0	145.0	146.0	147.0	148.0	149.0	149.0	150.0	151.0	152.0	153.0	154.0	155.0	156.0	157.0	158.0	159.0	160.0	161.0	162.0	163.0	164.0	165.0	166.0	167.0	168.0	169.0	170.0	171.0	172.0	173.0	174.0	175.0	176.0	177.0	178.0	179.0	180.0	181.0	182.0	183.0	184.0	185.0	186.0	187.0	188.0	189.0	190.0	191.0	192.0	193.0	194.0	195.0	196.0	197.0	198.0	199.0	200.0	201.0	202.0	203.0	204.0	205.0	206.0	207.0	208.0	209.0	210.0	211.0	212.0	213.0	214.0	215.0	216.0	217.0	218.0	219.0	220.0	221.0	222.0	223.0	224.0	225.0	226.0	227.0	228.0	229.0	230.0	231.0	232.0	233.0	234.0	235.0	236.0	237.0	238.0	239.0	240.0	241.0	242.0	243.0	244.0	245.0	246.0	247.0	248.0	249.0	250.0	251.0	252.0	253.0	254.0	255.0	256.0	257.0	258.0	259.0	260.0	261.0	262.0	263.0	264.0	265.0	266.0	267.0	268.0	269.0	270.0	271.0	272.0	273.0	274.0	275.0	276.0	277.0	278.0	279.0	280.0	281.0	282.0	283.0	284.0	285.0	286.0	287.0	288.0	289.0	290.0	291.0	292.0	293.0	294.0	295.0	296.0	297.0	298.0	298.0	299.0	300.0	301.0	302.0
2400.5186975556535
