5292.5386452942075	300.0	2000.0	112.51988029588577	0	0.0	5292.5386452942075	1	0	tensor(3)	-1.2022415821499417
5535.908205056434	500.0	2756.6304402377723	0.0	0	0.0	5292.538645294207	1	0	tensor(3)	-0.5292538645294208
6478.873752623021	3000.0	2813.6648926711855	0.0	0	0.0	5292.538645294206	1	0	tensor(3)	-0.01842824076342986
7467.995882286427	3000.0	2824.5427630077793	0.0	0	0.0	5292.538645294207	1	0	tensor(3)	1.7733312284646252
8216.243996388743	3000.0	3076.2946489054634	0.0	0	0.0	5292.538645294206	1	0	tensor(3)	1.7733312284646252
9239.92053644594	3000.0	3052.618108848266	0.0	0	0.0	5292.538645294206	1	0	tensor(3)	1.7733312284646254
10091.894170222113	3000.0	3200.644475072093	0.0	0	0.0	5292.538645294206	1	0	tensor(3)	1.7733312284646254
10909.369517903051	3000.0	3383.1691273911556	0.0	0	0.0	5292.538645294207	1	0	tensor(3)	1.7733312284646252
11920.673313157313	3000.0	3371.865332136895	0.0	0	0.0	5292.538645294208	1	0	tensor(3)	1.7733312284646252
12878.30414925926	3000.0	3414.2344960349496	0.0	0	0.0	5292.53864529421	1	0	tensor(3)	1.7733312284646252
13749.219975472703	3000.0	3543.3186698215072	0.0	0	0.0	5292.5386452942075	1	0	tensor(3)	1.7733312284646252
14648.203842356299	3000.0	3644.3348029379126	0.0	0	0.0	5292.538645294206	1	0	tensor(3)	1.7733312284646254
15611.74346385225	3000.0	3680.795181441961	0.0	0	0.0	5292.538645294206	1	0	tensor(3)	1.7733312284646254
16128.70402306492	3000.0	4163.834622229291	0.0	0	0.0	5292.538645294206	1	0	tensor(3)	1.7733312284646254
16717.92153487461	3000.0	4574.6171104196	0.0	0	0.0	5292.5386452942075	1	0	tensor(3)	1.7733312284646252
17374.13125759767	3000.0	4918.4073876965385	0.0	0	0.0	5292.538645294206	1	0	tensor(3)	1.7733312284646252
18664.527471043002	6000.0	4628.011174251204	0.0	0	0.0	5292.538645294204	1	0	tensor(3)	1.7733312284646257
19642.971032919413	6000.0	4649.567612374789	0.0	0	0.0	5292.538645294202	1	0	tensor(3)	2.4664784090245706
20764.5419388966	6000.0	4527.996706397599	0.0	0	0.0	5292.5386452942	1	0	tensor(3)	2.466478409024571
22519.428635729124	6000.0	3773.1100095650722	0.0	0	0.0	5292.5386452942	1	0	tensor(3)	2.466478409024571
23485.001928335903	6000.0	3807.536716958297	0.0	0	0.0	5292.538645294204	1	0	tensor(3)	2.4664784090245706
24925.57098426218	6000.0	3366.967661032016	0.0	0	0.0	5292.538645294204	1	0	tensor(3)	2.4664784090245706
27377.374901583316	6000.0	1915.163743710883	0.0	0	0.0	5292.538645294204	1	0	tensor(3)	2.4664784090245706
29377.131820131322	6000.0	915.4068251628762	0.0	0	0.0	5292.538645294204	1	0	tensor(3)	2.4664784090245706
30045.750868178337	3000.0	1246.7877771158624	0.0	0	0.0	5292.538645294204	1	0	tensor(3)	1.0801840479046807
31350.66150286974	3000.0	941.8771424244571	0.0	0	0.0	5292.538645294204	1	0	tensor(3)	1.7733312284646257
32058.95224245671	3000.0	1233.5864028374858	0.0	0	0.0	5292.5386452942075	1	0	tensor(3)	1.7733312284646252
32967.863131612765	3000.0	1324.6755136814327	0.0	0	0.0	5292.5386452942075	1	0	tensor(3)	1.7733312284646252
33513.28594382304	3000.0	1779.2527014711598	0.0	0	0.0	5292.5386452942075	1	0	tensor(3)	1.7733312284646252
34513.47844267833	3000.0	1779.060202615864	0.0	0	0.0	5292.538645294204	1	0	tensor(3)	1.7733312284646257
35318.36946582458	3000.0	1974.1691794696144	0.0	0	0.0	5292.5386452942	1	0	tensor(3)	1.773331228464626
35873.80063049782	3000.0	2418.7380147963695	0.0	0	0.0	5292.538645294189	1	0	tensor(3)	1.773331228464627
36361.59161131075	3000.0	2930.947033983435	0.0	0	0.0	5292.538645294189	1	0	tensor(3)	1.773331228464627
36818.13150618864	3000.0	3474.407139105552	0.0	0	0.0	5292.538645294197	1	0	tensor(3)	1.7733312284646272
38423.60026312133	6000.0	2868.938382172864	0.0	0	0.0	5292.538645294197	1	0	tensor(3)	1.7733312284646265
40187.86564332825	6000.0	2104.6730019659403	0.0	0	0.0	5292.538645294197	1	0	tensor(3)	2.466478409024571
41252.70329029117	3000.0	2039.8353550030297	0.0	0	0.0	5292.538645294197	1	0	tensor(3)	1.0801840479046814
41885.24787552998	3000.0	2407.2907697642245	0.0	0	0.0	5292.538645294197	1	0	tensor(3)	1.7733312284646263
42541.34913821164	3000.0	2751.1895070825612	0.0	0	0.0	5292.538645294197	1	0	tensor(3)	1.7733312284646263
43501.9056866219	3000.0	2790.632958672293	0.0	0	0.0	5292.538645294189	1	0	tensor(3)	1.7733312284646272
44149.1230149455	3000.0	3143.415630348701	0.0	0	0.0	5292.538645294197	1	0	tensor(3)	1.7733312284646263
45180.11571217003	3000.0	3112.4229331241704	0.0	0	0.0	5292.538645294197	1	0	tensor(3)	1.7733312284646263
45913.81542190923	3000.0	3378.723223384962	0.0	0	0.0	5292.538645294197	1	0	tensor(3)	1.7733312284646263
47022.30592015495	3000.0	3270.232725139246	0.0	0	0.0	5292.538645294197	1	0	tensor(3)	1.7733312284646263
48277.733078771445	3000.0	3014.8055665227557	0.0	0	0.0	5292.538645294197	1	0	tensor(3)	1.7733312284646263
49385.370642290945	3000.0	2907.168003003251	0.0	0	0.0	5292.538645294197	1	0	tensor(3)	1.7733312284646263
50194.9934308497	3000.0	3097.54521444449	0.0	0	0.0	5292.538645294197	1	0	tensor(3)	1.7733312284646263
51377.27155526457	3000.0	2915.267090029631	0.0	0	0.0	5292.538645294197	1	0	tensor(3)	1.7733312284646263
52294.605597337555	3000.0	2997.933047956651	0.0	0	0.0	5292.538645294197	1	0	tensor(3)	1.7733312284646263
52965.767074264186	3000.0	3326.7715710300286	0.0	0	0.0	5292.538645294197	1	0	tensor(3)	1.7733312284646263
53937.375212247716	3000.0	3355.1634330465	0.0	0	0.0	5292.538645294204	1	0	tensor(3)	1.7733312284646257
54668.74517694142	3000.0	3623.793468352797	0.0	0	0.0	5292.538645294204	1	0	tensor(3)	1.7733312284646257
55357.896101767954	3000.0	3934.6425435262595	0.0	0	0.0	5292.538645294204	1	0	tensor(3)	1.7733312284646257
55963.92354032088	3000.0	4328.615104973337	0.0	0	0.0	5292.538645294204	1	0	tensor(3)	1.7733312284646257
56494.0911321715	3000.0	4798.447513122711	0.0	0	0.0	5292.538645294211	1	0	tensor(3)	1.773331228464625
57875.895778316604	6000.0	4416.642866977602	0.0	0	0.0	5292.538645294204	1	0	tensor(3)	1.7733312284646257
60085.30823127273	6000.0	3207.2304140214837	0.0	0	0.0	5292.538645294204	1	0	tensor(3)	2.4664784090245706
62871.94801251543	6000.0	1420.5906327787798	0.0	0	0.0	5292.538645294204	1	0	tensor(3)	2.4664784090245706
63859.15268010559	3000.0	1433.3859651886219	0.0	0	0.0	5292.538645294204	1	0	tensor(3)	1.0801840479046807
64611.094039918375	3000.0	1681.4446053758404	0.0	0	0.0	5292.538645294204	1	0	tensor(3)	1.7733312284646257
65739.84250924397	3000.0	1552.6961360502376	0.0	0	0.0	5292.538645294197	1	0	tensor(3)	1.7733312284646259
66872.49173037273	3000.0	1420.0469149214794	0.0	0	0.0	5292.538645294197	1	0	tensor(3)	1.7733312284646259
67597.32861299418	3000.0	1695.210032300012	0.0	0	0.0	5292.538645294189	1	0	tensor(3)	1.7733312284646268
68673.35546322717	3000.0	1619.18318206705	0.0	0	0.0	5292.538645294218	1	0	tensor(3)	1.773331228464625
70008.71463082118	3000.0	1283.824014473038	0.0	0	0.0	5292.538645294218	1	0	tensor(3)	1.7733312284646239
71065.20960748394	3000.0	1227.3290378102781	0.0	0	0.0	5292.538645294204	1	0	tensor(3)	1.7733312284646252
71801.86342642082	3000.0	1490.6752188733874	0.0	0	0.0	5292.538645294204	1	0	tensor(3)	1.7733312284646257
72521.90351629545	3000.0	1770.635128998765	0.0	0	0.0	5292.538645294204	1	0	tensor(3)	1.7733312284646257
73336.75377230089	3000.0	1955.784872993328	0.0	0	0.0	5292.538645294204	1	0	tensor(3)	1.7733312284646257
74576.0679419443	3000.0	1716.470703349906	0.0	0	0.0	5292.538645294204	1	0	tensor(3)	1.7733312284646257
75355.82588966405	3000.0	1936.7127556301618	0.0	0	0.0	5292.538645294204	1	0	tensor(3)	1.7733312284646257
76098.64872337438	3000.0	2193.8899219198174	0.0	0	0.0	5292.538645294204	1	0	tensor(3)	1.7733312284646257
77325.44352309857	3000.0	1967.095122195616	0.0	0	0.0	5292.538645294204	1	0	tensor(3)	1.7733312284646257
78559.68811908232	3000.0	1732.850526211859	0.0	0	0.0	5292.538645294204	1	0	tensor(3)	1.7733312284646257
79481.64585150649	3000.0	1810.892793787683	0.0	0	0.0	5292.538645294204	1	0	tensor(3)	1.7733312284646257
80756.27421230772	3000.0	1536.2644329864465	0.0	0	0.0	5292.538645294204	1	0	tensor(3)	1.7733312284646257
81707.80060520448	3000.0	1584.7380400896725	0.0	0	0.0	5292.538645294204	1	0	tensor(3)	1.7733312284646257
82514.63872247594	3000.0	1777.8999228182304	0.0	0	0.0	5292.538645294218	1	0	tensor(3)	1.773331228464624
83232.8735738954	3000.0	2059.665071398772	0.0	0	0.0	5292.538645294218	1	0	tensor(3)	1.773331228464624
83710.79851954701	3000.0	2581.7401257471506	0.0	0	0.0	5292.538645294218	1	0	tensor(3)	1.773331228464624
84339.55802982378	3000.0	2952.980615470396	0.0	0	0.0	5292.538645294218	1	0	tensor(3)	1.773331228464624
85283.89374357596	3000.0	3008.6449017182103	0.0	0	0.0	5292.538645294204	1	0	tensor(3)	1.7733312284646257
86511.70674942511	3000.0	2780.8318958690597	0.0	0	0.0	5292.538645294204	1	0	tensor(3)	1.7733312284646257
87801.3185529783	3000.0	2491.220092315861	0.0	0	0.0	5292.538645294204	1	0	tensor(3)	1.7733312284646257
89118.00288512302	3000.0	2174.53576017113	0.0	0	0.0	5292.538645294204	1	0	tensor(3)	1.7733312284646257
89838.03635150025	3000.0	2454.5022937938916	0.0	0	0.0	5292.538645294204	1	0	tensor(3)	1.7733312284646257
91352.44607814754	3000.0	1940.0925671466107	0.0	0	0.0	5292.538645294204	1	0	tensor(3)	1.7733312284646257
92436.7555815711	3000.0	1855.7830637230604	0.0	0	0.0	5292.538645294189	1	0	tensor(3)	1.7733312284646272
93178.36911822268	3000.0	2114.1695270714763	0.0	0	0.0	5292.538645294175	1	0	tensor(3)	1.7733312284646285
93861.84884043864	3000.0	2430.68980485551	0.0	0	0.0	5292.538645294175	1	0	tensor(3)	1.7733312284646285
94609.71266099314	3000.0	2682.825984300993	0.0	0	0.0	5292.53864529416	1	0	tensor(3)	1.77333122846463
95507.24647522418	3000.0	2785.292170069957	0.0	0	0.0	5292.53864529416	1	0	tensor(3)	1.77333122846463
96115.6493145004	3000.0	3176.889330793744	0.0	0	0.0	5292.538645294175	1	0	tensor(3)	1.7733312284646285
96821.4346405048	3000.0	3471.10400478934	0.0	0	0.0	5292.538645294175	1	0	tensor(3)	1.7733312284646285
98701.97979237899	6000.0	2590.558852915151	0.0	0	0.0	5292.538645294175	1	0	tensor(3)	1.7733312284646283
100256.216400745	6000.0	2036.3222445491228	0.0	0	0.0	5292.538645294175	1	0	tensor(3)	2.4664784090245733
101119.17133024376	3000.0	2173.3673150503528	0.0	0	0.0	5292.53864529416	1	0	tensor(3)	1.0801840479046851
101866.65212820504	3000.0	2425.8865170890685	0.0	0	0.0	5292.53864529416	1	0	tensor(3)	1.77333122846463
102938.95029623325	3000.0	2353.5883490608558	0.0	0	0.0	5292.538645294175	1	0	tensor(3)	1.7733312284646285
103893.43955896015	3000.0	2399.0990863339675	0.0	0	0.0	5292.53864529416	1	0	tensor(3)	1.77333122846463
104739.04186136684	3000.0	2553.496783927271	0.0	0	0.0	5292.53864529416	1	0	tensor(3)	1.77333122846463
105728.1629384871	3000.0	2564.375706807024	0.0	0	0.0	5292.53864529416	1	0	tensor(3)	1.77333122846463
106822.99737093093	3000.0	2469.5412743631987	0.0	0	0.0	5292.538645294146	1	0	tensor(3)	1.7733312284646314
107781.94551093983	3000.0	2510.5931343542957	0.0	0	0.0	5292.538645294131	1	0	tensor(3)	1.773331228464633
108403.00798714084	3000.0	2889.53065815327	0.0	0	0.0	5292.538645294131	1	0	tensor(3)	1.773331228464633
109279.57683238713	3000.0	3012.9618129069936	0.0	0	0.0	5292.538645294131	1	0	tensor(3)	1.773331228464633
109959.00093415006	3000.0	3333.5377111440685	0.0	0	0.0	5292.538645294131	1	0	tensor(3)	1.773331228464633
110612.9043615532	3000.0	3679.634283740952	0.0	0	0.0	5292.538645294131	1	0	tensor(3)	1.773331228464633
111474.480189775	3000.0	3818.058455519142	0.0	0	0.0	5292.538645294131	1	0	tensor(3)	1.773331228464633
112317.53333505346	3000.0	3975.0053102406705	0.0	0	0.0	5292.538645294131	1	0	tensor(3)	1.773331228464633
113468.10564799218	3000.0	3824.432997301942	0.0	0	0.0	5292.538645294117	1	0	tensor(3)	1.7733312284646343
114737.78383748226	3000.0	3554.7548078118584	0.0	0	0.0	5292.538645294102	1	0	tensor(3)	1.7733312284646359
115726.39018604702	3000.0	3566.148459247084	0.0	0	0.0	5292.538645294102	1	0	tensor(3)	1.7733312284646359
116985.32742489636	3000.0	3307.2112203977354	0.0	0	0.0	5292.538645294102	1	0	tensor(3)	1.7733312284646359
117764.72415435061	3000.0	3527.814490943483	0.0	0	0.0	5292.538645294102	1	0	tensor(3)	1.7733312284646359
118542.63006169825	3000.0	3749.9085835958476	0.0	0	0.0	5292.538645294102	1	0	tensor(3)	1.7733312284646359
119482.47320916764	3000.0	3810.0654361264565	0.0	0	0.0	5292.538645294102	1	0	tensor(3)	1.7733312284646359
120453.77933350077	3000.0	3838.759311793299	0.0	0	0.0	5292.538645294102	1	0	tensor(3)	1.7733312284646359
121335.49574463964	3000.0	3957.0429006544196	0.0	0	0.0	5292.538645294102	1	0	tensor(3)	1.7733312284646359
123086.46891005884	6000.0	3206.0697352352317	0.0	0	0.0	5292.5386452940875	1	0	tensor(3)	1.773331228464637
123736.23688296127	3000.0	3556.3017623328296	0.0	0	0.0	5292.5386452940875	1	0	tensor(3)	1.0801840479046922
125937.91734127738	6000.0	2354.621304016716	0.0	0	0.0	5292.5386452940875	1	0	tensor(3)	1.773331228464637
126656.31607232123	3000.0	2636.222572972869	0.0	0	0.0	5292.5386452940875	1	0	tensor(3)	1.0801840479046922
128043.9414366131	6000.0	2248.5972086809907	0.0	0	0.0	5292.5386452940875	1	0	tensor(3)	1.773331228464637
128853.19448328737	3000.0	2439.3441620067188	0.0	0	0.0	5292.5386452940875	1	0	tensor(3)	1.0801840479046922
129783.55127625128	3000.0	2508.987369042809	0.0	0	0.0	5292.5386452940875	1	0	tensor(3)	1.7733312284646372
130557.49384630167	3000.0	2735.0447989924146	0.0	0	0.0	5292.5386452940875	1	0	tensor(3)	1.7733312284646372
131398.3764422541	3000.0	2894.1622030399662	0.0	0	0.0	5292.538645294073	1	0	tensor(3)	1.7733312284646376
132293.64094031623	3000.0	2998.897704977848	0.0	0	0.0	5292.538645294073	1	0	tensor(3)	1.7733312284646385
133393.47971235428	3000.0	2899.058932939801	0.0	0	0.0	5292.538645294102	1	0	tensor(3)	1.7733312284646372
134123.49964493312	3000.0	3169.0390003609355	0.0	0	0.0	5292.5386452940875	1	0	tensor(3)	1.773331228464637
135278.92654108253	3000.0	3013.6121042115155	0.0	0	0.0	5292.538645294073	1	0	tensor(3)	1.7733312284646388
136041.69350928537	3000.0	3250.8451360086447	0.0	0	0.0	5292.538645294029	1	0	tensor(3)	1.7733312284646405
136809.1772458174	3000.0	3483.361399476601	0.0	0	0.0	5292.538645294029	1	0	tensor(3)	1.773331228464643
137447.85689277787	3000.0	3844.681752516167	0.0	0	0.0	5292.538645294058	1	0	tensor(3)	1.7733312284646403
138208.0128564902	3000.0	4084.525788803809	0.0	0	0.0	5292.538645294058	1	0	tensor(3)	1.7733312284646403
139133.05214843972	3000.0	4159.486496854337	0.0	0	0.0	5292.538645294058	1	0	tensor(3)	1.7733312284646403
140911.72722199495	6000.0	3380.8114232991143	0.0	0	0.0	5292.538645294058	1	0	tensor(3)	1.77333122846464
142137.56707026326	6000.0	3154.9715750307937	0.0	0	0.0	5292.5386452940875	1	0	tensor(3)	2.466478409024582
143295.07322170073	3000.0	2997.4654235933067	0.0	0	0.0	5292.538645294058	1	0	tensor(3)	1.0801840479046954
144363.04540393632	6000.0	2929.4932413577117	0.0	0	0.0	5292.538645294058	1	0	tensor(3)	1.77333122846464
145829.59608775284	6000.0	2462.9425575412074	0.0	0	0.0	5292.538645294058	1	0	tensor(3)	2.4664784090245853
147959.11074641146	6000.0	1333.4278988825838	0.0	0	0.0	5292.538645294058	1	0	tensor(3)	2.4664784090245853
148992.541961166	3000.0	1299.9966841280445	0.0	0	0.0	5292.538645294058	1	0	tensor(3)	1.0801840479046954
149651.37413080802	3000.0	1641.164514486008	0.0	0	0.0	5292.5386452940875	1	0	tensor(3)	1.7733312284646372
150340.6544692773	3000.0	1951.8841760167293	0.0	0	0.0	5292.5386452940875	1	0	tensor(3)	1.7733312284646372
151264.00155974997	3000.0	2028.5370855440335	0.0	0	0.0	5292.538645294058	1	0	tensor(3)	1.7733312284646403
152253.50908032196	3000.0	2039.0295649720472	0.0	0	0.0	5292.5386452940875	1	0	tensor(3)	1.7733312284646372
153169.63420466668	3000.0	2122.90444062729	0.0	0	0.0	5292.5386452940875	1	0	tensor(3)	1.7733312284646372
154095.08422836894	3000.0	2197.45441692503	0.0	0	0.0	5292.5386452940875	1	0	tensor(3)	1.7733312284646372
155098.7780605176	3000.0	2193.7605847763643	0.0	0	0.0	5292.5386452940875	1	0	tensor(3)	1.773331228464635
155941.01405209818	3000.0	2351.524593195758	0.0	0	0.0	5292.5386452940875	1	0	tensor(3)	1.7733312284646372
156848.77538787652	3000.0	2443.7632574174354	0.0	0	0.0	5292.538645294058	1	0	tensor(3)	1.7733312284646403
157881.6257628502	3000.0	2410.9128824437366	0.0	0	0.0	5292.538645294058	1	0	tensor(3)	1.7733312284646403
158651.94090994904	3000.0	2640.5977353448693	0.0	0	0.0	5292.538645294058	1	0	tensor(3)	1.7733312284646403
159586.92735637183	3000.0	2705.6112889221195	0.0	0	0.0	5292.5386452940875	1	0	tensor(3)	1.7733312284646372
160413.66566068455	3000.0	2878.872984609425	0.0	0	0.0	5292.5386452940875	1	0	tensor(3)	1.7733312284646372
161238.3626550975	3000.0	3054.1759901964897	0.0	0	0.0	5292.5386452940875	1	0	tensor(3)	1.773331228464636
161837.1364214497	3000.0	3455.4022238443295	0.0	0	0.0	5292.5386452940875	1	0	tensor(3)	1.7733312284646372
162930.9497313694	3000.0	3361.58891392465	0.0	0	0.0	5292.5386452940875	1	0	tensor(3)	1.7733312284646372
163720.09836833255	3000.0	3572.4402769614962	0.0	0	0.0	5292.5386452940875	1	0	tensor(3)	1.7733312284646372
164611.66530330616	3000.0	3680.873341987884	0.0	0	0.0	5292.538645294117	1	0	tensor(3)	1.7733312284646343
165290.82605477882	3000.0	4001.712590515216	0.0	0	0.0	5292.538645294117	1	0	tensor(3)	1.7733312284646343
166121.5933526387	3000.0	4170.945292655304	0.0	0	0.0	5292.5386452940875	1	0	tensor(3)	1.7733312284646372
167547.78382151615	6000.0	3744.7548237778938	0.0	0	0.0	5292.538645294117	1	0	tensor(3)	1.7733312284646343
169107.26502276072	6000.0	3185.273622533304	0.0	0	0.0	5292.5386452940875	1	0	tensor(3)	2.466478409024582
170270.47470322507	6000.0	3022.063942068971	0.0	0	0.0	5292.5386452940875	1	0	tensor(3)	2.466478409024582
172276.07330432377	6000.0	2016.4653409702967	0.0	0	0.0	5292.5386452940875	1	0	tensor(3)	2.466478409024582
173257.01664726192	6000.0	2035.5219980321745	0.0	0	0.0	5292.5386452940875	1	0	tensor(3)	2.466478409024582
174715.5136797966	6000.0	1577.0249654974996	0.0	0	0.0	5292.5386452940875	1	0	tensor(3)	2.466478409024582
175842.86767128925	3000.0	1449.6709740048157	0.0	0	0.0	5292.538645294058	1	0	tensor(3)	1.0801840479046954
176839.88289633568	3000.0	1452.6557489583988	0.0	0	0.0	5292.538645294058	1	0	tensor(3)	1.7733312284646403
177541.03786628615	3000.0	1751.5007790079164	0.0	0	0.0	5292.538645294058	1	0	tensor(3)	1.7733312284646403
178432.5693729702	3000.0	1859.9692723238572	0.0	0	0.0	5292.538645294058	1	0	tensor(3)	1.7733312284646403
179547.52273460047	3000.0	1745.0159106935978	0.0	0	0.0	5292.538645294058	1	0	tensor(3)	1.7733312284646403
180555.680603659	3000.0	1736.8580416350442	0.0	0	0.0	5292.538645294058	1	0	tensor(3)	1.7733312284646403
181311.52618851213	3000.0	1981.012456781914	0.0	0	0.0	5292.538645294058	1	0	tensor(3)	1.7733312284646403
182256.31573120254	3000.0	2036.2229140914876	0.0	0	0.0	5292.538645294058	1	0	tensor(3)	1.7733312284646403
182869.48518209404	3000.0	2423.053463199992	0.0	0	0.0	5292.538645294058	1	0	tensor(3)	1.7733312284646403
183764.07849457095	3000.0	2528.4601507230896	0.0	0	0.0	5292.538645294058	1	0	tensor(3)	1.7733312284646403
184482.6981723057	3000.0	2809.840472988353	0.0	0	0.0	5292.538645294058	1	0	tensor(3)	1.7733312284646403
185190.82561830696	3000.0	3101.713026987114	0.0	0	0.0	5292.538645294058	1	0	tensor(3)	1.7733312284646403
185826.3999851359	3000.0	3466.1386601581335	0.0	0	0.0	5292.538645294058	1	0	tensor(3)	1.7733312284646403
186952.38514467818	6000.0	3340.1535006158538	0.0	0	0.0	5292.538645294058	1	0	tensor(3)	1.77333122846464
188287.05888333928	6000.0	3005.479761954748	0.0	0	0.0	5292.538645294058	1	0	tensor(3)	2.4664784090245853
189709.53539175852	6000.0	2583.0032535355313	0.0	0	0.0	5292.538645294058	1	0	tensor(3)	2.4664784090245853
190332.0039270561	3000.0	2960.534718237955	0.0	0	0.0	5292.5386452940875	1	0	tensor(3)	1.0801840479046922
190975.66295587044	3000.0	3316.875689423577	0.0	0	0.0	5292.5386452940875	1	0	tensor(3)	1.7733312284646372
191772.8184373479	3000.0	3519.7202079461435	0.0	0	0.0	5292.538645294117	1	0	tensor(3)	1.7733312284646343
192389.5012019933	3000.0	3903.0374433007332	0.0	0	0.0	5292.538645294117	1	0	tensor(3)	1.7733312284646343
193032.05483296653	3000.0	4260.483812327482	0.0	0	0.0	5292.538645294117	1	0	tensor(3)	1.7733312284646343
194595.27712501775	3000.0	3697.261520276291	0.0	0	0.0	5292.538645294117	1	0	tensor(3)	1.7733312284646343
195436.10268432178	3000.0	3856.4359609722596	0.0	0	0.0	5292.5386452940875	1	0	tensor(3)	1.7733312284646372
196374.40316364614	3000.0	3918.135481647911	0.0	0	0.0	5292.5386452940875	1	0	tensor(3)	1.7733312284646372
197401.20687799074	3000.0	3891.331767303321	0.0	0	0.0	5292.538645294058	1	0	tensor(3)	1.773331228464639
198547.68092837615	3000.0	3744.8577169179075	0.0	0	0.0	5292.538645294058	1	0	tensor(3)	1.7733312284646403
199463.14206267105	3000.0	3829.39658262299	0.0	0	0.0	5292.538645294058	1	0	tensor(3)	1.7733312284646403
200691.26084347238	3000.0	3601.277801821656	0.0	0	0.0	5292.538645294029	1	0	tensor(3)	1.773331228464643
201382.66288452214	3000.0	3909.8757607719303	0.0	0	0.0	5292.538645294029	1	0	tensor(3)	1.773331228464643
202337.5885240148	3000.0	3954.950121279282	0.0	0	0.0	5292.538645294029	1	0	tensor(3)	1.773331228464643
203128.21526770474	3000.0	4164.323377589343	0.0	0	0.0	5292.538645294029	1	0	tensor(3)	1.773331228464643
204244.63505627014	3000.0	4047.903589023963	0.0	0	0.0	5292.538645294029	1	0	tensor(3)	1.7733312284646412
205160.73005718057	3000.0	4131.8085881135285	0.0	0	0.0	5292.538645294029	1	0	tensor(3)	1.773331228464643
206207.01521605774	6000.0	4085.5234292363716	0.0	0	0.0	5292.538645294029	1	0	tensor(3)	1.773331228464643
208022.6516249662	6000.0	3269.887020327894	0.0	0	0.0	5292.538645294029	1	0	tensor(3)	2.466478409024588
210146.82174230757	6000.0	2145.7169029865645	0.0	0	0.0	5292.538645294058	1	0	tensor(3)	2.4664784090245857
211129.77079098238	3000.0	2162.7678543117495	0.0	0	0.0	5292.5386452940875	1	0	tensor(3)	1.0801840479046947
212216.24061214612	3000.0	2076.298033147991	0.0	0	0.0	5292.5386452940875	1	0	tensor(3)	1.7733312284646372
213179.96566582867	3000.0	2112.5729794654635	0.0	0	0.0	5292.5386452940875	1	0	tensor(3)	1.7733312284646372
214140.93667862963	3000.0	2151.6019666645143	0.0	0	0.0	5292.5386452940875	1	0	tensor(3)	1.7733312284646372
214938.60431054365	3000.0	2353.93433475048	0.0	0	0.0	5292.5386452940875	1	0	tensor(3)	1.7733312284646372
215645.1739971677	3000.0	2647.3646481264213	0.0	0	0.0	5292.5386452940875	1	0	tensor(3)	1.7733312284646372
216322.35347629216	3000.0	2970.185169001956	0.0	0	0.0	5292.5386452940875	1	0	tensor(3)	1.7733312284646372
217439.19814453062	3000.0	2853.34050076352	0.0	0	0.0	5292.538645294117	1	0	tensor(3)	1.7733312284646343
218781.48949831005	3000.0	2511.0491469840513	0.0	0	0.0	5292.538645294117	1	0	tensor(3)	1.7733312284646343
219610.2164376622	3000.0	2682.3222076319003	0.0	0	0.0	5292.538645294117	1	0	tensor(3)	1.7733312284646343
220345.47964700652	3000.0	2947.0589982875786	0.0	0	0.0	5292.538645294117	1	0	tensor(3)	1.7733312284646343
221355.91976875078	3000.0	2936.618876543314	0.0	0	0.0	5292.538645294117	1	0	tensor(3)	1.7733312284646343
222062.5184915	3000.0	3230.0201537940816	0.0	0	0.0	5292.538645294117	1	0	tensor(3)	1.7733312284646343
222757.0984303568	3000.0	3535.440214937293	0.0	0	0.0	5292.538645294146	1	0	tensor(3)	1.7733312284646314
223501.7910841239	3000.0	3790.7475611702157	0.0	0	0.0	5292.538645294146	1	0	tensor(3)	1.7733312284646314
224547.5959762132	3000.0	3744.942669080912	0.0	0	0.0	5292.538645294117	1	0	tensor(3)	1.7733312284646343
225426.20803177461	3000.0	3866.330613519511	0.0	0	0.0	5292.538645294117	1	0	tensor(3)	1.7733312284646348
226472.9525832946	3000.0	3819.586061999495	0.0	0	0.0	5292.538645294117	1	0	tensor(3)	1.7733312284646343
227636.3561118054	3000.0	3656.1825334887017	0.0	0	0.0	5292.538645294117	1	0	tensor(3)	1.7733312284646343
228357.23679550484	3000.0	3935.301849789234	0.0	0	0.0	5292.538645294117	1	0	tensor(3)	1.7733312284646343
229357.87329519112	3000.0	3934.665350102952	0.0	0	0.0	5292.538645294117	1	0	tensor(3)	1.7733312284646343
230343.6808177883	3000.0	3948.857827505813	0.0	0	0.0	5292.538645294146	1	0	tensor(3)	1.7733312284646323
230976.35404197924	3000.0	4316.1846033148795	0.0	0	0.0	5292.538645294175	1	0	tensor(3)	1.7733312284646285
231930.12802527353	3000.0	4362.410620020617	0.0	0	0.0	5292.538645294175	1	0	tensor(3)	1.7733312284646285
232630.61021596543	3000.0	4661.9284293287565	0.0	0	0.0	5292.538645294175	1	0	tensor(3)	1.7733312284646285
234165.83276679207	6000.0	4126.705878502111	0.0	0	0.0	5292.538645294175	1	0	tensor(3)	1.7733312284646283
236904.5620358078	6000.0	2387.9766094864094	0.0	0	0.0	5292.538645294204	1	0	tensor(3)	2.4664784090245706
237986.1334742932	3000.0	2306.4051710010317	0.0	0	0.0	5292.538645294204	1	0	tensor(3)	1.0801840479046807
239160.20791783213	3000.0	2132.3307274620975	0.0	0	0.0	5292.538645294175	1	0	tensor(3)	1.7733312284646263
240236.07322099147	3000.0	2056.465424302734	0.0	0	0.0	5292.538645294175	1	0	tensor(3)	1.7733312284646285
241230.66770782613	3000.0	2061.8709374680857	0.0	0	0.0	5292.538645294146	1	0	tensor(3)	1.7733312284646296
241931.80855223877	3000.0	2360.730093055436	0.0	0	0.0	5292.538645294175	1	0	tensor(3)	1.7733312284646285
242989.6295195947	3000.0	2302.909125699511	0.0	0	0.0	5292.538645294175	1	0	tensor(3)	1.7733312284646285
243908.7443449269	3000.0	2383.7943003673063	0.0	0	0.0	5292.538645294175	1	0	tensor(3)	1.7733312284646285
244591.7916168126	3000.0	2700.7470284816222	0.0	0	0.0	5292.538645294175	1	0	tensor(3)	1.7733312284646285
245212.82653323913	3000.0	3079.7121120551133	0.0	0	0.0	5292.538645294204	1	0	tensor(3)	1.7733312284646257
245818.15135842518	3000.0	3474.3872868690414	0.0	0	0.0	5292.538645294175	1	0	tensor(3)	1.7733312284646285
247693.9928389524	6000.0	2598.545806341838	0.0	0	0.0	5292.538645294175	1	0	tensor(3)	1.7733312284646283
249877.11642483456	6000.0	1415.4222204596795	0.0	0	0.0	5292.538645294175	1	0	tensor(3)	2.4664784090245733
251004.74696201948	3000.0	1287.7916832747774	0.0	0	0.0	5292.538645294175	1	0	tensor(3)	1.0801840479046836
251649.95937954242	3000.0	1642.5792657518325	0.0	0	0.0	5292.538645294175	1	0	tensor(3)	1.7733312284646285
252413.08660868637	3000.0	1879.4520366078796	0.0	0	0.0	5292.538645294175	1	0	tensor(3)	1.7733312284646285
253054.70027066197	3000.0	2237.838374632258	0.0	0	0.0	5292.538645294204	1	0	tensor(3)	1.7733312284646279
253768.23590671684	3000.0	2524.3027385773416	0.0	0	0.0	5292.538645294204	1	0	tensor(3)	1.7733312284646257
254666.13852809565	3000.0	2626.4001171985674	0.0	0	0.0	5292.538645294204	1	0	tensor(3)	1.7733312284646257
255521.25925646833	3000.0	2771.2793888258975	0.0	0	0.0	5292.538645294233	1	0	tensor(3)	1.7733312284646228
256344.59456005765	3000.0	2947.944085236551	0.0	0	0.0	5292.538645294233	1	0	tensor(3)	1.7733312284646228
256959.38459576893	3000.0	3333.1540495252757	0.0	0	0.0	5292.538645294262	1	0	tensor(3)	1.7733312284646197
257641.11030740524	3000.0	3651.4283378889663	0.0	0	0.0	5292.538645294262	1	0	tensor(3)	1.7733312284646197
258356.24499131317	3000.0	3936.29365398104	0.0	0	0.0	5292.538645294291	1	0	tensor(3)	1.7733312284646172
259745.0278124643	6000.0	3547.5108328299234	0.0	0	0.0	5292.538645294291	1	0	tensor(3)	1.7733312284646168
261587.31447488174	6000.0	2705.2241704124685	0.0	0	0.0	5292.538645294291	1	0	tensor(3)	2.4664784090245617
263064.10996539786	3000.0	2228.4286798963603	0.0	0	0.0	5292.538645294349	1	0	tensor(3)	1.0801840479046667
264291.1287576834	3000.0	2001.4098876108337	0.0	0	0.0	5292.538645294349	1	0	tensor(3)	1.773331228464611
264940.8549157436	3000.0	2351.6837295505984	0.0	0	0.0	5292.53864529432	1	0	tensor(3)	1.7733312284646106
266049.10648767726	3000.0	2243.4321576169414	0.0	0	0.0	5292.538645294291	1	0	tensor(3)	1.773331228464615
267071.74116812187	3000.0	2220.7974771723775	0.0	0	0.0	5292.5386452943785	1	0	tensor(3)	1.773331228464614
267573.51689869317	3000.0	2719.0217466010376	0.0	0	0.0	5292.53864529432	1	0	tensor(3)	1.7733312284646128
268197.09959726135	3000.0	3095.4390480328516	0.0	0	0.0	5292.53864529432	1	0	tensor(3)	1.773331228464614
268931.7689298421	3000.0	3360.76971545209	0.0	0	0.0	5292.53864529432	1	0	tensor(3)	1.773331228464614
269986.32297700096	3000.0	3306.2156682932355	0.0	0	0.0	5292.53864529432	1	0	tensor(3)	1.773331228464614
270704.99839792354	3000.0	3587.5402473706267	0.0	0	0.0	5292.53864529432	1	0	tensor(3)	1.773331228464614
271693.11484334426	3000.0	3599.423801949864	0.0	0	0.0	5292.53864529432	1	0	tensor(3)	1.773331228464614
272313.3958838627	3000.0	3979.14276143142	0.0	0	0.0	5292.53864529432	1	0	tensor(3)	1.773331228464614
273447.80051666126	6000.0	3844.7381286328446	0.0	0	0.0	5292.53864529432	1	0	tensor(3)	1.773331228464614
274695.116402302	3000.0	3597.4222429920974	0.0	0	0.0	5292.53864529432	1	0	tensor(3)	1.0801840479046692
275537.50148281205	3000.0	3755.0371624819854	0.0	0	0.0	5292.53864529432	1	0	tensor(3)	1.773331228464614
276809.1200063765	6000.0	3483.418638917476	0.0	0	0.0	5292.53864529432	1	0	tensor(3)	1.773331228464614
277984.2810747627	3000.0	3308.2575705312424	0.0	0	0.0	5292.53864529432	1	0	tensor(3)	1.0801840479046692
279479.2084710534	6000.0	2813.330174240503	0.0	0	0.0	5292.53864529432	1	0	tensor(3)	1.773331228464614
280280.0410192656	3000.0	3012.4976260282883	0.0	0	0.0	5292.538645294262	1	0	tensor(3)	1.0801840479046725
280948.67006072204	3000.0	3343.8685845718273	0.0	0	0.0	5292.538645294204	1	0	tensor(3)	1.7733312284646257
281590.4921454544	3000.0	3702.0464998394405	0.0	0	0.0	5292.538645294204	1	0	tensor(3)	1.7733312284646257
282808.06958618335	3000.0	3484.4690591104068	0.0	0	0.0	5292.538645294262	1	0	tensor(3)	1.7733312284646197
283926.3859620615	3000.0	3366.152683232281	0.0	0	0.0	5292.538645294204	1	0	tensor(3)	1.7733312284646257
284593.8470565794	3000.0	3698.69158871435	0.0	0	0.0	5292.538645294204	1	0	tensor(3)	1.7733312284646257
285493.7988810001	3000.0	3798.7397642936853	0.0	0	0.0	5292.538645294262	1	0	tensor(3)	1.7733312284646197
286134.45290184784	3000.0	4158.085743445952	0.0	0	0.0	5292.53864529432	1	0	tensor(3)	1.7733312284646174
286814.8407524415	3000.0	4477.697892852398	0.0	0	0.0	5292.53864529432	1	0	tensor(3)	1.773331228464614
288354.5426095577	6000.0	3937.9960357361883	0.0	0	0.0	5292.53864529432	1	0	tensor(3)	1.773331228464614
289451.96525466285	6000.0	3840.573390631071	0.0	0	0.0	5292.53864529432	1	0	tensor(3)	2.466478409024559
291097.36455576395	6000.0	3195.1740895299927	0.0	0	0.0	5292.5386452943785	1	0	tensor(3)	2.4664784090245533
292624.6229974623	6000.0	2667.9156478316695	0.0	0	0.0	5292.5386452943785	1	0	tensor(3)	2.4664784090245533
293754.8395812052	6000.0	2537.6990640887934	0.0	0	0.0	5292.5386452943785	1	0	tensor(3)	2.4664784090245533
295382.31306553626	6000.0	1910.2255797578107	0.0	0	0.0	5292.5386452943785	1	0	tensor(3)	2.4664784090245533
296323.5379769149	3000.0	1969.0006683791867	0.0	0	0.0	5292.5386452943785	1	0	tensor(3)	1.0801840479046634
297431.4535065155	3000.0	1861.0851387785895	0.0	0	0.0	5292.538645294437	1	0	tensor(3)	1.7733312284646026
298112.683760232	3000.0	2179.854885062103	0.0	0	0.0	5292.538645294437	1	0	tensor(3)	1.7733312284646026
298831.66019186174	3000.0	2460.8784534323922	0.0	0	0.0	5292.538645294437	1	0	tensor(3)	1.7733312284646026
299438.52089070337	3000.0	2854.0177545907677	0.0	0	0.0	5292.538645294495	1	0	tensor(3)	1.7733312284645966
300201.33335938514	3000.0	3091.2052859090054	0.0	0	0.0	5292.538645294437	1	0	tensor(3)	1.7733312284646026
301048.8059217478	3000.0	3243.732723546313	0.0	0	0.0	5292.538645294437	1	0	tensor(3)	1.7733312284646026
302130.36686863017	3000.0	3162.1717766638776	0.0	0	0.0	5292.538645294437	1	0	tensor(3)	1.7733312284646026
2.98	4.16	4.12	3.76	3.58	4.12	3.61	3.93	2.9	3.6	4.69	4.02	5.25	3.59	5.51	5.57	4.19	3.51	5.79	5.13	3.56	3.09	2.88	3.97	4.09	3.06	3.24	4.0	4.11	2.93	4.01	6.31	4.26	4.81	3.86	3.6	3.88	4.18	4.26	1.99	3.6	3.59	3.05	2.68	3.79	3.36	3.24	4.76	2.91	3.42	4.09	5.31	4.07	3.36	3.76	2.43	2.94	2.73	3.59	3.88	3.6	3.44	3.64	3.35	2.36	2.97	4.12	3.54	3.43	3.1	3.41	3.49	2.79	3.16	3.1	2.66	4.41	3.29	5.22	3.95	2.54	3.07	2.76	3.16	3.24	2.03	3.43	4.68	3.39	3.65	4.7	5.38	3.08	4.29	4.09	2.92	3.63	3.85	3.63	4.65	3.41	3.61	4.29	4.05	4.47	3.9	3.15	3.19	1.69	2.63	3.86	2.69	3.17	4.61	3.46	3.48	4.52	3.46	4.82	2.56	2.77	5.87	2.79	3.63	3.61	3.04	3.46	3.73	3.13	2.99	3.64	4.62	4.58	3.34	4.33	4.1	5.15	2.88	4.29	5.73	4.23	4.05	3.16	3.72	3.7	3.82	4.4	3.39	3.46	2.26	2.98	4.16	4.12	3.76	3.58	4.12	3.61	3.93	2.9	3.6	4.69	4.02	5.25	3.59	5.51	5.57	4.19	3.51	5.79	5.13	3.56	3.09	2.88	3.97	4.09	3.06	3.24	4.0	4.11	2.93	4.01	6.31	4.26	4.81	3.86	3.6	3.88	4.18	4.26	1.99	3.6	3.59	3.05	2.68	3.79	3.36	3.24	4.76	2.91	3.42	4.09	5.31	4.07	3.36	3.76	2.43	2.94	2.73	3.59	3.88	3.6	3.44	3.64	3.35	2.36	2.97	4.12	3.54	3.43	3.1	3.41	3.49	2.79	3.16	3.1	2.66	4.41	3.29	5.22	3.95	2.54	3.07	2.76	3.16	3.24	2.03	3.43	4.68	3.39	3.65	4.7	5.38	3.08	4.29	4.09	2.92	3.63	3.85	3.63	4.65	3.41	3.61	4.29	4.05	4.47	3.9	3.15	3.19	1.69	2.63	3.86	2.69	3.17	4.61	3.46	3.48	4.52	3.46	4.82	2.56	2.77	5.87	2.79	3.63	3.61	3.04	3.46	3.73	3.13	2.99	3.64	4.62	4.58	3.34	4.33	4.1	5.15	2.88	4.29	5.73	4.23	4.05	3.16	3.72	3.7	3.82	4.4	3.39	3.46	2.26	2.98	4.16	4.12
1.0	2.0	3.0	4.0	5.0	6.0	7.0	8.0	9.0	10.0	11.0	12.0	13.0	14.0	15.0	16.0	17.0	18.0	19.0	20.0	21.0	22.0	23.0	24.0	25.0	26.0	27.0	28.0	29.0	30.0	31.0	32.0	33.0	34.0	35.0	36.0	37.0	38.0	39.0	40.0	41.0	42.0	43.0	44.0	45.0	46.0	47.0	48.0	49.0	50.0	51.0	52.0	53.0	54.0	55.0	56.0	57.0	58.0	59.0	60.0	61.0	62.0	63.0	64.0	65.0	66.0	67.0	68.0	69.0	70.0	71.0	72.0	73.0	74.0	75.0	76.0	77.0	78.0	79.0	80.0	81.0	82.0	83.0	84.0	85.0	86.0	87.0	88.0	89.0	90.0	91.0	92.0	93.0	94.0	95.0	96.0	97.0	98.0	99.0	100.0	101.0	102.0	103.0	104.0	105.0	106.0	107.0	108.0	109.0	110.0	111.0	112.0	113.0	114.0	115.0	116.0	117.0	118.0	119.0	120.0	121.0	122.0	123.0	124.0	125.0	126.0	127.0	128.0	129.0	130.0	131.0	132.0	133.0	134.0	135.0	136.0	137.0	138.0	139.0	140.0	141.0	142.0	143.0	144.0	145.0	146.0	147.0	148.0	149.0	149.0	150.0	151.0	152.0	153.0	154.0	155.0	156.0	157.0	158.0	159.0	160.0	161.0	162.0	163.0	164.0	165.0	166.0	167.0	168.0	169.0	170.0	171.0	172.0	173.0	174.0	175.0	176.0	177.0	178.0	179.0	180.0	181.0	182.0	183.0	184.0	185.0	186.0	187.0	188.0	189.0	190.0	191.0	192.0	193.0	194.0	195.0	196.0	197.0	198.0	199.0	200.0	201.0	202.0	203.0	204.0	205.0	206.0	207.0	208.0	209.0	210.0	211.0	212.0	213.0	214.0	215.0	216.0	217.0	218.0	219.0	220.0	221.0	222.0	223.0	224.0	225.0	226.0	227.0	228.0	229.0	230.0	231.0	232.0	233.0	234.0	235.0	236.0	237.0	238.0	239.0	240.0	241.0	242.0	243.0	244.0	245.0	246.0	247.0	248.0	249.0	250.0	251.0	252.0	253.0	254.0	255.0	256.0	257.0	258.0	259.0	260.0	261.0	262.0	263.0	264.0	265.0	266.0	267.0	268.0	269.0	270.0	271.0	272.0	273.0	274.0	275.0	276.0	277.0	278.0	279.0	280.0	281.0	282.0	283.0	284.0	285.0	286.0	287.0	288.0	289.0	290.0	291.0	292.0	293.0	294.0	295.0	296.0	297.0	298.0	298.0	299.0	300.0	301.0
5032.714780561606
