3233.8851369830895	1000.0	2000.0	164.44403831359028	0	0.0	3233.8851369830895	1	0	tensor(3)	-1.3065247277739878
3565.2132780471006	2000.0	2668.671858935989	0.0	0	0.0	3233.885136983089	1	0	tensor(3)	0.8805842906276273
4698.075891865693	6000.0	2535.8092451173948	0.0	0	0.0	3233.885136983088	1	0	tensor(3)	1.5737314711875725
5420.019369397349	6000.0	2813.865767585738	0.0	0	0.0	3233.8851369830872	1	0	tensor(3)	2.672343759855682
6200.0	6000.0	3033.8851369830863	0.0	0	43.61448469193601	3233.8851369830872	1	0	tensor(3)	2.672343759855682
7208.658928811115	6000.0	3025.2262081719705	0.0	0	0.0	3233.885136983087	1	0	tensor(3)	2.672343759855682
8372.969031368293	6000.0	2860.9161056147914	0.0	0	0.0	3233.8851369830863	1	0	tensor(3)	2.672343759855682
9367.968055513358	6000.0	2865.917081469724	0.0	0	0.0	3233.8851369830845	1	0	tensor(3)	2.6723437598556825
10200.0	6000.0	3033.885136983084	0.0	0	142.4378120182664	3233.8851369830863	1	0	tensor(3)	2.672343759855682
11200.0	6000.0	3033.8851369830854	0.0	0	64.6479233670907	3233.885136983088	1	0	tensor(3)	2.672343759855682
12200.0	6000.0	3033.8851369830854	0.0	0	22.505979509385725	3233.88513698309	1	0	tensor(3)	2.672343759855682
13585.207254303512	6000.0	2648.677882679574	0.0	0	0.0	3233.88513698309	1	0	tensor(3)	2.672343759855682
14302.721505118941	6000.0	2931.1636318641445	0.0	0	0.0	3233.88513698309	1	0	tensor(3)	2.672343759855682
15433.105936703301	6000.0	2800.779200279783	0.0	0	0.0	3233.88513698309	1	0	tensor(3)	2.672343759855682
16200.0	6000.0	3033.885136983084	0.0	0	9.721234737493432	3233.88513698309	1	0	tensor(3)	2.672343759855682
17200.0	6000.0	3033.8851369830854	0.0	0	238.5751050066101	3233.885136983092	1	0	tensor(3)	2.672343759855682
18200.0	6000.0	3033.885136983083	0.0	0	111.6401089202227	3233.885136983088	1	0	tensor(3)	2.672343759855682
19200.0	6000.0	3033.885136983083	0.0	0	34.92563351020726	3233.88513698309	1	0	tensor(3)	2.672343759855682
20386.188675900426	6000.0	2847.696461082663	0.0	0	0.0	3233.885136983092	1	0	tensor(3)	2.6723437598556816
21200.0	6000.0	3033.8851369830872	0.0	0	133.78061116612662	3233.885136983092	1	0	tensor(3)	2.6723437598556816
22200.0	6000.0	3033.8851369830863	0.0	0	102.41675310079881	3233.885136983092	1	0	tensor(3)	2.6723437598556816
23392.343395852273	6000.0	2841.541741130811	0.0	0	0.0	3233.885136983088	1	0	tensor(3)	2.672343759855682
24200.0	6000.0	3033.8851369830863	0.0	0	96.93117014605377	3233.885136983088	1	0	tensor(3)	2.672343759855682
25200.0	6000.0	3033.885136983085	0.0	0	187.54918811559037	3233.885136983088	1	0	tensor(3)	2.672343759855682
26465.286629480084	6000.0	2768.598507502997	0.0	0	0.0	3233.885136983092	1	0	tensor(3)	2.6723437598556816
27591.97731543165	6000.0	2641.9078215514305	0.0	0	0.0	3233.885136983092	1	0	tensor(3)	2.6723437598556816
29158.158695862556	6000.0	2075.7264411205233	0.0	0	0.0	3233.885136983088	1	0	tensor(3)	2.672343759855682
30189.192129536536	6000.0	2044.6930074465404	0.0	0	0.0	3233.8851369830845	1	0	tensor(3)	2.6723437598556825
31049.989859783018	6000.0	2183.89527720006	0.0	0	0.0	3233.885136983088	1	0	tensor(3)	2.6723437598556825
32025.384470076948	6000.0	2208.5006669061313	0.0	0	0.0	3233.885136983092	1	0	tensor(3)	2.6723437598556816
32805.77400329076	6000.0	2428.111133692314	0.0	0	0.0	3233.8851369830845	1	0	tensor(3)	2.672343759855682
34095.284428667685	6000.0	2138.600708315389	0.0	0	0.0	3233.8851369830845	1	0	tensor(3)	2.6723437598556825
35103.343807479985	6000.0	2130.541329503094	0.0	0	0.0	3233.8851369830845	1	0	tensor(3)	2.6723437598556825
35758.07158120589	6000.0	2475.8135557771875	0.0	0	0.0	3233.8851369830845	1	0	tensor(3)	2.6723437598556825
37035.544365794696	6000.0	2198.340771188383	0.0	0	0.0	3233.885136983081	1	0	tensor(3)	2.6723437598556825
37741.36837175937	6000.0	2492.516765223699	0.0	0	0.0	3233.885136983081	1	0	tensor(3)	2.6723437598556825
38430.92975552322	6000.0	2802.955381459846	0.0	0	0.0	3233.885136983081	1	0	tensor(3)	2.6723437598556825
39754.96016989276	6000.0	2478.924967090303	0.0	0	0.0	3233.885136983081	1	0	tensor(3)	2.6723437598556825
41240.196613997585	6000.0	1993.6885229854743	0.0	0	0.0	3233.8851369830736	1	0	tensor(3)	2.672343759855684
42241.37839504667	6000.0	1992.5067419364	0.0	0	0.0	3233.885136983081	1	0	tensor(3)	2.6723437598556825
43800.06519120434	6000.0	1433.8199457787282	0.0	0	0.0	3233.885136983081	1	0	tensor(3)	2.6723437598556825
44605.53331535066	6000.0	1628.3518216324012	0.0	0	0.0	3233.885136983081	1	0	tensor(3)	2.6723437598556825
45567.0713576378	6000.0	1666.8137793452584	0.0	0	0.0	3233.885136983081	1	0	tensor(3)	2.6723437598556825
46181.31542384574	6000.0	2052.5697131373163	0.0	0	0.0	3233.885136983081	1	0	tensor(3)	2.6723437598556825
47068.14846614695	6000.0	2165.7366708361087	0.0	0	0.0	3233.885136983081	1	0	tensor(3)	2.6723437598556825
47665.75202708121	6000.0	2568.133109901858	0.0	0	0.0	3233.885136983088	1	0	tensor(3)	2.672343759855682
48786.27283322428	6000.0	2447.612303758788	0.0	0	0.0	3233.885136983088	1	0	tensor(3)	2.672343759855682
49850.14477656666	6000.0	2383.7403604164033	0.0	0	0.0	3233.885136983088	1	0	tensor(3)	2.672343759855682
50843.777359902015	6000.0	2390.107777081046	0.0	0	0.0	3233.885136983088	1	0	tensor(3)	2.672343759855682
51591.664623911536	6000.0	2642.2205130715265	0.0	0	0.0	3233.885136983088	1	0	tensor(3)	2.672343759855682
52327.14299084976	6000.0	2906.7421461333006	0.0	0	0.0	3233.885136983081	1	0	tensor(3)	2.6723437598556825
53427.82649485309	6000.0	2806.0586421299645	0.0	0	0.0	3233.885136983088	1	0	tensor(3)	2.672343759855682
54529.446883715085	6000.0	2704.438253267969	0.0	0	0.0	3233.885136983088	1	0	tensor(3)	2.672343759855682
55797.26702035636	6000.0	2436.618116626689	0.0	0	0.0	3233.885136983088	1	0	tensor(3)	2.672343759855682
57203.908987158895	6000.0	2029.976149824148	0.0	0	0.0	3233.885136983081	1	0	tensor(3)	2.6723437598556825
58239.07951312386	6000.0	1994.8056238591785	0.0	0	0.0	3233.885136983081	1	0	tensor(3)	2.6723437598556825
59581.14074274426	6000.0	1652.744394238777	0.0	0	0.0	3233.885136983088	1	0	tensor(3)	2.672343759855682
60657.18508119744	6000.0	1576.700055785603	0.0	0	0.0	3233.885136983088	1	0	tensor(3)	2.672343759855682
61488.98438890135	6000.0	1744.900748081689	0.0	0	0.0	3233.8851369830954	1	0	tensor(3)	2.6723437598556816
62449.98174222968	6000.0	1783.9033947533612	0.0	0	0.0	3233.8851369830954	1	0	tensor(3)	2.6723437598556816
63691.63472358762	6000.0	1542.2504133954114	0.0	0	0.0	3233.8851369830954	1	0	tensor(3)	2.6723437598556816
65330.618839949515	6000.0	903.2662970335111	0.0	0	0.0	3233.8851369830954	1	0	tensor(3)	2.6723437598556816
66658.19780706541	6000.0	575.6873299176204	0.0	0	0.0	3233.8851369831027	1	0	tensor(3)	2.672343759855681
67785.65217819906	6000.0	448.23295878397744	0.0	0	0.0	3233.88513698311	1	0	tensor(3)	2.67234375985568
69366.21288634169	6000.0	200.0	332.32774935864484	0	0.0	3566.21288634176	1	0	tensor(3)	0.6500968477445104
71027.92354405156	6000.0	205.31701675548527	667.0276744653463	0	0.0	4233.24056080704	1	0	tensor(3)	-1.4297578293187905
72216.65226647576	6000.0	445.1262508406643	428.53795650938093	0	0.0	4661.77851731643	1	0	tensor(3)	-0.04167331723393808
73385.80345160933	6000.0	390.24630675395315	114.27124104685743	0	0.0	4776.049758363282	1	0	tensor(3)	1.832499851436518
74769.87614303065	6000.0	200.0	193.82638466735514	0	0.0	4969.876143030648	1	0	tensor(3)	1.3371578705998752
76110.05878301877	6000.0	358.9614894244753	499.1441294126072	0	0.0	5469.02027244326	1	0	tensor(3)	-0.5460345301659786
76906.89417874452	6000.0	600.1380424681543	38.0119487694264	0	0.0	5507.032221212692	1	0	tensor(3)	2.2169573588161633
77844.46567734353	6000.0	662.5665438691416	0.0	0	0.0	5507.0322212126775	1	0	tensor(3)	2.445029051432723
79157.22291546536	6000.0	351.34084530024506	1.5315395529356124	0	0.0	5508.5637607656245	1	0	tensor(3)	2.435686660159815
80022.5397784972	6000.0	579.9922394522881	93.96825718387629	0	0.0	5602.532017949503	1	0	tensor(3)	1.8716695286557827
80773.13049054763	3000.0	829.40152740186	0.0	0	0.0	5602.532017949503	1	0	tensor(3)	1.0491847106391508
81432.86955189651	3000.0	1169.6624660529844	0.0	0	0.0	5602.5320179495175	1	0	tensor(3)	1.7423318911990942
82039.2159869025	3000.0	1563.3160310469893	0.0	0	0.0	5602.5320179495175	1	0	tensor(3)	1.7423318911990942
83277.14093486794	6000.0	1325.391083081548	0.0	0	0.0	5602.5320179495175	1	0	tensor(3)	1.7423318911990942
84522.61867105281	6000.0	1079.9133468966784	0.0	0	0.0	5602.5320179495175	1	0	tensor(3)	2.435479071759039
85222.73003329386	6000.0	1379.8019846556376	0.0	0	0.0	5602.532017949503	1	0	tensor(3)	2.4354790717590404
85924.67321084117	6000.0	1677.8588071083368	0.0	0	0.0	5602.532017949503	1	0	tensor(3)	2.4354790717590404
86781.02382235898	6000.0	1821.5081955905143	0.0	0	0.0	5602.532017949503	1	0	tensor(3)	2.4354790717590404
87841.53299440588	6000.0	1760.999023543639	0.0	0	0.0	5602.532017949503	1	0	tensor(3)	2.4354790717590404
88461.12935213286	6000.0	2141.402665816642	0.0	0	0.0	5602.5320179495175	1	0	tensor(3)	2.435479071759039
89152.54719525375	6000.0	2449.9848226957565	0.0	0	0.0	5602.5320179495175	1	0	tensor(3)	2.435479071759039
90313.1598349207	6000.0	2289.3721830288155	0.0	0	0.0	5602.532017949532	1	0	tensor(3)	2.4354790717590378
91191.5424433819	6000.0	2410.9895745676054	0.0	0	0.0	5602.532017949532	1	0	tensor(3)	2.4354790717590378
91905.53202517139	6000.0	2696.999992778114	0.0	0	0.0	5602.532017949532	1	0	tensor(3)	2.4354790717590378
92737.83456485352	6000.0	2864.697453095989	0.0	0	0.0	5602.532017949532	1	0	tensor(3)	2.4354790717590378
93898.27462728202	6000.0	2704.257390667485	0.0	0	0.0	5602.532017949532	1	0	tensor(3)	2.4354790717590378
94989.46460868655	6000.0	2613.067409262956	0.0	0	0.0	5602.532017949547	1	0	tensor(3)	2.4354790717590364
95970.7015714463	6000.0	2631.8304465032097	0.0	0	0.0	5602.532017949547	1	0	tensor(3)	2.4354790717590364
96747.53596836475	6000.0	2854.9960495847645	0.0	0	0.0	5602.532017949547	1	0	tensor(3)	2.4354790717590364
98052.00979405151	6000.0	2550.522223898017	0.0	0	0.0	5602.532017949547	1	0	tensor(3)	2.4354790717590364
99332.89463875505	6000.0	2269.6373791944875	0.0	0	0.0	5602.532017949547	1	0	tensor(3)	2.4354790717590364
100103.55621123384	6000.0	2498.9758067157068	0.0	0	0.0	5602.532017949547	1	0	tensor(3)	2.4354790717590364
100877.72650607754	6000.0	2724.8055118720085	0.0	0	0.0	5602.532017949547	1	0	tensor(3)	2.4354790717590364
101813.19099865985	6000.0	2789.341019289686	0.0	0	0.0	5602.532017949547	1	0	tensor(3)	2.4354790717590364
102776.4464650595	6000.0	2826.0855528900274	0.0	0	0.0	5602.532017949547	1	0	tensor(3)	2.4354790717590364
103636.92482362494	6000.0	2965.60719432459	0.0	0	0.0	5602.532017949547	1	0	tensor(3)	2.4354790717590364
104563.26026877113	6000.0	3039.2717491783906	0.0	0	0.0	5602.532017949547	1	0	tensor(3)	2.4354790717590364
105376.81539028608	6000.0	3225.716627663446	0.0	0	0.0	5602.532017949547	1	0	tensor(3)	2.4354790717590364
106554.08987725644	6000.0	3048.4421406930824	0.0	0	0.0	5602.532017949547	1	0	tensor(3)	2.4354790717590364
107814.72150640225	6000.0	2787.8105115472586	0.0	0	0.0	5602.532017949547	1	0	tensor(3)	2.4354790717590364
108951.3375862096	6000.0	2651.1944317399048	0.0	0	0.0	5602.532017949561	1	0	tensor(3)	2.4354790717590347
110431.64850666058	6000.0	2170.883511288919	0.0	0	0.0	5602.532017949561	1	0	tensor(3)	2.4354790717590347
111700.95667245235	6000.0	1901.5753454971716	0.0	0	0.0	5602.532017949561	1	0	tensor(3)	2.4354790717590347
112669.60516976524	6000.0	1932.9268481842807	0.0	0	0.0	5602.532017949561	1	0	tensor(3)	2.4354790717590347
114018.19874387993	6000.0	1584.333274069607	0.0	0	0.0	5602.532017949561	1	0	tensor(3)	2.4354790717590347
115363.83911693702	6000.0	1238.6929010125157	0.0	0	0.0	5602.532017949561	1	0	tensor(3)	2.4354790717590347
116072.09551698789	3000.0	1530.436500961644	0.0	0	0.0	5602.532017949561	1	0	tensor(3)	1.0491847106391448
116759.40940114635	6000.0	1843.122616803189	0.0	0	0.0	5602.532017949561	1	0	tensor(3)	1.7423318911990897
117394.82944507076	6000.0	2207.702572878771	0.0	0	0.0	5602.532017949561	1	0	tensor(3)	2.4354790717590347
118306.92680864398	6000.0	2295.605209305554	0.0	0	0.0	5602.532017949576	1	0	tensor(3)	2.4354790717590333
119312.17950762711	6000.0	2290.352510322422	0.0	0	0.0	5602.532017949576	1	0	tensor(3)	2.4354790717590333
120072.48661099747	6000.0	2530.045406952074	0.0	0	0.0	5602.532017949576	1	0	tensor(3)	2.4354790717590333
120883.039518923	6000.0	2719.4924990265426	0.0	0	0.0	5602.532017949576	1	0	tensor(3)	2.4354790717590333
121579.47377167943	6000.0	3023.0582462701113	0.0	0	0.0	5602.532017949576	1	0	tensor(3)	2.4354790717590333
122342.52294692227	6000.0	3260.009071027282	0.0	0	0.0	5602.532017949576	1	0	tensor(3)	2.4354790717590333
123408.83656671531	6000.0	3193.695451234231	0.0	0	0.0	5602.532017949576	1	0	tensor(3)	2.4354790717590333
124722.13885287147	6000.0	2880.3931650780505	0.0	0	0.0	5602.532017949576	1	0	tensor(3)	2.4354790717590333
126087.61300557756	6000.0	2514.919012371975	0.0	0	0.0	5602.53201794959	1	0	tensor(3)	2.435479071759032
127429.19772850188	6000.0	2173.3342894476523	0.0	0	0.0	5602.53201794959	1	0	tensor(3)	2.435479071759032
128463.47335952248	6000.0	2139.0586584270777	0.0	0	0.0	5602.53201794959	1	0	tensor(3)	2.435479071759032
129671.83299488931	6000.0	1930.6990230602694	0.0	0	0.0	5602.53201794959	1	0	tensor(3)	2.435479071759032
130530.93581613379	6000.0	2071.5962018157943	0.0	0	0.0	5602.53201794959	1	0	tensor(3)	2.435479071759032
131334.60714518017	6000.0	2267.9248727694257	0.0	0	0.0	5602.532017949605	1	0	tensor(3)	2.435479071759031
132875.66614827787	6000.0	1726.8658696717216	0.0	0	0.0	5602.532017949605	1	0	tensor(3)	2.4354790717590302
134005.14924813833	6000.0	1597.382769811288	0.0	0	0.0	5602.532017949634	1	0	tensor(3)	2.43547907175903
134899.80622634978	6000.0	1702.725791599809	0.0	0	0.0	5602.532017949605	1	0	tensor(3)	2.435479071759029
135714.55042278513	6000.0	1887.981595164488	0.0	0	0.0	5602.532017949648	1	0	tensor(3)	2.4354790717590276
136586.45582885106	6000.0	2016.0761890985873	0.0	0	0.0	5602.5320179496775	1	0	tensor(3)	2.4354790717590244
137698.45690218132	6000.0	1904.075115768299	0.0	0	0.0	5602.5320179496775	1	0	tensor(3)	2.435479071759023
138541.23796094838	6000.0	2061.2940570012643	0.0	0	0.0	5602.5320179496775	1	0	tensor(3)	2.435479071759023
139730.5031207387	6000.0	1872.028897210925	0.0	0	0.0	5602.5320179496775	1	0	tensor(3)	2.435479071759023
140836.29404722888	6000.0	1766.2379707207388	0.0	0	0.0	5602.5320179496775	1	0	tensor(3)	2.435479071759023
141808.28720810378	6000.0	1794.2448098458565	0.0	0	0.0	5602.5320179496775	1	0	tensor(3)	2.435479071759023
143096.15967878661	6000.0	1506.3723391629892	0.0	0	0.0	5602.5320179496775	1	0	tensor(3)	2.435479071759023
143849.71915261337	6000.0	1752.8128653362112	0.0	0	0.0	5602.5320179496775	1	0	tensor(3)	2.435479071759023
144579.26701522735	6000.0	2023.2650027222248	0.0	0	0.0	5602.5320179496775	1	0	tensor(3)	2.435479071759023
145835.87730392755	6000.0	1766.6547140220264	0.0	0	0.0	5602.532017949648	1	0	tensor(3)	2.4354790717590262
147131.1472366675	6000.0	1471.3847812821111	0.0	0	0.0	5602.532017949648	1	0	tensor(3)	2.4354790717590262
148202.89669251433	6000.0	1399.6353254352664	0.0	0	0.0	5602.532017949648	1	0	tensor(3)	2.4354790717590262
149558.06306356983	6000.0	1044.4689543797379	0.0	0	0.0	5602.532017949648	1	0	tensor(3)	2.4354790717590262
150693.46052440064	6000.0	909.0714935489249	0.0	0	0.0	5602.532017949648	1	0	tensor(3)	2.4354790717590262
151534.2205128696	6000.0	1068.3115050799736	0.0	0	0.0	5602.532017949648	1	0	tensor(3)	2.4354790717590262
152580.79986709458	6000.0	1021.732150854973	0.0	0	0.0	5602.532017949619	1	0	tensor(3)	2.435479071759029
153502.61517195115	6000.0	1099.9168459983684	0.0	0	0.0	5602.53201794959	1	0	tensor(3)	2.435479071759032
154181.21405393071	6000.0	1421.3179640188162	0.0	0	0.0	5602.532017949619	1	0	tensor(3)	2.435479071759029
155113.39332831415	6000.0	1489.1386896353974	0.0	0	0.0	5602.532017949648	1	0	tensor(3)	2.4354790717590262
156465.9956168799	6000.0	1136.5364010696549	0.0	0	0.0	5602.532017949648	1	0	tensor(3)	2.4354790717590262
157620.0235045978	6000.0	982.5085133517368	0.0	0	0.0	5602.532017949648	1	0	tensor(3)	2.4354790717590262
158742.14277683158	6000.0	860.3892411179495	0.0	0	0.0	5602.5320179496775	1	0	tensor(3)	2.435479071759023
159819.7774805385	6000.0	782.7545374110259	0.0	0	0.0	5602.532017949648	1	0	tensor(3)	2.4354790717590262
161356.59605262862	6000.0	245.93596532090515	0.0	0	0.0	5602.5320179496775	1	0	tensor(3)	2.435479071759023
162561.23575027456	6000.0	461.15028335371915	419.854015678749	0	0.0	6022.386033628281	1	0	tensor(3)	-0.1256304238813319
163579.67051916564	6000.0	447.0894139976572	4.373899535037214	0	0.0	6026.759933163354	1	0	tensor(3)	2.366812883027432
164504.1629025981	6000.0	533.8024065173374	11.205375952118928	0	0.0	6037.965309115476	1	0	tensor(3)	2.32470348692973
165138.462234494	6000.0	899.5030746214084	0.0	0	0.0	6037.965309115476	1	0	tensor(3)	2.3919357426424432
166101.7324858309	6000.0	936.2328232845251	0.0	0	0.0	6037.965309115476	1	0	tensor(3)	2.3919357426424432
166919.46262527895	6000.0	1118.502683836465	0.0	0	0.0	6037.965309115505	1	0	tensor(3)	2.39193574264244
168000.0572477714	6000.0	1037.9080613440315	0.0	0	0.0	6037.965309115505	1	0	tensor(3)	2.39193574264244
169197.08699637043	6000.0	840.8783127449684	0.0	0	0.0	6037.965309115505	1	0	tensor(3)	2.39193574264244
170237.3273629025	6000.0	800.6379462129034	0.0	0	0.0	6037.965309115534	1	0	tensor(3)	2.3919357426424375
171462.82779652366	6000.0	575.1375125917414	0.0	0	0.0	6037.965309115505	1	0	tensor(3)	2.3919357426424392
172470.07672042068	6000.0	579.3782696725764	11.489680977847321	0	0.0	6049.454990093334	1	0	tensor(3)	2.3218486886775733
173360.76196177438	6000.0	688.6930283188985	0.0	0	0.0	6049.454990093334	1	0	tensor(3)	2.390786774544657
174242.20989029255	6000.0	807.2450998007253	0.0	0	0.0	6049.454990093305	1	0	tensor(3)	2.3907867745446603
175113.14529420028	6000.0	936.3096958930053	0.0	0	0.0	6049.454990093305	1	0	tensor(3)	2.3907867745446603
175892.29640345392	6000.0	1157.1585866393743	0.0	0	0.0	6049.454990093305	1	0	tensor(3)	2.3907867745446603
177559.72462092602	6000.0	489.7303691672872	0.0	0	0.0	6049.454990093305	1	0	tensor(3)	2.3907867745446603
178150.4249225365	3000.0	899.0300675568088	0.0	0	0.0	6049.454990093334	1	0	tensor(3)	1.0044924134247688
178567.97165961214	3000.0	1481.4833304811511	0.0	0	0.0	6049.454990093363	1	0	tensor(3)	1.6976395939847098
179427.06981213173	6000.0	1622.3851779615861	0.0	0	0.0	6049.454990093363	1	0	tensor(3)	1.6976395939847095
180353.55247380197	6000.0	1695.902516291347	0.0	0	0.0	6049.454990093393	1	0	tensor(3)	2.3907867745446514
181320.6872444884	6000.0	1728.7677456049305	0.0	0	0.0	6049.454990093363	1	0	tensor(3)	2.390786774544653
182330.99379287302	6000.0	1718.4611972202933	0.0	0	0.0	6049.454990093363	1	0	tensor(3)	2.3907867745446545
183247.53778803634	6000.0	1801.9172020569672	0.0	0	0.0	6049.454990093363	1	0	tensor(3)	2.3907867745446545
184205.39460929466	6000.0	1844.0603807986597	0.0	0	0.0	6049.454990093363	1	0	tensor(3)	2.3907867745446545
185295.494316305	6000.0	1753.96067378829	0.0	0	0.0	6049.454990093393	1	0	tensor(3)	2.3907867745446514
186432.6397681822	6000.0	1616.8152219111025	0.0	0	0.0	6049.454990093393	1	0	tensor(3)	2.3907867745446514
187601.26629934553	6000.0	1448.1886907477988	0.0	0	0.0	6049.454990093363	1	0	tensor(3)	2.3907867745446545
188671.72998177898	6000.0	1377.7250083143863	0.0	0	0.0	6049.454990093363	1	0	tensor(3)	2.3907867745446545
189991.530253299	6000.0	1057.9247367943626	0.0	0	0.0	6049.454990093363	1	0	tensor(3)	2.3907867745446545
191431.11222792655	6000.0	618.3427621668081	0.0	0	0.0	6049.454990093334	1	0	tensor(3)	2.3907867745446563
192299.7471803069	3000.0	749.7078097864511	0.0	0	0.0	6049.454990093334	1	0	tensor(3)	1.0044924134247675
192942.669548025	3000.0	1106.7854420683693	0.0	0	0.0	6049.454990093334	1	0	tensor(3)	1.6976395939847124
193532.58257184966	3000.0	1516.8724182437347	0.0	0	0.0	6049.454990093334	1	0	tensor(3)	1.6976395939847124
194466.72765021725	6000.0	1582.7273398761715	0.0	0	0.0	6049.454990093334	1	0	tensor(3)	1.6976395939847124
195306.66230447867	6000.0	1742.7926856147387	0.0	0	0.0	6049.454990093334	1	0	tensor(3)	2.390786774544657
196004.42355414422	6000.0	2045.0314359491606	0.0	0	0.0	6049.454990093305	1	0	tensor(3)	2.390786774544658
196658.3609227288	6000.0	2391.0940673645737	0.0	0	0.0	6049.454990093305	1	0	tensor(3)	2.3907867745446603
198044.1598171557	6000.0	2005.295172937701	0.0	0	0.0	6049.454990093305	1	0	tensor(3)	2.3907867745446625
199280.6547945077	6000.0	1768.8001955857085	0.0	0	0.0	6049.454990093363	1	0	tensor(3)	2.3907867745446563
200405.26824217616	6000.0	1644.186747917227	0.0	0	0.0	6049.454990093305	1	0	tensor(3)	2.3907867745446594
201219.74729360684	6000.0	1829.7076964865753	0.0	0	0.0	6049.454990093276	1	0	tensor(3)	2.3907867745446634
202443.93555842855	6000.0	1605.5194316648642	0.0	0	0.0	6049.454990093276	1	0	tensor(3)	2.3907867745446634
204069.32199616407	6000.0	980.1329939293381	0.0	0	0.0	6049.454990093247	1	0	tensor(3)	2.390786774544664
205143.881759607	6000.0	905.5732304864553	0.0	0	0.0	6049.454990093276	1	0	tensor(3)	2.390786774544665
206217.37100671272	6000.0	832.0839833807202	0.0	0	0.0	6049.454990093276	1	0	tensor(3)	2.3907867745446634
207358.33930974774	6000.0	691.1156803457337	0.0	0	0.0	6049.454990093305	1	0	tensor(3)	2.3907867745446603
208366.93857522425	6000.0	682.5164148692286	0.0	0	0.0	6049.454990093305	1	0	tensor(3)	2.3907867745446603
209660.7189929493	6000.0	388.73599714418845	0.0	0	0.0	6049.454990093305	1	0	tensor(3)	2.3907867745446603
211075.77092308234	6000.0	213.64368777365618	239.95962076249083	0	0.0	6289.414610855805	1	0	tensor(3)	0.9270330878934652
211655.66708980617	3000.0	689.4243139258328	55.67679287599469	0	0.0	6345.091403731785	1	0	tensor(3)	0.6408680148049544
212309.28546466495	3000.0	1035.8059390670412	0.0	0	0.0	6345.091403731756	1	0	tensor(3)	1.6680759526208706
212930.0987195045	3000.0	1414.9926842275227	0.0	0	0.0	6345.091403731785	1	0	tensor(3)	1.6680759526208675
213622.98600542598	3000.0	1722.1053983060283	0.0	0	0.0	6345.091403731785	1	0	tensor(3)	1.6680759526208675
214449.66149278826	3000.0	1895.4299109437227	0.0	0	0.0	6345.091403731727	1	0	tensor(3)	1.6680759526208728
215231.06153413214	3000.0	2114.0298695998517	0.0	0	0.0	6345.091403731727	1	0	tensor(3)	1.6680759526208733
216228.12159272443	6000.0	2116.9698110075396	0.0	0	0.0	6345.091403731727	1	0	tensor(3)	1.6680759526208733
217365.5804673266	6000.0	1979.5109364053876	0.0	0	0.0	6345.091403731756	1	0	tensor(3)	2.3612231331808164
218939.24277109123	6000.0	1405.8486326407738	0.0	0	0.0	6345.091403731785	1	0	tensor(3)	2.3612231331808125
220025.22874641384	6000.0	1319.8626573181468	0.0	0	0.0	6345.091403731785	1	0	tensor(3)	2.3612231331808125
220898.80779443408	3000.0	1446.2836092979146	0.0	0	0.0	6345.091403731785	1	0	tensor(3)	0.9749287720609225
221450.8159641271	3000.0	1894.2754396049006	0.0	0	0.0	6345.091403731814	1	0	tensor(3)	1.6680759526208644
222419.12398015795	6000.0	1925.9674235740267	0.0	0	0.0	6345.091403731785	1	0	tensor(3)	1.6680759526208666
223791.17010512555	6000.0	1553.9212986064545	0.0	0	0.0	6345.091403731785	1	0	tensor(3)	2.3612231331808125
224585.84168743322	6000.0	1759.2497162987825	0.0	0	0.0	6345.091403731814	1	0	tensor(3)	2.3612231331808093
225480.48912298583	6000.0	1864.6022807461836	0.0	0	0.0	6345.0914037318435	1	0	tensor(3)	2.3612231331808067
226609.79555237744	6000.0	1735.2958513545955	0.0	0	0.0	6345.0914037318435	1	0	tensor(3)	2.3612231331808067
228295.92907117933	6000.0	1049.1623325526784	0.0	0	0.0	6345.0914037318435	1	0	tensor(3)	2.3612231331808067
229283.9368086316	6000.0	1061.154595100368	0.0	0	0.0	6345.091403731814	1	0	tensor(3)	2.3612231331808093
229835.14221176805	3000.0	1509.9491919639072	0.0	0	0.0	6345.091403731814	1	0	tensor(3)	0.9749287720609194
230444.32678622336	3000.0	1900.7646175085824	0.0	0	0.0	6345.0914037318435	1	0	tensor(3)	1.6680759526208617
230837.2595456068	3000.0	2507.8318581251474	0.0	0	0.0	6345.091403731814	1	0	tensor(3)	1.6680759526208644
231521.36050510677	3000.0	2823.730898625153	0.0	0	0.0	6345.091403731814	1	0	tensor(3)	1.6680759526208644
232384.62554553637	6000.0	2960.4658581955655	0.0	0	0.0	6345.091403731873	1	0	tensor(3)	1.668075952620859
233528.24740137448	6000.0	2816.8440023574367	0.0	0	0.0	6345.0914037318435	1	0	tensor(3)	2.3612231331808067
234287.61594347985	6000.0	3057.475460252061	0.0	0	0.0	6345.0914037318435	1	0	tensor(3)	2.3612231331808067
235075.2346346551	6000.0	3269.8567690768195	0.0	0	0.0	6345.0914037318435	1	0	tensor(3)	2.3612231331808067
236128.2143438952	6000.0	3216.8770598367337	0.0	0	0.0	6345.0914037318435	1	0	tensor(3)	2.3612231331808067
237220.54377885308	6000.0	3124.547624878835	0.0	0	0.0	6345.0914037318435	1	0	tensor(3)	2.3612231331808067
237840.97055230525	6000.0	3504.1208514266377	0.0	0	0.0	6345.0914037318435	1	0	tensor(3)	2.3612231331808067
238717.01501281766	6000.0	3628.0763909142224	0.0	0	0.0	6345.0914037318435	1	0	tensor(3)	2.3612231331808067
240019.90019128026	6000.0	3325.1912124516302	0.0	0	0.0	6345.091403731873	1	0	tensor(3)	2.3612231331808036
240651.03155680146	6000.0	3694.0598469304337	0.0	0	0.0	6345.0914037318435	1	0	tensor(3)	2.3612231331808067
241277.55949469598	6000.0	4067.531909035914	0.0	0	0.0	6345.0914037318435	1	0	tensor(3)	2.3612231331808067
241973.50762929034	6000.0	4371.583774441549	0.0	0	0.0	6345.0914037318435	1	0	tensor(3)	2.3612231331808067
243293.1006105815	6000.0	4051.990793150401	0.0	0	0.0	6345.0914037318435	1	0	tensor(3)	2.3612231331808067
244438.41398669826	6000.0	3906.6774170336344	0.0	0	0.0	6345.091403731873	1	0	tensor(3)	2.3612231331808036
245419.33242754033	6000.0	3925.758976191593	0.0	0	0.0	6345.091403731902	1	0	tensor(3)	2.3612231331808013
246229.88220006597	6000.0	4115.209203665937	0.0	0	0.0	6345.091403731902	1	0	tensor(3)	2.361223133180801
247258.76050405146	6000.0	4086.330899680436	0.0	0	0.0	6345.091403731902	1	0	tensor(3)	2.361223133180801
248094.47933578846	6000.0	4250.612067943412	0.0	0	0.0	6345.091403731873	1	0	tensor(3)	2.361223133180802
248743.0938953302	6000.0	4601.997508401679	0.0	0	0.0	6345.091403731873	1	0	tensor(3)	2.3612231331808036
249556.61298580255	6000.0	4788.478417929343	0.0	0	0.0	6345.091403731873	1	0	tensor(3)	2.3612231331808036
250312.19577785133	6000.0	5032.895625880576	0.0	0	0.0	6345.091403731902	1	0	tensor(3)	2.361223133180801
251358.86752615342	6000.0	4986.223877578473	0.0	0	0.0	6345.091403731902	1	0	tensor(3)	2.361223133180801
252259.24466924823	6000.0	5085.846734483658	0.0	0	0.0	6345.091403731902	1	0	tensor(3)	2.361223133180801
253313.10388087152	6000.0	5031.987522860383	0.0	0	0.0	6345.091403731902	1	0	tensor(3)	2.361223133180801
254402.06287533333	6000.0	4943.028528398563	0.0	0	0.0	6345.091403731902	1	0	tensor(3)	2.361223133180801
255203.91054712015	6000.0	5141.180856611763	0.0	0	0.0	6345.091403731931	1	0	tensor(3)	2.361223133180798
256047.8770113205	6000.0	5297.2143924114225	0.0	0	0.0	6345.091403731902	1	0	tensor(3)	2.361223133180801
257376.0823883002	6000.0	4969.009015431767	0.0	0	0.0	6345.091403731931	1	0	tensor(3)	2.361223133180798
258139.70576177695	6000.0	5205.38564195499	0.0	0	0.0	6345.091403731902	1	0	tensor(3)	2.361223133180799
259126.96590905226	6000.0	5218.125494679672	0.0	0	0.0	6345.091403731902	1	0	tensor(3)	2.361223133180801
259988.24553701436	6000.0	5356.845866717531	0.0	0	0.0	6345.091403731873	1	0	tensor(3)	2.3612231331808036
260822.91110536593	6000.0	5522.180298365966	0.0	0	0.0	6345.091403731873	1	0	tensor(3)	2.3612231331808036
261599.73356252653	6000.0	5745.357841205334	0.0	0	0.0	6345.091403731902	1	0	tensor(3)	2.361223133180801
262693.2763700505	6000.0	5651.815033681381	0.0	0	0.0	6345.091403731902	1	0	tensor(3)	2.361223133180801
264014.9671450084	6000.0	5330.124258723503	0.0	0	0.0	6345.091403731902	1	0	tensor(3)	2.3612231331807987
265541.1716222908	6000.0	4803.9197814410545	0.0	0	0.0	6345.0914037318435	1	0	tensor(3)	2.361223133180804
266223.4763905308	6000.0	5121.615013201072	0.0	0	0.0	6345.091403731902	1	0	tensor(3)	2.3612231331808022
266966.41446801816	6000.0	5378.676935713759	0.0	0	0.0	6345.091403731902	1	0	tensor(3)	2.3612231331808027
268100.84244531684	6000.0	5244.2489584150635	0.0	0	0.0	6345.091403731902	1	0	tensor(3)	2.3612231331807996
268634.1045387836	6000.0	5710.986864948293	0.0	0	0.0	6345.091403731902	1	0	tensor(3)	2.361223133180801
269657.9700837434	6000.0	5687.121319988417	0.0	0	0.0	6345.0914037318435	1	0	tensor(3)	2.3612231331808067
270709.598787217	6000.0	5635.492616514782	0.0	0	0.0	6345.0914037318435	1	0	tensor(3)	2.3612231331808067
271789.8376993885	6000.0	5555.25370434327	0.0	0	0.0	6345.0914037318435	1	0	tensor(3)	2.3612231331808067
273349.0607158106	6000.0	4996.03068792115	0.0	0	0.0	6345.0914037318435	1	0	tensor(3)	2.361223133180803
275040.91276518494	6000.0	4304.178638546805	0.0	0	0.0	6345.091403731785	1	0	tensor(3)	2.3612231331808125
276171.5789915231	6000.0	4173.512412208613	0.0	0	0.0	6345.091403731785	1	0	tensor(3)	2.3612231331808125
277668.1394526559	6000.0	3676.9519510758905	0.0	0	0.0	6345.0914037318435	1	0	tensor(3)	2.3612231331808067
278417.71301245125	6000.0	3927.3783912805784	0.0	0	0.0	6345.0914037318435	1	0	tensor(3)	2.3612231331808067
279051.32259871066	6000.0	4293.76880502115	0.0	0	0.0	6345.0914037318435	1	0	tensor(3)	2.3612231331808067
280208.22638395795	6000.0	4136.865019773881	0.0	0	0.0	6345.0914037318435	1	0	tensor(3)	2.3612231331808067
281416.2501487427	6000.0	3928.841254989118	0.0	0	0.0	6345.0914037318435	1	0	tensor(3)	2.3612231331808067
282601.8486021958	6000.0	3743.2428015360283	0.0	0	0.0	6345.0914037318435	1	0	tensor(3)	2.3612231331808067
284029.9314218012	6000.0	3315.159981930673	0.0	0	0.0	6345.091403731902	1	0	tensor(3)	2.3612231331808053
285136.1872319095	6000.0	3208.904171822407	0.0	0	0.0	6345.091403731902	1	0	tensor(3)	2.361223133180801
285679.08919256605	6000.0	3666.0022111657872	0.0	0	0.0	6345.091403731902	1	0	tensor(3)	2.361223133180801
286349.4840886157	6000.0	3995.6073151161395	0.0	0	0.0	6345.091403731902	1	0	tensor(3)	2.361223133180801
287667.68407290295	6000.0	3677.4073308288307	0.0	0	0.0	6345.091403731902	1	0	tensor(3)	2.361223133180801
288794.00834911707	6000.0	3551.083054614684	0.0	0	0.0	6345.0914037318435	1	0	tensor(3)	2.3612231331808067
290149.1076562774	6000.0	3195.9837474543256	0.0	0	0.0	6345.0914037318435	1	0	tensor(3)	2.3612231331808067
291278.7607351246	6000.0	3066.330668607171	0.0	0	0.0	6345.0914037318435	1	0	tensor(3)	2.3612231331808067
292366.93193833204	6000.0	2978.15946539967	0.0	0	0.0	6345.091403731785	1	0	tensor(3)	2.361223133180811
293185.0767700701	6000.0	3160.0146336616453	0.0	0	0.0	6345.091403731785	1	0	tensor(3)	2.3612231331808125
294092.5960465766	6000.0	3252.4953571552014	0.0	0	0.0	6345.091403731727	1	0	tensor(3)	2.3612231331808133
295113.9982226289	6000.0	3231.0931811029295	0.0	0	0.0	6345.091403731727	1	0	tensor(3)	2.3612231331808182
296462.7495370263	6000.0	2882.3418667055407	0.0	0	0.0	6345.091403731785	1	0	tensor(3)	2.3612231331808133
297651.37424352724	6000.0	2693.717160204586	0.0	0	0.0	6345.091403731785	1	0	tensor(3)	2.3612231331808125
298772.1007756727	6000.0	2572.9906280591435	0.0	0	0.0	6345.091403731785	1	0	tensor(3)	2.3612231331808125
299862.35367670405	6000.0	2482.7377270277498	0.0	0	0.0	6345.0914037318435	1	0	tensor(3)	2.3612231331808067
301143.39487288764	6000.0	2201.6965308441168	0.0	0	0.0	6345.0914037318435	1	0	tensor(3)	2.3612231331808067
302125.0654977818	6000.0	2220.0259059499476	0.0	0	0.0	6345.0914037318435	1	0	tensor(3)	2.3612231331808067
303140.86384759797	6000.0	2204.227556133732	0.0	0	0.0	6345.091403731785	1	0	tensor(3)	2.3612231331808125
303746.5262335289	6000.0	2598.565170202761	0.0	0	0.0	6345.091403731785	1	0	tensor(3)	2.3612231331808125
7.12	6.87	7.82	5.69	6.65	7.11	7.32	6.43	5.09	4.63	6.76	6.1	7.22	7.37	8.7	4.89	5.48	8.12	6.67	5.85	7.94	6.52	5.72	6.09	3.82	3.92	6.71	7.6	8.56	7.55	4.99	5.46	7.69	5.79	7.82	6.16	5.26	5.28	5.11	4.46	5.17	6.72	7.29	8.36	7.91	4.31	6.75	6.19	7.8	6.16	6.09	4.31	5.07	5.8	5.91	6.17	5.42	6.26	5.21	5.5	5.63	5.12	4.11	6.79	6.54	4.81	3.92	5.4	4.7	5.91	6.46	4.88	6.14	6.72	4.92	3.63	5.8	5.11	6.09	5.26	5.87	7.21	7.75	7.17	7.52	8.17	7.59	4.76	7.77	7.03	4.6	4.97	6.66	6.89	4.46	5.97	7.07	7.75	6.72	8.09	5.17	6.94	5.73	7.96	5.07	6.65	4.59	5.62	6.32	6.6	5.11	5.72	3.82	7.62	7.51	6.68	10.1	6.06	7.25	6.19	4.56	3.81	4.66	4.34	4.83	5.33	7.73	6.9	5.54	4.98	5.42	5.49	7.16	9.28	4.96	6.56	4.74	6.17	6.8	5.32	7.25	6.51	4.92	4.77	7.59	5.39	4.62	5.14	6.42	7.43	7.12	6.87	7.82	5.69	6.65	7.11	7.32	6.43	5.09	4.63	6.76	6.1	7.22	7.37	8.7	4.89	5.48	8.12	6.67	5.85	7.94	6.52	5.72	6.09	3.82	3.92	6.71	7.6	8.56	7.55	4.99	5.46	7.69	5.79	7.82	6.16	5.26	5.28	5.11	4.46	5.17	6.72	7.29	8.36	7.91	4.31	6.75	6.19	7.8	6.16	6.09	4.31	5.07	5.8	5.91	6.17	5.42	6.26	5.21	5.5	5.63	5.12	4.11	6.79	6.54	4.81	3.92	5.4	4.7	5.91	6.46	4.88	6.14	6.72	4.92	3.63	5.8	5.11	6.09	5.26	5.87	7.21	7.75	7.17	7.52	8.17	7.59	4.76	7.77	7.03	4.6	4.97	6.66	6.89	4.46	5.97	7.07	7.75	6.72	8.09	5.17	6.94	5.73	7.96	5.07	6.65	4.59	5.62	6.32	6.6	5.11	5.72	3.82	7.62	7.51	6.68	10.1	6.06	7.25	6.19	4.56	3.81	4.66	4.34	4.83	5.33	7.73	6.9	5.54	4.98	5.42	5.49	7.16	9.28	4.96	6.56	4.74	6.17	6.8	5.32	7.25	6.51	4.92	4.77	7.59	5.39	4.62	5.14	6.42	7.43	7.12	6.87	7.82	5.69	6.65	7.11
1.0	2.0	3.0	4.0	5.0	6.0	7.0	8.0	9.0	10.0	11.0	12.0	13.0	14.0	15.0	16.0	17.0	18.0	19.0	20.0	21.0	22.0	23.0	24.0	25.0	26.0	27.0	28.0	29.0	30.0	31.0	32.0	33.0	34.0	35.0	36.0	37.0	38.0	39.0	40.0	41.0	42.0	43.0	44.0	45.0	46.0	47.0	48.0	49.0	50.0	51.0	52.0	53.0	54.0	55.0	56.0	57.0	58.0	59.0	60.0	61.0	62.0	63.0	64.0	65.0	66.0	67.0	68.0	69.0	70.0	71.0	72.0	73.0	74.0	75.0	76.0	77.0	78.0	79.0	80.0	81.0	82.0	83.0	84.0	85.0	86.0	87.0	88.0	89.0	90.0	91.0	92.0	93.0	94.0	95.0	96.0	97.0	98.0	99.0	100.0	101.0	102.0	103.0	104.0	105.0	106.0	107.0	108.0	109.0	110.0	111.0	112.0	113.0	114.0	115.0	116.0	117.0	118.0	119.0	120.0	121.0	122.0	123.0	124.0	125.0	126.0	127.0	128.0	129.0	130.0	131.0	132.0	133.0	134.0	135.0	136.0	137.0	138.0	139.0	140.0	141.0	142.0	143.0	144.0	145.0	146.0	147.0	148.0	149.0	149.0	150.0	151.0	152.0	153.0	154.0	155.0	156.0	157.0	158.0	159.0	160.0	161.0	162.0	163.0	164.0	165.0	166.0	167.0	168.0	169.0	170.0	171.0	172.0	173.0	174.0	175.0	176.0	177.0	178.0	179.0	180.0	181.0	182.0	183.0	184.0	185.0	186.0	187.0	188.0	189.0	190.0	191.0	192.0	193.0	194.0	195.0	196.0	197.0	198.0	199.0	200.0	201.0	202.0	203.0	204.0	205.0	206.0	207.0	208.0	209.0	210.0	211.0	212.0	213.0	214.0	215.0	216.0	217.0	218.0	219.0	220.0	221.0	222.0	223.0	224.0	225.0	226.0	227.0	228.0	229.0	230.0	231.0	232.0	233.0	234.0	235.0	236.0	237.0	238.0	239.0	240.0	241.0	242.0	243.0	244.0	245.0	246.0	247.0	248.0	249.0	250.0	251.0	252.0	253.0	254.0	255.0	256.0	257.0	258.0	259.0	260.0	261.0	262.0	263.0	264.0	265.0	266.0	267.0	268.0	269.0	270.0	271.0	272.0	273.0	274.0	275.0	276.0	277.0	278.0	279.0	280.0	281.0	282.0	283.0	284.0	285.0	286.0	287.0	288.0	289.0	290.0	291.0	292.0	293.0	294.0	295.0	296.0	297.0	298.0	298.0	299.0	300.0	301.0	302.0	303.0	304.0
2996.622229924459
