3188.5052324260487	1000.0	2000.0	260.0573314350305	0	0.0	3188.5052324260487	1	0	tensor(3)	-1.8727850279499036
4554.627039690645	6000.0	1633.8781927354046	0.0	0	0.0	3188.505232426049	1	0	tensor(3)	0.8851222810833315
5656.140570936378	6000.0	1532.364661489671	0.0	0	0.0	3188.5052324260487	1	0	tensor(3)	2.676881750311386
6827.361921979534	6000.0	1361.1433104465152	0.0	0	0.0	3188.5052324260487	1	0	tensor(3)	2.676881750311386
7691.420379741849	6000.0	1497.0848526841999	0.0	0	0.0	3188.5052324260487	1	0	tensor(3)	2.676881750311386
9009.367099021254	6000.0	1179.138133404795	0.0	0	0.0	3188.5052324260487	1	0	tensor(3)	2.676881750311386
9934.61826619511	6000.0	1253.8869662309407	0.0	0	0.0	3188.5052324260505	1	0	tensor(3)	2.676881750311386
10843.270649952798	6000.0	1345.2345824732524	0.0	0	0.0	3188.5052324260496	1	0	tensor(3)	2.676881750311386
12175.015306892503	6000.0	1013.4899255335476	0.0	0	0.0	3188.5052324260505	1	0	tensor(3)	2.6768817503113858
13248.572564876738	6000.0	939.9326675493106	0.0	0	0.0	3188.5052324260505	1	0	tensor(3)	2.6768817503113858
14489.47845072926	6000.0	699.0267816967876	0.0	0	0.0	3188.5052324260505	1	0	tensor(3)	2.6768817503113858
15495.715698733473	6000.0	692.7895336925758	0.0	0	0.0	3188.5052324260505	1	0	tensor(3)	2.6768817503113858
16491.65753297816	6000.0	696.8476994478899	0.0	0	0.0	3188.5052324260523	1	0	tensor(3)	2.6768817503113858
17668.91207141288	6000.0	519.5931610131695	0.0	0	0.0	3188.505232426056	1	0	tensor(3)	2.6768817503113853
18916.19081875813	6000.0	353.2032413171049	80.88882764918753	0	0.0	3269.3940600752376	1	0	tensor(3)	2.183459901651342
19651.950416094576	6000.0	632.7452223917285	15.301578411072228	0	0.0	3284.695638486308	1	0	tensor(3)	2.575453239238927
20557.08827974858	6000.0	727.6073587377291	0.0	0	0.0	3284.6956384863115	1	0	tensor(3)	2.66726270970536
21728.071302346594	6000.0	556.6243361397125	0.0	0	0.0	3284.6956384863115	1	0	tensor(3)	2.66726270970536
22491.777853552026	6000.0	792.9177849342806	0.0	0	0.0	3284.6956384863115	1	0	tensor(3)	2.66726270970536
23916.871610548573	6000.0	367.8240279377319	0.0	0	0.0	3284.695638486308	1	0	tensor(3)	2.6672627097053603
25097.64078386347	6000.0	337.495608809071	150.44075418623333	0	0.0	3435.1363926725426	1	0	tensor(3)	1.7495741091693366
26105.83680137398	6000.0	516.5476815779447	187.24809027938153	0	0.0	3622.384482951922	1	0	tensor(3)	1.5100052835825095
27423.212353731575	6000.0	299.93210433495096	100.75997511460503	0	0.0	3723.1444580665266	1	0	tensor(3)	2.018857977059708
28525.33094849342	6000.0	457.2434967058967	259.429987132794	0	0.0	3982.5744451993196	1	0	tensor(3)	1.040894906237295
29743.48325032039	6000.0	382.62249675419287	143.5313018752641	0	0.0	4126.105747074587	1	0	tensor(3)	1.7219338875949477
31010.175266501225	6000.0	402.24920048323344	286.3187199098747	0	0.0	4412.424466984463	1	0	tensor(3)	0.8365775073962962
32065.375249511406	6000.0	425.0612061437282	78.0119886706753	0	0.0	4490.436455655137	1	0	tensor(3)	2.0786166959644254
32970.12864891969	6000.0	526.0281678435431	5.720361108097109	0	0.0	4496.156816763236	1	0	tensor(3)	2.5117944252290845
33753.96293546955	6000.0	742.193881293669	0.0	0	0.0	4496.156816763225	1	0	tensor(3)	2.5461165918776683
34646.95294711588	6000.0	849.203869647346	0.0	0	0.0	4496.156816763236	1	0	tensor(3)	2.5461165918776674
35855.35324318069	6000.0	640.8035735825391	0.0	0	0.0	4496.156816763236	1	0	tensor(3)	2.546116591877667
36908.26604863078	6000.0	587.8907681324531	0.0	0	0.0	4496.1568167632395	1	0	tensor(3)	2.5461165918776674
38035.135437563986	6000.0	461.02137919925025	0.0	0	0.0	4496.156816763243	1	0	tensor(3)	2.546116591877667
39073.55511867043	6000.0	472.2545172068302	49.652819114031956	0	0.0	4545.809635877275	1	0	tensor(3)	2.2432343952820717
39840.1551081929	6000.0	705.6545276843658	0.0	0	0.0	4545.809635877275	1	0	tensor(3)	2.5411513099662635
40585.345730657486	6000.0	960.4639052197737	0.0	0	0.0	4545.809635877275	1	0	tensor(3)	2.5411513099662635
42267.4004632966	6000.0	278.4091725806498	0.0	0	0.0	4545.809635877275	1	0	tensor(3)	2.5411513099662635
43390.330397373924	6000.0	497.5425737653284	342.06333526200075	0	0.0	4887.872971139252	1	0	tensor(3)	0.4545649648680615
44398.33537681647	6000.0	549.9325602997568	60.39496597696959	0	0.0	4948.267937116223	1	0	tensor(3)	2.138535683980551
45339.721659456314	6000.0	608.5462776599052	0.0	0	0.0	4948.267937116223	1	0	tensor(3)	2.5009054798423684
46634.91641749614	6000.0	363.283242213487	49.93172259340662	0	0.0	4998.199659709637	1	0	tensor(3)	2.1963219720225875
47728.161439470015	6000.0	417.42452065071006	147.38630041109963	0	0.0	5145.585960120741	1	0	tensor(3)	1.596855875075319
48616.63972468871	6000.0	528.9462354320082	0.0	0	0.0	5145.5859601207485	1	0	tensor(3)	2.481173677541916
50007.16213545793	6000.0	252.3955556826292	113.97173101984583	0	0.0	5259.557691140588	1	0	tensor(3)	1.7859461183208571
51253.57853669357	6000.0	325.61189294168133	319.63273849468635	0	0.0	5579.19042963528	1	0	tensor(3)	0.5200167996223444
52276.82654167924	6000.0	450.4323905633137	148.06850260730187	0	0.0	5727.258932242577	1	0	tensor(3)	1.5345953646859218
52956.97476202666	3000.0	770.2841702158968	0.0	0	0.0	5727.258932242577	1	0	tensor(3)	1.0367120192098431
53452.07015282225	3000.0	1275.1887794203049	0.0	0	0.0	5727.25893224257	1	0	tensor(3)	1.729859199769789
54052.42338736048	3000.0	1674.8355448820687	0.0	0	0.0	5727.25893224257	1	0	tensor(3)	1.729859199769789
55044.509024408086	6000.0	1682.749907834465	0.0	0	0.0	5727.25893224257	1	0	tensor(3)	1.729859199769789
56019.18691184139	6000.0	1708.072020401158	0.0	0	0.0	5727.25893224257	1	0	tensor(3)	2.423006380329734
56776.22525756342	6000.0	1951.033674679119	0.0	0	0.0	5727.25893224257	1	0	tensor(3)	2.423006380329734
58249.09937016653	6000.0	1478.159562076013	0.0	0	0.0	5727.25893224257	1	0	tensor(3)	2.423006380329734
59740.68213684651	6000.0	986.5767953960395	0.0	0	0.0	5727.25893224257	1	0	tensor(3)	2.423006380329734
61641.35368092805	6000.0	200.0	114.09474868549896	0	0.0	5841.35368092807	1	0	tensor(3)	1.7334904673641658
62356.81712762447	3000.0	656.7027079634518	172.1661546598714	0	0.0	6013.51983558794	1	0	tensor(3)	-0.024910999083921692
62988.53426607305	3000.0	1024.9855695148758	0.0	0	0.0	6013.51983558794	1	0	tensor(3)	1.701233109435252
63879.89301535533	6000.0	1133.6268202326032	0.0	0	0.0	6013.51983558794	1	0	tensor(3)	1.701233109435252
64750.90661498035	6000.0	1262.6132206075777	0.0	0	0.0	6013.51983558794	1	0	tensor(3)	2.3943802899951967
65869.01180715772	6000.0	1144.5080284302155	0.0	0	0.0	6013.51983558794	1	0	tensor(3)	2.3943802899951963
66859.42800451754	6000.0	1154.091831070412	0.0	0	0.0	6013.519835587955	1	0	tensor(3)	2.3943802899951963
67495.87340204745	6000.0	1517.646433540503	0.0	0	0.0	6013.519835587962	1	0	tensor(3)	2.3943802899951954
68008.14879300162	6000.0	2005.3710425863458	0.0	0	0.0	6013.519835587977	1	0	tensor(3)	2.394380289995194
68635.83552599957	6000.0	2377.6843095883924	0.0	0	0.0	6013.519835587984	1	0	tensor(3)	2.394380289995193
69528.11661067186	6000.0	2485.4032249160978	0.0	0	0.0	6013.519835587977	1	0	tensor(3)	2.394380289995193
70322.25057573331	6000.0	2691.269259854656	0.0	0	0.0	6013.519835587991	1	0	tensor(3)	2.3943802899951923
71177.59348455581	6000.0	2835.9263510321516	0.0	0	0.0	6013.519835587977	1	0	tensor(3)	2.3943802899951923
72014.2519210793	6000.0	2999.2679145086613	0.0	0	0.0	6013.519835587969	1	0	tensor(3)	2.3943802899951936
72927.8460331457	6000.0	3085.6738024422516	0.0	0	0.0	6013.519835587969	1	0	tensor(3)	2.394380289995194
73787.42447183793	6000.0	3226.0953637500143	0.0	0	0.0	6013.519835587969	1	0	tensor(3)	2.394380289995194
74564.90310314429	6000.0	3448.616732443652	0.0	0	0.0	6013.519835587969	1	0	tensor(3)	2.394380289995194
75438.20976031643	6000.0	3575.3100752715063	0.0	0	0.0	6013.519835587969	1	0	tensor(3)	2.394380289995194
77115.29968383758	6000.0	2898.2201517503527	0.0	0	0.0	6013.519835587969	1	0	tensor(3)	2.394380289995194
78384.52385177634	6000.0	2628.9959838116	0.0	0	0.0	6013.519835587969	1	0	tensor(3)	2.394380289995194
79233.48615779386	6000.0	2780.0336777940697	0.0	0	0.0	6013.519835587969	1	0	tensor(3)	2.394380289995194
80163.53300781934	6000.0	2849.9868277685764	0.0	0	0.0	6013.519835587955	1	0	tensor(3)	2.3943802899951954
81407.73366869679	6000.0	2605.7861668911237	0.0	0	0.0	6013.519835587969	1	0	tensor(3)	2.394380289995194
82931.24343712824	6000.0	2082.276398459657	0.0	0	0.0	6013.519835587969	1	0	tensor(3)	2.394380289995194
84111.48924658008	6000.0	1902.0305890078378	0.0	0	0.0	6013.519835587969	1	0	tensor(3)	2.394380289995194
84930.46180962534	6000.0	2083.0580259626045	0.0	0	0.0	6013.519835587969	1	0	tensor(3)	2.394380289995194
86203.23171561258	6000.0	1810.288119975372	0.0	0	0.0	6013.519835587969	1	0	tensor(3)	2.394380289995194
87225.273885564	6000.0	1788.2459500239415	0.0	0	0.0	6013.519835587969	1	0	tensor(3)	2.394380289995194
88003.39473420042	6000.0	2010.12510138751	0.0	0	0.0	6013.519835587969	1	0	tensor(3)	2.394380289995194
88832.57911159129	6000.0	2180.9407239966486	0.0	0	0.0	6013.519835587969	1	0	tensor(3)	2.394380289995194
89615.36395478484	6000.0	2398.1558808030936	0.0	0	0.0	6013.519835587969	1	0	tensor(3)	2.394380289995194
90261.53482251384	6000.0	2751.9850130740956	0.0	0	0.0	6013.519835587969	1	0	tensor(3)	2.394380289995194
91027.80962088297	6000.0	2985.710214704984	0.0	0	0.0	6013.519835587969	1	0	tensor(3)	2.394380289995194
92084.3401920093	6000.0	2929.1796435786514	0.0	0	0.0	6013.519835587969	1	0	tensor(3)	2.394380289995194
92866.40711013025	6000.0	3147.1127254577086	0.0	0	0.0	6013.519835587969	1	0	tensor(3)	2.394380289995194
94067.47694381364	6000.0	2946.042891774313	0.0	0	0.0	6013.519835587969	1	0	tensor(3)	2.394380289995194
95072.48072124315	6000.0	2941.0391143448105	0.0	0	0.0	6013.519835587969	1	0	tensor(3)	2.394380289995194
95969.9994429003	6000.0	3043.520392687669	0.0	0	0.0	6013.519835587969	1	0	tensor(3)	2.394380289995194
96877.61912245335	6000.0	3135.9007131346225	0.0	0	0.0	6013.519835587969	1	0	tensor(3)	2.394380289995194
97962.21356828416	6000.0	3051.3062673038085	0.0	0	0.0	6013.519835587969	1	0	tensor(3)	2.394380289995194
98771.07434464272	6000.0	3242.445490945251	0.0	0	0.0	6013.519835587969	1	0	tensor(3)	2.394380289995194
99696.45774870124	6000.0	3317.0620868867286	0.0	0	0.0	6013.519835587969	1	0	tensor(3)	2.394380289995194
100916.99081153805	6000.0	3096.5290240499185	0.0	0	0.0	6013.519835587969	1	0	tensor(3)	2.394380289995194
101719.56921835653	6000.0	3293.950617231438	0.0	0	0.0	6013.519835587969	1	0	tensor(3)	2.394380289995194
102765.61852239026	6000.0	3247.9013131977094	0.0	0	0.0	6013.519835587955	1	0	tensor(3)	2.3943802899951954
103535.25828669385	6000.0	3478.261548894108	0.0	0	0.0	6013.519835587955	1	0	tensor(3)	2.3943802899951954
104528.35416026732	6000.0	3485.1656753206325	0.0	0	0.0	6013.519835587955	1	0	tensor(3)	2.3943802899951954
105435.21972858785	6000.0	3578.300107000119	0.0	0	0.0	6013.519835587969	1	0	tensor(3)	2.394380289995194
106193.39044602499	6000.0	3820.1293895629756	0.0	0	0.0	6013.519835587969	1	0	tensor(3)	2.394380289995194
106917.03640033514	6000.0	4096.483435252828	0.0	0	0.0	6013.519835587969	1	0	tensor(3)	2.394380289995194
107694.63301972416	6000.0	4318.8868158638115	0.0	0	0.0	6013.519835587969	1	0	tensor(3)	2.394380289995194
108685.49875605117	6000.0	4328.021079536827	0.0	0	0.0	6013.519835587969	1	0	tensor(3)	2.394380289995194
109697.11670978901	6000.0	4316.403125798979	0.0	0	0.0	6013.519835587969	1	0	tensor(3)	2.394380289995194
110678.32606075848	6000.0	4335.193774829517	0.0	0	0.0	6013.519835587969	1	0	tensor(3)	2.394380289995194
111310.67218227261	6000.0	4702.847653315397	0.0	0	0.0	6013.519835587969	1	0	tensor(3)	2.394380289995194
112169.799153466	6000.0	4843.720682122011	0.0	0	0.0	6013.519835587969	1	0	tensor(3)	2.394380289995194
112982.31018210761	6000.0	5031.209653480418	0.0	0	0.0	6013.519835587969	1	0	tensor(3)	2.394380289995194
114040.82123184369	6000.0	4972.698603744329	0.0	0	0.0	6013.519835587969	1	0	tensor(3)	2.394380289995194
115215.88584029693	6000.0	4797.633995291109	0.0	0	0.0	6013.519835587984	1	0	tensor(3)	2.3943802899951923
116143.27700140586	6000.0	4870.2428341821915	0.0	0	0.0	6013.519835587984	1	0	tensor(3)	2.3943802899951923
116963.0106650083	6000.0	5050.509170579766	0.0	0	0.0	6013.519835587984	1	0	tensor(3)	2.3943802899951923
117396.21503877373	6000.0	5617.304796814332	0.0	0	0.0	6013.519835587984	1	0	tensor(3)	2.3943802899951923
118200.0	6000.0	5813.51983558806	0.0	0	234.11316443157557	6013.519835587984	1	0	tensor(3)	2.3943802899951923
119228.9903566504	6000.0	5784.52947893766	0.0	0	0.0	6013.519835587984	1	0	tensor(3)	2.3943802899951923
120221.42114051792	6000.0	5792.098695070143	0.0	0	0.0	6013.519835587984	1	0	tensor(3)	2.3943802899951923
121513.44787467881	6000.0	5500.071960909265	0.0	0	0.0	6013.519835587984	1	0	tensor(3)	2.3943802899951923
122867.1622758894	6000.0	5146.357559698678	0.0	0	0.0	6013.519835587984	1	0	tensor(3)	2.3943802899951923
123969.07754099138	6000.0	5044.442294596689	0.0	0	0.0	6013.519835587969	1	0	tensor(3)	2.394380289995194
124924.47769437566	6000.0	5089.042141212386	0.0	0	0.0	6013.519835587969	1	0	tensor(3)	2.394380289995194
126444.61160748532	6000.0	4568.908228102733	0.0	0	0.0	6013.519835587969	1	0	tensor(3)	2.394380289995194
127569.01682603452	6000.0	4444.50300955353	0.0	0	0.0	6013.519835587955	1	0	tensor(3)	2.3943802899951954
129101.81375322273	6000.0	3911.7060823653323	0.0	0	0.0	6013.519835587955	1	0	tensor(3)	2.3943802899951954
130078.96253452236	6000.0	3934.5573010656967	0.0	0	0.0	6013.519835587969	1	0	tensor(3)	2.394380289995194
131138.07880101324	6000.0	3875.441034574816	0.0	0	0.0	6013.519835587969	1	0	tensor(3)	2.394380289995194
132025.41914083064	6000.0	3988.1006947574197	0.0	0	0.0	6013.519835587969	1	0	tensor(3)	2.394380289995193
133168.01222280384	6000.0	3845.507612784201	0.0	0	0.0	6013.51983558794	1	0	tensor(3)	2.3943802899951967
134204.02123186644	6000.0	3809.4986037216086	0.0	0	0.0	6013.519835587955	1	0	tensor(3)	2.394380289995196
135259.69129702082	6000.0	3753.8285385672784	0.0	0	0.0	6013.519835588013	1	0	tensor(3)	2.394380289995192
136071.3394227102	6000.0	3942.1804128778776	0.0	0	0.0	6013.519835588013	1	0	tensor(3)	2.394380289995189
136940.8886215822	6000.0	4072.631214005859	0.0	0	0.0	6013.519835587998	1	0	tensor(3)	2.3943802899951896
138475.06438454107	6000.0	3538.455451047029	0.0	0	0.0	6013.519835587998	1	0	tensor(3)	2.394380289995191
139591.8079812792	6000.0	3421.7118543088845	0.0	0	0.0	6013.519835587998	1	0	tensor(3)	2.394380289995191
140925.67476801874	6000.0	3087.8450675693293	0.0	0	0.0	6013.519835587998	1	0	tensor(3)	2.394380289995191
142185.56491370415	6000.0	2827.954921883961	0.0	0	0.0	6013.519835587998	1	0	tensor(3)	2.394380289995191
143341.1784092765	6000.0	2672.34142631161	0.0	0	0.0	6013.519835587998	1	0	tensor(3)	2.394380289995191
144108.4387632049	6000.0	2905.0810723831887	0.0	0	0.0	6013.5198355880275	1	0	tensor(3)	2.394380289995188
145036.06109858715	6000.0	2977.4587370009235	0.0	0	0.0	6013.519835587998	1	0	tensor(3)	2.394380289995191
145815.04595056773	6000.0	3198.4738850203375	0.0	0	0.0	6013.519835587998	1	0	tensor(3)	2.394380289995191
146834.90214086178	6000.0	3178.617694726283	0.0	0	0.0	6013.519835587998	1	0	tensor(3)	2.394380289995191
147520.78244480045	6000.0	3492.7373907876104	0.0	0	0.0	6013.519835587998	1	0	tensor(3)	2.394380289995191
148400.22390781066	6000.0	3613.2959277774044	0.0	0	0.0	6013.5198355880275	1	0	tensor(3)	2.394380289995188
149509.9984091769	6000.0	3503.521426411191	0.0	0	0.0	6013.519835587998	1	0	tensor(3)	2.394380289995191
150243.05299716903	6000.0	3770.4668384190695	0.0	0	0.0	6013.519835587969	1	0	tensor(3)	2.394380289995194
151125.0317906613	6000.0	3888.4880449267916	0.0	0	0.0	6013.51983558794	1	0	tensor(3)	2.3943802899951967
151859.40903646508	6000.0	4154.110799123064	0.0	0	0.0	6013.51983558794	1	0	tensor(3)	2.3943802899951967
153185.0710041958	6000.0	3828.448831392282	0.0	0	0.0	6013.519835587911	1	0	tensor(3)	2.3943802899951985
154392.65849393193	6000.0	3620.8613416561766	0.0	0	0.0	6013.519835587911	1	0	tensor(3)	2.3943802899952
155241.51638897145	6000.0	3772.0034466166485	0.0	0	0.0	6013.519835587911	1	0	tensor(3)	2.3943802899952
156033.80432169337	6000.0	3979.7155138947282	0.0	0	0.0	6013.519835587911	1	0	tensor(3)	2.3943802899952
157049.05340022896	6000.0	3964.4664353591297	0.0	0	0.0	6013.519835587911	1	0	tensor(3)	2.3943802899952
158032.5337321057	6000.0	3980.986103482397	0.0	0	0.0	6013.519835587911	1	0	tensor(3)	2.3943802899952
159204.80478915985	6000.0	3808.7150464281876	0.0	0	0.0	6013.519835587911	1	0	tensor(3)	2.3943802899952
160077.4231996415	6000.0	3936.0966359465738	0.0	0	0.0	6013.51983558794	1	0	tensor(3)	2.3943802899951985
160950.5270803269	6000.0	4062.992755261165	0.0	0	0.0	6013.51983558794	1	0	tensor(3)	2.3943802899951967
162274.4175441509	6000.0	3739.102291437167	0.0	0	0.0	6013.519835587969	1	0	tensor(3)	2.394380289995194
163369.6136052833	6000.0	3643.906230304798	0.0	0	0.0	6013.519835587969	1	0	tensor(3)	2.394380289995194
164242.30241763583	6000.0	3771.2174179522426	0.0	0	0.0	6013.519835587969	1	0	tensor(3)	2.394380289995194
165176.85573358033	6000.0	3836.6641020077273	0.0	0	0.0	6013.519835587969	1	0	tensor(3)	2.394380289995194
166107.5434353844	6000.0	3905.976400203662	0.0	0	0.0	6013.519835587998	1	0	tensor(3)	2.394380289995192
167371.2473389322	6000.0	3642.272496655848	0.0	0	0.0	6013.519835587998	1	0	tensor(3)	2.394380289995191
168341.36140129482	6000.0	3672.1584342932288	0.0	0	0.0	6013.519835587969	1	0	tensor(3)	2.394380289995194
168937.71352561656	6000.0	4075.8063099715187	0.0	0	0.0	6013.519835587969	1	0	tensor(3)	2.394380289995194
169976.88244706686	6000.0	4036.637388521227	0.0	0	0.0	6013.519835587969	1	0	tensor(3)	2.394380289995194
170877.84032551837	6000.0	4135.679510069713	0.0	0	0.0	6013.519835587969	1	0	tensor(3)	2.394380289995194
172171.5489323894	6000.0	3841.970903198688	0.0	0	0.0	6013.519835587998	1	0	tensor(3)	2.3943802899951927
173069.83144943046	6000.0	3943.6883861576434	0.0	0	0.0	6013.519835587969	1	0	tensor(3)	2.394380289995194
173900.509196765	6000.0	4113.010638823131	0.0	0	0.0	6013.5198355880275	1	0	tensor(3)	2.3943802899951905
175127.32016561588	6000.0	3886.1996699722345	0.0	0	0.0	6013.5198355880275	1	0	tensor(3)	2.394380289995188
176537.62005596893	6000.0	3475.8997796191793	0.0	0	0.0	6013.5198355880275	1	0	tensor(3)	2.394380289995188
177381.55526373515	6000.0	3631.964571852988	0.0	0	0.0	6013.5198355880275	1	0	tensor(3)	2.394380289995188
178483.88488794002	6000.0	3529.6349476481037	0.0	0	0.0	6013.5198355880275	1	0	tensor(3)	2.394380289995188
179274.08958687494	6000.0	3739.4302487131727	0.0	0	0.0	6013.519835588057	1	0	tensor(3)	2.394380289995185
180134.15875283172	6000.0	3879.36108275641	0.0	0	0.0	6013.5198355880275	1	0	tensor(3)	2.394380289995188
181215.1375946399	6000.0	3798.382240948223	0.0	0	0.0	6013.5198355880275	1	0	tensor(3)	2.394380289995188
182370.4308666793	6000.0	3643.0889689088012	0.0	0	0.0	6013.5198355880275	1	0	tensor(3)	2.394380289995188
183397.16986809744	6000.0	3616.349967490673	0.0	0	0.0	6013.5198355880275	1	0	tensor(3)	2.394380289995188
184405.2251448544	6000.0	3608.2946907337046	0.0	0	0.0	6013.5198355880275	1	0	tensor(3)	2.394380289995188
185631.7519900849	6000.0	3381.767845503182	0.0	0	0.0	6013.5198355880275	1	0	tensor(3)	2.394380289995188
186791.10779070656	6000.0	3222.412044881492	0.0	0	0.0	6013.519835587998	1	0	tensor(3)	2.394380289995191
187822.70315352106	6000.0	3190.8166820670167	0.0	0	0.0	6013.519835587998	1	0	tensor(3)	2.394380289995191
189051.8127128167	6000.0	2961.7071227713477	0.0	0	0.0	6013.519835587969	1	0	tensor(3)	2.394380289995194
190286.85374689425	6000.0	2726.666088693795	0.0	0	0.0	6013.519835587969	1	0	tensor(3)	2.394380289995194
191990.4341264984	6000.0	2023.0857090896093	0.0	0	0.0	6013.519835587998	1	0	tensor(3)	2.394380289995191
192940.9650987813	6000.0	2072.554736806695	0.0	0	0.0	6013.519835587998	1	0	tensor(3)	2.394380289995191
193738.67226560548	6000.0	2274.8475699825344	0.0	0	0.0	6013.519835587998	1	0	tensor(3)	2.394380289995191
194830.4054176611	6000.0	2183.114417926905	0.0	0	0.0	6013.519835587969	1	0	tensor(3)	2.394380289995194
195655.4518640094	6000.0	2358.0679715785755	0.0	0	0.0	6013.519835587969	1	0	tensor(3)	2.394380289995194
196593.38491511092	6000.0	2420.1349204770354	0.0	0	0.0	6013.519835587969	1	0	tensor(3)	2.394380289995194
197752.3771663136	6000.0	2261.1426692743153	0.0	0	0.0	6013.51983558794	1	0	tensor(3)	2.3943802899951967
198592.84163582415	6000.0	2420.678199763788	0.0	0	0.0	6013.519835587969	1	0	tensor(3)	2.394380289995194
199707.49196481722	6000.0	2306.02787077071	0.0	0	0.0	6013.51983558794	1	0	tensor(3)	2.3943802899951967
200803.82727248984	6000.0	2209.6925630980822	0.0	0	0.0	6013.519835587969	1	0	tensor(3)	2.394380289995194
202332.50350522672	6000.0	1681.016330361178	0.0	0	0.0	6013.519835587969	1	0	tensor(3)	2.394380289995194
203323.05786277194	6000.0	1690.4619728159853	0.0	0	0.0	6013.519835587969	1	0	tensor(3)	2.394380289995194
204311.10358177204	6000.0	1702.416253815889	0.0	0	0.0	6013.519835587998	1	0	tensor(3)	2.394380289995191
205003.5594877524	6000.0	2009.9603478355225	0.0	0	0.0	6013.519835587998	1	0	tensor(3)	2.394380289995191
206267.7177097418	6000.0	1745.8021258461645	0.0	0	0.0	6013.5198355880275	1	0	tensor(3)	2.394380289995188
208089.61320641913	6000.0	923.9066291688064	0.0	0	0.0	6013.5198355880275	1	0	tensor(3)	2.394380289995188
209488.73092497932	6000.0	524.7889106086263	0.0	0	0.0	6013.519835588057	1	0	tensor(3)	2.394380289995185
210195.56400317026	3000.0	817.9558324176872	0.0	0	0.0	6013.5198355880275	1	0	tensor(3)	1.0080859288752981
210902.80796010577	3000.0	1110.7118754821945	0.0	0	0.0	6013.5198355880275	1	0	tensor(3)	1.7012331094352409
211603.81195502522	3000.0	1409.7078805626982	0.0	0	0.0	6013.519835587998	1	0	tensor(3)	1.7012331094352462
212006.75633042576	3000.0	2006.7635051621544	0.0	0	0.0	6013.519835587998	1	0	tensor(3)	1.7012331094352462
212399.16114162467	3000.0	2614.358693963252	0.0	0	0.0	6013.519835587969	1	0	tensor(3)	1.701233109435249
213200.46123308293	6000.0	2813.058602505029	0.0	0	0.0	6013.519835587969	1	0	tensor(3)	1.7012331094352489
214036.9446533907	6000.0	2976.57518219727	0.0	0	0.0	6013.519835587969	1	0	tensor(3)	2.394380289995194
215236.62867415108	6000.0	2776.8911614368963	0.0	0	0.0	6013.519835587969	1	0	tensor(3)	2.394380289995194
216313.0027102613	6000.0	2700.5171253267085	0.0	0	0.0	6013.51983558794	1	0	tensor(3)	2.3943802899951963
217107.39476932577	6000.0	2906.12506626227	0.0	0	0.0	6013.51983558794	1	0	tensor(3)	2.3943802899951976
217631.87662035963	6000.0	3381.643215228392	0.0	0	0.0	6013.51983558794	1	0	tensor(3)	2.3943802899951967
218337.9105547021	6000.0	3675.609280885902	0.0	0	0.0	6013.51983558794	1	0	tensor(3)	2.3943802899951967
219066.24014607846	6000.0	3947.27968950956	0.0	0	0.0	6013.519835587969	1	0	tensor(3)	2.394380289995195
219697.99120667373	6000.0	4315.528628914275	0.0	0	0.0	6013.51983558794	1	0	tensor(3)	2.3943802899951967
220508.3931876825	6000.0	4505.1266479055	0.0	0	0.0	6013.51983558794	1	0	tensor(3)	2.3943802899951967
221561.76595120752	6000.0	4451.753884380487	0.0	0	0.0	6013.51983558794	1	0	tensor(3)	2.3943802899951967
222437.8010073316	6000.0	4575.71882825639	0.0	0	0.0	6013.51983558794	1	0	tensor(3)	2.3943802899951967
223294.11689636472	6000.0	4719.402939223282	0.0	0	0.0	6013.51983558794	1	0	tensor(3)	2.3943802899951967
224289.25634273418	6000.0	4724.263492853827	0.0	0	0.0	6013.51983558794	1	0	tensor(3)	2.3943802899951967
225407.62870362538	6000.0	4605.891131962625	0.0	0	0.0	6013.51983558794	1	0	tensor(3)	2.3943802899951967
226538.027045152	6000.0	4475.492790435998	0.0	0	0.0	6013.51983558794	1	0	tensor(3)	2.3943802899951967
227755.95832504876	6000.0	4257.561510539239	0.0	0	0.0	6013.519835587911	1	0	tensor(3)	2.3943802899952
228542.3917530755	6000.0	4471.128082512488	0.0	0	0.0	6013.519835587911	1	0	tensor(3)	2.3943802899952
229681.7343148053	6000.0	4331.7855207826915	0.0	0	0.0	6013.519835587882	1	0	tensor(3)	2.394380289995203
231076.17972432205	6000.0	3937.340111265942	0.0	0	0.0	6013.519835587882	1	0	tensor(3)	2.394380289995203
232245.22635195128	6000.0	3768.2934836367012	0.0	0	0.0	6013.519835587882	1	0	tensor(3)	2.394380289995203
233219.49165314308	6000.0	3794.0281824449157	0.0	0	0.0	6013.519835587882	1	0	tensor(3)	2.394380289995203
234333.6082822484	6000.0	3679.9115533395693	0.0	0	0.0	6013.519835587882	1	0	tensor(3)	2.394380289995203
235110.35881533072	6000.0	3903.1610202572574	0.0	0	0.0	6013.519835587911	1	0	tensor(3)	2.3943802899952007
236087.14319271024	6000.0	3926.3766428777044	0.0	0	0.0	6013.519835587911	1	0	tensor(3)	2.3943802899952
237121.6182826907	6000.0	3891.9015528972254	0.0	0	0.0	6013.519835587882	1	0	tensor(3)	2.3943802899952016
237878.46769300607	6000.0	4135.052142581866	0.0	0	0.0	6013.519835587911	1	0	tensor(3)	2.394380289995202
238582.92183415883	6000.0	4430.598001429122	0.0	0	0.0	6013.519835587911	1	0	tensor(3)	2.3943802899952
239247.3791845729	6000.0	4766.14065101503	0.0	0	0.0	6013.51983558794	1	0	tensor(3)	2.3943802899951967
240012.10564983074	6000.0	5001.414185757186	0.0	0	0.0	6013.519835587911	1	0	tensor(3)	2.394380289995198
241287.3123384884	6000.0	4726.207497099527	0.0	0	0.0	6013.519835587911	1	0	tensor(3)	2.3943802899952
241995.79669301023	6000.0	5017.723142577706	0.0	0	0.0	6013.519835587911	1	0	tensor(3)	2.3943802899952
243071.44347639807	6000.0	4942.076359189862	0.0	0	0.0	6013.519835587882	1	0	tensor(3)	2.394380289995201
244062.8109024318	6000.0	4950.708933156126	0.0	0	0.0	6013.519835587911	1	0	tensor(3)	2.3943802899952007
244762.94726293648	6000.0	5250.572572651466	0.0	0	0.0	6013.519835587911	1	0	tensor(3)	2.3943802899952
245748.45997002113	6000.0	5265.059865566831	0.0	0	0.0	6013.519835587882	1	0	tensor(3)	2.394380289995203
246731.4167753088	6000.0	5282.10306027916	0.0	0	0.0	6013.519835587911	1	0	tensor(3)	2.3943802899952
247633.7796772384	6000.0	5379.740158349563	0.0	0	0.0	6013.51983558794	1	0	tensor(3)	2.3943802899951967
248569.67561671286	6000.0	5443.844218875084	0.0	0	0.0	6013.51983558794	1	0	tensor(3)	2.3943802899951967
249713.75012159965	6000.0	5299.7697139883185	0.0	0	0.0	6013.519835587969	1	0	tensor(3)	2.394380289995194
250649.77261130547	6000.0	5363.747224282495	0.0	0	0.0	6013.51983558794	1	0	tensor(3)	2.3943802899951967
251690.0729341436	6000.0	5323.446901444367	0.0	0	0.0	6013.51983558794	1	0	tensor(3)	2.3943802899951967
252635.3711387477	6000.0	5378.14869684029	0.0	0	0.0	6013.51983558794	1	0	tensor(3)	2.3943802899951967
253977.47039199554	6000.0	5036.049443592431	0.0	0	0.0	6013.519835587911	1	0	tensor(3)	2.3943802899952
255275.77315036266	6000.0	4737.7466852253165	0.0	0	0.0	6013.519835587911	1	0	tensor(3)	2.3943802899952003
256109.41166560748	6000.0	4904.1081699805	0.0	0	0.0	6013.519835587911	1	0	tensor(3)	2.3943802899952
256697.09543925486	6000.0	5316.424396333148	0.0	0	0.0	6013.519835587911	1	0	tensor(3)	2.3943802899952
257682.0533743431	6000.0	5331.46646124492	0.0	0	0.0	6013.519835587911	1	0	tensor(3)	2.3943802899952
258598.58025517227	6000.0	5414.939580415721	0.0	0	0.0	6013.519835587882	1	0	tensor(3)	2.394380289995203
259437.17771824295	6000.0	5576.342117345065	0.0	0	0.0	6013.519835587911	1	0	tensor(3)	2.3943802899952
260358.5761920314	6000.0	5654.943643556615	0.0	0	0.0	6013.519835587911	1	0	tensor(3)	2.3943802899952
261235.0844418075	6000.0	5778.435393780522	0.0	0	0.0	6013.519835587911	1	0	tensor(3)	2.3943802899952003
262320.74020840996	6000.0	5692.779627178052	0.0	0	0.0	6013.519835587911	1	0	tensor(3)	2.3943802899952003
263674.69167941157	6000.0	5338.828156176361	0.0	0	0.0	6013.519835587824	1	0	tensor(3)	2.3943802899952056
264568.68231290736	6000.0	5444.837522680521	0.0	0	0.0	6013.519835587795	1	0	tensor(3)	2.394380289995213
265200.0	6000.0	5813.519835587892	0.0	0	20.731638633063994	6013.519835587795	1	0	tensor(3)	2.394380289995212
266200.0	6000.0	5813.519835587866	0.0	0	264.2118727489724	6013.519835587795	1	0	tensor(3)	2.3943802899952122
267200.0	6000.0	5813.519835587944	0.0	0	443.74455872393446	6013.519835587882	1	0	tensor(3)	2.3943802899952082
268461.9336747923	6000.0	5551.586160795615	0.0	0	0.0	6013.519835587824	1	0	tensor(3)	2.394380289995206
269529.5219477358	6000.0	5483.9978878521315	0.0	0	0.0	6013.519835587824	1	0	tensor(3)	2.3943802899952087
270448.5208042734	6000.0	5564.999031314565	0.0	0	0.0	6013.519835587824	1	0	tensor(3)	2.3943802899952087
271570.5729553116	6000.0	5442.946880276329	0.0	0	0.0	6013.519835587824	1	0	tensor(3)	2.3943802899952087
272781.32084682747	6000.0	5232.198988760472	0.0	0	0.0	6013.519835587824	1	0	tensor(3)	2.3943802899952087
273645.18616431765	6000.0	5368.3336712703385	0.0	0	0.0	6013.519835587824	1	0	tensor(3)	2.3943802899952087
275010.92219079	6000.0	5002.59764479806	0.0	0	0.0	6013.519835587824	1	0	tensor(3)	2.3943802899952087
276078.32846182236	6000.0	4935.191373765712	0.0	0	0.0	6013.519835587824	1	0	tensor(3)	2.3943802899952087
277463.54451109114	6000.0	4549.975324496916	0.0	0	0.0	6013.519835587824	1	0	tensor(3)	2.3943802899952087
278906.2669906517	6000.0	4107.252844936347	0.0	0	0.0	6013.519835587824	1	0	tensor(3)	2.3943802899952087
279900.0137168477	6000.0	4113.5061187403735	0.0	0	0.0	6013.519835587824	1	0	tensor(3)	2.3943802899952087
280994.5048568238	6000.0	4019.014978764178	0.0	0	0.0	6013.519835587824	1	0	tensor(3)	2.3943802899952087
281744.7026262093	6000.0	4268.817209378749	0.0	0	0.0	6013.519835587824	1	0	tensor(3)	2.3943802899952087
282430.6707643263	6000.0	4582.849071261744	0.0	0	0.0	6013.519835587824	1	0	tensor(3)	2.3943802899952087
283316.9807335047	6000.0	4696.539102083284	0.0	0	0.0	6013.519835587824	1	0	tensor(3)	2.3943802899952087
284234.70171356836	6000.0	4778.818122019685	0.0	0	0.0	6013.519835587824	1	0	tensor(3)	2.3943802899952087
284826.45241850684	6000.0	5187.067417081162	0.0	0	0.0	6013.519835587824	1	0	tensor(3)	2.3943802899952087
286226.01651310903	6000.0	4787.503322479015	0.0	0	0.0	6013.519835587824	1	0	tensor(3)	2.3943802899952087
287223.8892939668	6000.0	4789.630541621288	0.0	0	0.0	6013.519835587824	1	0	tensor(3)	2.3943802899952087
288089.4374626238	6000.0	4924.08237296428	0.0	0	0.0	6013.519835587766	1	0	tensor(3)	2.3943802899952145
289489.45244003483	6000.0	4524.067395553229	0.0	0	0.0	6013.519835587707	1	0	tensor(3)	2.3943802899952202
290804.657638247	6000.0	4208.862197341081	0.0	0	0.0	6013.519835587766	1	0	tensor(3)	2.3943802899952145
292282.4479631747	6000.0	3731.071872413371	0.0	0	0.0	6013.519835587766	1	0	tensor(3)	2.3943802899952145
293087.1256939349	6000.0	3926.3941416532402	0.0	0	0.0	6013.519835587824	1	0	tensor(3)	2.394380289995211
293796.8446097673	6000.0	4216.675225820848	0.0	0	0.0	6013.519835587824	1	0	tensor(3)	2.3943802899952087
294970.6586736002	6000.0	4042.8611619879825	0.0	0	0.0	6013.519835587824	1	0	tensor(3)	2.3943802899952087
296164.4569549531	6000.0	3849.062880635117	0.0	0	0.0	6013.519835587824	1	0	tensor(3)	2.3943802899952087
297521.6616957936	6000.0	3491.85813979456	0.0	0	0.0	6013.519835587766	1	0	tensor(3)	2.3943802899952136
298519.43633799115	6000.0	3494.083497597057	0.0	0	0.0	6013.519835587766	1	0	tensor(3)	2.3943802899952145
299622.4116203982	6000.0	3391.108215189918	0.0	0	0.0	6013.519835587766	1	0	tensor(3)	2.3943802899952145
300409.92574129504	6000.0	3603.5940942931074	0.0	0	0.0	6013.519835587766	1	0	tensor(3)	2.3943802899952145
301590.50507511635	6000.0	3423.014760471795	0.0	0	0.0	6013.519835587824	1	0	tensor(3)	2.3943802899952087
302925.1982531722	6000.0	3088.321582415901	0.0	0	0.0	6013.519835587766	1	0	tensor(3)	2.3943802899952145
5.78	5.71	6.2	5.2	8.03	4.76	5.81	6.73	5.93	5.41	7.54	4.64	6.28	5.09	5.78	6.29	7.91	7.23	6.06	6.8	4.93	6.71	6.23	6.17	5.39	7.41	5.79	5.91	7.63	6.54	7.32	6.26	6.49	6.52	4.45	6.52	6.01	7.3	3.75	5.13	6.5	9.36	6.32	6.14	6.74	6.95	5.87	5.0	5.07	4.07	5.33	7.4	6.87	7.01	4.82	2.88	4.85	3.5	4.63	5.34	8.21	6.42	5.58	7.22	7.84	12.9	8.19	9.83	9.22	5.49	6.63	7.91	6.01	4.66	3.85	6.59	5.85	6.04	4.55	4.19	7.0	5.51	5.87	5.97	7.01	10.0	8.17	8.12	5.6	6.87	6.67	5.35	7.71	6.78	4.3	6.79	8.55	5.79	6.35	8.03	6.3	6.2	5.42	8.6	8.48	6.97	6.01	6.95	7.75	8.26	6.07	5.64	7.6	9.06	12.5	5.98	6.65	5.82	6.49	5.2	6.26	6.58	4.99	5.73	6.65	4.65	4.59	5.73	7.1	6.07	7.1	6.92	8.54	5.44	4.31	5.99	6.35	5.61	6.12	4.43	6.94	7.16	6.65	5.58	7.41	5.19	6.89	7.27	8.43	5.27	5.78	5.71	6.2	5.2	8.03	4.76	5.81	6.73	5.93	5.41	7.54	4.64	6.28	5.09	5.78	6.29	7.91	7.23	6.06	6.8	4.93	6.71	6.23	6.17	5.39	7.41	5.79	5.91	7.63	6.54	7.32	6.26	6.49	6.52	4.45	6.52	6.01	7.3	3.75	5.13	6.5	9.36	6.32	6.14	6.74	6.95	5.87	5.0	5.07	4.07	5.33	7.4	6.87	7.01	4.82	2.88	4.85	3.5	4.63	5.34	8.21	6.42	5.58	7.22	7.84	12.9	8.19	9.83	9.22	5.49	6.63	7.91	6.01	4.66	3.85	6.59	5.85	6.04	4.55	4.19	7.0	5.51	5.87	5.97	7.01	10.0	8.17	8.12	5.6	6.87	6.67	5.35	7.71	6.78	4.3	6.79	8.55	5.79	6.35	8.03	6.3	6.2	5.42	8.6	8.48	6.97	6.01	6.95	7.75	8.26	6.07	5.64	7.6	9.06	12.5	5.98	6.65	5.82	6.49	5.2	6.26	6.58	4.99	5.73	6.65	4.65	4.59	5.73	7.1	6.07	7.1	6.92	8.54	5.44	4.31	5.99	6.35	5.61	6.12	4.43	6.94	7.16	6.65	5.58	7.41	5.19	6.89	7.27	8.43	5.27	5.78	5.71	6.2	5.2	8.03	4.76
1.0	2.0	3.0	4.0	5.0	6.0	7.0	8.0	9.0	10.0	11.0	12.0	13.0	14.0	15.0	16.0	17.0	18.0	19.0	20.0	21.0	22.0	23.0	24.0	25.0	26.0	27.0	28.0	29.0	30.0	31.0	32.0	33.0	34.0	35.0	36.0	37.0	38.0	39.0	40.0	41.0	42.0	43.0	44.0	45.0	46.0	47.0	48.0	49.0	50.0	51.0	52.0	53.0	54.0	55.0	56.0	57.0	58.0	59.0	60.0	61.0	62.0	63.0	64.0	65.0	66.0	67.0	68.0	69.0	70.0	71.0	72.0	73.0	74.0	75.0	76.0	77.0	78.0	79.0	80.0	81.0	82.0	83.0	84.0	85.0	86.0	87.0	88.0	89.0	90.0	91.0	92.0	93.0	94.0	95.0	96.0	97.0	98.0	99.0	100.0	101.0	102.0	103.0	104.0	105.0	106.0	107.0	108.0	109.0	110.0	111.0	112.0	113.0	114.0	115.0	116.0	117.0	118.0	119.0	120.0	121.0	122.0	123.0	124.0	125.0	126.0	127.0	128.0	129.0	130.0	131.0	132.0	133.0	134.0	135.0	136.0	137.0	138.0	139.0	140.0	141.0	142.0	143.0	144.0	145.0	146.0	147.0	148.0	149.0	149.0	150.0	151.0	152.0	153.0	154.0	155.0	156.0	157.0	158.0	159.0	160.0	161.0	162.0	163.0	164.0	165.0	166.0	167.0	168.0	169.0	170.0	171.0	172.0	173.0	174.0	175.0	176.0	177.0	178.0	179.0	180.0	181.0	182.0	183.0	184.0	185.0	186.0	187.0	188.0	189.0	190.0	191.0	192.0	193.0	194.0	195.0	196.0	197.0	198.0	199.0	200.0	201.0	202.0	203.0	204.0	205.0	206.0	207.0	208.0	209.0	210.0	211.0	212.0	213.0	214.0	215.0	216.0	217.0	218.0	219.0	220.0	221.0	222.0	223.0	224.0	225.0	226.0	227.0	228.0	229.0	230.0	231.0	232.0	233.0	234.0	235.0	236.0	237.0	238.0	239.0	240.0	241.0	242.0	243.0	244.0	245.0	246.0	247.0	248.0	249.0	250.0	251.0	252.0	253.0	254.0	255.0	256.0	257.0	258.0	259.0	260.0	261.0	262.0	263.0	264.0	265.0	266.0	267.0	268.0	269.0	270.0	271.0	272.0	273.0	274.0	275.0	276.0	277.0	278.0	279.0	280.0	281.0	282.0	283.0	284.0	285.0	286.0	287.0	288.0	289.0	290.0	291.0	292.0	293.0	294.0	295.0	296.0	297.0	298.0	298.0	299.0	300.0	301.0	302.0	303.0	304.0
2831.6700069031135
