6316.312230835303	1000.0	2000.0	312.1919884735093	0	0.0	6316.312230835303	1	0	tensor(3)	-2.497263789357624
6913.624373601435	3000.0	2402.687857233867	0.0	0	0.0	6316.312230835302	1	0	tensor(3)	0.5723415812424061
7541.015587431601	3000.0	2775.296643403701	0.0	0	0.0	6316.312230835302	1	0	tensor(3)	1.670953869910516
8348.146656237437	6000.0	2968.165574597864	0.0	0	0.0	6316.312230835302	1	0	tensor(3)	1.6709538699105158
9865.165830162023	6000.0	2451.1464006732795	0.0	0	0.0	6316.312230835303	1	0	tensor(3)	2.3641010504704605
11252.330023121021	6000.0	2063.982207714278	0.0	0	0.0	6316.312230835301	1	0	tensor(3)	2.3641010504704605
12329.807921535576	6000.0	1986.5043092997248	0.0	0	0.0	6316.312230835302	1	0	tensor(3)	2.3641010504704605
13412.34000046976	6000.0	1903.9722303655406	0.0	0	0.0	6316.312230835302	1	0	tensor(3)	2.3641010504704605
14225.117650427383	6000.0	2091.1945804079182	0.0	0	0.0	6316.312230835303	1	0	tensor(3)	2.3641010504704605
15456.653252584078	6000.0	1859.6589782512247	0.0	0	0.0	6316.312230835303	1	0	tensor(3)	2.3641010504704605
16478.364418999558	6000.0	1837.9478118357454	0.0	0	0.0	6316.312230835305	1	0	tensor(3)	2.3641010504704605
17652.280509765085	6000.0	1664.0317210702187	0.0	0	0.0	6316.312230835307	1	0	tensor(3)	2.3641010504704605
18662.24937320685	6000.0	1654.0628576284566	0.0	0	0.0	6316.312230835309	1	0	tensor(3)	2.36410105047046
19314.91961847288	3000.0	2001.392612362432	0.0	0	0.0	6316.312230835314	1	0	tensor(3)	0.9778066893505698
19797.16940540981	3000.0	2519.142825425498	0.0	0	0.0	6316.312230835312	1	0	tensor(3)	1.6709538699105146
21113.66621278653	6000.0	2202.6460180487775	0.0	0	0.0	6316.31223083531	1	0	tensor(3)	1.6709538699105146
21794.40324050533	3000.0	2521.908990329977	0.0	0	0.0	6316.312230835307	1	0	tensor(3)	0.9778066893505701
22360.229675879207	3000.0	2956.082554956096	0.0	0	0.0	6316.312230835301	1	0	tensor(3)	1.670953869910516
23042.480223755014	3000.0	3273.8320070802915	0.0	0	0.0	6316.312230835301	1	0	tensor(3)	1.670953869910516
24185.822683940914	6000.0	3130.4895468943923	0.0	0	0.0	6316.312230835301	1	0	tensor(3)	1.6709538699105158
25268.78498590944	6000.0	3047.5272449258687	0.0	0	0.0	6316.312230835301	1	0	tensor(3)	2.3641010504704605
26076.1248805293	6000.0	3240.1873503060065	0.0	0	0.0	6316.312230835301	1	0	tensor(3)	2.3641010504704605
26996.357682697486	6000.0	3319.954548137819	0.0	0	0.0	6316.312230835305	1	0	tensor(3)	2.3641010504704605
27655.819714327263	6000.0	3660.4925165080394	0.0	0	0.0	6316.312230835305	1	0	tensor(3)	2.3641010504704605
28374.899430265003	6000.0	3941.412800570295	0.0	0	0.0	6316.312230835305	1	0	tensor(3)	2.3641010504704605
29784.25934964753	6000.0	3532.0528811877684	0.0	0	0.0	6316.312230835305	1	0	tensor(3)	2.3641010504704605
30665.03436445609	6000.0	3651.277866379211	0.0	0	0.0	6316.312230835301	1	0	tensor(3)	2.3641010504704605
32895.76625847451	6000.0	2420.545972360784	0.0	0	0.0	6316.312230835301	1	0	tensor(3)	2.3641010504704605
34358.066836512815	6000.0	1958.245394322467	0.0	0	0.0	6316.312230835283	1	0	tensor(3)	2.364101050470462
35452.7235299838	6000.0	1863.5887008514767	0.0	0	0.0	6316.312230835276	1	0	tensor(3)	2.3641010504704627
36098.06223777772	6000.0	2218.2499930575486	0.0	0	0.0	6316.312230835265	1	0	tensor(3)	2.3641010504704636
37397.93522280336	6000.0	1918.377008031909	0.0	0	0.0	6316.312230835269	1	0	tensor(3)	2.364101050470464
38743.975777597945	6000.0	1572.336453237319	0.0	0	0.0	6316.312230835265	1	0	tensor(3)	2.364101050470464
40141.692382308436	6000.0	1174.6198485268246	0.0	0	0.0	6316.312230835261	1	0	tensor(3)	2.3641010504704645
41218.81196409643	3000.0	1097.5002667388408	0.0	0	0.0	6316.312230835261	1	0	tensor(3)	0.9778066893505748
42530.33085231663	3000.0	785.9813785186413	0.0	0	0.0	6316.312230835261	1	0	tensor(3)	1.6709538699105198
44046.42349005493	3000.0	300.7349981420323	30.846257361698065	0	0.0	4347.158488196954	1	0	tensor(6)	-4.316286220161831
44557.10534073818	2000.0	790.0531474587824	0.0	0	0.0	4347.158488196954	1	0	tensor(3)	1.056939027958021
45198.10069171416	2000.0	1149.0577964828042	0.0	0	0.0	4347.158488196947	1	0	tensor(3)	1.4624041360661866
46017.8526310563	3000.0	1329.3058571406625	0.0	0	0.0	4347.158488196939	1	0	tensor(3)	1.4624041360661875
46781.62633281386	3000.0	1565.5321553831086	0.0	0	0.0	4347.158488196939	1	0	tensor(3)	1.867869244174352
47301.0525130563	3000.0	2046.1059751406763	0.0	0	0.0	4347.158488196939	1	0	tensor(3)	1.867869244174352
47990.453388569666	6000.0	2356.705099627317	0.0	0	0.0	4347.158488196947	1	0	tensor(3)	1.8678692441743516
48892.519331062074	6000.0	2454.639157134912	0.0	0	0.0	4347.158488196947	1	0	tensor(3)	2.5610164247342966
50847.763393026566	6000.0	1499.3950951704237	0.0	0	0.0	4347.158488196947	1	0	tensor(3)	2.5610164247342966
52481.611518155	6000.0	865.5469700419814	0.0	0	0.0	4347.158488196947	1	0	tensor(3)	2.5610164247342966
53483.252130419205	3000.0	863.9063577777772	0.0	0	0.0	4347.158488196947	1	0	tensor(3)	1.1747220636144065
54537.44556225321	3000.0	809.7129259437684	0.0	0	0.0	4347.158488196947	1	0	tensor(3)	1.8678692441743514
55250.39174433353	3000.0	1096.766743863447	0.0	0	0.0	4347.158488196947	1	0	tensor(3)	1.8678692441743514
55897.469385491364	3000.0	1449.68910270562	0.0	0	0.0	4347.158488196947	1	0	tensor(3)	1.8678692441743514
56566.74167278508	3000.0	1780.416815411902	0.0	0	0.0	4347.158488196939	1	0	tensor(3)	1.867869244174352
57426.39847578846	3000.0	1920.7600124085284	0.0	0	0.0	4347.158488196939	1	0	tensor(3)	1.867869244174352
58196.38784121207	3000.0	2150.7706469849195	0.0	0	0.0	4347.158488196947	1	0	tensor(3)	1.8678692441743514
58989.33779101878	3000.0	2357.8206971782065	0.0	0	0.0	4347.158488196947	1	0	tensor(3)	1.8678692441743514
59624.32535026791	3000.0	2722.8331379290757	0.0	0	0.0	4347.158488196947	1	0	tensor(3)	1.8678692441743514
60229.79525448338	3000.0	3117.3632337136	0.0	0	0.0	4347.158488196947	1	0	tensor(3)	1.8678692441743514
60943.08210289838	3000.0	3404.076385298607	0.0	0	0.0	4347.158488196947	1	0	tensor(3)	1.8678692441743514
62227.80363106972	6000.0	3119.354857127255	0.0	0	0.0	4347.158488196947	1	0	tensor(3)	1.8678692441743516
63545.42104872898	6000.0	2801.737439468	0.0	0	0.0	4347.158488196954	1	0	tensor(3)	2.5610164247342952
65355.920012808485	6000.0	1991.2384753884933	0.0	0	0.0	4347.158488196954	1	0	tensor(3)	2.5610164247342952
67130.04208458286	6000.0	1217.116403614117	0.0	0	0.0	4347.158488196954	1	0	tensor(3)	2.5610164247342957
69309.95839070155	6000.0	200.0	162.79990250456146	0	0.0	4509.958390701526	1	0	tensor(3)	1.576887836703674
69969.42883905659	3000.0	655.6832753942253	115.15372374926733	0	0.0	4625.1121144508	1	0	tensor(3)	0.4560043584934171
70778.35893564283	3000.0	846.753178807997	0.0	0	0.0	4625.112114450807	1	0	tensor(3)	1.8400738815489652
71427.84018977753	3000.0	1197.271924673294	0.0	0	0.0	4625.112114450792	1	0	tensor(3)	1.8400738815489668
71981.30521177627	3000.0	1643.8069026745588	0.0	0	0.0	4625.112114450792	1	0	tensor(3)	1.8400738815489668
72516.32062222385	3000.0	2108.7914922269847	0.0	0	0.0	4625.112114450792	1	0	tensor(3)	1.8400738815489668
73969.12701884292	6000.0	1655.985095607903	0.0	0	0.0	4625.112114450792	1	0	tensor(3)	1.840073881548967
75371.28242511056	6000.0	1253.8296893402667	0.0	0	0.0	4625.112114450807	1	0	tensor(3)	2.53322106210891
76912.82530740359	6000.0	712.2868070472396	0.0	0	0.0	4625.112114450807	1	0	tensor(3)	2.53322106210891
77896.78345268701	6000.0	728.3286617638165	0.0	0	0.0	4625.112114450807	1	0	tensor(3)	2.53322106210891
78709.71032552618	6000.0	915.4017889246596	0.0	0	0.0	4625.112114450807	1	0	tensor(3)	2.53322106210891
80336.26860684012	6000.0	288.8435076107018	0.0	0	0.0	4625.112114450792	1	0	tensor(3)	2.533221062108912
82132.98515101249	6000.0	200.0	707.8730365616667	0	0.0	5332.985151012486	1	0	tensor(3)	-1.7723614764558742
83130.35417568937	3000.0	584.0635762274972	381.4326009043941	0	0.0	5714.417751916873	1	0	tensor(3)	-1.2505994681839512
83842.01420749194	3000.0	872.4035444249121	0.0	0	0.0	5714.417751916873	1	0	tensor(3)	1.7311433178023585
84263.79751644732	3000.0	1450.6202354695417	0.0	0	0.0	5714.417751916873	1	0	tensor(3)	1.7311433178023585
84702.20876942216	3000.0	2012.2089824946981	0.0	0	0.0	5714.417751916888	1	0	tensor(3)	1.7311433178023572
86645.2019550329	6000.0	1069.2157968839651	0.0	0	0.0	5714.417751916888	1	0	tensor(3)	1.7311433178023572
87302.07266728069	3000.0	1412.3450846361798	0.0	0	0.0	5714.417751916888	1	0	tensor(3)	1.0379961372424122
88103.50711079051	3000.0	1610.910641126376	0.0	0	0.0	5714.4177519169025	1	0	tensor(3)	1.7311433178023559
89041.43912917083	3000.0	1672.9786227460572	0.0	0	0.0	5714.4177519169025	1	0	tensor(3)	1.7311433178023559
89732.51787440923	3000.0	1981.8998775076575	0.0	0	0.0	5714.417751916888	1	0	tensor(3)	1.7311433178023572
90131.40469201253	3000.0	2583.013059904347	0.0	0	0.0	5714.417751916888	1	0	tensor(3)	1.7311433178023572
91067.56202733016	6000.0	2646.8557245867228	0.0	0	0.0	5714.4177519169025	1	0	tensor(3)	1.7311433178023556
92239.66076143997	6000.0	2474.756990476916	0.0	0	0.0	5714.4177519169025	1	0	tensor(3)	2.424290498362301
93703.58783574282	6000.0	2010.8299161740624	0.0	0	0.0	5714.4177519169025	1	0	tensor(3)	2.424290498362301
94572.33633513644	3000.0	2142.081416780443	0.0	0	0.0	5714.4177519169025	1	0	tensor(3)	1.037996137242411
95174.55034254376	3000.0	2539.867409373114	0.0	0	0.0	5714.417751916888	1	0	tensor(3)	1.7311433178023572
95923.68912440944	3000.0	2790.7286275074434	0.0	0	0.0	5714.417751916888	1	0	tensor(3)	1.7311433178023572
96568.46463256842	3000.0	3145.953119348461	0.0	0	0.0	5714.417751916888	1	0	tensor(3)	1.7311433178023572
97220.52866407979	3000.0	3493.889087837091	0.0	0	0.0	5714.4177519169025	1	0	tensor(3)	1.7311433178023559
97662.32516865016	3000.0	4052.0925832667203	0.0	0	0.0	5714.4177519169025	1	0	tensor(3)	1.7311433178023559
98878.90051903346	6000.0	3835.517232883425	0.0	0	0.0	5714.4177519169025	1	0	tensor(3)	1.7311433178023556
100084.50207113137	6000.0	3629.9156807855247	0.0	0	0.0	5714.4177519169025	1	0	tensor(3)	2.424290498362301
100654.61952628357	6000.0	4059.7982256333307	0.0	0	0.0	5714.4177519169025	1	0	tensor(3)	2.424290498362301
101430.17671566582	6000.0	4284.241036251077	0.0	0	0.0	5714.4177519169025	1	0	tensor(3)	2.424290498362301
102943.14778645706	6000.0	3771.269965459827	0.0	0	0.0	5714.4177519169025	1	0	tensor(3)	2.424290498362301
104709.11845090125	6000.0	3005.299301015638	0.0	0	0.0	5714.417751916888	1	0	tensor(3)	2.424290498362302
105831.53081869439	6000.0	2882.8869332225017	0.0	0	0.0	5714.417751916888	1	0	tensor(3)	2.424290498362302
107592.03651579513	6000.0	2122.3812361217542	0.0	0	0.0	5714.417751916888	1	0	tensor(3)	2.424290498362302
109088.62512247989	6000.0	1625.7926294370009	0.0	0	0.0	5714.4177519169025	1	0	tensor(3)	2.424290498362301
110354.58266473828	6000.0	1359.835087178612	0.0	0	0.0	5714.4177519169025	1	0	tensor(3)	2.424290498362301
111103.59757587066	3000.0	1610.8201760462227	0.0	0	0.0	5714.4177519169025	1	0	tensor(3)	1.037996137242411
112008.0368967004	3000.0	1706.3808552164712	0.0	0	0.0	5714.4177519169025	1	0	tensor(3)	1.7311433178023559
113026.30339761892	3000.0	1688.1143542979567	0.0	0	0.0	5714.4177519169025	1	0	tensor(3)	1.7311433178023559
114145.97361564967	3000.0	1568.4441362672137	0.0	0	0.0	5714.4177519169025	1	0	tensor(3)	1.7311433178023559
114726.6840952334	3000.0	1987.7336566834847	0.0	0	0.0	5714.4177519169025	1	0	tensor(3)	1.7311433178023559
115604.2923265349	3000.0	2110.1254253819943	0.0	0	0.0	5714.417751916917	1	0	tensor(3)	1.7311433178023545
116216.59766885209	3000.0	2497.82008306479	0.0	0	0.0	5714.417751916917	1	0	tensor(3)	1.7311433178023545
117082.19830053247	3000.0	2632.2194513844083	0.0	0	0.0	5714.417751916917	1	0	tensor(3)	1.7311433178023545
117756.20320448943	3000.0	2958.214547427463	0.0	0	0.0	5714.417751916917	1	0	tensor(3)	1.7311433178023545
118681.13433832153	3000.0	3033.2834135953635	0.0	0	0.0	5714.417751916917	1	0	tensor(3)	1.7311433178023545
119903.39531288572	3000.0	2811.022439031163	0.0	0	0.0	5714.4177519169025	1	0	tensor(3)	1.7311433178023559
120708.35269135478	3000.0	3006.0650605620986	0.0	0	0.0	5714.4177519169025	1	0	tensor(3)	1.7311433178023559
121577.91874003537	3000.0	3136.499011881516	0.0	0	0.0	5714.417751916888	1	0	tensor(3)	1.7311433178023572
122373.1086474373	3000.0	3341.309104479585	0.0	0	0.0	5714.417751916873	1	0	tensor(3)	1.7311433178023585
123041.16227720378	3000.0	3673.255474713104	0.0	0	0.0	5714.417751916873	1	0	tensor(3)	1.7311433178023585
123912.66663259514	3000.0	3801.7511193217447	0.0	0	0.0	5714.417751916873	1	0	tensor(3)	1.7311433178023585
125049.81833115678	3000.0	3664.599420760092	0.0	0	0.0	5714.417751916859	1	0	tensor(3)	1.7311433178023603
126091.6993052684	6000.0	3622.718446648471	0.0	0	0.0	5714.417751916859	1	0	tensor(3)	1.73114331780236
127085.30776719829	6000.0	3629.1099847185806	0.0	0	0.0	5714.417751916859	1	0	tensor(3)	2.4242904983623053
128077.11956226935	6000.0	3637.298189647525	0.0	0	0.0	5714.417751916859	1	0	tensor(3)	2.4242904983623053
129943.21221661604	6000.0	2771.2055353008336	0.0	0	0.0	5714.417751916859	1	0	tensor(3)	2.4242904983623053
131240.51104277084	6000.0	2473.906709146044	0.0	0	0.0	5714.417751916873	1	0	tensor(3)	2.424290498362305
132524.64556400751	6000.0	2189.7721879093915	0.0	0	0.0	5714.4177519169025	1	0	tensor(3)	2.424290498362302
133222.71767474044	6000.0	2491.700077176445	0.0	0	0.0	5714.417751916888	1	0	tensor(3)	2.424290498362302
134051.86083982166	6000.0	2662.55691209523	0.0	0	0.0	5714.417751916888	1	0	tensor(3)	2.4242904983623017
134519.93786801575	6000.0	3194.479883901114	0.0	0	0.0	5714.417751916873	1	0	tensor(3)	2.424290498362303
134984.545239417	6000.0	3729.8725124998796	0.0	0	0.0	5714.417751916888	1	0	tensor(3)	2.4242904983623017
135658.37067330992	6000.0	4056.0470786069777	0.0	0	0.0	5714.417751916917	1	0	tensor(3)	2.424290498362301
136640.16046111612	6000.0	4074.257290800777	0.0	0	0.0	5714.417751916917	1	0	tensor(3)	2.4242904983623
137629.2168602538	6000.0	4085.2008916630934	0.0	0	0.0	5714.417751916917	1	0	tensor(3)	2.424290498362299
138908.82304896598	6000.0	3805.5947029509234	0.0	0	0.0	5714.417751916888	1	0	tensor(3)	2.424290498362302
139792.24408115013	6000.0	3922.1736707667515	0.0	0	0.0	5714.417751916859	1	0	tensor(3)	2.4242904983623053
141070.89727544007	6000.0	3643.5204764767827	0.0	0	0.0	5714.417751916859	1	0	tensor(3)	2.4242904983623053
142118.93164555504	6000.0	3595.4861063617986	0.0	0	0.0	5714.417751916859	1	0	tensor(3)	2.4242904983623053
143141.0485463403	6000.0	3573.3692055765796	0.0	0	0.0	5714.417751916859	1	0	tensor(3)	2.4242904983623053
143799.83722485363	6000.0	3914.58052706325	0.0	0	0.0	5714.417751916859	1	0	tensor(3)	2.4242904983623053
144675.50979552694	6000.0	4038.9079563899363	0.0	0	0.0	5714.417751916859	1	0	tensor(3)	2.4242904983623053
145827.81148947458	6000.0	3886.6062624423175	0.0	0	0.0	5714.417751916859	1	0	tensor(3)	2.4242904983623053
146876.9482580488	6000.0	3837.46949386812	0.0	0	0.0	5714.417751916859	1	0	tensor(3)	2.4242904983623053
148465.1346851892	6000.0	3249.2830667277435	0.0	0	0.0	5714.417751916859	1	0	tensor(3)	2.4242904983623053
150128.50641987144	6000.0	2585.9113320455003	0.0	0	0.0	5714.41775191683	1	0	tensor(3)	2.424290498362308
151731.05280427556	6000.0	1983.3649476413825	0.0	0	0.0	5714.41775191683	1	0	tensor(3)	2.424290498362308
152668.52169329816	3000.0	2045.8960586187636	0.0	0	0.0	5714.41775191683	1	0	tensor(3)	1.037996137242418
153575.10320691997	3000.0	2139.3145449969434	0.0	0	0.0	5714.417751916801	1	0	tensor(3)	1.731143317802366
154174.29291663878	3000.0	2540.1248352781226	0.0	0	0.0	5714.417751916801	1	0	tensor(3)	1.731143317802366
154821.8015611436	3000.0	2892.6161907733112	0.0	0	0.0	5714.417751916801	1	0	tensor(3)	1.731143317802366
155539.6739274882	3000.0	3174.7438244286814	0.0	0	0.0	5714.417751916801	1	0	tensor(3)	1.731143317802366
156206.4830111965	3000.0	3507.934740720389	0.0	0	0.0	5714.41775191683	1	0	tensor(3)	1.731143317802363
157135.29717233145	6000.0	3579.1205795854557	0.0	0	0.0	5714.41775191683	1	0	tensor(3)	1.731143317802363
157898.28373980598	6000.0	3816.134012110939	0.0	0	0.0	5714.417751916859	1	0	tensor(3)	2.4242904983623075
159385.75167251984	6000.0	3328.6660793970746	0.0	0	0.0	5714.41775191683	1	0	tensor(3)	2.4242904983623075
160738.44512615382	6000.0	2975.9726257631214	0.0	0	0.0	5714.41775191683	1	0	tensor(3)	2.424290498362308
162007.67623200704	6000.0	2706.741519909897	0.0	0	0.0	5714.417751916859	1	0	tensor(3)	2.4242904983623053
162873.242142247	6000.0	2841.1756096699564	0.0	0	0.0	5714.417751916888	1	0	tensor(3)	2.424290498362302
163856.80475134743	6000.0	2857.6130005695272	0.0	0	0.0	5714.417751916888	1	0	tensor(3)	2.424290498362302
165028.9498082413	6000.0	2685.467943675634	0.0	0	0.0	5714.417751916888	1	0	tensor(3)	2.424290498362302
166082.66335850445	6000.0	2631.75439341247	0.0	0	0.0	5714.417751916859	1	0	tensor(3)	2.4242904983623026
167961.31040795284	6000.0	1753.1073439640845	0.0	0	0.0	5714.417751916888	1	0	tensor(3)	2.424290498362302
168713.92610386157	6000.0	2000.4916480553354	0.0	0	0.0	5714.417751916888	1	0	tensor(3)	2.424290498362302
170290.7032442327	6000.0	1423.714507684203	0.0	0	0.0	5714.417751916917	1	0	tensor(3)	2.424290498362299
171595.50973148286	6000.0	1118.9080204340019	0.0	0	0.0	5714.417751916888	1	0	tensor(3)	2.424290498362302
172394.9907981533	6000.0	1319.4269537635748	0.0	0	0.0	5714.417751916859	1	0	tensor(3)	2.4242904983623053
173397.77590152848	6000.0	1316.6418503884163	0.0	0	0.0	5714.417751916859	1	0	tensor(3)	2.4242904983623053
174512.85935101862	6000.0	1201.5584008983	0.0	0	0.0	5714.417751916859	1	0	tensor(3)	2.4242904983623053
175306.41377117668	6000.0	1408.0039807402425	0.0	0	0.0	5714.417751916859	1	0	tensor(3)	2.4242904983623053
176365.5974676179	6000.0	1348.820284299025	0.0	0	0.0	5714.417751916859	1	0	tensor(3)	2.4242904983623053
176922.78891703775	6000.0	1791.6288348791538	0.0	0	0.0	5714.417751916801	1	0	tensor(3)	2.4242904983623084
177595.4390870382	6000.0	2118.978664878733	0.0	0	0.0	5714.41775191683	1	0	tensor(3)	2.424290498362308
178989.97406194534	6000.0	1724.4436899715722	0.0	0	0.0	5714.417751916801	1	0	tensor(3)	2.424290498362311
179891.37157733107	6000.0	1823.0461745858415	0.0	0	0.0	5714.41775191683	1	0	tensor(3)	2.424290498362308
182081.18403254624	6000.0	633.2337193706767	0.0	0	0.0	5714.41775191683	1	0	tensor(3)	2.424290498362308
182918.3009358654	3000.0	796.116816051525	0.0	0	0.0	5714.417751916859	1	0	tensor(3)	1.0379961372424176
183366.32014911476	3000.0	1348.097602802172	0.0	0	0.0	5714.417751916859	1	0	tensor(3)	1.7311433178023603
183789.53795083365	3000.0	1924.8798010832916	0.0	0	0.0	5714.417751916859	1	0	tensor(3)	1.7311433178023603
184749.77429506526	6000.0	1964.643456851673	0.0	0	0.0	5714.417751916859	1	0	tensor(3)	1.73114331780236
185389.8514377724	6000.0	2324.5663141445243	0.0	0	0.0	5714.417751916859	1	0	tensor(3)	2.4242904983623053
186592.13810174892	6000.0	2122.2796501680104	0.0	0	0.0	5714.417751916859	1	0	tensor(3)	2.4242904983623053
187770.27690922693	6000.0	1944.140842689992	0.0	0	0.0	5714.417751916888	1	0	tensor(3)	2.424290498362302
189050.41694114494	6000.0	1664.0008107719502	0.0	0	0.0	5714.417751916859	1	0	tensor(3)	2.4242904983623026
189859.56297541587	3000.0	1854.854776501005	0.0	0	0.0	5714.417751916859	1	0	tensor(3)	1.0379961372424154
191164.17560113358	3000.0	1550.2421507833096	0.0	0	0.0	5714.417751916859	1	0	tensor(3)	1.7311433178023603
192473.2199132647	3000.0	1241.1978386521876	0.0	0	0.0	3714.417751916859	1	0	tensor(6)	-4.068856682197638
193299.40613228228	3000.0	1415.0116196345975	0.0	0	0.0	3714.417751916859	1	0	tensor(3)	1.93114331780236
193863.1983269079	2000.0	1851.2194250089644	0.0	0	0.0	3714.417751916859	1	0	tensor(3)	1.1202131015860308
194549.99824757548	3000.0	2164.41950434138	0.0	0	0.0	3714.417751916859	1	0	tensor(3)	1.5256782096941954
195325.61537167738	3000.0	2388.8023802394514	0.0	0	0.0	3714.417751916859	1	0	tensor(3)	1.93114331780236
196016.0973609492	3000.0	2698.3203909676213	0.0	0	0.0	3714.417751916859	1	0	tensor(3)	1.93114331780236
197212.91044078284	6000.0	2501.5073111339702	0.0	0	0.0	3714.417751916859	1	0	tensor(3)	1.93114331780236
198534.58765252554	6000.0	2179.8300993912717	0.0	0	0.0	3714.417751916859	1	0	tensor(3)	2.624290498362305
200333.31250696073	6000.0	1381.1052449560832	0.0	0	0.0	3714.417751916859	1	0	tensor(3)	2.624290498362305
202327.55416335608	6000.0	386.8635885607308	0.0	0	0.0	3714.417751916859	1	0	tensor(3)	2.624290498362305
203415.26044518442	3000.0	466.26612205298596	167.10881532062024	0	0.0	3881.5265672374517	1	0	tensor(3)	0.21863236378663387
204428.94196567763	3000.0	507.97683054312563	55.39222898335173	0	0.0	3936.918796220765	1	0	tensor(3)	1.576539839471859
205110.27042849286	3000.0	826.6483677278741	0.0	0	0.0	3936.918796220765	1	0	tensor(3)	1.9088932133719694
205933.74355216464	3000.0	1003.1752440560841	0.0	0	0.0	3936.9187962207943	1	0	tensor(3)	1.9088932133719667
206638.6114133284	3000.0	1298.307382892289	0.0	0	0.0	3936.9187962207943	1	0	tensor(3)	1.9088932133719667
207493.0205636574	3000.0	1443.8982325633128	0.0	0	0.0	3936.9187962207943	1	0	tensor(3)	1.9088932133719667
208112.66669337862	3000.0	1824.2521028420858	0.0	0	0.0	3936.9187962207943	1	0	tensor(3)	1.9088932133719667
208970.9410989886	3000.0	1965.9776972321113	0.0	0	0.0	3936.9187962208234	1	0	tensor(3)	1.908893213371966
209517.45756285818	3000.0	2419.4612333625305	0.0	0	0.0	3936.9187962207943	1	0	tensor(3)	1.9088932133719667
210093.75797590654	3000.0	2843.1608203141586	0.0	0	0.0	3936.9187962208234	1	0	tensor(3)	1.9088932133719638
211195.55424080903	6000.0	2741.364555411675	0.0	0	0.0	3936.9187962208234	1	0	tensor(3)	1.9088932133719636
212067.2107246834	6000.0	2869.708071537308	0.0	0	0.0	3936.9187962207943	1	0	tensor(3)	2.6020403939319108
213108.35392705724	6000.0	2828.564869163486	0.0	0	0.0	3936.9187962208234	1	0	tensor(3)	2.6020403939319086
214663.79613864774	6000.0	2273.1226575729816	0.0	0	0.0	3936.9187962208234	1	0	tensor(3)	2.6020403939319086
216954.54367189875	6000.0	982.3751243219772	0.0	0	0.0	3936.9187962208234	1	0	tensor(3)	2.6020403939319103
217735.32467490877	3000.0	1201.5941213119484	0.0	0	0.0	3936.9187962207943	1	0	tensor(3)	1.2157460328120218
218620.45155000535	3000.0	1316.4672462153517	0.0	0	0.0	3936.9187962207943	1	0	tensor(3)	1.9088932133719667
219209.15811671235	3000.0	1727.7606795083161	0.0	0	0.0	3936.9187962207943	1	0	tensor(3)	1.9088932133719667
219932.6803073965	3000.0	2004.2384888241875	0.0	0	0.0	3936.9187962207943	1	0	tensor(3)	1.9088932133719667
220530.27404792744	3000.0	2406.6447482932494	0.0	0	0.0	3936.9187962207943	1	0	tensor(3)	1.9088932133719667
221462.7998837887	6000.0	2474.1189124319344	0.0	0	0.0	3936.9187962207943	1	0	tensor(3)	1.9088932133719665
222884.24464425712	6000.0	2052.6741519635293	0.0	0	0.0	3936.9187962207943	1	0	tensor(3)	2.6020403939319117
224031.5901149439	6000.0	1905.3286812767606	0.0	0	0.0	3936.9187962207943	1	0	tensor(3)	2.6020403939319117
225113.4817228161	6000.0	1823.437073404512	0.0	0	0.0	3936.9187962207943	1	0	tensor(3)	2.6020403939319134
226395.60029851593	6000.0	1541.3184977046835	0.0	0	0.0	3936.918796220765	1	0	tensor(3)	2.6020403939319143
227156.80436754093	6000.0	1780.1144286796753	0.0	0	0.0	3936.918796220765	1	0	tensor(3)	2.6020403939319143
227941.99243083718	6000.0	1994.9263653833825	0.0	0	0.0	3936.918796220765	1	0	tensor(3)	2.6020403939319143
229894.33175236863	6000.0	1042.58704385196	0.0	0	0.0	3936.918796220765	1	0	tensor(3)	2.6020403939319143
232221.71179730157	6000.0	200.0	484.7930010810021	0	0.0	4421.71179730157	1	0	tensor(3)	-0.33235929895496286
233234.34336969862	6000.0	591.3599743847119	403.99154678172397	0	0.0	4825.703344083333	1	0	tensor(3)	0.08921265845531423
234239.98152576818	6000.0	585.7218183151522	0.0	0	0.0	4825.703344083333	1	0	tensor(3)	2.513161939145658
234896.9805662294	3000.0	928.7227778539311	0.0	0	0.0	4825.703344083333	1	0	tensor(3)	1.1268675780257678
236146.94280596334	3000.0	678.7605381200046	0.0	0	0.0	4825.703344083362	1	0	tensor(3)	1.820014758585711
237073.27749348266	3000.0	752.4258506006715	0.0	0	0.0	4825.703344083333	1	0	tensor(3)	1.8200147585857112
238068.43562348097	3000.0	757.2677206023837	0.0	0	0.0	4825.703344083333	1	0	tensor(3)	1.8200147585857127
238808.87272960378	3000.0	1016.8306144795761	0.0	0	0.0	4825.703344083333	1	0	tensor(3)	1.8200147585857127
239207.4296403815	3000.0	1618.2737037018508	0.0	0	0.0	4825.703344083333	1	0	tensor(3)	1.8200147585857127
240363.06777685307	6000.0	1462.6355672303075	0.0	0	0.0	4825.703344083304	1	0	tensor(3)	1.8200147585857145
241818.8103267633	6000.0	1006.8930173200462	0.0	0	0.0	4825.703344083275	1	0	tensor(3)	2.513161939145663
243298.46011536923	6000.0	527.2432287141119	0.0	0	0.0	4825.703344083246	1	0	tensor(3)	2.5131619391456663
244123.27914129195	3000.0	702.4242027914157	0.0	0	0.0	4825.703344083246	1	0	tensor(3)	1.1268675780257766
244925.99961514238	3000.0	899.7037289409634	0.0	0	0.0	4825.7033440832165	1	0	tensor(3)	1.820014758585722
245623.4859140017	3000.0	1202.2174300816364	0.0	0	0.0	4825.703344083187	1	0	tensor(3)	1.8200147585857274
246363.71711623453	3000.0	1461.9862278487838	0.0	0	0.0	4825.703344083187	1	0	tensor(3)	1.8200147585857274
247011.9872688231	3000.0	1813.7160752601762	0.0	0	0.0	4825.703344083187	1	0	tensor(3)	1.820014758585729
248140.68436100613	6000.0	1685.0189830771544	0.0	0	0.0	4825.703344083158	1	0	tensor(3)	1.82001475858573
249145.31063962023	6000.0	1680.3927044630518	0.0	0	0.0	4825.703344083187	1	0	tensor(3)	2.513161939145673
249735.5498625226	6000.0	2090.15348156068	0.0	0	0.0	4825.703344083187	1	0	tensor(3)	2.513161939145672
250772.48985933614	6000.0	2053.2134847471334	0.0	0	0.0	4825.7033440832165	1	0	tensor(3)	2.5131619391456694
252812.9168021813	6000.0	1012.7865419019804	0.0	0	0.0	4825.7033440832165	1	0	tensor(3)	2.5131619391456694
253882.79363026738	6000.0	942.9097138159027	0.0	0	0.0	4825.7033440832165	1	0	tensor(3)	2.5131619391456694
255122.03909689994	6000.0	703.6642471833464	0.0	0	0.0	4825.7033440832165	1	0	tensor(3)	2.5131619391456694
256086.035843622	3000.0	739.6675004612684	0.0	0	0.0	4825.703344083187	1	0	tensor(3)	1.1268675780257824
256953.47784462437	3000.0	872.2254994589064	0.0	0	0.0	4825.703344083158	1	0	tensor(3)	1.820014758585728
257982.00814714906	3000.0	843.6951969342174	0.0	0	0.0	4825.703344083158	1	0	tensor(3)	1.8200147585857303
258880.4368250622	3000.0	945.2665190210689	0.0	0	0.0	4825.703344083158	1	0	tensor(3)	1.8200147585857303
260005.2281771994	3000.0	820.475166883863	0.0	0	0.0	4825.703344083158	1	0	tensor(3)	1.8200147585857303
260556.8429299367	3000.0	1268.8604141465582	0.0	0	0.0	4825.703344083158	1	0	tensor(3)	1.8200147585857303
261331.4484661437	3000.0	1494.2548779395738	0.0	0	0.0	4825.703344083158	1	0	tensor(3)	1.8200147585857303
262097.71331114668	3000.0	1727.9900329365923	0.0	0	0.0	4825.703344083158	1	0	tensor(3)	1.8200147585857303
263151.3911998813	3000.0	1674.3121442019324	0.0	0	0.0	4825.703344083158	1	0	tensor(3)	1.8200147585857338
263726.07844973606	3000.0	2099.6248943472256	0.0	0	0.0	4825.703344083158	1	0	tensor(3)	1.8200147585857325
264820.5289455589	3000.0	2005.1743985244755	0.0	0	0.0	4825.7033440832165	1	0	tensor(3)	1.8200147585857247
265549.5658547656	3000.0	2276.13748931776	0.0	0	0.0	4825.703344083246	1	0	tensor(3)	1.8200147585857216
266167.98838603275	3000.0	2657.7149580505366	0.0	0	0.0	4825.703344083187	1	0	tensor(3)	1.820014758585725
267110.67460062256	3000.0	2715.028743460749	0.0	0	0.0	4825.703344083158	1	0	tensor(3)	1.8200147585857298
268038.4146601461	3000.0	2787.28868393723	0.0	0	0.0	4825.7033440832165	1	0	tensor(3)	1.8200147585857276
269175.02302714624	3000.0	2650.680316937093	0.0	0	0.0	4825.7033440832165	1	0	tensor(3)	1.8200147585857243
270220.3133487164	3000.0	2605.389995366955	0.0	0	0.0	4825.703344083275	1	0	tensor(3)	1.8200147585857185
271028.8245111072	3000.0	2796.8788329762183	0.0	0	0.0	4825.703344083275	1	0	tensor(3)	1.8200147585857185
271802.5522482519	3000.0	3023.151095831453	0.0	0	0.0	4825.703344083275	1	0	tensor(3)	1.8200147585857185
272456.52462811494	3000.0	3369.1787159684636	0.0	0	0.0	4825.703344083275	1	0	tensor(3)	1.8200147585857185
273451.85573796765	3000.0	3373.847606115766	0.0	0	0.0	4825.703344083333	1	0	tensor(3)	1.8200147585857127
274240.8274773457	3000.0	3584.875866737691	0.0	0	0.0	4825.703344083391	1	0	tensor(3)	1.8200147585857067
275399.725289391	6000.0	3425.978054692423	0.0	0	0.0	4825.703344083391	1	0	tensor(3)	1.8200147585857067
276479.58169972105	6000.0	3346.121644362378	0.0	0	0.0	4825.703344083391	1	0	tensor(3)	2.5131619391456517
277481.1282621743	6000.0	3344.5750819090963	0.0	0	0.0	4825.703344083391	1	0	tensor(3)	2.5131619391456517
279156.12981549103	6000.0	2669.573528592328	0.0	0	0.0	4825.703344083391	1	0	tensor(3)	2.5131619391456517
280589.05214887176	6000.0	2236.6511952116134	0.0	0	0.0	4825.703344083449	1	0	tensor(3)	2.513161939145646
281840.1953449043	6000.0	1985.507999179066	0.0	0	0.0	4825.703344083449	1	0	tensor(3)	2.513161939145646
282492.65099135466	6000.0	2333.0523527287855	0.0	0	0.0	4825.703344083449	1	0	tensor(3)	2.513161939145646
283326.13315431186	6000.0	2499.570189771623	0.0	0	0.0	4825.703344083449	1	0	tensor(3)	2.513161939145646
284026.0907920436	6000.0	2799.612552039871	0.0	0	0.0	4825.703344083391	1	0	tensor(3)	2.513161939145648
284545.6235690337	6000.0	3280.0797750497745	0.0	0	0.0	4825.703344083391	1	0	tensor(3)	2.5131619391456517
285482.6022683544	6000.0	3343.1010757290715	0.0	0	0.0	4825.703344083391	1	0	tensor(3)	2.5131619391456517
286688.28912449226	6000.0	3137.414219591236	0.0	0	0.0	4825.703344083391	1	0	tensor(3)	2.5131619391456517
288156.0596100848	6000.0	2669.6437339986956	0.0	0	0.0	4825.703344083333	1	0	tensor(3)	2.513161939145658
288957.30550806416	6000.0	2868.397836019377	0.0	0	0.0	4825.703344083391	1	0	tensor(3)	2.5131619391456566
290275.99517048616	6000.0	2549.708173597367	0.0	0	0.0	4825.703344083391	1	0	tensor(3)	2.5131619391456517
291602.3479965584	6000.0	2223.355347525109	0.0	0	0.0	4825.703344083333	1	0	tensor(3)	2.513161939145658
292629.2127814911	6000.0	2196.490562592463	0.0	0	0.0	4825.703344083275	1	0	tensor(3)	2.513161939145663
293372.20785423246	6000.0	2453.4954898511555	0.0	0	0.0	4825.703344083275	1	0	tensor(3)	2.513161939145663
294617.74499272753	6000.0	2207.958351356114	0.0	0	0.0	4825.703344083275	1	0	tensor(3)	2.513161939145663
295892.8384742882	6000.0	1932.8648697954336	0.0	0	0.0	4825.703344083333	1	0	tensor(3)	2.513161939145658
297480.155998623	6000.0	1345.5473454605558	0.0	0	0.0	4825.703344083333	1	0	tensor(3)	2.513161939145658
299367.72009849246	6000.0	457.9832455910869	0.0	0	0.0	4825.703344083333	1	0	tensor(3)	2.5131619391456543
301548.11027173	6000.0	200.0	922.4069276464231	0	0.0	5748.110271729995	1	0	tensor(3)	-3.0912680434499205
302327.3479754514	3000.0	660.0265490995939	239.2642528210033	0	0.0	5987.374524550978	1	0	tensor(3)	-0.4248850569470168
303157.7171685089	3000.0	829.6573560421319	0.0	0	0.0	5987.3745245510945	1	0	tensor(3)	1.7038476405389391
304102.5617311468	3000.0	884.8127934041951	0.0	0	0.0	5987.3745245510945	1	0	tensor(3)	1.7038476405389367
304866.84461302625	3000.0	1120.5299115247433	0.0	0	0.0	5987.374524551036	1	0	tensor(3)	1.7038476405389424
305369.4953059642	3000.0	1617.8792185868	0.0	0	0.0	5987.374524551036	1	0	tensor(3)	1.7038476405389424
305748.0424753082	3000.0	2239.3320492428375	0.0	0	0.0	5987.374524551036	1	0	tensor(3)	1.7038476405389424
306758.4205298274	6000.0	2228.953994723534	0.0	0	0.0	5987.374524550978	1	0	tensor(3)	1.7038476405389482
307954.1847587506	6000.0	2033.1897658003584	0.0	0	0.0	5987.37452455092	1	0	tensor(3)	2.396994821098894
4.92	6.35	8.26	4.09	5.24	5.09	5.5	7.8	5.47	5.43	6.37	3.68	4.56	6.37	4.66	4.39	5.58	6.22	5.62	6.6	6.66	8.72	7.7	4.29	5.53	3.09	2.92	4.37	6.06	8.39	7.39	3.75	5.87	5.0	3.54	2.66	1.89	2.39	4.34	4.15	5.12	6.89	6.53	4.24	3.56	3.49	3.6	3.86	3.72	3.71	5.04	4.18	3.74	4.66	4.87	6.26	4.74	6.64	3.66	3.66	3.7	3.48	3.26	4.1	4.56	5.29	5.56	5.32	4.33	4.76	4.99	6.61	7.7	3.72	3.49	3.82	2.5	4.33	6.64	4.23	2.73	4.67	3.89	4.9	6.99	4.62	4.97	2.76	4.7	3.07	4.38	5.55	6.19	6.39	8.09	7.25	2.4	3.95	5.06	5.2	3.93	4.38	3.39	4.07	2.95	4.2	3.65	3.07	4.56	3.44	4.91	3.97	3.17	3.35	3.86	3.15	4.01	4.24	3.31	4.85	5.66	4.95	4.74	3.54	5.83	4.62	6.09	8.47	10.8	9.99	6.96	5.51	5.49	6.09	3.81	3.93	6.09	8.62	5.92	4.91	6.34	4.81	5.72	4.14	3.86	3.29	3.53	4.87	4.04	5.34	4.92	6.35	8.26	4.09	5.24	5.09	5.5	7.8	5.47	5.43	6.37	3.68	4.56	6.37	4.66	4.39	5.58	6.22	5.62	6.6	6.66	8.72	7.7	4.29	5.53	3.09	2.92	4.37	6.06	8.39	7.39	3.75	5.87	5.0	3.54	2.66	1.89	2.39	4.34	4.15	5.12	6.89	6.53	4.24	3.56	3.49	3.6	3.86	3.72	3.71	5.04	4.18	3.74	4.66	4.87	6.26	4.74	6.64	3.66	3.66	3.7	3.48	3.26	4.1	4.56	5.29	5.56	5.32	4.33	4.76	4.99	6.61	7.7	3.72	3.49	3.82	2.5	4.33	6.64	4.23	2.73	4.67	3.89	4.9	6.99	4.62	4.97	2.76	4.7	3.07	4.38	5.55	6.19	6.39	8.09	7.25	2.4	3.95	5.06	5.2	3.93	4.38	3.39	4.07	2.95	4.2	3.65	3.07	4.56	3.44	4.91	3.97	3.17	3.35	3.86	3.15	4.01	4.24	3.31	4.85	5.66	4.95	4.74	3.54	5.83	4.62	6.09	8.47	10.8	9.99	6.96	5.51	5.49	6.09	3.81	3.93	6.09	8.62	5.92	4.91	6.34	4.81	5.72	4.14	3.86	3.29	3.53	4.87	4.04	5.34	4.92	6.35	8.26	4.09	5.24	5.09	5.5
1.0	2.0	3.0	4.0	5.0	6.0	7.0	8.0	9.0	10.0	11.0	12.0	13.0	14.0	15.0	16.0	17.0	18.0	19.0	20.0	21.0	22.0	23.0	24.0	25.0	26.0	27.0	28.0	29.0	30.0	31.0	32.0	33.0	34.0	35.0	36.0	37.0	38.0	39.0	40.0	41.0	42.0	43.0	44.0	45.0	46.0	47.0	48.0	49.0	50.0	51.0	52.0	53.0	54.0	55.0	56.0	57.0	58.0	59.0	60.0	61.0	62.0	63.0	64.0	65.0	66.0	67.0	68.0	69.0	70.0	71.0	72.0	73.0	74.0	75.0	76.0	77.0	78.0	79.0	80.0	81.0	82.0	83.0	84.0	85.0	86.0	87.0	88.0	89.0	90.0	91.0	92.0	93.0	94.0	95.0	96.0	97.0	98.0	99.0	100.0	101.0	102.0	103.0	104.0	105.0	106.0	107.0	108.0	109.0	110.0	111.0	112.0	113.0	114.0	115.0	116.0	117.0	118.0	119.0	120.0	121.0	122.0	123.0	124.0	125.0	126.0	127.0	128.0	129.0	130.0	131.0	132.0	133.0	134.0	135.0	136.0	137.0	138.0	139.0	140.0	141.0	142.0	143.0	144.0	145.0	146.0	147.0	148.0	149.0	149.0	150.0	151.0	152.0	153.0	154.0	155.0	156.0	157.0	158.0	159.0	160.0	161.0	162.0	163.0	164.0	165.0	166.0	167.0	168.0	169.0	170.0	171.0	172.0	173.0	174.0	175.0	176.0	177.0	178.0	179.0	180.0	181.0	182.0	183.0	184.0	185.0	186.0	187.0	188.0	189.0	190.0	191.0	192.0	193.0	194.0	195.0	196.0	197.0	198.0	199.0	200.0	201.0	202.0	203.0	204.0	205.0	206.0	207.0	208.0	209.0	210.0	211.0	212.0	213.0	214.0	215.0	216.0	217.0	218.0	219.0	220.0	221.0	222.0	223.0	224.0	225.0	226.0	227.0	228.0	229.0	230.0	231.0	232.0	233.0	234.0	235.0	236.0	237.0	238.0	239.0	240.0	241.0	242.0	243.0	244.0	245.0	246.0	247.0	248.0	249.0	250.0	251.0	252.0	253.0	254.0	255.0	256.0	257.0	258.0	259.0	260.0	261.0	262.0	263.0	264.0	265.0	266.0	267.0	268.0	269.0	270.0	271.0	272.0	273.0	274.0	275.0	276.0	277.0	278.0	279.0	280.0	281.0	282.0	283.0	284.0	285.0	286.0	287.0	288.0	289.0	290.0	291.0	292.0	293.0	294.0	295.0	296.0	297.0	298.0	298.0	299.0	300.0	301.0	302.0	303.0	304.0	305.0
5895.698043412269
