5393.292129782	300.0	2000.0	218.40981401554265	0	0.0	5393.292129782	1	0	tensor(3)	-1.8445915770980332
6268.870865356829	1000.0	2124.4212644251716	0.0	0	0.0	5393.292129782	1	0	tensor(3)	-0.5393292129781999
6962.536922547246	1000.0	2430.7552072347553	0.0	0	0.0	3393.2921297820003	1	0	tensor(6)	-5.135356408652262
7627.332187605109	1000.0	2765.959942176892	0.0	0	0.0	3393.2921297819994	1	0	tensor(3)	0.8646435913477362
8714.375389616634	2000.0	2678.9167401653667	0.0	0	0.0	3393.292129782001	1	0	tensor(3)	0.8646435913477359
10387.661101146756	2000.0	2005.6310286352464	0.0	0	0.0	3393.292129782004	1	0	tensor(3)	1.5577907719076811
11382.637639339855	2000.0	2010.6544904421476	0.0	0	0.0	3393.292129782005	1	0	tensor(3)	1.557790771907681
12249.615468149137	2000.0	2143.676661632864	0.0	0	0.0	3393.292129782005	1	0	tensor(3)	1.557790771907681
13163.522902348965	2000.0	2229.7692274330366	0.0	0	0.0	3393.292129782005	1	0	tensor(3)	1.557790771907681
14458.394282050482	2000.0	1934.8978477315184	0.0	0	0.0	3393.292129782005	1	0	tensor(3)	1.557790771907681
15362.184643903289	2000.0	2031.107485878712	0.0	0	0.0	3393.292129782005	1	0	tensor(3)	1.557790771907681
16143.36743414031	2000.0	2249.924695641689	0.0	0	0.0	3393.292129782005	1	0	tensor(3)	1.557790771907681
17193.763558929604	2000.0	2199.5285708523925	0.0	0	0.0	3393.292129782005	1	0	tensor(3)	1.5577907719076811
18521.265663211037	2000.0	1872.0264665709583	0.0	0	0.0	3393.2921297820067	1	0	tensor(3)	1.5577907719076807
20021.80296295758	2000.0	1371.4891668244177	0.0	0	0.0	3393.2921297820067	1	0	tensor(3)	1.5577907719076807
20608.77010839802	1000.0	1784.5220213839725	0.0	0	0.0	3393.2921297820067	1	0	tensor(3)	0.17149641078779032
21575.129779729727	2000.0	1818.1623500522694	0.0	0	0.0	3393.2921297820067	1	0	tensor(3)	0.8646435913477354
22536.802327147627	2000.0	1856.4898026343694	0.0	0	0.0	3393.2921297820103	1	0	tensor(3)	1.5577907719076802
23827.746624560914	2000.0	1565.545505221083	0.0	0	0.0	3393.2921297820103	1	0	tensor(3)	1.5577907719076802
24735.43847136697	2000.0	1657.8536584150268	0.0	0	0.0	3393.292129782014	1	0	tensor(3)	1.55779077190768
25577.4776969874	2000.0	1815.8144327945938	0.0	0	0.0	3393.292129782014	1	0	tensor(3)	1.55779077190768
26366.462288965908	2000.0	2026.829840816082	0.0	0	0.0	3393.292129782014	1	0	tensor(3)	1.55779077190768
27374.609915222656	2000.0	2018.6822145593308	0.0	0	0.0	3393.292129782014	1	0	tensor(3)	1.55779077190768
28347.301943529306	2000.0	2045.990186252677	0.0	0	0.0	3393.2921297820103	1	0	tensor(3)	1.5577907719076802
29421.376745688507	2000.0	1971.9153840934734	0.0	0	0.0	3393.2921297820103	1	0	tensor(3)	1.5577907719076802
30335.924421785334	2000.0	2057.367707996645	0.0	0	0.0	3393.2921297820103	1	0	tensor(3)	1.5577907719076802
31624.737287683598	2000.0	1768.5548420983757	0.0	0	0.0	3393.2921297820103	1	0	tensor(3)	1.5577907719076802
32832.50479879142	2000.0	1560.7873309905524	0.0	0	0.0	3393.292129782014	1	0	tensor(3)	1.5577907719076802
33987.08891320522	2000.0	1406.203216576751	0.0	0	0.0	3393.2921297820103	1	0	tensor(3)	1.5577907719076796
34685.384852085765	2000.0	1707.9072776962048	0.0	0	0.0	3393.2921297820103	1	0	tensor(3)	1.55779077190768
35749.78574745286	2000.0	1643.5063823291111	0.0	0	0.0	3393.2921297820067	1	0	tensor(3)	1.5577907719076807
37265.230172046235	2000.0	1128.0619577357327	0.0	0	0.0	3393.2921297820067	1	0	tensor(3)	1.5577907719076807
38107.01836869342	2000.0	1286.2737610885517	0.0	0	0.0	3393.2921297820067	1	0	tensor(3)	1.5577907719076807
39459.61493166035	2000.0	933.6771981216208	0.0	0	0.0	3393.2921297819994	1	0	tensor(3)	1.5577907719076813
40244.2922158943	1000.0	1148.9999138876733	0.0	0	0.0	3393.2921297819994	1	0	tensor(3)	0.1714964107877911
41103.30541597616	2000.0	1289.9867138058025	0.0	0	0.0	3393.292129781992	1	0	tensor(3)	0.864643591347737
42279.78091345766	2000.0	1113.5112163242936	0.0	0	0.0	3393.292129781985	1	0	tensor(3)	1.557790771907683
43252.94487495693	2000.0	1140.347254825019	0.0	0	0.0	3393.292129781985	1	0	tensor(3)	1.557790771907683
44468.239522609816	2000.0	925.0526071721266	0.0	0	0.0	3393.292129781985	1	0	tensor(3)	1.557790771907683
45675.72698261769	2000.0	717.5651471642525	0.0	0	0.0	3393.292129781985	1	0	tensor(3)	1.557790771907683
46531.36158086633	2000.0	861.9305489156126	0.0	0	0.0	3393.2921297819776	1	0	tensor(3)	1.5577907719076836
47461.549902851395	2000.0	931.7422269305464	0.0	0	0.0	3393.2921297819776	1	0	tensor(3)	1.5577907719076836
48291.63712441733	2000.0	1101.6550053646122	0.0	0	0.0	3393.2921297819776	1	0	tensor(3)	1.5577907719076836
49187.792904240756	2000.0	1205.4992255411871	0.0	0	0.0	3393.292129781985	1	0	tensor(3)	1.557790771907683
50211.03789258742	2000.0	1182.2542371945278	0.0	0	0.0	3393.292129781985	1	0	tensor(3)	1.557790771907683
51210.932972591974	2000.0	1182.3591571899663	0.0	0	0.0	3393.292129781985	1	0	tensor(3)	1.557790771907683
52075.03457071284	2000.0	1318.257559069105	0.0	0	0.0	3393.292129781985	1	0	tensor(3)	1.557790771907683
52970.10856809033	2000.0	1423.183561691625	0.0	0	0.0	3393.292129781985	1	0	tensor(3)	1.557790771907683
53617.66197303324	2000.0	1775.6301567487199	0.0	0	0.0	3393.292129781985	1	0	tensor(3)	1.557790771907683
55998.40324915854	3000.0	394.88888062342573	0.0	0	0.0	3393.292129781992	1	0	tensor(3)	1.557790771907682
56572.08302019021	1000.0	821.209109591753	0.0	0	0.0	3393.292129781992	1	0	tensor(3)	-0.23396869732037293
57186.99132176107	1000.0	1206.300808020903	0.0	0	0.0	3393.2921297819994	1	0	tensor(3)	0.8646435913477363
58014.38861865911	2000.0	1378.903511122861	0.0	0	0.0	3393.292129781992	1	0	tensor(3)	0.864643591347737
58855.96070326211	2000.0	1537.331426519854	0.0	0	0.0	3393.292129781992	1	0	tensor(3)	1.5577907719076822
59388.24130120762	2000.0	2005.0508285743495	0.0	0	0.0	3393.2921297819994	1	0	tensor(3)	1.5577907719076813
60739.14859002702	3000.0	1654.1435397549553	0.0	0	0.0	3393.2921297819994	1	0	tensor(3)	1.5577907719076816
62070.12629449752	3000.0	1323.1658352844631	0.0	0	0.0	3393.2921297819994	1	0	tensor(3)	1.9632558800158462
63359.668151522215	2000.0	1033.623978259764	0.0	0	0.0	3393.2921297820067	1	0	tensor(3)	1.152325663799516
64221.15357183261	1000.0	1172.1385579493701	0.0	0	0.0	3393.2921297820067	1	0	tensor(3)	0.17149641078779032
64932.22001468667	2000.0	1461.0721150953068	0.0	0	0.0	3393.2921297820067	1	0	tensor(3)	0.8646435913477354
66097.47662005699	2000.0	1295.815509724984	0.0	0	0.0	3393.2921297819994	1	0	tensor(3)	1.5577907719076811
66739.41982961814	2000.0	1653.8723001638396	0.0	0	0.0	3393.2921297819994	1	0	tensor(3)	1.5577907719076816
67629.92500465825	2000.0	1763.3671251237508	0.0	0	0.0	3393.292129782021	1	0	tensor(3)	1.5577907719076804
68956.65536417735	3000.0	1436.6367656046473	0.0	0	0.0	3393.2921297820285	1	0	tensor(3)	1.5577907719076782
70431.8833422105	3000.0	961.4087875715139	0.0	0	0.0	3393.292129782043	1	0	tensor(3)	1.9632558800158417
72518.4609780594	3000.0	200.0	325.1688482773817	0	0.0	3718.460978059433	1	0	tensor(3)	-0.0002989170166372568
73291.98887037097	1000.0	575.8430748378807	149.37096714945827	0	0.0	3867.831945208891	1	0	tensor(3)	-1.1776484817598123
74141.58589205299	1000.0	726.2460531558626	0.0	0	0.0	3867.831945208891	1	0	tensor(3)	0.8171896098050471
74927.0138732958	2000.0	940.8180719130423	0.0	0	0.0	3867.831945208891	1	0	tensor(3)	0.8171896098050471
76017.04872722813	2000.0	850.7832179807003	0.0	0	0.0	3867.831945208891	1	0	tensor(3)	1.5103367903649922
76894.26106980583	1000.0	973.5708754030009	0.0	0	0.0	3867.831945208891	1	0	tensor(3)	0.12404242924510189
77315.3389672332	1000.0	1552.4929779756437	0.0	0	0.0	3867.831945208891	1	0	tensor(3)	0.8171896098050471
78080.80511314583	2000.0	1787.0268320630132	0.0	0	0.0	3867.831945208891	1	0	tensor(3)	0.8171896098050471
78720.90857022488	2000.0	2146.9233749839655	0.0	0	0.0	3867.831945208891	1	0	tensor(3)	1.5103367903649922
79503.26637307095	2000.0	2364.5655721378885	0.0	0	0.0	3867.831945208891	1	0	tensor(3)	1.5103367903649922
80572.48772606843	3000.0	2295.344219140391	0.0	0	0.0	3867.831945208891	1	0	tensor(3)	1.5103367903649925
81989.56410982677	3000.0	1878.2678353820643	0.0	0	0.0	3867.831945208891	1	0	tensor(3)	1.915801898473157
83303.96539119168	3000.0	1563.8665540171407	0.0	0	0.0	3867.8319452088763	1	0	tensor(3)	1.9158018984731584
84392.10215188313	3000.0	1475.7297933257	0.0	0	0.0	3867.8319452088763	1	0	tensor(3)	1.9158018984731584
85289.08572701241	2000.0	1578.7462181964327	0.0	0	0.0	3867.8319452088763	1	0	tensor(3)	1.104871682256829
86574.76159266128	2000.0	1293.0703525475633	0.0	0	0.0	1867.8319452088908	1	0	tensor(6)	-4.28966320963501
87817.48021845247	2000.0	1050.3517267563566	0.0	0	0.0	1867.8319452088908	1	0	tensor(3)	1.7103367903649922
88916.17236772626	2000.0	951.6595774825633	0.0	0	0.0	1867.8319452088908	1	0	tensor(3)	1.7103367903649922
89847.27165226941	2000.0	1020.5602929394151	0.0	0	0.0	1867.8319452088908	1	0	tensor(3)	1.7103367903649922
90896.27461411574	2000.0	971.5573310930637	0.0	0	0.0	1867.8319452088908	1	0	tensor(3)	1.7103367903649922
91608.28420362671	1000.0	1259.5477415820924	0.0	0	0.0	1867.8319452088763	1	0	tensor(3)	0.3240424292451034
92512.91014701556	2000.0	1354.92179819325	0.0	0	0.0	1867.8319452088763	1	0	tensor(3)	1.0171896098050484
93556.8304305999	2000.0	1311.00151460891	0.0	0	0.0	1867.8319452088763	1	0	tensor(3)	1.7103367903649935
94378.30486705333	2000.0	1489.5270781554877	0.0	0	0.0	1867.8319452088763	1	0	tensor(3)	1.7103367903649935
95288.50841767322	2000.0	1579.323527535589	0.0	0	0.0	1867.8319452088763	1	0	tensor(3)	1.7103367903649935
96397.51690675622	2000.0	1470.3150384525936	0.0	0	0.0	1867.8319452088908	1	0	tensor(3)	1.7103367903649922
97347.8746936316	2000.0	1519.9572515772063	0.0	0	0.0	1867.8319452088763	1	0	tensor(3)	1.7103367903649935
98417.37115461433	2000.0	1450.4607905944822	0.0	0	0.0	1867.8319452088763	1	0	tensor(3)	1.7103367903649935
99200.0	2000.0	1667.8319452088326	0.0	0	122.38953912451689	1867.8319452088763	1	0	tensor(3)	1.7103367903649935
100212.93540721307	2000.0	1654.8965379957833	0.0	0	114.36112954338023	1867.8319452088763	1	0	tensor(3)	1.7103367903649935
101912.32513199079	2000.0	955.5068132180602	0.0	0	0.0	1867.8319452088763	1	0	tensor(3)	1.7103367903649935
102550.28474568303	1000.0	1317.5471995258267	0.0	0	0.0	1867.8319452088763	1	0	tensor(3)	0.3240424292451034
103660.83925996583	2000.0	1206.992685243024	0.0	0	0.0	1867.8319452088617	1	0	tensor(3)	1.0171896098050501
104554.50199445017	2000.0	1313.3299507586817	0.0	0	0.0	1867.8319452088472	1	0	tensor(3)	1.7103367903649966
105200.0	1000.0	1667.8319452088558	0.0	0	149.48195315847988	1867.8319452088472	1	0	tensor(3)	0.3240424292451063
106733.98177782484	2000.0	1133.8501673839978	0.0	0	0.0	1867.8319452088326	1	0	tensor(3)	1.0171896098050528
107200.0	1000.0	1667.8319452088124	0.0	0	39.79969549631642	1867.8319452088326	1	0	tensor(3)	0.3240424292451077
108200.0	2000.0	1667.8319452088049	0.0	0	46.4522757245868	1867.8319452088326	1	0	tensor(3)	1.0171896098050528
109361.0595483614	2000.0	1506.7723968474065	0.0	0	0.0	1867.8319452088326	1	0	tensor(3)	1.710336790364998
110200.0	2000.0	1667.8319452087972	0.0	0	91.75299747618556	1867.8319452088326	1	0	tensor(3)	1.710336790364998
111397.88661999264	2000.0	1469.9453252161543	0.0	0	0.0	1867.8319452088326	1	0	tensor(3)	1.710336790364998
112357.0389956101	1000.0	1510.792949598693	0.0	0	0.0	1867.8319452088326	1	0	tensor(3)	0.3240424292451077
113200.0	1000.0	1667.83194520878	0.0	0	124.0870892945095	1867.8319452088326	1	0	tensor(3)	1.0171896098050528
114200.0	1000.0	1667.831945208787	0.0	0	524.1649647945014	1867.8319452088326	1	0	tensor(3)	1.0171896098050528
115270.67549597808	2000.0	1597.1564492307207	0.0	0	0.0	1867.8319452088472	1	0	tensor(3)	1.0171896098050515
116698.56154951935	2000.0	1169.2703956894693	0.0	0	0.0	1867.8319452088472	1	0	tensor(3)	1.7103367903649966
118126.30241356777	2000.0	741.529531641052	0.0	0	0.0	1867.8319452088472	1	0	tensor(3)	1.7103367903649966
119224.82212245623	2000.0	643.0098227525855	0.0	0	0.0	1867.8319452088326	1	0	tensor(3)	1.710336790364998
119905.559274518	2000.0	962.2726706908137	0.0	0	0.0	1867.8319452088326	1	0	tensor(3)	1.710336790364998
120635.52139416097	2000.0	1232.3105510478504	0.0	0	0.0	1867.8319452088326	1	0	tensor(3)	1.710336790364998
121920.10697398042	2000.0	947.7249712284174	0.0	0	0.0	1867.8319452088472	1	0	tensor(3)	1.7103367903649966
122909.90677302744	2000.0	957.9251721813976	0.0	0	0.0	1867.8319452088472	1	0	tensor(3)	1.7103367903649966
123798.11638489777	2000.0	1069.7155603110539	0.0	0	0.0	1867.8319452088472	1	0	tensor(3)	1.7103367903649966
124752.78819614607	2000.0	1115.0437490627714	0.0	0	0.0	1867.8319452088472	1	0	tensor(3)	1.7103367903649966
125826.26336098	2000.0	1041.568584228858	0.0	0	0.0	1867.8319452088472	1	0	tensor(3)	1.7103367903649966
126697.44075838856	2000.0	1170.3911868202938	0.0	0	0.0	1867.8319452088472	1	0	tensor(3)	1.7103367903649966
127647.9274058572	2000.0	1219.9045393516424	0.0	0	0.0	1867.8319452088472	1	0	tensor(3)	1.7103367903649966
128537.28240028044	2000.0	1330.5495449284117	0.0	0	0.0	1867.8319452088617	1	0	tensor(3)	1.710336790364995
129311.96188783665	2000.0	1555.8700573721976	0.0	0	0.0	1867.8319452088472	1	0	tensor(3)	1.7103367903649966
130385.30299946993	2000.0	1482.5289457389076	0.0	0	0.0	1867.8319452088472	1	0	tensor(3)	1.7103367903649966
131242.50899501803	2000.0	1625.3229501907958	0.0	0	0.0	1867.8319452088326	1	0	tensor(3)	1.7103367903649962
132200.0	2000.0	1667.831945208846	0.0	0	212.02173159297672	1867.8319452088763	1	0	tensor(3)	1.7103367903649953
133200.0	2000.0	1667.8319452088383	0.0	0	157.18730731957476	1867.8319452088326	1	0	tensor(3)	1.7103367903649964
134241.05476464995	2000.0	1626.7771805588989	0.0	0	0.0	1867.8319452088617	1	0	tensor(3)	1.7103367903649969
135200.0	2000.0	1667.8319452088303	0.0	0	128.67783814715222	1867.8319452088326	1	0	tensor(3)	1.710336790364998
136200.0	2000.0	1667.8319452087992	0.0	0	243.08868000365328	1867.8319452088326	1	0	tensor(3)	1.710336790364998
137682.34784054293	2000.0	1185.484104665849	0.0	0	0.0	1867.8319452088326	1	0	tensor(3)	1.710336790364998
138293.8704769092	1000.0	1573.9614682995732	0.0	0	0.0	1867.8319452088326	1	0	tensor(3)	0.3240424292451077
139222.337095613	2000.0	1645.4948495957424	0.0	0	0.0	1867.8319452088617	1	0	tensor(3)	1.0171896098050501
140200.0	1000.0	1667.8319452087578	0.0	0	238.55913888145005	1867.8319452088617	1	0	tensor(3)	0.3240424292451049
141200.0	2000.0	1667.8319452087312	0.0	0	107.94451087663765	1867.8319452088617	1	0	tensor(3)	1.0171896098050501
142200.0	2000.0	1667.831945208693	0.0	0	271.38679064644384	1867.8319452088617	1	0	tensor(3)	1.710336790364995
143200.0	2000.0	1667.8319452086812	0.0	0	68.21868113180972	1867.8319452088617	1	0	tensor(3)	1.710336790364995
144617.1780954648	2000.0	1250.6538497438853	0.0	0	0.0	1867.8319452088617	1	0	tensor(3)	1.710336790364995
145237.13430487175	1000.0	1630.6976403369442	0.0	0	0.0	1867.8319452088326	1	0	tensor(3)	0.3240424292451077
146656.4059639598	2000.0	1211.4259812488913	0.0	0	0.0	1867.8319452088326	1	0	tensor(3)	1.0171896098050528
147632.14497279027	2000.0	1235.6869724184244	0.0	0	0.0	1867.8319452088035	1	0	tensor(3)	1.710336790365001
148894.1685720663	2000.0	973.6633731423883	0.0	0	0.0	1867.8319452088035	1	0	tensor(3)	1.710336790365001
149506.44307527397	1000.0	1361.3888699347278	0.0	0	0.0	1867.8319452088035	1	0	tensor(3)	0.32404242924511073
150346.32262325563	1000.0	1521.5093219530302	0.0	0	0.0	1867.8319452088035	1	0	tensor(3)	1.017189609805056
151200.0	1000.0	1667.8319452086532	0.0	0	285.81620796825155	1867.8319452088326	1	0	tensor(3)	1.0171896098050528
152200.0	1000.0	1667.8319452086316	0.0	0	326.7913584135531	1867.8319452088326	1	0	tensor(3)	1.0171896098050528
153200.0	1000.0	1667.831945208641	0.0	0	405.75190676990314	1867.8319452088326	1	0	tensor(3)	1.0171896098050528
154538.26384155	2000.0	1329.5681036586616	0.0	0	0.0	1867.8319452088035	1	0	tensor(3)	1.017189609805056
155209.20910844344	1000.0	1658.6228367652309	0.0	0	0.0	1867.8319452088035	1	0	tensor(3)	0.32404242924511073
156200.0	1000.0	1667.8319452086564	0.0	0	91.61677271209192	1867.8319452087453	1	0	tensor(3)	1.01718960980506
157675.21228560642	2000.0	1192.619659602215	0.0	0	0.0	1867.8319452087162	1	0	tensor(3)	1.017189609805064
158506.62891718413	1000.0	1361.2030280244985	0.0	0	0.0	1867.8319452087162	1	0	tensor(3)	0.32404242924511933
159376.4102005438	1000.0	1491.4217446648345	0.0	0	0.0	1867.8319452087162	1	0	tensor(3)	1.0171896098050646
160689.4854913209	2000.0	1178.3464538877115	0.0	0	0.0	1867.8319452087162	1	0	tensor(3)	1.0171896098050643
161732.22644070844	2000.0	1135.6055045001772	0.0	0	0.0	1867.8319452087162	1	0	tensor(3)	1.7103367903650097
163181.46735511188	2000.0	686.3645900967678	0.0	0	0.0	1867.8319452087453	1	0	tensor(3)	1.7103367903650069
164214.22420912847	2000.0	653.6077360801592	0.0	0	0.0	1867.8319452087744	1	0	tensor(3)	1.7103367903650049
164827.1374580332	2000.0	1040.6944871754288	0.0	0	0.0	1867.8319452088035	1	0	tensor(3)	1.710336790365001
166204.31014042726	2000.0	663.5218047813394	0.0	0	0.0	1867.8319452088035	1	0	tensor(3)	1.710336790365001
167179.9107167085	2000.0	687.9212285001281	0.0	0	0.0	1867.8319452088035	1	0	tensor(3)	1.710336790365001
168364.73515997708	2000.0	503.096785231564	0.0	0	0.0	1867.8319452088035	1	0	tensor(3)	1.710336790365001
169202.80447005897	1000.0	665.0274751496999	0.0	0	0.0	1867.8319452088326	1	0	tensor(3)	0.3240424292451089
169688.145947436	1000.0	1179.6859977726963	0.0	0	0.0	1867.8319452088617	1	0	tensor(3)	1.0171896098050501
170297.19404109902	1000.0	1570.637904109665	0.0	0	0.0	1867.8319452088617	1	0	tensor(3)	1.0171896098050501
171200.0	2000.0	1667.8319452087178	0.0	0	21.039792501804186	1867.8319452088617	1	0	tensor(3)	1.0171896098050501
172200.0	2000.0	1667.8319452087387	0.0	0	169.95407085478655	1867.8319452088617	1	0	tensor(3)	1.710336790364995
173581.7383996734	2000.0	1286.0935455353494	0.0	0	0.0	1867.8319452088908	1	0	tensor(3)	1.7103367903649922
174786.23859555248	2000.0	1081.5933496562593	0.0	0	0.0	1867.8319452088617	1	0	tensor(3)	1.710336790364995
175660.8709274866	2000.0	1206.9610177221512	0.0	0	0.0	1867.8319452088617	1	0	tensor(3)	1.710336790364995
176355.54358143173	2000.0	1512.2883637770256	0.0	0	0.0	1867.8319452088908	1	0	tensor(3)	1.7103367903649922
177200.0	2000.0	1667.831945208748	0.0	0	84.73917622276349	1867.8319452088908	1	0	tensor(3)	1.7103367903649922
178471.95004286518	2000.0	1395.8819023435603	0.0	0	0.0	1867.8319452088908	1	0	tensor(3)	1.7103367903649922
179375.51760743163	2000.0	1492.3143377771262	0.0	0	0.0	1867.8319452088908	1	0	tensor(3)	1.7103367903649922
180209.47158119228	2000.0	1658.3603640165106	0.0	0	0.0	1867.83194520892	1	0	tensor(3)	1.7103367903649893
181332.1802246249	2000.0	1535.6517205838525	0.0	0	0.0	1867.83194520892	1	0	tensor(3)	1.7103367903649893
182200.0	2000.0	1667.8319452087353	0.0	0	15.970522962103132	1867.831945208949	1	0	tensor(3)	1.7103367903649862
183200.0	2000.0	1667.8319452087294	0.0	0	116.0832649312797	1867.831945208949	1	0	tensor(3)	1.7103367903649862
184200.0	2000.0	1667.8319452087337	0.0	0	341.09961950063007	1867.8319452089781	1	0	tensor(3)	1.7103367903649835
185200.0	2000.0	1667.831945208724	0.0	0	44.029038874898106	1867.8319452089781	1	0	tensor(3)	1.7103367903649835
186706.16493740864	2000.0	1161.6670078000736	0.0	0	0.0	1867.8319452089781	1	0	tensor(3)	1.7103367903649835
187656.00334540586	2000.0	1211.8285998028286	0.0	0	0.0	1867.831945208949	1	0	tensor(3)	1.7103367903649862
188938.9455972241	2000.0	928.8863479845568	0.0	0	0.0	1867.83194520892	1	0	tensor(3)	1.7103367903649893
189472.80656094235	1000.0	1395.025384266319	0.0	0	0.0	1867.8319452088908	1	0	tensor(3)	0.32404242924510196
190705.04498191326	2000.0	1162.7869632954103	0.0	0	0.0	1867.8319452088908	1	0	tensor(3)	1.017189609805047
191573.1952071943	2000.0	1294.6367380143865	0.0	0	0.0	1867.8319452088908	1	0	tensor(3)	1.7103367903649922
192409.41226117057	2000.0	1458.4196840381255	0.0	0	0.0	1867.8319452088617	1	0	tensor(3)	1.7103367903649942
193513.44828495584	2000.0	1354.383660252827	0.0	0	0.0	1867.8319452088617	1	0	tensor(3)	1.710336790364995
194277.9967167791	2000.0	1589.8352284295734	0.0	0	0.0	1867.8319452088617	1	0	tensor(3)	1.710336790364995
195200.0	2000.0	1667.8319452086803	0.0	0	169.86970325862058	1867.8319452088617	1	0	tensor(3)	1.710336790364995
196200.0	2000.0	1667.8319452086816	0.0	0	12.703553681902122	1867.8319452088326	1	0	tensor(3)	1.7103367903649969
197369.64569985232	2000.0	1498.1862453563583	0.0	0	0.0	1867.8319452088326	1	0	tensor(3)	1.710336790364998
198200.0	2000.0	1667.831945208689	0.0	0	146.4350230631244	1867.8319452088326	1	0	tensor(3)	1.710336790364998
199499.522793059	2000.0	1368.3091521496854	0.0	0	0.0	1867.8319452088326	1	0	tensor(3)	1.710336790364998
200464.53295212914	2000.0	1403.2989930795454	0.0	0	0.0	1867.8319452088326	1	0	tensor(3)	1.710336790364998
201304.62152415718	2000.0	1563.2104210514647	0.0	0	0.0	1867.8319452088035	1	0	tensor(3)	1.710336790365001
202295.71942609278	2000.0	1572.1125191158872	0.0	0	0.0	1867.8319452088035	1	0	tensor(3)	1.710336790365001
203231.7381193869	2000.0	1636.0938258217657	0.0	0	0.0	1867.8319452088035	1	0	tensor(3)	1.710336790365001
204552.50993067116	2000.0	1315.322014537489	0.0	0	0.0	1867.8319452088035	1	0	tensor(3)	1.710336790365001
205318.48273732612	1000.0	1549.3492078825027	0.0	0	0.0	1867.8319452088035	1	0	tensor(3)	0.32404242924511073
206535.18563098146	2000.0	1332.646314227188	0.0	0	0.0	1867.8319452088326	1	0	tensor(3)	1.0171896098050528
207200.0	1000.0	1667.8319452086196	0.0	0	135.40451293467777	1867.8319452088035	1	0	tensor(3)	0.32404242924511073
208200.0	2000.0	1667.8319452086077	0.0	0	222.12145070021506	1867.8319452087744	1	0	tensor(3)	1.0171896098050586
209200.0	2000.0	1667.831945208635	0.0	0	236.05072285200004	1867.8319452087744	1	0	tensor(3)	1.7103367903650037
210306.06583991405	3000.0	1561.7661052945912	0.0	0	0.0	1867.8319452087744	1	0	tensor(3)	1.710336790365004
211317.2509268571	2000.0	1550.581018351564	0.0	0	0.0	1867.8319452087744	1	0	tensor(3)	1.3048716822568391
212408.95959440948	2000.0	1458.872350799211	0.0	0	0.0	1867.8319452087453	1	0	tensor(3)	1.7103367903650069
213200.0	1000.0	1667.8319452086762	0.0	0	98.65247678849846	1867.8319452087744	1	0	tensor(3)	0.3240424292451135
214397.20385312694	2000.0	1470.6280920817512	0.0	0	0.0	1867.8319452088035	1	0	tensor(3)	1.017189609805056
215313.31112621265	2000.0	1554.520818996043	0.0	0	0.0	1867.8319452087744	1	0	tensor(3)	1.7103367903650037
216200.0	2000.0	1667.8319452086996	0.0	0	338.3364396113029	1867.8319452088035	1	0	tensor(3)	1.710336790365001
217208.84361290777	3000.0	1658.9883323009494	0.0	0	0.0	1867.8319452088326	1	0	tensor(3)	1.710336790365
218200.0	3000.0	1667.831945208742	0.0	0	217.82306182853063	1867.8319452088326	1	0	tensor(3)	2.115801898473163
219268.22163175713	3000.0	1599.6103134516334	0.0	0	0.0	1867.8319452088326	1	0	tensor(3)	2.115801898473163
221271.6928071992	3000.0	596.1391380095895	0.0	0	0.0	1867.8319452088326	1	0	tensor(3)	2.115801898473163
222567.54389365503	2000.0	326.30060694632505	26.012555392557147	0	0.0	1893.844500601408	1	0	tensor(3)	1.1461950943622337
223289.0711116875	1000.0	742.9221809750297	138.1487920611809	0	0.0	2031.993292662548	1	0	tensor(3)	-0.521266457867349
224160.26965391077	2000.0	871.7236387517178	0.0	0	0.0	2031.9932926625188	1	0	tensor(3)	1.0007734750596826
225050.1590844904	1000.0	981.834208172066	0.0	0	0.0	2031.9932926625188	1	0	tensor(3)	0.3076262944997392
225963.6363987883	1000.0	1068.3568938741535	0.0	0	0.0	2031.9932926625188	1	0	tensor(3)	1.0007734750596844
226658.49806291444	1000.0	1373.4952297480488	0.0	0	0.0	2031.9932926625188	1	0	tensor(3)	1.0007734750596844
227736.71398685957	2000.0	1295.279305802922	0.0	0	0.0	2031.9932926625188	1	0	tensor(3)	1.0007734750596844
228509.17824013197	2000.0	1522.8150525305416	0.0	0	0.0	2031.993292662548	1	0	tensor(3)	1.6939206556196265
229200.0	2000.0	1831.9932926625115	0.0	0	52.26738896468305	2031.993292662548	1	0	tensor(3)	1.6939206556196265
230200.0	3000.0	1831.9932926624956	0.0	0	154.12645718755084	2031.993292662548	1	0	tensor(3)	1.6939206556196267
231200.0	2000.0	1831.9932926625177	0.0	0	40.65473216277314	2031.993292662548	1	0	tensor(3)	1.2884555475114619
232313.83119558395	2000.0	1718.1620970786062	0.0	0	0.0	2031.993292662548	1	0	tensor(3)	1.6939206556196265
233200.0	2000.0	1831.993292662576	0.0	0	179.31442648550728	2031.993292662548	1	0	tensor(3)	1.6939206556196265
234484.55307900126	2000.0	1547.440213661331	0.0	0	0.0	2031.993292662548	1	0	tensor(3)	1.6939206556196265
235431.8281183321	1000.0	1600.1651743304571	0.0	0	0.0	2031.993292662548	1	0	tensor(3)	0.3076262944997362
236881.83132572533	2000.0	1150.1619669372005	0.0	0	0.0	2031.993292662548	1	0	tensor(3)	1.0007734750596813
237785.19785342252	2000.0	1246.7954392400102	0.0	0	0.0	2031.993292662548	1	0	tensor(3)	1.6939206556196265
238831.89366816648	2000.0	1200.0996244960252	0.0	0	0.0	2031.993292662548	1	0	tensor(3)	1.6939206556196265
240383.171064697	2000.0	648.822227965489	0.0	0	0.0	2031.993292662548	1	0	tensor(3)	1.6939206556196265
241558.93794751345	2000.0	491.1706462849407	18.11530113593851	0	0.0	2050.1085937984462	1	0	tensor(3)	1.5834173186904055
242691.5235179293	2000.0	358.58507586909184	0.0	0	0.0	2050.1085937984753	1	0	tensor(3)	1.6921091255060343
243143.67816015214	1000.0	906.4304336462889	0.0	0	0.0	2050.1085937984753	1	0	tensor(3)	0.3058147643861435
244007.718909987	2000.0	1042.389683811448	0.0	0	0.0	2050.1085937985044	1	0	tensor(3)	0.998961944946088
244658.31642014248	2000.0	1391.7921736559424	0.0	0	0.0	2050.1085937985044	1	0	tensor(3)	1.6921091255060308
245892.94083942304	2000.0	1157.1677543753558	0.0	0	0.0	2050.1085937984753	1	0	tensor(3)	1.6921091255060339
246458.56090019693	1000.0	1591.547693601491	0.0	0	0.0	2050.1085937984753	1	0	tensor(3)	0.3058147643861435
247515.78634715104	2000.0	1534.3222466473871	0.0	0	0.0	2050.1085937984462	1	0	tensor(3)	0.9989619449460915
248371.57752235656	2000.0	1678.531071441883	0.0	0	0.0	2050.1085937984462	1	0	tensor(3)	1.6921091255060365
249482.55389849155	2000.0	1567.554695306873	0.0	0	0.0	2050.108593798417	1	0	tensor(3)	1.6921091255060396
251278.92580871284	2000.0	771.182785085602	0.0	0	0.0	2050.1085937984462	1	0	tensor(3)	1.6921091255060365
252162.34903344722	2000.0	887.7595603512198	0.0	0	0.0	2050.1085937984462	1	0	tensor(3)	1.6921091255060365
252986.48847006724	2000.0	1063.620123731215	0.0	0	0.0	2050.108593798417	1	0	tensor(3)	1.6921091255060396
254181.82911773186	2000.0	868.2794760666	0.0	0	0.0	2050.108593798417	1	0	tensor(3)	1.6921091255060396
255202.93907063117	2000.0	847.1695231672763	0.0	0	0.0	2050.108593798388	1	0	tensor(3)	1.6921091255060425
255882.48545921477	1000.0	1167.6231345836661	0.0	0	0.0	2050.108593798417	1	0	tensor(3)	0.3058147643861494
256436.32159847926	1000.0	1613.7869953191444	0.0	0	0.0	2050.108593798417	1	0	tensor(3)	0.9989619449460946
257551.51333432843	2000.0	1498.595259469992	0.0	0	0.0	2050.1085937984462	1	0	tensor(3)	0.9989619449460915
258330.97807377664	2000.0	1719.1305200217814	0.0	0	0.0	2050.1085937984462	1	0	tensor(3)	1.6921091255060365
259600.58505296407	2000.0	1449.5235408343372	0.0	0	0.0	2050.1085937984753	1	0	tensor(3)	1.6921091255060339
261277.35146777699	2000.0	772.7571260214214	0.0	0	0.0	2050.1085937984753	1	0	tensor(3)	1.6921091255060339
262055.60649804302	1000.0	994.5020957553934	0.0	0	0.0	2050.1085937985044	1	0	tensor(3)	0.3058147643861429
262605.8235458886	1000.0	1444.2850479097965	0.0	0	0.0	2050.1085937984462	1	0	tensor(3)	0.998961944946088
263200.0	1000.0	1850.1085937984355	0.0	0	72.23755429330049	2050.1085937985335	1	0	tensor(3)	0.9989619449460875
264284.737306211	2000.0	1765.3712875873953	0.0	0	0.0	2050.1085937985335	1	0	tensor(3)	0.9989619449460823
265200.0	2000.0	1850.1085937984074	0.0	0	0.10939980472903699	2050.1085937985335	1	0	tensor(3)	1.692109125506028
266200.0	2000.0	1850.1085937983476	0.0	0	68.20422370865708	2050.1085937984753	1	0	tensor(3)	1.6921091255060303
267353.3494151811	2000.0	1696.7591786172725	0.0	0	0.0	2050.1085937984753	1	0	tensor(3)	1.6921091255060339
268200.0	2000.0	1850.1085937983557	0.0	0	31.739534822641872	2050.1085937984753	1	0	tensor(3)	1.6921091255060339
269200.0	2000.0	1850.1085937983007	0.0	0	108.41396113112569	2050.1085937985335	1	0	tensor(3)	1.692109125506028
270265.2288056599	2000.0	1784.8797881383725	0.0	0	0.0	2050.1085937985335	1	0	tensor(3)	1.692109125506028
271200.0	2000.0	1850.1085937983203	0.0	0	11.431615873822011	2050.1085937985918	1	0	tensor(3)	1.6921091255060259
272200.0	2000.0	1850.1085937983526	0.0	0	88.20628010382643	2050.1085937985918	1	0	tensor(3)	1.6921091255060223
273200.0	2000.0	1850.1085937984324	0.0	0	129.5156377942767	2050.1085937985918	1	0	tensor(3)	1.6921091255060223
274200.0	2000.0	1850.1085937984114	0.0	0	123.86984571750509	2050.1085937985918	1	0	tensor(3)	1.6921091255060259
275200.0	2000.0	1850.1085937984267	0.0	0	63.12270120275207	2050.1085937985335	1	0	tensor(3)	1.692109125506028
276200.0	2000.0	1850.1085937984517	0.0	0	151.82901558768936	2050.1085937985335	1	0	tensor(3)	1.692109125506028
277200.0	2000.0	1850.1085937984697	0.0	0	201.76211317750858	2050.1085937985335	1	0	tensor(3)	1.692109125506028
278941.92468266655	3000.0	1108.1839111319148	0.0	0	0.0	2050.1085937984753	1	0	tensor(3)	1.692109125506034
280122.57771752053	2000.0	927.530876277909	0.0	0	0.0	2050.108593798417	1	0	tensor(3)	1.286644017397875
281004.5406639931	2000.0	1045.567929805339	0.0	0	0.0	2050.108593798417	1	0	tensor(3)	1.6921091255060396
281642.83610375883	2000.0	1407.2724900395822	0.0	0	0.0	2050.108593798417	1	0	tensor(3)	1.6921091255060396
282253.9766264514	2000.0	1796.131967347094	0.0	0	0.0	2050.1085937984753	1	0	tensor(3)	1.692109125506035
283503.24245763285	2000.0	1546.8661361656325	0.0	0	0.0	2050.108593798417	1	0	tensor(3)	1.6921091255060396
284241.2769980572	2000.0	1808.831595741291	0.0	0	0.0	2050.108593798417	1	0	tensor(3)	1.6921091255060396
285277.3559102623	2000.0	1772.7526835361455	0.0	0	0.0	2050.108593798359	1	0	tensor(3)	1.6921091255060419
287133.60849114583	2000.0	916.50010265265	0.0	0	0.0	2050.108593798359	1	0	tensor(3)	1.6921091255060454
288076.637641639	2000.0	973.4709521594949	0.0	0	0.0	2050.108593798359	1	0	tensor(3)	1.6921091255060454
289139.148697863	2000.0	910.9598959355027	0.0	0	0.0	2050.1085937983007	1	0	tensor(3)	1.6921091255060514
290087.14324473374	2000.0	962.9653490647693	0.0	0	0.0	2050.1085937983007	1	0	tensor(3)	1.6921091255060514
290812.04060124484	2000.0	1238.0679925537274	0.0	0	0.0	2050.108593798359	1	0	tensor(3)	1.6921091255060454
292106.61807832913	2000.0	943.49051546945	0.0	0	0.0	2050.108593798417	1	0	tensor(3)	1.6921091255060443
293605.5782235455	2000.0	444.5303702530868	0.0	0	0.0	2050.108593798417	1	0	tensor(3)	1.6921091255060396
294246.43295120314	1000.0	803.6756425954568	0.0	0	0.0	2050.108593798417	1	0	tensor(3)	0.3058147643861494
294876.5833638471	1000.0	1173.525229951488	0.0	0	0.0	2050.108593798417	1	0	tensor(3)	0.9989619449460946
295629.5277425566	1000.0	1420.580851242028	0.0	0	0.0	2050.108593798417	1	0	tensor(3)	0.9989619449460946
296200.0	1000.0	1850.1085937986272	0.0	0	84.50509568781126	2050.108593798417	1	0	tensor(3)	0.9989619449460946
297481.83836457756	2000.0	1568.2702292210172	0.0	0	0.0	2050.108593798417	1	0	tensor(3)	0.9989619449460945
298477.6233263785	1000.0	1572.4852674200408	0.0	0	0.0	2050.108593798359	1	0	tensor(3)	0.30581476438615396
299371.7480524952	1000.0	1678.3605413033804	0.0	0	0.0	2050.108593798359	1	0	tensor(3)	0.9989619449461002
300200.0	1000.0	1850.108593798518	0.0	0	276.36159944417886	2050.108593798359	1	0	tensor(3)	0.9989619449461002
301200.0	1000.0	1850.1085937985326	0.0	0	210.27296238823328	2050.108593798359	1	0	tensor(3)	0.9989619449461002
302200.0	1000.0	1850.1085937985347	0.0	0	241.3070324199507	2050.108593798359	1	0	tensor(3)	0.9989619449461002
303776.0932294835	2000.0	1274.0153643150074	0.0	0	0.0	2050.108593798359	1	0	tensor(3)	0.9989619449461004
304410.1126770366	1000.0	1639.995916761903	0.0	0	0.0	2050.1085937983007	1	0	tensor(3)	0.30581476438616095
1.4	1.23	1.78	1.82	1.23	1.8	2.11	2.55	1.24	2.35	2.83	1.84	1.71	1.85	1.42	1.74	2.53	1.95	1.92	1.93	2.21	2.17	2.42	1.58	2.7	2.49	1.74	2.24	1.99	3.44	1.89	1.55	1.88	2.31	1.54	2.35	1.96	2.78	1.93	2.35	2.21	1.64	2.06	2.28	1.95	2.14	2.09	2.66	2.7	1.61	1.2	1.88	1.83	3.26	2.98	2.29	1.95	1.97	1.31	2.34	2.22	3.27	2.93	3.06	2.54	2.85	1.31	1.38	1.26	2.66	1.59	1.33	2.07	2.42	3.07	2.91	1.89	2.33	2.4	2.35	1.09	1.64	2.0	2.46	2.13	1.59	1.92	2.75	1.81	2.35	2.4	1.42	1.9	2.57	2.95	1.42	1.29	1.82	2.24	1.59	1.84	1.75	2.22	1.93	2.28	1.46	1.24	1.61	1.84	2.56	1.64	1.85	1.95	1.99	2.83	2.21	1.97	2.54	1.77	2.06	2.36	3.24	2.37	2.07	2.26	2.22	2.29	2.76	2.35	2.02	2.7	1.75	1.09	2.02	1.47	2.28	2.39	1.74	1.75	1.58	1.88	1.77	2.48	1.22	1.32	1.61	1.83	1.45	1.7	1.89	1.4	1.23	1.78	1.82	1.23	1.8	2.11	2.55	1.24	2.35	2.83	1.84	1.71	1.85	1.42	1.74	2.53	1.95	1.92	1.93	2.21	2.17	2.42	1.58	2.7	2.49	1.74	2.24	1.99	3.44	1.89	1.55	1.88	2.31	1.54	2.35	1.96	2.78	1.93	2.35	2.21	1.64	2.06	2.28	1.95	2.14	2.09	2.66	2.7	1.61	1.2	1.88	1.83	3.26	2.98	2.29	1.95	1.97	1.31	2.34	2.22	3.27	2.93	3.06	2.54	2.85	1.31	1.38	1.26	2.66	1.59	1.33	2.07	2.42	3.07	2.91	1.89	2.33	2.4	2.35	1.09	1.64	2.0	2.46	2.13	1.59	1.92	2.75	1.81	2.35	2.4	1.42	1.9	2.57	2.95	1.42	1.29	1.82	2.24	1.59	1.84	1.75	2.22	1.93	2.28	1.46	1.24	1.61	1.84	2.56	1.64	1.85	1.95	1.99	2.83	2.21	1.97	2.54	1.77	2.06	2.36	3.24	2.37	2.07	2.26	2.22	2.29	2.76	2.35	2.02	2.7	1.75	1.09	2.02	1.47	2.28	2.39	1.74	1.75	1.58	1.88	1.77	2.48	1.22	1.32	1.61	1.83	1.45	1.7	1.89	1.4	1.23	1.78	1.82
1.0	2.0	3.0	4.0	5.0	6.0	7.0	8.0	9.0	10.0	11.0	12.0	13.0	14.0	15.0	16.0	17.0	18.0	19.0	20.0	21.0	22.0	23.0	24.0	25.0	26.0	27.0	28.0	29.0	30.0	31.0	32.0	33.0	34.0	35.0	36.0	37.0	38.0	39.0	40.0	41.0	42.0	43.0	44.0	45.0	46.0	47.0	48.0	49.0	50.0	51.0	52.0	53.0	54.0	55.0	56.0	57.0	58.0	59.0	60.0	61.0	62.0	63.0	64.0	65.0	66.0	67.0	68.0	69.0	70.0	71.0	72.0	73.0	74.0	75.0	76.0	77.0	78.0	79.0	80.0	81.0	82.0	83.0	84.0	85.0	86.0	87.0	88.0	89.0	90.0	91.0	92.0	93.0	94.0	95.0	96.0	97.0	98.0	99.0	100.0	101.0	102.0	103.0	104.0	105.0	106.0	107.0	108.0	109.0	110.0	111.0	112.0	113.0	114.0	115.0	116.0	117.0	118.0	119.0	120.0	121.0	122.0	123.0	124.0	125.0	126.0	127.0	128.0	129.0	130.0	131.0	132.0	133.0	134.0	135.0	136.0	137.0	138.0	139.0	140.0	141.0	142.0	143.0	144.0	145.0	146.0	147.0	148.0	149.0	149.0	150.0	151.0	152.0	153.0	154.0	155.0	156.0	157.0	158.0	159.0	160.0	161.0	162.0	163.0	164.0	165.0	166.0	167.0	168.0	169.0	170.0	171.0	172.0	173.0	174.0	175.0	176.0	177.0	178.0	179.0	180.0	181.0	182.0	183.0	184.0	185.0	186.0	187.0	188.0	189.0	190.0	191.0	192.0	193.0	194.0	195.0	196.0	197.0	198.0	199.0	200.0	201.0	202.0	203.0	204.0	205.0	206.0	207.0	208.0	209.0	210.0	211.0	212.0	213.0	214.0	215.0	216.0	217.0	218.0	219.0	220.0	221.0	222.0	223.0	224.0	225.0	226.0	227.0	228.0	229.0	230.0	231.0	232.0	233.0	234.0	235.0	236.0	237.0	238.0	239.0	240.0	241.0	242.0	243.0	244.0	245.0	246.0	247.0	248.0	249.0	250.0	251.0	252.0	253.0	254.0	255.0	256.0	257.0	258.0	259.0	260.0	261.0	262.0	263.0	264.0	265.0	266.0	267.0	268.0	269.0	270.0	271.0	272.0	273.0	274.0	275.0	276.0	277.0	278.0	279.0	280.0	281.0	282.0	283.0	284.0	285.0	286.0	287.0	288.0	289.0	290.0	291.0	292.0	293.0	294.0	295.0	296.0	297.0	298.0	298.0	299.0	300.0	301.0	302.0
4980.01234507911
