4814.744058628025	1000.0	2000.0	345.1622734066465	0	0.0	4814.744058628025	1	0	tensor(3)	-2.5443684497042804
5593.639921739326	3000.0	2221.104136888699	0.0	0	0.0	4814.744058628025	1	0	tensor(3)	0.7224983984631337
6213.002714219409	3000.0	2601.741344408618	0.0	0	0.0	4814.744058628026	1	0	tensor(3)	1.8211106871312432
6973.962079784405	3000.0	2840.7819788436213	0.0	0	0.0	4814.744058628026	1	0	tensor(3)	1.8211106871312432
7677.523667322283	3000.0	3137.2203913057438	0.0	0	0.0	4814.744058628026	1	0	tensor(3)	1.8211106871312432
9256.931714800981	3000.0	2557.812343827044	0.0	0	0.0	4814.744058628025	1	0	tensor(3)	1.8211106871312432
10137.89801409673	3000.0	2676.846044531295	0.0	0	0.0	4814.744058628027	1	0	tensor(3)	1.8211106871312435
10725.338355278534	3000.0	3089.4057033494887	0.0	0	0.0	4814.744058628025	1	0	tensor(3)	1.8211106871312432
11509.268019554975	3000.0	3305.476039073048	0.0	0	0.0	4814.7440586280245	1	0	tensor(3)	1.8211106871312432
12583.699269823774	3000.0	3231.044788804249	0.0	0	0.0	4814.744058628024	1	0	tensor(3)	1.821110687131244
13524.850489102666	3000.0	3289.8935695253567	0.0	0	0.0	4814.744058628023	1	0	tensor(3)	1.821110687131244
14519.804477494057	3000.0	3294.9395811339655	0.0	0	0.0	4814.744058628023	1	0	tensor(3)	1.821110687131244
15478.91356528493	3000.0	3335.8304933430923	0.0	0	0.0	4814.744058628023	1	0	tensor(3)	1.821110687131244
16955.986859250883	6000.0	2858.7571993771408	0.0	0	0.0	4814.744058628021	1	0	tensor(3)	1.821110687131244
17818.81634354604	6000.0	2995.9277150819844	0.0	0	0.0	4814.744058628023	1	0	tensor(3)	2.514257867691189
18748.726358285498	6000.0	3066.0177003425288	0.0	0	0.0	4814.744058628026	1	0	tensor(3)	2.5142578676911884
19796.053161946493	6000.0	3018.6908966815336	0.0	0	0.0	4814.7440586280245	1	0	tensor(3)	2.514257867691188
21580.510271048508	6000.0	2234.2337875795183	0.0	0	0.0	4814.7440586280245	1	0	tensor(3)	2.514257867691189
23841.93774227286	6000.0	972.8063163551658	0.0	0	0.0	4814.7440586280245	1	0	tensor(3)	2.514257867691189
24595.947851283338	3000.0	1218.7962073446904	0.0	0	0.0	4814.7440586280245	1	0	tensor(3)	1.1279635065712985
25207.83348374015	3000.0	1606.910574887879	0.0	0	0.0	4814.7440586280245	1	0	tensor(3)	1.8211106871312435
25874.262328732315	3000.0	1940.48172989571	0.0	0	0.0	4814.744058628021	1	0	tensor(3)	1.821110687131244
26776.568722631957	3000.0	2038.1753359960671	0.0	0	0.0	4814.744058628021	1	0	tensor(3)	1.821110687131244
27426.279159641406	3000.0	2388.464898986615	0.0	0	0.0	4814.744058628021	1	0	tensor(3)	1.821110687131244
28336.015680815795	3000.0	2478.72837781223	0.0	0	0.0	4814.744058628021	1	0	tensor(3)	1.821110687131244
28833.191204893887	3000.0	2981.552853734136	0.0	0	0.0	4814.744058628021	1	0	tensor(3)	1.821110687131244
29490.71594539586	3000.0	3324.0281132321657	0.0	0	0.0	4814.744058628021	1	0	tensor(3)	1.821110687131244
30441.078074240384	3000.0	3373.6659843876423	0.0	0	0.0	4814.744058628021	1	0	tensor(3)	1.821110687131244
31760.03478128625	3000.0	3054.7092773417776	0.0	0	0.0	4814.744058628021	1	0	tensor(3)	1.821110687131244
32657.89725248995	3000.0	3156.8468061380754	0.0	0	0.0	4814.744058628021	1	0	tensor(3)	1.821110687131244
33901.622471868584	3000.0	2913.1215867594433	0.0	0	0.0	4814.744058628021	1	0	tensor(3)	1.8211106871312444
34630.215873503126	3000.0	3184.5281851249065	0.0	0	0.0	4814.7440586280245	1	0	tensor(3)	1.8211106871312437
35627.56847139452	3000.0	3187.175587233502	0.0	0	0.0	4814.744058628017	1	0	tensor(3)	1.821110687131244
36523.39622147194	3000.0	3291.3478371560855	0.0	0	0.0	4814.744058628017	1	0	tensor(3)	1.821110687131244
37540.70798355086	3000.0	3274.0360750771642	0.0	0	0.0	4814.744058628017	1	0	tensor(3)	1.8211106871312444
38220.6133379496	3000.0	3594.1307206784186	0.0	0	0.0	4814.744058628021	1	0	tensor(3)	1.821110687131244
38897.84920234667	3000.0	3916.8948562813525	0.0	0	0.0	4814.744058628021	1	0	tensor(3)	1.821110687131244
39622.84035966571	3000.0	4191.903698962311	0.0	0	0.0	4814.744058628021	1	0	tensor(3)	1.821110687131244
40460.64038707302	3000.0	4354.103671554993	0.0	0	0.0	4814.744058628021	1	0	tensor(3)	1.821110687131244
41448.04586983273	3000.0	4366.698188795282	0.0	0	0.0	4814.744058628021	1	0	tensor(3)	1.821110687131244
42309.71811979788	3000.0	4505.025938830134	0.0	0	0.0	4814.744058628021	1	0	tensor(3)	1.821110687131244
43322.006938121915	3000.0	4492.737120506088	0.0	0	0.0	4814.744058628021	1	0	tensor(3)	1.821110687131244
44200.0	3000.0	4614.7440586280045	0.0	0	247.24085386552179	4814.744058628014	1	0	tensor(3)	1.8211106871312446
45202.22688545411	6000.0	4612.517173173898	0.0	0	0.0	4814.744058628014	1	0	tensor(3)	1.8211106871312448
46249.87724292188	6000.0	4564.866815706128	0.0	0	0.0	4814.744058628014	1	0	tensor(3)	2.5142578676911898
47750.885519819676	6000.0	4063.8585388083334	0.0	0	0.0	4814.744058628014	1	0	tensor(3)	2.5142578676911898
49335.649310019406	6000.0	3479.0947486085956	0.0	0	0.0	4814.744058628014	1	0	tensor(3)	2.5142578676911898
50339.23970944513	6000.0	3475.5043491828646	0.0	0	0.0	4814.744058628014	1	0	tensor(3)	2.5142578676911898
52513.31490596653	6000.0	2301.4291526614657	0.0	0	0.0	4814.744058628014	1	0	tensor(3)	2.5142578676911898
54095.980974869155	6000.0	1718.7630837588274	0.0	0	0.0	4814.744058627999	1	0	tensor(3)	2.5142578676911906
54932.27573469084	3000.0	1882.4683239371439	0.0	0	0.0	4814.744058627999	1	0	tensor(3)	1.1279635065713012
55661.85609302157	3000.0	2152.887965606413	0.0	0	0.0	4814.744058627999	1	0	tensor(3)	1.8211106871312461
56420.18309168581	3000.0	2394.560966942172	0.0	0	0.0	4814.744058627999	1	0	tensor(3)	1.8211106871312461
57138.91723412098	3000.0	2675.8268245069985	0.0	0	0.0	4814.744058627999	1	0	tensor(3)	1.8211106871312461
57996.40694555956	6000.0	2818.3371130684154	0.0	0	0.0	4814.744058627999	1	0	tensor(3)	1.821110687131246
59079.61960941406	6000.0	2735.124449213917	0.0	0	0.0	4814.744058627999	1	0	tensor(3)	2.5142578676911906
60202.26942700377	6000.0	2612.4746316242126	0.0	0	0.0	4814.744058627999	1	0	tensor(3)	2.5142578676911906
61507.79769997085	6000.0	2306.9463586571337	0.0	0	0.0	4814.744058627999	1	0	tensor(3)	2.5142578676911906
62255.37594494964	6000.0	2559.368113678334	0.0	0	0.0	4814.744058627992	1	0	tensor(3)	2.514257867691192
63091.08201804832	6000.0	2723.6620405796443	0.0	0	0.0	4814.744058627992	1	0	tensor(3)	2.514257867691192
64123.28951849639	6000.0	2691.454540131573	0.0	0	0.0	4814.744058627992	1	0	tensor(3)	2.514257867691192
65135.02011229959	6000.0	2679.723946328379	0.0	0	0.0	4814.744058627992	1	0	tensor(3)	2.514257867691192
65812.76883574732	6000.0	3001.975222880661	0.0	0	0.0	4814.744058628006	1	0	tensor(3)	2.5142578676911906
66833.28286455749	6000.0	2981.461194070477	0.0	0	0.0	4814.744058627992	1	0	tensor(3)	2.514257867691191
68120.1773622859	6000.0	2694.5666963420813	0.0	0	0.0	4814.744058628014	1	0	tensor(3)	2.51425786769119
69741.36240198012	6000.0	2073.38165664787	0.0	0	0.0	4814.744058628021	1	0	tensor(3)	2.514257867691189
70656.22107716091	6000.0	2158.5229814670984	0.0	0	0.0	4814.744058628028	1	0	tensor(3)	2.514257867691188
72002.71342861115	6000.0	1812.0306300168545	0.0	0	0.0	4814.744058628028	1	0	tensor(3)	2.514257867691188
73220.01327125133	6000.0	1594.7307873766865	0.0	0	0.0	4814.744058628028	1	0	tensor(3)	2.514257867691188
74880.351611685	6000.0	934.3924469430219	0.0	0	0.0	4814.744058628028	1	0	tensor(3)	2.514257867691188
75761.30271239996	3000.0	1053.4413462280368	0.0	0	0.0	4814.744058628028	1	0	tensor(3)	1.1279635065712983
76419.71706673529	3000.0	1395.026991892712	0.0	0	0.0	4814.744058628028	1	0	tensor(3)	1.8211106871312432
77000.51471553936	3000.0	1814.2293430886384	0.0	0	0.0	4814.744058628028	1	0	tensor(3)	1.8211106871312432
78070.13574388193	6000.0	1744.6083147460688	0.0	0	0.0	4814.744058628028	1	0	tensor(3)	1.821110687131243
79131.4575797275	6000.0	1683.286478900499	0.0	0	0.0	4814.744058628028	1	0	tensor(3)	2.514257867691188
80159.50174463798	6000.0	1655.2423139900145	0.0	0	0.0	4814.744058628028	1	0	tensor(3)	2.514257867691188
81614.47609882189	6000.0	1200.2679598061145	0.0	0	0.0	4814.744058628028	1	0	tensor(3)	2.514257867691188
82751.20349950124	6000.0	1063.5405591267715	0.0	0	0.0	4814.744058628043	1	0	tensor(3)	2.514257867691186
83954.55516947	6000.0	860.1888891580014	0.0	0	0.0	4814.744058628043	1	0	tensor(3)	2.514257867691186
85005.3369104421	6000.0	809.4071481858917	0.0	0	0.0	4814.744058628043	1	0	tensor(3)	2.514257867691186
86285.60422094884	6000.0	529.1398376791454	0.0	0	0.0	4814.744058628043	1	0	tensor(3)	2.514257867691186
87667.42223494155	6000.0	304.8470647644162	157.52524107800235	0	0.0	4972.269299706037	1	0	tensor(3)	1.5533538971153729
88308.73641607542	3000.0	692.3035665645848	28.770682934060062	0	0.0	5001.039982640083	1	0	tensor(3)	0.9367098165657326
89145.27500639067	3000.0	855.7649762493261	0.0	0	0.0	5001.039982640083	1	0	tensor(3)	1.8024810947300378
89805.5470026625	3000.0	1195.4929799774895	0.0	0	0.0	5001.039982640068	1	0	tensor(3)	1.8024810947300391
90182.57066738978	3000.0	1818.4693152502168	0.0	0	0.0	5001.039982640068	1	0	tensor(3)	1.8024810947300391
91040.85015736402	6000.0	1960.189825275973	0.0	0	0.0	5001.039982640068	1	0	tensor(3)	1.802481094730039
91705.89857311739	6000.0	2295.1414095226055	0.0	0	0.0	5001.0399826400535	1	0	tensor(3)	2.4956282752899854
92297.7174242035	6000.0	2703.3225584365123	0.0	0	0.0	5001.0399826400535	1	0	tensor(3)	2.4956282752899854
93526.08096684096	6000.0	2474.95901579905	0.0	0	0.0	5001.0399826400535	1	0	tensor(3)	2.4956282752899854
94677.52710228966	6000.0	2323.5128803503376	0.0	0	0.0	5001.0399826400535	1	0	tensor(3)	2.4956282752899854
95708.10078896506	6000.0	2292.939193674958	0.0	0	0.0	5001.039982640068	1	0	tensor(3)	2.4956282752899837
97354.77266626825	6000.0	1646.2673163717716	0.0	0	0.0	5001.039982640068	1	0	tensor(3)	2.4956282752899837
98740.2466478397	6000.0	1260.793334800307	0.0	0	0.0	5001.039982640068	1	0	tensor(3)	2.4956282752899837
100657.27179866715	6000.0	343.7681839728672	0.0	0	0.0	5001.039982640068	1	0	tensor(3)	2.4956282752899837
101680.59158937907	3000.0	595.39451561526	274.9461223543085	0	0.0	5275.986104994387	1	0	tensor(3)	-0.5678374321911888
102484.87393234167	3000.0	791.112172652643	0.0	0	0.0	5275.986104994387	1	0	tensor(3)	1.7749864824946073
103133.95436655811	3000.0	1142.0317384361954	0.0	0	0.0	5275.986104994372	1	0	tensor(3)	1.7749864824946089
103842.29850997872	3000.0	1433.6875950156123	0.0	0	0.0	5275.986104994372	1	0	tensor(3)	1.7749864824946089
104468.95494448274	3000.0	1807.031160511582	0.0	0	0.0	5275.986104994372	1	0	tensor(3)	1.7749864824946089
105601.8754579054	6000.0	1674.1106470889147	0.0	0	0.0	5275.986104994372	1	0	tensor(3)	1.7749864824946087
107567.72311986121	6000.0	708.2629851330987	0.0	0	0.0	5275.986104994372	1	0	tensor(3)	2.4681336630545534
109118.84307780118	6000.0	307.94050837538083	150.7974811822573	0	0.0	5426.783586176563	1	0	tensor(3)	1.5482690278427906
110004.3505753526	6000.0	553.651444661427	131.21843383745937	0	0.0	5558.002020014028	1	0	tensor(3)	1.6526214685278315
112114.06166044791	6000.0	200.0	756.0596404338943	0	0.0	6314.061660447915	1	0	tensor(3)	-2.158000032845259
112721.51955444118	3000.0	710.1115885954787	117.5694825887504	0	0.0	6431.631143036662	1	0	tensor(3)	0.2608579025979323
113215.93343003152	3000.0	1215.6977130051423	0.0	0	0.0	6431.631143036662	1	0	tensor(3)	1.6594219786903797
113773.078130665	3000.0	1658.5530123716642	0.0	0	0.0	6431.631143036662	1	0	tensor(3)	1.6594219786903797
114316.63904481073	3000.0	2114.9920982259478	0.0	0	0.0	6431.631143036677	1	0	tensor(3)	1.6594219786903783
115024.47404578359	6000.0	2407.1570972530903	0.0	0	0.0	6431.631143036677	1	0	tensor(3)	1.659421978690378
115922.30439787068	6000.0	2509.326745165992	0.0	0	0.0	6431.631143036677	1	0	tensor(3)	2.352569159250323
117651.12121207504	6000.0	1780.5099309616198	0.0	0	0.0	6431.631143036677	1	0	tensor(3)	2.352569159250323
119529.49830393394	6000.0	902.1328391026948	0.0	0	0.0	6431.631143036662	1	0	tensor(3)	2.3525691592503244
120767.91092952609	6000.0	663.720213510543	0.0	0	0.0	6431.631143036662	1	0	tensor(3)	2.3525691592503244
121434.50117375306	3000.0	997.1299692835695	0.0	0	0.0	6431.631143036662	1	0	tensor(3)	0.9662747981304347
122314.44037147402	6000.0	1117.1907715626153	0.0	0	0.0	6431.631143036662	1	0	tensor(3)	1.6594219786903794
123899.47338206961	6000.0	532.1577609670331	0.0	0	0.0	6431.631143036677	1	0	tensor(3)	2.352569159250323
124563.80630507262	3000.0	867.8248379640416	0.0	0	0.0	6431.631143036662	1	0	tensor(3)	0.9662747981304347
125347.35068530106	3000.0	1084.2804577356046	0.0	0	0.0	6431.631143036677	1	0	tensor(3)	1.6594219786903783
126037.30156869543	3000.0	1394.3295743412305	0.0	0	0.0	6431.631143036677	1	0	tensor(3)	1.6594219786903783
126682.08790742069	3000.0	1749.5432356159804	0.0	0	0.0	6431.631143036677	1	0	tensor(3)	1.6594219786903783
127763.93824632157	3000.0	1667.692896715088	0.0	0	0.0	4431.631143036677	1	0	tensor(6)	-4.140578021309621
128624.27613918259	3000.0	1807.35500385407	0.0	0	0.0	4431.631143036677	1	0	tensor(3)	1.8594219786903783
129256.75218651297	3000.0	2174.8789565236966	0.0	0	0.0	4431.631143036677	1	0	tensor(3)	1.8594219786903783
129998.8565787064	3000.0	2432.7745643302596	0.0	0	0.0	4431.631143036677	1	0	tensor(3)	1.8594219786903783
131019.5526826642	3000.0	2412.0784603724555	0.0	0	0.0	4431.631143036677	1	0	tensor(3)	1.8594219786903783
132270.429456218	3000.0	2161.2016868186743	0.0	0	0.0	4431.631143036691	1	0	tensor(3)	1.8594219786903778
133109.24391617364	3000.0	2322.3872268630303	0.0	0	0.0	4431.631143036691	1	0	tensor(3)	1.8594219786903787
133925.77513837052	3000.0	2505.8560046661537	0.0	0	0.0	4431.631143036706	1	0	tensor(3)	1.8594219786903754
135093.9627918287	3000.0	2337.6683512080263	0.0	0	0.0	4431.631143036779	1	0	tensor(3)	1.8594219786903712
135828.83571383607	3000.0	2602.7954292006475	0.0	0	0.0	4431.631143036764	1	0	tensor(3)	1.8594219786903694
136854.25679079595	3000.0	2577.374352240784	0.0	0	0.0	4431.631143036764	1	0	tensor(3)	1.8594219786903696
137547.14059414362	3000.0	2884.490548893093	0.0	0	0.0	4431.631143036735	1	0	tensor(3)	1.8594219786903725
138501.46940703056	3000.0	2930.1617360061373	0.0	0	0.0	4431.631143036735	1	0	tensor(3)	1.8594219786903725
139848.23209266423	6000.0	2583.3990503724754	0.0	0	0.0	4431.631143036735	1	0	tensor(3)	1.8594219786903725
140746.90166602412	6000.0	2684.7294770125827	0.0	0	0.0	4431.631143036735	1	0	tensor(3)	2.5525691592503175
141724.39299842267	6000.0	2707.2381446140575	0.0	0	0.0	4431.631143036764	1	0	tensor(3)	2.552569159250315
142510.68702112514	6000.0	2920.944121911592	0.0	0	0.0	4431.631143036735	1	0	tensor(3)	2.5525691592503175
143442.16242996685	6000.0	2989.468713069867	0.0	0	0.0	4431.631143036735	1	0	tensor(3)	2.5525691592503175
144813.8131744659	6000.0	2617.8179685707973	0.0	0	0.0	4431.631143036706	1	0	tensor(3)	2.55256915925032
145911.30286804546	6000.0	2520.3282749912532	0.0	0	0.0	4431.631143036706	1	0	tensor(3)	2.55256915925032
147096.73203990204	6000.0	2334.8991031346795	0.0	0	0.0	4431.631143036677	1	0	tensor(3)	2.5525691592503232
148799.436586737	6000.0	1632.1945562997594	0.0	0	0.0	4431.631143036706	1	0	tensor(3)	2.55256915925032
149465.30254737346	3000.0	1966.3285956632685	0.0	0	0.0	4431.631143036706	1	0	tensor(3)	1.1662747981304304
150386.4684627794	3000.0	2045.1626802572976	0.0	0	0.0	4431.631143036706	1	0	tensor(3)	1.8594219786903754
151039.14977606054	3000.0	2392.4813669761197	0.0	0	0.0	4431.631143036706	1	0	tensor(3)	1.8594219786903754
151515.42467910674	3000.0	2916.2064639299347	0.0	0	0.0	4431.631143036706	1	0	tensor(3)	1.8594219786903754
152761.533575848	6000.0	2670.0975671886877	0.0	0	0.0	4431.631143036706	1	0	tensor(3)	1.8594219786903752
153835.39326146146	6000.0	2596.2378815752454	0.0	0	0.0	4431.631143036706	1	0	tensor(3)	2.55256915925032
155314.8381383071	6000.0	2116.7930047296313	0.0	0	0.0	4431.631143036706	1	0	tensor(3)	2.55256915925032
157002.48250535977	6000.0	1429.1486376769487	0.0	0	0.0	4431.631143036706	1	0	tensor(3)	2.55256915925032
158362.78918372773	3000.0	1068.841959308988	0.0	0	0.0	4431.631143036706	1	0	tensor(3)	1.1662747981304304
159007.6201886897	3000.0	1424.010954347032	0.0	0	0.0	4431.631143036706	1	0	tensor(3)	1.8594219786903754
159611.83277124385	3000.0	1819.7983717928616	0.0	0	0.0	4431.631143036706	1	0	tensor(3)	1.8594219786903754
160153.8097784671	3000.0	2277.821364569595	0.0	0	0.0	4431.631143036706	1	0	tensor(3)	1.8594219786903754
161001.90027144103	3000.0	2429.7308715956656	0.0	0	0.0	4431.631143036706	1	0	tensor(3)	1.8594219786903754
162053.21941220877	3000.0	2378.4117308279187	0.0	0	0.0	4431.631143036706	1	0	tensor(3)	1.8594219786903754
163091.47047519457	3000.0	2340.1606678421117	0.0	0	0.0	4431.631143036706	1	0	tensor(3)	1.8594219786903754
164008.2769203345	3000.0	2423.3542227021785	0.0	0	0.0	4431.631143036706	1	0	tensor(3)	1.8594219786903754
164687.0021060495	3000.0	2744.6290369871763	0.0	0	0.0	4431.631143036706	1	0	tensor(3)	1.8594219786903754
165285.0663889451	3000.0	3146.564754091587	0.0	0	0.0	4431.631143036706	1	0	tensor(3)	1.8594219786903754
166275.13519092233	6000.0	3156.4959521143533	0.0	0	0.0	4431.631143036706	1	0	tensor(3)	1.8594219786903752
167286.50860692357	6000.0	3145.1225361131483	0.0	0	0.0	4431.631143036735	1	0	tensor(3)	2.5525691592503175
168594.57900659405	6000.0	2837.0521364426613	0.0	0	0.0	4431.631143036706	1	0	tensor(3)	2.55256915925032
169822.152172267	6000.0	2609.4789707697164	0.0	0	0.0	4431.631143036706	1	0	tensor(3)	2.55256915925032
171655.27971311982	6000.0	1776.3514299169137	0.0	0	0.0	4431.631143036706	1	0	tensor(3)	2.55256915925032
173729.803850486	6000.0	701.8272925507282	0.0	0	0.0	4431.631143036706	1	0	tensor(3)	2.55256915925032
174422.2991176199	3000.0	1009.3320254168125	0.0	0	0.0	4431.631143036735	1	0	tensor(3)	1.1662747981304298
175285.87051205628	3000.0	1145.7606309803982	0.0	0	0.0	4431.631143036735	1	0	tensor(3)	1.8594219786903725
176232.701059027	3000.0	1198.9300840097117	0.0	0	0.0	4431.631143036735	1	0	tensor(3)	1.8594219786903725
176897.6177458918	3000.0	1534.013397144886	0.0	0	0.0	4431.631143036735	1	0	tensor(3)	1.8594219786903725
177527.8855480563	3000.0	1903.7455949803789	0.0	0	0.0	4431.631143036735	1	0	tensor(3)	1.8594219786903725
178100.12497173127	3000.0	2331.506171305408	0.0	0	0.0	4431.631143036735	1	0	tensor(3)	1.8594219786903725
179450.1463272795	3000.0	1981.4848157571973	0.0	0	0.0	4431.631143036735	1	0	tensor(3)	1.8594219786903725
180933.10507429237	3000.0	1498.5260687443463	0.0	0	0.0	4431.631143036706	1	0	tensor(3)	1.8594219786903747
181877.4098680555	3000.0	1554.2212749812275	0.0	0	0.0	4431.631143036706	1	0	tensor(3)	1.8594219786903754
182801.68090542842	2000.0	1629.9502376083185	0.0	0	0.0	4431.631143036706	1	0	tensor(3)	1.048491762474046
183850.44289077556	3000.0	1581.1882522611645	0.0	0	0.0	4431.631143036677	1	0	tensor(3)	1.4539568705822137
184420.00389364563	3000.0	2011.627249391077	0.0	0	0.0	4431.631143036677	1	0	tensor(3)	1.8594219786903783
185633.43341675933	3000.0	1798.1977262773987	0.0	0	0.0	4431.631143036648	1	0	tensor(3)	1.8594219786903792
186670.98330606753	3000.0	1760.647836969186	0.0	0	0.0	4431.631143036677	1	0	tensor(3)	1.8594219786903796
187380.28878245724	3000.0	2051.3423605794733	0.0	0	0.0	4431.631143036648	1	0	tensor(3)	1.8594219786903787
188289.74643115458	3000.0	2141.8847118820913	0.0	0	0.0	4431.631143036648	1	0	tensor(3)	1.8594219786903812
188914.96472544834	3000.0	2516.666417588347	0.0	0	0.0	4431.631143036648	1	0	tensor(3)	1.8594219786903812
189920.1835053888	3000.0	2511.44763764789	0.0	0	0.0	4431.631143036648	1	0	tensor(3)	1.8594219786903812
191175.74409352758	3000.0	2255.8870495090664	0.0	0	0.0	4431.631143036648	1	0	tensor(3)	1.8594219786903812
192066.5043530235	3000.0	2365.126790013141	0.0	0	0.0	4431.631143036619	1	0	tensor(3)	1.8594219786903843
192777.8511458978	3000.0	2653.779997138885	0.0	0	0.0	4431.631143036619	1	0	tensor(3)	1.8594219786903843
193325.71193055238	3000.0	3105.9192124842934	0.0	0	0.0	4431.631143036619	1	0	tensor(3)	1.8594219786903843
193863.56819398844	3000.0	3568.0629490482365	0.0	0	0.0	4431.631143036619	1	0	tensor(3)	1.8594219786903843
194856.38422071587	6000.0	3575.2469223208013	0.0	0	0.0	4431.631143036619	1	0	tensor(3)	1.859421978690384
196385.44080555427	6000.0	3046.1903374824024	0.0	0	0.0	4431.631143036619	1	0	tensor(3)	2.552569159250329
198094.86126517892	6000.0	2336.7698778577637	0.0	0	0.0	4431.631143036619	1	0	tensor(3)	2.552569159250329
199137.29775664533	6000.0	2294.3333863913435	0.0	0	0.0	4431.6311430365895	1	0	tensor(3)	2.552569159250332
200868.20384168974	6000.0	1563.4273013469149	0.0	0	0.0	4431.63114303656	1	0	tensor(3)	2.552569159250335
202476.2669463444	6000.0	955.3641966922667	0.0	0	0.0	4431.63114303656	1	0	tensor(3)	2.552569159250335
203470.4426168074	3000.0	961.188526229274	0.0	0	0.0	4431.631143036531	1	0	tensor(3)	1.166274798130448
204249.9158792479	3000.0	1181.7152637887718	0.0	0	0.0	4431.631143036531	1	0	tensor(3)	1.859421978690393
204785.7229850426	3000.0	1645.908157994064	0.0	0	0.0	4431.631143036531	1	0	tensor(3)	1.859421978690393
205313.37940539827	3000.0	2118.251737638416	0.0	0	0.0	4431.631143036531	1	0	tensor(3)	1.859421978690393
205942.0743629231	3000.0	2489.556780113593	0.0	0	0.0	4431.631143036531	1	0	tensor(3)	1.859421978690393
206448.9706547944	3000.0	2982.660488242293	0.0	0	0.0	4431.63114303656	1	0	tensor(3)	1.8594219786903916
207745.60080993068	6000.0	2686.030333106033	0.0	0	0.0	4431.63114303656	1	0	tensor(3)	1.8594219786903898
209192.46589428335	6000.0	2239.165248753336	0.0	0	0.0	4431.631143036531	1	0	tensor(3)	2.5525691592503374
210474.17615576004	6000.0	1957.4549872766502	0.0	0	0.0	4431.631143036502	1	0	tensor(3)	2.552569159250341
211371.2640546213	6000.0	2060.367088415396	0.0	0	0.0	4431.631143036502	1	0	tensor(3)	2.552569159250341
211929.06677336642	6000.0	2502.564369670295	0.0	0	0.0	4431.631143036502	1	0	tensor(3)	2.552569159250341
212623.47988964754	6000.0	2808.15125338915	0.0	0	0.0	4431.631143036473	1	0	tensor(3)	2.552569159250343
214185.19935124044	6000.0	2246.4317917962494	0.0	0	0.0	4431.631143036502	1	0	tensor(3)	2.552569159250341
214837.88810326834	6000.0	2593.743039768367	0.0	0	0.0	4431.631143036531	1	0	tensor(3)	2.5525691592503374
215864.06197306188	6000.0	2567.569169974842	0.0	0	0.0	4431.6311430365895	1	0	tensor(3)	2.552569159250332
217197.01273018177	6000.0	2234.618412854923	0.0	0	0.0	4431.63114303656	1	0	tensor(3)	2.552569159250335
218370.3689888699	6000.0	2061.2621541667695	0.0	0	0.0	4431.631143036502	1	0	tensor(3)	2.5525691592503383
219439.24896206788	6000.0	1992.3821809687674	0.0	0	0.0	4431.631143036502	1	0	tensor(3)	2.552569159250341
220276.3675570031	6000.0	2155.2635860335126	0.0	0	0.0	4431.631143036502	1	0	tensor(3)	2.552569159250341
221756.2323135142	6000.0	1675.3988295224444	0.0	0	0.0	4431.631143036531	1	0	tensor(3)	2.5525691592503374
223025.31492491125	6000.0	1406.3162181254145	0.0	0	0.0	4431.63114303656	1	0	tensor(3)	2.552569159250335
225172.39296232347	6000.0	259.2381807131377	0.0	0	0.0	4431.631143036531	1	0	tensor(3)	2.5525691592503374
225797.0157384717	3000.0	689.8763102900562	55.260905725171455	0	0.0	4486.892048761714	1	0	tensor(3)	0.8291832732069009
226424.3720659358	3000.0	1062.5199828259608	0.0	0	0.0	4486.892048761743	1	0	tensor(3)	1.8538958881178735
227111.0985554008	6000.0	1375.7934933609681	0.0	0	0.0	4486.892048761743	1	0	tensor(3)	1.8538958881178718
228059.49940168727	6000.0	1427.3926470744927	0.0	0	0.0	4486.892048761714	1	0	tensor(3)	2.5470430686778194
229217.29605445932	6000.0	1269.5959943024475	0.0	0	0.0	4486.892048761714	1	0	tensor(3)	2.5470430686778194
230575.19568476238	6000.0	911.6963639994075	0.0	0	0.0	4486.892048761685	1	0	tensor(3)	2.5470430686778203
231494.4276781655	6000.0	992.4643705962535	0.0	0	0.0	4486.892048761656	1	0	tensor(3)	2.547043068677825
233078.9198056958	6000.0	407.97224306594467	0.0	0	0.0	4486.892048761627	1	0	tensor(3)	2.5470430686778283
234254.86927499346	6000.0	378.9849924431427	146.96221867484508	0	0.0	4633.854267436458	1	0	tensor(3)	1.6505735347612744
235668.40700064728	6000.0	200.0	234.55273321068407	0	0.0	4868.407000647159	1	0	tensor(3)	1.10247970285235
236278.89321866704	3000.0	701.1804827151977	111.66670073500356	0	0.0	4980.073701382149	1	0	tensor(3)	0.44143033788586483
237153.5978367709	3000.0	826.4758646113388	0.0	0	0.0	4980.073701382149	1	0	tensor(3)	1.8045777228558313
237718.5977476358	3000.0	1261.47595374645	0.0	0	0.0	4980.073701382149	1	0	tensor(3)	1.8045777228558313
238403.81245691123	3000.0	1576.2612444710433	0.0	0	0.0	4980.073701382149	1	0	tensor(3)	1.8045777228558313
239042.08038147533	3000.0	1937.9933199069462	0.0	0	0.0	4980.073701382149	1	0	tensor(3)	1.8045777228558313
239736.13215094575	6000.0	2243.9415504365234	0.0	0	0.0	4980.073701382149	1	0	tensor(3)	1.8045777228558313
240451.5216619769	6000.0	2528.5520394053624	0.0	0	0.0	4980.073701382149	1	0	tensor(3)	2.4977249034157762
241247.3993885242	6000.0	2732.6743128580483	0.0	0	0.0	4980.073701382149	1	0	tensor(3)	2.4977249034157762
242550.25218584557	6000.0	2429.8215155367034	0.0	0	0.0	4980.073701382178	1	0	tensor(3)	2.497724903415773
243443.24946607687	6000.0	2536.8242353054366	0.0	0	0.0	4980.073701382178	1	0	tensor(3)	2.497724903415773
245001.9753826513	6000.0	1978.0983187310007	0.0	0	0.0	4980.073701382178	1	0	tensor(3)	2.497724903415773
246705.32688724136	6000.0	1274.7468141409363	0.0	0	0.0	4980.073701382178	1	0	tensor(3)	2.497724903415773
247566.19370327727	6000.0	1413.8799981050768	0.0	0	0.0	4980.073701382207	1	0	tensor(3)	2.49772490341577
249324.21128137648	6000.0	655.862420005853	0.0	0	0.0	4980.073701382178	1	0	tensor(3)	2.497724903415773
250122.92249972653	3000.0	857.1512016558362	0.0	0	0.0	4980.073701382178	1	0	tensor(3)	1.1114305422958832
250977.3430369819	3000.0	1002.7306644004532	0.0	0	0.0	4980.073701382178	1	0	tensor(3)	1.8045777228558282
251455.62765329276	3000.0	1524.446048089608	0.0	0	0.0	4980.073701382178	1	0	tensor(3)	1.8045777228558282
252162.19946965986	3000.0	1817.874231722544	0.0	0	0.0	4980.073701382178	1	0	tensor(3)	1.8045777228558282
252822.64637078415	3000.0	2157.4273305982697	0.0	0	0.0	4980.073701382178	1	0	tensor(3)	1.8045777228558282
253288.93602263636	3000.0	2691.1376787460545	0.0	0	0.0	4980.073701382178	1	0	tensor(3)	1.8045777228558282
254259.70499189492	6000.0	2720.3687094875154	0.0	0	0.0	4980.073701382178	1	0	tensor(3)	1.8045777228558282
255313.26486138563	6000.0	2666.8088399967987	0.0	0	0.0	4980.073701382178	1	0	tensor(3)	2.497724903415773
256882.64969335296	6000.0	2097.4240080294594	0.0	0	0.0	4980.073701382178	1	0	tensor(3)	2.4977249034157736
257913.97544072135	6000.0	2066.098260661048	0.0	0	0.0	4980.073701382178	1	0	tensor(3)	2.497724903415773
259279.8690388549	6000.0	1700.2046625275088	0.0	0	0.0	4980.073701382207	1	0	tensor(3)	2.49772490341577
261513.53912379168	6000.0	466.5345775907575	0.0	0	0.0	4980.073701382149	1	0	tensor(3)	2.4977249034157736
262972.2026752857	6000.0	353.5193231099738	345.64829701328034	0	0.0	5325.721998395427	1	0	tensor(3)	0.3892702916347668
263674.90422956605	6000.0	704.0590537287021	53.241284899081876	0	0.0	5378.963283294754	1	0	tensor(3)	2.1383882358300266
264540.54896403203	6000.0	838.4143192628156	0.0	0	0.0	5378.96328329487	1	0	tensor(3)	2.45783594522451
265789.0252345601	6000.0	589.9380487347416	0.0	0	0.0	5378.96328329487	1	0	tensor(3)	2.4578359452245064
267638.58180133253	6000.0	200.0	459.61851803768474	0	0.0	5838.581801332533	1	0	tensor(3)	-0.3372461681947638
268638.12367099535	3000.0	508.1644194282463	307.70628909109223	0	0.0	6146.288090423623	1	0	tensor(3)	-0.8514286311548149
269298.3820657786	3000.0	847.9060246450115	0.0	0	0.0	6146.288090423623	1	0	tensor(3)	1.6879562839516837
269884.2470376794	3000.0	1262.0410527441481	0.0	0	0.0	6146.288090423564	1	0	tensor(3)	1.6879562839516895
270474.7666774953	3000.0	1671.5214129282324	0.0	0	0.0	6146.288090423448	1	0	tensor(3)	1.687956283951698
271289.99200709484	6000.0	1856.2960833286786	0.0	0	0.0	6146.28809042339	1	0	tensor(3)	1.6879562839517068
273704.61118043115	6000.0	441.67690999241313	0.0	0	0.0	6146.288090423448	1	0	tensor(3)	2.381103464511646
274587.0704446973	3000.0	628.6504078058985	69.43276207955995	0	0.0	6215.720852503087	1	0	tensor(3)	0.5712692547064349
275134.8930067782	3000.0	1080.8278457250055	0.0	0	0.0	6215.720852503146	1	0	tensor(3)	1.6810130077437313
276083.7947862906	3000.0	1131.926066212653	0.0	0	0.0	6215.720852503146	1	0	tensor(3)	1.6810130077437313
277183.5615858837	3000.0	1032.159266619568	0.0	0	0.0	4215.720852503146	1	0	tensor(6)	-4.11898699225627
277794.02480067976	3000.0	1421.696051823539	0.0	0	0.0	4215.720852503146	1	0	tensor(3)	1.8810130077437315
278868.7668102974	3000.0	1346.9540422058867	0.0	0	0.0	4215.720852503087	1	0	tensor(3)	1.8810130077437373
280410.0633515754	3000.0	805.6575009278979	0.0	0	0.0	4215.720852503087	1	0	tensor(3)	1.8810130077437373
281230.7121375269	3000.0	985.0087149764522	0.0	0	0.0	4215.720852503087	1	0	tensor(3)	1.8810130077437373
281810.3426084191	3000.0	1405.3782440843179	0.0	0	0.0	4215.720852503087	1	0	tensor(3)	1.8810130077437373
282823.62111399457	3000.0	1392.0997385087567	0.0	0	0.0	4215.720852503029	1	0	tensor(3)	1.8810130077437432
283870.9429581101	3000.0	1344.777894393165	0.0	0	0.0	4215.720852503029	1	0	tensor(3)	1.8810130077437432
284535.917568799	3000.0	1679.803283704291	0.0	0	0.0	4215.720852503029	1	0	tensor(3)	1.8810130077437432
285286.8316804227	3000.0	1928.8891720805593	0.0	0	0.0	4215.720852503029	1	0	tensor(3)	1.8810130077437432
286172.58202478796	3000.0	2043.138827715313	0.0	0	0.0	4215.720852502971	1	0	tensor(3)	1.881013007743749
287021.1929608304	3000.0	2194.5278916728957	0.0	0	0.0	4215.720852503029	1	0	tensor(3)	1.8810130077437432
287575.76660380926	3000.0	2639.9542486940286	0.0	0	0.0	4215.720852503029	1	0	tensor(3)	1.8810130077437432
288233.1459329825	3000.0	2982.5749195207713	0.0	0	0.0	4215.720852503029	1	0	tensor(3)	1.8810130077437432
288907.54016920435	3000.0	3308.1806832989346	0.0	0	0.0	4215.720852503029	1	0	tensor(3)	1.8810130077437432
289967.3066305802	6000.0	3248.4142219230607	0.0	0	0.0	4215.720852503029	1	0	tensor(3)	1.881013007743743
290786.4614487757	6000.0	3429.2594037275476	0.0	0	0.0	4215.720852502971	1	0	tensor(3)	2.5741601883036935
291449.45715091994	6000.0	3766.2637015833916	0.0	0	0.0	4215.720852502913	1	0	tensor(3)	2.574160188303695
292318.00205119594	6000.0	3897.718801307418	0.0	0	0.0	4215.720852502913	1	0	tensor(3)	2.5741601883036997
293466.84781358007	6000.0	3748.8730389232896	0.0	0	0.0	4215.720852502913	1	0	tensor(3)	2.5741601883036997
294851.84882875666	6000.0	3363.8720237466655	0.0	0	0.0	4215.720852502971	1	0	tensor(3)	2.574160188303696
296379.2262345905	6000.0	2836.49461791287	0.0	0	0.0	4215.720852502913	1	0	tensor(3)	2.5741601883036997
298064.15819196554	6000.0	2151.5626605377984	0.0	0	0.0	4215.720852502913	1	0	tensor(3)	2.5741601883036997
299478.5192003523	6000.0	1737.2016521510377	0.0	0	0.0	4215.720852502913	1	0	tensor(3)	2.574160188303695
300586.9873066187	6000.0	1628.7335458846849	0.0	0	0.0	4215.720852502971	1	0	tensor(3)	2.5741601883036935
301410.20703056466	6000.0	1805.513821938752	0.0	0	0.0	4215.720852503029	1	0	tensor(3)	2.574160188303688
302908.0892525003	6000.0	1307.6316000031313	0.0	0	0.0	4215.720852503029	1	0	tensor(3)	2.574160188303688
304141.5908029261	6000.0	1074.1300495773849	0.0	0	0.0	4215.720852503029	1	0	tensor(3)	2.574160188303688
305131.33513330726	3000.0	1084.385719196176	0.0	0	0.0	4215.720852503029	1	0	tensor(3)	1.1878658271837983
306278.83368812397	3000.0	936.8871643794043	0.0	0	0.0	4215.720852502971	1	0	tensor(3)	1.881013007743749
307641.80913654226	3000.0	573.9117159610854	0.0	0	0.0	4215.720852502971	1	0	tensor(3)	1.881013007743749
3.98	4.16	3.98	2.51	2.58	4.24	5.78	2.88	2.49	3.87	3.54	5.27	4.61	5.86	5.78	5.03	4.31	4.09	3.13	3.34	4.0	3.65	4.0	4.16	5.27	2.42	1.84	3.05	2.2	3.2	4.48	3.29	3.44	3.61	3.63	4.02	2.81	3.34	3.09	4.37	6.01	6.75	3.2	3.68	5.47	6.83	3.43	2.05	3.68	4.0	4.8	4.74	4.97	6.36	6.52	4.34	5.26	7.21	9.8	6.36	3.96	8.32	6.58	4.52	4.41	5.5	7.43	4.43	4.71	4.25	2.85	4.46	6.3	7.52	7.15	6.6	5.39	6.81	3.34	5.8	6.78	4.01	3.83	4.6	4.46	6.65	9.15	9.79	5.94	7.05	5.21	5.17	3.82	5.9	4.78	3.85	2.97	5.11	5.19	5.64	5.76	4.67	3.24	4.53	6.1	5.88	2.39	4.05	4.97	6.29	8.53	6.59	3.7	3.59	3.53	4.89	6.06	6.95	2.63	3.83	3.44	5.35	2.18	3.85	4.24	3.13	2.4	3.36	4.08	3.19	3.52	3.73	3.95	3.45	5.4	6.12	8.48	8.79	7.09	6.44	4.47	3.65	5.32	4.38	3.65	4.24	5.5	5.76	4.43	5.51	3.98	4.16	3.98	2.51	2.58	4.24	5.78	2.88	2.49	3.87	3.54	5.27	4.61	5.86	5.78	5.03	4.31	4.09	3.13	3.34	4.0	3.65	4.0	4.16	5.27	2.42	1.84	3.05	2.2	3.2	4.48	3.29	3.44	3.61	3.63	4.02	2.81	3.34	3.09	4.37	6.01	6.75	3.2	3.68	5.47	6.83	3.43	2.05	3.68	4.0	4.8	4.74	4.97	6.36	6.52	4.34	5.26	7.21	9.8	6.36	3.96	8.32	6.58	4.52	4.41	5.5	7.43	4.43	4.71	4.25	2.85	4.46	6.3	7.52	7.15	6.6	5.39	6.81	3.34	5.8	6.78	4.01	3.83	4.6	4.46	6.65	9.15	9.79	5.94	7.05	5.21	5.17	3.82	5.9	4.78	3.85	2.97	5.11	5.19	5.64	5.76	4.67	3.24	4.53	6.1	5.88	2.39	4.05	4.97	6.29	8.53	6.59	3.7	3.59	3.53	4.89	6.06	6.95	2.63	3.83	3.44	5.35	2.18	3.85	4.24	3.13	2.4	3.36	4.08	3.19	3.52	3.73	3.95	3.45	5.4	6.12	8.48	8.79	7.09	6.44	4.47	3.65	5.32	4.38	3.65	4.24	5.5	5.76	4.43	5.51	3.98	4.16	3.98	2.51	2.58	4.24
1.0	2.0	3.0	4.0	5.0	6.0	7.0	8.0	9.0	10.0	11.0	12.0	13.0	14.0	15.0	16.0	17.0	18.0	19.0	20.0	21.0	22.0	23.0	24.0	25.0	26.0	27.0	28.0	29.0	30.0	31.0	32.0	33.0	34.0	35.0	36.0	37.0	38.0	39.0	40.0	41.0	42.0	43.0	44.0	45.0	46.0	47.0	48.0	49.0	50.0	51.0	52.0	53.0	54.0	55.0	56.0	57.0	58.0	59.0	60.0	61.0	62.0	63.0	64.0	65.0	66.0	67.0	68.0	69.0	70.0	71.0	72.0	73.0	74.0	75.0	76.0	77.0	78.0	79.0	80.0	81.0	82.0	83.0	84.0	85.0	86.0	87.0	88.0	89.0	90.0	91.0	92.0	93.0	94.0	95.0	96.0	97.0	98.0	99.0	100.0	101.0	102.0	103.0	104.0	105.0	106.0	107.0	108.0	109.0	110.0	111.0	112.0	113.0	114.0	115.0	116.0	117.0	118.0	119.0	120.0	121.0	122.0	123.0	124.0	125.0	126.0	127.0	128.0	129.0	130.0	131.0	132.0	133.0	134.0	135.0	136.0	137.0	138.0	139.0	140.0	141.0	142.0	143.0	144.0	145.0	146.0	147.0	148.0	149.0	149.0	150.0	151.0	152.0	153.0	154.0	155.0	156.0	157.0	158.0	159.0	160.0	161.0	162.0	163.0	164.0	165.0	166.0	167.0	168.0	169.0	170.0	171.0	172.0	173.0	174.0	175.0	176.0	177.0	178.0	179.0	180.0	181.0	182.0	183.0	184.0	185.0	186.0	187.0	188.0	189.0	190.0	191.0	192.0	193.0	194.0	195.0	196.0	197.0	198.0	199.0	200.0	201.0	202.0	203.0	204.0	205.0	206.0	207.0	208.0	209.0	210.0	211.0	212.0	213.0	214.0	215.0	216.0	217.0	218.0	219.0	220.0	221.0	222.0	223.0	224.0	225.0	226.0	227.0	228.0	229.0	230.0	231.0	232.0	233.0	234.0	235.0	236.0	237.0	238.0	239.0	240.0	241.0	242.0	243.0	244.0	245.0	246.0	247.0	248.0	249.0	250.0	251.0	252.0	253.0	254.0	255.0	256.0	257.0	258.0	259.0	260.0	261.0	262.0	263.0	264.0	265.0	266.0	267.0	268.0	269.0	270.0	271.0	272.0	273.0	274.0	275.0	276.0	277.0	278.0	279.0	280.0	281.0	282.0	283.0	284.0	285.0	286.0	287.0	288.0	289.0	290.0	291.0	292.0	293.0	294.0	295.0	296.0	297.0	298.0	298.0	299.0	300.0	301.0	302.0	303.0	304.0
4350.229254081732
