2726.589061088433	300.0	2000.0	306.92891044088526	0	0.0	2726.589061088433	1	0	tensor(3)	-2.106341237971624
3759.309062238055	1000.0	1967.2799988503775	0.0	0	0.0	2726.5890610884326	1	0	tensor(3)	-0.272658906108843
4984.742364320467	1000.0	1741.8466967679658	0.0	0	0.0	2726.589061088433	1	0	tensor(3)	0.931313898217093
5815.9506770209255	1000.0	1910.638384067507	0.0	0	0.0	2726.589061088433	1	0	tensor(3)	0.931313898217093
6628.754164162761	1000.0	2097.8348969256704	0.0	0	0.0	2726.589061088432	1	0	tensor(3)	0.931313898217093
7643.741287406922	1000.0	2082.84777368151	0.0	0	0.0	2726.5890610884317	1	0	tensor(3)	0.931313898217093
8710.982799634625	1000.0	2015.6062614538055	0.0	0	0.0	2726.58906108843	1	0	tensor(3)	0.9313138982170931
9382.641172310747	1000.0	2343.947888777683	0.0	0	0.0	2726.589061088429	1	0	tensor(3)	0.9313138982170932
10200.0	1000.0	2526.5890610884285	0.0	0	29.16697263790593	2726.589061088427	1	0	tensor(3)	0.9313138982170932
11200.0	1000.0	2526.5890610884294	0.0	0	241.73297961679236	2726.589061088427	1	0	tensor(3)	0.9313138982170934
12200.0	1000.0	2526.589061088427	0.0	0	21.7184577359003	2726.589061088427	1	0	tensor(3)	0.9313138982170934
13200.0	1000.0	2526.589061088427	0.0	0	265.62677955471736	2726.589061088427	1	0	tensor(3)	0.9313138982170934
14200.0	1000.0	2526.5890610884267	0.0	0	186.32107520359568	2726.589061088427	1	0	tensor(3)	0.9313138982170934
15200.0	1000.0	2526.589061088427	0.0	0	375.5486024126785	2726.5890610884253	1	0	tensor(3)	0.9313138982170936
16359.1764483912	2000.0	2367.412612697227	0.0	0	0.0	2726.589061088427	1	0	tensor(3)	0.9313138982170934
17254.281630180154	1000.0	2472.3074309082763	0.0	0	0.0	2726.5890610884308	1	0	tensor(3)	0.23816671765714792
18200.0	1000.0	2526.589061088431	0.0	0	194.98798926687596	2726.5890610884344	1	0	tensor(3)	0.9313138982170929
19200.0	1000.0	2526.589061088433	0.0	0	128.24372080023386	2726.5890610884344	1	0	tensor(3)	0.9313138982170928
20200.0	1000.0	2526.589061088431	0.0	0	529.3482825310421	2726.589061088438	1	0	tensor(3)	0.9313138982170923
21312.8398486366	2000.0	2413.7492124518344	0.0	0	0.0	2726.589061088438	1	0	tensor(3)	0.9313138982170923
22200.0	2000.0	2526.58906108843	0.0	0	337.64849049512486	2726.589061088438	1	0	tensor(3)	1.6244610787770375
24180.212283338253	3000.0	1546.3767777501746	0.0	0	0.0	2726.5890610884344	1	0	tensor(3)	1.624461078777038
25058.25149024034	2000.0	1668.3375708480862	0.0	0	0.0	2726.5890610884344	1	0	tensor(3)	1.218995970668873
26266.87516005504	2000.0	1459.713901033391	0.0	0	0.0	2726.5890610884344	1	0	tensor(3)	1.6244610787770377
27164.34558607044	1000.0	1562.2434750179866	0.0	0	0.0	2726.5890610884344	1	0	tensor(3)	0.23816671765714748
27948.603493746912	1000.0	1777.9855673415182	0.0	0	0.0	2726.5890610884344	1	0	tensor(3)	0.9313138982170927
28615.837321654915	1000.0	2110.7517394335164	0.0	0	0.0	2726.5890610884344	1	0	tensor(3)	0.9313138982170927
29281.081199863394	1000.0	2445.5078612250372	0.0	0	0.0	2726.5890610884344	1	0	tensor(3)	0.9313138982170927
30677.708003541014	2000.0	2048.8810575474204	0.0	0	0.0	2726.5890610884344	1	0	tensor(3)	0.9313138982170925
31901.420836516147	2000.0	1825.1682245722855	0.0	0	0.0	2726.5890610884344	1	0	tensor(3)	1.6244610787770377
34477.194729625706	2000.0	249.39433146273024	0.0	0	0.0	2726.5890610884417	1	0	tensor(3)	1.624461078777038
35515.76789127858	1000.0	460.92275406274666	250.1015842528908	0	0.0	2976.6906453413285	1	0	tensor(3)	-1.287452946285487
36247.46933249865	1000.0	729.2213128426644	0.0	0	0.0	2976.690645341325	1	0	tensor(3)	0.9063037397918037
37038.113402634044	1000.0	938.5772427072764	0.0	0	0.0	2976.690645341325	1	0	tensor(3)	0.9063037397918037
37680.306360424904	1000.0	1296.3842849164225	0.0	0	0.0	2976.690645341325	1	0	tensor(3)	0.9063037397918037
38426.48782337562	1000.0	1550.2028219657154	0.0	0	0.0	2976.690645341332	1	0	tensor(3)	0.9063037397918029
39174.41000404592	1000.0	1802.2806412954067	0.0	0	0.0	2976.690645341332	1	0	tensor(3)	0.9063037397918029
39879.86192983785	1000.0	2096.828715503487	0.0	0	0.0	2976.690645341325	1	0	tensor(3)	0.9063037397918037
40669.00947404983	1000.0	2307.681171291503	0.0	0	0.0	2976.6906453413176	1	0	tensor(3)	0.9063037397918045
41763.878702331865	1000.0	2212.811943009475	0.0	0	0.0	2976.690645341325	1	0	tensor(3)	0.9063037397918037
42785.37127113536	1000.0	2191.319374205987	0.0	0	0.0	2976.690645341325	1	0	tensor(3)	0.9063037397918037
43475.804823911414	1000.0	2500.8858214299253	0.0	0	0.0	2976.690645341325	1	0	tensor(3)	0.9063037397918037
44200.0	1000.0	2776.690645341349	0.0	0	133.7349016710359	2976.690645341325	1	0	tensor(3)	0.9063037397918037
45410.0318475781	1000.0	2566.6587977632503	0.0	0	0.0	2976.690645341325	1	0	tensor(3)	0.9063037397918037
46310.69230850438	1000.0	2665.9983368369685	0.0	0	0.0	2976.690645341325	1	0	tensor(3)	0.9063037397918037
47200.0	1000.0	2776.690645341344	0.0	0	278.11128132170415	2976.6906453413176	1	0	tensor(3)	0.9063037397918045
48200.0	1000.0	2776.690645341341	0.0	0	236.40801899835787	2976.6906453413176	1	0	tensor(3)	0.9063037397918045
50381.12582448324	2000.0	1595.5648208580901	0.0	0	0.0	2976.6906453413176	1	0	tensor(3)	0.9063037397918043
51153.69451737227	1000.0	1822.9961279690606	0.0	0	0.0	2976.6906453413176	1	0	tensor(3)	0.21315655923185928
52152.501967577526	1000.0	1824.188677763802	0.0	0	0.0	2976.6906453413176	1	0	tensor(3)	0.9063037397918045
52813.07242957678	1000.0	2163.6182157645458	0.0	0	0.0	2976.6906453413176	1	0	tensor(3)	0.9063037397918045
53412.607851634864	1000.0	2564.082793706461	0.0	0	0.0	2976.690645341325	1	0	tensor(3)	0.9063037397918037
54372.004423150254	2000.0	2604.686222191069	0.0	0	0.0	2976.690645341325	1	0	tensor(3)	0.9063037397918036
55653.950871824214	2000.0	2322.7397735171144	0.0	0	0.0	2976.690645341332	1	0	tensor(3)	1.5994509203517482
56815.285538005526	2000.0	2161.4051073358014	0.0	0	0.0	2976.690645341332	1	0	tensor(3)	1.5994509203517482
57779.25997821854	2000.0	2197.430667122785	0.0	0	0.0	2976.690645341332	1	0	tensor(3)	1.5994509203517482
58876.50455719773	2000.0	2100.186088143593	0.0	0	0.0	2976.690645341332	1	0	tensor(3)	1.5994509203517482
60198.474061496236	2000.0	1778.216583845096	0.0	0	0.0	2976.690645341332	1	0	tensor(3)	1.5994509203517482
62685.417639196225	2000.0	291.2730061451007	0.0	0	0.0	2976.690645341332	1	0	tensor(3)	1.5994509203517482
64025.76339792224	1000.0	391.6634536783692	440.7362062592803	0	0.0	3417.426851600605	1	0	tensor(3)	-2.4753342989497504
64993.310255144235	1000.0	514.6972521334812	90.58065567712111	0	0.0	3508.0075072777254	1	0	tensor(3)	0.30968811953543696
65943.63905052538	1000.0	564.3684567523335	0.0	0	0.0	3508.0075072777254	1	0	tensor(3)	0.8531720535981637
66530.7653888832	1000.0	977.2421183945175	0.0	0	0.0	3508.0075072777254	1	0	tensor(3)	0.8531720535981636
67088.30651093612	1000.0	1419.7009963416035	0.0	0	0.0	3508.0075072777327	1	0	tensor(3)	0.853172053598163
67635.10069155868	1000.0	1872.90681571904	0.0	0	0.0	3508.0075072777327	1	0	tensor(3)	0.8531720535981626
68400.24338045379	1000.0	2107.764126823936	0.0	0	0.0	3508.00750727774	1	0	tensor(3)	0.8531720535981626
68988.52164069368	1000.0	2519.4858665840356	0.0	0	0.0	3508.0075072777327	1	0	tensor(3)	0.8531720535981623
69780.12488858873	1000.0	2727.882618688992	0.0	0	0.0	3508.00750727774	1	0	tensor(3)	0.8531720535981622
71063.21611847775	2000.0	2444.7913887999707	0.0	0	0.0	3508.00750727774	1	0	tensor(3)	0.8531720535981621
72399.60770551226	2000.0	2108.3998017654603	0.0	0	0.0	3508.0075072777545	1	0	tensor(3)	1.5463192341581058
73347.01134144014	2000.0	2160.9961658375887	0.0	0	0.0	3508.0075072777545	1	0	tensor(3)	1.5463192341581058
74727.9253589176	2000.0	1780.0821483601528	0.0	0	0.0	3508.007507277769	1	0	tensor(3)	1.5463192341581045
75789.4715830701	2000.0	1718.535924207663	0.0	0	0.0	3508.007507277769	1	0	tensor(3)	1.5463192341581045
76744.48624689263	2000.0	1763.5212603851276	0.0	0	0.0	3508.007507277769	1	0	tensor(3)	1.5463192341581045
77700.42959321864	2000.0	1807.5779140591342	0.0	0	0.0	3508.0075072777836	1	0	tensor(3)	1.5463192341581027
79267.19956467688	2000.0	1240.8079426009042	0.0	0	0.0	3508.007507277798	1	0	tensor(3)	1.5463192341581014
79889.37066557351	1000.0	1618.6368417042627	0.0	0	0.0	3508.007507277798	1	0	tensor(3)	0.1600248730382111
80484.98277753744	1000.0	2023.024729740339	0.0	0	0.0	3508.007507277798	1	0	tensor(3)	0.8531720535981563
81269.90433650599	1000.0	2238.1031707717966	0.0	0	0.0	3508.007507277798	1	0	tensor(3)	0.8531720535981563
81980.72900066295	1000.0	2527.2785066148444	0.0	0	0.0	3508.007507277798	1	0	tensor(3)	0.8531720535981563
82522.20915864685	1000.0	2985.798348630941	0.0	0	0.0	3508.007507277798	1	0	tensor(3)	0.8531720535981563
83823.69764086333	2000.0	2684.3098664144436	0.0	0	0.0	3508.007507277798	1	0	tensor(3)	0.8531720535981562
84578.16121695629	1000.0	2929.8462903214822	0.0	0	0.0	3508.007507277798	1	0	tensor(3)	0.1600248730382111
85333.14459496755	1000.0	3174.8629123102114	0.0	0	0.0	3508.0075072778127	1	0	tensor(3)	0.8531720535981548
86345.14851591452	2000.0	3162.8589913632413	0.0	0	0.0	3508.0075072778127	1	0	tensor(3)	0.8531720535981548
87640.65428304832	2000.0	2867.353224229451	0.0	0	0.0	3508.0075072778127	1	0	tensor(3)	1.5463192341581
88957.14516515701	2000.0	2550.8623421207453	0.0	0	0.0	3508.0075072778127	1	0	tensor(3)	1.5463192341581
90081.58481762867	2000.0	2426.4226896490873	0.0	0	0.0	3508.007507277798	1	0	tensor(3)	1.5463192341581014
91170.57240454757	2000.0	2337.4351027301836	0.0	0	0.0	3508.007507277798	1	0	tensor(3)	1.5463192341581014
92505.01684378115	2000.0	2002.990663496604	0.0	0	0.0	3508.007507277798	1	0	tensor(3)	1.5463192341581014
94245.27464408828	2000.0	1262.732863189472	0.0	0	0.0	3508.007507277798	1	0	tensor(3)	1.5463192341581014
94915.82045023168	1000.0	1592.1870570460546	0.0	0	0.0	3508.007507277798	1	0	tensor(3)	0.1600248730382111
96476.2243996593	2000.0	1031.7831076184464	0.0	0	0.0	3508.007507277798	1	0	tensor(3)	0.8531720535981562
97106.9905555604	1000.0	1401.0169517173433	0.0	0	0.0	3508.007507277798	1	0	tensor(3)	0.1600248730382111
97967.36331048049	1000.0	1540.644196797251	0.0	0	0.0	3508.007507277798	1	0	tensor(3)	0.8531720535981563
98874.93641716563	1000.0	1633.0710901120938	0.0	0	0.0	3508.007507277798	1	0	tensor(3)	0.8531720535981563
99523.85664940874	1000.0	1984.1508578689866	0.0	0	0.0	3508.007507277798	1	0	tensor(3)	0.8531720535981563
100472.7729907371	1000.0	2035.2345165406284	0.0	0	0.0	3508.007507277798	1	0	tensor(3)	0.8531720535981563
101475.3511803302	1000.0	2032.6563269475196	0.0	0	0.0	3508.007507277798	1	0	tensor(3)	0.8531720535981563
102161.91384538011	1000.0	2346.0936618976143	0.0	0	0.0	3508.0075072778127	1	0	tensor(3)	0.8531720535981548
102896.90483213268	1000.0	2611.1026751450486	0.0	0	0.0	3508.0075072778127	1	0	tensor(3)	0.8531720535981548
103477.74222938732	1000.0	3030.2652778904076	0.0	0	0.0	3508.0075072778127	1	0	tensor(3)	0.8531720535981548
104577.13771388642	2000.0	2930.8697933913054	0.0	0	0.0	3508.0075072778127	1	0	tensor(3)	0.8531720535981548
106266.83025156749	2000.0	2241.17725571024	0.0	0	0.0	3508.007507277798	1	0	tensor(3)	1.5463192341581014
107084.72441835159	1000.0	2423.28308892613	0.0	0	0.0	3508.007507277798	1	0	tensor(3)	0.1600248730382111
107898.13360532495	2000.0	2609.8739019527693	0.0	0	0.0	3508.007507277798	1	0	tensor(3)	0.8531720535981562
108649.17608194616	2000.0	2858.8314253315375	0.0	0	0.0	3508.007507277798	1	0	tensor(3)	1.5463192341581014
109513.6422963067	2000.0	2994.36521097101	0.0	0	0.0	3508.0075072777836	1	0	tensor(3)	1.5463192341581027
111070.80904214487	2000.0	2437.198465132829	0.0	0	0.0	3508.0075072777836	1	0	tensor(3)	1.5463192341581027
112309.74538838434	1000.0	2198.262118893347	0.0	0	0.0	3508.0075072777836	1	0	tensor(3)	0.1600248730382127
113141.50937152041	1000.0	2366.4981357572774	0.0	0	0.0	3508.0075072777836	1	0	tensor(3)	0.8531720535981578
114128.8250053629	1000.0	2379.182501914801	0.0	0	0.0	3508.0075072777836	1	0	tensor(3)	0.8531720535981578
114620.53322825844	1000.0	2887.4742790192695	0.0	0	0.0	3508.0075072777836	1	0	tensor(3)	0.8531720535981578
116556.32435393025	2000.0	1951.683153347444	0.0	0	0.0	3508.007507277769	1	0	tensor(3)	0.8531720535981593
117477.28287003643	1000.0	2030.7246372412694	0.0	0	0.0	3508.007507277769	1	0	tensor(3)	0.1600248730382141
118255.63431408201	1000.0	2252.3731931956745	0.0	0	0.0	3508.007507277769	1	0	tensor(3)	0.8531720535981593
119049.64136647894	1000.0	2458.366140798754	0.0	0	0.0	3508.007507277769	1	0	tensor(3)	0.8531720535981593
119869.03262024143	1000.0	2638.9748870362814	0.0	0	0.0	3508.007507277769	1	0	tensor(3)	0.8531720535981593
121120.7851926288	2000.0	2387.2223146489064	0.0	0	0.0	3508.007507277769	1	0	tensor(3)	0.8531720535981593
122811.31271756561	2000.0	1696.6947897120838	0.0	0	0.0	3508.007507277769	1	0	tensor(3)	1.5463192341581045
124391.30301444407	2000.0	1116.704492833619	0.0	0	0.0	3508.0075072777545	1	0	tensor(3)	1.5463192341581058
125240.21714550261	1000.0	1267.7903617750785	0.0	0	0.0	3508.0075072777545	1	0	tensor(3)	0.16002487303821555
126441.04897763557	1000.0	1066.95852964213	0.0	0	0.0	3508.0075072777545	1	0	tensor(3)	0.8531720535981607
127404.5118804592	1000.0	1103.4956268185088	0.0	0	0.0	3508.007507277769	1	0	tensor(3)	0.8531720535981593
128444.12045245296	1000.0	1063.8870548247512	0.0	0	0.0	3508.007507277769	1	0	tensor(3)	0.8531720535981593
129129.80791372772	1000.0	1378.199593549972	0.0	0	0.0	3508.007507277769	1	0	tensor(3)	0.8531720535981593
129578.3848607501	1000.0	1929.6226465275959	0.0	0	0.0	3508.0075072777545	1	0	tensor(3)	0.8531720535981607
130507.69692003874	2000.0	2000.3105872389538	0.0	0	0.0	3508.0075072777545	1	0	tensor(3)	0.8531720535981606
131427.85966342836	1000.0	2080.1478438493414	0.0	0	0.0	3508.007507277769	1	0	tensor(3)	0.16002487303821472
132140.7458207394	1000.0	2367.2616865382806	0.0	0	0.0	3508.0075072777254	1	0	tensor(3)	0.853172053598162
132814.25700290618	1000.0	2693.7505043714923	0.0	0	0.0	3508.007507277711	1	0	tensor(3)	0.8531720535981643
134747.3074736027	2000.0	1760.7000336749766	0.0	0	0.0	3508.007507277711	1	0	tensor(3)	0.853172053598164
135601.95066317156	1000.0	1906.0568441060989	0.0	0	0.0	3508.007507277711	1	0	tensor(3)	0.1600248730382199
136374.35363351894	1000.0	2133.6538737587307	0.0	0	0.0	3508.007507277711	1	0	tensor(3)	0.8531720535981651
137271.17298966038	1000.0	2236.834517617277	0.0	0	0.0	3508.007507277711	1	0	tensor(3)	0.8531720535981651
138051.4870565499	1000.0	2456.52045072775	0.0	0	0.0	3508.007507277711	1	0	tensor(3)	0.8531720535981651
139223.90990704214	1000.0	2284.097600235485	0.0	0	0.0	3508.007507277711	1	0	tensor(3)	0.8531720535981651
139875.42985416634	1000.0	2632.5776531113056	0.0	0	0.0	3508.007507277711	1	0	tensor(3)	0.8531720535981651
140749.6360142067	1000.0	2758.3714930709607	0.0	0	0.0	3508.00750727774	1	0	tensor(3)	0.8531720535981622
141919.37252401153	1000.0	2588.634983266141	0.0	0	0.0	3508.007507277769	1	0	tensor(3)	0.8531720535981593
142885.62102789935	1000.0	2622.3864793783155	0.0	0	0.0	3508.007507277769	1	0	tensor(3)	0.8531720535981593
143747.0070092223	1000.0	2761.0004980553676	0.0	0	0.0	3508.007507277798	1	0	tensor(3)	0.8531720535981563
144515.36576237096	1000.0	2992.641744906697	0.0	0	0.0	3508.007507277798	1	0	tensor(3)	0.8531720535981563
146239.80569079614	2000.0	2268.2018164814895	0.0	0	0.0	3508.007507277798	1	0	tensor(3)	0.8531720535981562
147076.4789623364	1000.0	2431.5285449412454	0.0	0	0.0	3508.007507277798	1	0	tensor(3)	0.1600248730382111
147927.8578071847	1000.0	2580.1497000929876	0.0	0	0.0	3508.0075072778272	1	0	tensor(3)	0.8531720535981535
148483.3584061501	1000.0	3024.6491011275834	0.0	0	0.0	3508.0075072778272	1	0	tensor(3)	0.8531720535981535
149590.68036708335	2000.0	2917.327140194358	0.0	0	0.0	3508.0075072778563	1	0	tensor(3)	0.8531720535981504
150453.9573917224	1000.0	3054.050115555337	0.0	0	0.0	3508.0075072778563	1	0	tensor(3)	0.16002487303820534
151627.18582677704	2000.0	2880.8216805006864	0.0	0	0.0	3508.0075072778563	1	0	tensor(3)	0.8531720535981504
153835.9981225063	2000.0	1672.0093847713865	0.0	0	0.0	3508.0075072778563	1	0	tensor(3)	1.5463192341580956
154688.90132128893	1000.0	1819.106185988762	0.0	0	0.0	3508.0075072778563	1	0	tensor(3)	0.16002487303820534
155321.90275167566	1000.0	2186.104755602016	0.0	0	0.0	3508.0075072778563	1	0	tensor(3)	0.8531720535981504
155927.4450671556	1000.0	2580.5624401220675	0.0	0	0.0	3508.0075072778272	1	0	tensor(3)	0.8531720535981535
157046.64255405238	1000.0	2461.3649532252894	0.0	0	0.0	3508.0075072778272	1	0	tensor(3)	0.8531720535981535
158114.85189289183	1000.0	2393.155614385832	0.0	0	0.0	3508.0075072778272	1	0	tensor(3)	0.8531720535981535
158880.9280960565	1000.0	2627.079411221184	0.0	0	0.0	3508.0075072778272	1	0	tensor(3)	0.8531720535981535
159577.43796157432	1000.0	2930.56954570337	0.0	0	0.0	3508.0075072778563	1	0	tensor(3)	0.8531720535981504
160200.0	1000.0	3308.0075072777	0.0	0	87.20047667689505	3508.0075072778855	1	0	tensor(3)	0.8531720535981477
161592.61688041184	2000.0	2915.3906268658575	0.0	0	0.0	3508.0075072778563	1	0	tensor(3)	0.8531720535981504
162435.62892471862	1000.0	3072.3785825590553	0.0	0	0.0	3508.0075072778563	1	0	tensor(3)	0.16002487303820534
163200.0	1000.0	3308.0075072776663	0.0	0	86.39834606432123	3508.0075072778563	1	0	tensor(3)	0.8531720535981504
164200.0	1000.0	3308.0075072776503	0.0	0	491.67454720748356	3508.0075072778563	1	0	tensor(3)	0.8531720535981504
165200.0	2000.0	3308.0075072776585	0.0	0	71.90249116151244	3508.0075072778855	1	0	tensor(3)	0.8531720535981476
167264.9732773583	2000.0	2243.0342299193157	0.0	0	0.0	3508.0075072778563	1	0	tensor(3)	1.5463192341580934
167995.58581530562	1000.0	2512.421691972006	0.0	0	0.0	3508.0075072778563	1	0	tensor(3)	0.16002487303820534
168720.19446538205	1000.0	2787.81304189559	0.0	0	0.0	3508.0075072778563	1	0	tensor(3)	0.8531720535981504
169460.1599284405	2000.0	3047.847578837179	0.0	0	0.0	3508.0075072778563	1	0	tensor(3)	0.8531720535981504
170462.07153207494	2000.0	3045.9359752027426	0.0	0	0.0	3508.0075072778563	1	0	tensor(3)	1.5463192341580956
171200.0	2000.0	3308.007507277691	0.0	0	131.3969980145921	3508.0075072778563	1	0	tensor(3)	1.5463192341580956
172813.63836779544	3000.0	2694.3691394822663	0.0	0	0.0	3508.0075072778563	1	0	tensor(3)	1.5463192341580958
174488.36773533604	3000.0	2019.6397719416564	0.0	0	0.0	3508.0075072778855	1	0	tensor(3)	1.9517843422662575
176179.60917760074	2000.0	1328.3983296769497	0.0	0	0.0	3508.0075072778563	1	0	tensor(3)	1.1408541260499305
176922.60233997385	1000.0	1585.4051673038325	0.0	0	0.0	3508.0075072778563	1	0	tensor(3)	0.16002487303820534
178034.92360533535	2000.0	1473.0839019423652	0.0	0	0.0	3508.0075072778563	1	0	tensor(3)	0.8531720535981504
178629.31982622892	1000.0	1878.6876810487795	0.0	0	0.0	3508.0075072778563	1	0	tensor(3)	0.16002487303820534
179888.75485317607	2000.0	1619.2526541016312	0.0	0	0.0	3508.0075072778563	1	0	tensor(3)	0.8531720535981504
180935.5997034127	2000.0	1572.407803864985	0.0	0	0.0	3508.0075072778272	1	0	tensor(3)	1.5463192341580987
183135.15859841908	2000.0	372.8489088586031	0.0	0	0.0	3508.007507277798	1	0	tensor(3)	1.5463192341581014
183845.67971337726	1000.0	662.3277939004573	0.0	0	0.0	3508.007507277798	1	0	tensor(3)	0.1600248730382111
184888.91496609405	1000.0	619.0925411836683	0.0	0	0.0	3508.007507277798	1	0	tensor(3)	0.8531720535981563
185688.7748948863	1000.0	819.2326123913942	0.0	0	0.0	3508.007507277798	1	0	tensor(3)	0.8531720535981563
186190.34186989506	1000.0	1317.6656373826688	0.0	0	0.0	3508.007507277798	1	0	tensor(3)	0.8531720535981563
186744.18386212797	1000.0	1763.8236451497364	0.0	0	0.0	3508.007507277798	1	0	tensor(3)	0.8531720535981563
187350.4874567737	1000.0	2157.5200505039916	0.0	0	0.0	3508.007507277769	1	0	tensor(3)	0.8531720535981593
188776.19322020074	2000.0	1731.8142870769452	0.0	0	0.0	3508.007507277769	1	0	tensor(3)	0.8531720535981593
189628.0833847208	1000.0	1879.9241225568576	0.0	0	0.0	3508.00750727774	1	0	tensor(3)	0.160024873038217
190530.28233569904	1000.0	1977.7251715786033	0.0	0	0.0	3508.007507277769	1	0	tensor(3)	0.8531720535981593
191293.20275714976	1000.0	2214.804750127877	0.0	0	0.0	3508.007507277769	1	0	tensor(3)	0.8531720535981593
191917.31449196476	1000.0	2590.6930153129083	0.0	0	0.0	3508.007507277769	1	0	tensor(3)	0.8531720535981593
192766.12183637428	1000.0	2741.8856709034135	0.0	0	0.0	3508.0075072778272	1	0	tensor(3)	0.8531720535981557
194172.4261714708	1000.0	2335.581335806895	0.0	0	0.0	3508.0075072778272	1	0	tensor(3)	0.8531720535981541
194833.58253709512	1000.0	2674.424970182586	0.0	0	0.0	3508.0075072778563	1	0	tensor(3)	0.8531720535981504
195736.7959397238	1000.0	2771.2115675539235	0.0	0	0.0	3508.0075072778563	1	0	tensor(3)	0.8531720535981504
196446.55712125998	1000.0	3061.4503860177206	0.0	0	0.0	3508.0075072778563	1	0	tensor(3)	0.8531720535981504
198429.89439892603	2000.0	2078.1131083516557	0.0	0	0.0	3508.0075072778855	1	0	tensor(3)	0.8531720535981476
199388.51265372918	1000.0	2119.4948535485055	0.0	0	0.0	3508.0075072778855	1	0	tensor(3)	0.16002487303820423
200192.61531038416	1000.0	2315.3921968935197	0.0	0	0.0	3508.0075072778855	1	0	tensor(3)	0.8531720535981477
200999.37249683533	1000.0	2508.635010442355	0.0	0	0.0	3508.0075072778855	1	0	tensor(3)	0.8531720535981477
202092.9601381954	1000.0	2415.0473690822673	0.0	0	0.0	3508.0075072778855	1	0	tensor(3)	0.8531720535981477
202792.03866225103	1000.0	2715.968845026652	0.0	0	0.0	3508.0075072778855	1	0	tensor(3)	0.8531720535981477
203787.65769257487	2000.0	2720.349814702775	0.0	0	0.0	3508.0075072778563	1	0	tensor(3)	0.8531720535981504
204841.07313855088	2000.0	2666.9343687267456	0.0	0	0.0	3508.0075072778272	1	0	tensor(3)	1.5463192341580987
205881.9317972402	2000.0	2626.075710037433	0.0	0	0.0	3508.0075072778563	1	0	tensor(3)	1.5463192341580956
207156.81503288483	2000.0	2351.192474392785	0.0	0	0.0	3508.0075072778563	1	0	tensor(3)	1.5463192341580956
208196.93930355736	2000.0	2311.068203720226	0.0	0	0.0	3508.0075072778563	1	0	tensor(3)	1.5463192341580956
209272.47774803365	2000.0	2235.529759243953	0.0	0	0.0	3508.0075072778563	1	0	tensor(3)	1.5463192341580956
211486.41427596158	2000.0	1021.5932313160067	0.0	0	0.0	3508.0075072778855	1	0	tensor(3)	1.546319234158093
212649.87763309258	1000.0	858.12987418501	0.0	0	0.0	3508.0075072778855	1	0	tensor(3)	0.16002487303820245
213311.0355412026	1000.0	1196.9719660749688	0.0	0	0.0	3508.0075072779146	1	0	tensor(3)	0.8531720535981464
214299.60059095785	1000.0	1208.4069163197453	0.0	0	0.0	3508.0075072779146	1	0	tensor(3)	0.8531720535981446
215268.33579704713	1000.0	1239.6717102305008	0.0	0	0.0	3508.0075072779146	1	0	tensor(3)	0.8531720535981446
215753.69863854084	1000.0	1754.3088687368142	0.0	0	0.0	3508.0075072779146	1	0	tensor(3)	0.8531720535981446
216293.05041274262	1000.0	2214.9570945350274	0.0	0	0.0	3508.0075072779146	1	0	tensor(3)	0.8531720535981446
217215.93781394602	1000.0	2292.069693331639	0.0	0	0.0	3508.0075072779146	1	0	tensor(3)	0.8531720535981446
218019.52074709488	1000.0	2488.486760182757	0.0	0	0.0	3508.0075072778855	1	0	tensor(3)	0.8531720535981477
218630.9588823104	1000.0	2877.0486249672626	0.0	0	0.0	3508.0075072779146	1	0	tensor(3)	0.8531720535981446
219918.7360563223	2000.0	2589.2714509553734	0.0	0	0.0	3508.0075072779146	1	0	tensor(3)	0.8531720535981446
220768.87536758513	2000.0	2739.1321396925173	0.0	0	0.0	3508.0075072779146	1	0	tensor(3)	1.5463192341580898
222034.34728826775	2000.0	2473.66021900989	0.0	0	0.0	3508.0075072779146	1	0	tensor(3)	1.5463192341580898
222826.68368624966	2000.0	2681.32382102797	0.0	0	0.0	3508.0075072779437	1	0	tensor(3)	1.546319234158087
224293.34145257607	2000.0	2214.666054701549	0.0	0	0.0	3508.0075072779437	1	0	tensor(3)	1.546319234158087
225489.8060848273	2000.0	2018.201422450322	0.0	0	0.0	3508.0075072779437	1	0	tensor(3)	1.546319234158087
226599.34432229673	2000.0	1908.6631849808437	0.0	0	0.0	3508.0075072779437	1	0	tensor(3)	1.546319234158087
227859.74012272025	2000.0	1648.2673845572958	0.0	0	0.0	3508.0075072779437	1	0	tensor(3)	1.546319234158087
229359.60844362184	2000.0	1148.3990636556853	0.0	0	0.0	3508.0075072779728	1	0	tensor(3)	1.546319234158084
230090.6227816356	1000.0	1417.3847256419276	0.0	0	0.0	3508.0075072779728	1	0	tensor(3)	0.16002487303819368
231080.31770844173	1000.0	1427.6897988357846	0.0	0	0.0	3508.007507278002	1	0	tensor(3)	0.853172053598136
231566.7034053567	1000.0	1941.3041019207942	0.0	0	0.0	3508.007507278002	1	0	tensor(3)	0.853172053598136
233092.4780677841	2000.0	1415.5294394933994	0.0	0	0.0	3508.00750727806	1	0	tensor(3)	0.8531720535981309
234103.64811796456	1000.0	1404.3593893129096	0.0	0	0.0	3508.007507278031	1	0	tensor(3)	0.16002487303818788
234766.005361051	1000.0	1742.002146226482	0.0	0	0.0	3508.007507278031	1	0	tensor(3)	0.8531720535981331
235844.58150400151	2000.0	1663.4260032759748	0.0	0	0.0	3508.007507278031	1	0	tensor(3)	0.8531720535981332
237406.0631785369	2000.0	1101.944328740624	0.0	0	0.0	3508.007507278031	1	0	tensor(3)	1.5463192341580783
237996.95898243136	1000.0	1511.0485248461418	0.0	0	0.0	3508.007507278031	1	0	tensor(3)	0.16002487303818788
238494.92878085436	1000.0	2013.0787264231192	0.0	0	0.0	3508.007507278031	1	0	tensor(3)	0.8531720535981331
239336.98286802563	2000.0	2171.0246392518357	0.0	0	0.0	3508.007507278031	1	0	tensor(3)	0.8531720535981332
240222.77343584548	2000.0	2285.234071432011	0.0	0	0.0	3508.007507278002	1	0	tensor(3)	1.5463192341580811
241909.83981137164	2000.0	1598.1676959058668	0.0	0	0.0	3508.007507278002	1	0	tensor(3)	1.5463192341580811
242586.87878334188	1000.0	1921.1287239356216	0.0	0	0.0	3508.007507278002	1	0	tensor(3)	0.16002487303819146
243553.22743495394	1000.0	1954.7800723235634	0.0	0	0.0	3508.007507278002	1	0	tensor(3)	0.853172053598136
245156.1879825309	2000.0	1351.8195247466238	0.0	0	0.0	3508.00750727806	1	0	tensor(3)	0.8531720535981309
245857.21448694382	1000.0	1650.7930203336507	0.0	0	0.0	3508.00750727806	1	0	tensor(3)	0.16002487303818502
246641.7988298675	1000.0	1866.2086774099619	0.0	0	0.0	3508.00750727806	1	0	tensor(3)	0.8531720535981302
247458.62645702707	1000.0	2049.3810502503884	0.0	0	0.0	3508.00750727806	1	0	tensor(3)	0.8531720535981302
248412.00138970185	1000.0	2096.0061175755823	0.0	0	0.0	3508.00750727806	1	0	tensor(3)	0.8531720535981302
249788.2517399735	1000.0	1719.7557673039014	0.0	0	0.0	3508.007507278031	1	0	tensor(3)	0.8531720535981331
250615.75220355846	1000.0	1892.2553037189239	0.0	0	0.0	3508.00750727806	1	0	tensor(3)	0.8531720535981302
251651.56802125034	1000.0	1856.4394860270122	0.0	0	0.0	3508.00750727806	1	0	tensor(3)	0.8531720535981302
252280.77434716982	1000.0	2227.233160107522	0.0	0	0.0	3508.007507278089	1	0	tensor(3)	0.8531720535981273
253055.53940951213	1000.0	2452.468097765219	0.0	0	0.0	3508.00750727806	1	0	tensor(3)	0.8531720535981302
253799.43086045774	1000.0	2708.5766468196234	0.0	0	0.0	3508.00750727806	1	0	tensor(3)	0.8531720535981302
254548.1159365231	1000.0	2959.891570754264	0.0	0	0.0	3508.00750727806	1	0	tensor(3)	0.8531720535981302
255359.1824383126	1000.0	3148.8250689647543	0.0	0	0.0	3508.0075072781183	1	0	tensor(3)	0.8531720535981262
256613.08876511498	2000.0	2894.9187421623883	0.0	0	0.0	3508.0075072781183	1	0	tensor(3)	0.8531720535981254
257380.7771629636	2000.0	3127.2303443137794	0.0	0	0.0	3508.0075072781183	1	0	tensor(3)	1.5463192341580694
258461.77869622142	2000.0	3046.228811055977	0.0	0	0.0	3508.0075072781474	1	0	tensor(3)	1.5463192341580665
260156.26499189404	2000.0	2351.7425153833383	0.0	0	0.0	3508.0075072781765	1	0	tensor(3)	1.5463192341580636
261238.5292168366	1000.0	2269.4782904407934	0.0	0	0.0	3508.0075072782056	1	0	tensor(3)	0.16002487303817037
262009.14084913186	1000.0	2498.8666581455777	0.0	0	0.0	3508.0075072782056	1	0	tensor(3)	0.8531720535981155
262818.6025945847	1000.0	2689.404912692733	0.0	0	0.0	3508.0075072782056	1	0	tensor(3)	0.853172053598118
263698.6250286353	1000.0	2809.382478642103	0.0	0	0.0	3508.0075072782056	1	0	tensor(3)	0.8531720535981162
265607.51781514345	2000.0	1900.4896921338832	0.0	0	0.0	3508.0075072781474	1	0	tensor(3)	0.8531720535981191
266278.0477694697	1000.0	2229.9597378077433	0.0	0	0.0	3508.0075072781765	1	0	tensor(3)	0.16002487303817337
267322.31150319695	1000.0	2185.696004080466	0.0	0	0.0	3508.0075072781765	1	0	tensor(3)	0.8531720535981185
268156.55983204814	1000.0	2351.447675229356	0.0	0	0.0	3508.0075072781765	1	0	tensor(3)	0.8531720535981185
268942.68889564706	1000.0	2565.318611630409	0.0	0	0.0	3508.0075072781765	1	0	tensor(3)	0.8531720535981185
269843.3266991239	2000.0	2664.6808081535387	0.0	0	0.0	3508.0075072781765	1	0	tensor(3)	0.8531720535981184
271613.70934648014	2000.0	1894.2981607973218	0.0	0	0.0	3508.0075072781765	1	0	tensor(3)	1.5463192341580636
273215.03781508195	2000.0	1292.9696921955153	0.0	0	0.0	3508.0075072781765	1	0	tensor(3)	1.5463192341580636
274103.8261327077	1000.0	1404.1813745697202	0.0	0	0.0	3508.0075072782347	1	0	tensor(3)	0.16002487303816748
275208.5329004975	1000.0	1299.474606779943	0.0	0	0.0	3508.007507278293	1	0	tensor(3)	0.8531720535981069
276094.815253276	1000.0	1413.1922540014048	0.0	0	0.0	3508.007507278293	1	0	tensor(3)	0.8531720535981069
277236.42273082817	1000.0	1271.5847764492532	0.0	0	0.0	3508.0075072782347	1	0	tensor(3)	0.8531720535981127
277688.2937028928	1000.0	1819.7138043846508	0.0	0	0.0	3508.0075072782347	1	0	tensor(3)	0.8531720535981127
278309.6067261766	1000.0	2198.4007811008287	0.0	0	0.0	3508.0075072781765	1	0	tensor(3)	0.8531720535981185
279825.8939133098	2000.0	1682.1135939675992	0.0	0	0.0	3508.0075072781765	1	0	tensor(3)	0.8531720535981184
280620.23396678496	1000.0	1887.7735404924415	0.0	0	0.0	3508.0075072781183	1	0	tensor(3)	0.16002487303817914
281350.3097746151	1000.0	2157.6977326623273	0.0	0	0.0	3508.00750727806	1	0	tensor(3)	0.8531720535981302
282604.16994327493	2000.0	1903.8375640024624	0.0	0	0.0	3508.00750727806	1	0	tensor(3)	0.8531720535981302
283353.761540763	1000.0	2154.245966514385	0.0	0	0.0	3508.00750727806	1	0	tensor(3)	0.16002487303818502
284270.5032134827	1000.0	2237.5042937947737	0.0	0	0.0	3508.00750727806	1	0	tensor(3)	0.8531720535981302
285000.2367522915	1000.0	2507.7707549859615	0.0	0	0.0	3508.00750727806	1	0	tensor(3)	0.8531720535981302
285577.24817294365	1000.0	2930.7593343338117	0.0	0	0.0	3508.00750727806	1	0	tensor(3)	0.8531720535981302
286485.7725621458	1000.0	3022.2349451317095	0.0	0	0.0	3508.0075072781183	1	0	tensor(3)	0.853172053598128
287488.9390761299	1000.0	3019.0684311476452	0.0	0	0.0	3508.0075072781183	1	0	tensor(3)	0.8531720535981244
288410.73145563155	1000.0	3097.2760516459857	0.0	0	0.0	3508.0075072781183	1	0	tensor(3)	0.8531720535981244
289538.1604128476	2000.0	2969.8470944299847	0.0	0	0.0	3508.0075072781765	1	0	tensor(3)	0.8531720535981209
290509.6757074495	1000.0	2998.331799828133	0.0	0	0.0	3508.0075072781765	1	0	tensor(3)	0.16002487303817337
291394.9038371081	1000.0	3113.1036701694793	0.0	0	0.0	3508.0075072782347	1	0	tensor(3)	0.8531720535981162
292200.0	1000.0	3308.007507277565	0.0	0	111.51008281385293	3508.0075072782347	1	0	tensor(3)	0.8531720535981127
293866.2158537651	2000.0	2641.7916535125187	0.0	0	0.0	3508.007507278293	1	0	tensor(3)	0.8531720535981069
294470.6318363457	1000.0	3037.3756709318736	0.0	0	0.0	3508.007507278293	1	0	tensor(3)	0.1600248730381617
295469.6564709837	1000.0	3038.35103629387	0.0	0	0.0	3508.007507278293	1	0	tensor(3)	0.8531720535981069
297302.20863796276	2000.0	2205.79886931483	0.0	0	0.0	3508.0075072781765	1	0	tensor(3)	0.8531720535981138
298065.737954129	1000.0	2442.269553148627	0.0	0	0.0	3508.0075072781765	1	0	tensor(3)	0.16002487303817337
299155.82507479383	2000.0	2352.182432483769	0.0	0	0.0	3508.0075072781765	1	0	tensor(3)	0.8531720535981184
300752.66525316593	2000.0	1755.3422541117436	0.0	0	0.0	3508.0075072781765	1	0	tensor(3)	1.5463192341580636
302087.217743629	1000.0	1420.7897636485861	0.0	0	0.0	3508.0075072781183	1	0	tensor(3)	0.16002487303817914
1.31	0.75	0.72	1.2	1.37	1.11	1.07	1.22	1.45	1.39	1.22	1.15	1.58	1.93	1.3	1.26	1.29	2.05	2.36	3.35	1.81	1.89	1.84	1.45	1.38	1.78	1.51	1.82	2.29	2.03	0.64	0.85	1.27	1.29	1.78	1.58	1.64	1.36	0.92	1.18	1.26	1.33	0.66	1.18	1.49	1.62	0.95	1.24	1.47	1.19	1.24	1.91	2.26	1.73	1.82	1.97	2.2	1.9	1.1	1.08	0.75	1.14	1.34	1.07	1.65	1.51	1.37	1.76	1.54	2.05	2.05	1.99	1.45	1.95	2.48	1.51	1.4	1.52	1.54	1.39	2.0	1.29	1.26	2.06	2.18	1.56	1.47	2.07	1.95	1.42	1.59	0.88	2.07	1.01	1.52	1.53	1.35	1.08	0.87	1.16	1.24	1.64	1.48	1.27	1.51	2.2	2.46	1.56	0.89	0.8	1.42	1.2	1.77	0.94	1.29	1.33	0.96	1.69	1.95	1.3	1.81	0.85	1.38	1.02	1.3	1.07	1.89	1.82	1.44	1.49	1.98	1.39	0.98	1.52	1.44	1.17	1.2	1.45	1.38	1.09	1.33	1.19	1.53	1.26	1.52	1.02	1.84	1.51	1.53	1.05	1.31	0.75	0.72	1.2	1.37	1.11	1.07	1.22	1.45	1.39	1.22	1.15	1.58	1.93	1.3	1.26	1.29	2.05	2.36	3.35	1.81	1.89	1.84	1.45	1.38	1.78	1.51	1.82	2.29	2.03	0.64	0.85	1.27	1.29	1.78	1.58	1.64	1.36	0.92	1.18	1.26	1.33	0.66	1.18	1.49	1.62	0.95	1.24	1.47	1.19	1.24	1.91	2.26	1.73	1.82	1.97	2.2	1.9	1.1	1.08	0.75	1.14	1.34	1.07	1.65	1.51	1.37	1.76	1.54	2.05	2.05	1.99	1.45	1.95	2.48	1.51	1.4	1.52	1.54	1.39	2.0	1.29	1.26	2.06	2.18	1.56	1.47	2.07	1.95	1.42	1.59	0.88	2.07	1.01	1.52	1.53	1.35	1.08	0.87	1.16	1.24	1.64	1.48	1.27	1.51	2.2	2.46	1.56	0.89	0.8	1.42	1.2	1.77	0.94	1.29	1.33	0.96	1.69	1.95	1.3	1.81	0.85	1.38	1.02	1.3	1.07	1.89	1.82	1.44	1.49	1.98	1.39	0.98	1.52	1.44	1.17	1.2	1.45	1.38	1.09	1.33	1.19	1.53	1.26	1.52	1.02	1.84	1.51	1.53	1.05	1.31	0.75	0.72	1.2
1.0	2.0	3.0	4.0	5.0	6.0	7.0	8.0	9.0	10.0	11.0	12.0	13.0	14.0	15.0	16.0	17.0	18.0	19.0	20.0	21.0	22.0	23.0	24.0	25.0	26.0	27.0	28.0	29.0	30.0	31.0	32.0	33.0	34.0	35.0	36.0	37.0	38.0	39.0	40.0	41.0	42.0	43.0	44.0	45.0	46.0	47.0	48.0	49.0	50.0	51.0	52.0	53.0	54.0	55.0	56.0	57.0	58.0	59.0	60.0	61.0	62.0	63.0	64.0	65.0	66.0	67.0	68.0	69.0	70.0	71.0	72.0	73.0	74.0	75.0	76.0	77.0	78.0	79.0	80.0	81.0	82.0	83.0	84.0	85.0	86.0	87.0	88.0	89.0	90.0	91.0	92.0	93.0	94.0	95.0	96.0	97.0	98.0	99.0	100.0	101.0	102.0	103.0	104.0	105.0	106.0	107.0	108.0	109.0	110.0	111.0	112.0	113.0	114.0	115.0	116.0	117.0	118.0	119.0	120.0	121.0	122.0	123.0	124.0	125.0	126.0	127.0	128.0	129.0	130.0	131.0	132.0	133.0	134.0	135.0	136.0	137.0	138.0	139.0	140.0	141.0	142.0	143.0	144.0	145.0	146.0	147.0	148.0	149.0	149.0	150.0	151.0	152.0	153.0	154.0	155.0	156.0	157.0	158.0	159.0	160.0	161.0	162.0	163.0	164.0	165.0	166.0	167.0	168.0	169.0	170.0	171.0	172.0	173.0	174.0	175.0	176.0	177.0	178.0	179.0	180.0	181.0	182.0	183.0	184.0	185.0	186.0	187.0	188.0	189.0	190.0	191.0	192.0	193.0	194.0	195.0	196.0	197.0	198.0	199.0	200.0	201.0	202.0	203.0	204.0	205.0	206.0	207.0	208.0	209.0	210.0	211.0	212.0	213.0	214.0	215.0	216.0	217.0	218.0	219.0	220.0	221.0	222.0	223.0	224.0	225.0	226.0	227.0	228.0	229.0	230.0	231.0	232.0	233.0	234.0	235.0	236.0	237.0	238.0	239.0	240.0	241.0	242.0	243.0	244.0	245.0	246.0	247.0	248.0	249.0	250.0	251.0	252.0	253.0	254.0	255.0	256.0	257.0	258.0	259.0	260.0	261.0	262.0	263.0	264.0	265.0	266.0	267.0	268.0	269.0	270.0	271.0	272.0	273.0	274.0	275.0	276.0	277.0	278.0	279.0	280.0	281.0	282.0	283.0	284.0	285.0	286.0	287.0	288.0	289.0	290.0	291.0	292.0	293.0	294.0	295.0	296.0	297.0	298.0	298.0	299.0	300.0	301.0	302.0
2222.1679514322755
