5794.95932932388	300.0	2000.0	110.261797866488	0	0.0	5794.95932932388	1	0	tensor(3)	-1.2392023875650824
6033.113999335813	500.0	2761.845329988067	0.0	0	0.0	5794.959329323881	1	0	tensor(3)	-0.5794959329323883
7038.0977694203675	3000.0	2756.861559903514	0.0	0	0.0	5794.959329323882	1	0	tensor(3)	-0.06867030916639716
7952.424468872062	3000.0	2842.534860451821	0.0	0	0.0	5794.959329323883	1	0	tensor(3)	1.7230891600616576
9115.950482434151	3000.0	2679.0088468897297	0.0	0	0.0	5794.959329323881	1	0	tensor(3)	1.723089160061658
10914.54772169747	3000.0	1880.4116076264104	0.0	0	0.0	5794.959329323881	1	0	tensor(3)	1.723089160061658
11911.667715384936	3000.0	1883.2916139389463	0.0	0	0.0	5794.959329323883	1	0	tensor(3)	1.7230891600616576
12880.706150297337	3000.0	1914.2531790265436	0.0	0	0.0	5794.959329323883	1	0	tensor(3)	1.7230891600616576
13652.64246164311	3000.0	2142.316867680772	0.0	0	0.0	5794.959329323885	1	0	tensor(3)	1.7230891600616576
14541.010002252538	3000.0	2253.949327071346	0.0	0	0.0	5794.959329323885	1	0	tensor(3)	1.7230891600616574
15253.829106086185	3000.0	2541.1302232377	0.0	0	0.0	5794.959329323885	1	0	tensor(3)	1.7230891600616574
15932.584931670597	3000.0	2862.3743976532855	0.0	0	0.0	5794.959329323883	1	0	tensor(3)	1.7230891600616576
17014.295310821093	6000.0	2780.6640185027914	0.0	0	0.0	5794.959329323885	1	0	tensor(3)	1.7230891600616576
18326.203321138437	6000.0	2468.7560081854467	0.0	0	0.0	5794.959329323883	1	0	tensor(3)	2.4162363406216025
19126.032635162315	3000.0	2668.926694161573	0.0	0	0.0	5794.959329323889	1	0	tensor(3)	1.0299419795017122
19961.328603907456	3000.0	2833.6307254164294	0.0	0	0.0	5794.959329323885	1	0	tensor(3)	1.7230891600616571
20760.650692089803	3000.0	3034.3086372340795	0.0	0	0.0	5794.9593293238795	1	0	tensor(3)	1.723089160061658
21578.28505321344	3000.0	3216.674276110441	0.0	0	0.0	5794.9593293238795	1	0	tensor(3)	1.723089160061658
22566.862911283803	3000.0	3228.096418040079	0.0	0	0.0	5794.9593293238795	1	0	tensor(3)	1.723089160061658
23701.986245027172	3000.0	3092.9730842967097	0.0	0	0.0	5794.9593293238795	1	0	tensor(3)	1.723089160061658
24633.89463455126	3000.0	3161.064694772624	0.0	0	0.0	5794.9593293238795	1	0	tensor(3)	1.723089160061658
25489.807901828204	3000.0	3305.1514274956776	0.0	0	0.0	5794.959329323876	1	0	tensor(3)	1.7230891600616582
26126.956532235923	3000.0	3668.0027970879573	0.0	0	0.0	5794.959329323876	1	0	tensor(3)	1.7230891600616582
27172.6333842758	6000.0	3622.325945048082	0.0	0	0.0	5794.9593293238795	1	0	tensor(3)	1.7230891600616578
28199.016136061804	6000.0	3595.943193262077	0.0	0	0.0	5794.959329323876	1	0	tensor(3)	2.416236340621603
30954.56731168106	6000.0	1840.3920176428169	0.0	0	0.0	5794.959329323876	1	0	tensor(3)	2.416236340621603
32295.79486845626	3000.0	1499.1644608676177	0.0	0	0.0	5794.959329323876	1	0	tensor(3)	1.0299419795017133
33253.67472771023	3000.0	1541.284601613647	0.0	0	0.0	5794.9593293238795	1	0	tensor(3)	1.7230891600616585
34217.036823209506	3000.0	1577.9225061143727	0.0	0	0.0	5794.9593293238795	1	0	tensor(3)	1.7230891600616582
35382.61246262062	3000.0	1412.3468667032544	0.0	0	0.0	5794.959329323872	1	0	tensor(3)	1.7230891600616585
36751.39574199068	3000.0	1043.5635873331948	0.0	0	0.0	5794.959329323869	1	0	tensor(3)	1.723089160061659
37570.6920710657	3000.0	1224.2672582581797	0.0	0	0.0	3794.959329323872	1	0	tensor(6)	-4.076910839938343
38366.89080966413	3000.0	1428.0685196597462	0.0	0	0.0	3794.959329323872	1	0	tensor(3)	1.923089160061659
39420.21673448429	3000.0	1374.7425948395935	0.0	0	0.0	3794.959329323872	1	0	tensor(3)	1.923089160061659
40577.56010548314	3000.0	1217.399223840741	0.0	0	0.0	3794.9593293238795	1	0	tensor(3)	1.9230891600616582
41599.93124252077	3000.0	1195.0280868031145	0.0	0	0.0	3794.9593293238795	1	0	tensor(3)	1.9230891600616582
42690.066224654794	3000.0	1104.893104669088	0.0	0	0.0	3794.9593293238795	1	0	tensor(3)	1.9230891600616582
43915.3102875406	3000.0	879.6490417832808	0.0	0	0.0	3794.9593293238795	1	0	tensor(3)	1.9230891600616582
44657.23888160874	3000.0	1137.72044771514	0.0	0	0.0	3794.9593293238795	1	0	tensor(3)	1.9230891600616582
45889.1385720371	3000.0	905.8207572867784	0.0	0	0.0	3794.9593293238795	1	0	tensor(3)	1.9230891600616582
46903.09226577956	3000.0	891.8670635443161	0.0	0	0.0	3794.959329323872	1	0	tensor(3)	1.923089160061659
47841.21771043745	2000.0	953.7416188864258	0.0	0	0.0	3794.959329323872	1	0	tensor(3)	1.1121589438453294
48788.0270358389	2000.0	1006.9322934849679	0.0	0	0.0	3794.959329323865	1	0	tensor(3)	1.5176240519534947
49374.996691671164	2000.0	1419.9626376527071	0.0	0	0.0	3794.959329323865	1	0	tensor(3)	1.5176240519534947
50047.654164950975	3000.0	1747.3051643729045	0.0	0	0.0	3794.959329323865	1	0	tensor(3)	1.517624051953495
51345.68215884738	3000.0	1449.2771704765025	0.0	0	0.0	3794.959329323872	1	0	tensor(3)	1.923089160061659
52566.1708041517	3000.0	1228.7885251721898	0.0	0	0.0	3794.959329323872	1	0	tensor(3)	1.923089160061659
53420.96038324507	2000.0	1373.998946078827	0.0	0	0.0	3794.959329323872	1	0	tensor(3)	1.1121589438453294
53928.778009466114	2000.0	1866.1813198577704	0.0	0	0.0	3794.959329323872	1	0	tensor(3)	1.517624051953494
54736.48723646662	3000.0	2058.4720928572715	0.0	0	0.0	3794.959329323872	1	0	tensor(3)	1.5176240519534945
55810.69308132872	3000.0	1984.2662479951782	0.0	0	0.0	3794.959329323872	1	0	tensor(3)	1.923089160061659
57040.93800974086	3000.0	1754.0213195830324	0.0	0	0.0	3794.959329323872	1	0	tensor(3)	1.923089160061659
57954.75812717299	3000.0	1840.201202150899	0.0	0	0.0	3794.959329323872	1	0	tensor(3)	1.923089160061659
59283.345922759836	3000.0	1511.613406564043	0.0	0	0.0	3794.959329323865	1	0	tensor(3)	1.9230891600616595
60206.18758995478	3000.0	1588.7717393690964	0.0	0	0.0	3794.959329323865	1	0	tensor(3)	1.9230891600616595
60788.705339535845	3000.0	2006.2539897880251	0.0	0	0.0	3794.959329323872	1	0	tensor(3)	1.923089160061659
61724.552999562744	3000.0	2070.406329761121	0.0	0	0.0	3794.959329323865	1	0	tensor(3)	1.9230891600616595
62512.73013486703	3000.0	2282.2291944568365	0.0	0	0.0	3794.9593293238577	1	0	tensor(3)	1.9230891600616604
63989.69488220157	3000.0	1805.2644471223052	0.0	0	0.0	3794.959329323865	1	0	tensor(3)	1.9230891600616595
65627.92349449826	3000.0	1167.035834825607	0.0	0	0.0	3794.959329323865	1	0	tensor(3)	1.9230891600616595
66331.61500631733	2000.0	1463.344323006542	0.0	0	0.0	3794.959329323865	1	0	tensor(3)	1.1121589438453303
67050.53331494587	3000.0	1744.4260143779902	0.0	0	0.0	3794.959329323872	1	0	tensor(3)	1.517624051953495
68023.61284634277	3000.0	1771.3464829810903	0.0	0	0.0	3794.959329323872	1	0	tensor(3)	1.923089160061659
69032.07074519727	3000.0	1762.88858412661	0.0	0	0.0	3794.959329323894	1	0	tensor(3)	1.9230891600616573
70098.12761661458	3000.0	1696.8317127092982	0.0	0	0.0	3794.9593293239013	1	0	tensor(3)	1.923089160061656
71290.01536801795	3000.0	1504.943961305929	0.0	0	0.0	3794.9593293239013	1	0	tensor(3)	1.923089160061656
72161.23359126248	2000.0	1633.7257380613887	0.0	0	0.0	3794.959329323887	1	0	tensor(3)	1.1121589438453279
73035.13998238316	2000.0	1759.8193469406915	0.0	0	0.0	3794.959329323887	1	0	tensor(3)	1.5176240519534925
73841.04381412665	2000.0	1953.9155151972045	0.0	0	0.0	3794.959329323887	1	0	tensor(3)	1.5176240519534925
74830.49893498745	3000.0	1964.460394336406	0.0	0	0.0	3794.959329323887	1	0	tensor(3)	1.5176240519534927
75877.59852438589	3000.0	1917.3608049379734	0.0	0	0.0	3794.959329323887	1	0	tensor(3)	1.9230891600616573
77554.45048941995	3000.0	1240.5088399039078	0.0	0	0.0	3794.959329323887	1	0	tensor(3)	1.9230891600616573
78864.23826948382	3000.0	930.7210598400397	0.0	0	0.0	3794.959329323887	1	0	tensor(3)	1.9230891600616573
79877.91393300796	3000.0	917.045396315907	0.0	0	0.0	3794.9593293239013	1	0	tensor(3)	1.923089160061656
80693.92005259219	3000.0	1101.0392767316816	0.0	0	0.0	3794.959329323916	1	0	tensor(3)	1.9230891600616546
81303.05178340641	3000.0	1491.90754591747	0.0	0	0.0	3794.959329323916	1	0	tensor(3)	1.9230891600616546
82320.75257384777	6000.0	1474.2067554761193	0.0	0	0.0	3794.959329323916	1	0	tensor(3)	1.9230891600616544
84364.63360995492	6000.0	430.32571936898097	0.0	0	0.0	3794.9593293239304	1	0	tensor(3)	2.616236340621598
85091.37447160554	3000.0	703.5848577183581	0.0	0	0.0	3794.9593293239304	1	0	tensor(3)	1.229941979501708
85562.68100852439	3000.0	1232.2783207995176	0.0	0	0.0	3794.959329323945	1	0	tensor(3)	1.9230891600616515
86495.00621536607	3000.0	1299.953113957822	0.0	0	0.0	3794.959329323945	1	0	tensor(3)	1.9230891600616515
87142.24592620722	3000.0	1652.7134031166677	0.0	0	0.0	3794.9593293239304	1	0	tensor(3)	1.9230891600616529
87727.59426387104	3000.0	2067.3650654528537	0.0	0	0.0	3794.959329323945	1	0	tensor(3)	1.9230891600616515
88616.71553755754	3000.0	2178.2437917663565	0.0	0	0.0	3794.959329323945	1	0	tensor(3)	1.9230891600616515
89459.57297780746	3000.0	2335.3863515164467	0.0	0	0.0	3794.959329323945	1	0	tensor(3)	1.9230891600616515
90380.35569548953	3000.0	2414.603633834383	0.0	0	0.0	3794.9593293239304	1	0	tensor(3)	1.9230891600616529
91370.18648643428	3000.0	2424.7728428896307	0.0	0	0.0	3794.9593293239304	1	0	tensor(3)	1.9230891600616529
92395.86643097019	3000.0	2399.0928983537324	0.0	0	0.0	3794.959329323945	1	0	tensor(3)	1.9230891600616515
93574.19067336999	3000.0	2220.7686559539316	0.0	0	0.0	3794.959329323945	1	0	tensor(3)	1.9230891600616515
94358.9175889848	3000.0	2436.0417403391307	0.0	0	0.0	3794.959329323945	1	0	tensor(3)	1.9230891600616515
94878.03247771572	3000.0	2916.926851608203	0.0	0	0.0	3794.959329323945	1	0	tensor(3)	1.9230891600616515
95803.4224969798	3000.0	2991.536832344137	0.0	0	0.0	3794.9593293239595	1	0	tensor(3)	1.9230891600616502
96997.41272664243	3000.0	2797.5466026814856	0.0	0	0.0	3794.959329323974	1	0	tensor(3)	1.9230891600616487
97793.84592028447	3000.0	3001.113409039458	0.0	0	0.0	3794.959329323974	1	0	tensor(3)	1.9230891600616487
98779.12812905348	3000.0	3015.8312002704465	0.0	0	0.0	3794.959329323974	1	0	tensor(3)	1.9230891600616487
99530.1602269549	3000.0	3264.79910236903	0.0	0	0.0	3794.9593293239595	1	0	tensor(3)	1.9230891600616502
101065.37974806664	3000.0	2729.5795812572824	0.0	0	0.0	3794.959329323945	1	0	tensor(3)	1.9230891600616515
101835.62913847403	3000.0	2959.3301908498856	0.0	0	0.0	3794.959329323945	1	0	tensor(3)	1.9230891600616515
102671.79784504107	3000.0	3123.1614842828417	0.0	0	0.0	3794.959329323945	1	0	tensor(3)	1.9230891600616515
103870.124034859	6000.0	2924.835294464898	0.0	0	0.0	3794.9593293239304	1	0	tensor(3)	1.9230891600616529
104845.58260785355	6000.0	2949.3767214703416	0.0	0	0.0	3794.959329323916	1	0	tensor(3)	2.616236340621599
105606.6205738007	6000.0	3188.3387555231893	0.0	0	0.0	3794.959329323916	1	0	tensor(3)	2.616236340621599
107059.96529631187	6000.0	2734.9940330120276	0.0	0	0.0	3794.9593293239304	1	0	tensor(3)	2.616236340621598
108881.49679046018	6000.0	1913.462538863702	0.0	0	0.0	3794.9593293239304	1	0	tensor(3)	2.616236340621598
110714.24654317544	6000.0	1080.712786148421	0.0	0	0.0	3794.959329323916	1	0	tensor(3)	2.616236340621599
111635.85886621849	3000.0	1159.1004631053756	0.0	0	0.0	3794.959329323916	1	0	tensor(3)	1.2299419795017097
112820.05697904818	3000.0	974.9023502756905	0.0	0	0.0	3794.959329323916	1	0	tensor(3)	1.9230891600616546
113814.84653655197	3000.0	980.1127927719136	0.0	0	0.0	3794.959329323916	1	0	tensor(3)	1.9230891600616546
114909.0055662539	3000.0	885.9537630699822	0.0	0	0.0	3794.959329323916	1	0	tensor(3)	1.9230891600616546
116123.85733336705	3000.0	671.1019959568375	0.0	0	0.0	3794.959329323916	1	0	tensor(3)	1.9230891600616546
117142.92882369857	3000.0	652.0305056253162	0.0	0	0.0	3794.959329323916	1	0	tensor(3)	1.9230891600616546
117904.51399178011	3000.0	890.445337543773	0.0	0	0.0	3794.959329323916	1	0	tensor(3)	1.9230891600616546
118670.87052919439	3000.0	1124.088800129507	0.0	0	0.0	3794.959329323916	1	0	tensor(3)	1.9230891600616546
120246.0831916536	3000.0	548.8761376703094	0.0	0	0.0	3794.959329323916	1	0	tensor(3)	1.9230891600616546
121243.82693102473	3000.0	551.1323982991757	0.0	0	0.0	3794.959329323916	1	0	tensor(3)	1.9230891600616546
121765.52246728788	2000.0	1029.4368620360142	0.0	0	0.0	3794.959329323916	1	0	tensor(3)	1.1121589438453252
122290.88041373712	2000.0	1504.0789155867865	0.0	0	0.0	3794.959329323916	1	0	tensor(3)	1.5176240519534898
123198.68571992547	3000.0	1596.2736093984277	0.0	0	0.0	3794.959329323916	1	0	tensor(3)	1.51762405195349
124026.67783697581	3000.0	1768.2814923480994	0.0	0	0.0	3794.959329323916	1	0	tensor(3)	1.9230891600616546
124622.91405746057	3000.0	2172.0452718633433	0.0	0	0.0	3794.959329323916	1	0	tensor(3)	1.9230891600616546
125537.23784003376	3000.0	2257.7214892901607	0.0	0	0.0	3794.959329323916	1	0	tensor(3)	1.9230891600616546
126933.37433604062	3000.0	1861.5849932833014	0.0	0	0.0	3794.959329323916	1	0	tensor(3)	1.9230891600616546
128513.06912905959	3000.0	1281.8902002643256	0.0	0	0.0	3794.959329323916	1	0	tensor(3)	1.9230891600616546
129641.29757808294	2000.0	1153.661751240982	0.0	0	0.0	3794.959329323916	1	0	tensor(3)	1.1121589438453252
130583.85563221843	2000.0	1211.1036971054841	0.0	0	0.0	3794.9593293239304	1	0	tensor(3)	1.5176240519534883
131598.706597736	2000.0	1196.2527315879363	0.0	0	0.0	3794.9593293239304	1	0	tensor(3)	1.5176240519534878
132833.0965097318	2000.0	961.862819592094	0.0	0	0.0	3794.9593293239013	1	0	tensor(3)	1.5176240519534892
133386.02570623643	1000.0	1408.9336230874662	0.0	0	0.0	3794.959329323887	1	0	tensor(3)	0.13132969083360196
134064.59531263728	1000.0	1730.3640166866007	0.0	0	0.0	3794.959329323887	1	0	tensor(3)	0.8244768713935469
134703.3929243873	1000.0	2091.566404936564	0.0	0	0.0	3794.9593293238577	1	0	tensor(3)	0.8244768713935484
135983.04009279294	2000.0	1811.9192365309177	0.0	0	0.0	3794.959329323843	1	0	tensor(3)	0.8244768713935517
136901.26009052288	2000.0	1893.6992388009783	0.0	0	0.0	3794.959329323814	1	0	tensor(3)	1.5176240519535
137542.54797514505	2000.0	2252.411354178801	0.0	0	0.0	3794.959329323843	1	0	tensor(3)	1.517624051953497
138688.68414357415	3000.0	2106.2751857496746	0.0	0	0.0	3794.959329323843	1	0	tensor(3)	1.5176240519534971
139572.96054543127	3000.0	2221.99878389255	0.0	0	0.0	3794.959329323843	1	0	tensor(3)	1.9230891600616618
140112.4539444257	3000.0	2682.5053848981247	0.0	0	0.0	3794.959329323872	1	0	tensor(3)	1.923089160061659
140636.85773888134	3000.0	3158.1015904425344	0.0	0	0.0	3794.959329323872	1	0	tensor(3)	1.923089160061659
141799.33132650773	6000.0	2995.6280028161427	0.0	0	0.0	3794.959329323872	1	0	tensor(3)	1.9230891600616589
142552.63571607153	3000.0	3242.3236132523175	0.0	0	0.0	3794.959329323872	1	0	tensor(3)	1.2299419795017141
143516.48284448183	3000.0	3278.476484842031	0.0	0	0.0	3794.959329323872	1	0	tensor(3)	1.923089160061659
144373.2436026725	3000.0	3421.7157266513486	0.0	0	0.0	3794.959329323843	1	0	tensor(3)	1.9230891600616618
145313.0940083155	3000.0	3481.8653210083767	0.0	0	0.0	3794.959329323872	1	0	tensor(3)	1.923089160061659
146332.2077770301	3000.0	3462.751552293786	0.0	0	0.0	3794.959329323872	1	0	tensor(3)	1.923089160061659
147200.0	3000.0	3594.9593293238668	0.0	0	52.817221917939605	3794.959329323872	1	0	tensor(3)	1.923089160061659
148201.7393770694	3000.0	3593.219952254505	0.0	0	0.0	3794.9593293239013	1	0	tensor(3)	1.923089160061656
149200.0	3000.0	3594.959329323896	0.0	0	113.97023355890997	3794.9593293239013	1	0	tensor(3)	1.923089160061656
150228.9140114074	3000.0	3566.045317916482	0.0	0	0.0	3794.959329323872	1	0	tensor(3)	1.923089160061659
151792.52203653165	3000.0	3002.43729279222	0.0	0	0.0	3794.959329323872	1	0	tensor(3)	1.923089160061659
152690.1801188473	3000.0	3104.7792104765595	0.0	0	0.0	3794.959329323872	1	0	tensor(3)	1.923089160061659
153710.24460453753	3000.0	3084.7147247863245	0.0	0	0.0	3794.9593293239013	1	0	tensor(3)	1.923089160061656
154894.57577518848	3000.0	2900.3835541353674	0.0	0	0.0	3794.9593293239013	1	0	tensor(3)	1.923089160061656
155896.1046612982	3000.0	2898.854668025649	0.0	0	0.0	3794.9593293239013	1	0	tensor(3)	1.923089160061656
156736.2308047481	3000.0	3058.7285245757275	0.0	0	0.0	3794.959329323872	1	0	tensor(3)	1.923089160061659
157524.94460328243	3000.0	3270.014726041393	0.0	0	0.0	3794.959329323872	1	0	tensor(3)	1.923089160061659
161222.11429615068	6000.0	572.8450331731276	0.0	0	0.0	3794.9593293239013	1	0	tensor(3)	1.9230891600616562
162138.37284728177	3000.0	656.5864820420463	0.0	0	0.0	3794.9593293239013	1	0	tensor(3)	1.229941979501711
162826.5954739527	3000.0	968.3638553710864	0.0	0	0.0	3794.9593293239013	1	0	tensor(3)	1.923089160061656
163389.81472314103	3000.0	1405.1446061827837	0.0	0	0.0	3794.9593293239013	1	0	tensor(3)	1.923089160061656
163890.21642073325	3000.0	1904.7429085905687	0.0	0	0.0	3794.9593293239304	1	0	tensor(3)	1.9230891600616529
164362.35405815442	3000.0	2432.605271169441	0.0	0	0.0	3794.9593293239304	1	0	tensor(3)	1.9230891600616529
165267.49978451477	6000.0	2527.4595448091177	0.0	0	0.0	3794.9593293239595	1	0	tensor(3)	1.92308916006165
166073.02705059963	6000.0	2721.93227872426	0.0	0	0.0	3794.9593293239886	1	0	tensor(3)	2.616236340621592
168070.97531518847	6000.0	1723.984014135438	0.0	0	0.0	3794.9593293239886	1	0	tensor(3)	2.616236340621592
169211.03221476512	6000.0	1583.9271145587848	0.0	0	0.0	3794.9593293239886	1	0	tensor(3)	2.616236340621592
171575.72250965348	6000.0	219.23681967039593	0.0	0	0.0	3794.9593293240177	1	0	tensor(3)	2.6162363406215894
172750.24965231703	3000.0	434.8233901018653	390.1137130949878	0	0.0	4185.073042419041	1	0	tensor(3)	-1.1497516703777282
173802.33940500784	3000.0	499.82779350123235	117.09415609016446	0	0.0	4302.167198509211	1	0	tensor(3)	1.1698034366021384
174257.29300889294	3000.0	1044.8741896161282	0.0	0	0.0	4302.167198509211	1	0	tensor(3)	1.872368373143125
174885.25638969112	3000.0	1416.910808817937	0.0	0	0.0	4302.167198509211	1	0	tensor(3)	1.872368373143125
175480.42094895712	3000.0	1821.7462495519003	0.0	0	0.0	4302.167198509211	1	0	tensor(3)	1.872368373143125
177260.6531303481	6000.0	1041.5140681609435	0.0	0	0.0	4302.16719850924	1	0	tensor(3)	1.8723683731431222
179054.59197124303	6000.0	247.5752272660239	0.0	0	0.0	4302.16719850924	1	0	tensor(3)	2.565515553703067
180309.48306271035	3000.0	268.02481060082016	275.3406748021408	0	0.0	4577.507873311202	1	0	tensor(3)	-0.5003569237098642
181739.2407944659	3000.0	300.5783641118927	462.31128526663855	0	0.0	5039.819158577826	1	0	tensor(3)	-0.9751874808755967
182378.56943516925	2000.0	669.2359287234233	7.986205314880976	0	0.0	5047.805363892723	1	0	tensor(3)	0.9389571084991585
183201.6649523044	3000.0	846.1404115883197	0.0	0	0.0	5047.805363892723	1	0	tensor(3)	1.3923394484966092
184119.05720875046	3000.0	928.7481551422386	0.0	0	0.0	5047.805363892694	1	0	tensor(3)	1.7978045566047767
184981.46516253837	3000.0	1066.3402013543391	0.0	0	0.0	5047.805363892665	1	0	tensor(3)	1.797804556604779
185801.82435525194	3000.0	1245.9810086407756	0.0	0	0.0	5047.805363892694	1	0	tensor(3)	1.7978045566047776
186615.13661570367	3000.0	1432.668748189036	0.0	0	0.0	5047.805363892694	1	0	tensor(3)	1.7978045566047767
187410.9886101547	3000.0	1636.8167537380093	0.0	0	0.0	5047.805363892694	1	0	tensor(3)	1.7978045566047767
188367.8200795377	3000.0	1679.985284355001	0.0	0	0.0	5047.805363892694	1	0	tensor(3)	1.7978045566047767
189262.2844603175	3000.0	1785.5209035752346	0.0	0	0.0	5047.805363892694	1	0	tensor(3)	1.7978045566047767
190067.5882516716	3000.0	1980.2171122211212	0.0	0	0.0	5047.805363892694	1	0	tensor(3)	1.7978045566047767
190813.90014824516	3000.0	2233.9052156475364	0.0	0	0.0	5047.805363892694	1	0	tensor(3)	1.7978045566047767
191893.206406977	3000.0	2154.598956915715	0.0	0	0.0	5047.805363892694	1	0	tensor(3)	1.7978045566047767
192891.70318774605	3000.0	2156.102176146621	0.0	0	0.0	5047.805363892694	1	0	tensor(3)	1.7978045566047767
194170.42528528068	3000.0	1877.380078612011	0.0	0	0.0	5047.805363892723	1	0	tensor(3)	1.7978045566047738
195622.88327386693	3000.0	1424.9220900257412	0.0	0	0.0	5047.805363892752	1	0	tensor(3)	1.7978045566047707
197234.29926080728	3000.0	813.506103085414	0.0	0	0.0	3047.805363892752	1	0	tensor(6)	-4.00219544339523
198129.87127648824	2000.0	917.9340874044562	0.0	0	0.0	3047.805363892752	1	0	tensor(3)	1.1868743403884414
198608.16805226123	2000.0	1439.6373116314717	0.0	0	0.0	3047.8053638927813	1	0	tensor(3)	1.592339448496603
199296.69673012712	3000.0	1751.1086337656047	0.0	0	0.0	3047.8053638927813	1	0	tensor(3)	1.5923394484966034
200219.2368439827	3000.0	1828.5685199100146	0.0	0	0.0	3047.8053638927813	1	0	tensor(3)	1.997804556604768
201878.10927235574	3000.0	1169.6960915369991	0.0	0	0.0	3047.8053638927813	1	0	tensor(3)	1.997804556604768
202767.32350348466	3000.0	1280.4818604080795	0.0	0	0.0	3047.8053638927813	1	0	tensor(3)	1.997804556604768
203439.43725391166	2000.0	1608.3681099810537	0.0	0	0.0	3047.805363892752	1	0	tensor(3)	1.1868743403884414
204839.9677012988	3000.0	1207.8376625939013	0.0	0	0.0	3047.805363892752	1	0	tensor(3)	1.5923394484966062
205669.2546327448	3000.0	1378.550731147946	0.0	0	0.0	3047.805363892752	1	0	tensor(3)	1.9978045566047709
206453.53866604302	3000.0	1594.266697849685	0.0	0	0.0	3047.805363892752	1	0	tensor(3)	1.9978045566047709
207528.29590896535	3000.0	1519.5094549273501	0.0	0	0.0	3047.805363892752	1	0	tensor(3)	1.9978045566047709
208673.01058958872	3000.0	1374.7947743039558	0.0	0	0.0	3047.805363892723	1	0	tensor(3)	1.9978045566047737
209601.72132418616	3000.0	1446.0840397064935	0.0	0	0.0	3047.805363892723	1	0	tensor(3)	1.9978045566047737
210542.47374463434	3000.0	1505.3316192583359	0.0	0	0.0	3047.805363892723	1	0	tensor(3)	1.9978045566047715
211904.36399989575	3000.0	1143.4413639969011	0.0	0	0.0	3047.805363892694	1	0	tensor(3)	1.9978045566047746
213118.61968808903	3000.0	929.185675803652	0.0	0	0.0	3047.805363892723	1	0	tensor(3)	1.9978045566047746
214469.441280296	3000.0	578.3640835966846	0.0	0	0.0	3047.805363892752	1	0	tensor(3)	1.9978045566047709
215430.57231182908	2000.0	617.2330520636057	0.0	0	0.0	3047.805363892752	1	0	tensor(3)	1.1868743403884414
215858.33020161197	2000.0	1189.4751622807457	0.0	0	0.0	3047.805363892752	1	0	tensor(3)	1.592339448496606
216511.4751648948	2000.0	1536.3301989979398	0.0	0	0.0	3047.805363892752	1	0	tensor(3)	1.592339448496606
217174.2136687161	3000.0	1873.5916951766194	0.0	0	0.0	3047.805363892752	1	0	tensor(3)	1.5923394484966062
217864.8703651928	3000.0	2182.9349986999496	0.0	0	0.0	3047.8053638928104	1	0	tensor(3)	1.9978045566047657
219538.65624116544	3000.0	1509.1491227273166	0.0	0	0.0	3047.8053638928104	1	0	tensor(3)	1.997804556604765
220565.10794199226	2000.0	1482.6974219004874	0.0	0	0.0	3047.8053638928104	1	0	tensor(3)	1.1868743403884356
221230.41185169475	2000.0	1817.3935121979882	0.0	0	0.0	3047.8053638928104	1	0	tensor(3)	1.5923394484966003
222236.54672568382	2000.0	1811.2586382089262	0.0	0	0.0	3047.8053638928104	1	0	tensor(3)	1.5923394484966003
222895.54501457926	2000.0	2152.260349313488	0.0	0	0.0	3047.8053638928395	1	0	tensor(3)	1.5923394484965971
223768.2430121155	3000.0	2279.562351777253	0.0	0	0.0	3047.8053638928395	1	0	tensor(3)	1.5923394484965974
224517.57172138875	3000.0	2530.233642504011	0.0	0	0.0	3047.8053638928395	1	0	tensor(3)	1.997804556604762
226039.0968682955	3000.0	2008.70849559723	0.0	0	0.0	3047.8053638928686	1	0	tensor(3)	1.99780455660476
227288.96806978402	3000.0	1758.83729410871	0.0	0	0.0	3047.8053638928395	1	0	tensor(3)	1.997804556604762
228260.79890118912	3000.0	1787.006462703609	0.0	0	0.0	3047.8053638928686	1	0	tensor(3)	1.997804556604759
229108.4876365365	3000.0	1939.3177273562317	0.0	0	0.0	3047.8053638928686	1	0	tensor(3)	1.997804556604759
229852.0390812985	3000.0	2195.76628259422	0.0	0	0.0	3047.8053638928686	1	0	tensor(3)	1.997804556604759
230975.62533542752	6000.0	2072.1800284651863	0.0	0	0.0	3047.8053638928686	1	0	tensor(3)	1.997804556604759
232175.68682070792	6000.0	1872.118543184767	0.0	0	0.0	3047.8053638928686	1	0	tensor(3)	2.690951737164704
233588.21617038685	6000.0	1459.5891935058612	0.0	0	0.0	3047.8053638928686	1	0	tensor(3)	2.690951737164704
234737.26809643678	6000.0	1310.5372674559408	0.0	0	0.0	3047.8053638928686	1	0	tensor(3)	2.6909517371647023
235770.66792057626	3000.0	1277.1374433164535	0.0	0	0.0	3047.8053638928686	1	0	tensor(3)	1.3046573760448141
237632.03869300548	6000.0	415.766670887218	0.0	0	0.0	3047.8053638928395	1	0	tensor(3)	1.9978045566047595
238489.55791187895	3000.0	559.5601889248736	1.312736911134266	0	0.0	3049.1181008039857	1	0	tensor(3)	1.296649680886897
239611.9041199321	3000.0	438.6065668588087	1.3925859870648765	0	0.0	3050.5106867910654	1	0	tensor(3)	1.9891785083925504
240833.25092689227	3000.0	352.287802741055	135.02804284242995	0	0.0	3185.5387296334666	1	0	tensor(3)	1.17386296297612
241948.43096637045	3000.0	392.19565327738144	155.08789001451458	0	0.0	3340.6266196479846	1	0	tensor(3)	1.03799509094216
242826.78360992676	3000.0	586.2930326828657	72.45002296178495	0	0.0	3413.0766426097543	1	0	tensor(3)	1.5265772909623607
243607.9253623542	3000.0	805.1512802554128	0.0	0	0.0	3413.0766426097543	1	0	tensor(3)	1.9612774287330705
244398.6565413219	3000.0	1014.4201012877287	0.0	0	0.0	3413.0766426097543	1	0	tensor(3)	1.9612774287330705
245223.94013669193	3000.0	1189.1365059176583	0.0	0	0.0	3413.0766426097543	1	0	tensor(3)	1.9612774287330705
246259.566245594	3000.0	1153.510397015586	0.0	0	0.0	3413.0766426097834	1	0	tensor(3)	1.9612774287330679
247005.34589555458	3000.0	1407.7307470549995	0.0	0	0.0	3413.0766426097543	1	0	tensor(3)	1.9612774287330705
247662.44266912836	3000.0	1750.6339734811982	0.0	0	0.0	3413.0766426097543	1	0	tensor(3)	1.9612774287330705
248472.33275050778	3000.0	1940.7438921017617	0.0	0	0.0	3413.0766426097543	1	0	tensor(3)	1.9612774287330705
249951.58643846973	3000.0	1461.4902041397813	0.0	0	0.0	3413.0766426097252	1	0	tensor(3)	1.9612774287330736
250653.15459991427	3000.0	1759.9220426952495	0.0	0	0.0	3413.0766426097252	1	0	tensor(3)	1.9612774287330736
251229.54820300694	3000.0	2183.5284396025704	0.0	0	0.0	3413.0766426097252	1	0	tensor(3)	1.9612774287330736
251888.91754880836	3000.0	2524.1590938011554	0.0	0	0.0	3413.0766426097252	1	0	tensor(3)	1.9612774287330736
253185.8578014532	6000.0	2227.218841156297	0.0	0	0.0	3413.0766426097543	1	0	tensor(3)	1.9612774287330708
254175.59941367543	6000.0	2237.4772289340767	0.0	0	0.0	3413.0766426097252	1	0	tensor(3)	2.6544246092930184
255226.7779562425	6000.0	2186.2986863669885	0.0	0	0.0	3413.0766426097252	1	0	tensor(3)	2.6544246092930184
256572.1564439182	6000.0	1840.9201986912972	0.0	0	0.0	3413.076642609696	1	0	tensor(3)	2.654424609293021
258362.5927626961	6000.0	1050.4838799134068	0.0	0	0.0	3413.076642609667	1	0	tensor(3)	2.6544246092930237
259639.35773882683	6000.0	773.7189037826707	0.0	0	0.0	3413.076642609696	1	0	tensor(3)	2.654424609293021
260836.0160946506	3000.0	577.06054795891	0.0	0	0.0	3413.076642609667	1	0	tensor(3)	1.2681302481731342
261952.93055189846	3000.0	536.7561899487357	76.6100992376771	0	0.0	3489.686741847341	1	0	tensor(3)	1.4939558233832493
262998.1774693537	3000.0	491.5092724935347	0.0	0	0.0	3489.6867418474285	1	0	tensor(3)	1.9536164188093061
263954.4804359544	3000.0	535.2063058928566	0.0	0	0.0	3489.6867418474285	1	0	tensor(3)	1.9536164188093044
264693.70020926633	3000.0	795.9865325809881	0.0	0	0.0	3489.686741847516	1	0	tensor(3)	1.953616418809299
265684.19483931456	3000.0	805.4919025327474	0.0	0	0.0	3489.6867418474867	1	0	tensor(3)	1.9536164188092993
266663.3179894534	3000.0	826.3687523939318	0.0	0	0.0	3489.686741847545	1	0	tensor(3)	1.9536164188092964
267796.92991109716	3000.0	692.7568307501326	0.0	0	0.0	3489.686741847545	1	0	tensor(3)	1.9536164188092917
269332.2864006808	3000.0	276.2876228165411	118.88728165006108	0	0.0	3608.574023497349	1	0	tensor(3)	1.2284040007439447
270738.17999919906	3000.0	314.97309606911676	444.5790717708862	0	0.0	4053.1530952681787	1	0	tensor(3)	-0.770204647158089
271341.44954690535	2000.0	711.703548362748	0.0	0	0.0	4053.1530952681787	1	0	tensor(3)	1.0863395672508986
272477.37376412225	3000.0	575.7793311458829	0.0	0	0.0	4053.1530952681787	1	0	tensor(3)	1.4918046753590635
273355.4622684079	3000.0	697.6908268602333	0.0	0	0.0	4053.1530952681787	1	0	tensor(3)	1.897269783467228
274110.4243557286	3000.0	942.7287395395748	0.0	0	0.0	4053.1530952681787	1	0	tensor(3)	1.897269783467228
275709.4869648558	3000.0	343.6661304124229	0.0	0	0.0	4053.153095268237	1	0	tensor(3)	1.8972697834672225
276905.2314470843	3000.0	367.94784090705855	220.02619272306345	0	0.0	4273.179287991312	1	0	tensor(3)	0.5551100078565341
277661.4368730079	2000.0	611.7424149833723	0.0	0	0.0	2273.1792879912537	1	0	tensor(6)	-4.735663052021409
278748.278283233	2000.0	524.9010047582932	0.0	0	0.0	2273.1792879912537	1	0	tensor(3)	1.669802056086756
279581.6074853398	2000.0	691.5718026514296	0.0	0	0.0	2273.1792879912537	1	0	tensor(3)	1.669802056086756
281101.7910266863	2000.0	200.0	28.611738695097443	0	0.0	2301.7910266863764	1	0	tensor(3)	1.4972417213362519
281766.0562967063	1000.0	633.8828584416781	98.14812846176	0	0.0	2399.939155148051	1	0	tensor(3)	-0.31805706251937615
282479.6296018957	1000.0	920.3095532522825	0.0	0	0.0	2399.939155148051	1	0	tensor(3)	0.9639788888111311
283164.6293370628	1000.0	1235.3098180851684	0.0	0	0.0	2399.939155148051	1	0	tensor(3)	0.9639788888111311
283723.72035538574	1000.0	1676.2187997622968	0.0	0	0.0	2399.939155148051	1	0	tensor(3)	0.9639788888111311
284519.50382620335	2000.0	1880.435328944646	0.0	0	0.0	2399.939155148051	1	0	tensor(3)	0.9639788888111311
285355.52025228145	2000.0	2044.418902866569	0.0	0	0.0	2399.939155148051	1	0	tensor(3)	1.6571260693710763
286200.0	2000.0	2199.9391551479825	0.0	0	238.13365236658137	2399.939155147993	1	0	tensor(3)	1.657126069371082
287200.0	2000.0	2199.9391551479694	0.0	0	398.71126952499617	2399.939155147993	1	0	tensor(3)	1.657126069371082
288312.2615004684	3000.0	2087.677654679578	0.0	0	0.0	2399.939155147935	1	0	tensor(3)	1.657126069371088
289200.0	3000.0	2199.9391551479794	0.0	0	16.6165243354626	2399.939155147935	1	0	tensor(3)	2.062591177479253
290200.0	3000.0	2199.939155147997	0.0	0	336.6217823092593	2399.939155147993	1	0	tensor(3)	2.062591177479248
292563.48290023993	6000.0	836.4562549081149	0.0	0	0.0	2399.939155148051	1	0	tensor(3)	2.0625911774792467
293391.9529768571	3000.0	1007.9861782909289	0.0	0	0.0	2399.939155148051	1	0	tensor(3)	1.369443996919296
294465.3443161669	3000.0	934.5948389811338	0.0	0	0.0	2399.939155148051	1	0	tensor(3)	2.062591177479241
295527.4706345203	3000.0	872.4685206276633	0.0	0	0.0	2399.939155148051	1	0	tensor(3)	2.062591177479241
296622.7836503915	3000.0	777.1555047563825	0.0	0	0.0	2399.939155148051	1	0	tensor(3)	2.062591177479241
297636.8978842099	3000.0	763.0412709379361	0.0	0	0.0	2399.939155148051	1	0	tensor(3)	2.062591177479241
298890.91894912045	3000.0	509.0202060273701	0.0	0	0.0	2399.9391551481094	1	0	tensor(3)	2.062591177479235
299601.6781896088	2000.0	798.2609655390264	0.0	0	0.0	2399.9391551481676	1	0	tensor(3)	1.2516609612629
300612.3774553155	2000.0	787.5616998323358	0.0	0	0.0	2399.939155148226	1	0	tensor(3)	1.6571260693710588
301163.3679094933	2000.0	1236.5712456546116	0.0	0	0.0	2399.939155148284	1	0	tensor(3)	1.657126069371053
301767.60243136814	2000.0	1632.336723779846	0.0	0	0.0	2399.9391551483423	1	0	tensor(3)	1.657126069371047
302677.5400053407	3000.0	1722.399149807271	0.0	0	0.0	2399.939155148284	1	0	tensor(3)	1.6571260693710497
303953.0962023623	3000.0	1446.842952785661	0.0	0	0.0	2399.9391551483423	1	0	tensor(3)	2.0625911774792143
305085.20802314533	3000.0	1314.7311320027309	0.0	0	0.0	2399.9391551483423	1	0	tensor(3)	2.062591177479212
305852.43397234165	3000.0	1547.5051828064124	0.0	0	0.0	2399.9391551483423	1	0	tensor(3)	2.062591177479212
306700.1933861044	3000.0	1699.7457690436545	0.0	0	0.0	2399.9391551483423	1	0	tensor(3)	2.062591177479212
2.97	3.96	4.54	2.27	1.41	2.22	2.68	3.93	4.48	5.26	5.55	6.0	2.93	3.72	4.15	3.2	2.81	2.4	3.68	4.97	5.83	4.26	4.63	2.66	2.65	2.31	2.58	3.86	3.67	2.83	3.02	3.06	3.96	3.32	3.12	3.28	2.87	2.31	2.97	3.22	2.56	1.59	2.56	3.31	4.27	2.34	1.88	2.68	3.44	2.63	3.15	3.59	2.69	2.94	4.11	4.01	3.14	2.27	2.33	2.2	2.8	4.05	4.12	3.31	1.45	2.58	3.01	2.06	3.13	4.17	2.36	2.15	2.5	3.38	4.63	5.88	5.4	3.44	4.17	4.99	3.6	4.33	3.71	3.34	2.66	3.19	3.65	2.9	4.15	4.82	2.49	3.09	3.74	3.93	2.13	3.3	4.51	5.78	6.75	7.23	3.42	4.04	4.33	4.12	4.46	3.75	2.37	3.58	3.74	2.97	3.89	3.83	3.36	2.4	2.62	2.61	3.28	3.39	4.56	2.63	1.92	3.08	2.2	1.89	2.56	1.81	1.69	1.62	1.27	2.06	2.28	3.04	2.33	3.7	4.67	4.65	3.16	3.34	3.38	3.1	2.84	3.2	3.46	2.41	2.27	2.25	3.48	2.63	3.2	4.16	2.97	3.96	4.54	2.27	1.41	2.22	2.68	3.93	4.48	5.26	5.55	6.0	2.93	3.72	4.15	3.2	2.81	2.4	3.68	4.97	5.83	4.26	4.63	2.66	2.65	2.31	2.58	3.86	3.67	2.83	3.02	3.06	3.96	3.32	3.12	3.28	2.87	2.31	2.97	3.22	2.56	1.59	2.56	3.31	4.27	2.34	1.88	2.68	3.44	2.63	3.15	3.59	2.69	2.94	4.11	4.01	3.14	2.27	2.33	2.2	2.8	4.05	4.12	3.31	1.45	2.58	3.01	2.06	3.13	4.17	2.36	2.15	2.5	3.38	4.63	5.88	5.4	3.44	4.17	4.99	3.6	4.33	3.71	3.34	2.66	3.19	3.65	2.9	4.15	4.82	2.49	3.09	3.74	3.93	2.13	3.3	4.51	5.78	6.75	7.23	3.42	4.04	4.33	4.12	4.46	3.75	2.37	3.58	3.74	2.97	3.89	3.83	3.36	2.4	2.62	2.61	3.28	3.39	4.56	2.63	1.92	3.08	2.2	1.89	2.56	1.81	1.69	1.62	1.27	2.06	2.28	3.04	2.33	3.7	4.67	4.65	3.16	3.34	3.38	3.1	2.84	3.2	3.46	2.41	2.27	2.25	3.48	2.63	3.2	4.16	2.97	3.96	4.54	2.27	1.41
1.0	2.0	3.0	4.0	5.0	6.0	7.0	8.0	9.0	10.0	11.0	12.0	13.0	14.0	15.0	16.0	17.0	18.0	19.0	20.0	21.0	22.0	23.0	24.0	25.0	26.0	27.0	28.0	29.0	30.0	31.0	32.0	33.0	34.0	35.0	36.0	37.0	38.0	39.0	40.0	41.0	42.0	43.0	44.0	45.0	46.0	47.0	48.0	49.0	50.0	51.0	52.0	53.0	54.0	55.0	56.0	57.0	58.0	59.0	60.0	61.0	62.0	63.0	64.0	65.0	66.0	67.0	68.0	69.0	70.0	71.0	72.0	73.0	74.0	75.0	76.0	77.0	78.0	79.0	80.0	81.0	82.0	83.0	84.0	85.0	86.0	87.0	88.0	89.0	90.0	91.0	92.0	93.0	94.0	95.0	96.0	97.0	98.0	99.0	100.0	101.0	102.0	103.0	104.0	105.0	106.0	107.0	108.0	109.0	110.0	111.0	112.0	113.0	114.0	115.0	116.0	117.0	118.0	119.0	120.0	121.0	122.0	123.0	124.0	125.0	126.0	127.0	128.0	129.0	130.0	131.0	132.0	133.0	134.0	135.0	136.0	137.0	138.0	139.0	140.0	141.0	142.0	143.0	144.0	145.0	146.0	147.0	148.0	149.0	149.0	150.0	151.0	152.0	153.0	154.0	155.0	156.0	157.0	158.0	159.0	160.0	161.0	162.0	163.0	164.0	165.0	166.0	167.0	168.0	169.0	170.0	171.0	172.0	173.0	174.0	175.0	176.0	177.0	178.0	179.0	180.0	181.0	182.0	183.0	184.0	185.0	186.0	187.0	188.0	189.0	190.0	191.0	192.0	193.0	194.0	195.0	196.0	197.0	198.0	199.0	200.0	201.0	202.0	203.0	204.0	205.0	206.0	207.0	208.0	209.0	210.0	211.0	212.0	213.0	214.0	215.0	216.0	217.0	218.0	219.0	220.0	221.0	222.0	223.0	224.0	225.0	226.0	227.0	228.0	229.0	230.0	231.0	232.0	233.0	234.0	235.0	236.0	237.0	238.0	239.0	240.0	241.0	242.0	243.0	244.0	245.0	246.0	247.0	248.0	249.0	250.0	251.0	252.0	253.0	254.0	255.0	256.0	257.0	258.0	259.0	260.0	261.0	262.0	263.0	264.0	265.0	266.0	267.0	268.0	269.0	270.0	271.0	272.0	273.0	274.0	275.0	276.0	277.0	278.0	279.0	280.0	281.0	282.0	283.0	284.0	285.0	286.0	287.0	288.0	289.0	290.0	291.0	292.0	293.0	294.0	295.0	296.0	297.0	298.0	298.0	299.0	300.0	301.0	302.0	303.0
5534.933814407654
