5117.048266921323	300.0	2000.0	112.1392455049243	0	0.0	5117.048266921323	1	0	tensor(3)	-1.1825533900596537
5285.637599061563	500.0	2831.410667859761	0.0	0	0.0	5117.048266921324	1	0	tensor(3)	-0.5117048266921325
6082.097631944619	3000.0	3034.9506349767053	0.0	0	0.0	5117.048266921324	1	0	tensor(3)	-0.0008792029261416312
6786.641886069273	3000.0	3330.4063808520523	0.0	0	0.0	5117.048266921325	1	0	tensor(3)	1.7908802663019134
8774.576896948272	3000.0	2342.4713699730514	0.0	0	0.0	5117.048266921323	1	0	tensor(3)	1.7908802663019134
10411.599774241406	3000.0	1705.44849267992	0.0	0	0.0	5117.048266921325	1	0	tensor(3)	1.7908802663019134
11342.355100072444	3000.0	1774.6931668488833	0.0	0	0.0	5117.048266921327	1	0	tensor(3)	1.7908802663019134
12102.652174609746	3000.0	2014.39609231158	0.0	0	0.0	5117.048266921325	1	0	tensor(3)	1.7908802663019134
13312.939375604148	3000.0	1804.1088913171773	0.0	0	0.0	5117.048266921325	1	0	tensor(3)	1.7908802663019134
14726.41000300667	3000.0	1390.6382639146568	0.0	0	0.0	5117.048266921327	1	0	tensor(3)	1.7908802663019132
15849.025123265032	3000.0	1268.0231436562924	0.0	0	0.0	5117.048266921327	1	0	tensor(3)	1.7908802663019132
16735.504172431713	3000.0	1381.5440944896156	0.0	0	0.0	5117.048266921331	1	0	tensor(3)	1.7908802663019132
18130.086559863834	3000.0	986.961707057491	0.0	0	0.0	5117.048266921327	1	0	tensor(3)	1.790880266301913
19131.09248268032	2000.0	985.9557842410022	0.0	0	0.0	3117.048266921325	1	0	tensor(6)	-4.8200499499144165
19748.563145473803	2000.0	1368.4851214475184	0.0	0	0.0	3117.0482669213234	1	0	tensor(3)	1.585415158193749
20580.32806304703	3000.0	1536.7202038742917	0.0	0	0.0	3117.0482669213234	1	0	tensor(3)	1.585415158193749
21054.196426019553	3000.0	2062.851840901768	0.0	0	0.0	3117.0482669213197	1	0	tensor(3)	1.990880266301914
21725.132995596796	3000.0	2391.9152713245257	0.0	0	0.0	3117.0482669213234	1	0	tensor(3)	1.9908802663019136
24028.095883692695	6000.0	1088.9523832286282	0.0	0	0.0	3117.0482669213234	1	0	tensor(3)	1.9908802663019136
25038.52102605158	3000.0	1078.527240869741	0.0	0	0.0	3117.0482669213234	1	0	tensor(3)	1.2977330857419687
26011.629577053856	3000.0	1105.4186898674595	0.0	0	0.0	3117.0482669213197	1	0	tensor(3)	1.990880266301914
26980.573667476332	3000.0	1136.474599444988	0.0	0	0.0	3117.0482669213234	1	0	tensor(3)	1.9908802663019136
27645.53246115039	3000.0	1471.5158057709282	0.0	0	0.0	3117.0482669213197	1	0	tensor(3)	1.990880266301914
28193.825621690376	3000.0	1923.2226452309421	0.0	0	0.0	3117.0482669213197	1	0	tensor(3)	1.990880266301914
28741.54284285595	3000.0	2375.5054240653662	0.0	0	0.0	3117.0482669213197	1	0	tensor(3)	1.990880266301914
29923.936790351978	3000.0	2193.1114765693364	0.0	0	0.0	3117.0482669213197	1	0	tensor(3)	1.990880266301914
30824.410615193705	3000.0	2292.6376517276117	0.0	0	0.0	3117.0482669213197	1	0	tensor(3)	1.990880266301914
31672.325034081216	3000.0	2444.7232328400987	0.0	0	0.0	3117.0482669213197	1	0	tensor(3)	1.990880266301914
32603.70241425942	3000.0	2513.345852661894	0.0	0	0.0	3117.0482669213197	1	0	tensor(3)	1.990880266301914
33344.42965461127	3000.0	2772.618612310053	0.0	0	0.0	3117.0482669213197	1	0	tensor(3)	1.990880266301914
34355.866267833306	3000.0	2761.1819990880217	0.0	0	0.0	3117.0482669213307	1	0	tensor(3)	1.9908802663019134
35767.09132204644	3000.0	2349.9569448748816	0.0	0	0.0	3117.0482669213234	1	0	tensor(3)	1.9908802663019136
36943.50728847369	3000.0	2173.5409784476406	0.0	0	0.0	3117.0482669213234	1	0	tensor(3)	1.9908802663019136
37837.44068900401	3000.0	2279.607577917324	0.0	0	0.0	3117.0482669213234	1	0	tensor(3)	1.9908802663019136
39351.93354720927	3000.0	1765.1147197120642	0.0	0	0.0	3117.048266921316	1	0	tensor(3)	1.9908802663019145
40133.13099331893	3000.0	1983.9172736023997	0.0	0	0.0	3117.048266921316	1	0	tensor(3)	1.9908802663019145
40875.71294837911	3000.0	2241.335318542234	0.0	0	0.0	3117.048266921316	1	0	tensor(3)	1.9908802663019145
41791.990946047095	3000.0	2325.057320874242	0.0	0	0.0	3117.048266921316	1	0	tensor(3)	1.9908802663019145
42603.97159891245	3000.0	2513.076668008886	0.0	0	0.0	3117.048266921316	1	0	tensor(3)	1.9908802663019145
43733.06351895752	6000.0	2383.9847479638197	0.0	0	0.0	3117.048266921316	1	0	tensor(3)	1.990880266301914
45203.48384371907	6000.0	1913.5644232022728	0.0	0	0.0	3117.048266921316	1	0	tensor(3)	2.684027446861859
47695.319307832375	6000.0	421.7289590889748	0.0	0	0.0	3117.048266921316	1	0	tensor(3)	2.684027446861859
49745.978382080495	6000.0	200.0	828.9301151591455	0	0.0	3945.9783820804587	1	0	tensor(3)	-2.3651550459176223
50715.674321613944	3000.0	467.794730999758	237.49067053320243	0	0.0	4183.469052613662	1	0	tensor(3)	-0.23385301602647973
51689.7397849382	3000.0	493.729267675503	0.0	0	0.0	4183.469052613662	1	0	tensor(3)	1.88423818773268
52440.183473228724	3000.0	743.2855793849891	0.0	0	0.0	4183.469052613669	1	0	tensor(3)	1.884238187732679
53280.72533293548	3000.0	902.7437196782374	0.0	0	0.0	4183.469052613669	1	0	tensor(3)	1.884238187732679
53863.11194445608	3000.0	1320.357108157634	0.0	0	0.0	4183.469052613669	1	0	tensor(3)	1.884238187732679
55110.83644719483	3000.0	1072.6326054188903	0.0	0	0.0	4183.469052613662	1	0	tensor(3)	1.88423818773268
56893.59436605487	3000.0	289.8746865588411	0.0	0	0.0	4183.469052613662	1	0	tensor(3)	1.88423818773268
57687.88643292485	2000.0	576.2648414493312	80.68222176046734	0	0.0	4264.151274374133	1	0	tensor(3)	0.5811464187774994
58662.130071446125	2000.0	602.0212029280598	0.0	0	0.0	2264.1512743741405	1	0	tensor(6)	-4.329295142551532
59341.778369887405	2000.0	922.3729044867782	0.0	0	0.0	2264.1512743741405	1	0	tensor(3)	1.6707048574484673
59788.43913416698	2000.0	1475.7121402071953	0.0	0	0.0	2264.1512743741405	1	0	tensor(3)	1.6707048574484673
60389.85339716021	3000.0	1874.2978772139702	0.0	0	0.0	2264.1512743741405	1	0	tensor(3)	1.6707048574484675
61200.0	3000.0	2064.1512743741814	0.0	0	41.72983719830518	2264.1512743741405	1	0	tensor(3)	2.076169965556632
62365.6108790686	3000.0	1898.5403953055848	0.0	0	0.0	2264.1512743741405	1	0	tensor(3)	2.076169965556632
63200.0	3000.0	2064.151274374176	0.0	0	70.39660672056198	2264.1512743741405	1	0	tensor(3)	2.076169965556632
64200.0	3000.0	2064.151274374186	0.0	0	124.62599436410528	2264.1512743741405	1	0	tensor(3)	2.076169965556632
65200.0	3000.0	2064.1512743741814	0.0	0	364.2189973770073	2264.1512743741405	1	0	tensor(3)	2.076169965556632
66638.66575800965	3000.0	1625.4855163645364	0.0	0	0.0	2264.151274374155	1	0	tensor(3)	2.0761699655566312
67584.3005548196	3000.0	1679.8507195545856	0.0	0	0.0	2264.1512743741478	1	0	tensor(3)	2.0761699655566312
68979.46566043858	2000.0	1284.6856139356073	0.0	0	0.0	2264.1512743741478	1	0	tensor(3)	1.2652397493403018
69807.48979052063	2000.0	1456.6614838535577	0.0	0	0.0	2264.1512743741478	1	0	tensor(3)	1.6707048574484664
70499.80790427647	2000.0	1764.3433700977084	0.0	0	0.0	2264.151274374133	1	0	tensor(3)	1.670704857448468
71200.0	2000.0	2064.1512743741755	0.0	0	84.64947641534673	2264.151274374133	1	0	tensor(3)	1.670704857448468
72362.80837989337	3000.0	1901.342894480796	0.0	0	0.0	2264.151274374133	1	0	tensor(3)	1.6707048574484684
73524.5299736715	3000.0	1739.6213007026572	0.0	0	0.0	2264.151274374133	1	0	tensor(3)	2.076169965556633
74749.03650731916	3000.0	1515.114767054989	0.0	0	0.0	2264.151274374133	1	0	tensor(3)	2.076169965556633
75529.12256025811	2000.0	1735.0287141160425	0.0	0	0.0	2264.151274374133	1	0	tensor(3)	1.2652397493403034
76200.0	2000.0	2064.1512743741505	0.0	0	146.31724649571697	2264.151274374133	1	0	tensor(3)	1.670704857448468
77200.0	3000.0	2064.151274374152	0.0	0	301.17014557364746	2264.1512743741187	1	0	tensor(3)	1.6707048574484697
78494.23269649818	3000.0	1769.9185778759556	0.0	0	0.0	2264.1512743741187	1	0	tensor(3)	2.0761699655566344
79707.22089227184	3000.0	1556.930382102286	0.0	0	0.0	2264.1512743741187	1	0	tensor(3)	2.0761699655566344
80330.59880704575	3000.0	1933.5524673283574	0.0	0	0.0	2264.1512743741187	1	0	tensor(3)	2.0761699655566344
81200.0	3000.0	2064.151274374096	0.0	0	46.26764916162938	2264.1512743741187	1	0	tensor(3)	2.0761699655566344
82200.0	6000.0	2064.151274374106	0.0	0	54.58543824701337	2264.1512743741187	1	0	tensor(3)	2.076169965556634
83200.0	6000.0	2064.151274374101	0.0	0	205.53301865932008	2264.1512743741187	1	0	tensor(3)	2.769317146116579
84424.65437311516	6000.0	1839.4969012589524	0.0	0	0.0	2264.1512743741187	1	0	tensor(3)	2.769317146116579
85804.44631826752	6000.0	1459.7049561065962	0.0	0	0.0	2264.1512743741187	1	0	tensor(3)	2.769317146116579
88190.1757246737	6000.0	200.0	126.02445029956435	0	0.0	2390.175724673696	1	0	tensor(3)	2.010166720211489
89152.76617538425	3000.0	561.0452955684772	323.63574627902824	0	0.0	2713.811470952729	1	0	tensor(3)	-0.6037577123353413
90131.24903483922	3000.0	582.5624361135001	0.0	0	0.0	2713.8114709527144	1	0	tensor(3)	2.0312039458987745
91079.47588811081	3000.0	634.3355828419078	0.0	0	0.0	2713.8114709527144	1	0	tensor(3)	2.0312039458987745
92135.51645320472	3000.0	578.2950177479927	0.0	0	0.0	2713.8114709527144	1	0	tensor(3)	2.0312039458987745
92846.81313064916	3000.0	866.9983403035613	0.0	0	0.0	2713.8114709527144	1	0	tensor(3)	2.0312039458987745
93745.87446431645	3000.0	967.9370066362451	0.0	0	0.0	2713.8114709527144	1	0	tensor(3)	2.0312039458987745
94589.20577283874	3000.0	1124.6056981139614	0.0	0	0.0	2713.8114709527144	1	0	tensor(3)	2.0312039458987745
95627.58663661336	3000.0	1086.2248343393517	0.0	0	0.0	2713.8114709527144	1	0	tensor(3)	2.0312039458987745
96404.2617469795	3000.0	1309.5497239732208	0.0	0	0.0	2713.8114709527144	1	0	tensor(3)	2.0312039458987745
97181.32865153521	3000.0	1532.4828194175057	0.0	0	0.0	2713.8114709527144	1	0	tensor(3)	2.0312039458987745
97766.42608553433	3000.0	1947.385385418384	0.0	0	0.0	2713.8114709527144	1	0	tensor(3)	2.0312039458987745
98937.92194361852	6000.0	1775.8895273342034	0.0	0	0.0	2713.8114709527144	1	0	tensor(3)	2.0312039458987745
100955.21804043703	6000.0	758.5934305156917	0.0	0	0.0	2713.8114709527144	1	0	tensor(3)	2.7243511264587195
102438.81460574457	3000.0	274.99686520815305	0.0	0	0.0	2713.8114709527144	1	0	tensor(3)	1.3380567653388296
103454.99687331407	2000.0	543.2123250872028	284.3977274485416	0	0.0	2998.209198401266	1	0	tensor(3)	-0.5145524077536601
104493.19671524377	2000.0	505.0124831575052	0.0	0	0.0	2998.2091984012804	1	0	tensor(3)	1.5972990650457533
105080.85110804676	1000.0	917.3580903545184	0.0	0	0.0	2998.2091984012804	1	0	tensor(3)	0.211004703925863
105933.81571358518	1000.0	1064.3934848160977	0.0	0	0.0	2998.2091984012804	1	0	tensor(3)	0.9041518844858082
106647.11859183549	2000.0	1351.0906065657969	0.0	0	0.0	2998.209198401295	1	0	tensor(3)	0.9041518844858067
107435.73447741073	2000.0	1562.4747209905497	0.0	0	0.0	2998.2091984012804	1	0	tensor(3)	1.5972990650457533
108154.06787505806	2000.0	1844.1413233432152	0.0	0	0.0	2998.2091984012804	1	0	tensor(3)	1.5972990650457533
108942.74514452202	3000.0	2055.464053879249	0.0	0	0.0	2998.2091984012804	1	0	tensor(3)	1.5972990650457535
109544.22734082695	3000.0	2453.9818575743166	0.0	0	0.0	2998.209198401266	1	0	tensor(3)	2.0027641731539196
110669.48606091508	6000.0	2328.7231374861935	0.0	0	0.0	2998.2091984012804	1	0	tensor(3)	2.002764173153918
112422.74584275956	6000.0	1575.4633556417123	0.0	0	0.0	2998.2091984012804	1	0	tensor(3)	2.695911353713863
113598.97822563986	6000.0	1399.230972761401	0.0	0	0.0	2998.2091984012804	1	0	tensor(3)	2.695911353713863
114273.3822371246	3000.0	1724.8269612766683	0.0	0	0.0	2998.209198401295	1	0	tensor(3)	1.3096169925939716
115390.21052861473	3000.0	1607.998669786542	0.0	0	0.0	2998.209198401295	1	0	tensor(3)	2.0027641731539165
116141.56849631802	3000.0	1856.6407020832437	0.0	0	0.0	2998.209198401295	1	0	tensor(3)	2.0027641731539165
116958.87085716844	3000.0	2039.338341232832	0.0	0	0.0	2998.2091984013095	1	0	tensor(3)	2.002764173153915
117994.00991916323	3000.0	2004.1992792380486	0.0	0	0.0	2998.2091984013095	1	0	tensor(3)	2.002764173153915
118528.5529225142	3000.0	2469.6562758870764	0.0	0	0.0	2998.209198401295	1	0	tensor(3)	2.0027641731539165
119244.11714956877	3000.0	2754.0920488324973	0.0	0	0.0	2998.2091984013095	1	0	tensor(3)	2.002764173153915
120553.58831126236	6000.0	2444.620887138899	0.0	0	0.0	2998.2091984013095	1	0	tensor(3)	2.002764173153915
121258.84479375699	3000.0	2739.364404644271	0.0	0	0.0	2998.2091984013095	1	0	tensor(3)	1.30961699259397
122334.14655404391	3000.0	2664.0626443573487	0.0	0	0.0	2998.209198401324	1	0	tensor(3)	2.0027641731539134
124067.59545483773	3000.0	1930.6137435635271	0.0	0	0.0	2998.209198401324	1	0	tensor(3)	2.0027641731539134
124768.19289711342	3000.0	2230.0163012878274	0.0	0	0.0	2998.2091984013095	1	0	tensor(3)	2.002764173153915
125719.05536656435	3000.0	2279.1538318369053	0.0	0	0.0	2998.2091984013095	1	0	tensor(3)	2.002764173153915
126447.46117698796	3000.0	2550.7480214133084	0.0	0	0.0	2998.2091984013095	1	0	tensor(3)	2.002764173153915
127350.83555674872	3000.0	2647.3736416525476	0.0	0	0.0	2998.2091984013095	1	0	tensor(3)	2.002764173153915
128266.07752296721	3000.0	2732.131675434052	0.0	0	0.0	2998.2091984013095	1	0	tensor(3)	2.002764173153915
129930.12993538515	3000.0	2068.0792630161213	0.0	0	0.0	2998.209198401295	1	0	tensor(3)	2.0027641731539165
131012.95336714551	3000.0	1985.2558312557753	0.0	0	0.0	2998.209198401295	1	0	tensor(3)	2.0027641731539165
132242.64974468114	3000.0	1755.5594537201216	0.0	0	0.0	2998.209198401266	1	0	tensor(3)	2.002764173153919
132942.84493372554	2000.0	2055.3642646756803	0.0	0	0.0	2998.2091984012222	1	0	tensor(3)	1.1918339569375918
134998.92104284756	3000.0	999.2881555536392	0.0	0	0.0	2998.209198401193	1	0	tensor(3)	1.597299065045762
136207.07259859407	2000.0	791.1365998071456	0.0	0	0.0	2998.209198401193	1	0	tensor(3)	1.1918339569375973
136819.11266527793	2000.0	1179.0965331232721	0.0	0	0.0	2998.209198401164	1	0	tensor(3)	1.597299065045765
137484.2246709592	2000.0	1513.9845274420056	0.0	0	0.0	2998.209198401164	1	0	tensor(3)	1.597299065045765
138156.23612055084	3000.0	1841.973077850404	0.0	0	0.0	2998.209198401193	1	0	tensor(3)	1.5972990650457621
138895.52719602344	3000.0	2102.6820023778173	0.0	0	0.0	2998.209198401164	1	0	tensor(3)	2.00276417315393
141406.56068051027	6000.0	591.6485178909829	0.0	0	0.0	2998.209198401164	1	0	tensor(3)	2.0027641731539294
143449.83678074792	3000.0	200.0	651.6275823466651	0	0.0	3649.8367807478353	1	0	tensor(3)	-2.6577442412761534
144413.30580878025	2000.0	556.7834273061922	320.25245533852745	0	0.0	3970.089236086438	1	0	tensor(3)	-0.8268687788620923
144869.6289908299	2000.0	1100.4602452565555	0.0	0	0.0	3970.089236086438	1	0	tensor(3)	1.5001110612772375
145359.99841252546	2000.0	1610.0908235609918	0.0	0	0.0	3970.089236086438	1	0	tensor(3)	1.5001110612772375
146254.0799814405	3000.0	1716.0092546459457	0.0	0	0.0	3970.089236086438	1	0	tensor(3)	1.5001110612772377
147257.1912043606	3000.0	1712.898031725882	0.0	0	0.0	3970.089236086438	1	0	tensor(3)	1.9055761693854023
148480.11795901397	3000.0	1489.971277072516	0.0	0	0.0	3970.089236086438	1	0	tensor(3)	1.9055761693854023
149317.40214774988	3000.0	1652.6870883365968	0.0	0	0.0	3970.089236086438	1	0	tensor(3)	1.9055761693854023
150168.8861656071	3000.0	1801.2030704793722	0.0	0	0.0	3970.089236086409	1	0	tensor(3)	1.9055761693854052
151004.83008388433	3000.0	1965.2591522021567	0.0	0	0.0	3970.089236086438	1	0	tensor(3)	1.9055761693854023
151705.0108928046	3000.0	2265.0783432818666	0.0	0	0.0	3970.089236086438	1	0	tensor(3)	1.9055761693854023
153292.78470014138	6000.0	1677.3045359451144	0.0	0	0.0	3970.0892360864673	1	0	tensor(3)	1.9055761693853994
155248.24174394432	6000.0	721.8474921421459	0.0	0	0.0	3970.0892360864673	1	0	tensor(3)	2.5987233499453444
156521.88418698957	3000.0	448.20504909691317	0.0	0	0.0	3970.0892360864673	1	0	tensor(3)	1.2124289888254542
158138.03833374186	2000.0	279.12806794157154	447.0771655969511	0	0.0	4417.166401683382	1	0	tensor(3)	-1.6319147609348295
159201.3998350702	2000.0	461.760453647604	245.99388703436136	0	0.0	4663.160288717743	1	0	tensor(3)	-0.04515936619206118
159906.84558896458	2000.0	756.3146997532191	0.0	0	0.0	4663.160288717714	1	0	tensor(3)	1.4308039560141075
160486.4473883659	2000.0	1176.7129003518871	0.0	0	0.0	4663.160288717714	1	0	tensor(3)	1.4308039560141097
161287.66597586934	3000.0	1375.494312848456	0.0	0	0.0	4663.160288717714	1	0	tensor(3)	1.43080395601411
162420.42240136588	3000.0	1242.737887351896	0.0	0	0.0	4663.160288717714	1	0	tensor(3)	1.8362690641222745
163492.63532369622	3000.0	1170.524965021544	0.0	0	0.0	2663.1602887177432	1	0	tensor(6)	-3.963730935877727
164131.56370569323	2000.0	1531.5965830245134	0.0	0	0.0	2663.1602887177432	1	0	tensor(3)	1.2253388479059422
164634.32920604307	2000.0	2028.8310826747097	0.0	0	0.0	2663.1602887177432	1	0	tensor(3)	1.6308039560141068
166010.66773005345	3000.0	1652.4925586643471	0.0	0	0.0	2663.1602887177432	1	0	tensor(3)	1.630803956014107
167764.00640420825	3000.0	899.1538845096013	0.0	0	0.0	2663.1602887177432	1	0	tensor(3)	2.036269064122272
168275.69906116254	2000.0	1387.4612275553234	0.0	0	0.0	2663.1602887177432	1	0	tensor(3)	1.2253388479059422
168772.02390416746	2000.0	1891.1363845504031	0.0	0	0.0	2663.1602887177432	1	0	tensor(3)	1.6308039560141068
169460.61419885777	3000.0	2202.5460898600695	0.0	0	0.0	2663.160288717714	1	0	tensor(3)	1.63080395601411
170268.0316688686	3000.0	2395.128619849235	0.0	0	0.0	2663.1602887177432	1	0	tensor(3)	2.0362690641222723
172878.0743371574	6000.0	785.0859515604669	0.0	0	0.0	2663.1602887177432	1	0	tensor(3)	2.036269064122272
174164.00780564226	3000.0	499.1524830755819	0.0	0	0.0	2663.1602887177432	1	0	tensor(3)	1.3431218835623266
175477.91895133108	3000.0	279.65483687435625	94.41349948761496	0	0.0	2757.5737882053654	1	0	tensor(3)	1.4603467172478197
176640.4452567473	3000.0	440.9656990730226	323.83716761491615	0	0.0	3081.410955820349	1	0	tensor(3)	0.05142099172251402
177343.3551620704	3000.0	738.0557937499545	0.0	0	0.0	3081.410955820378	1	0	tensor(3)	1.994443997412008
178390.92523046795	3000.0	690.4857253523885	0.0	0	0.0	3081.410955820349	1	0	tensor(3)	1.9944439974120112
179499.96368384906	3000.0	581.4472719712769	0.0	0	0.0	3081.410955820349	1	0	tensor(3)	1.9944439974120112
180627.8699818202	3000.0	453.5409740001717	0.0	0	0.0	3081.410955820378	1	0	tensor(3)	1.994443997412008
181449.4125055089	3000.0	631.9984503114767	0.0	0	0.0	3081.410955820378	1	0	tensor(3)	1.994443997412008
182484.02568610592	3000.0	597.3852697144525	0.0	0	0.0	3081.4109558204073	1	0	tensor(3)	1.9944439974120054
183648.7819122305	3000.0	432.62904358986964	0.0	0	0.0	3081.410955820378	1	0	tensor(3)	1.994443997412008
184521.34752588804	2000.0	576.2619291432528	16.198499210946125	0	0.0	3097.609455031343	1	0	tensor(3)	1.0847029360089055
185136.73928047402	2000.0	960.8701745572274	0.0	0	0.0	3097.609455031343	1	0	tensor(3)	1.587359039382747
185854.06144082372	2000.0	1243.5480142074978	0.0	0	0.0	3097.6094550313137	1	0	tensor(3)	1.58735903938275
187171.58796510406	3000.0	926.0214899271615	0.0	0	0.0	3097.609455031343	1	0	tensor(3)	1.587359039382747
187949.14881289573	2000.0	1148.460642135462	0.0	0	0.0	3097.6094550313137	1	0	tensor(3)	1.1818939312745853
188684.73576125127	2000.0	1412.8736937799254	0.0	0	0.0	3097.6094550313137	1	0	tensor(3)	1.58735903938275
189154.06138415655	2000.0	1943.5480708746197	0.0	0	0.0	3097.6094550313137	1	0	tensor(3)	1.58735903938275
190149.85141476602	3000.0	1947.758040265135	0.0	0	0.0	3097.609455031343	1	0	tensor(3)	1.587359039382747
190927.6803217181	3000.0	2169.9291333130777	0.0	0	0.0	3097.609455031372	1	0	tensor(3)	1.9928241474909112
191562.85761808077	3000.0	2534.7518369503996	0.0	0	0.0	3097.609455031343	1	0	tensor(3)	1.9928241474909116
192476.41308901785	6000.0	2621.19636601331	0.0	0	0.0	3097.609455031372	1	0	tensor(3)	1.9928241474909085
193619.17111220272	6000.0	2478.438342828429	0.0	0	0.0	3097.609455031372	1	0	tensor(3)	2.6859713280508535
195722.23139070012	6000.0	1375.3780643310158	0.0	0	0.0	3097.6094550313137	1	0	tensor(3)	2.685971328050858
197818.5165371984	6000.0	279.09291783276103	0.0	0	0.0	3097.6094550313137	1	0	tensor(3)	2.6859713280508597
198582.0522000497	3000.0	612.1723699433137	96.61511496184823	0	0.0	3194.224569993181	1	0	tensor(3)	0.7103247656636936
199320.24881700068	3000.0	873.9757529923106	0.0	0	0.0	3194.224569993181	1	0	tensor(3)	1.983162635994728
200601.81868657138	3000.0	592.405883421626	0.0	0	0.0	3194.224569993181	1	0	tensor(3)	1.983162635994728
201226.5493821566	2000.0	967.6751878364078	0.0	0	0.0	3194.224569993181	1	0	tensor(3)	1.1722324197783986
202285.0807563279	3000.0	909.1438136650964	0.0	0	0.0	3194.224569993181	1	0	tensor(3)	1.5776975278865635
203211.5694103343	3000.0	982.6551596586843	0.0	0	0.0	3194.224569993181	1	0	tensor(3)	1.983162635994728
204105.7412232699	3000.0	1088.4833467231051	0.0	0	0.0	3194.224569993152	1	0	tensor(3)	1.9831626359947307
205780.16437436722	3000.0	414.0601956257754	0.0	0	0.0	3194.224569993152	1	0	tensor(3)	1.9831626359947307
206566.7767894755	2000.0	627.4477805175145	0.0	0	0.0	3194.224569993152	1	0	tensor(3)	1.1722324197784015
207494.40263454983	2000.0	699.8219354432081	0.0	0	0.0	3194.224569993181	1	0	tensor(3)	1.5776975278865633
208257.82396724823	2000.0	936.4006027448166	0.0	0	0.0	3194.224569993181	1	0	tensor(3)	1.5776975278865633
208927.67242773803	2000.0	1266.552142255019	0.0	0	0.0	3194.224569993152	1	0	tensor(3)	1.5776975278865661
209899.94860343458	3000.0	1294.2759665584508	0.0	0	0.0	3194.224569993152	1	0	tensor(3)	1.5776975278865661
210737.8606224278	3000.0	1456.3639475652521	0.0	0	0.0	3194.224569993152	1	0	tensor(3)	1.9831626359947307
211731.25541164575	3000.0	1462.969158347316	0.0	0	0.0	3194.2245699931227	1	0	tensor(3)	1.9831626359947339
212421.3183066769	3000.0	1772.9062633161707	0.0	0	0.0	3194.2245699930936	1	0	tensor(3)	1.983162635994737
213171.40094647193	3000.0	2022.823623521141	0.0	0	0.0	3194.2245699930936	1	0	tensor(3)	1.983162635994737
213758.95882584344	3000.0	2435.265744149656	0.0	0	0.0	3194.2245699930936	1	0	tensor(3)	1.983162635994737
215527.52212654013	3000.0	1666.702443452986	0.0	0	0.0	3194.2245699930936	1	0	tensor(3)	1.983162635994737
216642.58124389552	3000.0	1551.6433260976075	0.0	0	0.0	3194.2245699930936	1	0	tensor(3)	1.983162635994737
218110.18197628926	3000.0	1084.0425937038506	0.0	0	0.0	3194.2245699931227	1	0	tensor(3)	1.9831626359947339
218960.7600381689	2000.0	1233.4645318242008	0.0	0	0.0	3194.2245699931227	1	0	tensor(3)	1.1722324197784044
219715.4044475815	2000.0	1478.8201224115694	0.0	0	0.0	3194.2245699931227	1	0	tensor(3)	1.577697527886569
220300.5967875848	2000.0	1893.6277824082815	0.0	0	0.0	3194.2245699930936	1	0	tensor(3)	1.577697527886572
221182.6534206698	3000.0	2011.5711493232843	0.0	0	0.0	3194.2245699930936	1	0	tensor(3)	1.5776975278865724
222379.2997658014	3000.0	1814.9248041916462	0.0	0	0.0	3194.2245699930354	1	0	tensor(3)	1.983162635994741
223699.64390902492	3000.0	1494.5806609681215	0.0	0	0.0	3194.2245699930354	1	0	tensor(3)	1.9831626359947423
224418.6828317673	2000.0	1775.5417382257442	0.0	0	0.0	3194.2245699930063	1	0	tensor(3)	1.1722324197784162
225118.11426336895	2000.0	2076.110306624085	0.0	0	0.0	3194.2245699930063	1	0	tensor(3)	1.5776975278865808
225994.52095768112	3000.0	2199.7036123119133	0.0	0	0.0	3194.2245699930063	1	0	tensor(3)	1.5776975278865808
227005.3574676139	3000.0	2188.8671023790976	0.0	0	0.0	3194.2245699930063	1	0	tensor(3)	1.9831626359947454
227908.72109691234	3000.0	2285.503473080694	0.0	0	0.0	3194.2245699930063	1	0	tensor(3)	1.9831626359947454
229082.44904438272	3000.0	2111.775525610364	0.0	0	0.0	3194.2245699930645	1	0	tensor(3)	1.9831626359947414
229872.36835777952	3000.0	2321.8562122135563	0.0	0	0.0	3194.2245699930645	1	0	tensor(3)	1.9831626359947396
230497.2757143889	3000.0	2696.9488556041674	0.0	0	0.0	3194.2245699930645	1	0	tensor(3)	1.9831626359947396
231453.97529068348	6000.0	2740.249279309594	0.0	0	0.0	3194.2245699930645	1	0	tensor(3)	1.9831626359947396
232289.6409807164	6000.0	2904.5835892766904	0.0	0	0.0	3194.2245699930354	1	0	tensor(3)	2.6763098165546872
233455.11886071935	6000.0	2739.1057092737315	0.0	0	0.0	3194.2245699930354	1	0	tensor(3)	2.6763098165546872
235645.97085748182	6000.0	1548.2537125112622	0.0	0	0.0	3194.2245699930063	1	0	tensor(3)	2.6763098165546895
236460.44270383831	3000.0	1733.7818661547678	0.0	0	0.0	3194.2245699930063	1	0	tensor(3)	1.2900154554348005
237592.85440970163	3000.0	1601.3701602914457	0.0	0	0.0	3194.2245699930063	1	0	tensor(3)	1.9831626359947454
238390.71465301517	3000.0	1803.5099169778932	0.0	0	0.0	3194.2245699930063	1	0	tensor(3)	1.9831626359947454
239203.92098743026	3000.0	1990.3035825628208	0.0	0	0.0	3194.2245699930063	1	0	tensor(3)	1.9831626359947454
240209.32289954342	3000.0	1984.901670449653	0.0	0	0.0	3194.224569992977	1	0	tensor(3)	1.9831626359947472
241187.40218505973	3000.0	2006.8223849333199	0.0	0	0.0	3194.2245699930063	1	0	tensor(3)	1.9831626359947454
241991.9821565061	3000.0	2202.2424134869634	0.0	0	0.0	3194.2245699930063	1	0	tensor(3)	1.9831626359947454
242923.95880889092	3000.0	2270.2657611021564	0.0	0	0.0	3194.2245699930354	1	0	tensor(3)	1.9831626359947423
243902.70154052664	3000.0	2291.5230294664766	0.0	0	0.0	3194.2245699930354	1	0	tensor(3)	1.9831626359947423
244558.73356359536	3000.0	2635.4910063977627	0.0	0	0.0	3194.2245699930354	1	0	tensor(3)	1.9831626359947423
245276.1440692422	3000.0	2918.0805007509257	0.0	0	0.0	3194.2245699930063	1	0	tensor(3)	1.9831626359947454
246334.0424692574	6000.0	2860.182100735703	0.0	0	0.0	3194.224569992977	1	0	tensor(3)	1.9831626359947485
247234.48550655623	6000.0	2959.739063436857	0.0	0	0.0	3194.2245699930063	1	0	tensor(3)	2.6763098165546904
248299.90648976847	6000.0	2894.318080224586	0.0	0	0.0	3194.2245699930063	1	0	tensor(3)	2.6763098165546904
249634.44578670972	6000.0	2559.7787832833596	0.0	0	0.0	3194.2245699930354	1	0	tensor(3)	2.676309816554688
252113.062929042	6000.0	1081.1616409510923	0.0	0	0.0	3194.2245699930645	1	0	tensor(3)	2.6763098165546846
254029.76642157102	3000.0	200.0	35.54185157792776	0	0.0	3229.7664215709665	1	0	tensor(3)	1.0760535089356722
255461.2050723001	2000.0	424.26886023061786	655.7075109596931	0	0.0	3885.473932530731	1	0	tensor(3)	-2.831137582233514
256229.15229196407	2000.0	656.3216405666465	0.0	0	0.0	3885.473932530731	1	0	tensor(3)	1.5085725916328083
256789.76000225797	2000.0	1095.7139302727542	0.0	0	0.0	3885.473932530731	1	0	tensor(3)	1.5085725916328083
257625.9140915477	3000.0	1259.5598409830477	0.0	0	0.0	3885.473932530731	1	0	tensor(3)	1.5085725916328085
258360.32625373328	3000.0	1525.1476787974918	0.0	0	0.0	3885.473932530731	1	0	tensor(3)	1.9140376997409732
258812.0734411221	3000.0	2073.4004914086745	0.0	0	0.0	3885.47393253076	1	0	tensor(3)	1.91403769974097
259722.0014169989	3000.0	2163.4725155319043	0.0	0	0.0	3885.473932530731	1	0	tensor(3)	1.9140376997409732
260719.58562930996	3000.0	2165.888303220801	0.0	0	0.0	3885.473932530731	1	0	tensor(3)	1.9140376997409732
261405.20037299462	3000.0	2480.273559536141	0.0	0	0.0	3885.473932530731	1	0	tensor(3)	1.9140376997409732
262129.75094570743	3000.0	2755.7229868233085	0.0	0	0.0	3885.473932530731	1	0	tensor(3)	1.9140376997409732
262885.5928708112	3000.0	2999.881061719519	0.0	0	0.0	3885.4739325306728	1	0	tensor(3)	1.9140376997409763
263954.3823699979	3000.0	2931.0915625327284	0.0	0	0.0	3885.4739325306437	1	0	tensor(3)	1.9140376997409823
264929.0966978263	3000.0	2956.3772347043687	0.0	0	0.0	3885.4739325306728	1	0	tensor(3)	1.9140376997409767
266010.0033737468	3000.0	2875.4705587838544	0.0	0	0.0	3885.473932530731	1	0	tensor(3)	1.9140376997409763
266859.13112105406	3000.0	3026.3428114766516	0.0	0	0.0	3885.473932530731	1	0	tensor(3)	1.9140376997409732
267471.0887091484	3000.0	3414.385223382269	0.0	0	0.0	3885.473932530731	1	0	tensor(3)	1.9140376997409732
268281.1120960904	3000.0	3604.361836440273	0.0	0	0.0	3885.473932530731	1	0	tensor(3)	1.9140376997409732
269741.50993826054	6000.0	3143.9639942701533	0.0	0	0.0	3885.473932530731	1	0	tensor(3)	1.914037699740973
271989.35691501445	6000.0	1896.1170175162313	0.0	0	0.0	3885.473932530731	1	0	tensor(3)	2.6071848803009177
273441.6490310473	3000.0	1443.8249014833182	0.0	0	0.0	3885.473932530731	1	0	tensor(3)	1.2208905191810282
274440.88022702467	3000.0	1444.5937055059512	0.0	0	0.0	3885.4739325306728	1	0	tensor(3)	1.9140376997409785
275302.55555819185	3000.0	1582.9183743387898	0.0	0	0.0	3885.4739325306728	1	0	tensor(3)	1.9140376997409785
276286.75217452267	3000.0	1598.7217580079289	0.0	0	0.0	3885.4739325306728	1	0	tensor(3)	1.9140376997409785
277033.78646196926	3000.0	1851.6874705613416	0.0	0	0.0	3885.4739325306728	1	0	tensor(3)	1.9140376997409785
277824.9808544906	3000.0	2060.4930780400164	0.0	0	0.0	3885.4739325306728	1	0	tensor(3)	1.9140376997409785
279367.82965956477	3000.0	1517.6442729658017	0.0	0	0.0	3885.4739325306145	1	0	tensor(3)	1.9140376997409823
280177.950916255	2000.0	1707.5230162755531	0.0	0	0.0	3885.4739325306145	1	0	tensor(3)	1.103107483524655
281123.43431700737	3000.0	1762.0396155231629	0.0	0	0.0	3885.4739325306145	1	0	tensor(3)	1.50857259163282
282340.43947534397	3000.0	1545.0344571866099	0.0	0	0.0	3885.473932530731	1	0	tensor(3)	1.9140376997409767
283423.08938639273	2000.0	1462.384546137826	0.0	0	0.0	3885.4739325306728	1	0	tensor(3)	1.1031074835246484
284957.1588434488	2000.0	928.3150890817499	0.0	0	0.0	3885.4739325306728	1	0	tensor(3)	1.5085725916328094
285773.2861397069	2000.0	1112.187792823608	0.0	0	0.0	3885.4739325306728	1	0	tensor(3)	1.508572591632814
286447.69860815426	2000.0	1437.775324376264	0.0	0	0.0	3885.4739325306728	1	0	tensor(3)	1.508572591632814
287060.2256090519	3000.0	1825.248323478678	0.0	0	0.0	3885.473932530731	1	0	tensor(3)	1.5085725916328108
287873.67158372776	3000.0	2011.8023488027638	0.0	0	0.0	3885.473932530731	1	0	tensor(3)	1.9140376997409732
288830.16590708814	3000.0	2055.3080254424085	0.0	0	0.0	3885.473932530731	1	0	tensor(3)	1.9140376997409732
290263.85912470316	3000.0	1621.6148078273773	0.0	0	0.0	3885.4739325306728	1	0	tensor(3)	1.9140376997409763
292062.42563266616	3000.0	823.0482998643981	0.0	0	0.0	3885.4739325306728	1	0	tensor(3)	1.9140376997409785
293010.2065208426	2000.0	875.2674116879045	0.0	0	0.0	3885.4739325306728	1	0	tensor(3)	1.1031074835246495
293557.60696877283	2000.0	1327.8669637577243	0.0	0	0.0	3885.4739325306728	1	0	tensor(3)	1.508572591632814
294091.2801333268	2000.0	1794.1937992037917	0.0	0	0.0	3885.4739325306728	1	0	tensor(3)	1.508572591632814
294849.0580281749	3000.0	2036.4159043556338	0.0	0	0.0	3885.4739325306728	1	0	tensor(3)	1.5085725916328139
295964.6815281299	3000.0	1920.79240440067	0.0	0	0.0	3885.4739325306728	1	0	tensor(3)	1.9140376997409785
297575.4242316126	3000.0	1310.0497009179953	0.0	0	0.0	3885.473932530731	1	0	tensor(3)	1.9140376997409745
298580.82666746125	3000.0	1304.647265069381	0.0	0	0.0	3885.473932530789	1	0	tensor(3)	1.9140376997409672
299364.9742294239	3000.0	1520.4997031066857	0.0	0	0.0	3885.473932530731	1	0	tensor(3)	1.9140376997409732
299911.6009456828	3000.0	1973.8729868477296	0.0	0	0.0	3885.473932530731	1	0	tensor(3)	1.9140376997409732
300446.4982929796	3000.0	2438.9756395509457	0.0	0	0.0	3885.473932530789	1	0	tensor(3)	1.9140376997409672
300944.6230039795	3000.0	2940.8509285509836	0.0	0	0.0	3885.473932530789	1	0	tensor(3)	1.9140376997409672
302844.157463995	6000.0	2041.316468535512	0.0	0	0.0	3885.473932530789	1	0	tensor(3)	1.914037699740967
305440.2527871107	6000.0	445.2211454198231	0.0	0	0.0	3885.473932530789	1	0	tensor(3)	2.607184880300912
306819.82092418923	3000.0	213.05509512388826	147.40208678258347	0	0.0	4032.8760193134076	1	0	tensor(3)	0.32173778980725976
307492.6024972588	2000.0	648.3084915538157	108.0349694995877	0	0.0	4140.910988812975	1	0	tensor(3)	0.429353960898893
308546.9923560447	2000.0	593.9186327678337	0.0	0	0.0	4140.910988812975	1	0	tensor(3)	1.4830288860045837
309281.36549347435	2000.0	859.545495338166	0.0	0	0.0	4140.910988812917	1	0	tensor(3)	1.4830288860045895
3.66	3.36	1.62	1.6	2.29	2.73	3.9	3.87	1.77	3.06	3.1	2.72	2.17	2.35	3.68	4.95	5.05	1.99	2.25	2.95	3.29	2.5	3.83	4.44	3.23	2.66	3.04	2.77	3.14	2.13	2.43	3.5	2.88	2.22	3.34	4.16	4.32	5.25	5.61	5.51	4.15	2.22	2.86	2.93	3.49	3.88	2.24	3.52	4.12	2.92	1.91	2.54	2.13	2.65	3.88	3.89	3.83	2.85	3.93	4.65	1.56	2.65	2.72	1.19	2.32	3.51	3.43	3.41	2.06	1.89	3.17	3.45	2.73	3.23	3.09	4.15	5.51	6.12	4.7	3.59	4.38	2.83	2.88	3.02	4.23	3.42	3.43	3.92	2.79	3.01	3.98	4.98	4.84	5.73	3.87	3.15	2.51	1.81	2.39	1.74	1.46	2.49	3.29	4.26	5.37	3.89	3.21	4.02	3.8	3.63	3.35	3.3	3.78	4.39	5.02	3.29	3.34	2.49	1.99	3.56	4.0	3.95	3.02	3.1	2.12	2.0	2.79	3.24	1.95	1.61	1.63	2.94	4.07	5.07	3.5	2.55	2.4	1.39	2.09	3.31	4.41	2.34	2.18	2.8	3.49	4.73	5.31	4.34	3.74	2.44	3.66	3.36	1.62	1.6	2.29	2.73	3.9	3.87	1.77	3.06	3.1	2.72	2.17	2.35	3.68	4.95	5.05	1.99	2.25	2.95	3.29	2.5	3.83	4.44	3.23	2.66	3.04	2.77	3.14	2.13	2.43	3.5	2.88	2.22	3.34	4.16	4.32	5.25	5.61	5.51	4.15	2.22	2.86	2.93	3.49	3.88	2.24	3.52	4.12	2.92	1.91	2.54	2.13	2.65	3.88	3.89	3.83	2.85	3.93	4.65	1.56	2.65	2.72	1.19	2.32	3.51	3.43	3.41	2.06	1.89	3.17	3.45	2.73	3.23	3.09	4.15	5.51	6.12	4.7	3.59	4.38	2.83	2.88	3.02	4.23	3.42	3.43	3.92	2.79	3.01	3.98	4.98	4.84	5.73	3.87	3.15	2.51	1.81	2.39	1.74	1.46	2.49	3.29	4.26	5.37	3.89	3.21	4.02	3.8	3.63	3.35	3.3	3.78	4.39	5.02	3.29	3.34	2.49	1.99	3.56	4.0	3.95	3.02	3.1	2.12	2.0	2.79	3.24	1.95	1.61	1.63	2.94	4.07	5.07	3.5	2.55	2.4	1.39	2.09	3.31	4.41	2.34	2.18	2.8	3.49	4.73	5.31	4.34	3.74	2.44	3.66	3.36	1.62	1.6	2.29	2.73	3.9	3.87
1.0	2.0	3.0	4.0	5.0	6.0	7.0	8.0	9.0	10.0	11.0	12.0	13.0	14.0	15.0	16.0	17.0	18.0	19.0	20.0	21.0	22.0	23.0	24.0	25.0	26.0	27.0	28.0	29.0	30.0	31.0	32.0	33.0	34.0	35.0	36.0	37.0	38.0	39.0	40.0	41.0	42.0	43.0	44.0	45.0	46.0	47.0	48.0	49.0	50.0	51.0	52.0	53.0	54.0	55.0	56.0	57.0	58.0	59.0	60.0	61.0	62.0	63.0	64.0	65.0	66.0	67.0	68.0	69.0	70.0	71.0	72.0	73.0	74.0	75.0	76.0	77.0	78.0	79.0	80.0	81.0	82.0	83.0	84.0	85.0	86.0	87.0	88.0	89.0	90.0	91.0	92.0	93.0	94.0	95.0	96.0	97.0	98.0	99.0	100.0	101.0	102.0	103.0	104.0	105.0	106.0	107.0	108.0	109.0	110.0	111.0	112.0	113.0	114.0	115.0	116.0	117.0	118.0	119.0	120.0	121.0	122.0	123.0	124.0	125.0	126.0	127.0	128.0	129.0	130.0	131.0	132.0	133.0	134.0	135.0	136.0	137.0	138.0	139.0	140.0	141.0	142.0	143.0	144.0	145.0	146.0	147.0	148.0	149.0	149.0	150.0	151.0	152.0	153.0	154.0	155.0	156.0	157.0	158.0	159.0	160.0	161.0	162.0	163.0	164.0	165.0	166.0	167.0	168.0	169.0	170.0	171.0	172.0	173.0	174.0	175.0	176.0	177.0	178.0	179.0	180.0	181.0	182.0	183.0	184.0	185.0	186.0	187.0	188.0	189.0	190.0	191.0	192.0	193.0	194.0	195.0	196.0	197.0	198.0	199.0	200.0	201.0	202.0	203.0	204.0	205.0	206.0	207.0	208.0	209.0	210.0	211.0	212.0	213.0	214.0	215.0	216.0	217.0	218.0	219.0	220.0	221.0	222.0	223.0	224.0	225.0	226.0	227.0	228.0	229.0	230.0	231.0	232.0	233.0	234.0	235.0	236.0	237.0	238.0	239.0	240.0	241.0	242.0	243.0	244.0	245.0	246.0	247.0	248.0	249.0	250.0	251.0	252.0	253.0	254.0	255.0	256.0	257.0	258.0	259.0	260.0	261.0	262.0	263.0	264.0	265.0	266.0	267.0	268.0	269.0	270.0	271.0	272.0	273.0	274.0	275.0	276.0	277.0	278.0	279.0	280.0	281.0	282.0	283.0	284.0	285.0	286.0	287.0	288.0	289.0	290.0	291.0	292.0	293.0	294.0	295.0	296.0	297.0	298.0	298.0	299.0	300.0	301.0	302.0	303.0	304.0	305.0	306.0
4881.965777184085
