3119.978121310424	300.0	2000.0	162.6497485844008	0	0.0	3119.978121310424	1	0	tensor(3)	-1.284416551603417
3346.43214029943	500.0	2773.5459810109937	0.0	0	0.0	3119.978121310424	1	0	tensor(3)	-0.3119978121310423
4200.0	2000.0	2919.978121310424	0.0	0	126.48774144570643	3119.978121310424	1	0	tensor(3)	0.19882781163494828
5389.264869327806	2000.0	2730.7132519826164	0.0	0	0.0	3119.9781213104234	1	0	tensor(3)	1.585122172754839
6401.896559911047	2000.0	2718.081561399376	0.0	0	0.0	3119.978121310424	1	0	tensor(3)	1.585122172754839
7414.293331517651	3000.0	2705.684789792773	0.0	0	0.0	3119.9781213104243	1	0	tensor(3)	1.585122172754839
8816.803068402662	3000.0	2303.1750529077603	0.0	0	0.0	3119.9781213104216	1	0	tensor(3)	1.990587280863004
10259.226049690364	3000.0	1860.7520716200597	0.0	0	0.0	3119.9781213104234	1	0	tensor(3)	1.9905872808630036
12173.230732322398	3000.0	946.7473889880258	0.0	0	0.0	3119.9781213104234	1	0	tensor(3)	1.9905872808630036
13407.78287235571	2000.0	712.1952489547126	0.0	0	0.0	3119.9781213104234	1	0	tensor(3)	1.1796570646466744
14317.101243129353	2000.0	802.8768781810688	0.0	0	0.0	3119.9781213104234	1	0	tensor(3)	1.585122172754839
15107.48007508782	2000.0	1012.4980462226008	0.0	0	0.0	3119.978121310425	1	0	tensor(3)	1.5851221727548386
15990.700633386276	2000.0	1129.2774879241456	0.0	0	0.0	3119.978121310425	1	0	tensor(3)	1.5851221727548386
16630.96884088818	2000.0	1489.0092804222434	0.0	0	0.0	3119.978121310429	1	0	tensor(3)	1.5851221727548386
17796.1031306805	2000.0	1323.8749906299245	0.0	0	0.0	3119.9781213104307	1	0	tensor(3)	1.5851221727548381
18981.553998466246	2000.0	1138.424122844176	0.0	0	0.0	3119.978121310425	1	0	tensor(3)	1.5851221727548386
20263.612219411865	2000.0	856.3659018985592	0.0	0	0.0	3119.978121310425	1	0	tensor(3)	1.5851221727548386
21320.441937280324	2000.0	799.5361840300994	0.0	0	0.0	3119.978121310425	1	0	tensor(3)	1.5851221727548386
22005.158046187833	2000.0	1114.8200751225913	0.0	0	0.0	3119.978121310425	1	0	tensor(3)	1.5851221727548386
22566.32776768231	2000.0	1553.6503536281173	0.0	0	0.0	3119.978121310425	1	0	tensor(3)	1.5851221727548386
24251.078413645024	3000.0	868.8997076654034	0.0	0	0.0	3119.9781213104216	1	0	tensor(3)	1.5851221727548395
24960.175804440973	2000.0	1159.8023168694522	0.0	0	0.0	3119.9781213104216	1	0	tensor(3)	1.1796570646466746
25999.743885282594	2000.0	1120.2342360278353	0.0	0	0.0	3119.9781213104216	1	0	tensor(3)	1.5851221727548392
26809.09350811529	2000.0	1310.884613195146	0.0	0	0.0	3119.9781213104216	1	0	tensor(3)	1.5851221727548392
27650.092899494066	2000.0	1469.8852218163681	0.0	0	0.0	3119.9781213104216	1	0	tensor(3)	1.5851221727548392
28493.696836218576	3000.0	1626.281285091857	0.0	0	0.0	3119.9781213104216	1	0	tensor(3)	1.5851221727548395
29140.87696613938	3000.0	1979.1011551710565	0.0	0	0.0	3119.9781213104216	1	0	tensor(3)	1.990587280863004
29925.843243792275	3000.0	2194.1348775181636	0.0	0	0.0	3119.9781213104216	1	0	tensor(3)	1.990587280863004
30556.443910027105	3000.0	2563.53421128333	0.0	0	0.0	3119.9781213104216	1	0	tensor(3)	1.990587280863004
31622.14700579021	3000.0	2497.8311155202246	0.0	0	0.0	3119.9781213104216	1	0	tensor(3)	1.990587280863004
32673.332539691506	3000.0	2446.6455816189305	0.0	0	0.0	3119.9781213104216	1	0	tensor(3)	1.990587280863004
33983.60294911906	3000.0	2136.3751721913877	0.0	0	0.0	3119.9781213104325	1	0	tensor(3)	1.9905872808630032
34998.71182952709	3000.0	2121.266291783346	0.0	0	0.0	3119.9781213104216	1	0	tensor(3)	1.9905872808630038
35710.561531602674	3000.0	2409.416589707765	0.0	0	0.0	3119.978121310425	1	0	tensor(3)	1.9905872808630034
36798.96484896427	3000.0	2321.01327234617	0.0	0	0.0	3119.9781213104216	1	0	tensor(3)	1.990587280863004
38104.75445368372	3000.0	2015.223667626721	0.0	0	0.0	3119.978121310429	1	0	tensor(3)	1.9905872808630032
39671.102041855316	3000.0	1448.876079455129	0.0	0	0.0	3119.9781213104216	1	0	tensor(3)	1.990587280863004
41332.10458628703	3000.0	787.8735350234208	0.0	0	0.0	3119.9781213104216	1	0	tensor(3)	1.990587280863004
42090.31838452862	2000.0	1029.6597367818251	0.0	0	0.0	3119.978121310429	1	0	tensor(3)	1.1796570646466737
42856.4565758959	2000.0	1263.5215454145352	0.0	0	0.0	3119.978121310429	1	0	tensor(3)	1.5851221727548384
43592.82896593063	3000.0	1527.1491553798107	0.0	0	0.0	3119.978121310429	1	0	tensor(3)	1.5851221727548386
44933.92302476821	3000.0	1186.0550965422362	0.0	0	0.0	3119.978121310429	1	0	tensor(3)	1.9905872808630032
45961.68619474376	3000.0	1158.2919265666942	0.0	0	0.0	3119.978121310429	1	0	tensor(3)	1.9905872808630032
47003.28843709989	3000.0	1116.689684210558	0.0	0	0.0	3119.978121310429	1	0	tensor(3)	1.9905872808630032
48292.0808802154	3000.0	827.8972410950414	0.0	0	0.0	3119.978121310429	1	0	tensor(3)	1.9905872808630032
49008.57372354894	2000.0	1111.4043977614876	0.0	0	0.0	3119.978121310429	1	0	tensor(3)	1.1796570646466737
49586.916600467215	2000.0	1533.0615208432148	0.0	0	0.0	3119.978121310429	1	0	tensor(3)	1.5851221727548384
50445.299437345166	3000.0	1674.6786839652684	0.0	0	0.0	3119.978121310429	1	0	tensor(3)	1.5851221727548386
51739.5293434669	3000.0	1380.44877784354	0.0	0	0.0	3119.978121310429	1	0	tensor(3)	1.9905872808630032
53137.948271648296	3000.0	982.0298496621458	0.0	0	0.0	3119.978121310429	1	0	tensor(3)	1.9905872808630032
54058.107061747185	3000.0	1061.8710595632538	0.0	0	0.0	3119.978121310429	1	0	tensor(3)	1.9905872808630032
55870.82788674769	3000.0	249.15023456274247	0.0	0	0.0	3119.9781213104216	1	0	tensor(3)	1.990587280863004
56743.331130172504	2000.0	569.9477080381816	193.30071690025045	0	0.0	3313.2788382106664	1	0	tensor(3)	0.000522691555147281
57826.29452684936	2000.0	486.98431136132854	0.0	0	0.0	3313.2788382106664	1	0	tensor(3)	1.5657921010648146
58668.71849217716	2000.0	644.5603460335253	0.0	0	0.0	3313.2788382106664	1	0	tensor(3)	1.5657921010648146
59340.45804865906	1000.0	972.8207895516254	0.0	0	0.0	3313.2788382106664	1	0	tensor(3)	0.17949773994492435
60107.64568656853	1000.0	1205.6331516421508	0.0	0	0.0	3313.2788382106664	1	0	tensor(3)	0.8726449205048694
60878.7205093761	1000.0	1434.5583288345906	0.0	0	0.0	3313.2788382106664	1	0	tensor(3)	0.8726449205048694
61426.81591197214	1000.0	1886.4629262385524	0.0	0	0.0	3313.278838210659	1	0	tensor(3)	0.8726449205048703
62081.166106094	1000.0	2232.112732116684	0.0	0	0.0	3313.278838210659	1	0	tensor(3)	0.8726449205048703
62954.54620495835	1000.0	2358.7326332523367	0.0	0	0.0	3313.278838210659	1	0	tensor(3)	0.8726449205048703
64283.06009318299	2000.0	2030.2187450276926	0.0	0	0.0	3313.278838210659	1	0	tensor(3)	0.8726449205048703
65440.58707409928	1000.0	1872.6917641114032	0.0	0	0.0	3313.278838210659	1	0	tensor(3)	0.17949773994492513
66043.93155690697	1000.0	2269.3472813037165	0.0	0	0.0	3313.278838210659	1	0	tensor(3)	0.8726449205048704
67103.47694744506	2000.0	2209.8018907656297	0.0	0	0.0	3313.278838210659	1	0	tensor(3)	0.8726449205048705
67866.19808449683	1000.0	2447.0807537138403	0.0	0	0.0	3313.2788382106373	1	0	tensor(3)	0.179497739944926
68481.71881279408	1000.0	2831.560025416617	0.0	0	0.0	3313.278838210652	1	0	tensor(3)	0.8726449205048717
69621.2896939534	2000.0	2691.989144257278	0.0	0	0.0	3313.278838210652	1	0	tensor(3)	0.8726449205048711
70765.2834694735	2000.0	2547.995368737167	0.0	0	0.0	3313.2788382106664	1	0	tensor(3)	1.5657921010648146
72065.57627726533	2000.0	2247.7025609453462	0.0	0	0.0	3313.278838210652	1	0	tensor(3)	1.5657921010648161
72981.62004125564	2000.0	2331.658796955025	0.0	0	0.0	3313.278838210652	1	0	tensor(3)	1.5657921010648161
73943.91685668082	2000.0	2369.3619815298293	0.0	0	0.0	3313.278838210652	1	0	tensor(3)	1.5657921010648161
75747.45218479505	2000.0	1565.826653415597	0.0	0	0.0	3313.278838210652	1	0	tensor(3)	1.5657921010648161
76246.06831580681	1000.0	2067.21052240385	0.0	0	0.0	3313.2788382106664	1	0	tensor(3)	0.17949773994492435
76918.68999431957	2000.0	2394.588843891099	0.0	0	0.0	3313.2788382106664	1	0	tensor(3)	0.8726449205048694
77973.21524190532	2000.0	2340.063596305376	0.0	0	0.0	3313.2788382106664	1	0	tensor(3)	1.5657921010648146
78986.11350125023	2000.0	2327.165336960467	0.0	0	0.0	3313.2788382106664	1	0	tensor(3)	1.5657921010648146
80010.11164188778	2000.0	2303.167196322913	0.0	0	0.0	3313.2788382106664	1	0	tensor(3)	1.5657921010648146
81452.51719102914	2000.0	1860.7616471815682	0.0	0	0.0	3313.2788382106664	1	0	tensor(3)	1.5657921010648146
82404.60918300235	2000.0	1908.6696552083604	0.0	0	0.0	3313.278838210652	1	0	tensor(3)	1.5657921010648161
83801.95329754775	2000.0	1511.325540662961	0.0	0	0.0	3313.2788382106664	1	0	tensor(3)	1.5657921010648146
84431.05765768974	2000.0	1882.2211805209663	0.0	0	0.0	3313.278838210652	1	0	tensor(3)	1.5657921010648161
84953.74039807222	2000.0	2359.5384401385054	0.0	0	0.0	3313.278838210652	1	0	tensor(3)	1.5657921010648161
86000.06139398877	3000.0	2313.2174442219607	0.0	0	0.0	3313.278838210652	1	0	tensor(3)	1.5657921010648161
87199.52346326235	3000.0	2113.7553749483745	0.0	0	0.0	3313.278838210652	1	0	tensor(3)	1.9712572091729808
88908.16486707749	3000.0	1405.1139711332282	0.0	0	0.0	3313.278838210652	1	0	tensor(3)	1.9712572091729808
89783.64857291442	2000.0	1529.6302652963032	0.0	0	0.0	3313.2788382106664	1	0	tensor(3)	1.16032699295665
90416.15552402558	2000.0	1897.1233141851412	0.0	0	0.0	3313.278838210652	1	0	tensor(3)	1.5657921010648161
90919.89285453659	2000.0	2393.3859836741303	0.0	0	0.0	3313.278838210652	1	0	tensor(3)	1.5657921010648161
91674.48064658682	3000.0	2638.798191623903	0.0	0	0.0	3313.2788382106664	1	0	tensor(3)	1.5657921010648148
92214.38805378995	3000.0	3098.890784420772	0.0	0	0.0	3313.2788382106664	1	0	tensor(3)	1.9712572091729794
93533.67743871399	6000.0	2779.601399496745	0.0	0	0.0	3313.2788382106664	1	0	tensor(3)	1.9712572091729794
95403.92129505155	6000.0	1909.3575431592085	0.0	0	0.0	3313.2788382106664	1	0	tensor(3)	2.6644043897329244
97799.42337972051	6000.0	513.8554584902714	0.0	0	0.0	3313.2788382106664	1	0	tensor(3)	2.6644043897329244
99333.23095468323	3000.0	331.1458652945124	351.097981766971	0	0.0	3664.376819977624	1	0	tensor(3)	-0.863488181876136
99813.40989192587	2000.0	850.9669280518756	0.0	0	0.0	3664.376819977624	1	0	tensor(3)	1.1252171947799543
100500.86891924543	2000.0	1163.5079007322934	0.0	0	0.0	3664.376819977624	1	0	tensor(3)	1.530682302888119
101250.90568466012	3000.0	1413.471135317623	0.0	0	0.0	3664.3768199776387	1	0	tensor(3)	1.5306823028881178
102417.80793708129	3000.0	1246.5688828964667	0.0	0	0.0	3664.3768199776387	1	0	tensor(3)	1.9361474109962824
103257.64180327776	3000.0	1406.7350166999881	0.0	0	0.0	3664.3768199776387	1	0	tensor(3)	1.9361474109962824
105108.91391563235	3000.0	555.462904345399	0.0	0	0.0	3664.3768199776387	1	0	tensor(3)	1.9361474109962824
106062.38774589023	2000.0	601.9890740875153	0.0	0	0.0	3664.3768199776387	1	0	tensor(3)	1.125217194779953
106829.48819016806	2000.0	834.8886298096833	0.0	0	0.0	3664.376819977653	1	0	tensor(3)	1.530682302888116
107376.24015892898	2000.0	1288.1366610487855	0.0	0	0.0	3664.3768199776678	1	0	tensor(3)	1.5306823028881145
108075.91840276915	3000.0	1588.4584172086215	0.0	0	0.0	3664.3768199776678	1	0	tensor(3)	1.5306823028881147
108596.80447208439	3000.0	2067.5723478933833	0.0	0	0.0	3664.3768199776823	1	0	tensor(3)	1.936147410996278
109575.40909592963	3000.0	2088.967724048148	0.0	0	0.0	3664.3768199776823	1	0	tensor(3)	1.936147410996278
110427.720967366	3000.0	2236.655852611775	0.0	0	0.0	3664.3768199776823	1	0	tensor(3)	1.936147410996278
111270.75942470487	3000.0	2393.617395272895	0.0	0	0.0	3664.3768199776678	1	0	tensor(3)	1.9361474109962793
112415.8442969428	3000.0	2248.532523034971	0.0	0	0.0	3664.3768199776823	1	0	tensor(3)	1.936147410996278
113879.7780459601	3000.0	1784.598774017681	0.0	0	0.0	3664.3768199776823	1	0	tensor(3)	1.936147410996278
115057.30466116799	3000.0	1607.072158809793	0.0	0	0.0	3664.3768199776823	1	0	tensor(3)	1.936147410996278
116028.34127930319	2000.0	1636.0355406746066	0.0	0	0.0	3664.3768199776823	1	0	tensor(3)	1.1252171947799485
117101.58261176574	3000.0	1562.7942082120373	0.0	0	0.0	3664.3768199776823	1	0	tensor(3)	1.5306823028881134
118647.13089329905	3000.0	1017.2459266787341	0.0	0	0.0	3664.3768199776823	1	0	tensor(3)	1.936147410996278
119394.51019347414	2000.0	1269.8666265036422	0.0	0	0.0	3664.3768199776823	1	0	tensor(3)	1.1252171947799485
120136.65837622897	3000.0	1527.718443748808	0.0	0	0.0	3664.3768199776823	1	0	tensor(3)	1.5306823028881134
120848.77651861288	3000.0	1815.600301364894	0.0	0	0.0	3664.3768199776678	1	0	tensor(3)	1.9361474109962793
121685.32341545555	3000.0	1979.053404522226	0.0	0	0.0	3664.376819977653	1	0	tensor(3)	1.9361474109962806
122721.49761750504	3000.0	1942.8792024727402	0.0	0	0.0	3664.376819977653	1	0	tensor(3)	1.9361474109962806
123772.32382416177	3000.0	1892.0529958160066	0.0	0	0.0	3664.3768199776678	1	0	tensor(3)	1.9361474109962793
125881.60882345769	3000.0	782.7679965200737	0.0	0	0.0	3664.3768199776678	1	0	tensor(3)	1.9361474109962793
126647.024902852	1000.0	1017.3519171257643	0.0	0	0.0	3664.3768199776678	1	0	tensor(3)	-0.2610771663399406
127479.29733832937	1000.0	1185.079481648404	0.0	0	0.0	3664.3768199776678	1	0	tensor(3)	0.8375351223281693
128074.35662897973	1000.0	1590.0201909980428	0.0	0	0.0	3664.3768199776823	1	0	tensor(3)	0.837535122328168
128583.17234292415	1000.0	2081.204477053626	0.0	0	0.0	3664.3768199776823	1	0	tensor(3)	0.837535122328168
130255.16591832603	2000.0	1409.2109016517607	0.0	0	0.0	3664.3768199776823	1	0	tensor(3)	0.837535122328168
130945.9545422035	1000.0	1718.4222777742993	0.0	0	0.0	3664.3768199776823	1	0	tensor(3)	0.14438794176822278
131985.00550092512	2000.0	1679.3713190526769	0.0	0	0.0	3664.3768199776823	1	0	tensor(3)	0.8375351223281682
132823.98218527433	2000.0	1840.3946347034732	0.0	0	0.0	3664.376819977697	1	0	tensor(3)	1.530682302888113
133985.4984927999	2000.0	1678.8783271779068	0.0	0	0.0	3664.3768199777114	1	0	tensor(3)	1.5306823028881094
134909.1047260667	1000.0	1755.2720939111252	0.0	0	0.0	3664.3768199777405	1	0	tensor(3)	0.14438794176821812
135808.31881304277	1000.0	1856.0580069350435	0.0	0	0.0	3664.3768199777405	1	0	tensor(3)	0.8375351223281622
136655.2722980984	1000.0	2009.1045218794263	0.0	0	0.0	3664.3768199777405	1	0	tensor(3)	0.8375351223281622
137283.32571605613	1000.0	2381.051103921708	0.0	0	0.0	3664.3768199777405	1	0	tensor(3)	0.8375351223281622
138012.4943137973	2000.0	2651.882506180563	0.0	0	0.0	3664.3768199777405	1	0	tensor(3)	0.8375351223281621
138944.59900974436	2000.0	2719.7778102334883	0.0	0	0.0	3664.3768199777405	1	0	tensor(3)	1.5306823028881071
139923.68140484227	2000.0	2740.6954151355876	0.0	0	0.0	3664.3768199777405	1	0	tensor(3)	1.5306823028881071
141201.09592458897	3000.0	2463.2808953888716	0.0	0	0.0	3664.3768199777405	1	0	tensor(3)	1.5306823028881074
142275.8000046313	2000.0	2388.57681534652	0.0	0	0.0	3664.3768199777405	1	0	tensor(3)	1.1252171947799425
143553.65353698953	2000.0	2110.723282988304	0.0	0	0.0	3664.3768199777405	1	0	tensor(3)	1.5306823028881071
144714.86323639596	2000.0	1949.5135835818571	0.0	0	0.0	3664.3768199777405	1	0	tensor(3)	1.5306823028881071
145794.15647732554	2000.0	1870.2203426522944	0.0	0	0.0	3664.3768199777405	1	0	tensor(3)	1.5306823028881071
146492.74206348055	2000.0	2171.6347564972875	0.0	0	0.0	3664.3768199777405	1	0	tensor(3)	1.5306823028881071
147337.7599462909	2000.0	2326.6168736869627	0.0	0	0.0	3664.3768199777405	1	0	tensor(3)	1.5306823028881071
148733.98140727947	2000.0	1930.3954126984108	0.0	0	0.0	3664.3768199777405	1	0	tensor(3)	1.5306823028881071
149423.27234072806	1000.0	2241.1044792498033	0.0	0	0.0	3664.3768199777405	1	0	tensor(3)	0.1443879417682169
150491.95971917303	2000.0	2172.4171008048224	0.0	0	0.0	3664.3768199777405	1	0	tensor(3)	0.8375351223281621
151533.86920621584	2000.0	2130.50761376201	0.0	0	0.0	3664.3768199777405	1	0	tensor(3)	1.5306823028881071
152714.24897257925	2000.0	1950.127847398605	0.0	0	0.0	3664.3768199777405	1	0	tensor(3)	1.5306823028881071
153881.8131391208	2000.0	1782.5636808571053	0.0	0	0.0	3664.3768199777987	1	0	tensor(3)	1.5306823028881038
154664.15622345224	2000.0	2000.2205965256328	0.0	0	0.0	3664.3768199777696	1	0	tensor(3)	1.5306823028881045
155790.5857192359	2000.0	1873.791100741947	0.0	0	0.0	3664.3768199777696	1	0	tensor(3)	1.5306823028881045
156555.91361192986	2000.0	2108.4632080479787	0.0	0	0.0	3664.3768199777696	1	0	tensor(3)	1.5306823028881045
158167.81486523172	3000.0	1496.5619547461451	0.0	0	0.0	3664.3768199777696	1	0	tensor(3)	1.5306823028881045
159078.99722327362	2000.0	1585.3795967042456	0.0	0	0.0	3664.3768199777696	1	0	tensor(3)	1.1252171947799399
160108.27798624424	2000.0	1556.0988337336335	0.0	0	0.0	3664.3768199777696	1	0	tensor(3)	1.5306823028881027
161155.95321169906	2000.0	1508.4236082788593	0.0	0	0.0	3664.3768199777696	1	0	tensor(3)	1.5306823028881045
161761.10805142781	2000.0	1903.268768550119	0.0	0	0.0	3664.3768199777987	1	0	tensor(3)	1.5306823028881014
162588.28011684067	2000.0	2076.0967031372484	0.0	0	0.0	3664.3768199777987	1	0	tensor(3)	1.5306823028881014
163511.22074413468	2000.0	2153.156075843222	0.0	0	0.0	3664.3768199777696	1	0	tensor(3)	1.5306823028881045
164774.1590750711	2000.0	1890.2177449068083	0.0	0	0.0	3664.3768199777696	1	0	tensor(3)	1.5306823028881045
165499.2490357479	2000.0	2165.127784230008	0.0	0	0.0	3664.3768199777696	1	0	tensor(3)	1.5306823028881045
166348.65711370728	2000.0	2315.7197062706014	0.0	0	0.0	3664.3768199777405	1	0	tensor(3)	1.5306823028881071
167226.5239777277	2000.0	2437.85284225021	0.0	0	0.0	3664.3768199777696	1	0	tensor(3)	1.5306823028881045
168353.92092130755	2000.0	2310.455898670332	0.0	0	0.0	3664.3768199777405	1	0	tensor(3)	1.5306823028881071
169355.70006397626	2000.0	2308.6767560016447	0.0	0	0.0	3664.3768199777696	1	0	tensor(3)	1.5306823028881045
170261.03485223305	2000.0	2403.3419677448474	0.0	0	0.0	3664.3768199777696	1	0	tensor(3)	1.5306823028881045
171196.79693235963	2000.0	2467.579887618277	0.0	0	0.0	3664.3768199777696	1	0	tensor(3)	1.5306823028881045
172492.85801404316	3000.0	2171.5188059347624	0.0	0	0.0	3664.3768199777987	1	0	tensor(3)	1.5306823028881016
174144.11160031217	3000.0	1520.2652196657423	0.0	0	0.0	3664.3768199777987	1	0	tensor(3)	1.9361474109962662
175274.1668483667	3000.0	1390.2099716111939	0.0	0	0.0	3664.3768199777987	1	0	tensor(3)	1.9361474109962662
176162.48270065524	3000.0	1501.8941193226697	0.0	0	0.0	3664.3768199777987	1	0	tensor(3)	1.9361474109962662
177313.17294441795	3000.0	1351.2038755599824	0.0	0	0.0	3664.376819977828	1	0	tensor(3)	1.9361474109962633
177985.39661138196	3000.0	1678.9802085959793	0.0	0	0.0	3664.3768199777987	1	0	tensor(3)	1.9361474109962662
178925.61353674953	3000.0	1738.7632832284355	0.0	0	0.0	3664.3768199777696	1	0	tensor(3)	1.936147410996269
179945.02144883072	3000.0	1719.3553711472478	0.0	0	0.0	3664.3768199777696	1	0	tensor(3)	1.936147410996269
181366.54950407843	3000.0	1297.8273158995344	0.0	0	0.0	3664.3768199777696	1	0	tensor(3)	1.936147410996269
182889.47638572005	3000.0	774.9004342579454	0.0	0	0.0	3664.3768199777987	1	0	tensor(3)	1.9361474109962684
183812.207217551	3000.0	852.169602427009	0.0	0	0.0	3664.3768199777987	1	0	tensor(3)	1.9361474109962662
184412.4732340398	2000.0	1251.9035859382302	0.0	0	0.0	3664.3768199777987	1	0	tensor(3)	1.1252171947799368
185408.30243674573	3000.0	1256.0743832322867	0.0	0	0.0	3664.3768199777987	1	0	tensor(3)	1.5306823028881016
186387.26793007297	3000.0	1277.1088899050587	0.0	0	0.0	3664.3768199777987	1	0	tensor(3)	1.9361474109962662
187685.69790145924	3000.0	978.678918518797	0.0	0	0.0	3664.3768199777987	1	0	tensor(3)	1.9361474109962662
189481.23087897256	3000.0	200.0	16.85405899456407	0	0.0	3681.230878972332	1	0	tensor(3)	1.8346859758489924
190003.5733556935	1000.0	804.8686389506258	127.21111567156589	0	0.0	1808.4419946438866	1	0	tensor(6)	-6.838750377835957
191041.80458789167	2000.0	766.6374067524221	0.0	0	0.0	1808.4419946438575	1	0	tensor(3)	1.0231286048615504
191678.97696758795	2000.0	1129.465027056151	0.0	0	0.0	1808.4419946438575	1	0	tensor(3)	1.7162757854214954
192266.68005414418	2000.0	1541.7619404999239	0.0	0	0.0	1808.4419946438575	1	0	tensor(3)	1.7162757854214954
193503.21964789188	3000.0	1305.222346752203	0.0	0	0.0	1808.4419946438575	1	0	tensor(3)	1.7162757854214956
194790.77319409093	3000.0	1017.6688005531346	0.0	0	0.0	1808.4419946438284	1	0	tensor(3)	2.1217408935296636
196170.68328598334	3000.0	637.7587086607166	0.0	0	0.0	1808.4419946438284	1	0	tensor(3)	2.1217408935296636
196722.9999153236	2000.0	1085.44207932044	0.0	0	0.0	1808.4419946438284	1	0	tensor(3)	1.310810677313334
197395.30979732313	2000.0	1413.1321973208815	0.0	0	0.0	1808.4419946438575	1	0	tensor(3)	1.7162757854214954
198200.0	2000.0	1608.4419946440114	0.0	0	276.22737435094314	1808.4419946438284	1	0	tensor(3)	1.7162757854214972
199200.0	2000.0	1608.4419946440225	0.0	0	287.4305466009828	1808.4419946438284	1	0	tensor(3)	1.7162757854215
200736.03153035327	3000.0	1072.4104642907635	0.0	0	0.0	1808.4419946438284	1	0	tensor(3)	1.7162757854214987
201757.5854239412	3000.0	1050.8565707028604	0.0	0	0.0	1808.4419946438575	1	0	tensor(3)	2.1217408935296604
202402.7719315431	2000.0	1405.6700631009564	0.0	0	0.0	1808.4419946438575	1	0	tensor(3)	1.3108106773133308
203200.0	2000.0	1608.4419946440487	0.0	0	186.36409910194925	1808.4419946438575	1	0	tensor(3)	1.7162757854214954
204455.80812905525	3000.0	1352.6338655888171	0.0	0	0.0	1808.4419946438575	1	0	tensor(3)	1.7162757854214956
205986.3774871286	2000.0	822.0645075154769	0.0	0	0.0	1808.4419946438575	1	0	tensor(3)	1.3108106773133308
206689.5428453597	2000.0	1118.8991492843425	0.0	0	0.0	1808.4419946438575	1	0	tensor(3)	1.7162757854214954
208108.40655375939	2000.0	700.0354408846845	0.0	0	0.0	1808.4419946438866	1	0	tensor(3)	1.7162757854214927
208589.81688727892	1000.0	1218.6251073651379	0.0	0	0.0	1808.4419946438866	1	0	tensor(3)	0.32998142430160243
209283.7410700204	1000.0	1524.700924623697	0.0	0	0.0	1808.4419946439157	1	0	tensor(3)	1.0231286048615447
210200.0	1000.0	1608.441994644088	0.0	0	168.5651880230289	1808.4419946439157	1	0	tensor(3)	1.0231286048615447
211200.0	1000.0	1608.4419946441053	0.0	0	274.41118504767655	1808.4419946439157	1	0	tensor(3)	1.0231286048615447
212200.0	1000.0	1608.4419946440808	0.0	0	388.38630818080856	1808.4419946438575	1	0	tensor(3)	1.0231286048615489
214501.7965748614	2000.0	306.64541978270074	0.0	0	0.0	1808.4419946438866	1	0	tensor(3)	1.023128604861549
215141.512343452	1000.0	760.057454792726	93.12780360061014	0	0.0	1901.5697982447164	1	0	tensor(3)	-0.23809817766214156
215656.95729418867	1000.0	1244.61250405604	0.0	0	0.0	1901.5697982447164	1	0	tensor(3)	1.0138158245014646
216535.7810902093	1000.0	1365.7887080354562	0.0	0	0.0	1901.5697982447164	1	0	tensor(3)	1.0138158245014646
217307.14219410173	1000.0	1594.4276041430342	0.0	0	0.0	1901.5697982447164	1	0	tensor(3)	1.0138158245014646
218221.83814898445	2000.0	1679.7316492603068	0.0	0	0.0	1901.5697982447455	1	0	tensor(3)	1.0138158245014621
219200.0	2000.0	1701.5697982447482	0.0	0	13.931402370973956	1901.5697982447746	1	0	tensor(3)	1.7069630050614037
220275.63158788273	2000.0	1625.9382103620019	0.0	0	0.0	1901.5697982447746	1	0	tensor(3)	1.7069630050614037
221200.0	2000.0	1701.5697982447552	0.0	0	157.09426620104932	1901.5697982447746	1	0	tensor(3)	1.7069630050614037
222235.74534095742	2000.0	1665.8244572873605	0.0	0	0.0	1901.5697982447746	1	0	tensor(3)	1.7069630050614037
223301.9779590154	2000.0	1599.5918392293772	0.0	0	0.0	1901.5697982447746	1	0	tensor(3)	1.7069630050614037
224686.7313705679	2000.0	1214.8384276768966	0.0	0	0.0	1901.5697982447746	1	0	tensor(3)	1.7069630050614037
225200.0	1000.0	1701.5697982447832	0.0	0	80.29787953550112	1901.5697982447746	1	0	tensor(3)	0.3206686439415135
226200.0	2000.0	1701.5697982447969	0.0	0	284.1288399328769	1901.5697982448037	1	0	tensor(3)	1.0138158245014575
227312.58655988143	2000.0	1588.9832383633304	0.0	0	0.0	1901.5697982448037	1	0	tensor(3)	1.706963005061401
228653.1971189598	2000.0	1248.3726792849368	0.0	0	0.0	1901.5697982447746	1	0	tensor(3)	1.7069630050614037
229664.35234293362	2000.0	1237.2174553111156	0.0	0	0.0	1901.5697982447746	1	0	tensor(3)	1.7069630050614037
230650.544760361	2000.0	1251.0250378837195	0.0	0	0.0	1901.5697982447455	1	0	tensor(3)	1.7069630050614069
231783.67882192638	2000.0	1117.8909763183299	0.0	0	0.0	1901.5697982447746	1	0	tensor(3)	1.7069630050614037
232719.25927311907	2000.0	1182.3105251256547	0.0	0	0.0	1901.5697982447455	1	0	tensor(3)	1.7069630050614069
233655.10718888522	2000.0	1246.4626093594902	0.0	0	0.0	1901.5697982447455	1	0	tensor(3)	1.7069630050614069
234334.7878528927	2000.0	1566.781945351998	0.0	0	0.0	1901.5697982447164	1	0	tensor(3)	1.7069630050614095
235200.0	2000.0	1701.5697982447082	0.0	0	347.39971322231577	1901.5697982447164	1	0	tensor(3)	1.7069630050614095
236596.91440433936	3000.0	1304.6553939053883	0.0	0	0.0	1901.5697982447164	1	0	tensor(3)	1.7069630050614097
237938.9350715123	2000.0	962.6347267324298	0.0	0	0.0	1901.5697982446582	1	0	tensor(3)	1.3014978969532485
238551.15913043928	2000.0	1350.4106678054534	0.0	0	0.0	1901.5697982446582	1	0	tensor(3)	1.7069630050614153
239200.0	2000.0	1701.5697982447352	0.0	0	20.164567236526636	1901.5697982446582	1	0	tensor(3)	1.7069630050614153
240200.0	2000.0	1701.5697982446864	0.0	0	490.21664799776045	1901.5697982446582	1	0	tensor(3)	1.7069630050614153
241200.0	3000.0	1701.5697982446936	0.0	0	371.2904249104613	1901.5697982446582	1	0	tensor(3)	1.7069630050614155
242200.0	6000.0	1701.5697982447002	0.0	0	54.010199339536484	1901.5697982446873	1	0	tensor(3)	2.1124281131695772
243234.4470128535	6000.0	1667.1227853912064	0.0	0	0.0	1901.5697982446873	1	0	tensor(3)	2.8055752937295217
245976.79394845932	6000.0	200.0	275.2241502146388	0	0.0	2176.7939484593226	1	0	tensor(3)	1.1463897593475232
247651.61134436197	3000.0	200.0	674.8173959026501	0	0.0	2851.611344361969	1	0	tensor(3)	-2.7224136927713767
248386.92878193766	2000.0	630.0094099012138	165.32684747689737	0	0.0	3016.9381918388535	1	0	tensor(3)	0.19799997273244685
249029.5183470123	2000.0	987.419844826591	0.0	0	0.0	3016.9381918388826	1	0	tensor(3)	1.5954261657019941
250398.63537154446	3000.0	618.3028202944274	0.0	0	0.0	3016.9381918389117	1	0	tensor(3)	1.5954261657019908
251287.95933450948	3000.0	728.97885732939	0.0	0	0.0	3016.9381918389117	1	0	tensor(3)	2.000891273810155
252142.37859869798	2000.0	874.5595931408537	0.0	0	0.0	3016.9381918389117	1	0	tensor(3)	1.1899610575938255
253314.91743271507	3000.0	702.020759123729	0.0	0	0.0	3016.9381918389117	1	0	tensor(3)	1.5954261657019904
254889.88192144828	2000.0	255.66349827668654	128.60722788616485	0	0.0	3145.5454197250947	1	0	tensor(3)	0.4060773960075246
255703.08323425223	2000.0	614.1905994677602	171.72841399500683	0	0.0	3317.27383372013	1	0	tensor(3)	0.5350221175438273
256347.0957867136	2000.0	970.1780470064025	0.0	0	0.0	3317.273833720159	1	0	tensor(3)	1.5653926015138653
256953.95665225302	2000.0	1363.317181466997	0.0	0	0.0	3317.273833720159	1	0	tensor(3)	1.5653926015138653
257663.82146360783	3000.0	1653.4523701122025	0.0	0	0.0	3317.273833720159	1	0	tensor(3)	1.5653926015138657
258316.07010960107	3000.0	2001.2037241189726	0.0	0	0.0	3317.273833720159	1	0	tensor(3)	1.9708577096220303
259350.78728970516	3000.0	1966.4865440149251	0.0	0	0.0	3317.273833720159	1	0	tensor(3)	1.9708577096220303
260602.66350562175	3000.0	1714.6103280983257	0.0	0	0.0	3317.27383372013	1	0	tensor(3)	1.9708577096220332
261973.64682612618	3000.0	1343.6270075938937	0.0	0	0.0	3317.273833720101	1	0	tensor(3)	1.9708577096220337
263100.23471042013	3000.0	1217.0391232999373	0.0	0	0.0	3317.27383372013	1	0	tensor(3)	1.9708577096220354
264049.8763596765	2000.0	1267.3974740435865	0.0	0	0.0	3317.273833720101	1	0	tensor(3)	1.1599274934057031
264678.09851553035	2000.0	1639.1753181897961	0.0	0	0.0	3317.273833720188	1	0	tensor(3)	1.5653926015138677
265689.72661708586	2000.0	1627.5472166342693	0.0	0	0.0	3317.273833720188	1	0	tensor(3)	1.5653926015138624
267153.938101877	3000.0	1163.3357318431772	0.0	0	0.0	3317.273833720188	1	0	tensor(3)	1.5653926015138626
267868.08020428446	2000.0	1449.1936294357315	0.0	0	0.0	3317.273833720188	1	0	tensor(3)	1.1599274934056978
268845.06584552943	3000.0	1472.2079881907905	0.0	0	0.0	3317.27383372013	1	0	tensor(3)	1.5653926015138637
269669.6545115287	3000.0	1647.6193221915332	0.0	0	0.0	3317.27383372013	1	0	tensor(3)	1.9708577096220332
270978.0991814971	3000.0	1339.174652223093	0.0	0	0.0	3317.27383372013	1	0	tensor(3)	1.9708577096220332
272121.7609151104	3000.0	1195.5129186098304	0.0	0	0.0	3317.273833720188	1	0	tensor(3)	1.9708577096220294
273553.21884578845	3000.0	764.0549879318369	0.0	0	0.0	3317.27383372013	1	0	tensor(3)	1.9708577096220332
275225.3139165854	2000.0	236.60941553232414	144.64949839744287	0	0.0	3461.9233321177308	1	0	tensor(3)	0.28141910254122443
275850.6249197033	1000.0	697.1281829769466	85.82977056251184	0	0.0	3547.753102680261	1	0	tensor(3)	-0.3589283098771061
276429.54283626983	1000.0	1118.210266410396	0.0	0	0.0	3547.753102680261	1	0	tensor(3)	0.84919749405791
277059.4020697896	1000.0	1488.351032890649	0.0	0	0.0	3547.753102680261	1	0	tensor(3)	0.84919749405791
278117.7862694675	2000.0	1429.9668332127533	0.0	0	0.0	3547.753102680319	1	0	tensor(3)	0.8491974940579077
278804.53280733683	1000.0	1743.2202953434225	0.0	0	0.0	3547.753102680319	1	0	tensor(3)	0.15605031349795906
279285.54535732727	1000.0	2262.207745352974	0.0	0	0.0	3547.753102680319	1	0	tensor(3)	0.8491974940579041
280285.444353211	2000.0	2262.3087494692595	0.0	0	0.0	3547.753102680319	1	0	tensor(3)	0.8491974940579041
281131.26088298607	2000.0	2416.4922196941598	0.0	0	0.0	3547.753102680319	1	0	tensor(3)	1.5423446746178493
282474.21789073816	2000.0	2073.535211942086	0.0	0	0.0	3547.753102680319	1	0	tensor(3)	1.5423446746178493
284179.36458649393	2000.0	1368.3885161863534	0.0	0	0.0	3547.753102680319	1	0	tensor(3)	1.5423446746178493
285331.0307529805	2000.0	1216.722349699695	0.0	0	0.0	3547.753102680261	1	0	tensor(3)	1.542344674617855
285838.42200204154	1000.0	1709.331100638663	0.0	0	0.0	3547.7531026802026	1	0	tensor(3)	0.15605031349797072
286276.85335038864	1000.0	2270.899752291548	0.0	0	0.0	3547.7531026802026	1	0	tensor(3)	0.8491974940579159
287208.27658567304	2000.0	2339.4765170071714	0.0	0	0.0	3547.7531026802026	1	0	tensor(3)	0.8491974940579158
287828.4620610207	2000.0	2719.291041659525	0.0	0	0.0	3547.753102680261	1	0	tensor(3)	1.5423446746178597
289592.90720021416	3000.0	1954.8459024661029	0.0	0	0.0	3547.753102680261	1	0	tensor(3)	1.5423446746178553
290699.6725364849	2000.0	1848.0805661953416	0.0	0	0.0	3547.753102680261	1	0	tensor(3)	1.1368795665096905
292153.9226345566	2000.0	1393.83046812368	0.0	0	0.0	3547.753102680261	1	0	tensor(3)	1.542344674617855
293033.9409889059	2000.0	1513.8121137743992	0.0	0	0.0	3547.753102680319	1	0	tensor(3)	1.5423446746178529
294048.7339976216	2000.0	1499.0191050587052	0.0	0	0.0	3547.753102680319	1	0	tensor(3)	1.5423446746178493
295458.2651183973	2000.0	1089.4879842829837	0.0	0	0.0	3547.753102680319	1	0	tensor(3)	1.5423446746178493
296420.9037626647	2000.0	1126.8493400155742	0.0	0	0.0	3547.753102680319	1	0	tensor(3)	1.5423446746178493
297190.70406395843	1000.0	1357.049038721814	0.0	0	0.0	3547.753102680377	1	0	tensor(3)	0.1560503134979544
298179.90026028873	1000.0	1367.8528423915755	0.0	0	0.0	3547.753102680377	1	0	tensor(3)	0.8491974940578983
298949.00795224856	1000.0	1598.745150431694	0.0	0	0.0	3547.753102680377	1	0	tensor(3)	0.8491974940578983
299941.1644769856	2000.0	1606.5886256946872	0.0	0	0.0	3547.7531026804354	1	0	tensor(3)	0.8491974940578971
300905.18655231385	2000.0	1642.5665503664281	0.0	0	0.0	3547.7531026804354	1	0	tensor(3)	1.5423446746178375
301759.7266975937	2000.0	1788.0264050866235	0.0	0	0.0	3547.7531026804354	1	0	tensor(3)	1.5423446746178375
302588.46619363	2000.0	1959.2869090503336	0.0	0	0.0	3547.7531026804354	1	0	tensor(3)	1.5423446746178375
303413.3797740532	2000.0	2134.373328627177	0.0	0	0.0	3547.7531026804354	1	0	tensor(3)	1.5423446746178375
2.18	1.88	2.43	2.37	2.86	1.97	2.18	2.28	1.84	2.57	1.81	1.87	1.99	2.88	2.05	1.89	2.06	1.97	2.59	2.95	2.19	2.33	2.49	2.8	2.71	3.23	4.03	3.95	2.62	2.5	2.14	2.93	3.97	3.31	2.65	2.36	2.25	1.59	2.44	3.15	3.13	3.01	2.99	2.15	2.86	2.63	3.65	3.17	2.24	2.94	3.21	3.0	1.66	1.78	2.19	1.82	1.77	1.64	1.68	1.39	1.9	0.89	0.87	1.91	1.27	1.93	2.17	1.81	1.8	2.28	1.7	1.49	1.47	2.09	2.63	1.93	1.83	1.66	1.98	2.1	1.78	2.84	3.61	2.0	1.89	1.85	2.57	3.16	4.45	5.66	6.78	3.79	1.78	2.39	2.32	2.36	3.31	3.27	2.92	2.44	3.3	1.34	1.68	2.88	3.89	5.03	3.75	3.44	3.08	2.17	1.96	2.63	2.43	2.64	2.46	2.7	3.82	4.19	2.92	2.82	2.75	1.83	0.97	1.47	1.58	1.92	1.16	1.78	2.58	2.05	1.61	1.0	1.52	1.64	2.33	2.69	1.88	1.99	2.05	1.46	2.03	1.89	1.59	2.18	1.73	1.27	1.56	2.51	1.84	2.19	2.18	1.88	2.43	2.37	2.86	1.97	2.18	2.28	1.84	2.57	1.81	1.87	1.99	2.88	2.05	1.89	2.06	1.97	2.59	2.95	2.19	2.33	2.49	2.8	2.71	3.23	4.03	3.95	2.62	2.5	2.14	2.93	3.97	3.31	2.65	2.36	2.25	1.59	2.44	3.15	3.13	3.01	2.99	2.15	2.86	2.63	3.65	3.17	2.24	2.94	3.21	3.0	1.66	1.78	2.19	1.82	1.77	1.64	1.68	1.39	1.9	0.89	0.87	1.91	1.27	1.93	2.17	1.81	1.8	2.28	1.7	1.49	1.47	2.09	2.63	1.93	1.83	1.66	1.98	2.1	1.78	2.84	3.61	2.0	1.89	1.85	2.57	3.16	4.45	5.66	6.78	3.79	1.78	2.39	2.32	2.36	3.31	3.27	2.92	2.44	3.3	1.34	1.68	2.88	3.89	5.03	3.75	3.44	3.08	2.17	1.96	2.63	2.43	2.64	2.46	2.7	3.82	4.19	2.92	2.82	2.75	1.83	0.97	1.47	1.58	1.92	1.16	1.78	2.58	2.05	1.61	1.0	1.52	1.64	2.33	2.69	1.88	1.99	2.05	1.46	2.03	1.89	1.59	2.18	1.73	1.27	1.56	2.51	1.84	2.19	2.18	1.88	2.43	2.37	2.86
1.0	2.0	3.0	4.0	5.0	6.0	7.0	8.0	9.0	10.0	11.0	12.0	13.0	14.0	15.0	16.0	17.0	18.0	19.0	20.0	21.0	22.0	23.0	24.0	25.0	26.0	27.0	28.0	29.0	30.0	31.0	32.0	33.0	34.0	35.0	36.0	37.0	38.0	39.0	40.0	41.0	42.0	43.0	44.0	45.0	46.0	47.0	48.0	49.0	50.0	51.0	52.0	53.0	54.0	55.0	56.0	57.0	58.0	59.0	60.0	61.0	62.0	63.0	64.0	65.0	66.0	67.0	68.0	69.0	70.0	71.0	72.0	73.0	74.0	75.0	76.0	77.0	78.0	79.0	80.0	81.0	82.0	83.0	84.0	85.0	86.0	87.0	88.0	89.0	90.0	91.0	92.0	93.0	94.0	95.0	96.0	97.0	98.0	99.0	100.0	101.0	102.0	103.0	104.0	105.0	106.0	107.0	108.0	109.0	110.0	111.0	112.0	113.0	114.0	115.0	116.0	117.0	118.0	119.0	120.0	121.0	122.0	123.0	124.0	125.0	126.0	127.0	128.0	129.0	130.0	131.0	132.0	133.0	134.0	135.0	136.0	137.0	138.0	139.0	140.0	141.0	142.0	143.0	144.0	145.0	146.0	147.0	148.0	149.0	149.0	150.0	151.0	152.0	153.0	154.0	155.0	156.0	157.0	158.0	159.0	160.0	161.0	162.0	163.0	164.0	165.0	166.0	167.0	168.0	169.0	170.0	171.0	172.0	173.0	174.0	175.0	176.0	177.0	178.0	179.0	180.0	181.0	182.0	183.0	184.0	185.0	186.0	187.0	188.0	189.0	190.0	191.0	192.0	193.0	194.0	195.0	196.0	197.0	198.0	199.0	200.0	201.0	202.0	203.0	204.0	205.0	206.0	207.0	208.0	209.0	210.0	211.0	212.0	213.0	214.0	215.0	216.0	217.0	218.0	219.0	220.0	221.0	222.0	223.0	224.0	225.0	226.0	227.0	228.0	229.0	230.0	231.0	232.0	233.0	234.0	235.0	236.0	237.0	238.0	239.0	240.0	241.0	242.0	243.0	244.0	245.0	246.0	247.0	248.0	249.0	250.0	251.0	252.0	253.0	254.0	255.0	256.0	257.0	258.0	259.0	260.0	261.0	262.0	263.0	264.0	265.0	266.0	267.0	268.0	269.0	270.0	271.0	272.0	273.0	274.0	275.0	276.0	277.0	278.0	279.0	280.0	281.0	282.0	283.0	284.0	285.0	286.0	287.0	288.0	289.0	290.0	291.0	292.0	293.0	294.0	295.0	296.0	297.0	298.0	298.0	299.0	300.0	301.0	302.0	303.0
2819.6536743270876
