2618.5745051012264	1000.0	2000.0	193.30860211136476	0	0.0	2618.5745051012264	1	0	tensor(3)	-1.4171837625828785
3584.9161340170385	6000.0	2033.6583710841878	0.0	0	0.0	2618.574505101227	1	0	tensor(3)	0.9421153538158136
4906.631540787222	3000.0	1711.9429643140047	0.0	0	0.0	2618.574505101227	1	0	tensor(3)	1.3475804619239784
5722.782648307467	3000.0	1895.7918567937593	0.0	0	0.0	2618.5745051012264	1	0	tensor(3)	2.0407276424839234
6881.0894061329045	3000.0	1737.4850989683218	0.0	0	0.0	2618.5745051012273	1	0	tensor(3)	2.0407276424839234
8061.616888422852	3000.0	1556.9576166783754	0.0	0	0.0	2618.574505101228	1	0	tensor(3)	2.0407276424839234
8796.719264122354	3000.0	1821.855240978872	0.0	0	0.0	2618.5745051012264	1	0	tensor(3)	2.0407276424839234
9723.675830526527	3000.0	1894.898674574699	0.0	0	0.0	2618.5745051012264	1	0	tensor(3)	2.0407276424839234
10841.937899897934	3000.0	1776.6366052032924	0.0	0	0.0	2618.5745051012273	1	0	tensor(3)	2.0407276424839234
11728.018413158614	3000.0	1890.5560919426114	0.0	0	0.0	2618.5745051012273	1	0	tensor(3)	2.0407276424839234
12735.91319365297	3000.0	1882.6613114482552	0.0	0	0.0	2618.5745051012273	1	0	tensor(3)	2.0407276424839234
13669.897851674312	3000.0	1948.6766534269138	0.0	0	0.0	2618.5745051012273	1	0	tensor(3)	2.0407276424839234
14701.335166642422	3000.0	1917.2393384588033	0.0	0	0.0	2618.5745051012273	1	0	tensor(3)	2.0407276424839234
15771.42663285424	3000.0	1847.147872246986	0.0	0	0.0	2618.5745051012273	1	0	tensor(3)	2.0407276424839234
17204.81088632211	2000.0	1413.7636187791138	0.0	0	0.0	2618.5745051012254	1	0	tensor(3)	1.229797426267594
18041.13028920351	2000.0	1577.444215897712	0.0	0	0.0	2618.5745051012254	1	0	tensor(3)	1.6352625343757585
18932.719907708954	2000.0	1685.8545973922664	0.0	0	0.0	2618.5745051012236	1	0	tensor(3)	1.6352625343757587
19461.10868050802	2000.0	2157.465824593198	0.0	0	0.0	2618.5745051012236	1	0	tensor(3)	1.635262534375759
20580.007862092458	3000.0	2038.5666430087642	0.0	0	0.0	2618.5745051012236	1	0	tensor(3)	1.6352625343757592
21332.067605871685	3000.0	2286.5068992295355	0.0	0	0.0	2618.5745051012273	1	0	tensor(3)	2.0407276424839234
22200.0	3000.0	2418.574505101221	0.0	0	365.8230348565339	2618.5745051012273	1	0	tensor(3)	2.0407276424839234
24347.816542822366	6000.0	1270.7579622788576	0.0	0	0.0	2618.5745051012273	1	0	tensor(3)	2.0407276424839234
26480.10809783481	3000.0	200.0	61.53359273358751	0	0.0	2680.108097834811	1	0	tensor(3)	0.9762479875942011
27131.626003338744	2000.0	659.1678695591531	110.685775063085	0	0.0	2790.793872897895	1	0	tensor(3)	0.5484608391094171
28055.33103305682	2000.0	735.4628398410787	0.0	0	0.0	2790.793872897895	1	0	tensor(3)	1.6180405975960919
28986.796168441975	2000.0	803.9977044559271	0.0	0	0.0	2790.793872897895	1	0	tensor(3)	1.6180405975960919
30000.810691528965	2000.0	789.9831813689385	0.0	0	0.0	2790.793872897895	1	0	tensor(3)	1.6180405975960919
30599.123124200316	2000.0	1191.6707486975847	0.0	0	0.0	2790.7938728978916	1	0	tensor(3)	1.618040597596092
31086.7065136107	2000.0	1704.0873592872024	0.0	0	0.0	2790.793872897895	1	0	tensor(3)	1.6180405975960919
31585.766627322242	2000.0	2205.0272455756613	0.0	0	0.0	2790.7938728978916	1	0	tensor(3)	1.618040597596092
32327.85738409498	3000.0	2462.936488802929	0.0	0	0.0	2790.7938728978916	1	0	tensor(3)	1.6180405975960923
33200.0	3000.0	2590.7938728979084	0.0	0	359.2206093919267	2790.793872897895	1	0	tensor(3)	2.023505705704257
35106.71599142835	6000.0	1684.0778814695627	0.0	0	0.0	2790.793872897899	1	0	tensor(3)	2.023505705704256
37173.76839168632	6000.0	617.0254812116	0.0	0	0.0	2790.793872897906	1	0	tensor(3)	2.7166528862642005
38498.48631010501	6000.0	311.5036614696976	19.19609867679071	0	0.0	2809.989971574694	1	0	tensor(3)	2.599556684335777
39807.00579792456	3000.0	257.9530758523881	254.96890220225032	0	0.0	3064.9588737769445	1	0	tensor(3)	-0.2268713881570954
41237.58620430881	3000.0	296.5054347153383	469.13276524719674	0	0.0	3534.0916390241473	1	0	tensor(3)	-0.865620662391549
42293.6652323448	3000.0	482.42559253367256	241.99918585432727	0	0.0	3776.0908248784763	1	0	tensor(3)	0.472980895380235
43175.414181413194	2000.0	600.6766434652816	0.0	0	0.0	3776.0908248784763	1	0	tensor(3)	1.114045794289869
44507.038310145566	2000.0	272.140573678117	3.0880589452083314	0	0.0	3779.1788838236826	1	0	tensor(3)	1.5006737428322632
45553.23979922116	2000.0	427.32877828007236	201.3896936775499	0	0.0	3980.5685775012316	1	0	tensor(3)	0.2907249650704584
46437.65277136656	2000.0	569.2377406512583	26.32193451658526	0	0.0	4006.8905120178097	1	0	tensor(3)	1.3384993265845888
47197.15260582223	2000.0	809.7379061955837	0.0	0	0.0	4006.8905120178097	1	0	tensor(3)	1.4964309336841004
48243.49079662194	3000.0	763.3997153958736	0.0	0	0.0	4006.8905120178097	1	0	tensor(3)	1.4964309336841004
49467.670904410355	3000.0	539.2196076074642	0.0	0	0.0	4006.890512017817	1	0	tensor(3)	1.9018960417922641
50189.66897244918	3000.0	817.2215395686352	0.0	0	0.0	4006.8905120178097	1	0	tensor(3)	1.901896041792265
50667.96569915346	3000.0	1338.924812864356	0.0	0	0.0	4006.8905120178097	1	0	tensor(3)	1.901896041792265
51519.03198406046	3000.0	1487.858527957362	0.0	0	0.0	4006.8905120178097	1	0	tensor(3)	1.901896041792265
53277.00623076704	3000.0	729.884281250781	0.0	0	0.0	4006.8905120178097	1	0	tensor(3)	1.901896041792265
54090.95126567498	2000.0	915.9392463428416	0.0	0	0.0	4006.8905120178097	1	0	tensor(3)	1.0909658255759358
54894.38814055447	2000.0	1112.5023714633508	0.0	0	0.0	4006.8905120178097	1	0	tensor(3)	1.4964309336841004
55873.247743297245	2000.0	1133.6427687205658	0.0	0	0.0	4006.8905120178097	1	0	tensor(3)	1.4964309336841004
56343.04092481285	1000.0	1663.8495872049573	0.0	0	0.0	4006.8905120178097	1	0	tensor(3)	0.11013657256421006
57334.37151813084	2000.0	1672.5189938869687	0.0	0	0.0	4006.8905120178097	1	0	tensor(3)	0.8032837531241551
58093.130519939565	2000.0	1913.759992078244	0.0	0	0.0	4006.8905120178097	1	0	tensor(3)	1.4964309336841004
59427.76636963283	3000.0	1579.1241423849754	0.0	0	0.0	4006.8905120178097	1	0	tensor(3)	1.4964309336841004
61453.99623261164	2000.0	552.8942794061675	0.0	0	0.0	4006.8905120178097	1	0	tensor(3)	1.0909658255759358
61991.83911920659	1000.0	1015.0513928112107	0.0	0	0.0	4006.8905120178097	1	0	tensor(3)	0.11013657256421006
62569.56262805891	1000.0	1437.3278839588897	0.0	0	0.0	4006.890512017817	1	0	tensor(3)	0.8032837531241545
63231.306514111	1000.0	1775.5839979067991	0.0	0	0.0	4006.890512017817	1	0	tensor(3)	0.8032837531241545
64174.138304035405	2000.0	1832.7522079823916	0.0	0	0.0	4006.890512017817	1	0	tensor(3)	0.8032837531241546
65010.767000962056	2000.0	1996.1235110557407	0.0	0	0.0	4006.890512017824	1	0	tensor(3)	1.4964309336840989
65584.13700029088	2000.0	2422.7535117269176	0.0	0	0.0	4006.890512017824	1	0	tensor(3)	1.4964309336840982
66326.2222926593	3000.0	2680.6682193584916	0.0	0	0.0	4006.8905120178097	1	0	tensor(3)	1.4964309336840997
67042.5574471678	3000.0	2964.3330648499877	0.0	0	0.0	4006.8905120178024	1	0	tensor(3)	1.9018960417922655
67812.0752283036	3000.0	3194.8152837141765	0.0	0	0.0	4006.890512017795	1	0	tensor(3)	1.901896041792266
69036.00742809955	3000.0	2970.8830839182037	0.0	0	0.0	4006.890512017766	1	0	tensor(3)	1.901896041792268
69954.23054262242	3000.0	3052.6599693953312	0.0	0	0.0	4006.890512017766	1	0	tensor(3)	1.9018960417922692
70853.92640578325	3000.0	3152.964106234497	0.0	0	0.0	4006.890512017766	1	0	tensor(3)	1.9018960417922695
72492.08951545606	6000.0	2514.800996561693	0.0	0	0.0	4006.890512017766	1	0	tensor(3)	1.901896041792269
73840.1413348093	6000.0	2166.7491772084313	0.0	0	0.0	4006.890512017766	1	0	tensor(3)	2.595043222352214
75147.175610361	6000.0	1859.7149016567591	0.0	0	0.0	4006.890512017766	1	0	tensor(3)	2.595043222352214
76539.11831454406	3000.0	1467.7721974736876	0.0	0	0.0	4006.890512017766	1	0	tensor(3)	1.2087488612323245
77516.11775103022	3000.0	1490.7727609875174	0.0	0	0.0	4006.890512017766	1	0	tensor(3)	1.9018960417922695
78567.31296069609	3000.0	1439.577551321663	0.0	0	0.0	4006.890512017766	1	0	tensor(3)	1.9018960417922695
79474.57502264883	3000.0	1532.3154893689116	0.0	0	0.0	4006.890512017766	1	0	tensor(3)	1.9018960417922695
80043.5360651769	3000.0	1963.3544468408493	0.0	0	0.0	4006.890512017766	1	0	tensor(3)	1.9018960417922695
80551.5588637699	3000.0	2455.331648247868	0.0	0	0.0	4006.8905120177806	1	0	tensor(3)	1.9018960417922681
81727.63471320612	6000.0	2279.255798811642	0.0	0	0.0	4006.8905120177806	1	0	tensor(3)	1.9018960417922681
82419.32121477506	6000.0	2587.569297242697	0.0	0	0.0	4006.890512017795	1	0	tensor(3)	2.5950432223522113
82999.01581712572	6000.0	3007.874694892024	0.0	0	0.0	4006.8905120177806	1	0	tensor(3)	2.595043222352213
84180.03310489589	6000.0	2826.8574071218663	0.0	0	0.0	4006.8905120177806	1	0	tensor(3)	2.595043222352213
85882.85011572321	6000.0	2124.0403962945493	0.0	0	0.0	4006.8905120177806	1	0	tensor(3)	2.595043222352213
87823.74216861298	6000.0	1183.1483434047682	0.0	0	0.0	4006.8905120177806	1	0	tensor(3)	2.595043222352213
89052.44778902603	3000.0	954.4427229917055	0.0	0	0.0	4006.8905120177806	1	0	tensor(3)	1.2087488612323232
89833.71398073548	3000.0	1173.1765312822572	0.0	0	0.0	4006.8905120177806	1	0	tensor(3)	1.9018960417922681
90725.43705971098	3000.0	1281.4534523067853	0.0	0	0.0	4006.8905120177806	1	0	tensor(3)	1.9018960417922681
91414.3555568826	3000.0	1592.5349551351778	0.0	0	0.0	4006.8905120177806	1	0	tensor(3)	1.9018960417922681
92417.6079919199	3000.0	1589.2825200978878	0.0	0	0.0	4006.890512017795	1	0	tensor(3)	1.9018960417922663
93183.52926571516	3000.0	1823.3612463026234	0.0	0	0.0	4006.890512017795	1	0	tensor(3)	1.9018960417922663
93766.84080457165	3000.0	2240.0497074461273	0.0	0	0.0	4006.890512017795	1	0	tensor(3)	1.9018960417922663
94489.76265585069	3000.0	2517.127856167087	0.0	0	0.0	4006.890512017795	1	0	tensor(3)	1.9018960417922663
95490.48593127556	3000.0	2516.404580742227	0.0	0	0.0	4006.890512017795	1	0	tensor(3)	1.9018960417922663
96377.66909544918	3000.0	2629.2214165686155	0.0	0	0.0	4006.890512017795	1	0	tensor(3)	1.9018960417922663
97034.78351967863	3000.0	2972.1069923391537	0.0	0	0.0	4006.890512017795	1	0	tensor(3)	1.9018960417922663
97966.14272341473	3000.0	3040.7477886030733	0.0	0	0.0	4006.890512017795	1	0	tensor(3)	1.9018960417922663
98765.43076368011	3000.0	3241.4597483376865	0.0	0	0.0	4006.890512017795	1	0	tensor(3)	1.9018960417922663
99576.50909272338	3000.0	3430.381419294412	0.0	0	0.0	4006.890512017795	1	0	tensor(3)	1.9018960417922663
100434.09483627418	6000.0	3572.795675743607	0.0	0	0.0	4006.890512017795	1	0	tensor(3)	1.9018960417922663
101725.6228123517	6000.0	3281.2676996660816	0.0	0	0.0	4006.8905120178097	1	0	tensor(3)	2.59504322235221
103549.94769965945	6000.0	2456.9428123583493	0.0	0	0.0	4006.890512017824	1	0	tensor(3)	2.5950432223522086
104939.73570489934	6000.0	2067.154807118456	0.0	0	0.0	4006.890512017824	1	0	tensor(3)	2.5950432223522086
106331.68452710877	6000.0	1675.2059849090278	0.0	0	0.0	4006.890512017824	1	0	tensor(3)	2.5950432223522086
107157.3841137285	3000.0	1849.5063982892916	0.0	0	0.0	4006.890512017839	1	0	tensor(3)	1.208748861232317
108131.12837994864	3000.0	1875.7621320691364	0.0	0	0.0	4006.890512017839	1	0	tensor(3)	1.901896041792262
109590.26611650256	3000.0	1416.6243955152015	0.0	0	0.0	4006.8905120178533	1	0	tensor(3)	1.9018960417922606
110768.96409976645	3000.0	1237.926412251309	0.0	0	0.0	4006.8905120178533	1	0	tensor(3)	1.9018960417922606
111514.8178730097	3000.0	1492.072639008057	0.0	0	0.0	4006.8905120178533	1	0	tensor(3)	1.9018960417922606
112480.11558234565	3000.0	1526.7749296721	0.0	0	0.0	4006.8905120178533	1	0	tensor(3)	1.9018960417922606
113087.4492740055	3000.0	1919.4412380122667	0.0	0	0.0	4006.890512017868	1	0	tensor(3)	1.9018960417922592
113979.55902662314	3000.0	2027.331485394626	0.0	0	0.0	4006.890512017868	1	0	tensor(3)	1.9018960417922592
114737.24585459458	3000.0	2269.644657423176	0.0	0	0.0	4006.890512017868	1	0	tensor(3)	1.9018960417922592
115562.9557237629	3000.0	2443.934788254857	0.0	0	0.0	4006.890512017868	1	0	tensor(3)	1.9018960417922592
116369.7023863801	3000.0	2637.1881256376587	0.0	0	0.0	4006.890512017868	1	0	tensor(3)	1.9018960417922592
117291.14424019979	3000.0	2715.746271817961	0.0	0	0.0	4006.890512017868	1	0	tensor(3)	1.9018960417922592
118005.50676853892	3000.0	3001.383743478819	0.0	0	0.0	4006.890512017868	1	0	tensor(3)	1.9018960417922592
119137.86789430905	3000.0	2869.0226177086697	0.0	0	0.0	4006.890512017868	1	0	tensor(3)	1.9018960417922592
120214.4612628478	3000.0	2792.4292491699166	0.0	0	0.0	4006.890512017868	1	0	tensor(3)	1.9018960417922592
120931.82938409976	3000.0	3075.061127917949	0.0	0	0.0	4006.890512017868	1	0	tensor(3)	1.9018960417922592
121628.26163132949	3000.0	3378.628880688242	0.0	0	0.0	4006.890512017868	1	0	tensor(3)	1.9018960417922592
122335.84018098273	3000.0	3671.0503310349854	0.0	0	0.0	4006.890512017868	1	0	tensor(3)	1.9018960417922592
123200.0	3000.0	3806.8905120177274	0.0	0	265.92880702485854	4006.890512017868	1	0	tensor(3)	1.9018960417922592
124283.3633504773	3000.0	3723.527161540427	0.0	0	0.0	4006.890512017868	1	0	tensor(3)	1.9018960417922592
126864.7026018379	6000.0	2142.1879101798368	0.0	0	0.0	4006.8905120178824	1	0	tensor(3)	1.9018960417922575
128047.02449201353	3000.0	1959.8660200041966	0.0	0	0.0	4006.8905120178824	1	0	tensor(3)	1.208748861232313
129171.7489670164	3000.0	1835.1415450013103	0.0	0	0.0	4006.8905120178824	1	0	tensor(3)	1.901896041792258
129836.8477069144	3000.0	2170.042805103316	0.0	0	0.0	4006.8905120178824	1	0	tensor(3)	1.901896041792258
130512.23035053792	3000.0	2494.6601614797937	0.0	0	0.0	4006.8905120178824	1	0	tensor(3)	1.901896041792258
130991.15761415909	3000.0	3015.732897858625	0.0	0	0.0	4006.890512017868	1	0	tensor(3)	1.9018960417922592
132502.60516555808	6000.0	2504.2853464596315	0.0	0	0.0	4006.8905120178824	1	0	tensor(3)	1.9018960417922581
134182.71122573956	6000.0	1824.1792862781417	0.0	0	0.0	4006.890512017868	1	0	tensor(3)	2.5950432223522024
136891.6100013851	6000.0	200.0	84.71948936740534	0	0.0	4091.61000138527	1	0	tensor(3)	2.0850318963604226
138193.00246798026	3000.0	340.7618735373145	442.1543401324929	0	0.0	4533.764341517584	1	0	tensor(3)	-1.4968645625126151
139171.338438078	3000.0	498.1666537822377	135.74075034271863	0	0.0	4669.505091860279	1	0	tensor(3)	1.0211900817517063
139890.20341364262	2000.0	779.3016782176404	0.0	0	0.0	4669.505091860308	1	0	tensor(3)	1.0247043675916858
141004.14641616456	3000.0	665.3586756957008	0.0	0	0.0	4669.505091860308	1	0	tensor(3)	1.4301694756998504
141867.55959871507	2000.0	801.945493145192	0.0	0	0.0	2669.5050918603083	1	0	tensor(6)	-4.775295632408315
142697.55568718628	2000.0	971.9494046739748	0.0	0	0.0	2669.5050918603083	1	0	tensor(3)	1.6301694756998506
143338.73616106823	2000.0	1330.7689307920625	0.0	0	0.0	2669.5050918603083	1	0	tensor(3)	1.6301694756998506
144178.52033288495	3000.0	1490.9847589753508	0.0	0	0.0	2669.5050918603083	1	0	tensor(3)	1.6301694756998506
145055.647391596	3000.0	1613.8577002643037	0.0	0	0.0	2669.5050918603083	1	0	tensor(3)	2.035634583808015
145540.31529572033	3000.0	2129.1897961399927	0.0	0	0.0	2669.5050918603083	1	0	tensor(3)	2.035634583808015
147007.63813643178	6000.0	1661.8669554285507	0.0	0	0.0	2669.5050918603083	1	0	tensor(3)	2.035634583808015
149073.66627260754	6000.0	595.8388192527557	0.0	0	0.0	2669.5050918603083	1	0	tensor(3)	2.72878176436796
150047.9491945391	3000.0	621.555897321204	0.0	0	0.0	2669.5050918603083	1	0	tensor(3)	1.3424874032480703
150646.35246248724	3000.0	1023.1526293730894	0.0	0	0.0	2669.5050918603083	1	0	tensor(3)	2.035634583808015
151359.51875765505	3000.0	1309.986334205273	0.0	0	0.0	2669.5050918603083	1	0	tensor(3)	2.035634583808015
151824.17974703884	3000.0	1845.3253448215246	0.0	0	0.0	2669.5050918603083	1	0	tensor(3)	2.035634583808015
153711.35548863604	6000.0	958.1496032243303	0.0	0	0.0	2669.5050918603374	1	0	tensor(3)	2.0356345838080125
155641.6033619862	6000.0	200.0	172.09827012582915	0	0.0	2841.60336198617	1	0	tensor(3)	1.6881035481296507
156821.24757518715	3000.0	428.06901835332405	407.7132315542584	0	0.0	3249.316593540454	1	0	tensor(3)	-1.1617731362454942
157812.82284659965	3000.0	540.1694524446225	103.67570550378653	0	0.0	3352.992299044272	1	0	tensor(3)	1.3452316300668996
158828.38498425917	3000.0	524.6073147850914	0.0	0	0.0	3352.992299044243	1	0	tensor(3)	1.967285863089621
160163.35912650416	3000.0	256.1064134189357	66.47324087883074	0	0.0	3419.465539923054	1	0	tensor(3)	1.561799093728756
161581.5328147011	3000.0	329.67645758432684	491.74373236232304	0	0.0	3911.2092722853704	1	0	tensor(3)	-1.0389982284084294
162650.16054805685	3000.0	448.730183553507	187.68145932490683	0	0.0	4098.89073161027	1	0	tensor(3)	0.7666072638835779
163615.263432058	3000.0	500.23941700721866	16.61211745486321	0	0.0	4115.502849065175	1	0	tensor(3)	1.7913621033583504
165375.5945752706	3000.0	200.0	460.09172620538664	0	0.0	4575.594575270603	1	0	tensor(3)	-0.8998793748676023
166727.72574809287	2000.0	415.68835329184753	567.8195261141235	0	0.0	3143.4141013847257	1	0	tensor(6)	-8.22925434496848
167635.86723195808	2000.0	552.7767270882755	45.229857661682615	0	0.0	3188.6439590463997	1	0	tensor(3)	1.3068764430111455
168316.17077348154	2000.0	872.4731855648024	0.0	0	0.0	3188.6439590463997	1	0	tensor(3)	1.5782555889812413
169114.23057366902	2000.0	1074.4133853773346	0.0	0	0.0	3188.6439590463997	1	0	tensor(3)	1.5782555889812413
169861.99183688196	3000.0	1326.6521221643775	0.0	0	0.0	3188.6439590463997	1	0	tensor(3)	1.5782555889812415
170511.05675018145	3000.0	1677.5872088648832	0.0	0	0.0	3188.6439590463997	1	0	tensor(3)	1.9837206970894061
170953.30202800146	3000.0	2235.341931044873	0.0	0	0.0	3188.6439590463997	1	0	tensor(3)	1.9837206970894061
172197.3204060173	6000.0	1991.3235530290326	0.0	0	0.0	3188.643959046429	1	0	tensor(3)	1.9837206970894032
174925.37503105373	6000.0	263.2689279926194	0.0	0	0.0	3188.643959046429	1	0	tensor(3)	2.6768678776493484
176014.48823566842	2000.0	513.2541457154628	339.098422337501	0	0.0	3527.7423813838395	1	0	tensor(3)	-1.5888570759456186
177015.77893594018	2000.0	511.9634454437202	0.0	0	0.0	3527.7423813838104	1	0	tensor(3)	1.5443457467475001
177818.35395474132	2000.0	709.3884266425848	0.0	0	0.0	3527.7423813838104	1	0	tensor(3)	1.5443457467475001
178671.731018506	2000.0	856.0113628779121	0.0	0	0.0	3527.7423813838104	1	0	tensor(3)	1.5443457467475001
179677.0434913762	2000.0	850.6988900077297	0.0	0	0.0	3527.7423813838104	1	0	tensor(3)	1.5443457467475001
180457.01912092598	2000.0	1070.7232604578967	0.0	0	0.0	3527.7423813838104	1	0	tensor(3)	1.5443457467475001
181023.4440078293	2000.0	1504.2983735545756	0.0	0	0.0	3527.7423813838104	1	0	tensor(3)	1.5443457467475001
181770.99615987777	3000.0	1756.7462215061064	0.0	0	0.0	3527.7423813838395	1	0	tensor(3)	1.5443457467474975
182295.17647272334	3000.0	2232.5659086605388	0.0	0	0.0	3527.7423813838104	1	0	tensor(3)	1.949810854855665
184011.54821081896	6000.0	1516.194170564935	0.0	0	0.0	3527.7423813838104	1	0	tensor(3)	1.9498108548556652
184692.62933148115	3000.0	1835.1130499027497	0.0	0	0.0	3527.7423813838104	1	0	tensor(3)	1.25666367429572
185473.5893877649	3000.0	2054.152993619022	0.0	0	0.0	3527.7423813838395	1	0	tensor(3)	1.949810854855662
186067.209402532	3000.0	2460.532978851954	0.0	0	0.0	3527.7423813838395	1	0	tensor(3)	1.949810854855662
186709.10132028526	3000.0	2818.641061098715	0.0	0	0.0	3527.7423813838686	1	0	tensor(3)	1.9498108548556592
187510.4647330487	3000.0	3017.277648335287	0.0	0	0.0	3527.7423813838686	1	0	tensor(3)	1.9498108548556592
188568.50127142487	3000.0	2959.2411099591036	0.0	0	0.0	3527.7423813838686	1	0	tensor(3)	1.9498108548556592
189923.16055585362	3000.0	2604.5818255303598	0.0	0	0.0	3527.7423813838977	1	0	tensor(3)	1.9498108548556563
191123.65568517218	3000.0	2404.086696211808	0.0	0	0.0	3527.7423813838977	1	0	tensor(3)	1.9498108548556563
192953.22444083294	3000.0	1574.5179405510635	0.0	0	0.0	3527.7423813838977	1	0	tensor(3)	1.9498108548556563
193886.69392062488	2000.0	1641.0484607591077	0.0	0	0.0	3527.742381383927	1	0	tensor(3)	1.138880638639324
194752.39470071832	2000.0	1775.3476806656904	0.0	0	0.0	3527.742381383956	1	0	tensor(3)	1.544345746747486
195505.731084018	2000.0	2022.0112973659843	0.0	0	0.0	3527.742381383956	1	0	tensor(3)	1.544345746747486
196017.59238637146	2000.0	2510.1499950125417	0.0	0	0.0	3527.742381383956	1	0	tensor(3)	1.544345746747486
197004.1579333089	3000.0	2523.584448075102	0.0	0	0.0	3527.742381383956	1	0	tensor(3)	1.5443457467474857
197838.88594749742	3000.0	2688.856433886545	0.0	0	0.0	3527.742381383956	1	0	tensor(3)	1.9498108548556503
198593.79328688496	3000.0	2933.9490944989793	0.0	0	0.0	3527.742381383927	1	0	tensor(3)	1.949810854855653
199285.97890101754	3000.0	3241.7634803664087	0.0	0	0.0	3527.742381383927	1	0	tensor(3)	1.9498108548556534
200200.0	3000.0	3327.7423813839728	0.0	0	335.07903563711443	3527.742381383927	1	0	tensor(3)	1.9498108548556534
203828.4038668166	6000.0	699.3385145673913	0.0	0	0.0	3527.742381383927	1	0	tensor(3)	1.949810854855653
205293.46653710166	3000.0	234.27584428234334	0.0	0	0.0	3527.742381383927	1	0	tensor(3)	1.2566636742957085
205976.056907734	2000.0	676.2313724557109	124.54589880571572	0	0.0	3652.2882801896194	1	0	tensor(3)	0.37915065592446034
206853.4238978275	2000.0	798.8643823622062	0.0	0	0.0	3652.2882801896194	1	0	tensor(3)	1.5318911568669193
207514.44745398583	2000.0	1137.8408262038688	0.0	0	0.0	3652.2882801896194	1	0	tensor(3)	1.5318911568669193
208291.95617100553	2000.0	1360.3321091841276	0.0	0	0.0	3652.2882801896194	1	0	tensor(3)	1.5318911568669193
209907.88972746616	2000.0	744.3985527235063	0.0	0	0.0	3652.2882801896194	1	0	tensor(3)	1.5318911568669193
210512.58330951133	1000.0	1139.7049706783323	0.0	0	0.0	3652.2882801896194	1	0	tensor(3)	0.1455967957470291
211135.27551137455	1000.0	1517.0127688151188	0.0	0	0.0	3652.2882801896194	1	0	tensor(3)	0.8387439763069743
211781.09179350853	1000.0	1871.1964866811254	0.0	0	0.0	3652.2882801896194	1	0	tensor(3)	0.8387439763069743
212975.50004987523	2000.0	1676.7882303144188	0.0	0	0.0	3652.2882801896485	1	0	tensor(3)	0.8387439763069712
213814.45257926517	2000.0	1837.8357009244685	0.0	0	0.0	3652.2882801896194	1	0	tensor(3)	1.5318911568669193
214520.66297681132	2000.0	2131.6253033783187	0.0	0	0.0	3652.2882801896485	1	0	tensor(3)	1.5318911568669162
215202.95422598108	2000.0	2449.334054208517	0.0	0	0.0	3652.2882801896194	1	0	tensor(3)	1.5318911568669193
215756.9685635491	3000.0	2895.31971664052	0.0	0	0.0	3652.2882801896194	1	0	tensor(3)	1.5318911568669196
216736.36877980785	3000.0	2915.9195003817963	0.0	0	0.0	3652.2882801896194	1	0	tensor(3)	1.9373562649750842
217511.7699575103	3000.0	3140.5183226793783	0.0	0	0.0	3652.2882801896485	1	0	tensor(3)	1.9373562649750822
218299.4280359627	3000.0	3352.8602442269666	0.0	0	0.0	3652.2882801896485	1	0	tensor(3)	1.937356264975081
219200.0	3000.0	3452.2882801896562	0.0	0	310.07507514362806	3652.2882801896485	1	0	tensor(3)	1.937356264975081
220200.0	3000.0	3452.2882801896517	0.0	0	404.86756254406646	3652.2882801896194	1	0	tensor(3)	1.9373562649750842
221506.0579753931	6000.0	3146.230304796525	0.0	0	0.0	3652.2882801896194	1	0	tensor(3)	1.937356264975084
223172.73406155073	6000.0	2479.5542186389093	0.0	0	0.0	3652.2882801895903	1	0	tensor(3)	2.630503445535032
225672.7837386799	6000.0	979.5045415097516	0.0	0	0.0	3652.2882801895903	1	0	tensor(3)	2.630503445535032
228293.28111708665	6000.0	200.0	840.9928368969931	0	0.0	4493.281117086648	1	0	tensor(3)	-2.4757104219737394
229228.08922343169	3000.0	476.57019914987694	211.37830549490315	0	0.0	4704.65942258155	1	0	tensor(3)	-0.12929786279347255
229956.18039831673	3000.0	748.4790242648231	0.0	0	0.0	4704.65942258155	1	0	tensor(3)	1.8321191507358912
230503.37064625628	3000.0	1201.288776325273	0.0	0	0.0	4704.659422581521	1	0	tensor(3)	1.832119150735894
231463.32817517887	6000.0	1241.3312474026895	0.0	0	0.0	4704.65942258155	1	0	tensor(3)	1.8321191507358907
232511.52613774108	6000.0	1193.1332848404663	0.0	0	0.0	4704.65942258155	1	0	tensor(3)	2.5252663312958354
233751.99832342702	6000.0	952.6610991545117	0.0	0	0.0	4704.65942258155	1	0	tensor(3)	2.5252663312958354
235774.85746475222	6000.0	200.0	270.19804217068406	0	0.0	4974.857464752218	1	0	tensor(3)	0.8920593368580186
237037.1268136258	3000.0	214.21456238759805	276.48391126116377	0	0.0	5251.341376013384	1	0	tensor(3)	-0.5745996927342201
238258.2150428872	3000.0	407.4555296437859	414.32919651759727	0	0.0	5665.670572531002	1	0	tensor(3)	-0.7499571433646377
239271.03360143746	3000.0	487.00050599640406	92.3635349028695	0	0.0	3758.034107433894	1	0	tensor(6)	-4.62739952716656
240094.90972502797	3000.0	663.1243824058882	0.0	0	0.0	3758.034107433894	1	0	tensor(3)	1.9267816822506567
240949.33155318414	3000.0	808.7025542497221	0.0	0	0.0	3758.034107433894	1	0	tensor(3)	1.9267816822506567
242101.89684237086	3000.0	656.1372650629883	0.0	0	0.0	3758.034107433923	1	0	tensor(3)	1.9267816822506536
243040.404800973	3000.0	717.6293064608703	0.0	0	0.0	3758.034107433923	1	0	tensor(3)	1.9267816822506536
244089.73892226108	3000.0	668.2951851727985	0.0	0	0.0	3758.034107433923	1	0	tensor(3)	1.9267816822506536
244800.3856338879	3000.0	957.6484735459585	0.0	0	0.0	3758.034107433923	1	0	tensor(3)	1.9267816822506536
245416.61066267235	3000.0	1341.4234447615145	0.0	0	0.0	3758.034107433923	1	0	tensor(3)	1.9267816822506536
246388.63386226754	3000.0	1369.4002451663416	0.0	0	0.0	3758.034107433923	1	0	tensor(3)	1.9267816822506536
247481.704796284	3000.0	1276.329311149897	0.0	0	0.0	3758.034107433923	1	0	tensor(3)	1.9267816822506536
248423.4384170256	3000.0	1334.5956904082905	0.0	0	0.0	3758.034107433952	1	0	tensor(3)	1.926781682250651
249174.04187649663	3000.0	1583.9922309372832	0.0	0	0.0	3758.034107433952	1	0	tensor(3)	1.926781682250651
250459.8854255004	6000.0	1298.148681933538	0.0	0	0.0	3758.034107433923	1	0	tensor(3)	1.9267816822506518
251762.41779348964	6000.0	995.6163139442875	0.0	0	0.0	3758.034107433894	1	0	tensor(3)	2.6199288628106
253013.18654674053	6000.0	744.8475606933944	0.0	0	0.0	3758.034107433923	1	0	tensor(3)	2.6199288628105992
253694.9660478079	3000.0	1063.068059626017	0.0	0	0.0	3758.034107433923	1	0	tensor(3)	1.2336345016907087
254586.03095867275	3000.0	1172.0031487611764	0.0	0	0.0	3758.034107433952	1	0	tensor(3)	1.926781682250651
255287.82036268734	3000.0	1470.2137447465577	0.0	0	0.0	3758.034107433952	1	0	tensor(3)	1.926781682250651
256019.70507193008	3000.0	1738.3290355038375	0.0	0	0.0	3758.034107433952	1	0	tensor(3)	1.926781682250651
257067.51475193148	3000.0	1690.5193555024389	0.0	0	0.0	3758.034107433952	1	0	tensor(3)	1.926781682250651
258527.45129458397	3000.0	1230.582812849985	0.0	0	0.0	3758.034107433952	1	0	tensor(3)	1.9267816822506492
259287.81590775648	3000.0	1470.2181996774984	0.0	0	0.0	3758.034107433952	1	0	tensor(3)	1.926781682250651
259912.0130802238	3000.0	1846.0210272101601	0.0	0	0.0	3758.034107433923	1	0	tensor(3)	1.9267816822506536
260493.9045812903	3000.0	2264.1295261437153	0.0	0	0.0	3758.034107433923	1	0	tensor(3)	1.9267816822506536
261302.7026818902	3000.0	2455.331425543817	0.0	0	0.0	3758.034107433923	1	0	tensor(3)	1.9267816822506536
262041.72257423165	3000.0	2716.311533202378	0.0	0	0.0	3758.034107433952	1	0	tensor(3)	1.926781682250651
262878.01809526596	3000.0	2880.016012168078	0.0	0	0.0	3758.034107433952	1	0	tensor(3)	1.926781682250651
264040.436404379	3000.0	2717.597703055083	0.0	0	0.0	3758.0341074340104	1	0	tensor(3)	1.926781682250648
265141.58946105075	3000.0	2616.4446463833538	0.0	0	0.0	3758.0341074339813	1	0	tensor(3)	1.9267816822506467
265900.01516652014	3000.0	2858.0189409140144	0.0	0	0.0	3758.0341074340104	1	0	tensor(3)	1.9267816822506467
266959.8389097885	3000.0	2798.195197645633	0.0	0	0.0	3758.0341074340395	1	0	tensor(3)	1.9267816822506423
267688.1289275946	3000.0	3069.905179839578	0.0	0	0.0	3758.0341074340395	1	0	tensor(3)	1.9267816822506423
268814.99299976206	3000.0	2943.0411076720293	0.0	0	0.0	3758.0341074340395	1	0	tensor(3)	1.9267816822506423
269619.64877270703	3000.0	3138.38533472701	0.0	0	0.0	3758.0341074340395	1	0	tensor(3)	1.9267816822506423
270391.97610853735	3000.0	3366.057998896704	0.0	0	0.0	3758.0341074339813	1	0	tensor(3)	1.9267816822506434
271388.3827798624	3000.0	3369.6513275716707	0.0	0	0.0	3758.0341074339813	1	0	tensor(3)	1.9267816822506478
272200.0	3000.0	3558.03410743401	0.0	0	129.41530703991884	3758.0341074339813	1	0	tensor(3)	1.9267816822506478
274392.36707647535	6000.0	2365.6670309586193	0.0	0	0.0	3758.034107433923	1	0	tensor(3)	1.9267816822506538
275222.1349954113	3000.0	2535.8991120226733	0.0	0	0.0	3758.034107433923	1	0	tensor(3)	1.2336345016907087
276370.2897322239	3000.0	2387.7443752101576	0.0	0	0.0	3758.0341074339813	1	0	tensor(3)	1.9267816822506525
277241.9795192975	3000.0	2516.0545881365724	0.0	0	0.0	3758.0341074339813	1	0	tensor(3)	1.9267816822506478
278224.39740574535	3000.0	2533.636701688736	0.0	0	0.0	3758.0341074339813	1	0	tensor(3)	1.9267816822506478
279052.29175495787	3000.0	2705.7423524762726	0.0	0	0.0	3758.0341074340395	1	0	tensor(3)	1.9267816822506423
279692.46174208564	3000.0	3065.5723653484365	0.0	0	0.0	3758.0341074340395	1	0	tensor(3)	1.9267816822506423
281155.54847669974	6000.0	2602.4856307344107	0.0	0	0.0	3758.0341074340395	1	0	tensor(3)	1.9267816822506423
282605.8282342604	6000.0	2152.2058731737457	0.0	0	0.0	3758.0341074339813	1	0	tensor(3)	2.6199288628105926
284575.6625051991	6000.0	1182.3716022350468	0.0	0	0.0	3758.0341074340395	1	0	tensor(3)	2.6199288628105872
286229.9902733115	3000.0	528.043834122637	0.0	0	0.0	3758.0341074339813	1	0	tensor(3)	1.2336345016907029
287549.2636419168	3000.0	348.35830902461555	139.58784350732049	0	0.0	3897.6219509412767	1	0	tensor(3)	1.0752958368559955
288824.06958373386	3000.0	330.8408339087113	257.28846670117036	0	0.0	4154.910417642386	1	0	tensor(3)	0.3433632510227853
289686.965270559	2000.0	512.9573226559844	45.012175572431715	0	0.0	4199.92259321484	1	0	tensor(3)	0.8015895640216423
290693.8498089325	2000.0	517.1066910390898	11.033906756568626	0	0.0	4210.956499971449	1	0	tensor(3)	1.4098208943493247
291629.3396580064	2000.0	582.4732841342764	0.8564421690986137	0	0.0	4211.812942140445	1	0	tensor(3)	1.470800037657244
292290.60423499934	2000.0	921.2087071412677	0.0	0	0.0	4211.812942140445	1	0	tensor(3)	1.4759386906718368
292966.77330765914	3000.0	1245.0396344815051	0.0	0	0.0	4211.812942140503	1	0	tensor(3)	1.4759386906718313
293804.55358688167	3000.0	1407.2593552589994	0.0	0	0.0	4211.812942140561	1	0	tensor(3)	1.8814037987799899
294370.9389972099	3000.0	1840.8739449307716	0.0	0	0.0	4211.812942140619	1	0	tensor(3)	1.881403798779984
294853.5028211756	3000.0	2358.3101209650854	0.0	0	0.0	4211.812942140619	1	0	tensor(3)	1.881403798779984
296018.8887923443	6000.0	2192.924149796452	0.0	0	0.0	4211.812942140619	1	0	tensor(3)	1.881403798779984
298000.17818931263	6000.0	1211.6347528281772	0.0	0	0.0	4211.812942140619	1	0	tensor(3)	2.5745509793399313
299211.69439101254	3000.0	1000.1185511282736	0.0	0	0.0	4211.812942140619	1	0	tensor(3)	1.1882566182200391
299995.4964047949	3000.0	1216.3165373458887	0.0	0	0.0	4211.812942140619	1	0	tensor(3)	1.881403798779984
300460.681290829	3000.0	1751.1316513118466	0.0	0	0.0	4211.812942140619	1	0	tensor(3)	1.881403798779984
301044.24541532586	3000.0	2167.5675268149535	0.0	0	0.0	4211.812942140561	1	0	tensor(3)	1.8814037987799899
303383.0548625702	6000.0	828.7580795706273	0.0	0	0.0	4211.812942140503	1	0	tensor(3)	1.8814037987799956
304233.9142482421	3000.0	977.8986938987148	0.0	0	0.0	4211.812942140445	1	0	tensor(3)	1.1882566182200565
305394.5025002602	3000.0	817.3104418806464	0.0	0	0.0	4211.812942140503	1	0	tensor(3)	1.8814037987800003
306039.1922362653	3000.0	1172.6207058754999	0.0	0	0.0	4211.812942140503	1	0	tensor(3)	1.8814037987799959
306700.4005356703	3000.0	1511.4124064705227	0.0	0	0.0	4211.812942140503	1	0	tensor(3)	1.8814037987799959
307517.638572481	3000.0	1694.174369659842	0.0	0	0.0	4211.812942140503	1	0	tensor(3)	1.8814037987799959
308856.48339996336	3000.0	1355.329542177521	0.0	0	0.0	4211.812942140503	1	0	tensor(3)	1.8814037987799959
6.17	2.32	2.86	2.87	3.01	3.8	4.29	3.07	2.39	2.81	3.37	3.43	2.46	1.84	1.47	2.59	2.87	3.22	4.03	5.35	5.39	2.03	2.28	1.41	2.58	2.48	2.99	2.21	3.23	4.43	4.9	4.05	4.27	3.13	4.11	5.07	3.0	1.92	2.98	3.6	1.8	1.89	2.26	2.57	3.54	3.75	3.03	4.29	5.5	2.54	1.32	2.31	2.44	1.58	2.61	3.32	2.02	1.03	1.36	1.76	1.92	1.75	2.7	3.95	4.22	3.01	3.46	4.4	4.87	3.45	3.35	4.47	3.37	1.54	3.49	2.25	3.41	4.46	5.76	6.9	8.38	5.28	4.87	2.98	3.37	2.51	3.0	3.49	3.94	2.5	3.09	4.33	3.5	3.87	3.86	3.17	4.33	5.5	5.61	3.88	4.66	3.24	3.71	3.9	4.03	3.48	2.49	3.08	4.17	3.28	3.86	3.56	2.5	3.32	4.12	3.7	3.1	3.23	3.52	3.78	4.41	3.7	2.37	2.72	2.98	3.29	3.43	4.12	5.14	4.95	4.62	4.3	2.8	2.86	2.14	2.4	3.06	3.15	2.42	2.43	3.72	4.66	4.45	5.83	4.36	2.63	2.73	3.53	4.83	6.21	6.17	2.32	2.86	2.87	3.01	3.8	4.29	3.07	2.39	2.81	3.37	3.43	2.46	1.84	1.47	2.59	2.87	3.22	4.03	5.35	5.39	2.03	2.28	1.41	2.58	2.48	2.99	2.21	3.23	4.43	4.9	4.05	4.27	3.13	4.11	5.07	3.0	1.92	2.98	3.6	1.8	1.89	2.26	2.57	3.54	3.75	3.03	4.29	5.5	2.54	1.32	2.31	2.44	1.58	2.61	3.32	2.02	1.03	1.36	1.76	1.92	1.75	2.7	3.95	4.22	3.01	3.46	4.4	4.87	3.45	3.35	4.47	3.37	1.54	3.49	2.25	3.41	4.46	5.76	6.9	8.38	5.28	4.87	2.98	3.37	2.51	3.0	3.49	3.94	2.5	3.09	4.33	3.5	3.87	3.86	3.17	4.33	5.5	5.61	3.88	4.66	3.24	3.71	3.9	4.03	3.48	2.49	3.08	4.17	3.28	3.86	3.56	2.5	3.32	4.12	3.7	3.1	3.23	3.52	3.78	4.41	3.7	2.37	2.72	2.98	3.29	3.43	4.12	5.14	4.95	4.62	4.3	2.8	2.86	2.14	2.4	3.06	3.15	2.42	2.43	3.72	4.66	4.45	5.83	4.36	2.63	2.73	3.53	4.83	6.21	6.17	2.32	2.86	2.87	3.01	3.8	4.29	3.07	2.39	2.81
1.0	2.0	3.0	4.0	5.0	6.0	7.0	8.0	9.0	10.0	11.0	12.0	13.0	14.0	15.0	16.0	17.0	18.0	19.0	20.0	21.0	22.0	23.0	24.0	25.0	26.0	27.0	28.0	29.0	30.0	31.0	32.0	33.0	34.0	35.0	36.0	37.0	38.0	39.0	40.0	41.0	42.0	43.0	44.0	45.0	46.0	47.0	48.0	49.0	50.0	51.0	52.0	53.0	54.0	55.0	56.0	57.0	58.0	59.0	60.0	61.0	62.0	63.0	64.0	65.0	66.0	67.0	68.0	69.0	70.0	71.0	72.0	73.0	74.0	75.0	76.0	77.0	78.0	79.0	80.0	81.0	82.0	83.0	84.0	85.0	86.0	87.0	88.0	89.0	90.0	91.0	92.0	93.0	94.0	95.0	96.0	97.0	98.0	99.0	100.0	101.0	102.0	103.0	104.0	105.0	106.0	107.0	108.0	109.0	110.0	111.0	112.0	113.0	114.0	115.0	116.0	117.0	118.0	119.0	120.0	121.0	122.0	123.0	124.0	125.0	126.0	127.0	128.0	129.0	130.0	131.0	132.0	133.0	134.0	135.0	136.0	137.0	138.0	139.0	140.0	141.0	142.0	143.0	144.0	145.0	146.0	147.0	148.0	149.0	149.0	150.0	151.0	152.0	153.0	154.0	155.0	156.0	157.0	158.0	159.0	160.0	161.0	162.0	163.0	164.0	165.0	166.0	167.0	168.0	169.0	170.0	171.0	172.0	173.0	174.0	175.0	176.0	177.0	178.0	179.0	180.0	181.0	182.0	183.0	184.0	185.0	186.0	187.0	188.0	189.0	190.0	191.0	192.0	193.0	194.0	195.0	196.0	197.0	198.0	199.0	200.0	201.0	202.0	203.0	204.0	205.0	206.0	207.0	208.0	209.0	210.0	211.0	212.0	213.0	214.0	215.0	216.0	217.0	218.0	219.0	220.0	221.0	222.0	223.0	224.0	225.0	226.0	227.0	228.0	229.0	230.0	231.0	232.0	233.0	234.0	235.0	236.0	237.0	238.0	239.0	240.0	241.0	242.0	243.0	244.0	245.0	246.0	247.0	248.0	249.0	250.0	251.0	252.0	253.0	254.0	255.0	256.0	257.0	258.0	259.0	260.0	261.0	262.0	263.0	264.0	265.0	266.0	267.0	268.0	269.0	270.0	271.0	272.0	273.0	274.0	275.0	276.0	277.0	278.0	279.0	280.0	281.0	282.0	283.0	284.0	285.0	286.0	287.0	288.0	289.0	290.0	291.0	292.0	293.0	294.0	295.0	296.0	297.0	298.0	298.0	299.0	300.0	301.0	302.0	303.0	304.0	305.0	306.0	307.0	308.0
2322.264595144001
