6087.377302019746	300.0	2000.0	226.60773595737106	0	0.0	6087.377302019746	1	0	tensor(3)	-1.9630618982826753
6366.0434075419535	500.0	2721.333894477792	0.0	0	0.0	4087.3773020197455	1	0	tensor(6)	-6.408737730201975
7274.1773430158	2000.0	2813.1999590039436	0.0	0	0.0	4087.3773020197436	1	0	tensor(3)	0.10208789356401621
8137.651732432255	2000.0	2949.7255695874883	0.0	0	0.0	4087.377302019743	1	0	tensor(3)	1.488382254683907
9111.37452785937	2000.0	2976.002774160371	0.0	0	0.0	4087.3773020197414	1	0	tensor(3)	1.488382254683907
10379.87462451825	2000.0	2707.502677501489	0.0	0	0.0	4087.3773020197395	1	0	tensor(3)	1.4883822546839072
12135.283841076529	2000.0	1952.0934609432104	0.0	0	0.0	4087.3773020197386	1	0	tensor(3)	1.4883822546839074
12984.618663846852	1000.0	2102.758638172888	0.0	0	0.0	4087.3773020197386	1	0	tensor(3)	0.10208789356401704
13878.245872218336	2000.0	2209.1314298014036	0.0	0	0.0	4087.377302019737	1	0	tensor(3)	0.7952350741239624
14762.353015170462	2000.0	2325.0242868492787	0.0	0	0.0	4087.377302019737	1	0	tensor(3)	1.4883822546839076
15918.783331531917	1000.0	2168.593970487824	0.0	0	0.0	4087.377302019737	1	0	tensor(3)	0.10208789356401726
16561.540342724653	1000.0	2525.83695929509	0.0	0	0.0	4087.3773020197405	1	0	tensor(3)	0.7952350741239623
17247.552935247768	1000.0	2839.8243667719717	0.0	0	0.0	4087.3773020197386	1	0	tensor(3)	0.7952350741239622
17921.7057435871	1000.0	3165.6715584326407	0.0	0	0.0	4087.3773020197386	1	0	tensor(3)	0.7952350741239622
19170.765197413504	2000.0	2916.6121046062367	0.0	0	0.0	4087.3773020197386	1	0	tensor(3)	0.795235074123962
20544.363417170745	2000.0	2543.013884848994	0.0	0	0.0	4087.3773020197405	1	0	tensor(3)	1.488382254683907
21588.3706308084	2000.0	2499.006671211342	0.0	0	0.0	4087.3773020197405	1	0	tensor(3)	1.488382254683907
22367.969008941272	2000.0	2719.408293078468	0.0	0	0.0	4087.377302019744	1	0	tensor(3)	1.4883822546839067
23505.29699647285	3000.0	2582.0803055468914	0.0	0	0.0	4087.377302019744	1	0	tensor(3)	1.488382254683907
24546.346547418278	3000.0	2541.030754601466	0.0	0	0.0	4087.377302019744	1	0	tensor(3)	1.8938473627920716
25293.417642426364	3000.0	2793.95965959338	0.0	0	0.0	4087.377302019744	1	0	tensor(3)	1.8938473627920716
26543.973877931836	3000.0	2543.40342408791	0.0	0	0.0	4087.377302019744	1	0	tensor(3)	1.8938473627920716
27798.679332447646	3000.0	2288.6979695721066	0.0	0	0.0	4087.377302019744	1	0	tensor(3)	1.8938473627920716
29157.161609221686	3000.0	1930.215692798067	0.0	0	0.0	4087.3773020197477	1	0	tensor(3)	1.8938473627920713
30042.042073808192	3000.0	2045.3352282115613	0.0	0	0.0	4087.377302019744	1	0	tensor(3)	1.8938473627920716
30980.651707197565	3000.0	2106.725594822188	0.0	0	0.0	4087.3773020197405	1	0	tensor(3)	1.893847362792072
32410.22321638045	3000.0	1677.1540856393017	0.0	0	0.0	4087.377302019737	1	0	tensor(3)	1.8938473627920724
33500.10079955784	3000.0	1587.2765024619102	0.0	0	0.0	4087.377302019733	1	0	tensor(3)	1.8938473627920724
34862.16467829482	2000.0	1225.212623724925	0.0	0	0.0	4087.3773020197295	1	0	tensor(3)	1.0829171465757435
35561.50368196899	2000.0	1525.8736200507624	0.0	0	0.0	4087.377302019737	1	0	tensor(3)	1.4883822546839078
36740.17437771284	2000.0	1347.2029243069103	0.0	0	0.0	4087.377302019733	1	0	tensor(3)	1.4883822546839076
37983.46393891718	2000.0	1103.9133631025784	0.0	0	0.0	4087.377302019733	1	0	tensor(3)	1.4883822546839078
39181.48842090505	2000.0	905.8888811147127	0.0	0	0.0	2087.3773020197405	1	0	tensor(6)	-4.311617745316093
40108.59391762673	2000.0	978.783384393033	0.0	0	0.0	2087.3773020197405	1	0	tensor(3)	1.6883822546839071
41101.289623095654	2000.0	986.0876789240998	0.0	0	0.0	2087.3773020197405	1	0	tensor(3)	1.6883822546839071
41827.51697278297	2000.0	1259.860329236782	0.0	0	0.0	2087.3773020197477	1	0	tensor(3)	1.6883822546839065
42872.500865207585	2000.0	1214.8764368121626	0.0	0	0.0	2087.3773020197477	1	0	tensor(3)	1.6883822546839065
44298.03144707837	2000.0	789.3458549413654	0.0	0	0.0	2087.3773020197477	1	0	tensor(3)	1.6883822546839065
45068.29334673313	1000.0	1019.0839552865996	0.0	0	0.0	2087.3773020197477	1	0	tensor(3)	0.3020878935640162
45729.550094687125	1000.0	1357.827207332605	0.0	0	0.0	2087.3773020197405	1	0	tensor(3)	0.9952350741239622
46437.14793271504	2000.0	1650.2293693046863	0.0	0	0.0	2087.3773020197405	1	0	tensor(3)	0.9952350741239621
47405.9748890014	2000.0	1681.4024130183182	0.0	0	0.0	2087.3773020197405	1	0	tensor(3)	1.6883822546839071
48429.091926126515	2000.0	1658.2853758932001	0.0	0	0.0	2087.3773020197405	1	0	tensor(3)	1.6883822546839071
49320.03802245076	2000.0	1767.339279568957	0.0	0	0.0	2087.3773020197477	1	0	tensor(3)	1.6883822546839065
50200.0	2000.0	1887.3773020197232	0.0	0	258.9329495783604	2087.377302019755	1	0	tensor(3)	1.6883822546839058
51200.0	2000.0	1887.37730201973	0.0	0	131.7730302346681	2087.377302019755	1	0	tensor(3)	1.6883822546839058
53008.700704098286	3000.0	1078.6765979214408	0.0	0	0.0	2087.377302019755	1	0	tensor(3)	1.688382254683906
54249.32290902378	2000.0	838.0543929959522	0.0	0	0.0	2087.377302019755	1	0	tensor(3)	1.2829171465757412
55405.61134938019	1000.0	681.7659526395372	0.0	0	0.0	2087.3773020197623	1	0	tensor(3)	0.3020878935640147
55986.8186785975	1000.0	1100.5586234222205	0.0	0	0.0	2087.3773020197623	1	0	tensor(3)	0.99523507412396
56590.89781097872	1000.0	1496.4794910410028	0.0	0	0.0	2087.3773020197623	1	0	tensor(3)	0.99523507412396
57312.26442068939	1000.0	1775.1128813303385	0.0	0	0.0	2087.3773020197623	1	0	tensor(3)	0.99523507412396
58432.00378929305	2000.0	1655.3735127266764	0.0	0	0.0	2087.377302019755	1	0	tensor(3)	0.9952350741239606
59200.0	2000.0	1887.3773020197227	0.0	0	60.8870442996631	2087.377302019755	1	0	tensor(3)	1.6883822546839058
60200.0	2000.0	1887.3773020197227	0.0	0	449.40265201433795	2087.377302019755	1	0	tensor(3)	1.6883822546839058
61200.0	2000.0	1887.3773020197234	0.0	0	306.85831942966615	2087.377302019755	1	0	tensor(3)	1.6883822546839058
62311.01495466772	3000.0	1776.3623473519988	0.0	0	0.0	2087.377302019755	1	0	tensor(3)	1.688382254683906
63574.127747520964	3000.0	1513.2495544987507	0.0	0	0.0	2087.3773020197623	1	0	tensor(3)	2.09384736279207
64660.97833613541	3000.0	1426.3989658843047	0.0	0	0.0	2087.3773020197623	1	0	tensor(3)	2.09384736279207
65209.467601025244	2000.0	1877.9097009944705	0.0	0	0.0	2087.3773020197696	1	0	tensor(3)	1.2829171465757399
66200.0	2000.0	1887.3773020197316	0.0	0	195.25865717006673	2087.3773020197914	1	0	tensor(3)	1.6883822546839027
68827.72083277446	3000.0	259.6564692452723	0.0	0	0.0	2087.3773020197987	1	0	tensor(3)	1.6883822546839025
69800.0626169791	2000.0	534.6651962531023	247.35051121247253	0	0.0	2334.727813232268	1	0	tensor(3)	-0.22592097182034526
70367.09833324642	2000.0	967.6294799857786	0.0	0	0.0	2334.727813232268	1	0	tensor(3)	1.6636472035626546
71282.77116427166	2000.0	1051.9566489605363	0.0	0	0.0	2334.727813232268	1	0	tensor(3)	1.6636472035626546
72704.82017635326	2000.0	629.9076368789508	0.0	0	0.0	2334.727813232268	1	0	tensor(3)	1.6636472035626546
73508.61291084495	2000.0	826.1149023872533	0.0	0	0.0	2334.7278132322826	1	0	tensor(3)	1.663647203562653
74238.37835152146	2000.0	1096.3494617107494	0.0	0	0.0	2334.727813232297	1	0	tensor(3)	1.6636472035626515
75037.28421031983	2000.0	1297.4436029123688	0.0	0	0.0	2334.727813232297	1	0	tensor(3)	1.6636472035626515
75621.13060306151	2000.0	1713.5972101706957	0.0	0	0.0	2334.727813232297	1	0	tensor(3)	1.6636472035626515
76377.69353716404	2000.0	1957.0342760681726	0.0	0	0.0	2334.727813232297	1	0	tensor(3)	1.6636472035626515
77431.6017788471	2000.0	1903.126034385105	0.0	0	0.0	2334.7278132323117	1	0	tensor(3)	1.6636472035626502
78269.42787200889	2000.0	2065.299941223314	0.0	0	0.0	2334.7278132323117	1	0	tensor(3)	1.6636472035626502
79200.0	2000.0	2134.727813232205	0.0	0	55.684863386675715	2334.7278132323117	1	0	tensor(3)	1.6636472035626502
80378.06040983259	2000.0	1956.6674033996171	0.0	0	0.0	2334.7278132323117	1	0	tensor(3)	1.6636472035626502
81492.07639382152	2000.0	1842.6514194106808	0.0	0	0.0	2334.7278132323263	1	0	tensor(3)	1.6636472035626486
82344.4968979861	2000.0	1990.2309152460966	0.0	0	0.0	2334.7278132323263	1	0	tensor(3)	1.6636472035626486
83200.0	2000.0	2134.7278132321917	0.0	0	193.6313015432097	2334.7278132323263	1	0	tensor(3)	1.6636472035626486
84765.44206020921	3000.0	1569.2857530229833	0.0	0	0.0	2334.7278132323263	1	0	tensor(3)	1.6636472035626488
85438.76548577072	2000.0	1895.9623274614576	0.0	0	0.0	2334.7278132323263	1	0	tensor(3)	1.258182095454484
86200.0	2000.0	2134.727813232186	0.0	0	100.17864015625673	2334.7278132323263	1	0	tensor(3)	1.6636472035626486
87388.35418493858	3000.0	1946.3736282935988	0.0	0	0.0	2334.7278132323263	1	0	tensor(3)	1.6636472035626488
89540.85735634177	3000.0	793.8704568903922	0.0	0	0.0	2334.7278132323263	1	0	tensor(3)	2.0691123116708137
90260.05692615213	2000.0	1074.6708870800403	0.0	0	0.0	2334.7278132323263	1	0	tensor(3)	1.258182095454484
91244.25315923574	2000.0	1090.4746539964374	0.0	0	0.0	2334.7278132323263	1	0	tensor(3)	1.6636472035626486
92234.63009854124	2000.0	1100.0977146909486	0.0	0	0.0	2334.7278132323263	1	0	tensor(3)	1.6636472035626486
93199.4757796336	2000.0	1135.252033598571	0.0	0	0.0	2334.7278132323263	1	0	tensor(3)	1.6636472035626486
93858.34982810264	2000.0	1476.3779851295328	0.0	0	0.0	2334.727813232341	1	0	tensor(3)	1.663647203562647
94445.3111404996	2000.0	1889.4166727325664	0.0	0	0.0	2334.727813232341	1	0	tensor(3)	1.663647203562647
95291.82165594184	2000.0	2042.9061572903254	0.0	0	0.0	2334.7278132323263	1	0	tensor(3)	1.6636472035626486
96200.0	2000.0	2134.7278132321635	0.0	0	14.132744836926577	2334.7278132323263	1	0	tensor(3)	1.6636472035626486
97200.0	2000.0	2134.7278132321617	0.0	0	54.691634688555496	2334.7278132323263	1	0	tensor(3)	1.6636472035626486
98200.0	2000.0	2134.7278132321685	0.0	0	363.15936044631235	2334.7278132323263	1	0	tensor(3)	1.6636472035626486
99354.83057973883	3000.0	1979.897233493335	0.0	0	0.0	2334.7278132323263	1	0	tensor(3)	1.6636472035626488
100446.86523493282	3000.0	1887.862578299336	0.0	0	0.0	2334.7278132323263	1	0	tensor(3)	2.0691123116708137
101740.52604340279	3000.0	1594.2017698293741	0.0	0	0.0	2334.7278132323263	1	0	tensor(3)	2.0691123116708137
102647.69182738519	3000.0	1687.0359858469753	0.0	0	0.0	2334.7278132323263	1	0	tensor(3)	2.0691123116708137
103794.79383890993	3000.0	1539.9339743222333	0.0	0	0.0	2334.7278132323263	1	0	tensor(3)	2.0691123116708137
105021.40282520575	2000.0	1313.3249880264225	0.0	0	0.0	2334.7278132323263	1	0	tensor(3)	1.258182095454484
105805.72026011339	2000.0	1529.0075531187852	0.0	0	0.0	2334.7278132323263	1	0	tensor(3)	1.6636472035626486
106619.98983863219	2000.0	1714.7379745999872	0.0	0	0.0	2334.7278132323263	1	0	tensor(3)	1.6636472035626486
107921.53102221573	2000.0	1413.1967910164374	0.0	0	0.0	2334.7278132323263	1	0	tensor(3)	1.6636472035626486
108869.32825449231	2000.0	1465.3995587398417	0.0	0	0.0	2334.7278132323263	1	0	tensor(3)	1.6636472035626486
109734.66886373547	2000.0	1600.0589494966841	0.0	0	0.0	2334.7278132323263	1	0	tensor(3)	1.6636472035626486
110587.85017427643	2000.0	1746.8776389557263	0.0	0	0.0	2334.7278132323263	1	0	tensor(3)	1.6636472035626486
111212.3048661311	2000.0	2122.4229471010476	0.0	0	0.0	2334.7278132323263	1	0	tensor(3)	1.6636472035626486
112320.14519123407	3000.0	2014.5826219980731	0.0	0	0.0	2334.7278132323263	1	0	tensor(3)	1.6636472035626488
113200.0	3000.0	2134.7278132321276	0.0	0	22.58243782169302	2334.7278132323263	1	0	tensor(3)	2.0691123116708137
114267.0039901233	3000.0	2067.7238231088163	0.0	0	0.0	2334.7278132323263	1	0	tensor(3)	2.0691123116708137
115200.0	3000.0	2134.7278132321144	0.0	0	125.6986083532247	2334.727813232341	1	0	tensor(3)	2.0691123116708123
116486.7084916554	3000.0	1848.0193215767058	0.0	0	0.0	2334.727813232341	1	0	tensor(3)	2.0691123116708123
118117.46640312097	3000.0	1217.261410111137	0.0	0	0.0	2334.727813232341	1	0	tensor(3)	2.0691123116708123
119201.54980391536	2000.0	1133.1780093167476	0.0	0	0.0	2334.7278132323554	1	0	tensor(3)	1.2581820954544811
120320.96450595773	2000.0	1013.7633072743762	0.0	0	0.0	2334.7278132323554	1	0	tensor(3)	1.6636472035626457
121689.31201362686	2000.0	645.4157996052464	0.0	0	0.0	2334.7278132323554	1	0	tensor(3)	1.6636472035626457
122544.87380665085	2000.0	789.8540065812455	0.0	0	0.0	2334.7278132323554	1	0	tensor(3)	1.6636472035626457
123545.50671799033	2000.0	789.221095241767	0.0	0	0.0	2334.72781323237	1	0	tensor(3)	1.6636472035626442
124281.8180488466	2000.0	1052.9097643854952	0.0	0	0.0	2334.7278132323845	1	0	tensor(3)	1.6636472035626428
124837.20066029426	2000.0	1497.5271529378404	0.0	0	0.0	2334.7278132323845	1	0	tensor(3)	1.6636472035626428
125415.20659325477	2000.0	1919.5212199773393	0.0	0	0.0	2334.7278132323845	1	0	tensor(3)	1.6636472035626428
126415.20167757865	3000.0	1919.526135653452	0.0	0	0.0	2334.7278132323845	1	0	tensor(3)	1.663647203562643
127230.69928576118	3000.0	2104.028527470923	0.0	0	0.0	2334.7278132323845	1	0	tensor(3)	2.069112311670808
128338.78910848376	3000.0	1995.9387047483456	0.0	0	0.0	2334.7278132323845	1	0	tensor(3)	2.069112311670808
129478.18588252013	3000.0	1856.541930711978	0.0	0	0.0	2334.7278132323845	1	0	tensor(3)	2.069112311670808
130265.15748446865	2000.0	2069.5703287634688	0.0	0	0.0	2334.7278132323845	1	0	tensor(3)	1.2581820954544782
131200.0	2000.0	2134.727813232138	0.0	0	426.9074613409757	2334.727813232399	1	0	tensor(3)	1.6636472035626415
133023.5159523865	3000.0	1311.2118608456494	0.0	0	0.0	2334.727813232399	1	0	tensor(3)	1.663647203562641
133944.0700935234	2000.0	1390.657719708773	0.0	0	0.0	2334.727813232399	1	0	tensor(3)	1.258182095454477
134703.4085579982	2000.0	1631.3192552339663	0.0	0	0.0	2334.727813232399	1	0	tensor(3)	1.6636472035626415
135660.98385220618	2000.0	1673.7439610259971	0.0	0	0.0	2334.727813232399	1	0	tensor(3)	1.6636472035626415
136715.92383211094	2000.0	1618.803981121244	0.0	0	0.0	2334.727813232399	1	0	tensor(3)	1.6636472035626415
137593.0055126385	2000.0	1741.7223005936685	0.0	0	0.0	2334.727813232399	1	0	tensor(3)	1.6636472035626415
138643.42717921623	2000.0	1691.300634015937	0.0	0	0.0	2334.727813232399	1	0	tensor(3)	1.6636472035626415
139607.53940709325	2000.0	1727.1884061389662	0.0	0	0.0	2334.727813232399	1	0	tensor(3)	1.6636472035626415
140223.40348394425	2000.0	2111.324329287978	0.0	0	0.0	2334.727813232399	1	0	tensor(3)	1.6636472035626415
141688.11251077152	3000.0	1646.6153024607233	0.0	0	0.0	2334.727813232399	1	0	tensor(3)	1.6636472035626415
142623.18952201286	2000.0	1711.5382912193882	0.0	0	0.0	2334.72781323237	1	0	tensor(3)	1.2581820954544796
143638.5489684215	2000.0	1696.1788448107427	0.0	0	0.0	2334.72781323237	1	0	tensor(3)	1.6636472035626442
144652.01279402856	2000.0	1682.715019203714	0.0	0	0.0	2334.72781323237	1	0	tensor(3)	1.6636472035626442
145717.48393639078	2000.0	1617.2438768415047	0.0	0	0.0	2334.72781323237	1	0	tensor(3)	1.6636472035626442
147083.7979026983	2000.0	1250.9299105339776	0.0	0	0.0	2334.72781323237	1	0	tensor(3)	1.6636472035626442
148019.41327133088	2000.0	1315.3145419014027	0.0	0	0.0	2334.72781323237	1	0	tensor(3)	1.6636472035626442
148592.1622642728	2000.0	1742.56554895946	0.0	0	0.0	2334.72781323237	1	0	tensor(3)	1.6636472035626442
149546.96917149442	2000.0	1787.7586417378384	0.0	0	0.0	2334.727813232399	1	0	tensor(3)	1.6636472035626415
150653.738725536	2000.0	1680.9890876962497	0.0	0	0.0	2334.72781323237	1	0	tensor(3)	1.6636472035626442
151490.58557561957	2000.0	1844.1422376126905	0.0	0	0.0	2334.72781323237	1	0	tensor(3)	1.6636472035626442
152358.43999575006	2000.0	1976.287817482204	0.0	0	0.0	2334.72781323237	1	0	tensor(3)	1.6636472035626442
153221.81480205132	2000.0	2112.9130111809445	0.0	0	0.0	2334.72781323237	1	0	tensor(3)	1.6636472035626442
154200.0	2000.0	2134.7278132322735	0.0	0	75.71915950303082	2334.72781323237	1	0	tensor(3)	1.6636472035626442
155345.9504166257	2000.0	1988.777396606559	0.0	0	0.0	2334.727813232399	1	0	tensor(3)	1.6636472035626415
156443.39576381768	2000.0	1891.332049414571	0.0	0	0.0	2334.727813232399	1	0	tensor(3)	1.6636472035626415
157435.8271531524	2000.0	1898.900660079839	0.0	0	0.0	2334.727813232399	1	0	tensor(3)	1.6636472035626415
158476.23181623532	2000.0	1858.4959969969404	0.0	0	0.0	2334.727813232399	1	0	tensor(3)	1.6636472035626415
159818.15951726906	2000.0	1516.5682959632109	0.0	0	0.0	2334.727813232399	1	0	tensor(3)	1.6636472035626415
160900.9856459431	1000.0	1433.7421672891944	0.0	0	0.0	2334.727813232399	1	0	tensor(3)	0.27735284244275105
161891.5494892229	1000.0	1443.1783240093632	0.0	0	0.0	2334.727813232399	1	0	tensor(3)	0.9705000230026962
162681.2667037235	2000.0	1653.4611095087423	0.0	0	0.0	2334.72781323237	1	0	tensor(3)	0.9705000230026991
163671.16865451608	2000.0	1663.5591587161628	0.0	0	0.0	2334.72781323237	1	0	tensor(3)	1.6636472035626442
165073.6654773293	2000.0	1261.0623359029435	0.0	0	0.0	2334.727813232399	1	0	tensor(3)	1.6636472035626426
165934.2968511046	1000.0	1400.4309621276445	0.0	0	0.0	2334.727813232399	1	0	tensor(3)	0.27735284244275105
166438.36682340378	1000.0	1896.3609898284333	0.0	0	0.0	2334.72781323237	1	0	tensor(3)	0.9705000230026992
167200.0	1000.0	2134.7278132321726	0.0	0	288.59361265107873	2334.72781323237	1	0	tensor(3)	0.9705000230026992
168200.0	2000.0	2134.7278132321862	0.0	0	133.44307127661887	2334.727813232399	1	0	tensor(3)	0.9705000230026963
169660.55520068295	2000.0	1674.1726125492266	0.0	0	0.0	2334.727813232399	1	0	tensor(3)	1.6636472035626415
170370.10999050573	2000.0	1964.6178227264159	0.0	0	0.0	2334.727813232399	1	0	tensor(3)	1.6636472035626415
171335.89139624132	2000.0	1998.83641699084	0.0	0	0.0	2334.727813232399	1	0	tensor(3)	1.6636472035626415
172200.0	2000.0	2134.727813232134	0.0	0	320.0713307210244	2334.727813232399	1	0	tensor(3)	1.6636472035626415
173200.0	3000.0	2134.727813232142	0.0	0	316.3932821555645	2334.727813232399	1	0	tensor(3)	1.6636472035626415
174200.0	3000.0	2134.727813232139	0.0	0	293.57865755294915	2334.727813232399	1	0	tensor(3)	2.069112311670806
175200.0	3000.0	2134.727813232135	0.0	0	296.27533638084424	2334.727813232399	1	0	tensor(3)	2.069112311670806
176659.5402175904	3000.0	1675.187595641709	0.0	0	0.0	2334.727813232399	1	0	tensor(3)	2.069112311670806
177850.95186470458	3000.0	1483.775948527529	0.0	0	0.0	2334.727813232399	1	0	tensor(3)	2.069112311670806
178711.79660544934	3000.0	1622.9312077827517	0.0	0	0.0	2334.72781323237	1	0	tensor(3)	2.0691123116708066
179539.55859829197	3000.0	1795.1692149401433	0.0	0	0.0	2334.72781323237	1	0	tensor(3)	2.0691123116708092
180722.28029785003	3000.0	1612.4475153820845	0.0	0	0.0	2334.727813232399	1	0	tensor(3)	2.069112311670806
181900.87504489927	3000.0	1433.8527683328455	0.0	0	0.0	2334.727813232399	1	0	tensor(3)	2.069112311670806
183144.47399607356	2000.0	1190.2538171585852	0.0	0	0.0	2334.727813232428	1	0	tensor(3)	1.258182095454475
184292.17246436593	2000.0	1042.5553488662067	0.0	0	0.0	2334.727813232399	1	0	tensor(3)	1.6636472035626415
185347.27827280638	2000.0	987.4495404257798	0.0	0	0.0	2334.727813232399	1	0	tensor(3)	1.6636472035626415
186264.03036670721	2000.0	1070.697446524951	0.0	0	0.0	2334.727813232399	1	0	tensor(3)	1.6636472035626415
187115.18854410658	2000.0	1219.5392691256122	0.0	0	0.0	2334.727813232399	1	0	tensor(3)	1.6636472035626415
188029.26827551264	2000.0	1305.4595377195365	0.0	0	0.0	2334.727813232428	1	0	tensor(3)	1.6636472035626388
188808.25020896128	2000.0	1526.477604270884	0.0	0	0.0	2334.727813232428	1	0	tensor(3)	1.6636472035626384
189744.86479109537	2000.0	1589.8630221367898	0.0	0	0.0	2334.727813232399	1	0	tensor(3)	1.663647203562639
190517.1469322825	2000.0	1817.5808809496789	0.0	0	0.0	2334.727813232399	1	0	tensor(3)	1.6636472035626415
192457.55518372002	3000.0	877.1726295121579	0.0	0	0.0	2334.727813232428	1	0	tensor(3)	1.6636472035626397
194116.637567178	2000.0	218.09024605420458	0.0	0	0.0	2334.727813232399	1	0	tensor(3)	1.258182095454477
194759.9060706348	1000.0	667.9516564533905	93.12991385596658	0	0.0	2427.8577270883834	1	0	tensor(3)	-0.2907396320786466
195568.0959420981	2000.0	859.7617849900822	0.0	0	0.0	2427.8577270883834	1	0	tensor(3)	0.9611870316170978
196365.98746906567	2000.0	1061.8702580224842	0.0	0	0.0	2427.8577270883834	1	0	tensor(3)	1.654334212177043
197667.84114853202	2000.0	760.0165785561298	0.0	0	0.0	2427.8577270884125	1	0	tensor(3)	1.65433421217704
198672.62699975786	2000.0	755.2307273302904	0.0	0	0.0	2427.8577270883834	1	0	tensor(3)	1.654334212177043
199213.2669152535	2000.0	1214.5908118346122	0.0	0	0.0	2427.8577270883834	1	0	tensor(3)	1.654334212177043
199808.48300420403	2000.0	1619.3747228840912	0.0	0	0.0	2427.8577270883834	1	0	tensor(3)	1.654334212177043
201075.08478546582	3000.0	1352.7729416222767	0.0	0	0.0	2427.8577270883543	1	0	tensor(3)	1.654334212177046
202157.07222608887	2000.0	1270.7855009992168	0.0	0	0.0	2427.857727088325	1	0	tensor(3)	1.2488691040688842
203398.41585807235	2000.0	1029.441869015712	0.0	0	0.0	2427.857727088325	1	0	tensor(3)	1.6543342121770488
204571.41021446526	1000.0	856.4475126227833	0.0	0	0.0	2427.857727088325	1	0	tensor(3)	0.26803985105715844
205105.8061908013	1000.0	1322.051536286716	0.0	0	0.0	2427.857727088296	1	0	tensor(3)	0.9611870316171066
205761.006019716	1000.0	1666.8517073720113	0.0	0	0.0	2427.857727088296	1	0	tensor(3)	0.9611870316171066
206866.02207843997	2000.0	1561.8356486480407	0.0	0	0.0	2427.857727088296	1	0	tensor(3)	0.9611870316171064
208115.05850190533	2000.0	1312.799225182699	0.0	0	0.0	2427.857727088325	1	0	tensor(3)	1.6543342121770488
208863.6211027488	2000.0	1564.2366243392466	0.0	0	0.0	2427.857727088325	1	0	tensor(3)	1.6543342121770488
209441.14310780342	2000.0	1986.7146192845928	0.0	0	0.0	2427.857727088325	1	0	tensor(3)	1.6543342121770488
210382.19208422652	3000.0	2045.6656428614538	0.0	0	0.0	2427.857727088325	1	0	tensor(3)	1.654334212177049
211692.76330036306	3000.0	1735.0944267249145	0.0	0	0.0	2427.857727088325	1	0	tensor(3)	2.0597993202852134
213066.6592174991	3000.0	1361.1985095888613	0.0	0	0.0	2427.857727088325	1	0	tensor(3)	2.0597993202852134
214052.01074673954	3000.0	1375.8469803484516	0.0	0	0.0	2427.8577270883543	1	0	tensor(3)	2.0597993202852107
214789.43185043673	2000.0	1638.4258766512755	0.0	0	0.0	2427.857727088325	1	0	tensor(3)	1.2488691040688842
216940.48624024793	3000.0	487.371486840056	0.0	0	0.0	2427.857727088325	1	0	tensor(3)	1.654334212177049
217738.8152785433	1000.0	689.0424485446844	0.0	0	0.0	2427.857727088325	1	0	tensor(3)	-0.13742525705100628
218867.86482138757	2000.0	559.9929057004056	0.0	0	0.0	2427.857727088325	1	0	tensor(3)	0.9611870316171036
219646.04508894545	2000.0	781.8126381425304	0.0	0	0.0	2427.857727088325	1	0	tensor(3)	1.6543342121770488
220650.3798582313	2000.0	777.4778688566975	0.0	0	0.0	2427.857727088325	1	0	tensor(3)	1.6543342121770488
221988.64565889598	2000.0	439.2120681919786	0.0	0	0.0	2427.857727088296	1	0	tensor(3)	1.6543342121770515
223155.56085784218	2000.0	449.257948364815	176.96107911903806	0	0.0	2604.8188062073605	1	0	tensor(3)	0.574871629550917
224004.78997093716	2000.0	603.7124326664697	3.683597396642142	0	0.0	2608.502403604012	1	0	tensor(3)	1.6141681601456275
224907.55116111826	2000.0	700.9512424853383	0.0	0	0.0	2608.5024036040413	1	0	tensor(3)	1.636269744525477
225882.82807954354	2000.0	725.6743240600689	0.0	0	0.0	2608.5024036040413	1	0	tensor(3)	1.636269744525477
227013.2145682946	2000.0	595.2878353089768	0.0	0	0.0	2608.5024036040413	1	0	tensor(3)	1.636269744525477
227874.25927920605	2000.0	734.2431243975225	0.0	0	0.0	2608.502403604012	1	0	tensor(3)	1.6362697445254801
228868.20312027654	2000.0	740.2992833270473	0.0	0	0.0	2608.502403604012	1	0	tensor(3)	1.6362697445254801
229822.735522165	2000.0	785.7668814385845	0.0	0	0.0	2608.502403603983	1	0	tensor(3)	1.636269744525483
230562.9409197336	2000.0	1045.5614838700162	0.0	0	0.0	2608.502403603983	1	0	tensor(3)	1.636269744525483
231447.33159123873	2000.0	1161.1708123649391	0.0	0	0.0	2608.502403603983	1	0	tensor(3)	1.636269744525483
232294.9716985634	2000.0	1313.5307050403164	0.0	0	0.0	2608.502403603954	1	0	tensor(3)	1.636269744525486
233150.34759295525	2000.0	1458.1548106484565	0.0	0	0.0	2608.502403603954	1	0	tensor(3)	1.636269744525486
234147.4389521232	2000.0	1461.0634514805329	0.0	0	0.0	2608.502403603954	1	0	tensor(3)	1.636269744525486
234937.87450723565	2000.0	1670.6278963680793	0.0	0	0.0	2608.502403603954	1	0	tensor(3)	1.636269744525486
236003.62636768803	2000.0	1604.8760359157368	0.0	0	0.0	2608.502403603954	1	0	tensor(3)	1.636269744525486
236690.74434251848	2000.0	1917.7580610853047	0.0	0	0.0	2608.502403603954	1	0	tensor(3)	1.636269744525486
238031.65403242514	2000.0	1576.8483711786123	0.0	0	0.0	2608.502403603954	1	0	tensor(3)	1.636269744525486
238989.35358496866	2000.0	1619.1488186351007	0.0	0	0.0	2608.502403603983	1	0	tensor(3)	1.636269744525483
239891.36142958966	2000.0	1717.1409740141264	0.0	0	0.0	2608.502403603983	1	0	tensor(3)	1.636269744525483
241227.0304979769	2000.0	1381.4719056268723	0.0	0	0.0	2608.502403603983	1	0	tensor(3)	1.636269744525483
242459.75725821528	2000.0	1148.7451453884942	0.0	0	0.0	2608.502403603983	1	0	tensor(3)	1.636269744525483
243272.69248953403	2000.0	1335.809914069724	0.0	0	0.0	2608.502403603983	1	0	tensor(3)	1.636269744525483
244352.90806081475	2000.0	1255.5943427890165	0.0	0	0.0	2608.502403603983	1	0	tensor(3)	1.636269744525483
245067.95309822512	2000.0	1540.549305378623	0.0	0	0.0	2608.502403603983	1	0	tensor(3)	1.636269744525483
245951.94331729095	2000.0	1656.5590863127838	0.0	0	0.0	2608.502403603983	1	0	tensor(3)	1.636269744525483
246724.8198710852	2000.0	1883.6825325185016	0.0	0	0.0	2608.502403603983	1	0	tensor(3)	1.636269744525483
247221.48606802852	2000.0	2387.0163355751993	0.0	0	0.0	2608.502403603983	1	0	tensor(3)	1.636269744525483
248200.0	3000.0	2408.5024036037476	0.0	0	294.5378091468883	2608.502403603983	1	0	tensor(3)	1.636269744525483
249200.0	3000.0	2408.5024036037576	0.0	0	151.54062412088388	2608.502403603983	1	0	tensor(3)	2.0417348526336476
250200.0	3000.0	2408.502403603757	0.0	0	134.78885038066073	2608.502403603983	1	0	tensor(3)	2.0417348526336476
251200.0	3000.0	2408.5024036037744	0.0	0	173.15610410561203	2608.502403603983	1	0	tensor(3)	2.0417348526336476
252269.4709387912	3000.0	2339.031464812606	0.0	0	0.0	2608.502403604012	1	0	tensor(3)	2.0417348526336454
254254.51495770222	3000.0	1353.9874459015568	0.0	0	0.0	2608.502403604012	1	0	tensor(3)	2.041734852633645
255516.32683598474	2000.0	1092.175567619036	0.0	0	0.0	2608.502403604012	1	0	tensor(3)	1.2308046364173155
256402.81887601223	2000.0	1205.6835275915632	0.0	0	0.0	2608.502403604012	1	0	tensor(3)	1.6362697445254801
257365.69534603535	2000.0	1242.8070575684137	0.0	0	0.0	2608.502403604012	1	0	tensor(3)	1.6362697445254801
258475.00868489832	2000.0	1133.4937187054281	0.0	0	0.0	2608.502403603983	1	0	tensor(3)	1.636269744525483
259345.55125896784	2000.0	1262.9511446359265	0.0	0	0.0	2608.502403603983	1	0	tensor(3)	1.636269744525483
259969.1288073671	2000.0	1639.3735962366457	0.0	0	0.0	2608.502403603983	1	0	tensor(3)	1.636269744525483
260914.42359552192	3000.0	1694.0788080818209	0.0	0	0.0	2608.502403603983	1	0	tensor(3)	1.636269744525483
262153.8233707451	3000.0	1454.6790328586262	0.0	0	0.0	2608.502403603983	1	0	tensor(3)	2.0417348526336476
263153.5436045725	3000.0	1454.9587990312016	0.0	0	0.0	2608.502403603925	1	0	tensor(3)	2.0417348526336503
263920.79689965915	3000.0	1687.7055039445368	0.0	0	0.0	2608.502403603954	1	0	tensor(3)	2.0417348526336516
265205.42920516775	3000.0	1403.0731984358902	0.0	0	0.0	2608.502403603925	1	0	tensor(3)	2.041734852633653
266163.96003861696	2000.0	1444.542364986658	0.0	0	0.0	2608.502403603983	1	0	tensor(3)	1.2308046364173184
267050.9003535108	2000.0	1557.60205009284	0.0	0	0.0	2608.502403603983	1	0	tensor(3)	1.636269744525483
268167.96613300196	2000.0	1440.536270601688	0.0	0	0.0	2608.502403603983	1	0	tensor(3)	1.636269744525483
269202.1901301853	2000.0	1406.3122734184328	0.0	0	0.0	2608.502403603983	1	0	tensor(3)	1.636269744525483
270481.1945310851	2000.0	1127.3078725185862	0.0	0	0.0	2608.502403603983	1	0	tensor(3)	1.636269744525483
271325.44264716137	2000.0	1283.0597564422724	0.0	0	0.0	2608.502403603925	1	0	tensor(3)	1.6362697445254888
272246.0235840116	2000.0	1362.4788195920223	0.0	0	0.0	2608.502403603925	1	0	tensor(3)	1.6362697445254888
272840.69603162684	2000.0	1767.8063719767504	0.0	0	0.0	2608.502403603925	1	0	tensor(3)	1.6362697445254888
273761.5392085147	2000.0	1846.963195088888	0.0	0	0.0	2608.5024036038667	1	0	tensor(3)	1.6362697445254946
274271.18065778847	2000.0	2337.3217458151034	0.0	0	0.0	2608.5024036038667	1	0	tensor(3)	1.6362697445254946
275317.88651320606	3000.0	2290.6158903974606	0.0	0	0.0	2608.5024036038085	1	0	tensor(3)	1.6362697445255006
276207.256279769	3000.0	2401.2461238345345	0.0	0	0.0	2608.5024036038085	1	0	tensor(3)	2.041734852633665
277256.6282168076	3000.0	2351.8741867958975	0.0	0	0.0	2608.5024036037503	1	0	tensor(3)	2.04173485263367
278396.3721317682	3000.0	2212.1302718352617	0.0	0	0.0	2608.5024036037503	1	0	tensor(3)	2.041734852633671
279200.0	2000.0	2408.502403603501	0.0	0	193.63627518893918	2608.5024036038085	1	0	tensor(3)	1.2308046364173357
280200.0	3000.0	2408.5024036034933	0.0	0	80.80145631043706	2608.5024036037503	1	0	tensor(3)	1.6362697445255063
281394.10808103613	3000.0	2214.394322567378	0.0	0	0.0	2608.5024036037503	1	0	tensor(3)	2.041734852633671
282751.0924985803	2000.0	1857.409905023211	0.0	0	0.0	2608.5024036037503	1	0	tensor(3)	1.230804636417342
283933.73466083413	2000.0	1674.7677427693957	0.0	0	0.0	2608.5024036037503	1	0	tensor(3)	1.6362697445255066
284597.98154049116	2000.0	2010.5208631123844	0.0	0	0.0	2608.5024036037503	1	0	tensor(3)	1.6362697445255066
285686.8702785892	2000.0	1921.6321250143337	0.0	0	0.0	2608.5024036037503	1	0	tensor(3)	1.6362697445255066
286595.3399322871	2000.0	2013.162471316424	0.0	0	0.0	2608.5024036037503	1	0	tensor(3)	1.6362697445255066
287502.964017818	2000.0	2105.5383857855927	0.0	0	0.0	2608.5024036037503	1	0	tensor(3)	1.6362697445255066
288273.26990653307	2000.0	2335.232497070496	0.0	0	0.0	2608.5024036037503	1	0	tensor(3)	1.6362697445255066
289200.0	3000.0	2408.5024036035884	0.0	0	124.23287612869171	2608.5024036038085	1	0	tensor(3)	1.6362697445255006
290685.13634804246	3000.0	1923.3660555610925	0.0	0	0.0	2608.502403603692	1	0	tensor(3)	2.041734852633672
292373.6200985515	3000.0	1234.8823050520427	0.0	0	0.0	2608.502403603692	1	0	tensor(3)	2.041734852633677
293121.3249972607	2000.0	1487.1774063428747	0.0	0	0.0	2608.5024036037503	1	0	tensor(3)	1.230804636417342
293995.40089546645	2000.0	1613.1015081371388	0.0	0	0.0	2608.5024036038085	1	0	tensor(3)	1.6362697445255028
294778.8941067873	2000.0	1829.6082968162696	0.0	0	0.0	2608.5024036038085	1	0	tensor(3)	1.6362697445255003
295759.8035427652	2000.0	1848.6988608383003	0.0	0	0.0	2608.5024036038085	1	0	tensor(3)	1.6362697445254957
296500.9113296449	2000.0	2107.5910739585497	0.0	0	0.0	2608.5024036037503	1	0	tensor(3)	1.6362697445255066
297200.0	2000.0	2408.5024036033865	0.0	0	17.695485390606336	2608.5024036037503	1	0	tensor(3)	1.6362697445255066
298200.0	2000.0	2408.502403603322	0.0	0	276.15398677723715	2608.5024036037503	1	0	tensor(3)	1.6362697445255066
300001.42505706736	3000.0	1607.0773465360176	0.0	0	0.0	2608.5024036038085	1	0	tensor(3)	1.636269744525504
300771.5633471263	2000.0	1836.939056477053	0.0	0	0.0	2608.5024036038667	1	0	tensor(3)	1.23080463641733
302025.44074075914	2000.0	1583.0616628441792	0.0	0	0.0	2608.5024036038667	1	0	tensor(3)	1.6362697445254946
303410.7202310417	2000.0	1197.7821725615822	0.0	0	0.0	2608.5024036038085	1	0	tensor(3)	1.6362697445255003
304652.60972078296	2000.0	955.892682820394	0.0	0	0.0	2608.5024036038085	1	0	tensor(3)	1.6362697445255003
305755.28249635047	2000.0	853.2199072529534	0.0	0	0.0	2608.5024036038667	1	0	tensor(3)	1.6362697445254946
2.13	1.71	2.56	2.12	1.64	1.09	1.1	2.15	1.81	1.1	1.38	1.58	2.32	1.92	1.75	2.27	3.17	3.81	3.76	4.34	2.73	2.55	2.51	2.87	3.43	2.56	2.27	2.22	1.88	2.22	2.09	2.17	1.91	2.75	2.83	2.51	2.02	2.07	1.32	1.58	2.58	2.5	1.93	2.65	3.22	2.57	1.78	1.98	1.37	1.02	1.7	1.92	2.11	2.57	3.78	3.97	2.11	2.63	2.17	3.2	2.55	0.96	1.14	2.13	3.13	1.74	1.82	1.93	2.61	2.95	2.07	2.25	1.99	2.25	2.24	2.32	2.93	2.14	2.27	2.69	2.64	2.56	1.74	1.7	2.39	2.11	1.78	2.07	2.88	1.82	2.53	3.01	4.21	2.65	3.06	2.68	3.22	2.05	1.76	2.33	1.91	1.78	1.78	2.0	3.17	2.84	2.99	3.7	3.37	2.59	2.17	2.86	1.9	1.77	2.15	1.9	2.37	2.61	2.87	4.02	3.41	2.79	1.93	2.61	3.07	3.05	1.73	1.49	2.0	2.85	1.84	2.06	2.46	2.86	2.78	2.07	2.65	1.68	2.42	2.35	1.77	2.34	2.79	2.31	1.85	2.19	1.75	1.91	2.0	2.84	2.13	1.71	2.56	2.12	1.64	1.09	1.1	2.15	1.81	1.1	1.38	1.58	2.32	1.92	1.75	2.27	3.17	3.81	3.76	4.34	2.73	2.55	2.51	2.87	3.43	2.56	2.27	2.22	1.88	2.22	2.09	2.17	1.91	2.75	2.83	2.51	2.02	2.07	1.32	1.58	2.58	2.5	1.93	2.65	3.22	2.57	1.78	1.98	1.37	1.02	1.7	1.92	2.11	2.57	3.78	3.97	2.11	2.63	2.17	3.2	2.55	0.96	1.14	2.13	3.13	1.74	1.82	1.93	2.61	2.95	2.07	2.25	1.99	2.25	2.24	2.32	2.93	2.14	2.27	2.69	2.64	2.56	1.74	1.7	2.39	2.11	1.78	2.07	2.88	1.82	2.53	3.01	4.21	2.65	3.06	2.68	3.22	2.05	1.76	2.33	1.91	1.78	1.78	2.0	3.17	2.84	2.99	3.7	3.37	2.59	2.17	2.86	1.9	1.77	2.15	1.9	2.37	2.61	2.87	4.02	3.41	2.79	1.93	2.61	3.07	3.05	1.73	1.49	2.0	2.85	1.84	2.06	2.46	2.86	2.78	2.07	2.65	1.68	2.42	2.35	1.77	2.34	2.79	2.31	1.85	2.19	1.75	1.91	2.0	2.84	2.13	1.71	2.56
1.0	2.0	3.0	4.0	5.0	6.0	7.0	8.0	9.0	10.0	11.0	12.0	13.0	14.0	15.0	16.0	17.0	18.0	19.0	20.0	21.0	22.0	23.0	24.0	25.0	26.0	27.0	28.0	29.0	30.0	31.0	32.0	33.0	34.0	35.0	36.0	37.0	38.0	39.0	40.0	41.0	42.0	43.0	44.0	45.0	46.0	47.0	48.0	49.0	50.0	51.0	52.0	53.0	54.0	55.0	56.0	57.0	58.0	59.0	60.0	61.0	62.0	63.0	64.0	65.0	66.0	67.0	68.0	69.0	70.0	71.0	72.0	73.0	74.0	75.0	76.0	77.0	78.0	79.0	80.0	81.0	82.0	83.0	84.0	85.0	86.0	87.0	88.0	89.0	90.0	91.0	92.0	93.0	94.0	95.0	96.0	97.0	98.0	99.0	100.0	101.0	102.0	103.0	104.0	105.0	106.0	107.0	108.0	109.0	110.0	111.0	112.0	113.0	114.0	115.0	116.0	117.0	118.0	119.0	120.0	121.0	122.0	123.0	124.0	125.0	126.0	127.0	128.0	129.0	130.0	131.0	132.0	133.0	134.0	135.0	136.0	137.0	138.0	139.0	140.0	141.0	142.0	143.0	144.0	145.0	146.0	147.0	148.0	149.0	149.0	150.0	151.0	152.0	153.0	154.0	155.0	156.0	157.0	158.0	159.0	160.0	161.0	162.0	163.0	164.0	165.0	166.0	167.0	168.0	169.0	170.0	171.0	172.0	173.0	174.0	175.0	176.0	177.0	178.0	179.0	180.0	181.0	182.0	183.0	184.0	185.0	186.0	187.0	188.0	189.0	190.0	191.0	192.0	193.0	194.0	195.0	196.0	197.0	198.0	199.0	200.0	201.0	202.0	203.0	204.0	205.0	206.0	207.0	208.0	209.0	210.0	211.0	212.0	213.0	214.0	215.0	216.0	217.0	218.0	219.0	220.0	221.0	222.0	223.0	224.0	225.0	226.0	227.0	228.0	229.0	230.0	231.0	232.0	233.0	234.0	235.0	236.0	237.0	238.0	239.0	240.0	241.0	242.0	243.0	244.0	245.0	246.0	247.0	248.0	249.0	250.0	251.0	252.0	253.0	254.0	255.0	256.0	257.0	258.0	259.0	260.0	261.0	262.0	263.0	264.0	265.0	266.0	267.0	268.0	269.0	270.0	271.0	272.0	273.0	274.0	275.0	276.0	277.0	278.0	279.0	280.0	281.0	282.0	283.0	284.0	285.0	286.0	287.0	288.0	289.0	290.0	291.0	292.0	293.0	294.0	295.0	296.0	297.0	298.0	298.0	299.0	300.0	301.0
5673.772821649184
