4117.356098992096	300.0	2000.0	206.571713032424	0	0.0	4117.356098992096	1	0	tensor(3)	-1.646797057435787
4479.800164285461	500.0	2637.5559347066355	0.0	0	0.0	4117.356098992096	1	0	tensor(3)	-0.41173560989920965
5062.401624181899	1000.0	3054.954474810196	0.0	0	0.0	4117.356098992094	1	0	tensor(3)	0.09909001386678118
6077.260154382597	2000.0	3040.0959446094985	0.0	0	0.0	4117.356098992095	1	0	tensor(3)	0.7922371944267267
7003.905107245127	1000.0	3113.450991746969	0.0	0	0.0	4117.356098992095	1	0	tensor(3)	0.09909001386678143
8126.885594656164	1000.0	2990.470504335931	0.0	0	0.0	4117.356098992095	1	0	tensor(3)	0.7922371944267266
9118.400708454059	1000.0	2998.9553905380353	0.0	0	0.0	4117.356098992096	1	0	tensor(3)	0.7922371944267266
9909.644525209107	1000.0	3207.711573782987	0.0	0	0.0	4117.356098992097	1	0	tensor(3)	0.7922371944267265
11178.989741505793	1000.0	2938.366357486301	0.0	0	0.0	4117.356098992097	1	0	tensor(3)	0.7922371944267265
12204.972545652325	1000.0	2912.3835533397673	0.0	0	0.0	4117.356098992094	1	0	tensor(3)	0.7922371944267266
13611.155534698424	1000.0	2506.200564293666	0.0	0	0.0	4117.356098992093	1	0	tensor(3)	0.7922371944267268
14296.308408969795	1000.0	2821.0476900222943	0.0	0	0.0	4117.356098992093	1	0	tensor(3)	0.7922371944267268
15304.922456037508	1000.0	2812.43364295458	0.0	0	0.0	4117.356098992093	1	0	tensor(3)	0.7922371944267268
16337.143065293405	1000.0	2780.2130336986825	0.0	0	0.0	4117.356098992093	1	0	tensor(3)	0.7922371944267268
17053.628613825924	1000.0	3063.727485166164	0.0	0	0.0	4117.356098992095	1	0	tensor(3)	0.7922371944267266
17887.300063144907	1000.0	3230.0560358471803	0.0	0	0.0	4117.356098992093	1	0	tensor(3)	0.7922371944267268
18836.068757730623	1000.0	3281.2873412614636	0.0	0	0.0	4117.356098992092	1	0	tensor(3)	0.7922371944267269
20990.593634005334	1000.0	2126.7624649867485	0.0	0	0.0	4117.356098992092	1	0	tensor(3)	0.792237194426727
22082.4492544985	1000.0	2034.9068444935845	0.0	0	0.0	4117.356098992092	1	0	tensor(3)	0.792237194426727
23492.884834702596	1000.0	1624.4712642894933	0.0	0	0.0	4117.356098992095	1	0	tensor(3)	0.7922371944267266
24486.44619212642	1000.0	1630.909906865667	0.0	0	0.0	4117.356098992095	1	0	tensor(3)	0.7922371944267266
25636.46684698297	1000.0	1480.8892520091138	0.0	0	0.0	4117.356098992095	1	0	tensor(3)	0.7922371944267266
26528.551962638823	1000.0	1588.8041363532634	0.0	0	0.0	4117.356098992095	1	0	tensor(3)	0.7922371944267266
27615.029172401704	1000.0	1502.326926590378	0.0	0	0.0	4117.356098992092	1	0	tensor(3)	0.792237194426727
29106.69073474517	1000.0	1010.665364246911	0.0	0	0.0	4117.356098992092	1	0	tensor(3)	0.792237194426727
30145.655681275857	1000.0	971.7004177162229	0.0	0	0.0	4117.356098992092	1	0	tensor(3)	0.792237194426727
31342.178398973556	1000.0	775.1777000185234	0.0	0	0.0	4117.356098992092	1	0	tensor(3)	0.792237194426727
32206.564421059862	1000.0	910.791677932219	0.0	0	0.0	4117.356098992092	1	0	tensor(3)	0.792237194426727
33322.99543663155	1000.0	794.3606623605348	0.0	0	0.0	4117.356098992095	1	0	tensor(3)	0.7922371944267266
34242.60176938386	1000.0	874.754329608229	0.0	0	0.0	4117.356098992099	1	0	tensor(3)	0.7922371944267264
35253.87821772922	1000.0	863.4778812628633	0.0	0	0.0	4117.356098992099	1	0	tensor(3)	0.7922371944267264
36092.87678459484	1000.0	1024.4793143972406	0.0	0	0.0	4117.356098992088	1	0	tensor(3)	0.7922371944267272
36835.703622704656	1000.0	1281.6524762874226	0.0	0	0.0	4117.356098992084	1	0	tensor(3)	0.7922371944267277
37366.409768801575	1000.0	1750.9463301905014	0.0	0	0.0	4117.356098992088	1	0	tensor(3)	0.7922371944267272
38095.09971880985	1000.0	2022.2563801822237	0.0	0	0.0	4117.356098992088	1	0	tensor(3)	0.7922371944267272
39095.04012161281	1000.0	2022.315977379259	0.0	0	0.0	4117.356098992088	1	0	tensor(3)	0.7922371944267272
39743.37193718763	1000.0	2373.98416180443	0.0	0	0.0	4117.356098992081	1	0	tensor(3)	0.7922371944267281
40627.64733478863	1000.0	2489.708764203426	0.0	0	0.0	4117.356098992081	1	0	tensor(3)	0.7922371944267281
41935.4263288073	1000.0	2181.929770184759	0.0	0	0.0	4117.356098992081	1	0	tensor(3)	0.7922371944267281
43207.478516747346	1000.0	1909.877582244712	0.0	0	0.0	4117.356098992081	1	0	tensor(3)	0.7922371944267281
44318.26318845332	1000.0	1799.0929105387418	0.0	0	0.0	4117.356098992081	1	0	tensor(3)	0.7922371944267281
45509.9735427628	1000.0	1607.3825562292564	0.0	0	0.0	4117.356098992081	1	0	tensor(3)	0.7922371944267281
46721.45985307705	1000.0	1395.8962459149989	0.0	0	0.0	4117.356098992073	1	0	tensor(3)	0.7922371944267288
47640.39730186437	1000.0	1476.9587971276828	0.0	0	0.0	4117.356098992073	1	0	tensor(3)	0.7922371944267288
48566.37718788077	1000.0	1550.9789111112761	0.0	0	0.0	4117.356098992073	1	0	tensor(3)	0.7922371944267288
49245.667560818954	1000.0	1871.6885381730883	0.0	0	0.0	4117.356098992073	1	0	tensor(3)	0.7922371944267288
49961.51852748509	1000.0	2155.837571506956	0.0	0	0.0	4117.356098992073	1	0	tensor(3)	0.7922371944267288
50908.57356420699	1000.0	2208.782534785049	0.0	0	0.0	4117.356098992073	1	0	tensor(3)	0.7922371944267288
52147.18293289403	1000.0	1970.1731660980154	0.0	0	0.0	4117.356098992073	1	0	tensor(3)	0.7922371944267288
53147.34517773282	1000.0	1970.010921259221	0.0	0	0.0	4117.356098992073	1	0	tensor(3)	0.7922371944267288
53881.45666949838	1000.0	2235.899429493667	0.0	0	0.0	4117.356098992073	1	0	tensor(3)	0.7922371944267288
54827.893178634724	1000.0	2289.462920357326	0.0	0	0.0	4117.356098992073	1	0	tensor(3)	0.7922371944267288
55658.43938927884	1000.0	2458.916709713213	0.0	0	0.0	4117.356098992073	1	0	tensor(3)	0.7922371944267288
56659.61984459436	1000.0	2457.7362543976938	0.0	0	0.0	4117.356098992066	1	0	tensor(3)	0.7922371944267295
58182.45618175629	1000.0	1934.8999172357605	0.0	0	0.0	4117.356098992066	1	0	tensor(3)	0.7922371944267295
58914.1954485064	1000.0	2203.160650485661	0.0	0	0.0	4117.356098992073	1	0	tensor(3)	0.7922371944267288
60016.13955965137	1000.0	2101.2165393406835	0.0	0	0.0	4117.356098992073	1	0	tensor(3)	0.7922371944267288
61013.14766564601	1000.0	2104.208433346038	0.0	0	0.0	4117.356098992073	1	0	tensor(3)	0.7922371944267288
61922.1288853301	1000.0	2195.227213661942	0.0	0	0.0	4117.356098992073	1	0	tensor(3)	0.7922371944267288
63468.23954645719	2000.0	1649.1165525348456	0.0	0	0.0	4117.356098992073	1	0	tensor(3)	0.7922371944267289
64131.16362819272	1000.0	1986.192470799307	0.0	0	0.0	4117.356098992066	1	0	tensor(3)	0.09909001386678429
64804.152572372244	1000.0	2313.203526619785	0.0	0	0.0	4117.356098992066	1	0	tensor(3)	0.7922371944267295
65544.49609769836	1000.0	2572.860001293679	0.0	0	0.0	4117.356098992066	1	0	tensor(3)	0.7922371944267295
66284.02791134626	1000.0	2833.328187645757	0.0	0	0.0	4117.356098992044	1	0	tensor(3)	0.7922371944267312
67889.96519677549	2000.0	2227.3909022165303	0.0	0	0.0	4117.356098992052	1	0	tensor(3)	0.7922371944267314
68751.6184957044	1000.0	2365.737603287613	0.0	0	0.0	4117.356098992044	1	0	tensor(3)	0.09909001386678634
69494.9670492988	1000.0	2622.389049693209	0.0	0	0.0	4117.356098992037	1	0	tensor(3)	0.7922371944267319
70112.23319364835	1000.0	3005.122905343655	0.0	0	0.0	4117.356098992037	1	0	tensor(3)	0.7922371944267326
71252.20540351527	2000.0	2865.1506954767356	0.0	0	0.0	4117.356098992037	1	0	tensor(3)	0.7922371944267326
72405.78930745533	1000.0	2711.566791536682	0.0	0	0.0	4117.356098992037	1	0	tensor(3)	0.0990900138667874
73184.48274928406	1000.0	2932.873349707947	0.0	0	0.0	4117.356098992052	1	0	tensor(3)	0.7922371944267309
74228.51556862096	2000.0	2888.840530371058	0.0	0	0.0	4117.356098992066	1	0	tensor(3)	0.7922371944267295
75201.14237927823	1000.0	2916.213719713792	0.0	0	0.0	4117.356098992066	1	0	tensor(3)	0.09909001386678429
76014.48038333119	1000.0	3102.8757156608362	0.0	0	0.0	4117.356098992066	1	0	tensor(3)	0.7922371944267295
78611.44129482588	2000.0	1505.9148041661297	0.0	0	0.0	4117.356098992052	1	0	tensor(3)	0.7922371944267308
79876.23348262007	1000.0	1241.1226163719257	0.0	0	0.0	4117.356098992037	1	0	tensor(3)	0.0990900138667874
80966.35948528745	1000.0	1150.996613704529	0.0	0	0.0	4117.356098992037	1	0	tensor(3)	0.7922371944267326
82134.42892342887	1000.0	982.9271755631041	0.0	0	0.0	4117.356098992037	1	0	tensor(3)	0.7922371944267326
82882.84572959963	1000.0	1234.5103693923331	0.0	0	0.0	4117.356098992037	1	0	tensor(3)	0.7922371944267326
83815.83013492599	1000.0	1301.5259640659826	0.0	0	0.0	4117.356098992022	1	0	tensor(3)	0.7922371944267339
85417.19675413224	1000.0	700.1593448597232	0.0	0	0.0	4117.356098992022	1	0	tensor(3)	0.7922371944267339
86449.4000847702	1000.0	667.9560142217592	0.0	0	0.0	4117.356098992022	1	0	tensor(3)	0.7922371944267339
87545.76464395568	1000.0	571.5914550362712	0.0	0	0.0	4117.356098992022	1	0	tensor(3)	0.7922371944267339
88682.55364880321	1000.0	434.8024501887496	0.0	0	0.0	4117.356098992037	1	0	tensor(3)	0.7922371944267326
89522.69699030707	1000.0	594.6591086848924	0.0	0	0.0	4117.356098992052	1	0	tensor(3)	0.7922371944267309
90398.68433135541	1000.0	718.6717676365392	0.0	0	0.0	4117.356098992052	1	0	tensor(3)	0.7922371944267309
91283.96222034874	1000.0	833.3938786432084	0.0	0	0.0	4117.356098992052	1	0	tensor(3)	0.7922371944267309
92562.89666132229	1000.0	554.459437669661	0.0	0	0.0	4117.356098992037	1	0	tensor(3)	0.7922371944267326
93969.73570723317	1000.0	316.4882619153212	168.8678701565434	0	0.0	4286.223969148588	1	0	tensor(3)	-0.23764268971346103
95364.20639951	1000.0	200.0	277.98243036152166	0	0.0	4564.206399510105	1	0	tensor(3)	-0.9199851075918102
95992.12061714912	500.0	764.2111223113558	192.12533995047892	0	0.0	4756.331739460482	1	0	tensor(3)	-1.810706770442876
96978.08382200506	1000.0	778.2479174554092	0.0	0	0.0	4756.331739460482	1	0	tensor(3)	0.03519244981994263
97793.69013376598	1000.0	962.6416056944863	0.0	0	0.0	4756.331739460482	1	0	tensor(3)	0.7283396303798881
98466.60161063622	1000.0	1289.730128824231	0.0	0	0.0	4756.331739460482	1	0	tensor(3)	0.7283396303798881
98983.11733846088	1000.0	1773.214400999552	0.0	0	0.0	4756.331739460482	1	0	tensor(3)	0.7283396303798881
99561.61440445964	1000.0	2194.717335000797	0.0	0	0.0	4756.331739460482	1	0	tensor(3)	0.7283396303798881
100222.54283539721	1000.0	2533.7889040632513	0.0	0	0.0	4756.331739460482	1	0	tensor(3)	0.7283396303798881
101457.3359155691	1000.0	2298.995823891363	0.0	0	0.0	4756.331739460482	1	0	tensor(3)	0.7283396303798881
102604.46999439348	1000.0	2151.8617450669763	0.0	0	0.0	4756.331739460482	1	0	tensor(3)	0.7283396303798881
103840.00911741662	1000.0	1916.3226220438337	0.0	0	0.0	4756.331739460482	1	0	tensor(3)	0.7283396303798881
104688.87517054884	1000.0	2067.4565689115966	0.0	0	0.0	4756.331739460482	1	0	tensor(3)	0.7283396303798881
105304.47000824606	1000.0	2451.8617312143842	0.0	0	0.0	4756.331739460482	1	0	tensor(3)	0.7283396303798881
105967.2167675653	1000.0	2789.1149718951588	0.0	0	0.0	4756.3317394604965	1	0	tensor(3)	0.7283396303798864
106546.61652722798	1000.0	3209.7152122325	0.0	0	0.0	4756.331739460511	1	0	tensor(3)	0.728339630379885
107770.5476064955	2000.0	2985.784132964983	0.0	0	0.0	4756.331739460511	1	0	tensor(3)	0.728339630379885
109535.9212811912	2000.0	2220.410458269275	0.0	0	0.0	4756.331739460511	1	0	tensor(3)	1.4214868109398302
110416.01840626441	1000.0	2340.313333196048	0.0	0	0.0	2756.331739460511	1	0	tensor(6)	-5.764807550180059
112015.2829773521	2000.0	1741.0487621083544	0.0	0	0.0	2756.331739460511	1	0	tensor(3)	0.9283396303798852
112958.40142347952	1000.0	1797.9303159809367	0.0	0	0.0	2756.3317394604965	1	0	tensor(3)	0.23519244981994136
113771.06225111363	1000.0	1985.26948834681	0.0	0	0.0	2756.331739460482	1	0	tensor(3)	0.928339630379888
114457.93676782487	1000.0	2298.394971635586	0.0	0	0.0	2756.331739460482	1	0	tensor(3)	0.928339630379888
115656.61818468115	2000.0	2099.7135547792946	0.0	0	0.0	2756.331739460482	1	0	tensor(3)	0.9283396303798879
116519.33115145698	2000.0	2237.0005880034705	0.0	0	0.0	2756.331739460482	1	0	tensor(3)	1.621486810939833
117898.79469587926	2000.0	1857.537043581197	0.0	0	0.0	2756.331739460482	1	0	tensor(3)	1.621486810939833
118754.57750371464	1000.0	2001.754235745812	0.0	0	0.0	2756.331739460482	1	0	tensor(3)	0.2351924498199428
119790.2839517221	1000.0	1966.047787738353	0.0	0	0.0	2756.331739460482	1	0	tensor(3)	0.928339630379888
120656.55922452523	1000.0	2099.772514935231	0.0	0	0.0	2756.331739460482	1	0	tensor(3)	0.928339630379888
121200.0	1000.0	2556.3317394604587	0.0	0	50.83067543404468	2756.331739460482	1	0	tensor(3)	0.928339630379888
123048.85707047876	2000.0	1707.4746689816898	0.0	0	0.0	2756.331739460482	1	0	tensor(3)	0.9283396303798879
123948.97839423557	1000.0	1807.3533452248867	0.0	0	0.0	2756.331739460482	1	0	tensor(3)	0.2351924498199428
124843.26384996744	1000.0	1913.067889493017	0.0	0	0.0	2756.3317394604674	1	0	tensor(3)	0.9283396303798894
125899.09550573578	1000.0	1857.2362337246846	0.0	0	0.0	2756.3317394604674	1	0	tensor(3)	0.9283396303798894
127182.12610542844	1000.0	1574.2056340320255	0.0	0	0.0	2756.3317394604674	1	0	tensor(3)	0.9283396303798894
128081.17785367562	1000.0	1675.1538857848425	0.0	0	0.0	2756.3317394604674	1	0	tensor(3)	0.9283396303798894
129176.42311980213	1000.0	1579.9086196583135	0.0	0	0.0	2756.3317394604674	1	0	tensor(3)	0.9283396303798894
130183.29068549549	1000.0	1573.0410539649638	0.0	0	0.0	2756.3317394604674	1	0	tensor(3)	0.9283396303798894
131002.71876035025	1000.0	1753.6129791101937	0.0	0	0.0	2756.3317394604674	1	0	tensor(3)	0.9283396303798894
131511.59328103374	1000.0	2244.738458426697	0.0	0	0.0	2756.331739460453	1	0	tensor(3)	0.9283396303798899
132291.92211676872	1000.0	2464.409622691706	0.0	0	0.0	2756.3317394604383	1	0	tensor(3)	0.9283396303798935
133561.47942509566	1000.0	2194.852314364741	0.0	0	0.0	2756.3317394604237	1	0	tensor(3)	0.9283396303798934
135704.70259348772	1000.0	1051.6291459726694	0.0	0	0.0	2756.33173946038	1	0	tensor(3)	0.9283396303798972
136492.33249529137	1000.0	1263.9992441689951	0.0	0	0.0	2756.33173946038	1	0	tensor(3)	0.9283396303798983
137409.76748759815	1000.0	1346.5642518622308	0.0	0	0.0	2756.33173946038	1	0	tensor(3)	0.9283396303798983
138790.96194379157	1000.0	965.369795668829	0.0	0	0.0	2756.33173946038	1	0	tensor(3)	0.9283396303798983
139426.48101139197	1000.0	1329.8507280684346	0.0	0	0.0	2756.33173946038	1	0	tensor(3)	0.9283396303798983
140022.20785354587	1000.0	1734.1238859145603	0.0	0	0.0	2756.33173946038	1	0	tensor(3)	0.9283396303798983
140498.835490455	1000.0	2257.496249005434	0.0	0	0.0	2756.331739460409	1	0	tensor(3)	0.9283396303798952
141659.95415210712	2000.0	2096.3775873533123	0.0	0	0.0	2756.331739460409	1	0	tensor(3)	0.9283396303798952
142483.64572187135	1000.0	2272.6860175891075	0.0	0	0.0	2756.3317394604383	1	0	tensor(3)	0.23519244981994725
143641.33430720304	1000.0	2114.9974322574417	0.0	0	0.0	2756.3317394604383	1	0	tensor(3)	0.9283396303798924
144765.35418810282	1000.0	1990.9775513576717	0.0	0	0.0	2756.3317394604383	1	0	tensor(3)	0.9283396303798924
145393.83566223385	1000.0	2362.49607722667	0.0	0	0.0	2756.3317394604383	1	0	tensor(3)	0.9283396303798924
146200.0	1000.0	2556.3317394605474	0.0	0	265.57625679235207	2756.3317394604383	1	0	tensor(3)	0.9283396303798924
147200.0	2000.0	2556.331739460555	0.0	0	138.28815802672761	2756.3317394604674	1	0	tensor(3)	0.9283396303798893
148572.8726143966	2000.0	2183.459125063963	0.0	0	0.0	2756.3317394604674	1	0	tensor(3)	1.6214868109398344
149530.03741479112	1000.0	2226.2943246694304	0.0	0	0.0	2756.3317394604383	1	0	tensor(3)	0.23519244981994725
150274.91218901234	1000.0	2481.419550448207	0.0	0	0.0	2756.3317394604383	1	0	tensor(3)	0.9283396303798924
151200.0	1000.0	2556.3317394605333	0.0	0	82.26854624063708	2756.3317394604383	1	0	tensor(3)	0.9283396303798924
152846.85404712602	1000.0	1909.4776923345148	0.0	0	0.0	2756.3317394604383	1	0	tensor(3)	0.9283396303798924
153420.1698169511	1000.0	2336.1619225094337	0.0	0	0.0	2756.331739460409	1	0	tensor(3)	0.9283396303798952
154200.0	1000.0	2556.3317394605174	0.0	0	50.59848859391059	2756.33173946038	1	0	tensor(3)	0.9283396303798983
155518.31267948955	2000.0	2238.01905997096	0.0	0	0.0	2756.331739460351	1	0	tensor(3)	0.928339630379901
156490.01965477658	1000.0	2266.312084683938	0.0	0	0.0	2756.331739460351	1	0	tensor(3)	0.2351924498199559
157541.75695931452	1000.0	2214.5747801460075	0.0	0	0.0	2756.331739460351	1	0	tensor(3)	0.928339630379901
158791.48986455167	1000.0	1964.8418749088662	0.0	0	0.0	2756.331739460351	1	0	tensor(3)	0.9283396303799034
160070.74539394033	1000.0	1685.5863455201945	0.0	0	0.0	2756.331739460351	1	0	tensor(3)	0.928339630379901
161653.01068368607	1000.0	1103.3210557744737	0.0	0	0.0	2756.331739460351	1	0	tensor(3)	0.928339630379901
162623.34226828013	1000.0	1132.9894711803904	0.0	0	0.0	2756.331739460322	1	0	tensor(3)	0.9283396303799041
163767.48679149285	1000.0	988.8449479676646	0.0	0	0.0	2756.331739460322	1	0	tensor(3)	0.9283396303799041
164320.31239548526	1000.0	1436.0193439752388	0.0	0	0.0	2756.3317394602927	1	0	tensor(3)	0.9283396303799069
165378.81920488615	1000.0	1377.5125345743693	0.0	0	0.0	2756.331739460322	1	0	tensor(3)	0.9283396303799041
166050.59476799355	1000.0	1705.7369714669778	0.0	0	0.0	2756.3317394602927	1	0	tensor(3)	0.9283396303799069
166646.53904985057	1000.0	2109.7926896099734	0.0	0	0.0	2756.331739460322	1	0	tensor(3)	0.9283396303799041
168034.7393855423	1000.0	1721.5923539182415	0.0	0	0.0	2756.3317394602927	1	0	tensor(3)	0.9283396303799069
170193.82024106116	1000.0	562.5114983993881	0.0	0	0.0	2756.3317394602636	1	0	tensor(3)	0.9283396303799097
171873.38561644836	1000.0	231.70856289851602	348.76243988630966	0	0.0	3105.0941793465754	1	0	tensor(3)	-1.1971701175801963
172506.49237231715	500.0	661.9640708659384	63.3622638362194	0	0.0	3168.456443182804	1	0	tensor(3)	-0.8793407841295515
173700.75863281486	1000.0	467.69781036823275	0.0	0	0.0	3168.456443182804	1	0	tensor(3)	0.1939799794477104
174674.33460292986	1000.0	494.1218402532207	0.0	0	0.0	3168.456443182775	1	0	tensor(3)	0.8871271600076587
175682.1182439378	1000.0	486.3381992452854	0.0	0	0.0	3168.456443182775	1	0	tensor(3)	0.8871271600076587
176588.71963868805	1000.0	579.7368044950103	0.0	0	0.0	3168.456443182775	1	0	tensor(3)	0.8871271600076587
177856.42203416652	1000.0	357.49706511661236	45.462656100082825	0	0.0	3213.919099282881	1	0	tensor(3)	0.6098049577971512
178937.1673707349	1000.0	480.3650704604968	203.61334191226604	0	0.0	3417.5324411951296	1	0	tensor(3)	-0.35946049126717305
179955.51114202174	1000.0	503.2557982970255	41.23449912337719	0	0.0	3458.7669403184846	1	0	tensor(3)	0.6106891155538245
180860.46620781382	1000.0	598.3007325049474	0.0	0	0.0	3458.7669403184846	1	0	tensor(3)	0.8580961102940876
182173.73492172852	1000.0	526.4802173714502	241.4481987812119	0	0.0	3700.215139099688	1	0	tensor(3)	-0.6147379022713044
183224.91663902742	1000.0	475.29850007255766	0.0	0	0.0	3700.2151390996587	1	0	tensor(3)	0.8339512904159703
184225.89471420235	1000.0	474.3204248976331	0.0	0	0.0	3700.2151390996587	1	0	tensor(3)	0.8339512904159703
185133.44174321162	1000.0	566.7733958883666	0.0	0	0.0	3700.2151390996587	1	0	tensor(3)	0.8339512904159703
185787.48782018136	1000.0	912.7273189186267	0.0	0	0.0	3700.2151390996587	1	0	tensor(3)	0.8339512904159703
186445.51845138264	1000.0	1254.6966877173566	0.0	0	0.0	3700.2151390996587	1	0	tensor(3)	0.8339512904159703
187089.84592401507	1000.0	1610.3692150849372	0.0	0	0.0	3700.2151390996587	1	0	tensor(3)	0.8339512904159703
188240.0493690266	1000.0	1460.165770073406	0.0	0	0.0	3700.2151390996296	1	0	tensor(3)	0.8339512904159725
189377.27016727522	1000.0	1322.94497182478	0.0	0	0.0	3700.2151390996296	1	0	tensor(3)	0.8339512904159732
190490.3131765538	1000.0	1209.9019625461622	0.0	0	0.0	3700.2151390996587	1	0	tensor(3)	0.8339512904159703
192095.7497496924	1000.0	604.4653894075617	0.0	0	0.0	3700.2151390996296	1	0	tensor(3)	0.8339512904159732
192926.1304111445	1000.0	774.0847279554752	0.0	0	0.0	3700.2151390996296	1	0	tensor(3)	0.8339512904159732
193588.75683453988	1000.0	1111.4583045601007	0.0	0	0.0	3700.2151390996296	1	0	tensor(3)	0.8339512904159732
194745.55601375166	1000.0	954.6591253483035	0.0	0	0.0	3700.2151390996005	1	0	tensor(3)	0.8339512904159738
195549.87035596097	1000.0	1150.34478313899	0.0	0	0.0	3700.2151390996005	1	0	tensor(3)	0.8339512904159762
196239.85374682146	1000.0	1460.3613922785196	0.0	0	0.0	3700.2151390996005	1	0	tensor(3)	0.8339512904159762
197309.16624996983	1000.0	1391.0488891301293	0.0	0	0.0	3700.2151390996005	1	0	tensor(3)	0.8339512904159762
198135.05282577747	1000.0	1565.162313322505	0.0	0	0.0	3700.2151390996005	1	0	tensor(3)	0.8339512904159762
199008.36823716646	1000.0	1691.8469019335148	0.0	0	0.0	3700.2151390996005	1	0	tensor(3)	0.833951290415975
199589.73407474477	1000.0	2110.481064355187	0.0	0	0.0	3700.2151390996005	1	0	tensor(3)	0.8339512904159762
200400.28231696665	1000.0	2299.9328221332926	0.0	0	0.0	3700.2151390996005	1	0	tensor(3)	0.8339512904159762
201404.31952351468	1000.0	2295.8956155852507	0.0	0	0.0	3700.2151390996296	1	0	tensor(3)	0.8339512904159732
202204.64359860047	1000.0	2495.571540499486	0.0	0	0.0	3700.2151390996296	1	0	tensor(3)	0.8339512904159732
203230.23795339046	1000.0	2469.9771857094925	0.0	0	0.0	3700.2151390996296	1	0	tensor(3)	0.8339512904159732
203905.96782947984	1000.0	2794.2473096201047	0.0	0	0.0	3700.2151390996296	1	0	tensor(3)	0.8339512904159732
204729.97855166683	1000.0	2970.2365874331404	0.0	0	0.0	3700.2151390996587	1	0	tensor(3)	0.8339512904159703
206908.9481229961	2000.0	1791.2670161038632	0.0	0	0.0	3700.2151390996587	1	0	tensor(3)	0.8339512904159704
208020.58530305818	1000.0	1679.6298360417943	0.0	0	0.0	3700.2151390996296	1	0	tensor(3)	0.14080410985602798
209096.4244228511	1000.0	1603.7907162488846	0.0	0	0.0	3700.2151390996296	1	0	tensor(3)	0.8339512904159732
210281.74426452984	1000.0	1418.4708745701619	0.0	0	0.0	3700.2151390996296	1	0	tensor(3)	0.8339512904159732
210991.04143009774	1000.0	1709.1737090022375	0.0	0	0.0	3700.2151390996005	1	0	tensor(3)	0.8339512904159756
211581.92827423083	1000.0	2118.286864869151	0.0	0	0.0	3700.2151390996005	1	0	tensor(3)	0.8339512904159762
213488.08485382944	2000.0	1212.1302852705528	0.0	0	0.0	3700.2151390996005	1	0	tensor(3)	0.8339512904159759
214102.52119709481	1000.0	1597.6939420051833	0.0	0	0.0	3700.2151390996005	1	0	tensor(3)	0.140804109856031
214960.99699176167	1000.0	1739.2181473383416	0.0	0	0.0	3700.2151390996005	1	0	tensor(3)	0.8339512904159762
215769.70150745363	1000.0	1930.513631646371	0.0	0	0.0	3700.2151390996005	1	0	tensor(3)	0.8339512904159762
216469.4953036778	1000.0	2230.719835422181	0.0	0	0.0	3700.2151390996296	1	0	tensor(3)	0.8339512904159732
217583.54889720597	1000.0	2116.6662418940273	0.0	0	0.0	3700.2151390996587	1	0	tensor(3)	0.8339512904159703
218354.4920723644	1000.0	2345.7230667355975	0.0	0	0.0	3700.2151390996587	1	0	tensor(3)	0.8339512904159703
219003.0549724237	1000.0	2697.160166676283	0.0	0	0.0	3700.215139099688	1	0	tensor(3)	0.8339512904159674
220528.3083936252	2000.0	2171.9067454748083	0.0	0	0.0	3700.2151390996587	1	0	tensor(3)	0.8339512904159697
221390.3495148413	1000.0	2309.8656242587163	0.0	0	0.0	3700.2151390996587	1	0	tensor(3)	0.14080410985602507
222007.50447960006	1000.0	2692.7106594999573	0.0	0	0.0	3700.2151390996587	1	0	tensor(3)	0.8339512904159703
223607.07284006383	2000.0	2093.1422990361666	0.0	0	0.0	3700.2151390996587	1	0	tensor(3)	0.8339512904159704
224785.13586783878	1000.0	1915.079271261233	0.0	0	0.0	3700.2151390996587	1	0	tensor(3)	0.14080410985602507
225819.38906691395	1000.0	1880.826072186072	0.0	0	0.0	3700.215139099688	1	0	tensor(3)	0.8339512904159697
226680.3535891353	1000.0	2019.8615499646976	0.0	0	0.0	3700.215139099688	1	0	tensor(3)	0.8339512904159674
228189.52260196052	1000.0	1510.692537139486	0.0	0	0.0	3700.2151390996587	1	0	tensor(3)	0.8339512904159703
229392.26564888217	1000.0	1307.9494902177937	0.0	0	0.0	3700.2151390996587	1	0	tensor(3)	0.8339512904159703
230635.52865340945	1000.0	1064.6864856904663	0.0	0	0.0	3700.2151390996587	1	0	tensor(3)	0.8339512904159703
231459.31248026856	1000.0	1240.902658831352	0.0	0	0.0	3700.2151390996587	1	0	tensor(3)	0.8339512904159703
232677.9449328684	1000.0	1022.2702062314706	0.0	0	0.0	3700.2151390996296	1	0	tensor(3)	0.8339512904159732
234168.18688119066	1000.0	532.0282579092279	0.0	0	0.0	3700.2151390996296	1	0	tensor(3)	0.8339512904159732
235103.05172237317	1000.0	597.163416726695	0.0	0	0.0	3700.2151390996005	1	0	tensor(3)	0.8339512904159756
235909.95944445336	1000.0	790.2556946465141	0.0	0	0.0	3700.2151390996005	1	0	tensor(3)	0.8339512904159762
237034.14072865268	1000.0	666.0744104471883	0.0	0	0.0	3700.2151390995714	1	0	tensor(3)	0.833951290415979
238487.96257953698	1000.0	300.71448649017486	88.46192692729734	0	0.0	3788.6770660271577	1	0	tensor(3)	0.29433353615943636
239000.63611569427	500.0	788.0409503328574	0.0	0	0.0	3788.6770660271286	1	0	tensor(3)	-0.5611892633966675
239936.76719296904	1000.0	851.9098730580857	0.0	0	0.0	3788.6770660271286	1	0	tensor(3)	0.13195791716327787
241133.9493815064	1000.0	654.7276845207575	0.0	0	0.0	3788.6770660271286	1	0	tensor(3)	0.8251050977232238
242567.13453853095	1000.0	221.54252749620133	0.0	0	0.0	3788.6770660271577	1	0	tensor(3)	0.8251050977232204
243104.35052891416	500.0	746.7588468477892	62.432309734798096	0	0.0	3851.1093757619674	1	0	tensor(3)	-0.9420263527789399
244025.85978599836	1000.0	825.2495897635692	0.0	0	0.0	3851.1093757619674	1	0	tensor(3)	0.12571468618979398
245227.87997948646	1000.0	623.2293962754634	0.0	0	0.0	3851.1093757619965	1	0	tensor(3)	0.8188618667497366
245958.02497460958	1000.0	893.0844011523369	0.0	0	0.0	3851.1093757619965	1	0	tensor(3)	0.8188618667497366
246654.88451013554	1000.0	1196.2248656264196	0.0	0	0.0	3851.1093757619965	1	0	tensor(3)	0.8188618667497366
247167.33602270053	1000.0	1683.773353061428	0.0	0	0.0	3851.1093757619965	1	0	tensor(3)	0.8188618667497366
247754.12446288072	1000.0	2096.984912881252	0.0	0	0.0	3851.1093757619965	1	0	tensor(3)	0.8188618667497366
248318.23392504442	1000.0	2532.8754507175695	0.0	0	0.0	3851.1093757619965	1	0	tensor(3)	0.8188618667497366
249309.34678507457	1000.0	2541.762590687408	0.0	0	0.0	3851.1093757620256	1	0	tensor(3)	0.8188618667497336
250796.08551253242	1000.0	2055.023863229551	0.0	0	0.0	3851.1093757620547	1	0	tensor(3)	0.8188618667497307
252044.65773080583	1000.0	1806.4516449561602	0.0	0	0.0	3851.1093757620547	1	0	tensor(3)	0.8188618667497307
252935.0575757134	1000.0	1916.0518000485872	0.0	0	0.0	3851.1093757620547	1	0	tensor(3)	0.8188618667497307
254055.83096173915	1000.0	1795.2784140228434	0.0	0	0.0	3851.1093757620547	1	0	tensor(3)	0.8188618667497307
254823.0988973541	1000.0	2028.010478407869	0.0	0	0.0	3851.1093757620547	1	0	tensor(3)	0.8188618667497307
255594.76281623784	1000.0	2256.3465595241432	0.0	0	0.0	3851.1093757620547	1	0	tensor(3)	0.8188618667497307
256154.03747757451	1000.0	2697.071898187483	0.0	0	0.0	3851.1093757620547	1	0	tensor(3)	0.8188618667497307
257810.95848377296	2000.0	2040.1508919890684	0.0	0	0.0	3851.109375762084	1	0	tensor(3)	0.81886186674973
258391.8236168461	1000.0	2459.2857589159344	0.0	0	0.0	3851.109375762084	1	0	tensor(3)	0.12571468618978254
258960.7181831384	1000.0	2890.391192623671	0.0	0	0.0	3851.109375762084	1	0	tensor(3)	0.8188618667497277
260558.66106753534	2000.0	2292.448308226742	0.0	0	0.0	3851.109375762084	1	0	tensor(3)	0.8188618667497276
261669.8275180293	1000.0	2181.2818577327507	0.0	0	0.0	3851.109375762084	1	0	tensor(3)	0.12571468618978254
262444.2796668775	1000.0	2406.8297088845393	0.0	0	0.0	3851.109375762084	1	0	tensor(3)	0.8188618667497307
263303.55021522066	2000.0	2547.55916054141	0.0	0	0.0	3851.1093757620547	1	0	tensor(3)	0.8188618667497289
264271.3007784156	2000.0	2579.8085973464945	0.0	0	0.0	3851.109375762084	1	0	tensor(3)	1.512009047309674
265422.0907587283	2000.0	2429.0186170338357	0.0	0	0.0	3851.109375762171	1	0	tensor(3)	1.5120090473096677
267299.13014677394	2000.0	1551.9792289882364	0.0	0	0.0	3851.109375762171	1	0	tensor(3)	1.5120090473096641
268169.7913104691	1000.0	1681.3180652930228	0.0	0	0.0	3851.109375762171	1	0	tensor(3)	0.12571468618977388
269283.2169246281	1000.0	1567.892451134025	0.0	0	0.0	3851.109375762171	1	0	tensor(3)	0.8188618667497192
269980.0203020321	1000.0	1871.089073730113	0.0	0	0.0	3851.1093757622875	1	0	tensor(3)	0.8188618667497085
270432.09012227925	1000.0	2419.0192534829807	0.0	0	0.0	3851.1093757623457	1	0	tensor(3)	0.8188618667497016
270984.4698613343	1000.0	2866.639514427919	0.0	0	0.0	3851.1093757623457	1	0	tensor(3)	0.8188618667497016
272168.4326628957	1000.0	2682.6767128665824	0.0	0	0.0	3851.1093757623457	1	0	tensor(3)	0.8188618667497016
272886.8865249769	1000.0	2964.222850785457	0.0	0	0.0	3851.1093757623457	1	0	tensor(3)	0.8188618667497016
273458.44414621324	1000.0	3392.665229549177	0.0	0	0.0	3851.1093757623457	1	0	tensor(3)	0.8188618667497016
274784.9521469157	1000.0	3066.1572288466996	0.0	0	0.0	3851.1093757623457	1	0	tensor(3)	0.8188618667497016
275745.4586790642	1000.0	3105.6506966982815	0.0	0	0.0	3851.109375762404	1	0	tensor(3)	0.8188618667497005
277053.05314766883	1000.0	2798.056228093632	0.0	0	0.0	3851.109375762404	1	0	tensor(3)	0.8188618667496959
277828.31808007485	1000.0	3022.7912956876944	0.0	0	0.0	3851.109375762462	1	0	tensor(3)	0.8188618667496935
278355.3315737166	1000.0	3495.777802045985	0.0	0	0.0	3851.109375762462	1	0	tensor(3)	0.81886186674969
280111.4974843763	2000.0	2739.6118913862833	0.0	0	0.0	3851.1093757625204	1	0	tensor(3)	0.8188618667496841
281659.05857944663	2000.0	2192.0507963159152	0.0	0	0.0	3851.1093757625204	1	0	tensor(3)	1.5120090473096293
282562.5952138414	1000.0	2288.5141619210985	0.0	0	0.0	3851.1093757625204	1	0	tensor(3)	0.1257146861897389
283792.3775875358	1000.0	2058.731788226706	0.0	0	0.0	3851.1093757625786	1	0	tensor(3)	0.8188618667496783
285592.92551283777	1000.0	1258.1838629247613	0.0	0	0.0	3851.1093757625786	1	0	tensor(3)	0.8188618667496783
286497.23956170457	1000.0	1353.8698140579743	0.0	0	0.0	3851.1093757625786	1	0	tensor(3)	0.8188618667496783
287584.1562158036	1000.0	1266.9531599589618	0.0	0	0.0	3851.1093757625786	1	0	tensor(3)	0.8188618667496783
288506.86376557744	1000.0	1344.2456101851224	0.0	0	0.0	3851.1093757625204	1	0	tensor(3)	0.8188618667496841
289061.80705947406	1000.0	1789.3023162885245	0.0	0	0.0	3851.1093757625204	1	0	tensor(3)	0.8188618667496841
289883.7969778552	1000.0	1967.3123979074335	0.0	0	0.0	3851.109375762637	1	0	tensor(3)	0.8188618667496772
290587.76965391345	1000.0	2263.339721849191	0.0	0	0.0	3851.109375762637	1	0	tensor(3)	0.8188618667496725
291670.5948359739	1000.0	2180.5145397887018	0.0	0	0.0	3851.1093757625786	1	0	tensor(3)	0.8188618667496783
292780.6957397436	1000.0	2070.413636019036	0.0	0	0.0	3851.1093757625786	1	0	tensor(3)	0.8188618667496783
293903.5275791045	1000.0	1947.5817966580996	0.0	0	0.0	3851.1093757625786	1	0	tensor(3)	0.8188618667496783
294648.8033383197	1000.0	2202.3060374428824	0.0	0	0.0	3851.1093757625786	1	0	tensor(3)	0.8188618667496783
295113.984220927	1000.0	2737.1251548356977	0.0	0	0.0	3851.1093757625786	1	0	tensor(3)	0.8188618667496783
296477.56158159586	2000.0	2373.5477941668278	0.0	0	0.0	3851.1093757625204	1	0	tensor(3)	0.818861866749683
298274.78678593086	2000.0	1576.3225898318353	0.0	0	0.0	3851.1093757625786	1	0	tensor(3)	1.512009047309627
299018.64474094316	1000.0	1832.464634819586	0.0	0	0.0	3851.1093757625786	1	0	tensor(3)	0.12571468618973314
300080.78555945144	1000.0	1770.3238163112592	0.0	0	0.0	3851.1093757625786	1	0	tensor(3)	0.8188618667496783
301391.71879329433	1000.0	1459.3905824683743	0.0	0	0.0	3851.1093757625204	1	0	tensor(3)	0.818861866749683
302168.15377229295	1000.0	1682.9556034697057	0.0	0	0.0	3851.1093757625204	1	0	tensor(3)	0.8188618667496841
302906.58098337555	1000.0	1944.5283923871175	0.0	0	0.0	3851.109375762462	1	0	tensor(3)	0.8188618667496864
303427.1654394719	1000.0	2423.943936290762	0.0	0	0.0	3851.109375762462	1	0	tensor(3)	0.81886186674969
1.75	1.88	1.36	0.88	0.76	1.1	0.76	0.74	0.72	1.04	1.17	1.37	1.14	1.4	0.94	0.74	0.47	0.63	0.79	1.04	0.95	0.97	1.33	0.92	0.82	0.9	1.1	1.14	0.85	1.42	1.01	1.0	1.17	1.56	1.02	1.25	1.09	0.79	0.59	0.96	1.48	0.95	1.08	1.18	0.94	1.61	1.48	1.07	1.16	1.29	1.18	1.54	1.08	0.64	0.98	1.29	0.92	1.31	1.99	1.0	1.4	1.18	1.63	1.37	1.12	1.12	1.81	1.1	1.19	1.67	1.24	0.98	1.29	0.93	0.57	0.71	0.98	1.05	1.02	0.89	0.79	0.9	1.23	0.96	0.71	0.96	0.98	0.98	1.07	0.71	1.1	0.8	1.22	1.27	1.73	1.52	1.16	0.8	1.09	1.0	1.0	1.47	1.75	1.99	1.19	1.32	1.64	1.48	1.0	1.63	1.83	1.7	1.76	1.44	1.11	0.76	1.45	1.77	1.04	1.2	1.4	0.94	0.9	1.04	0.94	1.6	1.03	1.58	1.45	0.83	0.64	0.53	0.96	0.89	0.68	1.39	1.85	1.19	1.0	1.02	0.96	1.58	2.06	1.76	1.32	0.96	1.27	0.82	0.67	2.05	1.75	1.88	1.36	0.88	0.76	1.1	0.76	0.74	0.72	1.04	1.17	1.37	1.14	1.4	0.94	0.74	0.47	0.63	0.79	1.04	0.95	0.97	1.33	0.92	0.82	0.9	1.1	1.14	0.85	1.42	1.01	1.0	1.17	1.56	1.02	1.25	1.09	0.79	0.59	0.96	1.48	0.95	1.08	1.18	0.94	1.61	1.48	1.07	1.16	1.29	1.18	1.54	1.08	0.64	0.98	1.29	0.92	1.31	1.99	1.0	1.4	1.18	1.63	1.37	1.12	1.12	1.81	1.1	1.19	1.67	1.24	0.98	1.29	0.93	0.57	0.71	0.98	1.05	1.02	0.89	0.79	0.9	1.23	0.96	0.71	0.96	0.98	0.98	1.07	0.71	1.1	0.8	1.22	1.27	1.73	1.52	1.16	0.8	1.09	1.0	1.0	1.47	1.75	1.99	1.19	1.32	1.64	1.48	1.0	1.63	1.83	1.7	1.76	1.44	1.11	0.76	1.45	1.77	1.04	1.2	1.4	0.94	0.9	1.04	0.94	1.6	1.03	1.58	1.45	0.83	0.64	0.53	0.96	0.89	0.68	1.39	1.85	1.19	1.0	1.02	0.96	1.58	2.06	1.76	1.32	0.96	1.27	0.82	0.67	2.05	1.75	1.88	1.36	0.88	0.76
1.0	2.0	3.0	4.0	5.0	6.0	7.0	8.0	9.0	10.0	11.0	12.0	13.0	14.0	15.0	16.0	17.0	18.0	19.0	20.0	21.0	22.0	23.0	24.0	25.0	26.0	27.0	28.0	29.0	30.0	31.0	32.0	33.0	34.0	35.0	36.0	37.0	38.0	39.0	40.0	41.0	42.0	43.0	44.0	45.0	46.0	47.0	48.0	49.0	50.0	51.0	52.0	53.0	54.0	55.0	56.0	57.0	58.0	59.0	60.0	61.0	62.0	63.0	64.0	65.0	66.0	67.0	68.0	69.0	70.0	71.0	72.0	73.0	74.0	75.0	76.0	77.0	78.0	79.0	80.0	81.0	82.0	83.0	84.0	85.0	86.0	87.0	88.0	89.0	90.0	91.0	92.0	93.0	94.0	95.0	96.0	97.0	98.0	99.0	100.0	101.0	102.0	103.0	104.0	105.0	106.0	107.0	108.0	109.0	110.0	111.0	112.0	113.0	114.0	115.0	116.0	117.0	118.0	119.0	120.0	121.0	122.0	123.0	124.0	125.0	126.0	127.0	128.0	129.0	130.0	131.0	132.0	133.0	134.0	135.0	136.0	137.0	138.0	139.0	140.0	141.0	142.0	143.0	144.0	145.0	146.0	147.0	148.0	149.0	149.0	150.0	151.0	152.0	153.0	154.0	155.0	156.0	157.0	158.0	159.0	160.0	161.0	162.0	163.0	164.0	165.0	166.0	167.0	168.0	169.0	170.0	171.0	172.0	173.0	174.0	175.0	176.0	177.0	178.0	179.0	180.0	181.0	182.0	183.0	184.0	185.0	186.0	187.0	188.0	189.0	190.0	191.0	192.0	193.0	194.0	195.0	196.0	197.0	198.0	199.0	200.0	201.0	202.0	203.0	204.0	205.0	206.0	207.0	208.0	209.0	210.0	211.0	212.0	213.0	214.0	215.0	216.0	217.0	218.0	219.0	220.0	221.0	222.0	223.0	224.0	225.0	226.0	227.0	228.0	229.0	230.0	231.0	232.0	233.0	234.0	235.0	236.0	237.0	238.0	239.0	240.0	241.0	242.0	243.0	244.0	245.0	246.0	247.0	248.0	249.0	250.0	251.0	252.0	253.0	254.0	255.0	256.0	257.0	258.0	259.0	260.0	261.0	262.0	263.0	264.0	265.0	266.0	267.0	268.0	269.0	270.0	271.0	272.0	273.0	274.0	275.0	276.0	277.0	278.0	279.0	280.0	281.0	282.0	283.0	284.0	285.0	286.0	287.0	288.0	289.0	290.0	291.0	292.0	293.0	294.0	295.0	296.0	297.0	298.0	298.0	299.0	300.0	301.0	302.0	303.0
3734.007599093173
