6003.551093654707	1000.0	2000.0	259.58264744097187	0	0.0	6003.551093654707	1	0	tensor(3)	-2.1520934303867376
6529.697235891801	2000.0	2473.853857762907	0.0	0	0.0	6003.551093654708	1	0	tensor(3)	0.6036176949604652
7072.638350796271	3000.0	2930.912742858438	0.0	0	0.0	6003.551093654709	1	0	tensor(3)	1.2967648755204104
7876.587980224613	3000.0	3126.9631134300953	0.0	0	0.0	6003.551093654708	1	0	tensor(3)	1.7022299836285755
9025.516459261144	3000.0	2978.0346343935635	0.0	0	0.0	6003.551093654707	1	0	tensor(3)	1.7022299836285755
9840.130331562597	3000.0	3163.42076209211	0.0	0	0.0	6003.551093654707	1	0	tensor(3)	1.7022299836285755
11027.550459557431	3000.0	2976.0006340972773	0.0	0	0.0	6003.551093654708	1	0	tensor(3)	1.7022299836285755
11944.520770696909	3000.0	3059.0303229578008	0.0	0	0.0	6003.551093654708	1	0	tensor(3)	1.7022299836285755
13412.706469085702	3000.0	2590.8446245690047	0.0	0	0.0	6003.551093654706	1	0	tensor(3)	1.7022299836285755
14218.323382087943	3000.0	2785.227711566764	0.0	0	0.0	6003.551093654707	1	0	tensor(3)	1.7022299836285755
15147.342075561295	3000.0	2856.209018093411	0.0	0	0.0	6003.551093654707	1	0	tensor(3)	1.7022299836285755
15969.139752832392	3000.0	3034.4113408223125	0.0	0	0.0	6003.551093654707	1	0	tensor(3)	1.7022299836285755
16911.20506295963	3000.0	3092.3460306950733	0.0	0	0.0	6003.551093654705	1	0	tensor(3)	1.7022299836285755
17662.549998150676	3000.0	3341.0010955040293	0.0	0	0.0	6003.551093654707	1	0	tensor(3)	1.7022299836285755
18573.021676252414	3000.0	3430.5294174022897	0.0	0	0.0	6003.551093654705	1	0	tensor(3)	1.7022299836285755
20435.154660649216	3000.0	2568.396433005486	0.0	0	0.0	6003.551093654705	1	0	tensor(3)	1.7022299836285755
21594.727283780685	3000.0	2408.8238098740153	0.0	0	0.0	6003.551093654703	1	0	tensor(3)	1.7022299836285755
23215.17604794	3000.0	1788.3750457146982	0.0	0	0.0	6003.5510936547	1	0	tensor(3)	1.702229983628576
24412.372466263354	2000.0	1591.178627391341	0.0	0	0.0	4003.551093654696	1	0	tensor(6)	-4.908700232587751
25893.19836617549	2000.0	1110.3527274792066	0.0	0	0.0	4003.551093654696	1	0	tensor(3)	1.4967648755204115
26707.68207275804	1000.0	1295.8690208966577	0.0	0	0.0	4003.551093654696	1	0	tensor(3)	0.11047051440052136
27166.12879501133	1000.0	1837.4222986433685	0.0	0	0.0	4003.551093654696	1	0	tensor(3)	0.8036176949604665
28010.087323006614	2000.0	1993.4637706480803	0.0	0	0.0	4003.551093654696	1	0	tensor(3)	0.8036176949604664
28628.403909616165	2000.0	2375.1471840385266	0.0	0	0.0	4003.5510936547	1	0	tensor(3)	1.4967648755204113
29127.108902784348	2000.0	2876.442190870345	0.0	0	0.0	4003.5510936547	1	0	tensor(3)	1.4967648755204113
29769.120581755717	3000.0	3234.4305118989746	0.0	0	0.0	4003.551093654696	1	0	tensor(3)	1.4967648755204117
30457.588150759173	3000.0	3545.9629428955195	0.0	0	0.0	4003.551093654696	1	0	tensor(3)	1.9022299836285763
31200.0	3000.0	3803.551093654696	0.0	0	8.31714522614493	4003.551093654696	1	0	tensor(3)	1.9022299836285763
34730.58906124212	6000.0	1272.9620324125701	0.0	0	0.0	4003.551093654689	1	0	tensor(3)	1.9022299836285765
36652.95046917673	3000.0	350.60062447796395	0.0	0	0.0	4003.5510936546925	1	0	tensor(3)	1.2090828030686316
37200.29126807957	1000.0	803.2598255751241	0.0	0	0.0	4003.5510936546925	1	0	tensor(3)	-0.294994593707643
38022.71981936223	2000.0	980.8312742924546	0.0	0	0.0	4003.5510936546925	1	0	tensor(3)	0.803617694960467
38807.778859455044	2000.0	1195.772234199647	0.0	0	0.0	4003.5510936546925	1	0	tensor(3)	1.4967648755204122
39352.18955510027	2000.0	1651.3615385544194	0.0	0	0.0	4003.5510936546925	1	0	tensor(3)	1.4967648755204122
40867.92557214764	3000.0	1135.6255215070441	0.0	0	0.0	4003.5510936546852	1	0	tensor(3)	1.4967648755204128
41682.21861902188	3000.0	1321.332474632795	0.0	0	0.0	4003.5510936546925	1	0	tensor(3)	1.9022299836285765
42528.78312480295	3000.0	1474.7679688517258	0.0	0	0.0	4003.5510936546925	1	0	tensor(3)	1.9022299836285765
43118.4646000789	3000.0	1885.0864935757731	0.0	0	0.0	4003.5510936546925	1	0	tensor(3)	1.9022299836285765
43807.28466512385	3000.0	2196.266428530826	0.0	0	0.0	4003.5510936546925	1	0	tensor(3)	1.9022299836285765
44779.71793041028	3000.0	2223.8331632443924	0.0	0	0.0	4003.5510936546925	1	0	tensor(3)	1.9022299836285765
45471.498313323915	3000.0	2532.0527803307605	0.0	0	0.0	4003.5510936546925	1	0	tensor(3)	1.9022299836285765
46202.616824089666	3000.0	2800.9342695650084	0.0	0	0.0	4003.5510936546925	1	0	tensor(3)	1.9022299836285765
47778.831191838864	3000.0	2224.719901815802	0.0	0	0.0	4003.5510936546925	1	0	tensor(3)	1.9022299836285765
49322.12730453088	3000.0	1681.4237891237913	0.0	0	0.0	4003.5510936547	1	0	tensor(3)	1.902229983628576
50259.17807437967	2000.0	1744.3730192749936	0.0	0	0.0	4003.5510936546925	1	0	tensor(3)	1.0912997674122469
51141.21290127853	2000.0	1862.3381923761374	0.0	0	0.0	4003.5510936546925	1	0	tensor(3)	1.4967648755204122
51795.815747323955	2000.0	2207.7353463307168	0.0	0	0.0	4003.5510936546925	1	0	tensor(3)	1.4967648755204122
52494.33666189614	3000.0	2509.214431758536	0.0	0	0.0	4003.5510936546925	1	0	tensor(3)	1.496764875520412
53626.938886585594	3000.0	2376.6122070690776	0.0	0	0.0	4003.5510936546925	1	0	tensor(3)	1.9022299836285765
54676.01789632063	3000.0	2327.533197334051	0.0	0	0.0	4003.5510936547	1	0	tensor(3)	1.902229983628576
55896.52418089964	3000.0	2107.0269127550296	0.0	0	0.0	4003.5510936547	1	0	tensor(3)	1.902229983628576
56719.637304923104	3000.0	2283.9137887315587	0.0	0	0.0	4003.5510936547	1	0	tensor(3)	1.902229983628576
58293.60862934261	3000.0	1709.9424643120497	0.0	0	0.0	4003.551093654707	1	0	tensor(3)	1.9022299836285752
59788.0486237273	3000.0	1215.5024699273633	0.0	0	0.0	4003.5510936547	1	0	tensor(3)	1.902229983628576
60762.07265868231	2000.0	1241.47843497236	0.0	0	0.0	4003.5510936547	1	0	tensor(3)	1.0912997674122467
61536.97840465212	2000.0	1466.5726890025473	0.0	0	0.0	4003.551093654707	1	0	tensor(3)	1.4967648755204106
62542.19214617308	2000.0	1461.358947481599	0.0	0	0.0	4003.551093654707	1	0	tensor(3)	1.4967648755204106
63748.85015102147	2000.0	1254.70094263321	0.0	0	0.0	4003.551093654707	1	0	tensor(3)	1.4967648755204106
64485.675870542254	2000.0	1517.8752231124283	0.0	0	0.0	4003.5510936547144	1	0	tensor(3)	1.49676487552041
65272.03965254393	2000.0	1731.5114411107525	0.0	0	0.0	4003.5510936547144	1	0	tensor(3)	1.49676487552041
65939.70926374667	2000.0	2063.8418299080176	0.0	0	0.0	4003.5510936547216	1	0	tensor(3)	1.4967648755204093
66825.43726120701	2000.0	2178.1138324476747	0.0	0	0.0	4003.5510936547216	1	0	tensor(3)	1.4967648755204086
67777.8121193985	2000.0	2225.738974256169	0.0	0	0.0	4003.5510936546925	1	0	tensor(3)	1.496764875520411
68595.08613961044	3000.0	2408.4649540442265	0.0	0	0.0	4003.5510936547	1	0	tensor(3)	1.496764875520412
69404.60437634858	3000.0	2598.9467173060943	0.0	0	0.0	4003.5510936547	1	0	tensor(3)	1.902229983628576
71383.99460568094	3000.0	1619.5564879737306	0.0	0	0.0	4003.551093654707	1	0	tensor(3)	1.9022299836285756
72530.88771882115	3000.0	1472.6633748335335	0.0	0	0.0	4003.551093654707	1	0	tensor(3)	1.9022299836285752
73330.78528436577	2000.0	1672.7658092889142	0.0	0	0.0	4003.551093654707	1	0	tensor(3)	1.091299767412246
74307.20789725539	2000.0	1696.3431963992948	0.0	0	0.0	4003.551093654707	1	0	tensor(3)	1.4967648755204106
74887.23151938418	2000.0	2116.3195742704947	0.0	0	0.0	4003.5510936546925	1	0	tensor(3)	1.4967648755204122
76065.74068687904	3000.0	1937.810406775629	0.0	0	0.0	4003.5510936546925	1	0	tensor(3)	1.496764875520412
76683.01299337442	3000.0	2320.538100280242	0.0	0	0.0	4003.5510936546925	1	0	tensor(3)	1.9022299836285765
77551.79602591676	3000.0	2451.7550677378886	0.0	0	0.0	4003.5510936546925	1	0	tensor(3)	1.9022299836285765
79087.87804445963	3000.0	1915.6730491949947	0.0	0	0.0	4003.5510936546925	1	0	tensor(3)	1.9022299836285765
80510.60654219563	3000.0	1492.9445514589997	0.0	0	0.0	4003.551093654707	1	0	tensor(3)	1.9022299836285752
81483.82497017474	2000.0	1519.726123479884	0.0	0	0.0	4003.551093654707	1	0	tensor(3)	1.091299767412246
82037.3693095374	2000.0	1966.1817841172124	0.0	0	0.0	4003.551093654707	1	0	tensor(3)	1.4967648755204106
83012.42256413924	3000.0	1991.1285295153796	0.0	0	0.0	4003.5510936547216	1	0	tensor(3)	1.4967648755204093
84132.48118873294	3000.0	1871.0699049216873	0.0	0	0.0	4003.5510936547216	1	0	tensor(3)	1.9022299836285739
85386.23628835811	3000.0	1617.3148052965157	0.0	0	0.0	4003.5510936547216	1	0	tensor(3)	1.9022299836285739
86407.7501232099	3000.0	1595.8009704447072	0.0	0	0.0	4003.5510936547216	1	0	tensor(3)	1.9022299836285739
87077.93800541604	3000.0	1925.613088238575	0.0	0	0.0	4003.551093654707	1	0	tensor(3)	1.9022299836285752
88072.23162766418	3000.0	1931.3194659904532	0.0	0	0.0	4003.5510936546925	1	0	tensor(3)	1.9022299836285765
88626.37310583254	3000.0	2377.1779878221014	0.0	0	0.0	4003.5510936546925	1	0	tensor(3)	1.9022299836285765
89304.00125047979	3000.0	2699.5498431748347	0.0	0	0.0	4003.5510936546925	1	0	tensor(3)	1.9022299836285765
90620.62576534017	6000.0	2382.925328314449	0.0	0	0.0	4003.5510936546925	1	0	tensor(3)	1.9022299836285765
91641.99259138115	6000.0	2361.558502273466	0.0	0	0.0	4003.5510936546925	1	0	tensor(3)	2.5953771641885215
93794.44766009811	6000.0	1209.1034335564923	0.0	0	0.0	4003.5510936546925	1	0	tensor(3)	2.5953771641885215
94703.50798348509	3000.0	1300.0431101695042	0.0	0	0.0	4003.5510936546925	1	0	tensor(3)	1.2090828030686316
95660.82147769777	3000.0	1342.729615956829	0.0	0	0.0	4003.551093654707	1	0	tensor(3)	1.9022299836285752
96836.8214249281	3000.0	1166.7296687264952	0.0	0	0.0	4003.551093654707	1	0	tensor(3)	1.9022299836285752
97726.82666398668	2000.0	1276.7244296679241	0.0	0	0.0	4003.551093654707	1	0	tensor(3)	1.091299767412246
98461.99782458997	2000.0	1541.553269064643	0.0	0	0.0	4003.551093654707	1	0	tensor(3)	1.4967648755204106
99672.5604799085	2000.0	1330.9906137460864	0.0	0	0.0	4003.5510936546925	1	0	tensor(3)	1.4967648755204122
100479.92991795178	2000.0	1523.6211757027959	0.0	0	0.0	4003.5510936546925	1	0	tensor(3)	1.4967648755204122
101323.54116734881	2000.0	1680.0099263057728	0.0	0	0.0	4003.5510936546925	1	0	tensor(3)	1.4967648755204122
102041.98981058976	2000.0	1961.5612830648206	0.0	0	0.0	4003.5510936546925	1	0	tensor(3)	1.4967648755204122
103160.73577019374	3000.0	1842.8153234608224	0.0	0	0.0	4003.5510936546925	1	0	tensor(3)	1.496764875520412
105275.18334317725	2000.0	728.3677504773209	0.0	0	0.0	4003.551093654678	1	0	tensor(3)	1.0912997674122489
105837.71116345536	1000.0	1165.839930199224	0.0	0	0.0	4003.551093654678	1	0	tensor(3)	0.11047051440052325
106865.72309257305	2000.0	1137.8280010815206	0.0	0	0.0	4003.5510936546925	1	0	tensor(3)	0.803617694960467
107750.86773132153	1000.0	1252.6833623330274	0.0	0	0.0	4003.5510936546925	1	0	tensor(3)	0.11047051440052166
108298.03609797751	1000.0	1705.514995677046	0.0	0	0.0	4003.551093654678	1	0	tensor(3)	0.8036176949604684
109067.46318524514	1000.0	1936.0879084094163	0.0	0	0.0	4003.551093654678	1	0	tensor(3)	0.8036176949604684
109568.38447658798	1000.0	2435.166617066585	0.0	0	0.0	4003.5510936546925	1	0	tensor(3)	0.8036176949604669
110430.84726395768	2000.0	2572.7038296968794	0.0	0	0.0	4003.5510936546925	1	0	tensor(3)	0.803617694960467
111000.26950911435	2000.0	3003.281584540206	0.0	0	0.0	4003.5510936546925	1	0	tensor(3)	1.4967648755204122
111834.52173030583	3000.0	3169.029363348729	0.0	0	0.0	4003.5510936546925	1	0	tensor(3)	1.496764875520412
112656.76584770322	3000.0	3346.785245951324	0.0	0	0.0	4003.5510936546925	1	0	tensor(3)	1.9022299836285765
113563.56072116936	3000.0	3439.990372485174	0.0	0	0.0	4003.5510936546925	1	0	tensor(3)	1.9022299836285765
114466.37598980348	3000.0	3537.175103851058	0.0	0	0.0	4003.551093654678	1	0	tensor(3)	1.9022299836285783
115538.8767044106	3000.0	3464.6743892439345	0.0	0	0.0	4003.551093654678	1	0	tensor(3)	1.9022299836285783
116354.80293633386	3000.0	3648.748157320671	0.0	0	0.0	4003.551093654678	1	0	tensor(3)	1.9022299836285783
117215.19190970084	3000.0	3788.359183953689	0.0	0	0.0	4003.551093654678	1	0	tensor(3)	1.9022299836285783
118461.78252518685	3000.0	3541.7685684676762	0.0	0	0.0	4003.5510936546925	1	0	tensor(3)	1.9022299836285765
119577.72616201198	3000.0	3425.824931642546	0.0	0	0.0	4003.5510936546925	1	0	tensor(3)	1.9022299836285765
121290.37975830366	3000.0	2713.1713353508667	0.0	0	0.0	4003.5510936546925	1	0	tensor(3)	1.9022299836285765
123011.57302532996	3000.0	1991.9780683245979	0.0	0	0.0	4003.5510936546925	1	0	tensor(3)	1.9022299836285765
124812.56400881431	3000.0	1190.9870848402606	0.0	0	0.0	4003.5510936546925	1	0	tensor(3)	1.9022299836285765
125954.06137364647	2000.0	1049.489720008095	0.0	0	0.0	4003.5510936546925	1	0	tensor(3)	1.0912997674122475
126996.03942282687	2000.0	1007.5116708277043	0.0	0	0.0	4003.551093654707	1	0	tensor(3)	1.4967648755204106
127602.1983497711	2000.0	1401.3527438834626	0.0	0	0.0	4003.5510936546925	1	0	tensor(3)	1.4967648755204122
128375.86101429704	2000.0	1627.6900793575264	0.0	0	0.0	4003.551093654707	1	0	tensor(3)	1.4967648755204106
130383.22113376523	3000.0	620.3299598893324	0.0	0	0.0	4003.551093654707	1	0	tensor(3)	1.4967648755204106
131303.53064038832	2000.0	700.0204532662576	0.0	0	0.0	2003.551093654707	1	0	tensor(6)	-4.708700232587756
132466.4945690595	2000.0	537.0565245950708	0.0	0	0.0	2003.551093654678	1	0	tensor(3)	1.6967648755204132
133340.19844571996	2000.0	663.3526479346206	0.0	0	0.0	2003.551093654707	1	0	tensor(3)	1.6967648755204112
134247.3309595223	2000.0	756.2201341322636	0.0	0	0.0	2003.551093654707	1	0	tensor(3)	1.6967648755204108
134793.84222966793	2000.0	1209.7088639866224	0.0	0	0.0	2003.551093654707	1	0	tensor(3)	1.6967648755204108
135674.9247356419	2000.0	1328.6263580126565	0.0	0	0.0	2003.551093654707	1	0	tensor(3)	1.6967648755204108
136773.94272735948	2000.0	1229.608366295082	0.0	0	0.0	2003.551093654678	1	0	tensor(3)	1.6967648755204134
137946.60479339946	2000.0	1056.9463002551108	0.0	0	0.0	2003.551093654678	1	0	tensor(3)	1.6967648755204134
139045.2877856378	2000.0	958.2633080167421	0.0	0	0.0	2003.551093654678	1	0	tensor(3)	1.6967648755204134
139921.67853170092	2000.0	1081.872561953616	0.0	0	0.0	2003.551093654678	1	0	tensor(3)	1.6967648755204134
140779.54600402678	2000.0	1224.0050896277255	0.0	0	0.0	2003.551093654678	1	0	tensor(3)	1.6967648755204134
141599.18681694023	2000.0	1404.3642767142467	0.0	0	0.0	2003.551093654678	1	0	tensor(3)	1.6967648755204134
142695.33871940523	3000.0	1308.2123742492506	0.0	0	0.0	2003.551093654678	1	0	tensor(3)	1.6967648755204137
143398.1472855581	3000.0	1605.4038080964121	0.0	0	0.0	2003.551093654678	1	0	tensor(3)	2.102229983628578
144200.0	3000.0	1803.5510936545236	0.0	0	222.07625998559524	2003.551093654678	1	0	tensor(3)	2.102229983628578
145557.39711768422	3000.0	1446.1539759702878	0.0	0	0.0	2003.5510936546489	1	0	tensor(3)	2.102229983628581
147169.24173450487	3000.0	834.3093591496415	0.0	0	0.0	2003.5510936546489	1	0	tensor(3)	2.102229983628581
147984.63983392305	2000.0	1018.9112597314657	0.0	0	0.0	2003.5510936546198	1	0	tensor(3)	1.2912997674122546
148783.05919091596	2000.0	1220.491902738536	0.0	0	0.0	2003.5510936545907	1	0	tensor(3)	1.6967648755204223
149592.84862523124	2000.0	1410.7024684232438	0.0	0	0.0	2003.5510936546198	1	0	tensor(3)	1.6967648755204192
150200.0	2000.0	1803.551093654491	0.0	0	111.824168909312	2003.5510936546198	1	0	tensor(3)	1.6967648755204192
151200.0	2000.0	1803.5510936545143	0.0	0	432.8663941777195	2003.5510936546198	1	0	tensor(3)	1.6967648755204192
152200.0	3000.0	1803.5510936545	0.0	0	132.86725776054664	2003.5510936546198	1	0	tensor(3)	1.6967648755204194
153200.0	3000.0	1803.5510936545375	0.0	0	470.62701904802816	2003.5510936546198	1	0	tensor(3)	2.1022299836285843
155171.51146274534	6000.0	832.0396309092	0.0	0	0.0	2003.5510936546198	1	0	tensor(3)	2.102229983628584
156686.52427848073	6000.0	317.0268151738311	0.0	0	0.0	2003.5510936546489	1	0	tensor(3)	2.7953771641885283
158689.11302438626	6000.0	200.0	885.5619307316753	0	0.0	2889.113024386257	1	0	tensor(3)	-2.590439460548931
160045.54598194014	3000.0	341.66428679261196	498.0972443465252	0	0.0	3387.2102687327715	1	0	tensor(3)	-1.717866580518327
161358.19375680183	3000.0	273.41718009316594	244.40066816227045	0	0.0	3631.610936895042	1	0	tensor(3)	0.4730199903309191
162839.2201812912	3000.0	259.83036173026244	467.4396061264491	0	0.0	4099.050543021469	1	0	tensor(3)	-0.9119317206210854
163753.7454902003	3000.0	547.9061131701715	202.60106034901855	0	0.0	4301.651603370468	1	0	tensor(3)	0.6568135705628855
164571.07789251377	3000.0	730.5737108566989	0.0	0	0.0	4301.651603370468	1	0	tensor(3)	1.8724199326569992
165616.37681327134	3000.0	685.2747900991506	0.0	0	0.0	4301.651603370439	1	0	tensor(3)	1.8724199326570021
166439.9286615015	3000.0	861.7229418690024	0.0	0	0.0	4301.65160337041	1	0	tensor(3)	1.8724199326570052
167126.6004439746	3000.0	1175.0511593959177	0.0	0	0.0	4301.651603370439	1	0	tensor(3)	1.8724199326570021
168761.77429778638	3000.0	539.8773055841377	0.0	0	0.0	4301.65160337041	1	0	tensor(3)	1.8724199326570026
169513.30803968606	2000.0	788.3435636844567	0.0	0	0.0	4301.65160337041	1	0	tensor(3)	1.0614897164406756
170529.8171244379	2000.0	771.8344789326424	0.0	0	0.0	4301.651603370381	1	0	tensor(3)	1.466954824548843
171371.05348820766	2000.0	930.5981151629057	0.0	0	0.0	4301.651603370381	1	0	tensor(3)	1.466954824548843
172157.05994868	2000.0	1144.5916546906133	0.0	0	0.0	4301.65160337041	1	0	tensor(3)	1.4669548245488402
173396.93789320157	2000.0	904.7137101690278	0.0	0	0.0	2301.651603370381	1	0	tensor(6)	-4.333045175451157
174519.59365228628	2000.0	782.0579510843343	0.0	0	0.0	2301.651603370381	1	0	tensor(3)	1.6669548245488433
175710.45808196065	1000.0	591.193521409982	0.0	0	0.0	2301.65160337041	1	0	tensor(3)	0.28066046342894996
176417.95069338495	1000.0	883.7009099856905	0.0	0	0.0	2301.65160337041	1	0	tensor(3)	0.9738076439888952
176943.82866505484	1000.0	1357.8229383157925	0.0	0	0.0	2301.651603370381	1	0	tensor(3)	0.9738076439888981
177847.45365072126	2000.0	1454.1979526493683	0.0	0	0.0	2301.651603370352	1	0	tensor(3)	0.9738076439888999
178612.17181237662	2000.0	1689.4797909940514	0.0	0	0.0	2301.651603370352	1	0	tensor(3)	1.6669548245488461
179331.82225034325	3000.0	1969.8293530274148	0.0	0	0.0	2301.651603370323	1	0	tensor(3)	1.6669548245488492
180200.0	3000.0	2101.651603370657	0.0	0	184.05043391382787	2301.651603370323	1	0	tensor(3)	2.072419932657014
183769.84361590762	6000.0	200.0	668.1920125369385	0	0.0	2969.8436159076227	1	0	tensor(3)	-1.9500959828153646
185751.41925011034	2000.0	228.75536270698632	1010.3309969097129	0	0.0	3980.1746128173254	1	0	tensor(3)	-5.655975045295572
186334.80768396967	1000.0	715.4361841791834	70.06925533151201	0	0.0	4050.2438681488275	1	0	tensor(3)	-0.3146142950379638
187093.20638574907	2000.0	957.0374823997776	0.0	0	0.0	4050.2438681487984	1	0	tensor(3)	0.7989484175110564
187824.77026595577	2000.0	1225.473602193084	0.0	0	0.0	4050.2438681487984	1	0	tensor(3)	1.4920955980710016
188363.08277406736	2000.0	1687.1610940814883	0.0	0	0.0	4050.2438681487984	1	0	tensor(3)	1.4920955980710016
189719.2851038961	3000.0	1330.9587642527156	0.0	0	0.0	4050.2438681487984	1	0	tensor(3)	1.4920955980710016
190471.18608728383	3000.0	1579.0577808650032	0.0	0	0.0	4050.2438681487984	1	0	tensor(3)	1.8975607061791662
191290.85587247345	3000.0	1759.387995675408	0.0	0	0.0	4050.2438681487984	1	0	tensor(3)	1.8975607061791662
192183.3131802112	3000.0	1866.9306879376395	0.0	0	0.0	4050.2438681487984	1	0	tensor(3)	1.8975607061791662
192811.27615591165	3000.0	2238.967712237203	0.0	0	0.0	4050.2438681487984	1	0	tensor(3)	1.8975607061791662
193817.64578333098	3000.0	2232.5980848178606	0.0	0	0.0	4050.2438681487984	1	0	tensor(3)	1.8975607061791662
194698.70728641807	3000.0	2351.5365817307807	0.0	0	0.0	4050.2438681487984	1	0	tensor(3)	1.8975607061791662
195986.96544698434	3000.0	2063.278421164497	0.0	0	0.0	4050.2438681487984	1	0	tensor(3)	1.8975607061791662
197121.706742087	3000.0	1928.5371260618424	0.0	0	0.0	4050.2438681487984	1	0	tensor(3)	1.897560706179167
198942.80361834558	3000.0	1107.440249803249	0.0	0	0.0	4050.2438681487984	1	0	tensor(3)	1.8975607061791662
199935.00181407563	2000.0	1115.2420540732028	0.0	0	0.0	4050.2438681487984	1	0	tensor(3)	1.086630489962837
200709.94783655184	2000.0	1340.2960315969844	0.0	0	0.0	4050.2438681487984	1	0	tensor(3)	1.4920955980710016
201482.27913895465	3000.0	1567.9647291941856	0.0	0	0.0	4050.2438681487984	1	0	tensor(3)	1.4920955980710016
202664.31543577934	3000.0	1385.9284323694842	0.0	0	0.0	4050.2438681487693	1	0	tensor(3)	1.897560706179169
203421.21111927982	3000.0	1629.032748869016	0.0	0	0.0	4050.2438681487984	1	0	tensor(3)	1.8975607061791662
204380.9383394951	3000.0	1669.305528653726	0.0	0	0.0	4050.2438681487693	1	0	tensor(3)	1.897560706179169
205143.19739363383	3000.0	1907.0464745149916	0.0	0	0.0	4050.2438681487693	1	0	tensor(3)	1.897560706179169
206355.51634748554	3000.0	1694.7275206632569	0.0	0	0.0	4050.2438681487693	1	0	tensor(3)	1.897560706179169
208105.99374537866	3000.0	944.2501227701489	0.0	0	0.0	4050.2438681487693	1	0	tensor(3)	1.897560706179169
209147.33469062604	2000.0	902.9091775227746	0.0	0	0.0	4050.2438681487693	1	0	tensor(3)	1.0866304899628396
210102.83808563554	2000.0	947.4057825132912	0.0	0	0.0	4050.24386814874	1	0	tensor(3)	1.4920955980710071
211022.67505770182	2000.0	1027.568810446985	0.0	0	0.0	4050.243868148711	1	0	tensor(3)	1.492095598071009
212082.52652482892	2000.0	967.7173433198813	0.0	0	0.0	2050.243868148711	1	0	tensor(6)	-4.307904401928989
212966.2798003979	2000.0	1083.9640677508942	0.0	0	0.0	2050.243868148711	1	0	tensor(3)	1.6920955980710102
213759.08941326512	2000.0	1291.1544548836841	0.0	0	0.0	2050.243868148711	1	0	tensor(3)	1.6920955980710102
214601.04189540094	2000.0	1449.2019727478453	0.0	0	0.0	2050.243868148711	1	0	tensor(3)	1.6920955980710102
215473.418278943	2000.0	1576.8255892057598	0.0	0	0.0	2050.243868148682	1	0	tensor(3)	1.692095598071013
216513.45663075356	2000.0	1536.7872373951943	0.0	0	0.0	2050.243868148682	1	0	tensor(3)	1.692095598071013
217200.0	2000.0	1850.243868148733	0.0	0	107.72161430073902	2050.243868148653	1	0	tensor(3)	1.692095598071016
218200.0	2000.0	1850.243868148748	0.0	0	484.45627324437373	2050.2438681486237	1	0	tensor(3)	1.6920955980710177
219802.21536248075	3000.0	1248.0285056679645	0.0	0	0.0	2050.2438681485946	1	0	tensor(3)	1.692095598071022
220708.42800660685	2000.0	1341.8158615418592	0.0	0	0.0	2050.2438681485946	1	0	tensor(3)	1.2866304899628571
221768.1396131287	2000.0	1282.1042550200027	0.0	0	0.0	2050.2438681485655	1	0	tensor(3)	1.6920955980710248
222362.84379710746	2000.0	1687.4000710412172	0.0	0	0.0	2050.2438681485364	1	0	tensor(3)	1.692095598071028
223200.0	2000.0	1850.2438681486474	0.0	0	39.18475593914627	2050.2438681485073	1	0	tensor(3)	1.6920955980710306
224200.0	2000.0	1850.2438681486815	0.0	0	399.83589463910903	2050.2438681485073	1	0	tensor(3)	1.6920955980710306
225200.0	3000.0	1850.2438681487195	0.0	0	317.4686678216967	2050.2438681485073	1	0	tensor(3)	1.6920955980710308
226200.0	3000.0	1850.2438681487122	0.0	0	382.56251940506627	2050.2438681485073	1	0	tensor(3)	2.097560706179195
227432.87610072034	3000.0	1617.3677674283733	0.0	0	0.0	2050.243868148449	1	0	tensor(3)	2.0975607061792005
229453.37040501516	3000.0	596.8734631335641	0.0	0	0.0	2050.243868148449	1	0	tensor(3)	2.097560706179202
230441.04848780998	2000.0	609.1953803387232	0.0	0	0.0	2050.24386814842	1	0	tensor(3)	1.2866304899628747
231201.64087939478	2000.0	848.6029887539225	0.0	0	0.0	2050.24386814842	1	0	tensor(3)	1.6920955980710393
231851.6420632068	2000.0	1198.6018049419085	0.0	0	0.0	2050.24386814842	1	0	tensor(3)	1.6920955980710393
232779.4177772189	3000.0	1270.8260909298106	0.0	0	0.0	2050.243868148449	1	0	tensor(3)	1.6920955980710366
233909.8144074152	3000.0	1140.4294607335496	0.0	0	0.0	2050.243868148449	1	0	tensor(3)	2.0975607061792028
234754.21126238722	3000.0	1296.032605761524	0.0	0	0.0	2050.24386814842	1	0	tensor(3)	2.097560706179204
235683.4592531098	3000.0	1366.784615038969	0.0	0	0.0	2050.243868148449	1	0	tensor(3)	2.0975607061792036
236669.41583529706	3000.0	1380.828032851694	0.0	0	0.0	2050.24386814842	1	0	tensor(3)	2.097560706179202
237583.97378178049	3000.0	1466.2700863682312	0.0	0	0.0	2050.24386814842	1	0	tensor(3)	2.097560706179204
238201.1921757543	3000.0	1849.0516923944417	0.0	0	0.0	2050.243868148391	1	0	tensor(3)	2.097560706179207
239509.8440780591	6000.0	1540.399790089628	0.0	0	0.0	2050.24386814842	1	0	tensor(3)	2.0975607061792036
241526.34819680447	6000.0	523.8956713442556	0.0	0	0.0	2050.243868148391	1	0	tensor(3)	2.790707886739151
242863.00265349256	3000.0	293.32317242151316	106.08195776533233	0	0.0	2156.325825913751	1	0	tensor(3)	0.7573135832507338
243889.099518892	3000.0	434.4389093452269	167.212602323191	0	0.0	2323.538428236934	1	0	tensor(3)	1.0669556362312067
244915.85016147594	2000.0	489.6752491482007	81.98698238693851	0	0.0	2405.5254106238426	1	0	tensor(3)	0.7591804413937013
245731.0819211793	2000.0	674.4434894448029	0.0	0	0.0	2405.5254106238426	1	0	tensor(3)	1.656567443823497
246696.63313670203	2000.0	708.8922739220782	0.0	0	0.0	2405.5254106238426	1	0	tensor(3)	1.656567443823497
247562.83604023416	2000.0	842.6893703899382	0.0	0	0.0	2405.5254106238426	1	0	tensor(3)	1.656567443823497
248729.50962014878	2000.0	676.0157904753262	0.0	0	0.0	2405.5254106238426	1	0	tensor(3)	1.656567443823497
249864.16276739928	2000.0	541.3626432248495	0.0	0	0.0	2405.5254106238717	1	0	tensor(3)	1.6565674438234943
250799.4079310678	2000.0	606.117479556332	0.0	0	0.0	2405.525410623901	1	0	tensor(3)	1.6565674438234912
251359.15644616194	2000.0	1046.3689644621882	0.0	0	0.0	2405.525410623901	1	0	tensor(3)	1.6565674438234912
252405.64031690694	2000.0	999.8850937171978	0.0	0	0.0	2405.5254106238717	1	0	tensor(3)	1.6565674438234943
254062.45994915848	2000.0	343.0654614656695	0.0	0	0.0	2405.5254106238717	1	0	tensor(3)	1.6565674438234943
254917.51196020097	1000.0	620.2776784900667	132.26422806689766	0	0.0	2537.789638690796	1	0	tensor(3)	-0.5365387085044748
255555.0618432795	1000.0	982.7277954115599	0.0	0	0.0	2537.789638690796	1	0	tensor(3)	0.9501938404568566
256204.43750919137	1000.0	1333.3521294996856	0.0	0	0.0	2537.789638690767	1	0	tensor(3)	0.9501938404568594
257093.64002016856	1000.0	1444.1496185224846	0.0	0	0.0	2537.789638690767	1	0	tensor(3)	0.9501938404568594
257767.19468426853	1000.0	1770.5949544224623	0.0	0	0.0	2537.789638690738	1	0	tensor(3)	0.9501938404568606
258496.19344255482	1000.0	2041.596196136174	0.0	0	0.0	2537.789638690767	1	0	tensor(3)	0.9501938404568594
259372.6818584174	2000.0	2165.1077802735826	0.0	0	0.0	2537.789638690767	1	0	tensor(3)	0.9501938404568593
260268.8886719503	2000.0	2268.900966740707	0.0	0	0.0	2537.789638690738	1	0	tensor(3)	1.6433410210168076
261200.0	2000.0	2337.789638691028	0.0	0	290.16494583999156	2537.7896386907087	1	0	tensor(3)	1.6433410210168105
262341.46006166755	3000.0	2196.3295770234845	0.0	0	0.0	2537.789638690738	1	0	tensor(3)	1.6433410210168078
263551.7721383454	3000.0	1986.0175003456077	0.0	0	0.0	2537.7896386906796	1	0	tensor(3)	2.048806129124977
264200.0	3000.0	2337.789638691029	0.0	0	15.719739253108855	2537.7896386907087	1	0	tensor(3)	2.048806129124978
265214.2020731019	3000.0	2323.5875655891678	0.0	0	0.0	2537.7896386907087	1	0	tensor(3)	2.048806129124975
266200.0	3000.0	2337.7896386910884	0.0	0	190.66547178907786	2537.789638690767	1	0	tensor(3)	2.0488061291249715
267733.29881613376	3000.0	1804.490822557346	0.0	0	0.0	2537.789638690825	1	0	tensor(3)	2.0488061291249635
269201.05350206525	3000.0	1336.7361366258515	0.0	0	0.0	2537.7896386908833	1	0	tensor(3)	2.0488061291249577
270312.849213388	2000.0	1224.9404253031712	0.0	0	0.0	2537.7896386909415	1	0	tensor(3)	1.2378759129086223
271315.381307751	2000.0	1222.408330940101	0.0	0	0.0	2537.7896386909415	1	0	tensor(3)	1.643341021016787
272348.94555664796	2000.0	1188.8440820431042	0.0	0	0.0	2537.7896386908833	1	0	tensor(3)	1.643341021016793
273661.66103950806	2000.0	876.1285991830247	0.0	0	0.0	2537.7896386908833	1	0	tensor(3)	1.643341021016793
275044.0277170634	2000.0	493.7619216277433	0.0	0	0.0	2537.7896386908833	1	0	tensor(3)	1.643341021016793
275870.35898715444	2000.0	667.4306515366604	0.0	0	0.0	2537.7896386908833	1	0	tensor(3)	1.643341021016793
276589.8472606173	2000.0	947.9423780737852	0.0	0	0.0	2537.7896386908833	1	0	tensor(3)	1.643341021016793
277452.2416199156	2000.0	1085.5480187754729	0.0	0	0.0	2537.7896386908833	1	0	tensor(3)	1.643341021016793
278582.0677364495	2000.0	955.7219022415541	0.0	0	0.0	2537.789638690825	1	0	tensor(3)	1.6433410210167987
279837.52644222317	2000.0	700.2631964679003	0.0	0	0.0	2537.789638690767	1	0	tensor(3)	1.6433410210167998
281092.87911529274	2000.0	444.91052339838245	0.0	0	0.0	2537.789638690767	1	0	tensor(3)	1.6433410210168045
281555.1521751739	1000.0	982.6374635172067	0.0	0	0.0	2537.789638690825	1	0	tensor(3)	0.25704665989690856
282313.30687071924	2000.0	1224.482767971865	0.0	0	0.0	2537.7896386908833	1	0	tensor(3)	0.9501938404568477
283197.7206441672	2000.0	1340.068994523929	0.0	0	0.0	2537.7896386908833	1	0	tensor(3)	1.643341021016793
283807.2337388603	2000.0	1730.5558998308782	0.0	0	0.0	2537.7896386908833	1	0	tensor(3)	1.643341021016793
285828.59907653	3000.0	709.1905621611648	0.0	0	0.0	2537.7896386908833	1	0	tensor(3)	1.6433410210167931
287150.38148206676	2000.0	387.4081566244547	0.0	0	0.0	2537.7896386908833	1	0	tensor(3)	1.2378759129086283
288275.9886115714	2000.0	508.53316961821156	246.7321424983757	0	0.0	2784.5217811896	1	0	tensor(3)	0.13827495177666704
289025.81450662826	2000.0	758.7072745612331	0.0	0	0.0	2784.521781189542	1	0	tensor(3)	1.6186678067669271
289663.04024366837	2000.0	1121.4815375211583	0.0	0	0.0	2784.521781189542	1	0	tensor(3)	1.6186678067669271
290826.36348968337	3000.0	958.158291506191	0.0	0	0.0	2784.5217811896	1	0	tensor(3)	1.6186678067669251
291756.90168646874	3000.0	1027.6200947208351	0.0	0	0.0	2784.521781189658	1	0	tensor(3)	2.0241329148750804
292721.8255059372	3000.0	1062.6962752524164	0.0	0	0.0	2784.521781189658	1	0	tensor(3)	2.0241329148750804
293631.2892252124	3000.0	1153.2325559771712	0.0	0	0.0	2784.521781189658	1	0	tensor(3)	2.0241329148750804
294779.0946165691	3000.0	1005.4271646204279	0.0	0	0.0	2784.5217811896	1	0	tensor(3)	2.0241329148750813
296562.53255843924	3000.0	221.98922275033382	0.0	0	0.0	2784.521781189658	1	0	tensor(3)	2.0241329148750817
297311.09610691294	2000.0	637.2048159542588	163.7791416776107	0	0.0	2948.30092286726	1	0	tensor(3)	0.21414993442532637
297992.85066721094	2000.0	955.450255656225	0.0	0	0.0	2948.30092286726	1	0	tensor(3)	1.6022898925991553
298801.2746304625	2000.0	1147.0262924046651	0.0	0	0.0	2948.30092286726	1	0	tensor(3)	1.6022898925991553
299446.9396576431	2000.0	1501.3612652240658	0.0	0	0.0	2948.30092286726	1	0	tensor(3)	1.6022898925991553
300382.02236685075	3000.0	1566.2785560163684	0.0	0	0.0	2948.30092286726	1	0	tensor(3)	1.6022898925991553
301179.07501398615	3000.0	1769.2259088809203	0.0	0	0.0	2948.30092286726	1	0	tensor(3)	2.00775500070732
301692.6537348381	3000.0	2255.6471880289523	0.0	0	0.0	2948.3009228672017	1	0	tensor(3)	2.0077550007073257
303063.9488977039	6000.0	1884.3520251631708	0.0	0	0.0	2948.3009228672017	1	0	tensor(3)	2.0077550007073257
303922.4521271283	3000.0	2025.8487957388313	0.0	0	0.0	2948.30092286726	1	0	tensor(3)	1.3146078201473772
305078.4544286823	6000.0	1869.8464941848265	0.0	0	0.0	2948.30092286726	1	0	tensor(3)	2.00775500070732
306462.79126107926	6000.0	1485.5096617877794	0.0	0	0.0	2948.3009228672017	1	0	tensor(3)	2.7009021812672698
307655.48052773456	3000.0	1292.8203951324585	0.0	0	0.0	2948.3009228672017	1	0	tensor(3)	1.3146078201473808
309045.97419350594	3000.0	902.3267293610518	0.0	0	0.0	2948.3009228672017	1	0	tensor(3)	2.0077550007073257
309868.04017238383	3000.0	1080.260750483138	0.0	0	0.0	2948.3009228672017	1	0	tensor(3)	2.0077550007073257
4.47	4.3	3.74	3.01	2.68	3.15	2.97	2.5	3.05	2.99	2.81	3.68	3.54	1.8	2.26	2.21	2.37	2.34	1.98	1.38	1.11	1.81	2.55	3.64	4.39	5.18	3.35	1.03	1.02	1.1	1.32	2.26	2.95	2.94	2.56	3.01	3.98	4.14	4.05	4.73	3.48	2.14	2.02	1.67	2.44	3.24	4.05	2.99	3.07	2.97	3.44	3.1	1.49	1.59	1.91	2.49	1.83	2.22	2.61	2.34	2.54	2.64	3.36	3.24	1.93	1.95	2.33	2.75	2.51	3.07	3.92	4.14	2.05	1.3	2.03	2.88	3.9	3.46	2.76	3.08	3.24	3.79	4.55	5.43	6.17	4.32	2.66	2.65	3.23	2.41	2.47	2.41	2.35	1.76	2.15	2.7	2.93	2.04	0.78	1.46	1.89	1.37	1.54	1.83	2.58	2.85	3.06	2.99	3.29	3.79	3.66	2.1	2.27	2.81	2.57	1.87	1.49	2.22	1.9	1.75	2.24	3.04	2.64	1.51	1.87	1.81	1.98	2.42	3.09	2.39	1.56	1.68	1.83	2.73	2.87	3.26	3.45	4.29	3.9	2.21	1.89	1.97	2.54	2.61	3.34	4.1	5.0	5.48	3.22	4.15	4.47	4.3	3.74	3.01	2.68	3.15	2.97	2.5	3.05	2.99	2.81	3.68	3.54	1.8	2.26	2.21	2.37	2.34	1.98	1.38	1.11	1.81	2.55	3.64	4.39	5.18	3.35	1.03	1.02	1.1	1.32	2.26	2.95	2.94	2.56	3.01	3.98	4.14	4.05	4.73	3.48	2.14	2.02	1.67	2.44	3.24	4.05	2.99	3.07	2.97	3.44	3.1	1.49	1.59	1.91	2.49	1.83	2.22	2.61	2.34	2.54	2.64	3.36	3.24	1.93	1.95	2.33	2.75	2.51	3.07	3.92	4.14	2.05	1.3	2.03	2.88	3.9	3.46	2.76	3.08	3.24	3.79	4.55	5.43	6.17	4.32	2.66	2.65	3.23	2.41	2.47	2.41	2.35	1.76	2.15	2.7	2.93	2.04	0.78	1.46	1.89	1.37	1.54	1.83	2.58	2.85	3.06	2.99	3.29	3.79	3.66	2.1	2.27	2.81	2.57	1.87	1.49	2.22	1.9	1.75	2.24	3.04	2.64	1.51	1.87	1.81	1.98	2.42	3.09	2.39	1.56	1.68	1.83	2.73	2.87	3.26	3.45	4.29	3.9	2.21	1.89	1.97	2.54	2.61	3.34	4.1	5.0	5.48	3.22	4.15	4.47	4.3	3.74	3.01	2.68	3.15	2.97	2.5
1.0	2.0	3.0	4.0	5.0	6.0	7.0	8.0	9.0	10.0	11.0	12.0	13.0	14.0	15.0	16.0	17.0	18.0	19.0	20.0	21.0	22.0	23.0	24.0	25.0	26.0	27.0	28.0	29.0	30.0	31.0	32.0	33.0	34.0	35.0	36.0	37.0	38.0	39.0	40.0	41.0	42.0	43.0	44.0	45.0	46.0	47.0	48.0	49.0	50.0	51.0	52.0	53.0	54.0	55.0	56.0	57.0	58.0	59.0	60.0	61.0	62.0	63.0	64.0	65.0	66.0	67.0	68.0	69.0	70.0	71.0	72.0	73.0	74.0	75.0	76.0	77.0	78.0	79.0	80.0	81.0	82.0	83.0	84.0	85.0	86.0	87.0	88.0	89.0	90.0	91.0	92.0	93.0	94.0	95.0	96.0	97.0	98.0	99.0	100.0	101.0	102.0	103.0	104.0	105.0	106.0	107.0	108.0	109.0	110.0	111.0	112.0	113.0	114.0	115.0	116.0	117.0	118.0	119.0	120.0	121.0	122.0	123.0	124.0	125.0	126.0	127.0	128.0	129.0	130.0	131.0	132.0	133.0	134.0	135.0	136.0	137.0	138.0	139.0	140.0	141.0	142.0	143.0	144.0	145.0	146.0	147.0	148.0	149.0	149.0	150.0	151.0	152.0	153.0	154.0	155.0	156.0	157.0	158.0	159.0	160.0	161.0	162.0	163.0	164.0	165.0	166.0	167.0	168.0	169.0	170.0	171.0	172.0	173.0	174.0	175.0	176.0	177.0	178.0	179.0	180.0	181.0	182.0	183.0	184.0	185.0	186.0	187.0	188.0	189.0	190.0	191.0	192.0	193.0	194.0	195.0	196.0	197.0	198.0	199.0	200.0	201.0	202.0	203.0	204.0	205.0	206.0	207.0	208.0	209.0	210.0	211.0	212.0	213.0	214.0	215.0	216.0	217.0	218.0	219.0	220.0	221.0	222.0	223.0	224.0	225.0	226.0	227.0	228.0	229.0	230.0	231.0	232.0	233.0	234.0	235.0	236.0	237.0	238.0	239.0	240.0	241.0	242.0	243.0	244.0	245.0	246.0	247.0	248.0	249.0	250.0	251.0	252.0	253.0	254.0	255.0	256.0	257.0	258.0	259.0	260.0	261.0	262.0	263.0	264.0	265.0	266.0	267.0	268.0	269.0	270.0	271.0	272.0	273.0	274.0	275.0	276.0	277.0	278.0	279.0	280.0	281.0	282.0	283.0	284.0	285.0	286.0	287.0	288.0	289.0	290.0	291.0	292.0	293.0	294.0	295.0	296.0	297.0	298.0	298.0	299.0	300.0	301.0	302.0	303.0	304.0	305.0	306.0
5663.273431749998
