3301.4318156345535	300.0	2000.0	184.21737300871257	0	0.0	3301.4318156345535	1	0	tensor(3)	-1.4311729667427282
3944.743553538615	1000.0	2356.68826209594	0.0	0	0.0	3301.4318156345544	1	0	tensor(3)	-0.3301431815634553
5397.061641958244	2000.0	1904.370173676311	0.0	0	0.0	3301.4318156345544	1	0	tensor(3)	0.8738296227624806
6352.15532526339	2000.0	1949.2764903711648	0.0	0	0.0	3301.4318156345544	1	0	tensor(3)	1.5669768033224258
7575.750148646819	2000.0	1725.6816669877358	0.0	0	0.0	3301.4318156345544	1	0	tensor(3)	1.5669768033224258
9063.91649546192	2000.0	1237.515320172637	0.0	0	0.0	3301.4318156345544	1	0	tensor(3)	1.5669768033224258
9965.355210079519	1000.0	1336.076605555038	0.0	0	0.0	3301.4318156345553	1	0	tensor(3)	0.1806824422025355
10740.229718092582	1000.0	1561.2020975419746	0.0	0	0.0	3301.431815634556	1	0	tensor(3)	0.8738296227624807
11109.526475346986	1000.0	2191.90534028757	0.0	0	0.0	3301.4318156345553	1	0	tensor(3)	0.8738296227624807
11837.407130833106	2000.0	2464.024684801449	0.0	0	0.0	3301.431815634556	1	0	tensor(3)	0.8738296227624806
12916.84474821501	2000.0	2384.587067419543	0.0	0	0.0	3301.431815634556	1	0	tensor(3)	1.5669768033224258
14264.005856738848	2000.0	2037.4259588957057	0.0	0	0.0	3301.431815634556	1	0	tensor(3)	1.5669768033224258
15828.95817681359	2000.0	1472.473638820962	0.0	0	0.0	3301.431815634556	1	0	tensor(3)	1.5669768033224258
16691.44448242857	2000.0	1609.9873332059826	0.0	0	0.0	3301.431815634558	1	0	tensor(3)	1.5669768033224256
17673.593711555557	2000.0	1627.8381040789927	0.0	0	0.0	3301.431815634556	1	0	tensor(3)	1.5669768033224258
19624.77178446039	2000.0	676.660031174157	0.0	0	0.0	3301.4318156345544	1	0	tensor(3)	1.5669768033224258
20386.52583136043	1000.0	914.9059842741128	0.0	0	0.0	3301.4318156345544	1	0	tensor(3)	0.1806824422025355
21097.87838285423	1000.0	1203.553432780318	0.0	0	0.0	3301.4318156345544	1	0	tensor(3)	0.8738296227624807
22162.11987581454	2000.0	1139.3119398200038	0.0	0	0.0	3301.4318156345507	1	0	tensor(3)	0.8738296227624811
23067.46138666562	2000.0	1233.9704289689234	0.0	0	0.0	3301.4318156345507	1	0	tensor(3)	1.5669768033224263
23666.695720665313	2000.0	1634.7360949692295	0.0	0	0.0	3301.4318156345507	1	0	tensor(3)	1.5669768033224263
25632.921140760416	3000.0	668.5106748741321	0.0	0	0.0	3301.4318156345544	1	0	tensor(3)	1.5669768033224258
26626.645349563394	1000.0	674.7864660711533	0.0	0	0.0	3301.4318156345544	1	0	tensor(3)	-0.224782665905629
27568.676856452857	1000.0	732.7549591816905	0.0	0	0.0	3301.4318156345544	1	0	tensor(3)	0.8738296227624807
28269.53062665584	1000.0	1031.9011889787075	0.0	0	0.0	3301.4318156345507	1	0	tensor(3)	0.8738296227624811
28917.017862720517	1000.0	1384.4139529140325	0.0	0	0.0	3301.431815634547	1	0	tensor(3)	0.8738296227624814
29491.593020839562	1000.0	1809.8387947949861	0.0	0	0.0	3301.4318156345507	1	0	tensor(3)	0.8738296227624811
30532.00305340712	2000.0	1769.4287622274296	0.0	0	0.0	3301.4318156345544	1	0	tensor(3)	0.8738296227624806
31588.2932421949	2000.0	1713.1385734396526	0.0	0	0.0	3301.4318156345544	1	0	tensor(3)	1.5669768033224258
33196.31110600097	2000.0	1105.120709633583	0.0	0	0.0	3301.4318156345544	1	0	tensor(3)	1.5669768033224263
34960.19166001603	2000.0	341.24015561851536	0.0	0	0.0	3301.4318156345507	1	0	tensor(3)	1.5669768033224258
35854.53259798978	1000.0	553.5128318320577	106.61361418729001	0	0.0	3408.045429821843	1	0	tensor(3)	-0.4696606043399332
36835.341507172554	1000.0	572.7039226492935	0.0	0	0.0	3408.045429821839	1	0	tensor(3)	0.8631682613437521
37353.70935627698	1000.0	1054.336073544865	0.0	0	0.0	3408.045429821832	1	0	tensor(3)	0.863168261343753
38158.1433055989	1000.0	1249.902124222943	0.0	0	0.0	3408.045429821832	1	0	tensor(3)	0.863168261343753
38696.41725634415	1000.0	1711.628173477693	0.0	0	0.0	3408.045429821832	1	0	tensor(3)	0.863168261343753
39241.71630255321	1000.0	2166.329127268629	0.0	0	0.0	3408.045429821832	1	0	tensor(3)	0.863168261343753
40120.75675128208	2000.0	2287.288678539757	0.0	0	0.0	3408.045429821832	1	0	tensor(3)	0.863168261343753
41029.429270492736	2000.0	2378.6161593291035	0.0	0	0.0	3408.045429821832	1	0	tensor(3)	1.5563154419036982
42431.57307062224	2000.0	1976.4723591996008	0.0	0	0.0	3408.045429821832	1	0	tensor(3)	1.5563154419036982
43935.729185687465	2000.0	1472.316244134377	0.0	0	0.0	3408.045429821832	1	0	tensor(3)	1.5563154419036982
44562.07179542091	1000.0	1845.9736344009284	0.0	0	0.0	3408.0454298218247	1	0	tensor(3)	0.17002108078380848
45303.89060364174	2000.0	2104.1548261801	0.0	0	0.0	3408.0454298218247	1	0	tensor(3)	0.8631682613437538
46121.31531992188	2000.0	2286.730109899965	0.0	0	0.0	3408.0454298218247	1	0	tensor(3)	1.556315441903699
47122.374593603825	3000.0	2285.6708362180166	0.0	0	0.0	3408.0454298218247	1	0	tensor(3)	1.5563154419036989
47980.94669777108	2000.0	2427.0987320507534	0.0	0	0.0	3408.0454298218247	1	0	tensor(3)	1.1508503337955345
49672.2890248916	2000.0	1735.756404930236	0.0	0	0.0	3408.0454298218247	1	0	tensor(3)	1.556315441903699
50652.0291196165	2000.0	1756.01631020533	0.0	0	0.0	3408.0454298218247	1	0	tensor(3)	1.556315441903699
51828.92294997488	2000.0	1579.1224798469525	0.0	0	0.0	3408.0454298218247	1	0	tensor(3)	1.556315441903699
53066.8696735865	2000.0	1341.1757562353346	0.0	0	0.0	3408.0454298218247	1	0	tensor(3)	1.556315441903699
54060.229026706904	2000.0	1347.8164031149358	0.0	0	0.0	3408.0454298218247	1	0	tensor(3)	1.556315441903699
54666.1892781714	2000.0	1741.8561516504408	0.0	0	0.0	3408.0454298218247	1	0	tensor(3)	1.556315441903699
56048.353548631276	3000.0	1359.6918811905555	0.0	0	0.0	3408.0454298218247	1	0	tensor(3)	1.5563154419036989
57174.97203834766	2000.0	1233.073391474168	0.0	0	0.0	3408.0454298218174	1	0	tensor(3)	1.150850333795535
58348.991324921306	2000.0	1059.0541049005246	0.0	0	0.0	3408.0454298218247	1	0	tensor(3)	1.556315441903699
59219.96191462222	2000.0	1188.0835151996112	0.0	0	0.0	3408.0454298218174	1	0	tensor(3)	1.5563154419036995
59810.077864489045	2000.0	1597.9675653327863	0.0	0	0.0	3408.0454298218247	1	0	tensor(3)	1.556315441903699
60682.38171172266	3000.0	1725.6637180991722	0.0	0	0.0	3408.0454298218247	1	0	tensor(3)	1.5563154419036989
61667.128888019455	3000.0	1740.9165418023795	0.0	0	0.0	3408.0454298218247	1	0	tensor(3)	1.9617805500118635
62807.73231180666	3000.0	1600.3131180151695	0.0	0	0.0	3408.0454298218247	1	0	tensor(3)	1.9617805500118635
66072.75966587673	3000.0	200.0	864.7142360548987	0	0.0	4272.759665876714	1	0	tensor(3)	-3.290555487185685
66608.56764392386	1000.0	727.3722258690538	63.180203916185775	0	0.0	4335.939869792899	1	0	tensor(3)	-0.7073146948185779
67329.78435861203	1000.0	1006.1555111808774	0.0	0	0.0	4335.939869792899	1	0	tensor(3)	0.7703788173466468
67924.8908908523	1000.0	1411.0489789406022	0.0	0	0.0	2335.939869792899	1	0	tensor(6)	-5.0296211826533535
68511.54553676509	1000.0	1824.3943330278157	0.0	0	0.0	2335.939869792899	1	0	tensor(3)	0.9703788173466463
69766.44109552872	2000.0	1569.4987742641833	0.0	0	0.0	2335.9398697928846	1	0	tensor(3)	0.9703788173466477
70660.43133086375	2000.0	1675.5085389291546	0.0	0	0.0	2335.9398697928846	1	0	tensor(3)	1.6635259979065928
71858.22499920054	2000.0	1477.7148705923662	0.0	0	0.0	2335.939869792899	1	0	tensor(3)	1.6635259979065915
72837.23638260494	2000.0	1498.7034871879564	0.0	0	0.0	2335.939869792899	1	0	tensor(3)	1.6635259979065915
74351.41713696436	2000.0	984.5227328285251	0.0	0	0.0	2335.939869792899	1	0	tensor(3)	1.6635259979065915
75164.53087402247	1000.0	1171.408995770415	0.0	0	0.0	2335.939869792899	1	0	tensor(3)	0.2772316367867011
75783.51833548676	1000.0	1552.421534306107	0.0	0	0.0	2335.939869792899	1	0	tensor(3)	0.9703788173466463
76422.35053407894	1000.0	1913.5893357139348	0.0	0	0.0	2335.939869792899	1	0	tensor(3)	0.9703788173466463
77739.24350681121	2000.0	1596.6963629816541	0.0	0	0.0	2335.939869792899	1	0	tensor(3)	0.9703788173466462
79088.82694086521	2000.0	1247.1129289276564	0.0	0	0.0	2335.939869792899	1	0	tensor(3)	1.6635259979065915
80045.84320531359	2000.0	1290.0966644792798	0.0	0	0.0	2335.939869792899	1	0	tensor(3)	1.6635259979065915
80895.66713096152	2000.0	1440.2727388313403	0.0	0	0.0	2335.9398697928846	1	0	tensor(3)	1.6635259979065928
82281.82836142782	2000.0	1054.111508365042	0.0	0	0.0	2335.939869792899	1	0	tensor(3)	1.6635259979065915
83461.37585007469	2000.0	874.5640197181715	0.0	0	0.0	2335.9398697929137	1	0	tensor(3)	1.66352599790659
83990.25354300703	1000.0	1345.6863267858307	0.0	0	0.0	2335.9398697929137	1	0	tensor(3)	0.2772316367866997
84914.27994188678	1000.0	1421.659927906075	0.0	0	0.0	2335.939869792899	1	0	tensor(3)	0.9703788173466463
85768.00735732057	1000.0	1567.93251247228	0.0	0	0.0	2335.939869792899	1	0	tensor(3)	0.9703788173466463
86326.4814023834	1000.0	2009.4584674094472	0.0	0	0.0	2335.939869792899	1	0	tensor(3)	0.9703788173466463
87200.0	2000.0	2135.9398697928536	0.0	0	39.22423702839296	2335.939869792899	1	0	tensor(3)	0.9703788173466462
88200.0	2000.0	2135.9398697928473	0.0	0	160.08555139109376	2335.939869792899	1	0	tensor(3)	1.6635259979065915
89200.0	2000.0	2135.9398697928414	0.0	0	361.7385676928825	2335.939869792899	1	0	tensor(3)	1.6635259979065915
91271.67200942199	3000.0	1064.2678603708453	0.0	0	0.0	2335.939869792899	1	0	tensor(3)	1.6635259979065915
93079.63447351115	2000.0	256.3053962816904	0.0	0	0.0	2335.939869792899	1	0	tensor(3)	1.258060889798427
94060.6444705693	2000.0	504.32519751865095	229.0297982951153	0	0.0	2564.969668088015	1	0	tensor(3)	0.2664442283063879
95020.20026197855	2000.0	544.7694061094094	0.0	0	0.0	2564.9696680880297	1	0	tensor(3)	1.6406230180770784
95895.64150272582	2000.0	669.3281653621389	0.0	0	0.0	2564.9696680880297	1	0	tensor(3)	1.6406230180770784
96782.63424141715	2000.0	782.3354266707919	0.0	0	0.0	2564.969668088015	1	0	tensor(3)	1.6406230180770798
98176.87562405177	2000.0	388.0940440361733	0.0	0	0.0	2564.969668088015	1	0	tensor(3)	1.6406230180770798
99379.56117649339	2000.0	432.0581212825204	246.64962968795624	0	0.0	2811.619297775964	1	0	tensor(3)	0.13606027698054757
100728.95679261623	2000.0	200.0	117.33749484032924	0	0.0	2928.9567926162854	1	0	tensor(3)	0.9021516550580453
101437.31223032091	1000.0	624.3217549580893	132.67719266277257	0	0.0	3061.633985279055	1	0	tensor(3)	-0.5914009307385498
102028.64548160447	1000.0	1032.9885036745131	0.0	0	0.0	3061.633985279055	1	0	tensor(3)	0.8978094057980307
102971.86465185178	2000.0	1089.7693334272085	0.0	0	0.0	3061.633985279055	1	0	tensor(3)	0.8978094057980306
103839.19583892445	2000.0	1222.4381463545337	0.0	0	0.0	3061.6339852790406	1	0	tensor(3)	1.590956586357977
105510.63809543723	2000.0	550.995889841756	0.0	0	0.0	3061.6339852790406	1	0	tensor(3)	1.590956586357977
106227.10708026808	1000.0	834.5269050109116	0.0	0	0.0	3061.6339852790406	1	0	tensor(3)	0.20466222523808697
106816.84932734731	1000.0	1244.7846579316783	0.0	0	0.0	3061.6339852790406	1	0	tensor(3)	0.8978094057980321
107312.40120120272	1000.0	1749.232784076263	0.0	0	0.0	3061.6339852790406	1	0	tensor(3)	0.8978094057980321
108101.54223094032	1000.0	1960.091754338665	0.0	0	0.0	3061.6339852790406	1	0	tensor(3)	0.8978094057980321
109107.54778534664	1000.0	1954.0861999323338	0.0	0	0.0	3061.6339852790406	1	0	tensor(3)	0.8978094057980321
110567.84053024715	1000.0	1493.793455031823	0.0	0	0.0	3061.6339852790406	1	0	tensor(3)	0.8978094057980321
111472.16195882804	1000.0	1589.4720264509276	0.0	0	0.0	3061.633985279055	1	0	tensor(3)	0.8978094057980307
112393.63297571517	1000.0	1668.0010095638181	0.0	0	0.0	3061.6339852790697	1	0	tensor(3)	0.8978094057980291
112876.72613697365	1000.0	2184.9078483053386	0.0	0	0.0	3061.6339852790697	1	0	tensor(3)	0.8978094057980291
113625.2221031757	1000.0	2436.411882103289	0.0	0	0.0	3061.6339852790697	1	0	tensor(3)	0.8978094057980291
114574.034637449	2000.0	2487.59934783	0.0	0	0.0	3061.6339852790843	1	0	tensor(3)	0.8978094057980276
115482.65142779151	2000.0	2578.982557487479	0.0	0	0.0	3061.6339852790697	1	0	tensor(3)	1.5909565863579744
117217.99075262452	2000.0	1843.643232654469	0.0	0	0.0	3061.6339852790843	1	0	tensor(3)	1.5909565863579727
118195.48660846314	1000.0	1866.1473768158464	0.0	0	0.0	3061.6339852790697	1	0	tensor(3)	0.20466222523808394
118878.21937091273	1000.0	2183.4146143662483	0.0	0	0.0	3061.6339852790697	1	0	tensor(3)	0.8978094057980291
119890.68274731949	1000.0	2170.9512379595	0.0	0	0.0	3061.6339852790697	1	0	tensor(3)	0.8978094057980291
120487.32538983082	1000.0	2574.308595448162	0.0	0	0.0	3061.6339852790697	1	0	tensor(3)	0.8978094057980291
121337.76257506969	2000.0	2723.8714102092868	0.0	0	0.0	3061.6339852790697	1	0	tensor(3)	0.8978094057980293
122238.1164709675	2000.0	2823.5175143114498	0.0	0	0.0	3061.6339852790697	1	0	tensor(3)	1.5909565863579744
123345.24556731347	3000.0	2716.3884179654992	0.0	0	0.0	3061.6339852790697	1	0	tensor(3)	1.5909565863579744
124566.85470304542	3000.0	2494.7792822335637	0.0	0	0.0	3061.6339852790697	1	0	tensor(3)	1.996421694466139
126238.31093602056	3000.0	1823.323049258433	0.0	0	0.0	3061.6339852790843	1	0	tensor(3)	1.9964216944661375
127431.7122507469	3000.0	1629.921734532083	0.0	0	0.0	3061.6339852790843	1	0	tensor(3)	1.9964216944661375
128388.48136017013	2000.0	1673.152625108853	0.0	0	0.0	3061.6339852790843	1	0	tensor(3)	1.185491478249808
129776.94277986092	2000.0	1284.6912054180568	0.0	0	0.0	3061.6339852790843	1	0	tensor(3)	1.5909565863579727
131343.69541970122	2000.0	717.9385655777847	0.0	0	0.0	3061.6339852791134	1	0	tensor(3)	1.590956586357972
131902.96842422336	1000.0	1158.6655610556588	0.0	0	0.0	3061.6339852791425	1	0	tensor(3)	0.20466222523807823
132531.5267618062	1000.0	1530.1072234728251	0.0	0	0.0	3061.633985279128	1	0	tensor(3)	0.8978094057980223
133312.73094536507	1000.0	1748.903039913953	0.0	0	0.0	3061.633985279128	1	0	tensor(3)	0.8978094057980239
133912.80895443735	1000.0	2148.8250308416787	0.0	0	0.0	3061.633985279128	1	0	tensor(3)	0.8978094057980237
134922.67252047177	2000.0	2138.961464807274	0.0	0	0.0	3061.633985279157	1	0	tensor(3)	0.8978094057980204
136452.00986067482	2000.0	1609.624124604199	0.0	0	0.0	3061.633985279157	1	0	tensor(3)	1.5909565863579656
137379.61335998814	1000.0	1682.0206252908595	0.0	0	0.0	3061.633985279128	1	0	tensor(3)	0.20466222523807823
138119.58835183945	1000.0	1942.0456334395617	0.0	0	0.0	3061.633985279128	1	0	tensor(3)	0.8978094057980234
138755.96124568244	1000.0	2305.672739596587	0.0	0	0.0	3061.633985279128	1	0	tensor(3)	0.8978094057980234
139383.58180269678	1000.0	2678.0521825822707	0.0	0	0.0	3061.633985279128	1	0	tensor(3)	0.8978094057980234
140200.0	1000.0	2861.633985279073	0.0	0	297.6805088784604	3061.633985279157	1	0	tensor(3)	0.8978094057980204
141653.9233650941	2000.0	2407.7106201850006	0.0	0	0.0	3061.633985279157	1	0	tensor(3)	0.8978094057980204
143167.60059930818	2000.0	1894.0333859708812	0.0	0	0.0	3061.633985279157	1	0	tensor(3)	1.5909565863579656
143903.63654352972	1000.0	2157.9974417493554	0.0	0	0.0	3061.633985279157	1	0	tensor(3)	0.2046622252380753
144628.45378927293	1000.0	2433.180196006121	0.0	0	0.0	3061.633985279157	1	0	tensor(3)	0.8978094057980204
145441.0275228001	2000.0	2620.60646247893	0.0	0	0.0	3061.633985279157	1	0	tensor(3)	0.8978094057980204
146933.36123594918	2000.0	2128.2727493298303	0.0	0	0.0	3061.633985279157	1	0	tensor(3)	1.5909565863579656
147762.88099493613	2000.0	2298.7529903428804	0.0	0	0.0	3061.633985279186	1	0	tensor(3)	1.5909565863579629
149227.70148894194	2000.0	1833.9324963370627	0.0	0	0.0	3061.633985279157	1	0	tensor(3)	1.5909565863579656
150550.71014624528	1000.0	1510.9238390337039	0.0	0	0.0	3061.633985279157	1	0	tensor(3)	0.2046622252380753
151450.0313495764	1000.0	1611.6026357025642	0.0	0	0.0	3061.633985279157	1	0	tensor(3)	0.8978094057980204
151987.98788760387	1000.0	2073.6460976750677	0.0	0	0.0	3061.633985279157	1	0	tensor(3)	0.8978094057980204
152817.1425271842	1000.0	2244.491458094741	0.0	0	0.0	3061.633985279128	1	0	tensor(3)	0.8978094057980234
153395.1513296994	1000.0	2666.4826555795325	0.0	0	0.0	3061.633985279128	1	0	tensor(3)	0.8978094057980234
154670.3140100919	2000.0	2391.319975187031	0.0	0	0.0	3061.633985279128	1	0	tensor(3)	0.8978094057980232
156077.29227493063	2000.0	1984.3417103483239	0.0	0	0.0	3061.633985279128	1	0	tensor(3)	1.5909565863579682
157121.67826417685	2000.0	1939.9557211021267	0.0	0	0.0	3061.633985279128	1	0	tensor(3)	1.5909565863579682
158417.4332764594	1000.0	1644.2007088196044	0.0	0	0.0	3061.633985279128	1	0	tensor(3)	0.20466222523807823
159062.44125403016	1000.0	1999.1927312488565	0.0	0	0.0	3061.633985279128	1	0	tensor(3)	0.8978094057980234
160047.54366778603	2000.0	2014.090317492938	0.0	0	0.0	3061.633985279128	1	0	tensor(3)	0.8978094057980232
160699.0783086749	2000.0	2362.555676604057	0.0	0	0.0	3061.633985279157	1	0	tensor(3)	1.5909565863579656
161658.22960118024	2000.0	2403.4043840987156	0.0	0	0.0	3061.633985279157	1	0	tensor(3)	1.5909565863579656
162469.55468441627	2000.0	2592.0793008626792	0.0	0	0.0	3061.633985279157	1	0	tensor(3)	1.5909565863579656
163812.55510115187	2000.0	2249.078884127074	0.0	0	0.0	3061.633985279157	1	0	tensor(3)	1.5909565863579656
165305.65879165535	2000.0	1755.9751936235734	0.0	0	0.0	3061.633985279128	1	0	tensor(3)	1.5909565863579673
166250.0086749533	2000.0	1811.6253103256126	0.0	0	0.0	3061.633985279128	1	0	tensor(3)	1.5909565863579682
167312.75259088152	2000.0	1748.8813943973894	0.0	0	0.0	3061.633985279128	1	0	tensor(3)	1.5909565863579682
168858.97387237797	2000.0	1202.6601129009412	0.0	0	0.0	3061.633985279099	1	0	tensor(3)	1.5909565863579713
169743.6740766683	1000.0	1317.959908610593	0.0	0	0.0	3061.633985279099	1	0	tensor(3)	0.20466222523808109
170188.6497787937	1000.0	1872.9842064851646	0.0	0	0.0	3061.633985279099	1	0	tensor(3)	0.8978094057980263
171002.38480645488	2000.0	2059.249178823972	0.0	0	0.0	3061.6339852790697	1	0	tensor(3)	0.8978094057980293
171772.2102552204	2000.0	2289.4237300584846	0.0	0	0.0	3061.6339852790697	1	0	tensor(3)	1.5909565863579744
172496.23424733267	3000.0	2565.399737946196	0.0	0	0.0	3061.6339852790697	1	0	tensor(3)	1.5909565863579744
173318.0933824403	3000.0	2743.540602838558	0.0	0	0.0	3061.6339852790697	1	0	tensor(3)	1.996421694466139
175421.91520064473	3000.0	1639.7187846341262	0.0	0	0.0	3061.6339852790697	1	0	tensor(3)	1.996421694466139
177184.81855477538	2000.0	876.8154305034523	0.0	0	0.0	3061.6339852790697	1	0	tensor(3)	1.1854914782498098
178298.4023276254	2000.0	763.2316576534338	0.0	0	0.0	3061.6339852790406	1	0	tensor(3)	1.5909565863579762
179341.67019006872	2000.0	719.963795210132	0.0	0	0.0	3061.6339852790697	1	0	tensor(3)	1.5909565863579749
179876.24790042068	2000.0	1185.3860848581671	0.0	0	0.0	3061.6339852790697	1	0	tensor(3)	1.5909565863579744
180510.53932382993	2000.0	1551.0946614489562	0.0	0	0.0	3061.6339852790697	1	0	tensor(3)	1.5909565863579744
181381.15571475402	2000.0	1680.4782705248676	0.0	0	0.0	3061.6339852790697	1	0	tensor(3)	1.5909565863579744
182239.0147090168	1000.0	1822.6192762620894	0.0	0	0.0	3061.6339852790697	1	0	tensor(3)	0.20466222523808394
183556.7149084975	2000.0	1504.919076781412	0.0	0	0.0	3061.6339852790697	1	0	tensor(3)	0.8978094057980293
184461.04434340083	1000.0	1600.5896418780796	0.0	0	0.0	3061.6339852790697	1	0	tensor(3)	0.20466222523808394
185216.18082034055	1000.0	1845.4531649383632	0.0	0	0.0	3061.6339852790697	1	0	tensor(3)	0.8978094057980291
185818.43252508657	1000.0	2243.2014601923793	0.0	0	0.0	3061.6339852790697	1	0	tensor(3)	0.8978094057980291
186402.01864953735	1000.0	2659.6153357415783	0.0	0	0.0	3061.6339852790697	1	0	tensor(3)	0.8978094057980291
187831.61020381594	2000.0	2230.0237814630163	0.0	0	0.0	3061.6339852790697	1	0	tensor(3)	0.8978094057980293
188874.1303589062	2000.0	2187.5036263727316	0.0	0	0.0	3061.6339852790697	1	0	tensor(3)	1.5909565863579744
190047.38385032237	2000.0	2014.2501349565698	0.0	0	0.0	3061.6339852790697	1	0	tensor(3)	1.5909565863579744
191580.7343076849	2000.0	1480.899677593996	0.0	0	0.0	3061.6339852790406	1	0	tensor(3)	1.5909565863579767
193155.74679536	2000.0	905.8871899188994	0.0	0	0.0	3061.6339852790115	1	0	tensor(3)	1.5909565863579782
193915.9896481918	2000.0	1145.6443370870932	0.0	0	0.0	3061.6339852790115	1	0	tensor(3)	1.59095658635798
194849.9513622185	2000.0	1211.6826230604192	0.0	0	0.0	3061.6339852790406	1	0	tensor(3)	1.590956586357977
195748.4004484605	2000.0	1313.2335368184154	0.0	0	0.0	3061.6339852790406	1	0	tensor(3)	1.590956586357977
196886.26189281125	2000.0	1175.3720924676827	0.0	0	0.0	3061.6339852790406	1	0	tensor(3)	1.590956586357977
198666.23715180773	2000.0	395.3968334711992	0.0	0	0.0	3061.6339852790406	1	0	tensor(3)	1.590956586357977
199368.233072983	1000.0	693.400912295898	0.0	0	0.0	3061.6339852790406	1	0	tensor(3)	0.20466222523808697
200040.8833683094	1000.0	1020.7506169695255	0.0	0	0.0	3061.6339852790406	1	0	tensor(3)	0.8978094057980321
200562.9866496762	1000.0	1498.6473356027618	0.0	0	0.0	3061.6339852790115	1	0	tensor(3)	0.897809405798035
201907.13516638195	2000.0	1154.4988188969933	0.0	0	0.0	3061.6339852790115	1	0	tensor(3)	0.8978094057980348
202887.46429223788	2000.0	1174.1696930410603	0.0	0	0.0	3061.6339852790115	1	0	tensor(3)	1.59095658635798
203593.26737142992	2000.0	1468.3666138490178	0.0	0	0.0	3061.6339852790115	1	0	tensor(3)	1.59095658635798
204898.69136273538	2000.0	1162.9426225435545	0.0	0	0.0	3061.6339852790115	1	0	tensor(3)	1.59095658635798
206060.49643556893	2000.0	1001.1375497100231	0.0	0	0.0	3061.6339852790115	1	0	tensor(3)	1.59095658635798
206871.37614976277	2000.0	1190.2578355161577	0.0	0	0.0	3061.6339852790115	1	0	tensor(3)	1.59095658635798
207823.1081267283	2000.0	1238.52585855066	0.0	0	0.0	3061.6339852790115	1	0	tensor(3)	1.59095658635798
208377.67888607248	2000.0	1683.9550992064787	0.0	0	0.0	3061.6339852790115	1	0	tensor(3)	1.59095658635798
209230.69441673037	2000.0	1830.9395685485938	0.0	0	0.0	3061.6339852790406	1	0	tensor(3)	1.590956586357977
210247.60110030128	3000.0	1814.0328849777	0.0	0	0.0	3061.6339852790115	1	0	tensor(3)	1.590956586357979
211252.816534991	3000.0	1808.8174502879722	0.0	0	0.0	3061.6339852790115	1	0	tensor(3)	1.996421694466145
212660.90006781108	3000.0	1400.7339174679137	0.0	0	0.0	3061.6339852790406	1	0	tensor(3)	1.996421694466143
215049.99749257468	2000.0	225.48029632468632	213.8438036203837	0	0.0	3275.477788899414	1	0	tensor(3)	-0.11494855286273031
215747.0586000462	1000.0	643.5331090610941	115.11392020792945	0	0.0	3390.591709107335	1	0	tensor(3)	-0.518917068392319
216259.85070387254	1000.0	1130.741005234764	0.0	0	0.0	3390.591709107306	1	0	tensor(3)	0.8649136334152054
216992.64232418386	1000.0	1397.949384923414	0.0	0	0.0	3390.591709107335	1	0	tensor(3)	0.8649136334152028
218230.64314851176	2000.0	1159.9485605955242	0.0	0	0.0	3390.591709107335	1	0	tensor(3)	0.8649136334152027
219641.99558391894	2000.0	748.5961251883571	0.0	0	0.0	3390.591709107335	1	0	tensor(3)	1.558060813975147
220151.97224989062	1000.0	1238.619459216685	0.0	0	0.0	3390.591709107335	1	0	tensor(3)	0.1717664528552575
221360.84619566266	2000.0	1029.7455134446222	0.0	0	0.0	3390.591709107306	1	0	tensor(3)	0.8649136334152054
222103.86599788684	1000.0	1286.7257112204584	0.0	0	0.0	3390.591709107335	1	0	tensor(3)	0.1717664528552575
222887.49666559172	1000.0	1503.0950435155537	0.0	0	0.0	3390.591709107335	1	0	tensor(3)	0.8649136334152028
223911.25846510986	1000.0	1479.3332439974095	0.0	0	0.0	3390.591709107306	1	0	tensor(3)	0.8649136334152054
224439.9377843668	1000.0	1950.653924740468	0.0	0	0.0	3390.591709107306	1	0	tensor(3)	0.8649136334152054
225417.81656307896	2000.0	1972.7751460282948	0.0	0	0.0	3390.591709107335	1	0	tensor(3)	0.8649136334152027
226571.00025023473	2000.0	1819.5914588724968	0.0	0	0.0	3390.591709107335	1	0	tensor(3)	1.558060813975148
227845.5634887787	2000.0	1545.0282203285246	0.0	0	0.0	3390.591709107335	1	0	tensor(3)	1.558060813975148
228318.10795707363	1000.0	2072.4837520335795	0.0	0	0.0	3390.591709107335	1	0	tensor(3)	0.1717664528552575
229121.2031512769	2000.0	2269.388557830323	0.0	0	0.0	3390.591709107335	1	0	tensor(3)	0.8649136334152027
230128.1535456541	2000.0	2262.4381634531283	0.0	0	0.0	3390.591709107335	1	0	tensor(3)	1.558060813975148
231203.1632177395	2000.0	2187.4284913677475	0.0	0	0.0	3390.591709107335	1	0	tensor(3)	1.558060813975148
232366.82887389793	2000.0	2023.7628352093	0.0	0	0.0	3390.591709107335	1	0	tensor(3)	1.558060813975148
233464.89814468622	2000.0	1925.693564421042	0.0	0	0.0	3390.591709107335	1	0	tensor(3)	1.558060813975148
234724.25176305205	2000.0	1666.3399460552348	0.0	0	0.0	3390.591709107335	1	0	tensor(3)	1.558060813975148
236018.26885882148	2000.0	1372.3228502858271	0.0	0	0.0	3390.591709107335	1	0	tensor(3)	1.558060813975148
236890.71473522275	2000.0	1499.876973884572	0.0	0	0.0	3390.591709107335	1	0	tensor(3)	1.558060813975148
237355.73792605585	2000.0	2034.8537830514497	0.0	0	0.0	3390.591709107335	1	0	tensor(3)	1.558060813975148
238255.95693414295	3000.0	2134.634774964355	0.0	0	0.0	3390.591709107335	1	0	tensor(3)	1.558060813975148
240372.4285797871	3000.0	1018.1631293202195	0.0	0	0.0	3390.591709107335	1	0	tensor(3)	1.9635259220833126
241943.7151681986	2000.0	446.87654090872286	0.0	0	0.0	3390.591709107306	1	0	tensor(3)	1.1525957058669838
242520.6543957318	1000.0	869.9373133755305	0.0	0	0.0	3390.591709107335	1	0	tensor(3)	0.1717664528552575
243859.94236311127	2000.0	530.6493459960739	0.0	0	0.0	3390.591709107335	1	0	tensor(3)	0.8649136334152027
244600.56365297933	2000.0	790.0280561280437	0.0	0	0.0	3390.5917091073643	1	0	tensor(3)	1.5580608139751448
245418.82414496373	2000.0	971.7675641436749	0.0	0	0.0	3390.5917091073643	1	0	tensor(3)	1.5580608139751448
246655.48772975933	2000.0	735.1039793480876	0.0	0	0.0	3390.5917091073643	1	0	tensor(3)	1.5580608139751448
247605.54521979362	2000.0	785.0464893138004	0.0	0	0.0	3390.5917091073934	1	0	tensor(3)	1.558060813975142
248818.29186890504	2000.0	572.2998402023672	0.0	0	0.0	3390.5917091073934	1	0	tensor(3)	1.558060813975142
250369.9863187394	2000.0	223.38258399862596	202.77719363059703	0	0.0	3593.3689027380024	1	0	tensor(3)	0.32111993282849877
251051.79918199457	1000.0	648.7263622235531	107.15664148013002	0	0.0	3700.525544218137	1	0	tensor(3)	-0.5021667795366012
251747.39257920507	1000.0	953.132965013033	0.0	0	0.0	3700.525544218108	1	0	tensor(3)	0.8339202499041254
252121.4515129187	1000.0	1579.074031299405	0.0	0	0.0	3700.5255442180787	1	0	tensor(3)	0.8339202499041283
253166.59023803924	2000.0	1533.935306178871	0.0	0	0.0	3700.5255442180787	1	0	tensor(3)	0.8339202499041284
253713.31883878782	1000.0	1987.2067054303022	0.0	0	0.0	3700.5255442180787	1	0	tensor(3)	0.14077306934418307
254757.44176262472	1000.0	1943.0837815934253	0.0	0	0.0	3700.525544218108	1	0	tensor(3)	0.8339202499041254
255310.79949204472	1000.0	2389.726052173397	0.0	0	0.0	3700.525544218108	1	0	tensor(3)	0.8339202499041254
256710.71169728527	2000.0	1989.8138469328637	0.0	0	0.0	3700.525544218108	1	0	tensor(3)	0.8339202499041254
258281.82438986184	2000.0	1418.7011543562767	0.0	0	0.0	3700.5255442180787	1	0	tensor(3)	1.5270674304640734
259331.93515515985	1000.0	1368.5903890582877	0.0	0	0.0	3700.525544218108	1	0	tensor(3)	0.14077306934418077
260378.70290759107	1000.0	1321.8226366270524	0.0	0	0.0	3700.525544218108	1	0	tensor(3)	0.8339202499041254
261056.66623634615	1000.0	1643.8593078719402	0.0	0	0.0	3700.5255442180787	1	0	tensor(3)	0.833920249904127
261766.0687333448	1000.0	1934.4568108732842	0.0	0	0.0	3700.5255442180787	1	0	tensor(3)	0.8339202499041283
262231.53114452906	1000.0	2468.9943996890242	0.0	0	0.0	3700.525544218108	1	0	tensor(3)	0.8339202499041277
263235.81532175	2000.0	2464.7102224680707	0.0	0	0.0	3700.525544218137	1	0	tensor(3)	0.8339202499041247
264397.21057475044	2000.0	2303.3149694677004	0.0	0	0.0	3700.5255442182242	1	0	tensor(3)	1.5270674304640623
265922.5006266573	2000.0	1778.0249175608174	0.0	0	0.0	3700.525544218137	1	0	tensor(3)	1.5270674304640635
266946.84558978217	1000.0	1753.679954435943	0.0	0	0.0	3700.525544218137	1	0	tensor(3)	0.14077306934417735
267880.33952698734	1000.0	1820.1860172307718	0.0	0	0.0	3700.525544218137	1	0	tensor(3)	0.8339202499041225
268516.8995828727	1000.0	2183.6259613454304	0.0	0	0.0	3700.525544218195	1	0	tensor(3)	0.8339202499041166
269132.7495695209	1000.0	2567.7759746971783	0.0	0	0.0	3700.525544218195	1	0	tensor(3)	0.8339202499041166
270326.95916741894	2000.0	2373.566376799071	0.0	0	0.0	3700.525544218137	1	0	tensor(3)	0.8339202499041223
271054.60792433546	2000.0	2645.9176198825826	0.0	0	0.0	3700.525544218137	1	0	tensor(3)	1.5270674304640675
272471.6813331604	3000.0	2228.8442110576298	0.0	0	0.0	3700.525544218137	1	0	tensor(3)	1.527067430464068
273520.76502541004	3000.0	2179.7605188079574	0.0	0	0.0	3700.525544218137	1	0	tensor(3)	1.9325325385722325
275076.72536425607	3000.0	1623.8001799619628	0.0	0	0.0	3700.525544218195	1	0	tensor(3)	1.9325325385722265
276131.9789580353	3000.0	1568.5465861827454	0.0	0	0.0	3700.5255442182533	1	0	tensor(3)	1.9325325385722238
277390.50162167405	2000.0	1310.0239225439816	0.0	0	0.0	3700.525544218195	1	0	tensor(3)	1.1216023223558949
278672.4051858685	2000.0	1028.120358349533	0.0	0	0.0	3700.525544218195	1	0	tensor(3)	1.527067430464062
280149.7406236051	2000.0	550.7849206129713	0.0	0	0.0	3700.525544218195	1	0	tensor(3)	1.527067430464062
280790.6016277724	1000.0	909.923916445709	0.0	0	0.0	3700.525544218195	1	0	tensor(3)	0.14077306934417141
281477.12137162796	1000.0	1223.4041725900938	0.0	0	0.0	3700.525544218195	1	0	tensor(3)	0.8339202499041166
282151.47428802657	1000.0	1549.0512561915693	0.0	0	0.0	3700.525544218195	1	0	tensor(3)	0.8339202499041166
282737.16861068114	1000.0	1963.356933536969	0.0	0	0.0	3700.525544218195	1	0	tensor(3)	0.8339202499041166
283481.03555019887	1000.0	2219.489994019312	0.0	0	0.0	3700.525544218195	1	0	tensor(3)	0.8339202499041166
284462.67723741534	2000.0	2237.848306802807	0.0	0	0.0	3700.525544218137	1	0	tensor(3)	0.8339202499041223
285865.36174540815	2000.0	1835.1637988099124	0.0	0	0.0	3700.5255442180787	1	0	tensor(3)	1.5270674304640734
286808.60347496695	1000.0	1891.9220692511587	0.0	0	0.0	3700.5255442180787	1	0	tensor(3)	0.14077306934418307
287413.8267666752	1000.0	2286.6987775428433	0.0	0	0.0	3700.5255442180787	1	0	tensor(3)	0.8339202499041283
288149.604595771	1000.0	2550.9209484470193	0.0	0	0.0	3700.5255442180787	1	0	tensor(3)	0.8339202499041283
288707.1790837936	1000.0	2993.346460424422	0.0	0	0.0	3700.5255442180787	1	0	tensor(3)	0.8339202499041283
290376.7516272303	2000.0	2323.7739169877677	0.0	0	0.0	3700.5255442180787	1	0	tensor(3)	0.8339202499041284
292020.53485878353	2000.0	1679.990685434562	0.0	0	0.0	3700.5255442180787	1	0	tensor(3)	1.5270674304640734
292975.9739267125	1000.0	1724.551617505526	0.0	0	0.0	3700.5255442180787	1	0	tensor(3)	0.14077306934418307
293489.9189594174	1000.0	2210.6065848006683	0.0	0	0.0	3700.5255442180787	1	0	tensor(3)	0.8339202499041283
294079.643833958	1000.0	2620.881710260008	0.0	0	0.0	3700.5255442180787	1	0	tensor(3)	0.8339202499041283
294884.20850935706	2000.0	2816.317034860938	0.0	0	0.0	3700.5255442180787	1	0	tensor(3)	0.8339202499041284
296126.3728897182	2000.0	2574.1526544998073	0.0	0	0.0	3700.5255442180787	1	0	tensor(3)	1.5270674304640734
297487.22818533523	2000.0	2213.297358882822	0.0	0	0.0	3700.5255442180787	1	0	tensor(3)	1.5270674304640734
299624.32008036866	2000.0	1076.2054638493944	0.0	0	0.0	3700.5255442180205	1	0	tensor(3)	1.5270674304640792
300231.88975429366	1000.0	1468.6357899243962	0.0	0	0.0	3700.5255442180205	1	0	tensor(3)	0.14077306934418887
300835.6594815901	1000.0	1864.8660626280289	0.0	0	0.0	3700.5255442180205	1	0	tensor(3)	0.833920249904134
301496.21599321795	1000.0	2204.3095510001713	0.0	0	0.0	3700.5255442180205	1	0	tensor(3)	0.833920249904134
302299.0407757079	1000.0	2401.484768510175	0.0	0	0.0	3700.5255442180205	1	0	tensor(3)	0.833920249904134
303522.07857763127	2000.0	2178.4469665868073	0.0	0	0.0	3700.5255442180205	1	0	tensor(3)	0.8339202499041339
1.49	1.8	1.85	1.84	2.36	0.81	1.22	1.8	2.54	2.1	1.83	1.66	1.69	2.09	2.02	1.44	0.98	1.38	2.14	2.94	3.22	2.33	1.2	1.04	1.49	1.87	2.04	3.01	2.39	1.11	2.25	0.94	1.27	1.41	1.69	1.8	2.29	2.15	1.69	1.47	1.38	2.13	2.65	2.97	1.86	1.38	1.59	1.89	2.0	2.09	2.53	2.76	1.42	2.27	2.18	2.43	2.92	2.88	3.42	2.62	0.95	0.71	1.39	2.02	1.8	2.1	2.17	1.76	1.58	1.67	1.78	1.29	1.73	2.12	1.84	1.55	1.92	1.95	1.77	2.13	1.76	1.31	1.58	2.06	2.79	3.63	2.4	1.41	1.71	0.82	1.97	2.06	2.72	2.78	1.7	1.89	2.4	1.58	1.46	1.88	2.36	1.45	1.09	1.74	1.78	1.12	0.72	1.01	1.1	1.71	1.68	1.87	1.93	1.24	1.19	1.22	1.23	1.81	2.27	2.97	2.72	2.29	2.09	2.9	1.9	1.58	1.95	1.55	1.74	1.52	1.67	1.71	2.03	1.47	1.24	1.46	1.56	1.29	1.73	1.25	1.38	1.63	2.06	1.44	2.06	1.77	1.02	1.12	1.77	1.19	1.49	1.8	1.85	1.84	2.36	0.81	1.22	1.8	2.54	2.1	1.83	1.66	1.69	2.09	2.02	1.44	0.98	1.38	2.14	2.94	3.22	2.33	1.2	1.04	1.49	1.87	2.04	3.01	2.39	1.11	2.25	0.94	1.27	1.41	1.69	1.8	2.29	2.15	1.69	1.47	1.38	2.13	2.65	2.97	1.86	1.38	1.59	1.89	2.0	2.09	2.53	2.76	1.42	2.27	2.18	2.43	2.92	2.88	3.42	2.62	0.95	0.71	1.39	2.02	1.8	2.1	2.17	1.76	1.58	1.67	1.78	1.29	1.73	2.12	1.84	1.55	1.92	1.95	1.77	2.13	1.76	1.31	1.58	2.06	2.79	3.63	2.4	1.41	1.71	0.82	1.97	2.06	2.72	2.78	1.7	1.89	2.4	1.58	1.46	1.88	2.36	1.45	1.09	1.74	1.78	1.12	0.72	1.01	1.1	1.71	1.68	1.87	1.93	1.24	1.19	1.22	1.23	1.81	2.27	2.97	2.72	2.29	2.09	2.9	1.9	1.58	1.95	1.55	1.74	1.52	1.67	1.71	2.03	1.47	1.24	1.46	1.56	1.29	1.73	1.25	1.38	1.63	2.06	1.44	2.06	1.77	1.02	1.12	1.77	1.19	1.49	1.8	1.85	1.84	2.36
1.0	2.0	3.0	4.0	5.0	6.0	7.0	8.0	9.0	10.0	11.0	12.0	13.0	14.0	15.0	16.0	17.0	18.0	19.0	20.0	21.0	22.0	23.0	24.0	25.0	26.0	27.0	28.0	29.0	30.0	31.0	32.0	33.0	34.0	35.0	36.0	37.0	38.0	39.0	40.0	41.0	42.0	43.0	44.0	45.0	46.0	47.0	48.0	49.0	50.0	51.0	52.0	53.0	54.0	55.0	56.0	57.0	58.0	59.0	60.0	61.0	62.0	63.0	64.0	65.0	66.0	67.0	68.0	69.0	70.0	71.0	72.0	73.0	74.0	75.0	76.0	77.0	78.0	79.0	80.0	81.0	82.0	83.0	84.0	85.0	86.0	87.0	88.0	89.0	90.0	91.0	92.0	93.0	94.0	95.0	96.0	97.0	98.0	99.0	100.0	101.0	102.0	103.0	104.0	105.0	106.0	107.0	108.0	109.0	110.0	111.0	112.0	113.0	114.0	115.0	116.0	117.0	118.0	119.0	120.0	121.0	122.0	123.0	124.0	125.0	126.0	127.0	128.0	129.0	130.0	131.0	132.0	133.0	134.0	135.0	136.0	137.0	138.0	139.0	140.0	141.0	142.0	143.0	144.0	145.0	146.0	147.0	148.0	149.0	149.0	150.0	151.0	152.0	153.0	154.0	155.0	156.0	157.0	158.0	159.0	160.0	161.0	162.0	163.0	164.0	165.0	166.0	167.0	168.0	169.0	170.0	171.0	172.0	173.0	174.0	175.0	176.0	177.0	178.0	179.0	180.0	181.0	182.0	183.0	184.0	185.0	186.0	187.0	188.0	189.0	190.0	191.0	192.0	193.0	194.0	195.0	196.0	197.0	198.0	199.0	200.0	201.0	202.0	203.0	204.0	205.0	206.0	207.0	208.0	209.0	210.0	211.0	212.0	213.0	214.0	215.0	216.0	217.0	218.0	219.0	220.0	221.0	222.0	223.0	224.0	225.0	226.0	227.0	228.0	229.0	230.0	231.0	232.0	233.0	234.0	235.0	236.0	237.0	238.0	239.0	240.0	241.0	242.0	243.0	244.0	245.0	246.0	247.0	248.0	249.0	250.0	251.0	252.0	253.0	254.0	255.0	256.0	257.0	258.0	259.0	260.0	261.0	262.0	263.0	264.0	265.0	266.0	267.0	268.0	269.0	270.0	271.0	272.0	273.0	274.0	275.0	276.0	277.0	278.0	279.0	280.0	281.0	282.0	283.0	284.0	285.0	286.0	287.0	288.0	289.0	290.0	291.0	292.0	293.0	294.0	295.0	296.0	297.0	298.0	298.0	299.0	300.0	301.0	302.0	303.0
2900.961573457199
