4638.780764075036	300.0	2000.0	462.18448741328405	0	0.0	4638.780764075036	1	0	tensor(3)	-3.2254522825430416
5823.163613386776	1000.0	1815.6171506882592	0.0	0	0.0	4638.780764075035	1	0	tensor(3)	-0.46387807640750356
7049.136556666435	1000.0	1589.6442074086008	0.0	0	0.0	4638.780764075036	1	0	tensor(3)	0.7400947279184324
8128.511422049489	1000.0	1510.2693420255466	0.0	0	0.0	4638.780764075035	1	0	tensor(3)	0.7400947279184327
9325.953139584299	1000.0	1312.8276244907388	0.0	0	0.0	4638.780764075038	1	0	tensor(3)	0.7400947279184324
10541.93852633719	1000.0	1096.8422377378492	0.0	0	0.0	4638.780764075041	1	0	tensor(3)	0.7400947279184322
11437.082904920302	1000.0	1201.6978591547368	0.0	0	0.0	4638.78076407504	1	0	tensor(3)	0.7400947279184322
12630.199117887552	1000.0	1008.5816461874855	0.0	0	0.0	4638.780764075039	1	0	tensor(3)	0.7400947279184322
13195.831000002609	1000.0	1442.949764072428	0.0	0	0.0	4638.780764075038	1	0	tensor(3)	0.7400947279184323
13615.319985022545	1000.0	2023.4607790524915	0.0	0	0.0	4638.780764075038	1	0	tensor(3)	0.7400947279184323
14084.462225529614	1000.0	2554.318538545422	0.0	0	0.0	4638.78076407504	1	0	tensor(3)	0.7400947279184322
15078.389422451655	2000.0	2560.39134162338	0.0	0	0.0	4638.78076407504	1	0	tensor(3)	0.7400947279184322
16692.348383964785	2000.0	1946.432380110249	0.0	0	0.0	4638.780764075034	1	0	tensor(3)	1.4332419084783776
17294.872637797333	1000.0	2343.9081262776976	0.0	0	0.0	4638.7807640750325	1	0	tensor(3)	0.04694754735848769
18413.73552011082	2000.0	2225.0452439642104	0.0	0	0.0	4638.780764075031	1	0	tensor(3)	0.7400947279184329
19795.6548718322	2000.0	1843.1258922428287	0.0	0	0.0	4638.780764075029	1	0	tensor(3)	1.4332419084783785
20602.000626773985	1000.0	2036.7801373010434	0.0	0	0.0	2638.780764075029	1	0	tensor(6)	-5.753052452641512
22883.35238095584	2000.0	755.4283831191908	0.0	0	0.0	2638.7807640750325	1	0	tensor(3)	0.9400947279184331
23553.123917180303	1000.0	1085.656846894723	0.0	0	0.0	2638.780764075029	1	0	tensor(3)	0.24694754735848812
24315.439599978996	1000.0	1323.3411640960285	0.0	0	0.0	2638.780764075029	1	0	tensor(3)	0.9400947279184333
25118.24230420206	1000.0	1520.5384598729622	0.0	0	0.0	2638.780764075029	1	0	tensor(3)	0.9400947279184333
25793.922192551305	1000.0	1844.8585715237175	0.0	0	0.0	2638.7807640750325	1	0	tensor(3)	0.940094727918433
26661.02623753474	1000.0	1977.7545265402825	0.0	0	0.0	2638.780764075029	1	0	tensor(3)	0.9400947279184333
27710.967465017926	1000.0	1927.8132990571012	0.0	0	0.0	2638.780764075029	1	0	tensor(3)	0.9400947279184333
28602.78010231891	1000.0	2036.0006617561185	0.0	0	0.0	2638.780764075029	1	0	tensor(3)	0.9400947279184333
29850.96543657899	1000.0	1787.8153274960366	0.0	0	0.0	2638.780764075029	1	0	tensor(3)	0.9400947279184333
30481.01616987993	1000.0	2157.764594195095	0.0	0	0.0	2638.780764075029	1	0	tensor(3)	0.9400947279184333
31200.0	1000.0	2438.780764075024	0.0	0	217.099248688246	2638.780764075029	1	0	tensor(3)	0.9400947279184333
32200.0	1000.0	2438.780764075025	0.0	0	247.2057303527872	2638.780764075029	1	0	tensor(3)	0.9400947279184333
33200.0	1000.0	2438.7807640750243	0.0	0	121.69217992413178	2638.780764075029	1	0	tensor(3)	0.9400947279184333
34200.0	1000.0	2438.7807640750307	0.0	0	281.32875969683664	2638.780764075036	1	0	tensor(3)	0.940094727918433
35200.0	1000.0	2438.78076407503	0.0	0	264.9581770694713	2638.780764075036	1	0	tensor(3)	0.9400947279184327
36200.0	1000.0	2438.780764075032	0.0	0	369.46211183322885	2638.7807640750398	1	0	tensor(3)	0.9400947279184322
37464.03323130175	2000.0	2174.7475327732773	0.0	0	0.0	2638.7807640750325	1	0	tensor(3)	0.9400947279184328
38560.564337321186	2000.0	2078.216426753843	0.0	0	0.0	2638.7807640750325	1	0	tensor(3)	1.633241908478378
40143.31391457955	2000.0	1495.466849495478	0.0	0	0.0	2638.7807640750325	1	0	tensor(3)	1.633241908478378
41154.369270752664	1000.0	1484.4114933223736	0.0	0	0.0	2638.7807640750398	1	0	tensor(3)	0.246947547358487
41946.07214439364	1000.0	1692.7086196813973	0.0	0	0.0	2638.7807640750398	1	0	tensor(3)	0.9400947279184322
42883.21089094532	1000.0	1755.5698731297225	0.0	0	0.0	2638.7807640750398	1	0	tensor(3)	0.9400947279184322
43853.633467451975	1000.0	1785.1472966230674	0.0	0	0.0	2638.7807640750398	1	0	tensor(3)	0.9400947279184322
44491.27810968815	1000.0	2147.502654386888	0.0	0	0.0	2638.7807640750398	1	0	tensor(3)	0.9400947279184322
45200.0	1000.0	2438.7807640750343	0.0	0	23.297640200151363	2638.7807640750398	1	0	tensor(3)	0.9400947279184322
46200.0	1000.0	2438.7807640750398	0.0	0	45.183766699177795	2638.7807640750398	1	0	tensor(3)	0.9400947279184322
47200.0	1000.0	2438.780764075048	0.0	0	219.98011115832196	2638.7807640750398	1	0	tensor(3)	0.9400947279184322
48200.0	1000.0	2438.780764075044	0.0	0	265.9681130226236	2638.7807640750398	1	0	tensor(3)	0.9400947279184322
49200.0	2000.0	2438.7807640750343	0.0	0	49.884205491245666	2638.7807640750398	1	0	tensor(3)	0.9400947279184321
50776.15626990354	2000.0	1862.6244941714913	0.0	0	0.0	2638.7807640750398	1	0	tensor(3)	1.6332419084783774
51640.62907333359	2000.0	1998.1516907414368	0.0	0	0.0	2638.7807640750398	1	0	tensor(3)	1.6332419084783774
52617.99920761198	2000.0	2020.7815564630462	0.0	0	0.0	2638.780764075047	1	0	tensor(3)	1.6332419084783767
53963.21285551994	2000.0	1675.5679085550928	0.0	0	0.0	2638.7807640750398	1	0	tensor(3)	1.6332419084783774
54845.643559588374	2000.0	1793.1372044866562	0.0	0	0.0	2638.7807640750398	1	0	tensor(3)	1.6332419084783774
55714.94599844785	1000.0	1923.8347656271699	0.0	0	0.0	2638.7807640750398	1	0	tensor(3)	0.246947547358487
56798.31981541129	2000.0	1840.4609486637326	0.0	0	0.0	2638.7807640750398	1	0	tensor(3)	0.9400947279184321
58415.79297588029	1000.0	1222.9877881947307	0.0	0	0.0	2638.7807640750398	1	0	tensor(3)	0.246947547358487
59596.31206782685	1000.0	1042.4686962481705	0.0	0	0.0	2638.7807640750398	1	0	tensor(3)	0.9400947279184322
60602.76072975261	1000.0	1036.0200343224094	0.0	0	0.0	2638.7807640750325	1	0	tensor(3)	0.940094727918433
61554.50754093984	1000.0	1084.2732231351806	0.0	0	0.0	2638.7807640750325	1	0	tensor(3)	0.940094727918433
63097.76422671986	1000.0	541.0165373551572	0.0	0	0.0	2638.7807640750325	1	0	tensor(3)	0.940094727918433
64152.02407374621	1000.0	486.75669032880637	0.0	0	0.0	2638.7807640750325	1	0	tensor(3)	0.940094727918433
65234.658748088346	1000.0	404.12201598668076	0.0	0	0.0	2638.7807640750325	1	0	tensor(3)	0.940094727918433
66369.6077027862	1000.0	406.7993691816904	137.62630789287255	0	0.0	2776.4070719679003	1	0	tensor(3)	0.10057424977191012
67575.72031630277	1000.0	346.96932766136	146.28257199624795	0	0.0	2922.6896439641423	1	0	tensor(3)	0.034008407952034136
68452.76076608794	1000.0	572.2302142539179	102.30133637773292	0	0.0	3024.9909803418777	1	0	tensor(3)	0.28766568802535086
69816.77795558902	1000.0	263.04595873306994	54.832933980230564	0	0.0	3079.8239143221	1	0	tensor(3)	0.5669928090123427
70795.03942725711	500.0	544.2760230428189	259.4915359778492	0	0.0	3339.315450299953	1	0	tensor(3)	-2.0732023176910443
71954.95117183148	1000.0	384.3642784684721	0.0	0	0.0	3339.315450299953	1	0	tensor(3)	0.17689407873599539
72690.62811923554	500.0	648.6873310644309	0.0	0	0.0	3339.315450299968	1	0	tensor(3)	-0.5162531018239513
73750.26852947965	1000.0	589.0469208203135	0.0	0	0.0	3339.315450299968	1	0	tensor(3)	0.17689407873599405
74870.5809578291	1000.0	468.73449247087444	0.0	0	0.0	3339.315450299968	1	0	tensor(3)	0.8700412592959395
75984.37560853027	1000.0	538.7372962170094	183.797454447316	0	0.0	3523.1129047472787	1	0	tensor(3)	-0.25112321283268757
76740.46251125581	1000.0	782.6503934914556	0.0	0	0.0	3523.1129047472787	1	0	tensor(3)	0.8516615138512083
77805.4868858202	1000.0	717.6260189270718	0.0	0	0.0	3523.1129047472787	1	0	tensor(3)	0.8516615138512083
78611.06447617401	1000.0	912.0484285732541	0.0	0	0.0	3523.1129047472787	1	0	tensor(3)	0.8516615138512083
79321.99359714454	1000.0	1201.1193076027353	0.0	0	0.0	3523.1129047472787	1	0	tensor(3)	0.8516615138512083
80331.68855738995	1000.0	1191.4243473573156	0.0	0	0.0	3523.1129047472787	1	0	tensor(3)	0.8516615138512083
81352.76115510506	1000.0	1170.3517496422066	0.0	0	0.0	3523.112904747264	1	0	tensor(3)	0.8516615138512098
82400.93832722107	1000.0	1122.1745775261984	0.0	0	0.0	3523.112904747264	1	0	tensor(3)	0.8516615138512098
83315.82835061071	1000.0	1207.2845541365498	0.0	0	0.0	3523.1129047472787	1	0	tensor(3)	0.8516615138512083
84881.53411062708	1000.0	641.5787941201944	0.0	0	0.0	3523.1129047472787	1	0	tensor(3)	0.8516615138512083
86711.82589348403	1000.0	288.9013163752812	477.61430511203173	0	0.0	4000.7272098593094	1	0	tensor(3)	-2.061785747332185
87333.57073399061	1000.0	673.6350765739583	6.478600705262693	0	0.0	4007.20581056457	1	0	tensor(3)	0.764380619037903
88149.06109446882	1000.0	858.144716095745	0.0	0	0.0	4007.2058105645847	1	0	tensor(3)	0.8032522232694778
88922.74340451336	1000.0	1084.462406051228	0.0	0	0.0	4007.2058105645847	1	0	tensor(3)	0.8032522232694778
90000.2526442292	1000.0	1006.9531663353642	0.0	0	0.0	4007.2058105645847	1	0	tensor(3)	0.8032522232694778
91159.65597434712	1000.0	847.5498362174465	0.0	0	0.0	4007.2058105645847	1	0	tensor(3)	0.8032522232694778
91912.61861390309	1000.0	1094.5871966614552	0.0	0	0.0	4007.20581056457	1	0	tensor(3)	0.8032522232694792
92748.09313315219	1000.0	1259.1126774123607	0.0	0	0.0	4007.2058105645847	1	0	tensor(3)	0.8032522232694778
93434.47451739298	1000.0	1572.7312931715537	0.0	0	0.0	4007.2058105645847	1	0	tensor(3)	0.8032522232694778
94185.48548844105	1000.0	1821.7203221234975	0.0	0	0.0	4007.2058105645847	1	0	tensor(3)	0.8032522232694778
95227.57590812288	1000.0	1779.6299024416608	0.0	0	0.0	4007.2058105645847	1	0	tensor(3)	0.8032522232694778
96149.85665323674	1000.0	1857.3491573277793	0.0	0	0.0	4007.2058105645847	1	0	tensor(3)	0.8032522232694778
97322.49305663307	1000.0	1684.7127539314458	0.0	0	0.0	4007.2058105645847	1	0	tensor(3)	0.8032522232694778
97954.63710625638	1000.0	2052.5687043081425	0.0	0	0.0	4007.2058105645847	1	0	tensor(3)	0.8032522232694778
98588.03862702883	1000.0	2419.167183535708	0.0	0	0.0	4007.2058105645847	1	0	tensor(3)	0.8032522232694778
99287.06744036275	1000.0	2720.138370201773	0.0	0	0.0	4007.2058105645847	1	0	tensor(3)	0.8032522232694778
100048.26298583962	1000.0	2958.942824724894	0.0	0	0.0	4007.2058105645847	1	0	tensor(3)	0.8032522232694778
101793.59991488534	2000.0	2213.6058956791735	0.0	0	0.0	4007.2058105645847	1	0	tensor(3)	0.8032522232694776
102421.31493997805	1000.0	2585.8908705864724	0.0	0	0.0	4007.2058105645847	1	0	tensor(3)	0.11010504270953259
104089.60947003718	2000.0	1917.5963405273635	0.0	0	0.0	4007.2058105645992	1	0	tensor(3)	0.8032522232694763
105036.10475711356	1000.0	1971.101053450965	0.0	0	0.0	4007.2058105645992	1	0	tensor(3)	0.110105042709531
105637.55736390752	1000.0	2369.6484466570014	0.0	0	0.0	4007.2058105645847	1	0	tensor(3)	0.8032522232694778
106565.03643130761	1000.0	2442.16937925691	0.0	0	0.0	4007.2058105645847	1	0	tensor(3)	0.8032522232694778
107379.50437619447	1000.0	2627.701434370061	0.0	0	0.0	4007.2058105645847	1	0	tensor(3)	0.8032522232694778
108158.90047075367	1000.0	2848.3053398108636	0.0	0	0.0	4007.2058105645847	1	0	tensor(3)	0.8032522232694778
109168.56972289644	1000.0	2838.636087668084	0.0	0	0.0	4007.2058105645847	1	0	tensor(3)	0.8032522232694778
110396.3383364307	1000.0	2610.867474133847	0.0	0	0.0	4007.2058105645847	1	0	tensor(3)	0.8032522232694778
111882.98294356617	1000.0	2124.2228669983883	0.0	0	0.0	4007.2058105645847	1	0	tensor(3)	0.8032522232694778
113417.93380819693	1000.0	1589.2720023676081	0.0	0	0.0	4007.2058105645847	1	0	tensor(3)	0.8032522232694778
114963.76863075403	1000.0	1043.4371798105149	0.0	0	0.0	4007.2058105645847	1	0	tensor(3)	0.8032522232694778
116173.12692530344	1000.0	834.07888526112	0.0	0	0.0	4007.2058105645992	1	0	tensor(3)	0.8032522232694762
117559.62778246783	1000.0	447.57802809673285	0.0	0	0.0	4007.2058105645992	1	0	tensor(3)	0.8032522232694762
118645.75576376654	500.0	411.2811537503551	49.831106952344044	0	0.0	4057.036917516947	1	0	tensor(3)	-0.8870118902597136
119791.12398623301	500.0	497.9247101691224	232.01177888523648	0	0.0	4289.048696402184	1	0	tensor(3)	-1.3101499191856463
120501.55215775582	500.0	787.4965386463025	0.0	0	0.0	4289.048696402184	1	0	tensor(3)	0.0819207541257723
121083.27181101884	500.0	1205.7768853832858	0.0	0	0.0	4289.048696402184	1	0	tensor(3)	0.0819207541257723
122112.07990105588	1000.0	1176.9687953462358	0.0	0	0.0	4289.048696402184	1	0	tensor(3)	0.08192075412577238
122790.75866423202	1000.0	1498.2900321700934	0.0	0	0.0	4289.048696402184	1	0	tensor(3)	0.7750679346857179
123765.37090668206	1000.0	1523.6777897200673	0.0	0	0.0	4289.048696402184	1	0	tensor(3)	0.7750679346857179
124352.13868051262	1000.0	1936.9100158895114	0.0	0	0.0	4289.048696402184	1	0	tensor(3)	0.7750679346857179
125089.03402325045	1000.0	2200.0146731516993	0.0	0	0.0	4289.048696402184	1	0	tensor(3)	0.7750679346857179
126408.07970400235	1000.0	1880.9689923998053	0.0	0	0.0	4289.048696402198	1	0	tensor(3)	0.7750679346857163
127567.33381890431	1000.0	1721.7148774978352	0.0	0	0.0	4289.048696402198	1	0	tensor(3)	0.7750679346857163
128733.95130672134	1000.0	1555.097389680809	0.0	0	0.0	4289.048696402198	1	0	tensor(3)	0.7750679346857163
129683.3846027784	1000.0	1605.6640936237677	0.0	0	0.0	4289.048696402198	1	0	tensor(3)	0.7750679346857163
130476.49279208762	1000.0	1812.5559043145404	0.0	0	0.0	4289.048696402198	1	0	tensor(3)	0.7750679346857163
131341.50804735886	1000.0	1947.540649043309	0.0	0	0.0	4289.048696402198	1	0	tensor(3)	0.7750679346857167
132245.28773863034	1000.0	2043.7609577718022	0.0	0	0.0	4289.048696402198	1	0	tensor(3)	0.7750679346857167
133329.123305848	1000.0	1959.92539055413	0.0	0	0.0	4289.048696402198	1	0	tensor(3)	0.7750679346857172
134337.79043635612	1000.0	1951.2582600460096	0.0	0	0.0	4289.048696402184	1	0	tensor(3)	0.7750679346857172
135262.85163708264	1000.0	2026.1970593194844	0.0	0	0.0	4289.048696402184	1	0	tensor(3)	0.7750679346857183
136329.4267888038	1000.0	1959.6219075983201	0.0	0	0.0	4289.0486964022275	1	0	tensor(3)	0.7750679346857134
137315.74454707876	1000.0	1973.3041493233534	0.0	0	0.0	4289.0486964022275	1	0	tensor(3)	0.7750679346857134
138039.08701030962	1000.0	2249.961686092502	0.0	0	0.0	4289.048696402257	1	0	tensor(3)	0.7750679346857104
138914.11172548245	1000.0	2374.9369709196744	0.0	0	0.0	4289.048696402257	1	0	tensor(3)	0.7750679346857104
140207.39993119513	1000.0	2081.6487652070314	0.0	0	0.0	4289.048696402286	1	0	tensor(3)	0.7750679346857076
141134.0835470312	1000.0	2154.9651493709657	0.0	0	0.0	4289.048696402286	1	0	tensor(3)	0.7750679346857076
142042.48506553308	1000.0	2246.5636308690428	0.0	0	0.0	4289.048696402286	1	0	tensor(3)	0.7750679346857076
143070.46019265184	1000.0	2218.5885037502794	0.0	0	0.0	4289.048696402286	1	0	tensor(3)	0.7750679346857076
143972.70342091456	1000.0	2316.34527548757	0.0	0	0.0	4289.048696402315	1	0	tensor(3)	0.7750679346857047
145298.89942594615	1000.0	1990.1492704559682	0.0	0	0.0	4289.048696402315	1	0	tensor(3)	0.7750679346857047
146589.0702889794	1000.0	1699.9784074227064	0.0	0	0.0	4289.048696402286	1	0	tensor(3)	0.7750679346857076
147197.3121928459	1000.0	2091.736503556216	0.0	0	0.0	4289.048696402286	1	0	tensor(3)	0.7750679346857076
147925.42796226716	1000.0	2363.6207341349723	0.0	0	0.0	4289.048696402286	1	0	tensor(3)	0.7750679346857076
148778.99973026814	1000.0	2510.0489661339834	0.0	0	0.0	4289.048696402315	1	0	tensor(3)	0.7750679346857047
149398.0886852036	1000.0	2890.960011198496	0.0	0	0.0	4289.048696402286	1	0	tensor(3)	0.7750679346857076
150359.8141612866	1000.0	2929.2345351155086	0.0	0	0.0	4289.048696402286	1	0	tensor(3)	0.7750679346857076
151428.1101147516	1000.0	2860.938581650516	0.0	0	0.0	4289.048696402315	1	0	tensor(3)	0.7750679346857047
152855.34991796114	1000.0	2433.6987784409675	0.0	0	0.0	4289.048696402315	1	0	tensor(3)	0.7750679346857047
153935.73961725918	1000.0	2353.3090791429495	0.0	0	0.0	4289.048696402344	1	0	tensor(3)	0.7750679346857017
155242.98989403565	1000.0	2046.0588023664818	0.0	0	0.0	4289.048696402344	1	0	tensor(3)	0.7750679346857017
156187.00765948958	1000.0	2102.041036912532	0.0	0	0.0	4289.048696402344	1	0	tensor(3)	0.7750679346857017
157722.36916580464	1000.0	1566.6795305974833	0.0	0	0.0	4289.048696402344	1	0	tensor(3)	0.7750679346857017
159086.7809575896	1000.0	1202.2677388125346	0.0	0	0.0	4289.048696402344	1	0	tensor(3)	0.7750679346857017
159931.02787373587	1000.0	1358.0208226662796	0.0	0	0.0	4289.048696402344	1	0	tensor(3)	0.7750679346857017
160724.79116953944	1000.0	1564.2575268626995	0.0	0	0.0	4289.048696402286	1	0	tensor(3)	0.7750679346857052
161757.23846641992	1000.0	1531.810229982217	0.0	0	0.0	4289.048696402286	1	0	tensor(3)	0.7750679346857076
162357.88654852382	1000.0	1931.1621478783136	0.0	0	0.0	4289.048696402286	1	0	tensor(3)	0.7750679346857076
162798.76783526072	1000.0	2490.280861141447	0.0	0	0.0	4289.048696402286	1	0	tensor(3)	0.7750679346857076
163982.92040259665	2000.0	2306.1282938055024	0.0	0	0.0	4289.048696402257	1	0	tensor(3)	0.7750679346857106
165331.95308424527	2000.0	1957.0956121568772	0.0	0	0.0	4289.048696402257	1	0	tensor(3)	1.4682151152456557
166023.06859475168	1000.0	2265.9801016504566	0.0	0	0.0	4289.0486964022275	1	0	tensor(3)	0.08192075412576827
167318.23952428935	2000.0	1970.8091721127814	0.0	0	0.0	4289.0486964022275	1	0	tensor(3)	0.7750679346857133
168391.8666643923	2000.0	1897.1820320098577	0.0	0	0.0	4289.0486964022275	1	0	tensor(3)	1.4682151152456586
169267.5907067383	1000.0	2021.4579896638886	0.0	0	0.0	2289.0486964022566	1	0	tensor(6)	-5.718079245874236
171413.97087051862	2000.0	875.0778258835469	0.0	0	0.0	2289.0486964022566	1	0	tensor(3)	0.9750679346857092
172190.66440801584	1000.0	1098.3842883863279	0.0	0	0.0	2289.0486964022566	1	0	tensor(3)	0.28192075412576534
173194.91403966965	1000.0	1094.1346567325468	0.0	0	0.0	2289.0486964022566	1	0	tensor(3)	0.9750679346857105
173876.80672641614	1000.0	1412.2419699860145	0.0	0	0.0	2289.0486964021984	1	0	tensor(3)	0.9750679346857156
174980.96534645132	1000.0	1308.0833499508026	0.0	0	0.0	2289.0486964021984	1	0	tensor(3)	0.9750679346857163
175721.53327596837	1000.0	1567.5154204337784	0.0	0	0.0	2289.0486964022275	1	0	tensor(3)	0.9750679346857134
176566.06145091652	1000.0	1722.9872454855913	0.0	0	0.0	2289.0486964022275	1	0	tensor(3)	0.9750679346857134
177711.5624974706	1000.0	1577.486198931524	0.0	0	0.0	2289.0486964022566	1	0	tensor(3)	0.9750679346857105
178978.44129461845	1000.0	1310.6074017836722	0.0	0	0.0	2289.0486964022857	1	0	tensor(3)	0.9750679346857083
179573.35226799425	1000.0	1715.6964284079013	0.0	0	0.0	2289.048696402315	1	0	tensor(3)	0.9750679346857047
180375.3617990818	1000.0	1913.68689732036	0.0	0	0.0	2289.048696402344	1	0	tensor(3)	0.9750679346857017
181200.0	1000.0	2089.04869640213	0.0	0	88.74396425375016	2289.048696402344	1	0	tensor(3)	0.9750679346857017
182200.0	1000.0	2089.0486964021384	0.0	0	69.74590168212308	2289.048696402344	1	0	tensor(3)	0.9750679346857017
183301.73217924876	1000.0	1987.316517153359	0.0	0	0.0	2289.048696402344	1	0	tensor(3)	0.9750679346857017
184200.0	1000.0	2089.0486964021165	0.0	0	13.658949751523323	2289.048696402344	1	0	tensor(3)	0.9750679346857017
185200.0	1000.0	2089.0486964021256	0.0	0	406.1287157619954	2289.048696402344	1	0	tensor(3)	0.9750679346857011
186375.14887620756	2000.0	1913.899820194574	0.0	0	0.0	2289.048696402373	1	0	tensor(3)	0.9750679346856987
187351.51558792134	2000.0	1937.533108480812	0.0	0	0.0	2289.048696402373	1	0	tensor(3)	1.668215115245644
189631.42415331947	2000.0	657.624543082668	0.0	0	0.0	2289.048696402344	1	0	tensor(3)	1.6682151152456464
190587.173838691	1000.0	701.8748577111289	0.0	0	0.0	2289.048696402344	1	0	tensor(3)	0.28192075412575657
191689.68731247482	1000.0	599.3613839272894	0.0	0	0.0	2289.048696402344	1	0	tensor(3)	0.9750679346857017
192764.67941844105	1000.0	524.3692779610092	0.0	0	0.0	2289.048696402344	1	0	tensor(3)	0.9750679346857017
193511.12913046774	1000.0	777.9195659342823	0.0	0	0.0	2289.048696402344	1	0	tensor(3)	0.9750679346857017
194556.45890368737	1000.0	732.5897927146565	0.0	0	0.0	2289.048696402344	1	0	tensor(3)	0.9750679346857017
195377.8638733776	1000.0	911.1848230244484	0.0	0	0.0	2289.048696402373	1	0	tensor(3)	0.9750679346856989
196029.52895748187	1000.0	1259.519738920148	0.0	0	0.0	2289.048696402373	1	0	tensor(3)	0.9750679346856989
196708.39681662648	1000.0	1580.6518797755343	0.0	0	0.0	2289.048696402402	1	0	tensor(3)	0.975067934685696
197200.0	1000.0	2089.048696402012	0.0	0	108.55848951888038	2289.048696402402	1	0	tensor(3)	0.975067934685696
198561.92841740118	2000.0	1727.1202790008072	0.0	0	0.0	2289.0486964024312	1	0	tensor(3)	0.975067934685693
199775.43926321616	2000.0	1513.6094331858276	0.0	0	0.0	2289.0486964024312	1	0	tensor(3)	1.6682151152456381
200624.20992809933	2000.0	1664.8387683026428	0.0	0	0.0	2289.048696402402	1	0	tensor(3)	1.6682151152456413
201865.7713622638	2000.0	1423.2773341381721	0.0	0	0.0	2289.048696402402	1	0	tensor(3)	1.6682151152456413
203184.1723330643	2000.0	1104.876363337697	0.0	0	0.0	2289.0486964024312	1	0	tensor(3)	1.6682151152456388
204112.1643126342	2000.0	1176.8843837678078	0.0	0	0.0	2289.0486964024312	1	0	tensor(3)	1.6682151152456381
204759.01807840585	1000.0	1530.030617996189	0.0	0	0.0	2289.0486964024312	1	0	tensor(3)	0.28192075412574785
206382.5919659411	2000.0	906.4567304609288	0.0	0	0.0	2289.0486964024312	1	0	tensor(3)	0.975067934685693
207954.2530535612	1000.0	334.7956428408379	0.0	0	0.0	2289.048696402402	1	0	tensor(3)	0.2819207541257496
208858.50215177872	1000.0	492.6409952609994	62.094450637674186	0	0.0	2351.1431470401003	1	0	tensor(3)	0.596291785795881
210255.01991669953	1000.0	241.6640820717872	145.54085173160752	0	0.0	2496.6839987717103	1	0	tensor(3)	0.0810592940591201
211514.00681383934	1000.0	303.9762337528265	321.29904882088886	0	0.0	2817.9830475921917	1	0	tensor(3)	-1.0056197933586157
212108.89864536957	500.0	709.084402222612	0.0	0	0.0	2817.9830475921917	1	0	tensor(3)	-0.46411986155317386
213353.99372989323	1000.0	463.9893176989341	0.0	0	0.0	2817.9830475921917	1	0	tensor(3)	0.22902731900677153
214507.60256257514	1000.0	410.0717205348923	99.6912355178647	0	0.0	2917.674283110071	1	0	tensor(3)	0.3140579629077408
215292.38669028468	1000.0	625.2875928253557	0.0	0	0.0	2917.674283110071	1	0	tensor(3)	0.912205376014929
216156.0340389696	1000.0	761.6402441404679	0.0	0	0.0	2917.674283110071	1	0	tensor(3)	0.912205376014929
217001.8102647793	1000.0	915.8640183307696	0.0	0	0.0	2917.674283110071	1	0	tensor(3)	0.912205376014929
218261.9248697255	1000.0	655.7494133845735	0.0	0	0.0	2917.674283110071	1	0	tensor(3)	0.912205376014929
220029.39167995605	1000.0	236.06416816883274	347.7815650148256	0	0.0	3265.455848124897	1	0	tensor(3)	-1.20461885885052
221339.6130381868	1000.0	299.41278605448616	373.56997611640713	0	0.0	3639.025824241282	1	0	tensor(3)	-1.4013496347966354
222035.85548934017	500.0	669.1511145573171	65.98077965619215	0	0.0	3705.006603897491	1	0	tensor(3)	-0.9487068951208568
223287.96404123146	1000.0	417.04256266600225	0.0	0	0.0	3705.006603897491	1	0	tensor(3)	0.14032496337624156
223822.75322467118	500.0	882.2533792262969	0.0	0	0.0	3705.006603897491	1	0	tensor(3)	-0.5528222171837038
225221.3449949974	1000.0	483.66160890007995	0.0	0	0.0	3705.006603897491	1	0	tensor(3)	0.14032496337624156
226147.78290713814	1000.0	557.223696759326	0.0	0	0.0	3705.006603897491	1	0	tensor(3)	0.833472143936187
227098.21180610475	1000.0	606.7947977927356	0.0	0	0.0	3705.006603897491	1	0	tensor(3)	0.833472143936187
227894.04766826585	1000.0	810.9589356316268	0.0	0	0.0	3705.00660389752	1	0	tensor(3)	0.8334721439361842
228898.00940745792	1000.0	806.9971964395569	0.0	0	0.0	3705.00660389752	1	0	tensor(3)	0.8334721439361842
229545.1283159827	1000.0	1159.8782879148052	0.0	0	0.0	3705.00660389752	1	0	tensor(3)	0.8334721439361842
230824.51979199584	1000.0	880.4868119016588	0.0	0	0.0	3705.006603897491	1	0	tensor(3)	0.8334721439361853
231511.50221558832	1000.0	1193.5043883091826	0.0	0	0.0	3705.006603897491	1	0	tensor(3)	0.833472143936187
232407.77351108825	1000.0	1297.2330928092535	0.0	0	0.0	3705.006603897491	1	0	tensor(3)	0.833472143936187
233421.79691095918	1000.0	1283.209692938293	0.0	0	0.0	3705.006603897491	1	0	tensor(3)	0.833472143936187
235074.35844000496	1000.0	630.6481638924831	0.0	0	0.0	3705.006603897491	1	0	tensor(3)	0.833472143936187
236150.46542426854	1000.0	587.1351278072798	32.59394817837537	0	0.0	3737.6005520758627	1	0	tensor(3)	0.6346490600480976
236669.4349103061	1000.0	1068.16564176972	0.0	0	0.0	3737.6005520758627	1	0	tensor(3)	0.8302127491183499
237214.17819085825	1000.0	1523.4223612175633	0.0	0	0.0	3737.6005520758627	1	0	tensor(3)	0.8302127491183499
237955.04702136962	1000.0	1782.5535307061798	0.0	0	0.0	3737.6005520758627	1	0	tensor(3)	0.8302127491183499
239051.00382653205	1000.0	1686.5967255437636	0.0	0	0.0	3737.6005520758627	1	0	tensor(3)	0.8302127491183499
240284.67238260253	1000.0	1452.928169473278	0.0	0	0.0	3737.6005520758627	1	0	tensor(3)	0.8302127491183499
241197.42496637846	1000.0	1540.1755856973907	0.0	0	0.0	3737.6005520758627	1	0	tensor(3)	0.8302127491183499
241985.76876755885	1000.0	1751.831784517014	0.0	0	0.0	3737.6005520758918	1	0	tensor(3)	0.8302127491183475
242537.67108107856	1000.0	2199.929470997317	0.0	0	0.0	3737.6005520758627	1	0	tensor(3)	0.8302127491183499
243317.49164764563	1000.0	2420.108904430282	0.0	0	0.0	3737.6005520758627	1	0	tensor(3)	0.8302127491183499
244249.3040011842	1000.0	2488.296550891708	0.0	0	0.0	3737.6005520758918	1	0	tensor(3)	0.830212749118347
245710.02694031797	1000.0	2027.5736117579625	0.0	0	0.0	3737.600552075921	1	0	tensor(3)	0.8302127491183441
246616.36988420322	1000.0	2121.230667872702	0.0	0	0.0	3737.60055207595	1	0	tensor(3)	0.8302127491183411
247198.11237855797	1000.0	2539.4881735179506	0.0	0	0.0	3737.60055207595	1	0	tensor(3)	0.8302127491183411
248238.34246931112	1000.0	2499.258082764782	0.0	0	0.0	3737.600552075921	1	0	tensor(3)	0.8302127491183435
248964.37165558795	1000.0	2773.2288964879303	0.0	0	0.0	3737.6005520758918	1	0	tensor(3)	0.830212749118347
249954.69681920088	2000.0	2782.9037328749987	0.0	0	0.0	3737.6005520758918	1	0	tensor(3)	0.8302127491183457
250634.68438474726	1000.0	3102.9161673286044	0.0	0	0.0	3737.6005520758918	1	0	tensor(3)	0.1370655685584018
252006.68903778627	2000.0	2730.911514289602	0.0	0	0.0	3737.60055207595	1	0	tensor(3)	0.8302127491183428
252651.05224956843	1000.0	3086.5483025074354	0.0	0	0.0	3737.60055207595	1	0	tensor(3)	0.1370655685583959
254202.86915757673	2000.0	2534.731394499155	0.0	0	0.0	3737.600552075979	1	0	tensor(3)	0.8302127491183383
255357.27166723763	2000.0	2380.3288848382317	0.0	0	0.0	3737.60055207595	1	0	tensor(3)	1.5233599296782863
255980.2764848255	1000.0	2757.324067250347	0.0	0	0.0	3737.600552075921	1	0	tensor(3)	0.13706556855839894
256901.8094942444	1000.0	2835.7910578314477	0.0	0	0.0	3737.600552075921	1	0	tensor(3)	0.8302127491183441
257735.17572924553	1000.0	3002.4248228303372	0.0	0	0.0	3737.600552075921	1	0	tensor(3)	0.8302127491183441
258443.1258834842	1000.0	3294.474668591705	0.0	0	0.0	3737.600552075921	1	0	tensor(3)	0.8302127491183441
259688.94630297058	1000.0	3048.654249105341	0.0	0	0.0	3737.600552075979	1	0	tensor(3)	0.8302127491183405
260619.84567857545	1000.0	3117.754873500468	0.0	0	0.0	3737.600552075979	1	0	tensor(3)	0.8302127491183382
262082.27475379393	1000.0	2655.3257982820032	0.0	0	0.0	3737.600552075979	1	0	tensor(3)	0.8302127491183382
263350.35700010956	1000.0	2387.2435519663986	0.0	0	0.0	3737.6005520760373	1	0	tensor(3)	0.8302127491183348
264427.02799471054	1000.0	2310.5725573654718	0.0	0	0.0	3737.6005520760664	1	0	tensor(3)	0.8302127491183313
265368.31286229985	1000.0	2369.28768977612	0.0	0	0.0	3737.600552076008	1	0	tensor(3)	0.830212749118333
266341.1286220859	1000.0	2396.471929990007	0.0	0	0.0	3737.600552076008	1	0	tensor(3)	0.8302127491183353
268212.99709726626	1000.0	1524.6034548096497	0.0	0	0.0	3737.60055207595	1	0	tensor(3)	0.8302127491183389
269713.9114981948	1000.0	1023.6890538811111	0.0	0	0.0	3737.600552076008	1	0	tensor(3)	0.8302127491183353
270611.3908218512	1000.0	1126.2097302247469	0.0	0	0.0	3737.6005520760664	1	0	tensor(3)	0.8302127491183295
271506.76091545343	1000.0	1230.8396366225365	0.0	0	0.0	3737.6005520760664	1	0	tensor(3)	0.8302127491183295
272541.3207098149	1000.0	1196.2798422609985	0.0	0	0.0	3737.6005520760664	1	0	tensor(3)	0.8302127491183295
273087.9562441289	1000.0	1649.6443079470787	0.0	0	0.0	3737.6005520760664	1	0	tensor(3)	0.8302127491183295
273595.680127992	1000.0	2141.92042408398	0.0	0	0.0	3737.6005520760664	1	0	tensor(3)	0.8302127491183295
275734.51404384687	2000.0	1003.0865082291881	0.0	0	0.0	3737.6005520760664	1	0	tensor(3)	0.8302127491183294
276600.1215659004	1000.0	1137.4789861756478	0.0	0	0.0	3737.600552076008	1	0	tensor(3)	0.13706556855839014
277396.15431232244	1000.0	1341.446239753581	0.0	0	0.0	3737.600552076008	1	0	tensor(3)	0.8302127491183353
278155.8729617818	1000.0	1581.7275902941758	0.0	0	0.0	3737.600552076008	1	0	tensor(3)	0.8302127491183353
279110.2326738639	1000.0	1627.3678782120617	0.0	0	0.0	3737.60055207595	1	0	tensor(3)	0.8302127491183411
279671.0199867928	1000.0	2066.5805652831114	0.0	0	0.0	3737.60055207595	1	0	tensor(3)	0.8302127491183411
280472.8757415012	1000.0	2264.7248105746667	0.0	0	0.0	3737.60055207595	1	0	tensor(3)	0.8302127491183411
281484.7955519961	1000.0	2252.8050000797925	0.0	0	0.0	3737.600552076008	1	0	tensor(3)	0.8302127491183353
282461.258714581	1000.0	2276.341837494821	0.0	0	0.0	3737.6005520760664	1	0	tensor(3)	0.8302127491183295
283693.0060739356	1000.0	2044.5944781402015	0.0	0	0.0	3737.6005520760664	1	0	tensor(3)	0.8302127491183295
284516.8296530227	1000.0	2220.770899053097	0.0	0	0.0	3737.6005520760664	1	0	tensor(3)	0.8302127491183295
285406.07691270456	1000.0	2331.523639371283	0.0	0	0.0	3737.6005520760664	1	0	tensor(3)	0.8302127491183295
286127.7818485702	1000.0	2609.8187035056317	0.0	0	0.0	3737.6005520760664	1	0	tensor(3)	0.8302127491183295
287141.7828730107	1000.0	2595.8176790651464	0.0	0	0.0	3737.6005520760664	1	0	tensor(3)	0.8302127491183295
288205.4135906743	1000.0	2532.1869614015923	0.0	0	0.0	3737.6005520760664	1	0	tensor(3)	0.8302127491183295
289611.7000146706	1000.0	2125.900537405301	0.0	0	0.0	3737.6005520760664	1	0	tensor(3)	0.8302127491183295
290427.19999627816	1000.0	2310.4005557977575	0.0	0	0.0	3737.6005520760664	1	0	tensor(3)	0.8302127491183295
291104.8584760051	1000.0	2632.7420760708706	0.0	0	0.0	3737.6005520760664	1	0	tensor(3)	0.8302127491183295
291790.0878124596	1000.0	2947.5127396163834	0.0	0	0.0	3737.6005520760664	1	0	tensor(3)	0.8302127491183331
293108.89277503913	1000.0	2628.707777036886	0.0	0	0.0	3737.6005520760664	1	0	tensor(3)	0.8302127491183295
294794.9190303378	1000.0	1942.6815217381995	0.0	0	0.0	3737.600552076008	1	0	tensor(3)	0.8302127491183353
295966.7224759407	1000.0	1770.8780761353278	0.0	0	0.0	3737.6005520760664	1	0	tensor(3)	0.8302127491183295
296649.41774705873	1000.0	2088.182805017244	0.0	0	0.0	3737.6005520760664	1	0	tensor(3)	0.8302127491183295
297352.8564372068	1000.0	2384.744114869167	0.0	0	0.0	3737.6005520760664	1	0	tensor(3)	0.8302127491183295
298199.5414837721	1000.0	2538.059068303824	0.0	0	0.0	3737.6005520760664	1	0	tensor(3)	0.8302127491183295
299151.8775427843	1000.0	2585.7230092916075	0.0	0	0.0	3737.6005520760664	1	0	tensor(3)	0.8302127491183295
300321.0334234468	1000.0	2416.5671286291167	0.0	0	0.0	3737.6005520760664	1	0	tensor(3)	0.8302127491183295
301414.7180538009	1000.0	2322.8824982749748	0.0	0	0.0	3737.6005520760664	1	0	tensor(3)	0.8302127491183295
302861.9701295266	1000.0	1875.6304225492306	0.0	0	0.0	3737.6005520760664	1	0	tensor(3)	0.8302127491183295
304212.10573568026	1000.0	1525.494816395581	0.0	0	0.0	3737.600552076008	1	0	tensor(3)	0.8302127491183342
305081.6586098547	1000.0	1655.9419422211804	0.0	0	0.0	3737.600552076008	1	0	tensor(3)	0.8302127491183353
306353.5081578742	1000.0	1384.0923942015877	0.0	0	0.0	3737.600552076008	1	0	tensor(3)	0.8302127491183353
0.73	0.93	0.96	0.87	0.79	0.9	1.05	1.19	0.73	1.92	1.93	1.85	1.51	2.12	1.98	1.45	1.52	0.93	0.92	1.15	1.1	1.2	1.39	1.07	1.16	0.86	1.54	1.68	1.38	1.39	1.03	1.32	1.84	2.22	2.04	1.1	1.12	1.32	0.92	1.25	1.42	1.08	1.02	1.51	2.03	1.65	1.44	1.93	2.0	1.78	2.0	1.32	1.68	0.87	0.65	1.04	0.92	0.8	0.76	1.07	1.14	1.03	1.0	0.95	0.98	1.07	0.57	0.96	0.76	0.92	0.88	0.64	1.09	0.96	1.18	1.31	1.24	1.05	1.18	1.07	0.88	0.49	0.86	1.62	1.55	1.07	0.98	1.05	1.6	1.74	1.55	0.96	0.78	0.97	1.62	1.14	1.63	1.29	1.67	1.33	1.46	1.41	1.38	1.26	1.15	1.16	0.64	0.86	0.81	0.73	0.63	0.95	1.29	0.9	0.37	0.52	0.82	1.29	1.24	1.11	1.81	1.08	1.02	0.95	1.12	1.22	1.58	0.98	1.32	1.27	1.03	0.96	1.44	1.33	1.36	0.7	0.8	0.97	1.41	1.11	0.79	0.73	0.96	1.36	1.52	1.4	1.08	1.07	0.92	0.83	0.73	0.93	0.96	0.87	0.79	0.9	1.05	1.19	0.73	1.92	1.93	1.85	1.51	2.12	1.98	1.45	1.52	0.93	0.92	1.15	1.1	1.2	1.39	1.07	1.16	0.86	1.54	1.68	1.38	1.39	1.03	1.32	1.84	2.22	2.04	1.1	1.12	1.32	0.92	1.25	1.42	1.08	1.02	1.51	2.03	1.65	1.44	1.93	2.0	1.78	2.0	1.32	1.68	0.87	0.65	1.04	0.92	0.8	0.76	1.07	1.14	1.03	1.0	0.95	0.98	1.07	0.57	0.96	0.76	0.92	0.88	0.64	1.09	0.96	1.18	1.31	1.24	1.05	1.18	1.07	0.88	0.49	0.86	1.62	1.55	1.07	0.98	1.05	1.6	1.74	1.55	0.96	0.78	0.97	1.62	1.14	1.63	1.29	1.67	1.33	1.46	1.41	1.38	1.26	1.15	1.16	0.64	0.86	0.81	0.73	0.63	0.95	1.29	0.9	0.37	0.52	0.82	1.29	1.24	1.11	1.81	1.08	1.02	0.95	1.12	1.22	1.58	0.98	1.32	1.27	1.03	0.96	1.44	1.33	1.36	0.7	0.8	0.97	1.41	1.11	0.79	0.73	0.96	1.36	1.52	1.4	1.08	1.07	0.92	0.83	0.73	0.93	0.96	0.87	0.79	0.9	1.05
1.0	2.0	3.0	4.0	5.0	6.0	7.0	8.0	9.0	10.0	11.0	12.0	13.0	14.0	15.0	16.0	17.0	18.0	19.0	20.0	21.0	22.0	23.0	24.0	25.0	26.0	27.0	28.0	29.0	30.0	31.0	32.0	33.0	34.0	35.0	36.0	37.0	38.0	39.0	40.0	41.0	42.0	43.0	44.0	45.0	46.0	47.0	48.0	49.0	50.0	51.0	52.0	53.0	54.0	55.0	56.0	57.0	58.0	59.0	60.0	61.0	62.0	63.0	64.0	65.0	66.0	67.0	68.0	69.0	70.0	71.0	72.0	73.0	74.0	75.0	76.0	77.0	78.0	79.0	80.0	81.0	82.0	83.0	84.0	85.0	86.0	87.0	88.0	89.0	90.0	91.0	92.0	93.0	94.0	95.0	96.0	97.0	98.0	99.0	100.0	101.0	102.0	103.0	104.0	105.0	106.0	107.0	108.0	109.0	110.0	111.0	112.0	113.0	114.0	115.0	116.0	117.0	118.0	119.0	120.0	121.0	122.0	123.0	124.0	125.0	126.0	127.0	128.0	129.0	130.0	131.0	132.0	133.0	134.0	135.0	136.0	137.0	138.0	139.0	140.0	141.0	142.0	143.0	144.0	145.0	146.0	147.0	148.0	149.0	149.0	150.0	151.0	152.0	153.0	154.0	155.0	156.0	157.0	158.0	159.0	160.0	161.0	162.0	163.0	164.0	165.0	166.0	167.0	168.0	169.0	170.0	171.0	172.0	173.0	174.0	175.0	176.0	177.0	178.0	179.0	180.0	181.0	182.0	183.0	184.0	185.0	186.0	187.0	188.0	189.0	190.0	191.0	192.0	193.0	194.0	195.0	196.0	197.0	198.0	199.0	200.0	201.0	202.0	203.0	204.0	205.0	206.0	207.0	208.0	209.0	210.0	211.0	212.0	213.0	214.0	215.0	216.0	217.0	218.0	219.0	220.0	221.0	222.0	223.0	224.0	225.0	226.0	227.0	228.0	229.0	230.0	231.0	232.0	233.0	234.0	235.0	236.0	237.0	238.0	239.0	240.0	241.0	242.0	243.0	244.0	245.0	246.0	247.0	248.0	249.0	250.0	251.0	252.0	253.0	254.0	255.0	256.0	257.0	258.0	259.0	260.0	261.0	262.0	263.0	264.0	265.0	266.0	267.0	268.0	269.0	270.0	271.0	272.0	273.0	274.0	275.0	276.0	277.0	278.0	279.0	280.0	281.0	282.0	283.0	284.0	285.0	286.0	287.0	288.0	289.0	290.0	291.0	292.0	293.0	294.0	295.0	296.0	297.0	298.0	298.0	299.0	300.0	301.0	302.0	303.0	304.0	305.0
3619.077094763953
