4788.777052105034	300.0	2000.0	250.45161502067873	0	0.0	4788.777052105034	1	0	1	-1.9759306258729066
5188.510097875813	300.0	2560.2936496521447	0.0	0	0.0	4748.803747527957	1	0	2	-0.8758875043309177
5508.357598398088	300.0	3208.461399077642	0.0	0	0.0	4716.818997475729	1	0	2	-0.6724525164702272
5823.5527279413045	300.0	3861.746756580105	0.0	0	0.0	4685.299484521408	1	0	2	-0.6693131464292807
6222.527085717964	300.0	4422.87496302578	0.0	0	0.0	4645.402048743741	1	0	2	-0.6654810144113656
7200.0	300.0	4347.654757315541	0.0	0	563.6182666321838	4547.654757315538	1	0	2	-0.6586822786313614
8200.0	300.0	4247.654757315541	0.0	0	667.8663023977351	4447.6547573155385	1	0	2	-0.6487654757315541
9200.0	300.0	4147.654757315543	0.0	0	614.8346121929899	4347.654757315539	1	0	2	-0.6387514030046008
10200.0	300.0	4047.654757315543	0.0	0	700.6762813717032	4247.654757315538	1	0	2	-0.6287654757315541
11200.0	300.0	3947.6547573155426	0.0	0	488.5930488572176	4147.654757315538	1	0	2	-0.6186663267014187
12200.0	300.0	3847.6547573155444	0.0	0	473.41560199918604	4047.6547573155394	1	0	2	-0.6086594248191189
13200.0	300.0	3747.6547573155435	0.0	0	660.1584297555619	3947.6547573155367	1	0	2	-0.5987654757315539
14200.0	300.0	3647.6547573155426	0.0	0	719.6114937323273	3847.6547573155367	1	0	2	-0.5887654757315539
15200.0	300.0	3547.654757315542	0.0	0	619.7716779692328	3747.6547573155367	1	0	2	-0.5787654757315539
16200.0	300.0	3447.654757315541	0.0	0	661.5213448085924	3647.654757315535	1	0	2	-0.5687654757315538
17200.0	300.0	3347.6547573155403	0.0	0	643.027132522875	3547.654757315535	1	0	2	-0.5587654757315539
18200.0	300.0	3247.6547573155403	0.0	0	697.1890253353849	3447.654757315533	1	0	2	-0.5487654757315537
19200.0	300.0	3147.65475731554	0.0	0	585.5300751344039	3347.6547573155294	1	0	2	-0.5387582136163368
20200.0	300.0	3047.654757315541	0.0	0	737.4302832509711	3247.654757315526	1	0	2	-0.5287654757315529
21200.0	300.0	2947.6547573155412	0.0	0	748.0415512856889	3147.654757315522	1	0	2	-0.5187654757315526
22200.0	300.0	2847.65475731554	0.0	0	812.3073982207425	3047.6547573155185	1	0	2	-0.5087654757315521
23200.0	300.0	2747.6547573155376	0.0	0	517.211398173069	2947.654757315515	1	0	2	-0.4986727002266143
24200.0	300.0	2647.6547573155367	0.0	0	717.973823161843	2847.6547573155076	1	0	2	-0.4887654757315515
25200.0	300.0	2547.6547573155362	0.0	0	794.6712219483998	2747.654757315504	1	0	2	-0.47876547573155065
26200.0	300.0	2447.654757315536	0.0	0	779.4573677316002	2647.654757315504	1	0	2	-0.4687654757315505
27200.0	300.0	2347.654757315538	0.0	0	583.2739145495689	2547.6547573155076	1	0	2	-0.45875594271572073
28200.0	300.0	2247.6547573155394	0.0	0	494.81287431050805	2447.6547573155076	1	0	2	-0.4486717294938797
29200.0	300.0	2147.654757315541	0.0	0	613.4614769736108	2347.6547573155112	1	0	2	-0.43876547573155106
30200.0	300.0	2047.654757315538	0.0	0	110.13079366285456	2247.6547573155112	1	0	2	-0.4277802699277428
31200.0	300.0	1947.6547573155399	0.0	0	17.091854663478443	2147.6547573155076	1	0	2	-0.41756106456309816
32200.0	300.0	1847.6547573155358	0.0	0	509.90800502744605	2047.654757315504	1	0	2	-0.4086697108600742
33200.0	300.0	1747.6547573155312	0.0	0	666.7578440016841	1947.6547573154967	1	0	2	-0.3987654757315503
34200.0	300.0	1647.6547573155297	0.0	0	540.9861461299006	1847.654757315493	1	0	2	-0.3886929903718628
35200.0	300.0	1547.654757315539	0.0	0	736.3713600176925	1747.654757315504	1	0	2	-0.37876547573155017
36200.0	300.0	1447.6547573155328	0.0	0	653.9979618511934	1647.654757315504	1	0	2	-0.3687654757315506
37200.0	300.0	1347.6547573155253	0.0	0	767.9648167996493	1547.6547573154894	1	0	2	-0.35876547573155
38200.0	300.0	1247.6547573155235	0.0	0	651.544490993736	1447.6547573154821	1	0	2	-0.34876547573154915
39200.0	300.0	1247.6547573155322	0.0	0	735.2931214163473	1447.6547573154821	1	0	1	-0.3447654757315485
40200.0	300.0	1247.6547573155453	0.0	0	731.4372949696844	1447.6547573154894	1	0	1	-0.14476547573154896
41200.0	300.0	1247.6547573155435	0.0	0	760.8296710058494	1447.6547573154967	1	0	1	-0.14476547573154971
42200.0	300.0	1247.6547573155408	0.0	0	704.8411505528711	1447.6547573154967	1	0	1	-0.14476547573154971
43200.0	500.0	1247.6547573155367	0.0	0	646.268121979163	1447.654757315504	1	0	1	-0.1447654757315504
44200.0	500.0	1247.654757315543	0.0	0	571.5826103242143	1447.654757315504	1	0	1	0.3660601480344403
45200.0	500.0	1247.6547573155456	0.0	0	564.4779256075853	1447.654757315504	1	0	1	0.3660601480344403
46200.0	1000.0	1247.654757315545	0.0	0	84.5106344137821	1447.654757315504	1	0	1	0.3660601480344404
47200.0	1000.0	1247.6547573155453	0.0	0	48.81473832609481	1447.654757315504	1	0	1	1.0592073285943857
48200.0	1000.0	1247.6547573155494	0.0	0	64.77004695712822	1447.654757315504	1	0	1	1.0592073285943857
49600.16996707741	1000.0	847.4847902381448	0.0	0	0.0	1447.6547573155112	1	0	1	1.059207328594385
50740.62842627808	1000.0	707.0263310374668	0.0	0	0.0	1447.6547573155112	1	0	1	1.059207328594385
51819.93600384261	1000.0	627.7187534729358	0.0	0	0.0	1447.6547573155112	1	0	1	1.059207328594385
52767.25429585996	1000.0	680.4004614555762	0.0	0	0.0	1447.6547573155112	1	0	1	1.059207328594385
53725.12417288211	1000.0	722.5305844334224	0.0	0	0.0	1447.6547573155112	1	0	1	1.059207328594385
54852.93469308882	1000.0	594.7200642267137	0.0	0	0.0	1447.6547573155112	1	0	1	1.059207328594385
56033.711383563954	1000.0	413.9433737515801	0.0	0	0.0	1447.6547573155112	1	0	1	1.059207328594385
56952.94836212139	500.0	494.70639519414135	0.0	0	0.0	1447.654757315504	1	0	1	-0.32708703252550503
57485.83353601485	500.0	961.8212213006734	0.0	0	0.0	1447.6547573154967	1	0	1	0.3660601480344411
58200.0	500.0	1247.654757315524	0.0	0	8.802844233861833	1447.6547573154967	1	0	1	0.3660601480344411
59200.0	500.0	1247.6547573155292	0.0	0	249.7362874347673	1447.6547573154967	1	0	1	0.3660601480344411
60273.12816397458	500.0	1174.5265933409466	0.0	0	0.0	1447.654757315504	1	0	1	0.3660601480344403
61200.0	500.0	1247.6547573155237	0.0	0	368.07772473458317	1447.654757315504	1	0	1	0.3660601480344403
62200.0	500.0	1247.6547573155287	0.0	0	340.0464670034926	1447.654757315504	1	0	1	0.3660601480344403
63200.0	500.0	1247.654757315538	0.0	0	520.3040078999038	1447.654757315504	1	0	1	0.3660601480344403
64428.68624538804	500.0	1018.9685119274973	0.0	0	0.0	1447.6547573154967	1	0	1	0.3660601480344411
65200.0	500.0	1247.6547573155422	0.0	0	217.60590407839481	1447.6547573154967	1	0	1	0.3660601480344411
66200.0	500.0	1247.6547573155315	0.0	0	266.109168195806	1447.6547573154821	1	0	1	0.36606014803444165
67200.0	500.0	1247.6547573155399	0.0	0	159.3083206549345	1447.6547573154967	1	0	1	0.3660601480344418
68200.0	500.0	1247.6547573155412	0.0	0	117.06550970629905	1447.6547573154967	1	0	1	0.3660601480344411
69200.0	500.0	1247.6547573155476	0.0	0	429.73380332316447	1447.6547573154967	1	0	1	0.3660601480344411
70200.0	500.0	1247.6547573155551	0.0	0	335.09175057055836	1447.6547573154967	1	0	1	0.3660601480344411
71200.0	500.0	1247.6547573155317	0.0	0	173.55039653735003	1447.6547573154967	1	0	1	0.3660601480344411
72200.0	500.0	1247.6547573155392	0.0	0	478.76239476702176	1447.6547573154967	1	0	1	0.3660601480344411
73200.0	500.0	1247.654757315544	0.0	0	504.2473082244833	1447.6547573155112	1	0	1	0.36606014803443965
74200.0	500.0	1247.6547573155333	0.0	0	60.499659266133676	1447.6547573155112	1	0	1	0.36606014803443965
75200.0	500.0	1247.6547573155383	0.0	0	617.323009285552	1447.6547573155112	1	0	1	0.36606014803443965
76200.0	500.0	1247.654757315542	0.0	0	309.6745601421717	1447.6547573155112	1	0	1	0.36606014803443965
77200.0	500.0	1247.6547573155501	0.0	0	474.6360397477547	1447.6547573155112	1	0	1	0.36606014803443965
78200.0	500.0	1247.654757315556	0.0	0	129.40701072884258	1447.6547573154967	1	0	1	0.3660601480344411
79515.78362880547	500.0	931.871128510099	0.0	0	0.0	1447.6547573154967	1	0	1	0.3660601480344411
80621.92972569764	500.0	825.7250316179051	0.0	0	0.0	1447.6547573154967	1	0	1	0.3660601480344411
81280.82570360342	500.0	1166.8290537121331	0.0	0	0.0	1447.6547573154967	1	0	1	0.3660601480344411
82200.0	500.0	1247.6547573155283	0.0	0	209.9354703513818	1447.6547573154967	1	0	1	0.3660601480344411
83200.0	500.0	1247.6547573155224	0.0	0	184.50304778918508	1447.6547573154967	1	0	1	0.3660601480344411
84200.0	500.0	1247.6547573155199	0.0	0	226.7952214358229	1447.6547573154967	1	0	1	0.3660601480344411
85200.0	500.0	1247.654757315539	0.0	0	664.0825100532966	1447.6547573154967	1	0	1	0.3660601480344411
86200.0	500.0	1247.654757315546	0.0	0	398.7880916095746	1447.6547573154967	1	0	1	0.3660601480344411
87200.0	500.0	1247.6547573155442	0.0	0	549.2958478589135	1447.6547573154967	1	0	1	0.3660601480344411
88200.0	500.0	1247.6547573155353	0.0	0	448.0204746630625	1447.6547573154821	1	0	1	0.36606014803444253
89200.0	500.0	1247.654757315539	0.0	0	258.1578735354851	1447.6547573154676	1	0	1	0.366060148034444
90200.0	500.0	1247.654757315522	0.0	0	511.4653804090194	1447.6547573154676	1	0	1	0.366060148034444
91200.0	500.0	1247.6547573155344	0.0	0	636.0442754780524	1447.6547573154676	1	0	1	0.366060148034444
92200.0	500.0	1247.6547573155312	0.0	0	627.9225456670538	1447.6547573154676	1	0	1	0.366060148034444
93200.0	500.0	1247.6547573155376	0.0	0	319.1303109172004	1447.6547573154676	1	0	1	0.366060148034444
94200.0	500.0	1247.6547573155483	0.0	0	512.2189577923127	1447.6547573154676	1	0	1	0.366060148034444
95200.0	500.0	1247.6547573155563	0.0	0	519.9343167577317	1447.6547573154676	1	0	1	0.366060148034444
96200.0	500.0	1247.65475731556	0.0	0	434.1538669335132	1447.6547573154676	1	0	1	0.366060148034444
97200.0	500.0	1247.6547573155538	0.0	0	166.675901812152	1447.654757315453	1	0	1	0.3660601480344454
98200.0	500.0	1247.654757315558	0.0	0	141.02666098390182	1447.654757315453	1	0	1	0.3660601480344454
99200.0	500.0	1247.6547573155617	0.0	0	539.659473186839	1447.654757315453	1	0	1	0.3660601480344454
100200.0	500.0	1247.6547573155608	0.0	0	424.07563679157465	1447.6547573154385	1	0	1	0.3660601480344469
101200.0	500.0	1247.65475731558	0.0	0	425.4349877986533	1447.6547573154385	1	0	1	0.3660601480344469
102200.0	500.0	1247.6547573155794	0.0	0	496.9540514371038	1447.6547573154385	1	0	1	0.3660601480344469
103200.0	500.0	1247.6547573155972	0.0	0	349.55646974229603	1447.6547573154385	1	0	1	0.3660601480344469
104200.0	500.0	1247.6547573156008	0.0	0	412.5279150819406	1447.6547573154385	1	0	1	0.3660601480344469
105200.0	500.0	1247.654757315603	0.0	0	526.1322580911947	1447.6547573154385	1	0	1	0.3660601480344469
106200.0	500.0	1247.654757315583	0.0	0	607.2727321807906	1447.6547573154385	1	0	1	0.3660601480344469
107200.0	500.0	1247.654757315581	0.0	0	506.1494360772631	1447.6547573154385	1	0	1	0.3660601480344469
108200.0	500.0	1247.6547573155738	0.0	0	78.5220960349252	1447.6547573154385	1	0	1	0.3660601480344469
109200.0	500.0	1247.654757315561	0.0	0	149.78833793759986	1447.654757315424	1	0	1	0.3660601480344483
110200.0	500.0	1247.6547573155706	0.0	0	343.6084732907475	1447.654757315424	1	0	1	0.3660601480344483
111200.0	500.0	1247.6547573155556	0.0	0	271.6257269766793	1447.654757315424	1	0	1	0.3660601480344483
112200.0	500.0	1247.6547573155528	0.0	0	445.7644711868779	1447.654757315424	1	0	1	0.3660601480344483
113200.0	500.0	1247.6547573155544	0.0	0	461.53058515966404	1447.654757315424	1	0	1	0.3660601480344483
114200.0	500.0	1247.6547573155478	0.0	0	590.1636603233201	1447.654757315424	1	0	1	0.3660601480344483
115200.0	500.0	1247.6547573155506	0.0	0	454.96808563751983	1447.6547573154094	1	0	1	0.36606014803444986
116200.0	500.0	1247.6547573155342	0.0	0	467.2590334841516	1447.6547573154094	1	0	1	0.36606014803444986
117200.0	500.0	1247.6547573155303	0.0	0	449.88432551320875	1447.6547573153948	1	0	1	0.3660601480344512
118200.0	500.0	1247.6547573155456	0.0	0	167.93744365102611	1447.6547573153948	1	0	1	0.3660601480344512
119200.0	500.0	1247.6547573155412	0.0	0	419.80563998599246	1447.6547573153948	1	0	1	0.3660601480344512
120200.0	500.0	1247.6547573155322	0.0	0	304.9435456239589	1447.6547573153948	1	0	1	0.3660601480344512
121200.0	500.0	1247.6547573155221	0.0	0	205.4045609166351	1447.6547573153948	1	0	1	0.3660601480344512
122200.0	500.0	1247.6547573155112	0.0	0	150.05663661642757	1447.6547573154094	1	0	1	0.36606014803444986
123200.0	500.0	1247.6547573154942	0.0	0	247.72425019030925	1447.6547573154094	1	0	1	0.36606014803444986
124200.0	500.0	1247.6547573155012	0.0	0	226.21729849376425	1447.6547573154094	1	0	1	0.36606014803444986
125200.0	500.0	1247.6547573154965	0.0	0	404.6510454419913	1447.6547573154094	1	0	1	0.36606014803444986
126200.0	500.0	1247.6547573154935	0.0	0	457.9708344700193	1447.6547573153948	1	0	1	0.3660601480344512
127200.0	500.0	1247.6547573155103	0.0	0	673.1190086549032	1447.6547573153948	1	0	1	0.3660601480344512
128200.0	500.0	1247.6547573155055	0.0	0	489.29480161821994	1447.6547573153948	1	0	1	0.3660601480344512
129200.0	500.0	1247.6547573155158	0.0	0	384.4079525341367	1447.6547573153948	1	0	1	0.3660601480344512
130200.0	500.0	1247.6547573155133	0.0	0	446.4315111696342	1447.6547573153948	1	0	1	0.3660601480344512
131200.0	500.0	1247.654757315509	0.0	0	513.4662663523923	1447.6547573153803	1	0	1	0.36606014803445275
132200.0	500.0	1247.6547573155033	0.0	0	384.6738866264641	1447.6547573153657	1	0	1	0.36606014803445447
133200.0	500.0	1247.654757315478	0.0	0	36.768385815870715	1447.6547573153512	1	0	1	0.36606014803445563
134200.0	500.0	1247.6547573154612	0.0	0	159.29668187446077	1447.6547573153512	1	0	1	0.36606014803445563
135200.0	500.0	1247.6547573154241	0.0	0	153.39970692046336	1447.6547573153803	1	0	1	0.36606014803445275
136200.0	500.0	1247.6547573154326	0.0	0	298.262976612692	1447.6547573153803	1	0	1	0.36606014803445275
137200.0	500.0	1247.6547573154387	0.0	0	554.7385980080289	1447.6547573153803	1	0	1	0.36606014803445275
138200.0	500.0	1247.654757315439	0.0	0	615.6478660806024	1447.6547573153803	1	0	1	0.36606014803445275
139200.0	500.0	1247.6547573154162	0.0	0	628.2366652121418	1447.6547573153803	1	0	1	0.36606014803445275
140200.0	500.0	1247.6547573154212	0.0	0	411.13781936862506	1447.6547573153803	1	0	1	0.36606014803445275
141200.0	500.0	1247.654757315447	0.0	0	458.8226139016333	1447.6547573153803	1	0	1	0.36606014803445275
142200.0	500.0	1247.6547573154503	0.0	0	569.7339394816081	1447.6547573153803	1	0	1	0.36606014803445275
143200.0	500.0	1247.6547573154294	0.0	0	41.876660556008574	1447.6547573153512	1	0	1	0.36606014803445563
144200.0	500.0	1247.654757315449	0.0	0	133.8988918796822	1447.6547573153512	1	0	1	0.36606014803445563
145350.30560702537	500.0	1097.3491502900868	0.0	0	0.0	1447.6547573153512	1	0	1	0.36606014803445563
146205.385117324	500.0	1242.2696399914512	0.0	0	0.0	1447.6547573153512	1	0	1	0.36606014803445563
147200.0	500.0	1247.6547573154871	0.0	0	322.4525909360673	1447.6547573153512	1	0	1	0.36606014803445563
148200.0	500.0	1247.6547573154662	0.0	0	677.4329639325733	1447.6547573153512	1	0	1	0.36606014803445563
149200.0	500.0	1247.6547573154635	0.0	0	667.0410638000176	1447.6547573153512	1	0	1	0.36606014803445563
150200.0	500.0	1247.6547573154708	0.0	0	675.4347497647977	1447.654757315322	1	0	1	0.3660601480344586
151200.0	500.0	1247.6547573154633	0.0	0	646.7132447226031	1447.654757315322	1	0	1	0.3660601480344586
152200.0	500.0	1247.6547573154553	0.0	0	613.8877317733713	1447.654757315293	1	0	1	0.3660601480344614
153200.0	500.0	1247.6547573154596	0.0	0	542.4627945187385	1447.654757315293	1	0	1	0.3660601480344614
154200.0	500.0	1247.6547573154185	0.0	0	624.1115787393937	1447.6547573152639	1	0	1	0.36606014803446435
155200.0	500.0	1247.654757315398	0.0	0	301.43664575499133	1447.6547573152639	1	0	1	0.36606014803446435
156200.0	500.0	1247.6547573153816	0.0	0	312.547758087836	1447.6547573152347	1	0	1	0.36606014803446724
157200.0	500.0	1247.6547573154198	0.0	0	467.31314230852877	1447.6547573152347	1	0	1	0.36606014803446724
158200.0	500.0	1247.6547573154157	0.0	0	181.17588539939607	1447.6547573152347	1	0	1	0.36606014803446724
159200.0	500.0	1247.6547573154141	0.0	0	402.07624739877065	1447.6547573152347	1	0	1	0.36606014803446724
160228.43469872058	500.0	1219.2200585948333	0.0	0	0.0	1447.6547573152347	1	0	1	0.36606014803446724
161200.0	500.0	1247.6547573154246	0.0	0	265.7248755499895	1447.6547573152347	1	0	1	0.36606014803446724
162200.0	500.0	1247.6547573154246	0.0	0	513.271721768775	1447.6547573152347	1	0	1	0.36606014803446724
163200.0	500.0	1247.654757315426	0.0	0	564.5333648934029	1447.6547573152347	1	0	1	0.36606014803446724
164200.0	500.0	1247.654757315455	0.0	0	546.981297691731	1447.6547573152639	1	0	1	0.36606014803446435
165200.0	500.0	1247.6547573154407	0.0	0	417.90136179924593	1447.6547573152639	1	0	1	0.36606014803446435
166200.0	500.0	1247.6547573154694	0.0	0	435.0281710177369	1447.6547573152639	1	0	1	0.36606014803446435
167200.0	500.0	1247.6547573154548	0.0	0	584.3871759195754	1447.6547573152639	1	0	1	0.36606014803446435
168200.0	500.0	1247.6547573154824	0.0	0	374.23577886997373	1447.6547573152639	1	0	1	0.36606014803446435
169200.0	500.0	1247.6547573154792	0.0	0	555.7851935473445	1447.654757315293	1	0	1	0.3660601480344614
170200.0	500.0	1247.654757315497	0.0	0	672.7688885984244	1447.654757315322	1	0	1	0.3660601480344586
171200.0	500.0	1247.654757315493	0.0	0	553.2719846256077	1447.654757315322	1	0	1	0.3660601480344586
172200.0	500.0	1247.654757315485	0.0	0	374.8209252958768	1447.654757315322	1	0	1	0.3660601480344586
173200.0	500.0	1247.6547573154917	0.0	0	567.5076622865745	1447.654757315322	1	0	1	0.3660601480344586
174200.0	500.0	1247.6547573154821	0.0	0	451.8056479842344	1447.654757315322	1	0	1	0.3660601480344586
175200.0	500.0	1247.6547573154787	0.0	0	596.3642638690071	1447.654757315293	1	0	1	0.3660601480344614
176200.0	500.0	1247.654757315481	0.0	0	359.13267443099176	1447.654757315293	1	0	1	0.3660601480344614
177200.0	500.0	1247.6547573155194	0.0	0	460.86974558932707	1447.654757315293	1	0	1	0.3660601480344614
178200.0	500.0	1247.6547573155208	0.0	0	175.94207181595266	1447.654757315293	1	0	1	0.3660601480344614
179821.19876697825	500.0	626.4559903372844	0.0	0	0.0	1447.654757315322	1	0	1	0.3660601480344603
180709.64073140977	500.0	738.0140259057735	0.0	0	0.0	1447.654757315322	1	0	1	0.3660601480344586
181589.35269763065	500.0	858.3020596849115	0.0	0	0.0	1447.654757315322	1	0	1	0.3660601480344586
182385.18555620784	500.0	1062.46920110772	0.0	0	0.0	1447.654757315322	1	0	1	0.3660601480344586
183200.0	500.0	1247.6547573155751	0.0	0	121.66847552917898	1447.654757315322	1	0	1	0.3660601480344586
184200.0	500.0	1247.6547573155901	0.0	0	626.3262810304586	1447.654757315322	1	0	1	0.3660601480344586
185200.0	500.0	1247.6547573155672	0.0	0	575.5127548924938	1447.654757315322	1	0	1	0.3660601480344586
186200.0	500.0	1247.6547573155779	0.0	0	505.8582404257322	1447.654757315322	1	0	1	0.3660601480344586
187200.0	500.0	1247.6547573155674	0.0	0	660.2129921766755	1447.6547573153512	1	0	1	0.36606014803445563
188200.0	500.0	1247.6547573155406	0.0	0	704.6851271969499	1447.6547573153512	1	0	1	0.36606014803445563
189200.0	500.0	1247.6547573155508	0.0	0	627.7198784151406	1447.6547573153512	1	0	1	0.36606014803445563
190200.0	500.0	1247.65475731552	0.0	0	699.8678596552054	1447.6547573153512	1	0	1	0.36606014803445563
191200.0	500.0	1247.654757315521	0.0	0	643.4020331116626	1447.6547573153803	1	0	1	0.36606014803445275
192200.0	500.0	1247.6547573155249	0.0	0	539.9294710186077	1447.6547573153803	1	0	1	0.36606014803445275
193200.0	1000.0	1247.6547573155	0.0	0	197.83182783707161	1447.6547573154094	1	0	1	0.36606014803444986
194200.0	1000.0	1247.654757315482	0.0	0	96.29630500014173	1447.6547573154094	1	0	1	1.0592073285943953
195200.0	1000.0	1247.6547573155035	0.0	0	386.268697131949	1447.6547573154094	1	0	1	1.0592073285943953
196200.0	1000.0	1247.654757315509	0.0	0	380.0617643716978	1447.6547573154094	1	0	1	1.0592073285943953
197200.0	1000.0	1247.654757315531	0.0	0	351.1911350915616	1447.6547573154094	1	0	1	1.0592073285943953
198200.0	1000.0	1247.6547573154896	0.0	0	2.9645912741543725	1447.6547573153803	1	0	1	1.0592073285943981
199371.29687404964	1000.0	1076.357883265848	0.0	0	0.0	1447.6547573154385	1	0	1	1.0592073285943946
200210.8906799176	1000.0	1236.7640773979185	0.0	0	0.0	1447.6547573154676	1	0	1	1.0592073285943895
201200.0	1000.0	1247.654757315533	0.0	0	20.08626655343687	1447.6547573154676	1	0	1	1.0592073285943895
202200.0	500.0	1247.6547573155299	0.0	0	677.8658982547349	1447.6547573154676	1	0	1	-0.32708703252550153
203200.0	500.0	1247.654757315563	0.0	0	606.3397040125565	1447.6547573154676	1	0	1	0.366060148034444
204200.0	500.0	1247.6547573155565	0.0	0	283.58017961104633	1447.6547573154385	1	0	1	0.3660601480344469
205200.0	500.0	1247.6547573155704	0.0	0	471.9407181585557	1447.6547573154385	1	0	1	0.3660601480344469
206200.0	500.0	1247.6547573155858	0.0	0	287.44206218540785	1447.6547573154385	1	0	1	0.3660601480344469
207200.0	500.0	1247.6547573155747	0.0	0	226.84970690158661	1447.6547573154385	1	0	1	0.3660601480344469
208200.0	500.0	1247.654757315602	0.0	0	334.2555725494458	1447.6547573154676	1	0	1	0.366060148034444
209214.2338250058	500.0	1233.4209323097925	0.0	0	0.0	1447.6547573154676	1	0	1	0.366060148034444
210200.0	500.0	1247.6547573156013	0.0	0	545.4341423693695	1447.6547573154967	1	0	1	0.3660601480344411
211200.0	500.0	1247.6547573156035	0.0	0	401.2307608547271	1447.6547573154967	1	0	1	0.3660601480344411
212200.0	500.0	1247.6547573155704	0.0	0	256.34281883991207	1447.6547573154676	1	0	1	0.366060148034444
213300.40227106755	500.0	1147.2524862479972	0.0	0	0.0	1447.6547573154385	1	0	1	0.3660601480344469
214200.0	500.0	1247.654757315549	0.0	0	202.9406520850025	1447.6547573154385	1	0	1	0.3660601480344469
215200.0	500.0	1247.6547573155146	0.0	0	257.4489382079628	1447.6547573154094	1	0	1	0.36606014803444986
216200.0	500.0	1247.6547573155108	0.0	0	431.27749895714805	1447.6547573154094	1	0	1	0.36606014803444986
217200.0	500.0	1247.6547573154949	0.0	0	303.9203367000737	1447.6547573153803	1	0	1	0.36606014803445275
218200.0	500.0	1247.6547573155171	0.0	0	145.53085637046024	1447.6547573153803	1	0	1	0.36606014803445275
219200.0	500.0	1247.6547573154696	0.0	0	191.00623698698473	1447.6547573153512	1	0	1	0.36606014803445563
220200.0	500.0	1247.6547573154364	0.0	0	212.94023093394935	1447.6547573153512	1	0	1	0.36606014803445563
221200.0	500.0	1247.6547573154385	0.0	0	453.80453986738576	1447.6547573153803	1	0	1	0.36606014803445275
222200.0	500.0	1247.654757315476	0.0	0	370.64349545165896	1447.6547573153803	1	0	1	0.36606014803445275
223200.0	500.0	1247.6547573154537	0.0	0	309.71633426696644	1447.6547573153512	1	0	1	0.36606014803445563
224200.0	500.0	1247.654757315439	0.0	0	545.4123656794545	1447.6547573153512	1	0	1	0.36606014803445563
225200.0	500.0	1247.654757315402	0.0	0	232.89211884635733	1447.6547573153512	1	0	1	0.36606014803445563
226200.0	500.0	1247.654757315413	0.0	0	476.72997766704066	1447.6547573153512	1	0	1	0.36606014803445563
227284.99288039084	500.0	1162.661876924527	0.0	0	0.0	1447.654757315293	1	0	1	0.36606014803445913
228620.75169476142	500.0	826.9030625539712	0.0	0	0.0	1447.6547573152639	1	0	1	0.36606014803446435
229462.6006677225	500.0	985.0540895928596	0.0	0	0.0	1447.6547573152347	1	0	1	0.36606014803446724
230200.0	500.0	1247.6547573153896	0.0	0	27.006578304775758	1447.6547573152639	1	0	1	0.36606014803446435
231200.0	500.0	1247.6547573153994	0.0	0	73.37666940156487	1447.6547573152639	1	0	1	0.36606014803446435
232200.0	500.0	1247.654757315397	0.0	0	298.24386969654006	1447.6547573152347	1	0	1	0.36606014803446724
233200.0	500.0	1247.6547573154103	0.0	0	378.05808765708935	1447.6547573152347	1	0	1	0.36606014803446724
234200.0	500.0	1247.6547573153798	0.0	0	626.362374267861	1447.6547573152347	1	0	1	0.36606014803446724
235200.0	500.0	1247.654757315345	0.0	0	437.47280286907335	1447.6547573152347	1	0	1	0.36606014803446724
236200.0	500.0	1247.6547573153161	0.0	0	658.0583513496094	1447.6547573152056	1	0	1	0.3660601480344702
237200.0	500.0	1247.6547573153425	0.0	0	505.2338097663596	1447.6547573152056	1	0	1	0.3660601480344702
238200.0	500.0	1247.654757315354	0.0	0	520.4424701955286	1447.6547573152347	1	0	1	0.36606014803446724
239200.0	500.0	1247.6547573153662	0.0	0	387.953811888583	1447.6547573152347	1	0	1	0.36606014803446724
240200.0	500.0	1247.6547573153848	0.0	0	662.8065060347435	1447.6547573152639	1	0	1	0.36606014803446435
241200.0	500.0	1247.6547573153853	0.0	0	571.0569647087541	1447.6547573152639	1	0	1	0.36606014803446435
242200.0	500.0	1247.6547573154062	0.0	0	371.29747460377985	1447.654757315293	1	0	1	0.3660601480344614
243200.0	500.0	1247.654757315404	0.0	0	639.3298225924955	1447.654757315293	1	0	1	0.3660601480344614
244200.0	500.0	1247.6547573154037	0.0	0	689.5734675352578	1447.654757315293	1	0	1	0.3660601480344614
245200.0	500.0	1247.6547573153841	0.0	0	272.0829596671101	1447.654757315293	1	0	1	0.3660601480344614
246465.90471028892	500.0	981.7500470265015	0.0	0	0.0	1447.654757315293	1	0	1	0.3660601480344614
247200.0	500.0	1247.6547573154326	0.0	0	35.43599341675872	1447.654757315293	1	0	1	0.3660601480344614
248200.0	500.0	1247.654757315434	0.0	0	566.1877134517417	1447.654757315293	1	0	1	0.3660601480344614
249200.0	500.0	1247.6547573154194	0.0	0	446.150003091665	1447.654757315293	1	0	1	0.3660601480344614
250200.0	500.0	1247.6547573154187	0.0	0	434.33247788099106	1447.6547573152639	1	0	1	0.36606014803446435
251200.0	500.0	1247.6547573154007	0.0	0	279.73307528317673	1447.6547573152639	1	0	1	0.36606014803446435
252200.0	500.0	1247.654757315365	0.0	0	63.43796347477473	1447.6547573152347	1	0	1	0.36606014803446724
253200.0	500.0	1247.6547573153903	0.0	0	307.1706876481767	1447.6547573152347	1	0	1	0.36606014803446724
254200.0	500.0	1247.6547573153935	0.0	0	661.1406836981769	1447.6547573152639	1	0	1	0.36606014803446435
255200.0	500.0	1247.6547573153512	0.0	0	540.6254817739828	1447.6547573152347	1	0	1	0.36606014803446724
256200.0	500.0	1247.6547573153503	0.0	0	393.5624810226436	1447.6547573152639	1	0	1	0.36606014803446435
257225.4244750235	500.0	1222.2302822918377	0.0	0	0.0	1447.654757315293	1	0	1	0.3660601480344614
258200.0	500.0	1247.6547573153453	0.0	0	282.4303326123918	1447.6547573152639	1	0	1	0.36606014803446435
259200.0	500.0	1247.6547573153548	0.0	0	79.45748567947885	1447.6547573152347	1	0	1	0.36606014803446724
260200.0	500.0	1247.6547573153623	0.0	0	584.1506095246878	1447.6547573152639	1	0	1	0.36606014803446435
261200.0	500.0	1247.654757315396	0.0	0	551.1665607667237	1447.654757315293	1	0	1	0.3660601480344614
262200.0	500.0	1247.654757315399	0.0	0	413.1228260192147	1447.654757315293	1	0	1	0.3660601480344614
263200.0	500.0	1247.6547573154116	0.0	0	536.0982723112684	1447.654757315293	1	0	1	0.36606014803446313
264200.0	500.0	1247.654757315348	0.0	0	233.5542169989203	1447.654757315293	1	0	1	0.3660601480344614
265200.0	500.0	1247.6547573154332	0.0	0	430.57636557653314	1447.654757315293	1	0	1	0.3660601480344614
266200.0	500.0	1247.6547573154712	0.0	0	459.2951977629564	1447.6547573153512	1	0	1	0.36606014803445563
267200.0	500.0	1247.6547573154553	0.0	0	224.52579205989605	1447.6547573153512	1	0	1	0.36606014803445563
268200.0	500.0	1247.6547573154676	0.0	0	408.4749738070532	1447.6547573154094	1	0	1	0.36606014803444986
269200.0	500.0	1247.6547573154633	0.0	0	369.06182002520654	1447.6547573154094	1	0	1	0.36606014803444986
270200.0	500.0	1247.6547573154778	0.0	0	28.002617907477543	1447.6547573153512	1	0	1	0.36606014803445563
271200.0	500.0	1247.654757315519	0.0	0	370.8345911966753	1447.6547573153512	1	0	1	0.36606014803445563
272200.0	500.0	1247.654757315525	0.0	0	336.542607020936	1447.6547573154094	1	0	1	0.36606014803444986
273200.0	500.0	1247.6547573155449	0.0	0	257.99826055188896	1447.6547573154094	1	0	1	0.36606014803444986
274200.0	500.0	1247.6547573156113	0.0	0	437.3064252717304	1447.6547573154676	1	0	1	0.366060148034444
275200.0	500.0	1247.6547573156518	0.0	0	224.55379119917052	1447.6547573155258	1	0	1	0.3660601480344382
276200.0	500.0	1247.6547573156613	0.0	0	504.477287793532	1447.6547573155258	1	0	1	0.3660601480344382
277200.0	500.0	1247.6547573157038	0.0	0	634.3405915173935	1447.6547573155258	1	0	1	0.3660601480344382
278200.0	500.0	1247.654757315718	0.0	0	452.69330641563283	1447.6547573155258	1	0	1	0.3660601480344382
279200.0	500.0	1247.6547573156677	0.0	0	491.8216037773527	1447.6547573155258	1	0	1	0.3660601480344382
280200.0	500.0	1247.6547573156668	0.0	0	577.6248952422757	1447.6547573155258	1	0	1	0.3660601480344382
281200.0	500.0	1247.6547573156552	0.0	0	530.5337830256321	1447.6547573154676	1	0	1	0.366060148034444
282200.0	500.0	1247.654757315644	0.0	0	110.43170006526634	1447.6547573154676	1	0	1	0.366060148034444
283200.0	500.0	1247.654757315647	0.0	0	160.08772999892244	1447.6547573154676	1	0	1	0.366060148034444
284200.0	500.0	1247.6547573155844	0.0	0	270.0985778225004	1447.6547573154676	1	0	1	0.366060148034444
285200.0	500.0	1247.6547573156142	0.0	0	401.54774826276116	1447.6547573155258	1	0	1	0.3660601480344382
286200.0	500.0	1247.6547573155717	0.0	0	510.3082996496232	1447.6547573155258	1	0	1	0.3660601480344382
287200.0	500.0	1247.6547573155774	0.0	0	548.0002037745435	1447.6547573154676	1	0	1	0.366060148034444
288200.0	500.0	1247.6547573155349	0.0	0	682.4326521722833	1447.6547573154676	1	0	1	0.366060148034444
289200.0	500.0	1247.654757315515	0.0	0	480.7738355140318	1447.6547573154676	1	0	1	0.366060148034444
290200.0	500.0	1247.6547573155322	0.0	0	562.0983899869607	1447.6547573154676	1	0	1	0.366060148034444
291200.0	500.0	1247.6547573155112	0.0	0	393.84187256358564	1447.6547573154676	1	0	1	0.366060148034444
292200.0	500.0	1247.654757315578	0.0	0	156.1683023587102	1447.6547573155258	1	0	1	0.3660601480344382
293200.0	500.0	1247.654757315592	0.0	0	246.44114969007205	1447.6547573155258	1	0	1	0.3660601480344382
294200.0	500.0	1247.6547573156713	0.0	0	43.199096128635574	1447.6547573155258	1	0	1	0.3660601480344382
295200.0	500.0	1247.654757315698	0.0	0	113.33163042535307	1447.6547573155258	1	0	1	0.3660601480344382
296200.0	500.0	1247.6547573157297	0.0	0	328.4396668189438	1447.654757315584	1	0	1	0.3660601480344323
297200.0	500.0	1247.6547573157025	0.0	0	488.4192917338223	1447.654757315584	1	0	1	0.3660601480344323
298200.0	500.0	1247.6547573156815	0.0	0	692.7509091050015	1447.654757315584	1	0	1	0.3660601480344323
299200.0	500.0	1247.6547573156424	0.0	0	507.863575751835	1447.6547573155258	1	0	1	0.3660601480344382
300200.0	500.0	1247.65475731564	0.0	0	668.4673368225922	1447.6547573155258	1	0	1	0.3660601480344382
1.11	0.87	0.94	0.96	0.7	1.0	0.47	0.81	1.3	1.32	0.98	0.72	1.1	1.27	1.01	1.22	1.69	1.37	0.76	1.0	1.32	1.25	0.93	0.79	0.67	0.46	0.27	0.58	0.88	0.88	1.17	1.15	1.17	1.23	1.66	1.47	1.49	1.33	1.53	1.08	1.34	1.34	1.45	1.45	0.86	0.93	1.23	1.04	1.49	1.19	0.88	0.86	0.66	0.78	0.66	0.56	0.96	0.94	0.88	0.51	0.76	0.82	0.73	0.57	0.78	0.68	0.8	0.74	0.94	0.74	1.07	0.72	0.86	0.59	0.54	0.36	0.75	0.74	0.68	0.92	1.33	1.19	1.54	1.15	0.85	1.11	1.19	1.25	0.97	1.17	1.4	0.72	0.44	0.71	0.97	1.15	0.75	0.92	0.72	0.87	1.32	1.14	0.75	0.59	0.71	0.71	0.98	1.0	1.12	1.02	0.85	0.74	0.92	0.73	0.98	0.88	0.72	0.75	0.76	0.67	0.74	0.74	1.27	1.03	1.07	0.97	1.37	1.03	0.64	0.81	0.75	0.72	1.2	1.29	1.34	1.15	1.1	1.16	0.63	0.66	0.59	0.66	0.92	1.34	1.64	1.37	1.36	1.51	1.4	1.04	1.11	0.87	0.94	0.96	0.7	1.0	0.47	0.81	1.3	1.32	0.98	0.72	1.1	1.27	1.01	1.22	1.69	1.37	0.76	1.0	1.32	1.25	0.93	0.79	0.67	0.46	0.27	0.58	0.88	0.88	1.17	1.15	1.17	1.23	1.66	1.47	1.49	1.33	1.53	1.08	1.34	1.34	1.45	1.45	0.86	0.93	1.23	1.04	1.49	1.19	0.88	0.86	0.66	0.78	0.66	0.56	0.96	0.94	0.88	0.51	0.76	0.82	0.73	0.57	0.78	0.68	0.8	0.74	0.94	0.74	1.07	0.72	0.86	0.59	0.54	0.36	0.75	0.74	0.68	0.92	1.33	1.19	1.54	1.15	0.85	1.11	1.19	1.25	0.97	1.17	1.4	0.72	0.44	0.71	0.97	1.15	0.75	0.92	0.72	0.87	1.32	1.14	0.75	0.59	0.71	0.71	0.98	1.0	1.12	1.02	0.85	0.74	0.92	0.73	0.98	0.88	0.72	0.75	0.76	0.67	0.74	0.74	1.27	1.03	1.07	0.97	1.37	1.03	0.64	0.81	0.75	0.72	1.2	1.29	1.34	1.15	1.1	1.16	0.63	0.66	0.59	0.66	0.92	1.34	1.64	1.37	1.36	1.51	1.4	1.04
1.0	2.0	3.0	4.0	5.0	6.0	7.0	8.0	9.0	10.0	11.0	12.0	13.0	14.0	15.0	16.0	17.0	18.0	19.0	20.0	21.0	22.0	23.0	24.0	25.0	26.0	27.0	28.0	29.0	30.0	31.0	32.0	33.0	34.0	35.0	36.0	37.0	38.0	39.0	40.0	41.0	42.0	43.0	44.0	45.0	46.0	47.0	48.0	49.0	50.0	51.0	52.0	53.0	54.0	55.0	56.0	57.0	58.0	59.0	60.0	61.0	62.0	63.0	64.0	65.0	66.0	67.0	68.0	69.0	70.0	71.0	72.0	73.0	74.0	75.0	76.0	77.0	78.0	79.0	80.0	81.0	82.0	83.0	84.0	85.0	86.0	87.0	88.0	89.0	90.0	91.0	92.0	93.0	94.0	95.0	96.0	97.0	98.0	99.0	100.0	101.0	102.0	103.0	104.0	105.0	106.0	107.0	108.0	109.0	110.0	111.0	112.0	113.0	114.0	115.0	116.0	117.0	118.0	119.0	120.0	121.0	122.0	123.0	124.0	125.0	126.0	127.0	128.0	129.0	130.0	131.0	132.0	133.0	134.0	135.0	136.0	137.0	138.0	139.0	140.0	141.0	142.0	143.0	144.0	145.0	146.0	147.0	148.0	149.0	149.0	150.0	151.0	152.0	153.0	154.0	155.0	156.0	157.0	158.0	159.0	160.0	161.0	162.0	163.0	164.0	165.0	166.0	167.0	168.0	169.0	170.0	171.0	172.0	173.0	174.0	175.0	176.0	177.0	178.0	179.0	180.0	181.0	182.0	183.0	184.0	185.0	186.0	187.0	188.0	189.0	190.0	191.0	192.0	193.0	194.0	195.0	196.0	197.0	198.0	199.0	200.0	201.0	202.0	203.0	204.0	205.0	206.0	207.0	208.0	209.0	210.0	211.0	212.0	213.0	214.0	215.0	216.0	217.0	218.0	219.0	220.0	221.0	222.0	223.0	224.0	225.0	226.0	227.0	228.0	229.0	230.0	231.0	232.0	233.0	234.0	235.0	236.0	237.0	238.0	239.0	240.0	241.0	242.0	243.0	244.0	245.0	246.0	247.0	248.0	249.0	250.0	251.0	252.0	253.0	254.0	255.0	256.0	257.0	258.0	259.0	260.0	261.0	262.0	263.0	264.0	265.0	266.0	267.0	268.0	269.0	270.0	271.0	272.0	273.0	274.0	275.0	276.0	277.0	278.0	279.0	280.0	281.0	282.0	283.0	284.0	285.0	286.0	287.0	288.0	289.0	290.0	291.0	292.0	293.0	294.0	295.0	296.0	297.0	298.0	298.0
4262.678076956652
