4114.930840190083	300.0	2000.0	353.0994626058096	0	0.0	4114.930840190083	1	0	1	-2.5214623584202123
4396.303643366822	300.0	2690.4899165055867	0.0	0	0.0	4086.793559872409	1	0	2	-0.8093073974990377
4738.782498719713	300.0	3313.763175617407	0.0	0	0.0	4052.5456743371196	1	0	2	-0.6060632727760855
5200.0	300.0	3806.423924209092	0.0	0	39.744074820598144	4006.4239242090925	1	0	2	-0.6019373115087374
6200.0	300.0	3706.4239242090925	0.0	0	699.6596486394246	3906.4239242090925	1	0	2	-0.5946423924209094
7200.0	300.0	3606.423924209093	0.0	0	767.7899196713033	3806.423924209093	1	0	2	-0.5846423924209095
8200.0	300.0	3506.4239242090925	0.0	0	729.8017304803234	3706.4239242090916	1	0	2	-0.5746423924209094
9200.0	300.0	3406.4239242090925	0.0	0	737.541090193723	3606.42392420909	1	0	2	-0.5646423924209092
10200.0	300.0	3306.4239242090957	0.0	0	603.2059869746481	3506.4239242090925	1	0	2	-0.5546373035505199
11200.0	300.0	3206.423924209093	0.0	0	664.3784143328176	3406.423924209089	1	0	2	-0.5446423924209093
12200.0	300.0	3106.423924209093	0.0	0	647.9517933985026	3306.4239242090916	1	0	2	-0.5346423924209093
13200.0	300.0	3006.4239242090935	0.0	0	553.9397598368068	3206.423924209088	1	0	2	-0.5245964471988033
14200.0	300.0	2906.4239242090925	0.0	0	539.3411410391691	3106.423924209086	1	0	2	-0.5146049493049236
15200.0	300.0	2806.423924209092	0.0	0	601.6463880036426	3006.423924209086	1	0	2	-0.5046423924209089
16200.0	300.0	2706.4239242090916	0.0	0	555.4049022339641	2906.4239242090844	1	0	2	-0.4946125943996058
17200.0	300.0	2606.42392420909	0.0	0	644.6351069100274	2806.4239242090825	1	0	2	-0.48464239242090856
18200.0	300.0	2506.4239242090916	0.0	0	691.0151866430388	2706.4239242090825	1	0	2	-0.47464239242090844
19200.0	300.0	2406.42392420909	0.0	0	754.7337748933824	2606.4239242090844	1	0	2	-0.46464239242090855
20200.0	300.0	2306.423924209091	0.0	0	629.7727370141693	2506.4239242090844	1	0	2	-0.45464239242090865
21200.0	300.0	2206.4239242090894	0.0	0	540.5033630583494	2406.423924209077	1	0	2	-0.44457710788021065
22200.0	300.0	2106.4239242090916	0.0	0	693.7040907853188	2306.423924209077	1	0	2	-0.43464239242090785
23200.0	300.0	2006.4239242090891	0.0	0	693.1556481914049	2206.4239242090734	1	0	2	-0.4246423924209076
24200.0	300.0	1906.4239242090882	0.0	0	616.9638281810658	2106.4239242090734	1	0	2	-0.41464239242090767
25200.0	300.0	1806.4239242090875	0.0	0	691.1679080140129	2006.4239242090734	1	0	2	-0.40464239242090755
26200.0	300.0	1706.4239242090878	0.0	0	801.327061926866	1906.423924209077	1	0	2	-0.39464239242090793
27200.0	300.0	1606.423924209088	0.0	0	800.3571154610545	1806.4239242090734	1	0	2	-0.3846423924209078
28200.0	300.0	1506.4239242090866	0.0	0	729.6353433995646	1706.4239242090625	1	0	2	-0.37464239242090686
29200.0	300.0	1406.4239242090864	0.0	0	712.7308389751379	1606.423924209059	1	0	2	-0.364642392420906
30200.0	300.0	1306.4239242090862	0.0	0	611.4337197426357	1506.423924209059	1	0	2	-0.3546301752164399
31200.0	300.0	1206.4239242090862	0.0	0	629.9923878072514	1406.423924209059	1	0	2	-0.344637333272825
32200.0	300.0	1206.4239242090885	0.0	0	764.428694807928	1406.423924209059	1	0	1	-0.34064239242090616
33200.0	300.0	1206.4239242090914	0.0	0	686.1827854434923	1406.4239242090625	1	0	1	-0.1406423924209063
34200.0	300.0	1206.4239242090996	0.0	0	590.1359463139015	1406.4239242090698	1	0	1	-0.14064239242090645
35200.0	500.0	1206.4239242090928	0.0	0	497.00287581185694	1406.4239242090698	1	0	1	-0.14064239242090704
36200.0	500.0	1206.423924209093	0.0	0	502.4031930511119	1406.4239242090625	1	0	1	0.3701832313450845
37349.06143444008	500.0	1057.3624897690079	0.0	0	0.0	1406.4239242090625	1	0	1	0.3701832313450845
38200.0	500.0	1206.4239242090935	0.0	0	306.33287256483163	1406.4239242090698	1	0	1	0.37018323134508374
39200.0	500.0	1206.4239242091003	0.0	0	471.0701906308677	1406.4239242090698	1	0	1	0.37018323134508374
40200.0	500.0	1206.4239242090969	0.0	0	198.50036116038245	1406.4239242090698	1	0	1	0.37018323134508374
41200.0	500.0	1206.4239242091087	0.0	0	223.82311721135193	1406.4239242090698	1	0	1	0.37018323134508374
42200.0	500.0	1206.4239242091096	0.0	0	351.8605571222579	1406.423924209077	1	0	1	0.370183231345083
43200.0	500.0	1206.42392420911	0.0	0	286.8639563563629	1406.4239242090844	1	0	1	0.3701832313450823
44200.0	500.0	1206.4239242091135	0.0	0	519.9095743062717	1406.4239242090844	1	0	1	0.3701832313450823
45200.0	500.0	1206.423924209113	0.0	0	461.8492892751383	1406.4239242090844	1	0	1	0.3701832313450823
46200.0	500.0	1206.4239242091112	0.0	0	435.95702107541	1406.4239242090844	1	0	1	0.3701832313450823
47200.0	500.0	1206.4239242091112	0.0	0	332.29697434420086	1406.423924209077	1	0	1	0.370183231345083
48200.0	500.0	1206.4239242091123	0.0	0	652.1201741218174	1406.423924209077	1	0	1	0.370183231345083
49200.0	500.0	1206.4239242091146	0.0	0	372.6063435963297	1406.423924209077	1	0	1	0.370183231345083
50200.0	500.0	1206.4239242091103	0.0	0	559.6873437082468	1406.423924209077	1	0	1	0.370183231345083
51200.0	500.0	1206.4239242091105	0.0	0	195.76972073966317	1406.423924209077	1	0	1	0.370183231345083
52280.439559730934	500.0	1125.9843644781743	0.0	0	0.0	1406.4239242090844	1	0	1	0.3701832313450823
53200.0	500.0	1206.423924209112	0.0	0	377.4290772540189	1406.423924209077	1	0	1	0.370183231345083
54200.0	500.0	1206.4239242091119	0.0	0	594.3933410045065	1406.423924209077	1	0	1	0.370183231345083
55200.0	500.0	1206.4239242091114	0.0	0	91.64298027732002	1406.423924209077	1	0	1	0.370183231345083
56200.0	500.0	1206.4239242091105	0.0	0	265.18253145416384	1406.423924209077	1	0	1	0.370183231345083
57200.0	500.0	1206.4239242091126	0.0	0	561.7167552944302	1406.423924209077	1	0	1	0.370183231345083
58200.0	500.0	1206.4239242091123	0.0	0	541.035596687725	1406.423924209077	1	0	1	0.370183231345083
59200.0	500.0	1206.4239242091023	0.0	0	513.6201549116377	1406.423924209077	1	0	1	0.370183231345083
60200.0	500.0	1206.4239242090996	0.0	0	674.8251661418108	1406.423924209077	1	0	1	0.370183231345083
61200.0	500.0	1206.4239242090875	0.0	0	663.1545789663505	1406.423924209077	1	0	1	0.370183231345083
62200.0	500.0	1206.4239242090864	0.0	0	631.3737166903666	1406.423924209077	1	0	1	0.370183231345083
63200.0	500.0	1206.4239242090896	0.0	0	560.2392857993764	1406.423924209077	1	0	1	0.370183231345083
64200.0	500.0	1206.4239242090814	0.0	0	742.8180553668353	1406.4239242090698	1	0	1	0.37018323134508374
65200.0	500.0	1206.4239242090862	0.0	0	325.1902081080334	1406.4239242090698	1	0	1	0.37018323134508374
66200.0	500.0	1206.423924209089	0.0	0	452.972991544666	1406.423924209077	1	0	1	0.37018323134508335
67200.0	500.0	1206.4239242090873	0.0	0	339.74059693791787	1406.4239242090844	1	0	1	0.3701832313450822
68200.0	500.0	1206.423924209107	0.0	0	409.8783690916607	1406.4239242090844	1	0	1	0.3701832313450823
69200.0	500.0	1206.4239242091187	0.0	0	351.55412867340783	1406.4239242090844	1	0	1	0.3701832313450823
70200.0	500.0	1206.42392420912	0.0	0	234.6838472836389	1406.4239242090844	1	0	1	0.3701832313450823
71200.0	500.0	1206.423924209118	0.0	0	608.5228249737265	1406.423924209099	1	0	1	0.37018323134508085
72200.0	500.0	1206.4239242091317	0.0	0	101.54797401596443	1406.423924209099	1	0	1	0.37018323134508085
73200.0	500.0	1206.423924209146	0.0	0	341.7398452776688	1406.423924209099	1	0	1	0.37018323134508085
74200.0	500.0	1206.4239242091357	0.0	0	46.58310096680361	1406.423924209099	1	0	1	0.37018323134508085
75200.0	500.0	1206.42392420916	0.0	0	119.54293116583722	1406.4239242091135	1	0	1	0.37018323134507936
76200.0	500.0	1206.423924209143	0.0	0	442.6033428577939	1406.4239242091135	1	0	1	0.37018323134507936
77200.0	500.0	1206.4239242091373	0.0	0	538.9992780017928	1406.4239242091135	1	0	1	0.37018323134507936
78200.0	500.0	1206.4239242091453	0.0	0	484.69259490218246	1406.423924209128	1	0	1	0.3701832313450779
79200.0	500.0	1206.4239242091437	0.0	0	390.8837940251833	1406.4239242091426	1	0	1	0.37018323134507647
80200.0	500.0	1206.4239242091453	0.0	0	563.3278365623119	1406.4239242091426	1	0	1	0.37018323134507647
81200.0	500.0	1206.423924209144	0.0	0	346.71467419862165	1406.4239242091426	1	0	1	0.37018323134507647
82200.0	500.0	1206.4239242091508	0.0	0	477.5777496296505	1406.4239242091426	1	0	1	0.37018323134507647
83200.0	500.0	1206.423924209123	0.0	0	504.84677099232795	1406.4239242091426	1	0	1	0.37018323134507647
84200.0	500.0	1206.423924209114	0.0	0	234.88361521919433	1406.4239242091426	1	0	1	0.37018323134507647
85200.0	500.0	1206.4239242091255	0.0	0	574.1252989343775	1406.4239242091426	1	0	1	0.37018323134507647
86200.0	500.0	1206.4239242091328	0.0	0	471.94382683432195	1406.4239242091426	1	0	1	0.37018323134507647
87200.0	500.0	1206.4239242091267	0.0	0	325.63405907120614	1406.4239242091426	1	0	1	0.37018323134507647
88216.31206222894	500.0	1190.1118619801796	0.0	0	0.0	1406.4239242091426	1	0	1	0.37018323134507647
89444.91101278446	500.0	961.5129114246541	0.0	0	0.0	1406.4239242091426	1	0	1	0.37018323134507647
90585.63454707318	500.0	820.7893771359485	0.0	0	0.0	1406.4239242091426	1	0	1	0.37018323134507647
91294.73655630267	500.0	1111.6873679064583	0.0	0	0.0	1406.4239242091571	1	0	1	0.370183231345075
92200.0	500.0	1206.4239242091219	0.0	0	391.59354918707686	1406.4239242091571	1	0	1	0.370183231345075
93200.0	500.0	1206.4239242091344	0.0	0	466.6288402987266	1406.4239242091717	1	0	1	0.3701832313450736
94200.0	500.0	1206.4239242091141	0.0	0	573.191304635111	1406.4239242091717	1	0	1	0.3701832313450736
95200.0	500.0	1206.4239242091082	0.0	0	585.6379134719318	1406.4239242091571	1	0	1	0.370183231345075
96200.0	500.0	1206.423924209104	0.0	0	466.70280504610855	1406.4239242091571	1	0	1	0.370183231345075
97200.0	500.0	1206.4239242091003	0.0	0	404.40838147245813	1406.4239242091717	1	0	1	0.3701832313450736
98200.0	500.0	1206.4239242090994	0.0	0	408.4249673320883	1406.4239242091717	1	0	1	0.3701832313450736
99200.0	500.0	1206.4239242090841	0.0	0	209.96847463483573	1406.4239242091571	1	0	1	0.370183231345075
100200.0	500.0	1206.423924209094	0.0	0	478.2183313550049	1406.4239242091717	1	0	1	0.3701832313450736
101200.0	500.0	1206.4239242090835	0.0	0	606.229715793088	1406.4239242091717	1	0	1	0.3701832313450736
102200.0	500.0	1206.4239242090912	0.0	0	586.8503299334843	1406.4239242091717	1	0	1	0.3701832313450736
103200.0	500.0	1206.4239242090978	0.0	0	593.55906025476	1406.4239242091862	1	0	1	0.3701832313450721
104200.0	500.0	1206.4239242090823	0.0	0	187.68019990221364	1406.4239242091717	1	0	1	0.3701832313450736
105200.0	500.0	1206.4239242090875	0.0	0	524.4241793408437	1406.4239242091717	1	0	1	0.3701832313450736
106200.0	500.0	1206.423924209096	0.0	0	621.7660554223112	1406.4239242091571	1	0	1	0.370183231345075
107200.0	500.0	1206.4239242091073	0.0	0	641.0229251386336	1406.4239242091571	1	0	1	0.370183231345075
108200.0	500.0	1206.4239242091098	0.0	0	240.29383987211622	1406.4239242091571	1	0	1	0.370183231345075
109200.0	500.0	1206.4239242091126	0.0	0	548.4083034102514	1406.4239242091571	1	0	1	0.370183231345075
110200.0	500.0	1206.423924209118	0.0	0	571.5542660614592	1406.4239242091571	1	0	1	0.370183231345075
111200.0	500.0	1206.4239242091135	0.0	0	127.5324352029711	1406.4239242091571	1	0	1	0.370183231345075
112200.0	500.0	1206.4239242091212	0.0	0	382.0056841874757	1406.4239242091571	1	0	1	0.370183231345075
113200.0	500.0	1206.4239242091276	0.0	0	476.57653315056814	1406.4239242091717	1	0	1	0.3701832313450736
114200.0	500.0	1206.4239242091244	0.0	0	350.4001458939165	1406.4239242091717	1	0	1	0.3701832313450736
115200.0	500.0	1206.4239242091232	0.0	0	546.7916491661163	1406.4239242091717	1	0	1	0.3701832313450736
116200.0	500.0	1206.4239242091194	0.0	0	314.76448623139004	1406.4239242091571	1	0	1	0.370183231345075
117200.0	500.0	1206.4239242091157	0.0	0	389.66146587934054	1406.4239242091571	1	0	1	0.370183231345075
118200.0	500.0	1206.423924209121	0.0	0	490.57950703811366	1406.4239242091571	1	0	1	0.370183231345075
119200.0	500.0	1206.4239242091294	0.0	0	441.8121422067343	1406.4239242091571	1	0	1	0.370183231345075
120200.0	500.0	1206.4239242091328	0.0	0	137.20509453481645	1406.4239242091426	1	0	1	0.37018323134507647
121200.0	500.0	1206.423924209111	0.0	0	119.36723236879334	1406.4239242091426	1	0	1	0.37018323134507647
122538.27906563297	500.0	868.1448585761398	0.0	0	0.0	1406.4239242091426	1	0	1	0.37018323134507647
123340.19020206157	500.0	1066.2337221475468	0.0	0	0.0	1406.4239242091426	1	0	1	0.37018323134507647
124415.56917863409	500.0	990.8547455750195	0.0	0	0.0	1406.4239242091426	1	0	1	0.37018323134507647
125200.0	500.0	1206.423924209129	0.0	0	182.88108792662388	1406.4239242091571	1	0	1	0.370183231345075
126200.0	500.0	1206.4239242091282	0.0	0	448.7141021157877	1406.4239242091426	1	0	1	0.37018323134507647
127200.0	500.0	1206.4239242091196	0.0	0	466.0742767526244	1406.423924209128	1	0	1	0.3701832313450779
128200.0	500.0	1206.4239242091137	0.0	0	457.2848748837132	1406.423924209128	1	0	1	0.3701832313450779
129200.0	500.0	1206.4239242091144	0.0	0	169.09689776119194	1406.423924209128	1	0	1	0.3701832313450779
130200.0	500.0	1206.4239242091212	0.0	0	502.0533027802303	1406.4239242091135	1	0	1	0.37018323134507936
131200.0	500.0	1206.423924209126	0.0	0	554.6481906584231	1406.4239242091135	1	0	1	0.37018323134507936
132200.0	500.0	1206.4239242091437	0.0	0	408.8594914347341	1406.423924209128	1	0	1	0.3701832313450782
133200.0	500.0	1206.4239242091317	0.0	0	582.6453056366881	1406.4239242091426	1	0	1	0.37018323134507675
134200.0	500.0	1206.4239242091237	0.0	0	543.7635124765802	1406.4239242091426	1	0	1	0.37018323134507647
135200.0	500.0	1206.423924209122	0.0	0	600.8623160105199	1406.4239242091135	1	0	1	0.37018323134507936
136200.0	500.0	1206.4239242090998	0.0	0	480.371694857633	1406.4239242091135	1	0	1	0.37018323134507936
137200.0	500.0	1206.423924209111	0.0	0	363.3921567321231	1406.4239242091135	1	0	1	0.37018323134507936
138200.0	500.0	1206.4239242091178	0.0	0	131.9435499428073	1406.4239242091135	1	0	1	0.37018323134507936
139200.0	500.0	1206.4239242091448	0.0	0	636.448647422978	1406.4239242091135	1	0	1	0.37018323134507936
140200.0	500.0	1206.423924209156	0.0	0	685.4171892418817	1406.4239242091135	1	0	1	0.37018323134507936
141200.0	500.0	1206.423924209177	0.0	0	484.43340640940005	1406.4239242091135	1	0	1	0.37018323134507936
142200.0	500.0	1206.423924209212	0.0	0	543.6537957437686	1406.4239242091426	1	0	1	0.37018323134507647
143200.0	500.0	1206.4239242092158	0.0	0	634.558393397805	1406.4239242091426	1	0	1	0.37018323134507647
144200.0	500.0	1206.4239242092292	0.0	0	701.2206740453257	1406.4239242091717	1	0	1	0.3701832313450736
145200.0	500.0	1206.4239242092062	0.0	0	449.708570691786	1406.4239242091426	1	0	1	0.37018323134507647
146200.0	500.0	1206.4239242092185	0.0	0	592.3179604417819	1406.4239242091426	1	0	1	0.37018323134507647
147200.0	500.0	1206.4239242092722	0.0	0	632.3017558908323	1406.4239242091717	1	0	1	0.3701832313450736
148200.0	500.0	1206.4239242092942	0.0	0	492.6597558615904	1406.4239242091717	1	0	1	0.3701832313450736
150177.34001811052	1000.0	229.08390609879606	0.0	0	0.0	1406.4239242091717	1	0	1	0.3701832313450737
151045.3698032517	500.0	541.1487039477292	180.09458299009935	0	0.0	1586.5185071992746	1	0	1	-1.4215409054544785
151766.95233435108	500.0	819.5661728483215	0.0	0	0.0	1586.5185071992746	1	0	1	0.3521737730460633
152251.29386403394	500.0	1286.790490197175	0.0	0	0.0	1538.0843542309885	1	0	2	-0.044101880770454516
153200.0	500.0	1243.2137406345037	0.0	0	338.96451194543624	1443.2137406343827	1	0	2	0.16287176410539655
154200.0	500.0	1243.2137406345082	0.0	0	307.39488099192386	1443.2137406344118	1	0	1	0.16650424970254935
155200.0	500.0	1243.2137406344898	0.0	0	581.145174514997	1443.2137406344118	1	0	1	0.3665042497025495
156200.0	500.0	1243.213740634498	0.0	0	544.1523426447529	1443.2137406344118	1	0	1	0.3665042497025495
157200.0	500.0	1243.2137406344955	0.0	0	590.4358534951461	1443.2137406344118	1	0	1	0.3665042497025495
158200.0	500.0	1243.2137406345014	0.0	0	606.8605061752314	1443.2137406343827	1	0	1	0.36650424970255246
159200.0	500.0	1243.2137406345314	0.0	0	375.3001814087038	1443.2137406344118	1	0	1	0.3665042497025495
160200.0	500.0	1243.213740634503	0.0	0	323.4194526858046	1443.2137406343827	1	0	1	0.36650424970255246
161200.0	500.0	1243.2137406344925	0.0	0	619.5368538718903	1443.2137406343536	1	0	1	0.36650424970255535
162200.0	500.0	1243.2137406345355	0.0	0	377.79792818860733	1443.2137406343536	1	0	1	0.36650424970255535
163200.0	500.0	1243.2137406345266	0.0	0	22.44302685034927	1443.2137406343536	1	0	1	0.36650424970255535
164200.0	500.0	1243.2137406345073	0.0	0	520.1323390470643	1443.2137406343245	1	0	1	0.3665042497025583
165200.0	500.0	1243.2137406344777	0.0	0	476.5849735245283	1443.2137406343245	1	0	1	0.3665042497025583
166200.0	500.0	1243.213740634487	0.0	0	641.4617233115423	1443.2137406343245	1	0	1	0.3665042497025583
167200.0	500.0	1243.213740634474	0.0	0	500.36468298215186	1443.2137406343245	1	0	1	0.3665042497025583
168200.0	500.0	1243.2137406344682	0.0	0	489.1524271334056	1443.2137406343536	1	0	1	0.36650424970255535
169200.0	500.0	1243.213740634453	0.0	0	361.5575204275956	1443.2137406343536	1	0	1	0.36650424970255535
170200.0	500.0	1243.2137406344593	0.0	0	388.4417530708888	1443.2137406343536	1	0	1	0.36650424970255535
171200.0	500.0	1243.2137406344777	0.0	0	488.58775164114195	1443.2137406343245	1	0	1	0.3665042497025583
172200.0	500.0	1243.2137406345169	0.0	0	402.09819080581656	1443.2137406343245	1	0	1	0.3665042497025583
173200.0	500.0	1243.2137406344991	0.0	0	433.24706225437694	1443.2137406343245	1	0	1	0.3665042497025583
174200.0	500.0	1243.2137406345032	0.0	0	353.3944518051867	1443.2137406343245	1	0	1	0.3665042497025583
175200.0	500.0	1243.2137406345216	0.0	0	661.0316438677837	1443.2137406343245	1	0	1	0.3665042497025583
176200.0	500.0	1243.2137406345291	0.0	0	691.6203093360818	1443.2137406343536	1	0	1	0.36650424970255535
177200.0	500.0	1243.213740634526	0.0	0	521.2666096041503	1443.2137406343536	1	0	1	0.36650424970255535
178200.0	500.0	1243.2137406345103	0.0	0	622.3759720620583	1443.2137406343536	1	0	1	0.36650424970255535
179200.0	500.0	1243.2137406345014	0.0	0	275.78586106045987	1443.2137406343827	1	0	1	0.36650424970255246
180200.0	500.0	1243.2137406344973	0.0	0	419.3488522671396	1443.2137406343827	1	0	1	0.36650424970255246
181200.0	500.0	1243.2137406344998	0.0	0	504.88489628539537	1443.2137406343536	1	0	1	0.36650424970255535
182200.0	500.0	1243.2137406344832	0.0	0	256.15674642045633	1443.2137406343536	1	0	1	0.36650424970255535
183200.0	500.0	1243.213740634472	0.0	0	237.5994226623152	1443.2137406343536	1	0	1	0.36650424970255535
184200.0	500.0	1243.213740634468	0.0	0	232.6202181193221	1443.2137406343536	1	0	1	0.36650424970255535
185200.0	500.0	1243.2137406344555	0.0	0	387.9852010346076	1443.2137406343827	1	0	1	0.36650424970255246
186344.49936831061	500.0	1098.7143723238714	0.0	0	0.0	1443.2137406344118	1	0	1	0.3665042497025495
187200.0	500.0	1243.213740634486	0.0	0	123.72890431090491	1443.2137406343827	1	0	1	0.36650424970255246
188200.0	500.0	1243.213740634523	0.0	0	230.35758655279642	1443.2137406344118	1	0	1	0.3665042497025495
189200.0	500.0	1243.213740634509	0.0	0	391.7344794688688	1443.2137406344118	1	0	1	0.3665042497025495
190200.0	500.0	1243.21374063452	0.0	0	343.24689893214963	1443.2137406344118	1	0	1	0.3665042497025495
191200.0	500.0	1243.2137406344928	0.0	0	250.70317484863335	1443.2137406344118	1	0	1	0.3665042497025495
192200.0	500.0	1243.2137406344789	0.0	0	406.97178390051704	1443.2137406344118	1	0	1	0.3665042497025495
193200.0	500.0	1243.2137406345103	0.0	0	507.9835614403419	1443.2137406344118	1	0	1	0.3665042497025495
194200.0	500.0	1243.2137406345048	0.0	0	223.1944926212309	1443.213740634441	1	0	1	0.36650424970254664
195200.0	500.0	1243.2137406345032	0.0	0	205.67157571727876	1443.2137406344118	1	0	1	0.3665042497025495
196200.0	500.0	1243.2137406345	0.0	0	412.34017061724444	1443.2137406344118	1	0	1	0.3665042497025495
197200.0	500.0	1243.2137406344855	0.0	0	577.3796268068545	1443.2137406343827	1	0	1	0.36650424970255246
198200.0	500.0	1243.2137406344843	0.0	0	368.7140798852197	1443.2137406343536	1	0	1	0.36650424970255535
199200.0	500.0	1243.2137406344702	0.0	0	334.4039127268479	1443.2137406343245	1	0	1	0.3665042497025583
200200.0	500.0	1243.213740634472	0.0	0	381.6770180898893	1443.2137406343245	1	0	1	0.3665042497025583
201200.0	500.0	1243.2137406344846	0.0	0	82.99573157218401	1443.2137406343536	1	0	1	0.36650424970255535
202200.0	500.0	1243.2137406344677	0.0	0	328.79865039745346	1443.2137406343827	1	0	1	0.36650424970255246
203200.0	500.0	1243.2137406344616	0.0	0	532.4377135815157	1443.2137406343827	1	0	1	0.36650424970255246
204200.0	500.0	1243.2137406344193	0.0	0	196.30510144421714	1443.2137406343536	1	0	1	0.36650424970255535
205200.0	500.0	1243.2137406344154	0.0	0	294.4257604517916	1443.2137406343536	1	0	1	0.36650424970255535
206200.0	500.0	1243.213740634442	0.0	0	546.5639892180916	1443.2137406343536	1	0	1	0.36650424970255535
207200.0	500.0	1243.2137406344461	0.0	0	344.3136164539901	1443.2137406343536	1	0	1	0.36650424970255535
208200.0	500.0	1243.2137406344805	0.0	0	589.3558028882253	1443.2137406343536	1	0	1	0.36650424970255535
209200.0	500.0	1243.2137406344766	0.0	0	698.0917187971645	1443.2137406343536	1	0	1	0.36650424970255535
210200.0	500.0	1243.2137406344386	0.0	0	601.7033863832185	1443.2137406343536	1	0	1	0.36650424970255535
211200.0	500.0	1243.2137406344193	0.0	0	591.4340834285249	1443.2137406343536	1	0	1	0.36650424970255535
212200.0	500.0	1243.2137406344366	0.0	0	715.9974944077549	1443.2137406343245	1	0	1	0.3665042497025583
213200.0	500.0	1243.213740634417	0.0	0	661.1124480197905	1443.2137406343245	1	0	1	0.3665042497025583
214200.0	500.0	1243.2137406344284	0.0	0	556.7403914330062	1443.2137406343245	1	0	1	0.3665042497025583
215200.0	500.0	1243.2137406344095	0.0	0	508.7874791304348	1443.2137406342954	1	0	1	0.3665042497025612
216200.0	500.0	1243.213740634395	0.0	0	163.3176688805106	1443.2137406342663	1	0	1	0.3665042497025641
217200.0	500.0	1243.2137406343945	0.0	0	449.3078531284409	1443.2137406342663	1	0	1	0.3665042497025641
218200.0	500.0	1243.2137406343754	0.0	0	432.30802160981693	1443.2137406342372	1	0	1	0.366504249702567
219200.0	500.0	1243.2137406343927	0.0	0	177.43256775310147	1443.2137406342663	1	0	1	0.3665042497025641
220200.0	500.0	1243.213740634389	0.0	0	564.0422343972605	1443.2137406342663	1	0	1	0.3665042497025641
221200.0	500.0	1243.2137406344034	0.0	0	250.76144477853086	1443.2137406342954	1	0	1	0.3665042497025612
222200.0	500.0	1243.2137406343882	0.0	0	462.0073397133092	1443.2137406342954	1	0	1	0.3665042497025612
223335.51756144938	500.0	1107.696179185031	0.0	0	0.0	1443.2137406342954	1	0	1	0.3665042497025612
224280.0390969179	500.0	1163.1746437165339	0.0	0	0.0	1443.2137406343245	1	0	1	0.3665042497025606
225200.0	500.0	1243.2137406344166	0.0	0	480.06176893616794	1443.2137406343536	1	0	1	0.36650424970255535
226200.0	500.0	1243.2137406343768	0.0	0	604.4129269543337	1443.2137406343245	1	0	1	0.3665042497025583
227200.0	500.0	1243.2137406344095	0.0	0	599.301332342875	1443.2137406343536	1	0	1	0.36650424970255535
228200.0	500.0	1243.2137406344148	0.0	0	634.514953721984	1443.2137406343536	1	0	1	0.36650424970255535
229200.0	500.0	1243.2137406343986	0.0	0	458.7763641124766	1443.2137406343536	1	0	1	0.36650424970255535
230200.0	500.0	1243.213740634391	0.0	0	331.1704931645072	1443.2137406343245	1	0	1	0.3665042497025583
231200.0	500.0	1243.2137406344134	0.0	0	328.1390458360256	1443.2137406343245	1	0	1	0.3665042497025583
232200.0	500.0	1243.213740634391	0.0	0	522.1325011149456	1443.2137406342954	1	0	1	0.3665042497025612
233200.0	500.0	1243.213740634386	0.0	0	435.8995764584688	1443.2137406343245	1	0	1	0.3665042497025583
234200.0	500.0	1243.2137406343832	0.0	0	419.7232986718591	1443.2137406343245	1	0	1	0.3665042497025583
235200.0	500.0	1243.2137406343866	0.0	0	518.9396386932931	1443.2137406343245	1	0	1	0.3665042497025583
236200.0	500.0	1243.2137406343863	0.0	0	374.9099420886778	1443.2137406343536	1	0	1	0.36650424970255535
237563.09593835278	500.0	880.1178022816115	0.0	0	0.0	1443.2137406343536	1	0	1	0.36650424970255535
238848.85233881648	500.0	594.361401817908	0.0	0	0.0	1443.2137406343536	1	0	1	0.36650424970255535
239682.04796907413	500.0	761.1657715602443	0.0	0	0.0	1443.2137406343536	1	0	1	0.36650424970255535
240437.24436379466	500.0	1005.9693768396867	0.0	0	0.0	1443.2137406343827	1	0	1	0.36650424970255363
241200.0	500.0	1243.2137406343606	0.0	0	251.93772178216022	1443.2137406343827	1	0	1	0.36650424970255246
242200.0	500.0	1243.2137406343568	0.0	0	471.31898516076035	1443.2137406343536	1	0	1	0.36650424970255535
243200.0	500.0	1243.2137406343304	0.0	0	426.08897733094636	1443.2137406343245	1	0	1	0.3665042497025583
244200.0	500.0	1243.2137406343206	0.0	0	577.0253566298052	1443.2137406343245	1	0	1	0.3665042497025583
245200.0	500.0	1243.2137406343522	0.0	0	594.5824557446176	1443.2137406343245	1	0	1	0.3665042497025583
246200.0	500.0	1243.2137406343174	0.0	0	382.18317629548255	1443.2137406343245	1	0	1	0.3665042497025583
247200.0	500.0	1243.2137406342938	0.0	0	453.1181874810427	1443.2137406343536	1	0	1	0.36650424970255535
248200.0	500.0	1243.2137406342772	0.0	0	170.7727316855744	1443.2137406343536	1	0	1	0.36650424970255535
249200.0	500.0	1243.2137406342845	0.0	0	607.249392266327	1443.2137406343536	1	0	1	0.36650424970255535
250200.0	500.0	1243.213740634277	0.0	0	519.9610665822111	1443.2137406343536	1	0	1	0.36650424970255535
251200.0	500.0	1243.2137406342724	0.0	0	725.4617021208687	1443.2137406343536	1	0	1	0.36650424970255535
252200.0	500.0	1243.213740634279	0.0	0	395.0563816749782	1443.2137406343536	1	0	1	0.36650424970255535
253200.0	500.0	1243.2137406342367	0.0	0	295.44082833686844	1443.2137406343536	1	0	1	0.36650424970255535
254200.0	500.0	1243.2137406342408	0.0	0	438.7545394974586	1443.2137406343536	1	0	1	0.36650424970255535
255200.0	500.0	1243.213740634223	0.0	0	578.5490129461978	1443.2137406343245	1	0	1	0.3665042497025583
256200.0	500.0	1243.2137406342094	0.0	0	631.7329067322426	1443.2137406343245	1	0	1	0.3665042497025583
257200.0	500.0	1243.2137406342206	0.0	0	427.7357831641275	1443.2137406343245	1	0	1	0.3665042497025583
258200.0	500.0	1243.213740634226	0.0	0	546.7434701759194	1443.2137406343245	1	0	1	0.3665042497025583
259200.0	500.0	1243.2137406342124	0.0	0	519.8418963019794	1443.2137406343245	1	0	1	0.3665042497025583
260200.0	500.0	1243.213740634194	0.0	0	236.19793316698633	1443.2137406343245	1	0	1	0.3665042497025583
261200.0	500.0	1243.213740634172	0.0	0	347.84247412192053	1443.2137406343245	1	0	1	0.3665042497025583
262200.0	500.0	1243.2137406341537	0.0	0	321.17210026836256	1443.2137406343245	1	0	1	0.3665042497025583
263200.0	500.0	1243.2137406341456	0.0	0	428.42327898938674	1443.2137406343245	1	0	1	0.36650424970255885
264200.0	500.0	1243.2137406341553	0.0	0	409.30391817569034	1443.2137406342663	1	0	1	0.36650424970256296
265200.0	500.0	1243.2137406341471	0.0	0	170.31696662126342	1443.2137406342663	1	0	1	0.3665042497025641
266200.0	500.0	1243.2137406341606	0.0	0	336.8133749087574	1443.2137406342663	1	0	1	0.3665042497025641
267200.0	500.0	1243.2137406341444	0.0	0	591.2925843396224	1443.213740634208	1	0	1	0.36650424970256995
268200.0	500.0	1243.213740634084	0.0	0	161.9991151545546	1443.213740634208	1	0	1	0.36650424970256995
269249.7109810065	500.0	1193.5027596275552	0.0	0	0.0	1443.213740634208	1	0	1	0.36650424970256995
270200.0	500.0	1243.213740634051	0.0	0	103.047409030376	1443.213740634208	1	0	1	0.36650424970256995
271318.99914975243	500.0	1124.2145908815987	0.0	0	0.0	1443.2137406341499	1	0	1	0.3665042497025711
272200.0	500.0	1243.2137406340198	0.0	0	94.52919764793478	1443.213740634208	1	0	1	0.36650424970256995
273257.05197227636	500.0	1186.1617683577097	0.0	0	0.0	1443.213740634208	1	0	1	0.36650424970256995
274200.0	300.0	1243.2137406340332	0.0	0	661.5274736654828	1443.213740634208	1	0	1	-0.6551469978294115
275200.0	300.0	1243.2137406340692	0.0	0	706.1020842026337	1443.2137406342663	1	0	1	-0.14432137406342666
276200.0	500.0	1243.2137406341378	0.0	0	598.104810832825	1443.2137406343245	1	0	1	-0.14432137406343237
277200.0	500.0	1243.2137406341353	0.0	0	487.6394390652422	1443.2137406343245	1	0	1	0.3665042497025583
278200.0	500.0	1243.21374063405	0.0	0	209.76524222950684	1443.2137406342663	1	0	1	0.3665042497025641
279200.0	500.0	1243.2137406341108	0.0	0	541.6404682869907	1443.2137406342663	1	0	1	0.3665042497025641
280200.0	500.0	1243.213740634149	0.0	0	442.5472203937825	1443.2137406342663	1	0	1	0.3665042497025641
281200.0	500.0	1243.2137406342192	0.0	0	393.1786620026687	1443.2137406342663	1	0	1	0.3665042497025641
282200.0	500.0	1243.2137406342463	0.0	0	601.3486829954782	1443.2137406342663	1	0	1	0.3665042497025641
283200.0	500.0	1243.21374063427	0.0	0	688.6255708248937	1443.2137406343245	1	0	1	0.3665042497025583
284200.0	500.0	1243.2137406342629	0.0	0	412.9613073422224	1443.2137406343245	1	0	1	0.3665042497025583
285200.0	500.0	1243.2137406342695	0.0	0	340.24500734289177	1443.2137406343245	1	0	1	0.3665042497025583
286200.0	500.0	1243.2137406342113	0.0	0	186.11470633320278	1443.2137406343245	1	0	1	0.3665042497025583
287200.0	500.0	1243.213740634199	0.0	0	170.41787868220126	1443.2137406343245	1	0	1	0.3665042497025583
288200.0	500.0	1243.2137406342479	0.0	0	687.0421939110383	1443.2137406343245	1	0	1	0.3665042497025583
289200.0	500.0	1243.2137406341858	0.0	0	547.9517553613987	1443.2137406343245	1	0	1	0.3665042497025583
290200.0	500.0	1243.2137406342	0.0	0	644.9587538652704	1443.2137406342663	1	0	1	0.3665042497025641
291200.0	500.0	1243.213740634148	0.0	0	491.9606720439624	1443.213740634208	1	0	1	0.36650424970256995
292200.0	500.0	1243.2137406341583	0.0	0	542.616379750194	1443.213740634208	1	0	1	0.36650424970256995
293200.0	500.0	1243.213740634135	0.0	0	717.2513383773621	1443.213740634208	1	0	1	0.36650424970256995
294200.0	500.0	1243.2137406341938	0.0	0	514.6604814272141	1443.2137406342663	1	0	1	0.3665042497025641
295200.0	500.0	1243.2137406341787	0.0	0	508.8207016750821	1443.2137406342663	1	0	1	0.3665042497025641
296200.0	500.0	1243.2137406342154	0.0	0	608.1975284280488	1443.2137406342663	1	0	1	0.3665042497025641
297200.0	500.0	1243.2137406341249	0.0	0	611.5653200951056	1443.2137406342663	1	0	1	0.3665042497025641
298483.4770472371	1000.0	959.7366933969533	0.0	0	0.0	1443.2137406341499	1	0	1	0.36650424970257234
299302.15900504304	500.0	1141.0547355910235	0.0	0	0.0	1443.2137406340917	1	0	1	-0.3266429308573685
300200.0	500.0	1243.2137406341	0.0	0	66.54771428561071	1443.2137406340917	1	0	1	0.36650424970258155
0.82	0.97	0.98	1.31	1.48	1.01	0.63	0.85	1.05	0.83	0.68	1.04	0.87	1.12	1.22	1.04	0.89	0.83	1.25	1.02	1.07	1.01	1.59	1.73	1.44	1.23	0.85	1.11	1.41	0.85	0.94	0.86	0.82	0.43	0.87	0.79	0.75	0.73	0.74	0.73	0.85	0.86	0.73	1.02	1.16	0.92	1.01	0.7	0.6	1.02	1.32	0.67	0.78	1.16	0.9	0.95	1.39	1.76	1.64	1.52	1.71	1.01	0.8	0.72	0.97	0.95	0.74	1.09	0.6	0.94	0.49	0.71	1.01	1.31	1.3	1.11	0.92	1.03	0.97	0.95	0.87	1.27	1.17	1.01	0.46	0.5	0.53	0.65	1.09	1.15	1.02	1.22	1.09	0.97	0.97	0.63	1.09	1.27	1.71	1.08	0.54	1.23	1.44	1.31	0.87	1.3	1.2	0.68	0.71	1.01	1.05	1.11	0.68	0.94	1.37	0.81	0.56	0.63	0.37	0.72	0.52	0.93	1.14	1.02	0.89	0.79	1.02	0.92	0.79	1.18	1.3	1.12	0.78	0.66	0.7	1.44	1.63	1.39	1.15	1.4	1.56	0.97	1.29	1.51	1.1	0.58	0.75	0.64	0.98	0.54	0.82	0.97	0.98	1.31	1.48	1.01	0.63	0.85	1.05	0.83	0.68	1.04	0.87	1.12	1.22	1.04	0.89	0.83	1.25	1.02	1.07	1.01	1.59	1.73	1.44	1.23	0.85	1.11	1.41	0.85	0.94	0.86	0.82	0.43	0.87	0.79	0.75	0.73	0.74	0.73	0.85	0.86	0.73	1.02	1.16	0.92	1.01	0.7	0.6	1.02	1.32	0.67	0.78	1.16	0.9	0.95	1.39	1.76	1.64	1.52	1.71	1.01	0.8	0.72	0.97	0.95	0.74	1.09	0.6	0.94	0.49	0.71	1.01	1.31	1.3	1.11	0.92	1.03	0.97	0.95	0.87	1.27	1.17	1.01	0.46	0.5	0.53	0.65	1.09	1.15	1.02	1.22	1.09	0.97	0.97	0.63	1.09	1.27	1.71	1.08	0.54	1.23	1.44	1.31	0.87	1.3	1.2	0.68	0.71	1.01	1.05	1.11	0.68	0.94	1.37	0.81	0.56	0.63	0.37	0.72	0.52	0.93	1.14	1.02	0.89	0.79	1.02	0.92	0.79	1.18	1.3	1.12	0.78	0.66	0.7	1.44	1.63	1.39	1.15	1.4	1.56	0.97	1.29	1.51	1.1	0.58	0.75	0.64	0.98	0.54	0.82
1.0	2.0	3.0	4.0	5.0	6.0	7.0	8.0	9.0	10.0	11.0	12.0	13.0	14.0	15.0	16.0	17.0	18.0	19.0	20.0	21.0	22.0	23.0	24.0	25.0	26.0	27.0	28.0	29.0	30.0	31.0	32.0	33.0	34.0	35.0	36.0	37.0	38.0	39.0	40.0	41.0	42.0	43.0	44.0	45.0	46.0	47.0	48.0	49.0	50.0	51.0	52.0	53.0	54.0	55.0	56.0	57.0	58.0	59.0	60.0	61.0	62.0	63.0	64.0	65.0	66.0	67.0	68.0	69.0	70.0	71.0	72.0	73.0	74.0	75.0	76.0	77.0	78.0	79.0	80.0	81.0	82.0	83.0	84.0	85.0	86.0	87.0	88.0	89.0	90.0	91.0	92.0	93.0	94.0	95.0	96.0	97.0	98.0	99.0	100.0	101.0	102.0	103.0	104.0	105.0	106.0	107.0	108.0	109.0	110.0	111.0	112.0	113.0	114.0	115.0	116.0	117.0	118.0	119.0	120.0	121.0	122.0	123.0	124.0	125.0	126.0	127.0	128.0	129.0	130.0	131.0	132.0	133.0	134.0	135.0	136.0	137.0	138.0	139.0	140.0	141.0	142.0	143.0	144.0	145.0	146.0	147.0	148.0	149.0	149.0	150.0	151.0	152.0	153.0	154.0	155.0	156.0	157.0	158.0	159.0	160.0	161.0	162.0	163.0	164.0	165.0	166.0	167.0	168.0	169.0	170.0	171.0	172.0	173.0	174.0	175.0	176.0	177.0	178.0	179.0	180.0	181.0	182.0	183.0	184.0	185.0	186.0	187.0	188.0	189.0	190.0	191.0	192.0	193.0	194.0	195.0	196.0	197.0	198.0	199.0	200.0	201.0	202.0	203.0	204.0	205.0	206.0	207.0	208.0	209.0	210.0	211.0	212.0	213.0	214.0	215.0	216.0	217.0	218.0	219.0	220.0	221.0	222.0	223.0	224.0	225.0	226.0	227.0	228.0	229.0	230.0	231.0	232.0	233.0	234.0	235.0	236.0	237.0	238.0	239.0	240.0	241.0	242.0	243.0	244.0	245.0	246.0	247.0	248.0	249.0	250.0	251.0	252.0	253.0	254.0	255.0	256.0	257.0	258.0	259.0	260.0	261.0	262.0	263.0	264.0	265.0	266.0	267.0	268.0	269.0	270.0	271.0	272.0	273.0	274.0	275.0	276.0	277.0	278.0	279.0	280.0	281.0	282.0	283.0	284.0	285.0	286.0	287.0	288.0	289.0	290.0	291.0	292.0	293.0	294.0	295.0	296.0	297.0	298.0	298.0	299.0
3251.850191463582
