3021.527029655286	300.0	2000.0	179.54396556955555	0	0.0	3021.527029655286	1	0	1	-1.375525448112334
3205.3135688250823	300.0	2797.834806913224	0.0	0	0.0	3003.1483757383057	1	0	2	-0.7007533537963473
4200.0	300.0	2703.679732620813	0.0	0	827.0948247628294	2903.6797326208134	1	0	2	-0.4943679732620815
5200.0	300.0	2603.679732620814	0.0	0	842.6387462740349	2803.6797326208134	1	0	2	-0.48436797326208153
6200.0	300.0	2503.679732620814	0.0	0	846.4727387817429	2703.6797326208134	1	0	2	-0.4743679732620815
7200.0	300.0	2403.679732620813	0.0	0	844.9176859493482	2603.6797326208134	1	0	2	-0.4643679732620816
8200.0	300.0	2303.6797326208125	0.0	0	775.9753103331959	2503.6797326208134	1	0	2	-0.4543679732620816
9200.0	300.0	2203.679732620813	0.0	0	697.1821644079118	2403.6797326208134	1	0	2	-0.4443679732620816
10200.0	300.0	2103.679732620812	0.0	0	794.7654432522213	2303.6797326208125	1	0	2	-0.43436797326208154
11200.0	300.0	2003.679732620811	0.0	0	716.8523566041931	2203.6797326208125	1	0	2	-0.4243679732620814
12200.0	300.0	1903.679732620814	0.0	0	726.0046211733243	2103.679732620816	1	0	2	-0.41436797326208163
13200.0	300.0	1803.6797326208168	0.0	0	745.2840455401201	2003.6797326208143	1	0	2	-0.4043679732620816
14200.0	300.0	1703.679732620816	0.0	0	779.1217281729623	1903.6797326208107	1	0	2	-0.3943679732620814
15200.0	300.0	1603.679732620817	0.0	0	826.2071402919337	1803.6797326208107	1	0	2	-0.3843679732620814
16200.0	300.0	1503.6797326208175	0.0	0	879.8617414851797	1703.6797326208107	1	0	2	-0.3743679732620814
17200.0	300.0	1403.6797326208202	0.0	0	866.7522846059146	1603.6797326208143	1	0	2	-0.3643679732620815
18200.0	300.0	1303.6797326208239	0.0	0	878.4680958224526	1503.679732620818	1	0	2	-0.35436797326208186
19200.0	300.0	1203.6797326208218	0.0	0	862.7424055013471	1403.6797326208107	1	0	2	-0.34436797326208146
20200.0	300.0	1203.6797326208168	0.0	0	802.3107717901948	1403.6797326208107	1	0	1	-0.34036797326208124
21200.0	500.0	1203.6797326208157	0.0	0	727.8234183422974	1403.6797326208107	1	0	1	-0.140367973262081
22200.0	500.0	1203.6797326208184	0.0	0	781.1327413769723	1403.6797326208107	1	0	1	0.37045765050390966
23200.0	1000.0	1203.679732620816	0.0	0	778.5520011138833	1403.679732620807	1	0	1	0.37045765050391005
24200.0	1000.0	1203.6797326208148	0.0	0	658.3789213708442	1403.679732620807	1	0	1	1.0636048310638555
25200.0	1000.0	1203.6797326208161	0.0	0	623.4840068156773	1403.679732620807	1	0	1	1.0636048310638555
26719.47623807742	2000.0	684.2034945433943	0.0	0	0.0	1403.679732620807	1	0	1	1.0636048310638553
27926.369309993373	2000.0	477.3104226274415	0.0	0	0.0	1403.679732620807	1	0	1	1.7567520116238007
28629.647975604865	1000.0	774.031757015949	0.0	0	0.0	1403.679732620807	1	0	1	0.3704576505039103
29665.54999499161	1000.0	738.1297376292077	0.0	0	0.0	1403.679732620807	1	0	1	1.0636048310638555
30243.12644487064	1000.0	1160.5532877501769	0.0	0	0.0	1403.6797326208034	1	0	1	1.063604831063856
31200.0	1000.0	1203.6797326208164	0.0	0	373.7404982654916	1403.6797326208034	1	0	1	1.063604831063856
32200.0	1000.0	1203.6797326208161	0.0	0	374.5882716656088	1403.6797326208034	1	0	1	1.063604831063856
33200.0	1000.0	1203.6797326208168	0.0	0	562.7786456667964	1403.6797326207998	1	0	1	1.0636048310638562
34200.0	500.0	1203.6797326208211	0.0	0	621.6517370596412	1403.6797326208034	1	0	1	-0.32268953005603507
35200.0	1000.0	1203.6797326208255	0.0	0	446.4610040147818	1403.6797326208034	1	0	1	0.37045765050391044
36200.0	1000.0	1203.679732620823	0.0	0	595.8116477004878	1403.6797326207961	1	0	1	1.0636048310638566
37200.0	1000.0	1203.6797326208186	0.0	0	223.08646429848886	1403.6797326207889	1	0	1	1.0636048310638575
38200.0	1000.0	1203.679732620821	0.0	0	39.66519514153333	1403.6797326207889	1	0	1	1.0636048310638575
39200.0	1000.0	1203.6797326208232	0.0	0	402.03207606761134	1403.6797326207961	1	0	1	1.0636048310638566
40200.0	1000.0	1203.6797326208218	0.0	0	591.1359816244003	1403.6797326207889	1	0	1	1.0636048310638575
41200.0	1000.0	1203.6797326208243	0.0	0	538.6373974572707	1403.6797326207816	1	0	1	1.0636048310638582
42200.0	1000.0	1203.6797326208234	0.0	0	613.1594474633966	1403.6797326207816	1	0	1	1.0636048310638582
43200.0	1000.0	1203.6797326208207	0.0	0	563.4108792002517	1403.6797326207743	1	0	1	1.0636048310638588
44200.0	1000.0	1203.6797326208273	0.0	0	654.9820955550313	1403.6797326207743	1	0	1	1.0636048310638588
45200.0	1000.0	1203.679732620821	0.0	0	648.4852515891471	1403.6797326207743	1	0	1	1.0636048310638588
46200.0	1000.0	1203.6797326208268	0.0	0	463.15303208970727	1403.6797326207743	1	0	1	1.0636048310638588
47200.0	1000.0	1203.6797326208327	0.0	0	297.0020103625284	1403.6797326207743	1	0	1	1.0636048310638588
48200.0	1000.0	1203.6797326208314	0.0	0	230.96406640425994	1403.6797326207743	1	0	1	1.0636048310638588
49200.0	1000.0	1203.6797326208305	0.0	0	462.17181807891757	1403.6797326207743	1	0	1	1.0636048310638588
50200.0	1000.0	1203.679732620833	0.0	0	538.3726005626013	1403.6797326207743	1	0	1	1.0636048310638588
51200.0	1000.0	1203.6797326208293	0.0	0	595.2860340486077	1403.679732620767	1	0	1	1.0636048310638595
52200.0	1000.0	1203.6797326208316	0.0	0	627.4535163711989	1403.6797326207743	1	0	1	1.0636048310638588
53200.0	1000.0	1203.6797326208248	0.0	0	726.5470251124134	1403.6797326207743	1	0	1	1.0636048310638588
54200.0	1000.0	1203.679732620832	0.0	0	518.9738061620665	1403.6797326207816	1	0	1	1.0636048310638582
55200.0	1000.0	1203.6797326208339	0.0	0	343.24791520459985	1403.6797326207889	1	0	1	1.0636048310638575
56200.0	1000.0	1203.6797326208339	0.0	0	327.53726884945354	1403.6797326207889	1	0	1	1.0636048310638575
57200.0	1000.0	1203.6797326208316	0.0	0	300.5929452121127	1403.6797326207889	1	0	1	1.0636048310638575
58294.65058670012	1000.0	1109.0291459207015	0.0	0	0.0	1403.6797326207889	1	0	1	1.0636048310638575
59284.266920914204	1000.0	1119.412811706613	0.0	0	0.0	1403.6797326207889	1	0	1	1.0636048310638575
60200.0	1000.0	1203.679732620822	0.0	0	295.6741865192962	1403.6797326207889	1	0	1	1.0636048310638575
61200.0	1000.0	1203.679732620822	0.0	0	495.1315297702895	1403.6797326207889	1	0	1	1.0636048310638575
62200.0	1000.0	1203.6797326208232	0.0	0	316.09689295865974	1403.6797326207961	1	0	1	1.0636048310638566
63200.0	1000.0	1203.6797326208225	0.0	0	469.9264332077146	1403.6797326207961	1	0	1	1.0636048310638566
64200.0	1000.0	1203.6797326208173	0.0	0	584.0211083541071	1403.6797326207961	1	0	1	1.0636048310638566
65200.0	1000.0	1203.679732620812	0.0	0	478.43750338051905	1403.6797326208034	1	0	1	1.063604831063856
66200.0	1000.0	1203.6797326208246	0.0	0	347.52240973764856	1403.679732620818	1	0	1	1.0636048310638553
67200.0	1000.0	1203.679732620832	0.0	0	336.27879782054515	1403.6797326208325	1	0	1	1.0636048310638542
68200.0	1000.0	1203.679732620822	0.0	0	175.3655276978243	1403.679732620847	1	0	1	1.0636048310638515
69200.0	1000.0	1203.6797326208123	0.0	0	487.4926405792212	1403.679732620847	1	0	1	1.0636048310638515
70200.0	1000.0	1203.6797326208011	0.0	0	576.8929136043444	1403.679732620847	1	0	1	1.0636048310638515
71200.0	1000.0	1203.6797326208095	0.0	0	601.2341006200295	1403.679732620847	1	0	1	1.0636048310638515
72200.0	1000.0	1203.6797326207948	0.0	0	518.5039721340436	1403.679732620847	1	0	1	1.0636048310638515
73200.0	1000.0	1203.6797326208011	0.0	0	480.92791330598993	1403.679732620847	1	0	1	1.0636048310638515
74200.0	1000.0	1203.6797326207977	0.0	0	598.619725461409	1403.679732620847	1	0	1	1.0636048310638515
75200.0	1000.0	1203.6797326207882	0.0	0	619.2887681612629	1403.679732620847	1	0	1	1.0636048310638515
76200.0	1000.0	1203.6797326207952	0.0	0	369.344438207816	1403.679732620847	1	0	1	1.0636048310638515
77200.0	1000.0	1203.6797326208016	0.0	0	359.9143936200562	1403.679732620847	1	0	1	1.0636048310638515
78200.0	1000.0	1203.6797326208077	0.0	0	584.2209976012964	1403.679732620847	1	0	1	1.0636048310638515
79200.0	1000.0	1203.6797326208005	0.0	0	473.9523221500858	1403.679732620847	1	0	1	1.0636048310638515
80200.0	1000.0	1203.6797326207982	0.0	0	316.7984800917766	1403.679732620847	1	0	1	1.0636048310638515
81200.0	1000.0	1203.6797326208007	0.0	0	588.5990779063723	1403.679732620847	1	0	1	1.0636048310638515
82200.0	1000.0	1203.6797326208118	0.0	0	518.3601163903513	1403.6797326208616	1	0	1	1.06360483106385
83200.0	1000.0	1203.6797326208239	0.0	0	566.567988449955	1403.6797326208616	1	0	1	1.06360483106385
84200.0	2000.0	1203.6797326208057	0.0	0	187.76013716599846	1403.6797326208616	1	0	1	1.06360483106385
85200.0	2000.0	1203.6797326208048	0.0	0	68.8764626418415	1403.6797326208616	1	0	1	1.756752011623795
86623.64470064014	2000.0	780.0350319806665	0.0	0	0.0	1403.6797326208616	1	0	1	1.756752011623795
87215.74270598432	1000.0	1187.937026636504	0.0	0	0.0	1403.6797326208616	1	0	1	0.3704576505039049
88200.0	1000.0	1203.6797326208446	0.0	0	493.0341939596983	1403.6797326208616	1	0	1	1.06360483106385
89200.0	1000.0	1203.6797326208302	0.0	0	416.820041983563	1403.6797326208616	1	0	1	1.06360483106385
90200.0	1000.0	1203.67973262083	0.0	0	595.6664926034573	1403.6797326208762	1	0	1	1.0636048310638486
91200.0	1000.0	1203.6797326208236	0.0	0	248.02192501560785	1403.6797326208762	1	0	1	1.0636048310638486
92200.0	1000.0	1203.6797326208296	0.0	0	352.75796707747213	1403.6797326208907	1	0	1	1.063604831063847
93200.0	1000.0	1203.67973262083	0.0	0	139.48762818185787	1403.6797326208907	1	0	1	1.063604831063847
94200.0	1000.0	1203.6797326208216	0.0	0	296.76327419944573	1403.6797326208907	1	0	1	1.063604831063847
95200.0	1000.0	1203.6797326208173	0.0	0	629.278916700554	1403.6797326208762	1	0	1	1.0636048310638486
96200.0	1000.0	1203.679732620821	0.0	0	427.0273661510291	1403.6797326208762	1	0	1	1.0636048310638486
97200.0	1000.0	1203.6797326208095	0.0	0	591.6127774814231	1403.6797326208616	1	0	1	1.06360483106385
98200.0	1000.0	1203.6797326208166	0.0	0	445.24763999729475	1403.6797326208616	1	0	1	1.06360483106385
99200.0	1000.0	1203.6797326208016	0.0	0	548.2031934542756	1403.6797326208616	1	0	1	1.06360483106385
100200.0	1000.0	1203.6797326208055	0.0	0	726.7219654287182	1403.6797326208616	1	0	1	1.06360483106385
101200.0	1000.0	1203.6797326208045	0.0	0	587.7418070747808	1403.679732620847	1	0	1	1.0636048310638515
102200.0	1000.0	1203.6797326207982	0.0	0	681.5345164756	1403.6797326208325	1	0	1	1.063604831063853
103200.0	1000.0	1203.6797326208111	0.0	0	459.7332435803546	1403.6797326208325	1	0	1	1.063604831063853
104200.0	2000.0	1203.6797326208139	0.0	0	65.42313191507128	1403.6797326208325	1	0	1	1.0636048310638528
105200.0	2000.0	1203.6797326208234	0.0	0	253.43354124142206	1403.6797326208325	1	0	1	1.756752011623798
106367.86769662394	2000.0	1035.8120359968739	0.0	0	0.0	1403.679732620847	1	0	1	1.7567520116237967
107216.48647927558	2000.0	1187.1932533452318	0.0	0	0.0	1403.679732620847	1	0	1	1.7567520116237967
108664.20675545081	2000.0	739.4729771700079	0.0	0	0.0	1403.679732620847	1	0	1	1.7567520116237967
109730.51497766956	2000.0	673.1647549512581	0.0	0	0.0	1403.679732620847	1	0	1	1.7567520116237967
111144.25350067782	2000.0	259.4262319429798	0.0	0	0.0	1403.6797326208325	1	0	1	1.756752011623798
111672.34956031025	1000.0	755.2275650929607	23.89739278241754	0	0.0	1427.5771254032588	1	0	1	0.22468355453115996
112200.0	1000.0	1227.577125403208	0.0	0	187.7836107668263	1427.5771254032588	1	0	1	1.0612150917856102
113200.0	1000.0	1227.5771254032193	0.0	0	666.7196437328239	1427.5771254032734	1	0	1	1.061215091785609
114200.0	1000.0	1227.577125403226	0.0	0	667.8622442263295	1427.5771254032588	1	0	1	1.0612150917856102
115200.0	1000.0	1227.5771254032215	0.0	0	477.3846032653237	1427.5771254032588	1	0	1	1.0612150917856102
116200.0	1000.0	1227.577125403216	0.0	0	440.2326858838496	1427.5771254032588	1	0	1	1.0612150917856102
117200.0	1000.0	1227.5771254031895	0.0	0	267.447952374685	1427.5771254032588	1	0	1	1.0612150917856102
118200.0	1000.0	1227.577125403191	0.0	0	91.62193336361088	1427.5771254032588	1	0	1	1.0612150917856102
119200.0	1000.0	1227.577125403181	0.0	0	252.3857101163885	1427.5771254032588	1	0	1	1.0612150917856102
120200.0	1000.0	1227.5771254031702	0.0	0	342.4109910372499	1427.5771254032588	1	0	1	1.0612150917856102
121200.0	1000.0	1227.5771254031845	0.0	0	164.8568359764904	1427.5771254032734	1	0	1	1.061215091785609
122200.0	1000.0	1227.5771254031777	0.0	0	281.8913612486358	1427.5771254032734	1	0	1	1.061215091785609
123200.0	1000.0	1227.5771254031706	0.0	0	410.6403564803186	1427.577125403288	1	0	1	1.0612150917856074
124200.0	1000.0	1227.5771254031806	0.0	0	409.70802235705196	1427.577125403288	1	0	1	1.0612150917856074
125200.0	1000.0	1227.5771254031972	0.0	0	257.42981683857215	1427.5771254033025	1	0	1	1.061215091785606
126200.0	1000.0	1227.5771254031831	0.0	0	191.35067314370826	1427.5771254033025	1	0	1	1.061215091785606
127200.0	1000.0	1227.5771254031993	0.0	0	252.9268841772864	1427.577125403317	1	0	1	1.0612150917856045
128200.0	1000.0	1227.577125403207	0.0	0	313.8020983493625	1427.577125403317	1	0	1	1.0612150917856045
129200.0	1000.0	1227.5771254032154	0.0	0	403.0149028126034	1427.577125403317	1	0	1	1.0612150917856045
130200.0	1000.0	1227.5771254032095	0.0	0	452.0399870593683	1427.577125403317	1	0	1	1.0612150917856045
131200.0	1000.0	1227.5771254032084	0.0	0	627.2486893222376	1427.577125403317	1	0	1	1.0612150917856045
132200.0	1000.0	1227.5771254032275	0.0	0	669.3376628291444	1427.5771254033316	1	0	1	1.0612150917856038
133200.0	1000.0	1227.5771254032484	0.0	0	752.4249613815628	1427.5771254033316	1	0	1	1.0612150917856034
134200.0	500.0	1227.5771254032334	0.0	0	910.3117908834247	1427.5771254033316	1	0	1	-0.325079269334288
135200.0	1000.0	1227.5771254032582	0.0	0	781.6070337292622	1427.5771254033316	1	0	1	0.3680679112256577
136200.0	1000.0	1227.5771254032325	0.0	0	651.5360856655461	1427.5771254033316	1	0	1	1.0612150917856031
137200.0	1000.0	1227.5771254032516	0.0	0	648.9559142605285	1427.5771254033607	1	0	1	1.0612150917856003
138200.0	2000.0	1227.5771254032554	0.0	0	381.23090428664	1427.5771254033607	1	0	1	1.0612150917856
139200.0	2000.0	1227.577125403254	0.0	0	140.72045884281397	1427.5771254033607	1	0	1	1.7543622723455452
140200.0	2000.0	1227.5771254032268	0.0	0	306.603575429559	1427.5771254033316	1	0	1	1.7543622723455483
141200.0	2000.0	1227.577125403256	0.0	0	296.3070967673557	1427.5771254033316	1	0	1	1.7543622723455483
142200.0	2000.0	1227.5771254032304	0.0	0	375.0071671757323	1427.5771254033316	1	0	1	1.7543622723455483
143200.0	2000.0	1227.5771254032252	0.0	0	336.8009972493164	1427.5771254033316	1	0	1	1.7543622723455483
144200.0	2000.0	1227.5771254032159	0.0	0	216.34666786622256	1427.5771254033025	1	0	1	1.754362272345551
145200.0	2000.0	1227.577125403203	0.0	0	13.53394619494793	1427.5771254033025	1	0	1	1.754362272345551
146200.0	2000.0	1227.5771254032077	0.0	0	262.84636854287237	1427.5771254032734	1	0	1	1.754362272345554
147200.0	2000.0	1227.577125403211	0.0	0	307.78755272662966	1427.5771254032443	1	0	1	1.7543622723455568
148200.0	2000.0	1227.577125403201	0.0	0	470.30598714464577	1427.5771254032734	1	0	1	1.754362272345554
149200.0	2000.0	1227.5771254031954	0.0	0	606.8618180575431	1427.5771254032443	1	0	1	1.7543622723455568
150200.0	2000.0	1227.5771254031702	0.0	0	434.7880423349561	1427.5771254032152	1	0	1	1.7543622723455599
151200.0	2000.0	1227.5771254031706	0.0	0	466.96331631427165	1427.5771254032152	1	0	1	1.7543622723455599
152200.0	2000.0	1227.5771254031883	0.0	0	382.95942059517256	1427.5771254032443	1	0	1	1.7543622723455568
153200.0	2000.0	1227.5771254032086	0.0	0	373.85613292455673	1427.5771254032734	1	0	1	1.7543622723455552
154200.0	2000.0	1227.5771254032197	0.0	0	91.91621381256846	1427.5771254033025	1	0	1	1.754362272345551
155221.96987626224	2000.0	1205.6072491409734	0.0	0	0.0	1427.5771254032734	1	0	1	1.7543622723455536
156200.0	2000.0	1227.5771254032225	0.0	0	0.2398420971003361	1427.5771254032734	1	0	1	1.754362272345554
158195.52146767153	2000.0	232.0556577317034	0.0	0	0.0	1427.5771254033025	1	0	1	1.7543622723455523
158751.39443086178	1000.0	705.7078905978706	29.52519605641831	0	0.0	1457.102321459679	1	0	1	0.18796421528151158
159581.49318219395	1000.0	875.6091392657055	0.0	0	0.0	1457.102321459679	1	0	1	1.0582625721799683
160416.90711649685	1000.0	1040.1952049628153	0.0	0	0.0	1457.102321459679	1	0	1	1.0582625721799683
161200.0	1000.0	1257.1023214596657	0.0	0	14.791853819479002	1457.102321459679	1	0	1	1.0582625721799683
162200.0	1000.0	1257.1023214596742	0.0	0	57.82328777885414	1457.102321459679	1	0	1	1.0582625721799683
163200.0	1000.0	1257.102321459653	0.0	0	447.1011809418851	1457.102321459679	1	0	1	1.0582625721799683
164200.0	1000.0	1257.10232145965	0.0	0	451.7077591824054	1457.102321459679	1	0	1	1.0582625721799683
165200.0	1000.0	1257.1023214596464	0.0	0	628.836889936123	1457.102321459679	1	0	1	1.0582625721799683
166200.0	1000.0	1257.1023214596137	0.0	0	694.8601986405265	1457.1023214596498	1	0	1	1.0582625721799712
167200.0	1000.0	1257.1023214595812	0.0	0	741.6364728968474	1457.1023214596207	1	0	1	1.058262572179974
168200.0	1000.0	1257.1023214596082	0.0	0	468.16827801580075	1457.1023214596207	1	0	1	1.058262572179974
169200.0	1000.0	1257.1023214596034	0.0	0	488.0807828239049	1457.1023214596207	1	0	1	1.058262572179974
170200.0	1000.0	1257.1023214596094	0.0	0	487.76630007484346	1457.1023214596207	1	0	1	1.058262572179974
171200.0	1000.0	1257.1023214596325	0.0	0	655.5319761104474	1457.1023214596207	1	0	1	1.058262572179974
172200.0	2000.0	1257.1023214596084	0.0	0	550.317684273643	1457.1023214596207	1	0	1	1.058262572179974
173200.0	2000.0	1257.1023214596055	0.0	0	541.1969938570401	1457.1023214596207	1	0	1	1.751409752739919
174200.0	2000.0	1257.1023214596103	0.0	0	318.7708801640838	1457.1023214596207	1	0	1	1.751409752739919
175590.7288484899	2000.0	866.3734729696774	0.0	0	0.0	1457.1023214596207	1	0	1	1.751409752739919
176990.93429119146	2000.0	466.16803026816063	0.0	0	0.0	1457.1023214596207	1	0	1	1.751409752739919
177750.74544026944	1000.0	706.3568811901913	0.0	0	0.0	1457.1023214596207	1	0	1	0.3651153916200289
178612.3457874314	1000.0	844.7565340282373	0.0	0	0.0	1457.1023214595916	1	0	1	1.0582625721799772
179215.9511635204	1000.0	1241.1511579392266	0.0	0	0.0	1457.1023214596207	1	0	1	1.058262572179974
180200.0	1000.0	1257.1023214596103	0.0	0	238.9685501702188	1457.1023214596207	1	0	1	1.058262572179974
181200.0	1000.0	1257.1023214595944	0.0	0	502.1781013456348	1457.1023214596207	1	0	1	1.058262572179974
182200.0	500.0	1257.1023214595928	0.0	0	708.802268575906	1457.1023214596207	1	0	1	-0.32803178893991664
183200.0	500.0	1257.102321459591	0.0	0	637.5334384199232	1457.1023214596207	1	0	1	0.36511539162002865
184200.0	1000.0	1257.1023214595598	0.0	0	375.903915890347	1457.1023214595916	1	0	1	0.3651153916200317
185200.0	1000.0	1257.1023214595393	0.0	0	285.73562522028806	1457.1023214595625	1	0	1	1.05826257217998
186200.0	1000.0	1257.1023214595407	0.0	0	326.7970347755472	1457.1023214595625	1	0	1	1.05826257217998
187200.0	1000.0	1257.1023214595373	0.0	0	134.1468904610956	1457.1023214595625	1	0	1	1.05826257217998
188200.0	1000.0	1257.1023214595468	0.0	0	410.29912252540817	1457.1023214595625	1	0	1	1.05826257217998
189200.0	1000.0	1257.102321459561	0.0	0	563.1562562386971	1457.1023214595625	1	0	1	1.05826257217998
190200.0	1000.0	1257.1023214595834	0.0	0	521.3964254692546	1457.1023214595916	1	0	1	1.0582625721799772
191200.0	1000.0	1257.1023214596048	0.0	0	661.7015263682988	1457.1023214596207	1	0	1	1.058262572179974
192200.0	1000.0	1257.1023214596266	0.0	0	675.8607437483442	1457.1023214596207	1	0	1	1.058262572179974
193200.0	1000.0	1257.1023214596157	0.0	0	663.0602933161426	1457.1023214596207	1	0	1	1.058262572179974
194200.0	1000.0	1257.1023214595948	0.0	0	601.1839385719795	1457.1023214595916	1	0	1	1.0582625721799772
195200.0	1000.0	1257.1023214595675	0.0	0	533.2960428927618	1457.1023214595916	1	0	1	1.0582625721799772
196200.0	1000.0	1257.102321459576	0.0	0	484.43624644129886	1457.1023214595625	1	0	1	1.05826257217998
197200.0	1000.0	1257.1023214595539	0.0	0	489.43622508257977	1457.1023214595625	1	0	1	1.0582625721799788
198200.0	1000.0	1257.1023214595732	0.0	0	409.8886044707033	1457.1023214595916	1	0	1	1.0582625721799783
199200.0	1000.0	1257.1023214595682	0.0	0	603.5832571488572	1457.1023214595916	1	0	1	1.0582625721799772
200200.0	1000.0	1257.1023214595696	0.0	0	613.080884464056	1457.1023214595916	1	0	1	1.0582625721799772
201200.0	1000.0	1257.102321459544	0.0	0	730.5490860035061	1457.1023214595916	1	0	1	1.0582625721799772
202200.0	1000.0	1257.1023214595275	0.0	0	724.8007393954031	1457.1023214595625	1	0	1	1.05826257217998
203200.0	1000.0	1257.1023214594984	0.0	0	655.4107782508072	1457.1023214595334	1	0	1	1.058262572179983
204200.0	1000.0	1257.1023214594807	0.0	0	287.49499166439637	1457.1023214595334	1	0	1	1.058262572179983
205200.0	1000.0	1257.1023214594916	0.0	0	615.3908586295729	1457.1023214595334	1	0	1	1.058262572179983
206200.0	1000.0	1257.1023214594727	0.0	0	208.98799724091077	1457.1023214595043	1	0	1	1.0582625721799845
207331.56680694057	1000.0	1125.5355145189405	0.0	0	0.0	1457.1023214595334	1	0	1	1.058262572179983
208200.0	1000.0	1257.1023214595075	0.0	0	84.10969549510628	1457.1023214595334	1	0	1	1.058262572179983
209200.0	1000.0	1257.1023214595186	0.0	0	277.1626121116278	1457.1023214595625	1	0	1	1.05826257217998
210200.0	1000.0	1257.1023214595089	0.0	0	487.98237737218733	1457.1023214595625	1	0	1	1.05826257217998
211200.0	1000.0	1257.1023214595116	0.0	0	356.6286569463264	1457.1023214595625	1	0	1	1.05826257217998
212200.0	1000.0	1257.102321459524	0.0	0	601.8138442208292	1457.1023214595625	1	0	1	1.05826257217998
213200.0	1000.0	1257.1023214595357	0.0	0	632.9247449541581	1457.1023214595625	1	0	1	1.05826257217998
214200.0	1000.0	1257.1023214595293	0.0	0	505.40767220404814	1457.1023214595334	1	0	1	1.058262572179983
215200.0	1000.0	1257.102321459526	0.0	0	292.0122122098692	1457.1023214595043	1	0	1	1.0582625721799856
216200.0	1000.0	1257.1023214595293	0.0	0	467.7670501957473	1457.1023214594752	1	0	1	1.0582625721799888
217200.0	1000.0	1257.1023214595216	0.0	0	250.0102301860752	1457.102321459446	1	0	1	1.058262572179991
218200.0	1000.0	1257.1023214594952	0.0	0	283.39229494167375	1457.102321459417	1	0	1	1.0582625721799945
219200.0	1000.0	1257.1023214594613	0.0	0	437.9355926749704	1457.102321459388	1	0	1	1.0582625721799963
220200.0	1000.0	1257.1023214594377	0.0	0	459.25907167672995	1457.102321459417	1	0	1	1.0582625721799945
221200.0	1000.0	1257.102321459443	0.0	0	407.75387093349127	1457.102321459446	1	0	1	1.0582625721799914
222200.0	1000.0	1257.1023214594616	0.0	0	430.1063196248433	1457.1023214594752	1	0	1	1.0582625721799899
223200.0	1000.0	1257.102321459449	0.0	0	457.9964343002648	1457.102321459417	1	0	1	1.0582625721799932
224200.0	1000.0	1257.1023214594777	0.0	0	464.01968114305055	1457.102321459417	1	0	1	1.0582625721799945
225200.0	1000.0	1257.102321459473	0.0	0	558.0414091905404	1457.102321459388	1	0	1	1.0582625721799974
226200.0	1000.0	1257.1023214594552	0.0	0	605.7615198327112	1457.102321459388	1	0	1	1.0582625721799974
227200.0	1000.0	1257.1023214594838	0.0	0	636.9830975518853	1457.102321459417	1	0	1	1.0582625721799945
228200.0	1000.0	1257.1023214595136	0.0	0	397.5394454259367	1457.102321459417	1	0	1	1.0582625721799945
229200.0	1000.0	1257.1023214595375	0.0	0	372.92175382521236	1457.102321459417	1	0	1	1.0582625721799945
230200.0	1000.0	1257.1023214595255	0.0	0	422.3668208991003	1457.102321459388	1	0	1	1.0582625721799974
231200.0	1000.0	1257.1023214595323	0.0	0	460.76030294259544	1457.102321459388	1	0	1	1.0582625721799974
232200.0	1000.0	1257.1023214595086	0.0	0	639.5238295175077	1457.102321459388	1	0	1	1.0582625721799974
233200.0	1000.0	1257.1023214594786	0.0	0	495.9471523402899	1457.102321459388	1	0	1	1.0582625721799974
234200.0	1000.0	1257.1023214594777	0.0	0	605.8144533553859	1457.102321459388	1	0	1	1.0582625721799974
235200.0	1000.0	1257.1023214594998	0.0	0	419.59196602265	1457.102321459388	1	0	1	1.0582625721799974
236200.0	1000.0	1257.1023214594936	0.0	0	417.94196800881764	1457.1023214593588	1	0	1	1.0582625721799992
237200.0	1000.0	1257.1023214594954	0.0	0	591.7033267343359	1457.102321459388	1	0	1	1.0582625721799974
238200.0	1000.0	1257.1023214594768	0.0	0	602.2823681940499	1457.102321459388	1	0	1	1.0582625721799974
239200.0	1000.0	1257.1023214594675	0.0	0	492.13997274657595	1457.1023214593588	1	0	1	1.0582625721800003
240200.0	1000.0	1257.1023214594857	0.0	0	193.55641563091194	1457.102321459388	1	0	1	1.0582625721799974
241200.0	1000.0	1257.1023214595236	0.0	0	133.30568258173298	1457.102321459388	1	0	1	1.0582625721799974
242200.0	1000.0	1257.1023214595045	0.0	0	143.2763334986521	1457.102321459388	1	0	1	1.0582625721799974
243200.0	1000.0	1257.102321459522	0.0	0	513.8987727147469	1457.102321459388	1	0	1	1.0582625721799974
244200.0	1000.0	1257.102321459525	0.0	0	561.771168268082	1457.102321459388	1	0	1	1.0582625721799974
245200.0	1000.0	1257.1023214595175	0.0	0	506.4708529333002	1457.102321459388	1	0	1	1.0582625721799974
246200.0	1000.0	1257.1023214595311	0.0	0	641.3522128790501	1457.102321459388	1	0	1	1.0582625721799974
247200.0	1000.0	1257.1023214595216	0.0	0	510.0851085669128	1457.102321459388	1	0	1	1.0582625721799974
248200.0	1000.0	1257.1023214595093	0.0	0	690.6800506421714	1457.102321459388	1	0	1	1.0582625721799974
249200.0	1000.0	1257.1023214595152	0.0	0	674.2804697375104	1457.102321459388	1	0	1	1.0582625721799974
250200.0	1000.0	1257.1023214594916	0.0	0	704.3237003684626	1457.102321459388	1	0	1	1.0582625721799974
251200.0	1000.0	1257.102321459497	0.0	0	662.5217971351522	1457.102321459417	1	0	1	1.0582625721799945
252200.0	1000.0	1257.1023214594936	0.0	0	404.856104086648	1457.102321459417	1	0	1	1.0582625721799945
253200.0	2000.0	1257.102321459487	0.0	0	297.7882174620172	1457.102321459417	1	0	1	1.0582625721799945
254200.0	2000.0	1257.1023214594773	0.0	0	351.2659135046415	1457.102321459446	1	0	1	1.7514097527399366
255200.0	2000.0	1257.1023214594877	0.0	0	360.5633979556442	1457.1023214594752	1	0	1	1.751409752739934
256200.0	2000.0	1257.1023214594777	0.0	0	261.87753666748176	1457.102321459446	1	0	1	1.7514097527399366
257632.9223953315	2000.0	824.1799261280083	0.0	0	0.0	1457.1023214594752	1	0	1	1.751409752739934
258554.4383378993	2000.0	902.663983560225	0.0	0	0.0	1457.1023214594752	1	0	1	1.751409752739934
259627.29279942904	2000.0	829.8095220305188	0.0	0	0.0	1457.1023214594752	1	0	1	1.751409752739934
260260.53017296022	1000.0	1196.5721484993164	0.0	0	0.0	1457.1023214594752	1	0	1	0.3651153916200436
261200.0	1000.0	1257.1023214595218	0.0	0	388.8883671242511	1457.1023214595043	1	0	1	1.0582625721799868
262200.0	1000.0	1257.1023214595102	0.0	0	451.4294641755987	1457.1023214595334	1	0	1	1.058262572179984
263200.0	1000.0	1257.1023214595023	0.0	0	570.7666459307657	1457.1023214595334	1	0	1	1.058262572179984
264200.0	1000.0	1257.1023214595277	0.0	0	418.48208926524967	1457.1023214595625	1	0	1	1.0582625721799812
265200.0	1000.0	1257.1023214595764	0.0	0	192.18063470890047	1457.1023214596207	1	0	1	1.0582625721799754
266200.0	1000.0	1257.1023214595632	0.0	0	257.7531679304084	1457.1023214595625	1	0	1	1.05826257217998
267393.48405683803	1000.0	1063.6182646215432	0.0	0	0.0	1457.1023214595043	1	0	1	1.0582625721799856
268212.7119831988	1000.0	1244.3903382608123	0.0	0	0.0	1457.1023214595043	1	0	1	1.0582625721799856
269200.0	1000.0	1257.102321459599	0.0	0	85.58101537456969	1457.1023214595043	1	0	1	1.0582625721799856
270200.0	1000.0	1257.1023214595616	0.0	0	488.5621400595992	1457.1023214595043	1	0	1	1.0582625721799856
271200.0	1000.0	1257.1023214594964	0.0	0	247.68423046724638	1457.102321459446	1	0	1	1.0582625721799914
272200.0	1000.0	1257.1023214595452	0.0	0	312.1878245943226	1457.1023214595043	1	0	1	1.0582625721799868
273200.0	1000.0	1257.1023214595848	0.0	0	529.1479883217253	1457.1023214595043	1	0	1	1.0582625721799856
274200.0	1000.0	1257.1023214596155	0.0	0	263.4930594965699	1457.1023214595043	1	0	1	1.0582625721799856
275200.0	1000.0	1257.1023214596244	0.0	0	37.1065581406001	1457.102321459446	1	0	1	1.0582625721799914
276200.0	1000.0	1257.1023214596444	0.0	0	29.82441766903503	1457.102321459446	1	0	1	1.0582625721799914
277200.0	1000.0	1257.10232145964	0.0	0	277.57905484730145	1457.102321459446	1	0	1	1.0582625721799903
278200.0	1000.0	1257.1023214596296	0.0	0	571.6409901387524	1457.102321459446	1	0	1	1.0582625721799914
279200.0	1000.0	1257.1023214595996	0.0	0	564.0098442892195	1457.102321459388	1	0	1	1.0582625721799974
280200.0	1000.0	1257.1023214596519	0.0	0	585.9299948564731	1457.102321459446	1	0	1	1.0582625721799914
281200.0	1000.0	1257.1023214595812	0.0	0	663.952126530814	1457.102321459446	1	0	1	1.0582625721799914
282200.0	1000.0	1257.1023214595518	0.0	0	771.8897088090889	1457.102321459388	1	0	1	1.0582625721799974
283200.0	1000.0	1257.1023214595473	0.0	0	776.7807920141495	1457.102321459446	1	0	1	1.0582625721799914
284200.0	1000.0	1257.1023214595828	0.0	0	715.3665791236563	1457.102321459446	1	0	1	1.0582625721799914
285200.0	1000.0	1257.1023214596494	0.0	0	702.6170056484989	1457.102321459446	1	0	1	1.0582625721799914
286200.0	1000.0	1257.1023214596912	0.0	0	690.3754200044204	1457.102321459446	1	0	1	1.0582625721799914
287200.0	2000.0	1257.10232145975	0.0	0	436.69745548267383	1457.102321459446	1	0	1	1.0582625721799914
288200.0	2000.0	1257.1023214597649	0.0	0	386.403927350475	1457.102321459446	1	0	1	1.7514097527399366
289200.0	2000.0	1257.1023214597549	0.0	0	321.5051939628902	1457.102321459446	1	0	1	1.7514097527399353
290200.0	2000.0	1257.102321459723	0.0	0	404.2721376765403	1457.102321459446	1	0	1	1.7514097527399342
291200.0	2000.0	1257.102321459697	0.0	0	171.5289813047857	1457.102321459388	1	0	1	1.7514097527399426
292200.0	2000.0	1257.1023214596894	0.0	0	257.9220250280341	1457.102321459388	1	0	1	1.7514097527399417
293200.0	2000.0	1257.1023214596712	0.0	0	366.4179507687222	1457.102321459388	1	0	1	1.7514097527399404
294200.0	2000.0	1257.1023214596291	0.0	0	375.21634129149606	1457.1023214593297	1	0	1	1.7514097527399461
295200.0	2000.0	1257.1023214596476	0.0	0	249.01031101850094	1457.1023214593297	1	0	1	1.7514097527399484
296200.0	2000.0	1257.102321459652	0.0	0	278.05113646911923	1457.1023214593297	1	0	1	1.7514097527399484
297200.0	2000.0	1257.10232145959	0.0	0	523.9175074395025	1457.102321459388	1	0	1	1.7514097527399448
298200.0	2000.0	1257.102321459587	0.0	0	388.61613845813554	1457.102321459388	1	0	1	1.7514097527399426
299200.0	2000.0	1257.1023214596087	0.0	0	523.3038232062827	1457.102321459388	1	0	1	1.7514097527399426
300200.0	2000.0	1257.1023214596867	0.0	0	556.3818951860885	1457.102321459388	1	0	1	1.7514097527399426
2.47	2.53	2.9	2.27	1.44	1.25	1.46	1.47	1.56	1.2	1.76	2.36	2.97	3.65	4.26	2.92	2.02	2.5	3.19	3.83	4.31	4.38	2.4	1.55	1.51	1.34	1.26	1.34	1.47	1.91	2.18	1.48	1.9	2.15	1.05	1.48	2.04	2.69	3.23	3.04	3.36	3.82	2.73	1.96	1.63	1.91	2.1	2.77	3.31	3.82	3.56	1.37	2.11	1.9	1.11	1.17	1.48	1.97	1.98	2.21	2.92	3.23	1.55	1.58	1.49	1.76	2.29	2.69	2.33	1.67	2.2	2.42	2.43	1.86	2.64	2.61	1.38	2.41	2.07	2.53	2.46	2.9	2.12	1.56	1.98	2.22	2.32	1.6	1.85	1.34	1.56	2.25	2.26	2.56	2.43	2.95	3.43	3.07	3.36	2.14	2.54	3.13	2.48	2.31	2.2	1.67	2.41	1.75	1.8	2.41	2.84	1.88	1.34	1.66	1.09	0.89	1.39	1.54	1.68	1.85	2.36	2.24	0.83	1.09	1.27	1.84	2.4	3.01	3.7	5.87	8.44	4.37	4.34	3.24	3.9	3.46	1.93	3.73	2.94	3.43	4.05	2.92	2.53	3.09	3.68	4.24	5.03	4.48	3.73	2.18	2.47	2.53	2.9	2.27	1.44	1.25	1.46	1.47	1.56	1.2	1.76	2.36	2.97	3.65	4.26	2.92	2.02	2.5	3.19	3.83	4.31	4.38	2.4	1.55	1.51	1.34	1.26	1.34	1.47	1.91	2.18	1.48	1.9	2.15	1.05	1.48	2.04	2.69	3.23	3.04	3.36	3.82	2.73	1.96	1.63	1.91	2.1	2.77	3.31	3.82	3.56	1.37	2.11	1.9	1.11	1.17	1.48	1.97	1.98	2.21	2.92	3.23	1.55	1.58	1.49	1.76	2.29	2.69	2.33	1.67	2.2	2.42	2.43	1.86	2.64	2.61	1.38	2.41	2.07	2.53	2.46	2.9	2.12	1.56	1.98	2.22	2.32	1.6	1.85	1.34	1.56	2.25	2.26	2.56	2.43	2.95	3.43	3.07	3.36	2.14	2.54	3.13	2.48	2.31	2.2	1.67	2.41	1.75	1.8	2.41	2.84	1.88	1.34	1.66	1.09	0.89	1.39	1.54	1.68	1.85	2.36	2.24	0.83	1.09	1.27	1.84	2.4	3.01	3.7	5.87	8.44	4.37	4.34	3.24	3.9	3.46	1.93	3.73	2.94	3.43	4.05	2.92	2.53	3.09	3.68	4.24	5.03	4.48	3.73	2.18	2.47
1.0	2.0	3.0	4.0	5.0	6.0	7.0	8.0	9.0	10.0	11.0	12.0	13.0	14.0	15.0	16.0	17.0	18.0	19.0	20.0	21.0	22.0	23.0	24.0	25.0	26.0	27.0	28.0	29.0	30.0	31.0	32.0	33.0	34.0	35.0	36.0	37.0	38.0	39.0	40.0	41.0	42.0	43.0	44.0	45.0	46.0	47.0	48.0	49.0	50.0	51.0	52.0	53.0	54.0	55.0	56.0	57.0	58.0	59.0	60.0	61.0	62.0	63.0	64.0	65.0	66.0	67.0	68.0	69.0	70.0	71.0	72.0	73.0	74.0	75.0	76.0	77.0	78.0	79.0	80.0	81.0	82.0	83.0	84.0	85.0	86.0	87.0	88.0	89.0	90.0	91.0	92.0	93.0	94.0	95.0	96.0	97.0	98.0	99.0	100.0	101.0	102.0	103.0	104.0	105.0	106.0	107.0	108.0	109.0	110.0	111.0	112.0	113.0	114.0	115.0	116.0	117.0	118.0	119.0	120.0	121.0	122.0	123.0	124.0	125.0	126.0	127.0	128.0	129.0	130.0	131.0	132.0	133.0	134.0	135.0	136.0	137.0	138.0	139.0	140.0	141.0	142.0	143.0	144.0	145.0	146.0	147.0	148.0	149.0	149.0	150.0	151.0	152.0	153.0	154.0	155.0	156.0	157.0	158.0	159.0	160.0	161.0	162.0	163.0	164.0	165.0	166.0	167.0	168.0	169.0	170.0	171.0	172.0	173.0	174.0	175.0	176.0	177.0	178.0	179.0	180.0	181.0	182.0	183.0	184.0	185.0	186.0	187.0	188.0	189.0	190.0	191.0	192.0	193.0	194.0	195.0	196.0	197.0	198.0	199.0	200.0	201.0	202.0	203.0	204.0	205.0	206.0	207.0	208.0	209.0	210.0	211.0	212.0	213.0	214.0	215.0	216.0	217.0	218.0	219.0	220.0	221.0	222.0	223.0	224.0	225.0	226.0	227.0	228.0	229.0	230.0	231.0	232.0	233.0	234.0	235.0	236.0	237.0	238.0	239.0	240.0	241.0	242.0	243.0	244.0	245.0	246.0	247.0	248.0	249.0	250.0	251.0	252.0	253.0	254.0	255.0	256.0	257.0	258.0	259.0	260.0	261.0	262.0	263.0	264.0	265.0	266.0	267.0	268.0	269.0	270.0	271.0	272.0	273.0	274.0	275.0	276.0	277.0	278.0	279.0	280.0	281.0	282.0	283.0	284.0	285.0	286.0	287.0	288.0	289.0	290.0	291.0	292.0	293.0	294.0	295.0	296.0	297.0	298.0	298.0	299.0
2660.864564949323
