6070.772646559618	300.0	2000.0	188.3878964938093	0	0.0	6070.772646559618	1	0	1	-1.7332959256860654
6217.195512372246	300.0	2838.9348476061086	0.0	0	0.0	6056.130359978355	1	0	2	-1.0059245097400868
6411.227536121902	300.0	3625.4996214814882	0.0	0	0.0	6036.727157603389	1	0	2	-0.8040782488241035
6604.144162883109	300.0	4413.291332044159	0.0	0	0.0	6017.435494927267	1	0	2	-0.8021920738721957
6748.689199658058	300.0	5254.291791591715	0.0	0	0.0	6002.980991249772	1	0	2	-0.8005857914499882
7200.0	300.0	5757.849911215579	0.0	0	260.72515568019753	5957.849911215579	1	0	2	-0.7980946222897144
8200.0	300.0	5657.84991121558	0.0	0	824.8081689286773	5857.849911215579	1	0	2	-0.7897849911215581
9200.0	300.0	5557.84991121558	0.0	0	850.4428132335433	5757.849911215579	1	0	2	-0.7797849911215581
10200.0	300.0	5457.84991121558	0.0	0	804.5304415881947	5657.84991121558	1	0	2	-0.7697849911215582
11200.0	300.0	5357.84991121558	0.0	0	791.5079602059941	5557.84991121558	1	0	2	-0.7597849911215582
12200.0	300.0	5257.849911215582	0.0	0	743.2077292240792	5457.849911215582	1	0	2	-0.7497849911215585
13200.0	300.0	5157.849911215582	0.0	0	795.4826428228589	5357.849911215582	1	0	2	-0.7397849911215586
14200.0	300.0	5057.849911215582	0.0	0	762.6378236670425	5257.849911215584	1	0	2	-0.7297849911215586
15200.0	300.0	4957.849911215582	0.0	0	844.8138500026962	5157.849911215582	1	0	2	-0.7197849911215586
16200.0	300.0	4857.849911215582	0.0	0	836.0463446803897	5057.8499112155805	1	0	2	-0.7097849911215586
17200.0	300.0	4757.8499112155805	0.0	0	782.8132790141481	4957.849911215577	1	0	2	-0.6997849911215581
18200.0	300.0	4657.8499112155805	0.0	0	697.1231785704804	4857.849911215582	1	0	2	-0.6897849911215584
19200.0	300.0	4557.849911215582	0.0	0	729.9381082823311	4757.849911215584	1	0	2	-0.6797849911215588
20200.0	300.0	4457.849911215583	0.0	0	795.0047331990354	4657.849911215588	1	0	2	-0.6697849911215589
21200.0	300.0	4357.849911215583	0.0	0	743.3793078447234	4557.849911215584	1	0	2	-0.6597849911215589
22200.0	300.0	4257.849911215586	0.0	0	723.6941080139113	4457.849911215588	1	0	2	-0.6497849911215589
23200.0	300.0	4157.849911215586	0.0	0	638.2297520804314	4357.849911215584	1	0	2	-0.6397849911215586
24200.0	300.0	4057.8499112155882	0.0	0	662.6685906964703	4257.849911215588	1	0	2	-0.6297849911215591
25200.0	300.0	3957.849911215586	0.0	0	533.6518174396988	4157.849911215588	1	0	2	-0.6196332364354036
26200.0	300.0	3857.84991121559	0.0	0	784.1142350756745	4057.8499112155914	1	0	2	-0.6097849911215592
27200.0	300.0	3757.849911215586	0.0	0	796.7901424239462	3957.849911215588	1	0	2	-0.599784991121559
28200.0	300.0	3657.849911215587	0.0	0	856.3843935574514	3857.849911215588	1	0	2	-0.5897849911215591
29200.0	300.0	3557.8499112155864	0.0	0	810.4594480246597	3757.8499112155914	1	0	2	-0.5797849911215593
30200.0	300.0	3457.8499112155855	0.0	0	821.5344992924947	3657.849911215595	1	0	2	-0.5697849911215596
31200.0	300.0	3357.849911215586	0.0	0	767.8001888507388	3557.849911215595	1	0	2	-0.5597849911215597
32200.0	300.0	3257.8499112155832	0.0	0	836.0047210301091	3457.8499112155914	1	0	2	-0.5497849911215597
33200.0	300.0	3157.8499112155823	0.0	0	786.1716064373286	3357.849911215595	1	0	2	-0.5397849911215598
34200.0	300.0	3057.8499112155796	0.0	0	708.4793326025465	3257.8499112155914	1	0	2	-0.5297849911215596
35200.0	300.0	2957.8499112155764	0.0	0	772.9402024147057	3157.849911215584	1	0	2	-0.519784991121559
36200.0	300.0	2857.8499112155723	0.0	0	783.2438964132307	3057.849911215584	1	0	2	-0.5097849911215582
37200.0	300.0	2757.849911215581	0.0	0	820.6164311262983	2957.8499112155987	1	0	2	-0.4997849911215593
38200.0	300.0	2657.84991121559	0.0	0	717.2552016695772	2857.849911215606	1	0	2	-0.489784991121561
39200.0	300.0	2557.849911215591	0.0	0	751.146850649704	2757.849911215606	1	0	2	-0.47978499112156053
40200.0	300.0	2457.849911215597	0.0	0	756.8613261814244	2657.8499112156132	1	0	2	-0.46978499112156125
41200.0	300.0	2357.8499112155905	0.0	0	754.9269577544765	2557.8499112156132	1	0	2	-0.45978499112156157
42200.0	300.0	2257.8499112155955	0.0	0	693.1286093574454	2457.849911215606	1	0	2	-0.4497849911215614
43200.0	300.0	2157.849911215598	0.0	0	797.6078070403601	2357.849911215606	1	0	2	-0.43978499112156083
44200.0	300.0	2057.8499112155996	0.0	0	815.7228751533112	2257.8499112156205	1	0	2	-0.429784991121562
45200.0	300.0	1957.8499112155891	0.0	0	818.6599419277773	2157.8499112156132	1	0	2	-0.419784991121562
46200.0	300.0	1857.8499112155957	0.0	0	840.3707940407767	2057.8499112156132	1	0	2	-0.4097849911215614
47200.0	300.0	1757.8499112155991	0.0	0	826.5691351516944	1957.8499112156132	1	0	2	-0.39978499112156096
48200.0	300.0	1657.8499112156014	0.0	0	681.5977942378522	1857.8499112156132	1	0	2	-0.3897849911215611
49200.0	300.0	1557.849911215609	0.0	0	706.0186036132363	1757.8499112156132	1	0	2	-0.37978499112156155
50200.0	300.0	1457.8499112156067	0.0	0	563.6686710834911	1657.849911215606	1	0	2	-0.36962882230421285
51200.0	300.0	1357.8499112156055	0.0	0	821.8196869568783	1557.8499112155987	1	0	2	-0.35978499112156037
52200.0	300.0	1257.8499112155996	0.0	0	804.360463443234	1457.8499112155841	1	0	2	-0.3497849911215592
53200.0	300.0	1257.8499112156032	0.0	0	805.6229783058661	1457.8499112155841	1	0	1	-0.3457849911215586
54200.0	300.0	1257.8499112156017	0.0	0	729.7281237059433	1457.8499112155841	1	0	1	-0.14578499112155843
55200.0	500.0	1257.8499112156098	0.0	0	615.160768274196	1457.8499112155841	1	0	1	-0.14578499112155835
56200.0	500.0	1257.8499112156092	0.0	0	626.2391940562084	1457.8499112155841	1	0	1	0.3650406326444323
57200.0	500.0	1257.8499112156096	0.0	0	465.59674876479403	1457.8499112155841	1	0	1	0.3650406326444323
58200.0	500.0	1257.8499112156085	0.0	0	535.7980789464345	1457.8499112155841	1	0	1	0.3650406326444323
59200.0	500.0	1257.8499112156062	0.0	0	724.7113532070434	1457.8499112155841	1	0	1	0.3650406326444323
60200.0	1000.0	1257.8499112156123	0.0	0	295.0497927718461	1457.8499112155841	1	0	1	0.36504063264443243
61200.0	1000.0	1257.8499112156169	0.0	0	561.6175544270009	1457.8499112155841	1	0	1	1.0581878132043778
62200.0	1000.0	1257.8499112156148	0.0	0	558.4631527805614	1457.8499112155841	1	0	1	1.0581878132043778
63200.0	1000.0	1257.8499112156196	0.0	0	304.764475960088	1457.8499112155841	1	0	1	1.0581878132043778
64200.0	1000.0	1257.8499112156223	0.0	0	416.3578476995608	1457.8499112155841	1	0	1	1.0581878132043778
65200.0	1000.0	1257.8499112156314	0.0	0	49.558649079233874	1457.8499112155841	1	0	1	1.0581878132043778
66200.0	1000.0	1257.8499112156353	0.0	0	406.5156342655973	1457.8499112155841	1	0	1	1.058187813204378
67200.0	1000.0	1257.8499112156471	0.0	0	350.1289647810918	1457.8499112155987	1	0	1	1.0581878132043767
68200.0	1000.0	1257.8499112156576	0.0	0	506.3461187920766	1457.8499112155987	1	0	1	1.0581878132043763
69200.0	1000.0	1257.8499112156642	0.0	0	387.94818602067244	1457.8499112155987	1	0	1	1.0581878132043763
70200.0	1000.0	1257.8499112156887	0.0	0	339.65336485460284	1457.8499112155987	1	0	1	1.0581878132043763
71200.0	1000.0	1257.8499112156894	0.0	0	237.1475121871772	1457.8499112155987	1	0	1	1.0581878132043763
72200.0	1000.0	1257.8499112156858	0.0	0	420.093815053624	1457.8499112155841	1	0	1	1.0581878132043778
73200.0	1000.0	1257.8499112156906	0.0	0	474.92382122337585	1457.8499112155841	1	0	1	1.0581878132043778
74200.0	1000.0	1257.8499112156992	0.0	0	468.6118305414566	1457.8499112155841	1	0	1	1.0581878132043778
75200.0	1000.0	1257.8499112157156	0.0	0	371.87779750210757	1457.8499112155841	1	0	1	1.0581878132043778
76200.0	1000.0	1257.8499112157283	0.0	0	364.87672333863156	1457.8499112155841	1	0	1	1.0581878132043778
77200.0	1000.0	1257.849911215739	0.0	0	279.79365519454586	1457.8499112155841	1	0	1	1.0581878132043778
78200.0	1000.0	1257.8499112157474	0.0	0	191.20229770166043	1457.8499112155841	1	0	1	1.0581878132043778
79200.0	1000.0	1257.84991121573	0.0	0	348.49501961471105	1457.8499112155696	1	0	1	1.0581878132043792
80200.0	1000.0	1257.849911215739	0.0	0	444.136711452069	1457.8499112155696	1	0	1	1.0581878132043792
81200.0	1000.0	1257.849911215736	0.0	0	634.528632998321	1457.8499112155841	1	0	1	1.0581878132043778
82200.0	1000.0	1257.849911215748	0.0	0	651.2915375301673	1457.8499112155841	1	0	1	1.0581878132043778
83200.0	1000.0	1257.849911215748	0.0	0	558.9251307223603	1457.8499112155841	1	0	1	1.0581878132043778
84200.0	1000.0	1257.8499112157388	0.0	0	567.3259234985599	1457.8499112155841	1	0	1	1.0581878132043778
85200.0	1000.0	1257.8499112157235	0.0	0	208.41802365257172	1457.8499112155841	1	0	1	1.0581878132043778
86200.0	1000.0	1257.8499112157397	0.0	0	412.58771038640407	1457.8499112155841	1	0	1	1.0581878132043778
87200.0	1000.0	1257.8499112157351	0.0	0	126.49447664633044	1457.8499112155841	1	0	1	1.0581878132043778
88521.58100775587	1000.0	936.2689034598591	0.0	0	0.0	1457.8499112155841	1	0	1	1.0581878132043778
89446.12423932963	1000.0	1011.7256718860946	0.0	0	0.0	1457.8499112155841	1	0	1	1.0581878132043778
90200.0	1000.0	1257.8499112157326	0.0	0	275.7865695782384	1457.8499112155841	1	0	1	1.0581878132043778
91200.0	1000.0	1257.849911215742	0.0	0	607.236889476233	1457.8499112155841	1	0	1	1.0581878132043778
92200.0	1000.0	1257.8499112157274	0.0	0	286.7871192127641	1457.8499112155696	1	0	1	1.0581878132043792
93811.42678481364	1000.0	646.4231264020801	0.0	0	0.0	1457.8499112155696	1	0	1	1.0581878132043792
94719.02226186404	500.0	738.8276493516728	0.0	0	0.0	1457.8499112155696	1	0	1	-0.3281065479155115
95590.51125014435	500.0	867.3386610713518	0.0	0	0.0	1457.8499112155696	1	0	1	0.36504063264443376
96265.14094059344	500.0	1192.708970622263	0.0	0	0.0	1457.8499112155696	1	0	1	0.36504063264443376
97200.0	500.0	1257.8499112156908	0.0	0	512.9891622592113	1457.8499112155696	1	0	1	0.36504063264443376
98200.0	500.0	1257.84991121569	0.0	0	663.4780102697696	1457.8499112155841	1	0	1	0.3650406326444323
99200.0	500.0	1257.8499112157006	0.0	0	657.0936760556651	1457.8499112155841	1	0	1	0.3650406326444323
100200.0	500.0	1257.8499112157028	0.0	0	691.7580975908495	1457.8499112155841	1	0	1	0.3650406326444323
101200.0	500.0	1257.8499112157122	0.0	0	439.48417002375936	1457.8499112155841	1	0	1	0.3650406326444323
102200.0	500.0	1257.8499112157133	0.0	0	607.8261477393971	1457.8499112155841	1	0	1	0.3650406326444323
103200.0	500.0	1257.8499112157144	0.0	0	671.4514294149994	1457.8499112155696	1	0	1	0.36504063264443376
104200.0	500.0	1257.8499112157094	0.0	0	692.5743862153322	1457.8499112155696	1	0	1	0.36504063264443376
105200.0	500.0	1257.8499112157108	0.0	0	474.6960999158473	1457.8499112155696	1	0	1	0.36504063264443376
106200.0	1000.0	1257.849911215712	0.0	0	140.14684352083714	1457.8499112155841	1	0	1	0.36504063264443243
107200.0	1000.0	1257.8499112157167	0.0	0	56.89977942741825	1457.8499112155841	1	0	1	1.0581878132043778
108246.68866093857	1000.0	1211.1612502771436	0.0	0	0.0	1457.8499112155696	1	0	1	1.0581878132043792
109200.0	1000.0	1257.8499112157258	0.0	0	120.63407256775827	1457.8499112155841	1	0	1	1.0581878132043778
110200.0	1000.0	1257.8499112157253	0.0	0	313.07946641325543	1457.8499112155841	1	0	1	1.0581878132043778
111200.0	1000.0	1257.849911215706	0.0	0	90.2654565587145	1457.8499112155841	1	0	1	1.0581878132043778
112200.0	1000.0	1257.8499112156974	0.0	0	318.5338574682828	1457.8499112155696	1	0	1	1.0581878132043792
113200.0	1000.0	1257.849911215709	0.0	0	189.61095504448167	1457.8499112155696	1	0	1	1.0581878132043792
114211.13769381394	1000.0	1246.712217401753	0.0	0	0.0	1457.849911215555	1	0	1	1.0581878132043807
115200.0	1000.0	1257.849911215684	0.0	0	219.09536311557167	1457.849911215555	1	0	1	1.0581878132043807
116200.0	1000.0	1257.8499112156792	0.0	0	251.4332738630619	1457.849911215555	1	0	1	1.0581878132043807
117200.0	1000.0	1257.8499112156796	0.0	0	228.40321947733173	1457.8499112155405	1	0	1	1.0581878132043823
118200.0	1000.0	1257.849911215692	0.0	0	507.52165514709486	1457.8499112155405	1	0	1	1.0581878132043823
119200.0	1000.0	1257.8499112156915	0.0	0	445.28627995436545	1457.8499112155405	1	0	1	1.0581878132043823
120200.0	1000.0	1257.849911215688	0.0	0	442.4985507809761	1457.8499112155405	1	0	1	1.0581878132043823
121200.0	1000.0	1257.8499112156835	0.0	0	302.0260734958283	1457.8499112155405	1	0	1	1.0581878132043823
122200.0	1000.0	1257.8499112156946	0.0	0	393.7260605486954	1457.8499112155405	1	0	1	1.0581878132043823
123200.0	1000.0	1257.8499112156826	0.0	0	493.24430318851955	1457.8499112155405	1	0	1	1.0581878132043823
124200.0	1000.0	1257.849911215688	0.0	0	489.00381179912074	1457.8499112155405	1	0	1	1.0581878132043823
125200.0	1000.0	1257.8499112156926	0.0	0	437.69160398014355	1457.8499112155405	1	0	1	1.0581878132043823
126200.0	1000.0	1257.8499112157078	0.0	0	335.7578624350426	1457.8499112155405	1	0	1	1.0581878132043823
127200.0	1000.0	1257.8499112157083	0.0	0	270.885786230996	1457.849911215526	1	0	1	1.0581878132043836
128200.0	1000.0	1257.849911215702	0.0	0	129.05408043459465	1457.849911215526	1	0	1	1.0581878132043836
129200.0	1000.0	1257.8499112156921	0.0	0	520.7548438311351	1457.849911215526	1	0	1	1.0581878132043836
130200.0	1000.0	1257.8499112157017	0.0	0	562.8994647892396	1457.849911215526	1	0	1	1.0581878132043836
131200.0	1000.0	1257.8499112156992	0.0	0	567.8094192830031	1457.8499112155405	1	0	1	1.0581878132043823
132200.0	1000.0	1257.8499112156924	0.0	0	253.25709475480835	1457.849911215526	1	0	1	1.058187813204383
133200.0	1000.0	1257.8499112156876	0.0	0	9.097242419898976	1457.8499112155114	1	0	1	1.0581878132043852
134200.0	1000.0	1257.84991121568	0.0	0	27.40781015958055	1457.8499112155114	1	0	1	1.0581878132043852
135248.0491708129	1000.0	1209.8007404027846	0.0	0	0.0	1457.8499112155114	1	0	1	1.0581878132043852
137008.78284676565	1000.0	449.0670644500572	0.0	0	0.0	1457.8499112155114	1	0	1	1.0581878132043852
137909.59608633615	500.0	548.2538248795865	0.0	0	0.0	1457.8499112155405	1	0	1	-0.32810654791550875
138723.65724177365	500.0	734.192669442087	0.0	0	0.0	1457.8499112155696	1	0	1	0.36504063264443376
139262.34293624922	500.0	1195.5069749665236	0.0	0	0.0	1457.8499112155696	1	0	1	0.36504063264443376
140200.0	500.0	1257.8499112157554	0.0	0	346.95917893905425	1457.8499112155696	1	0	1	0.36504063264443376
141200.0	500.0	1257.849911215732	0.0	0	577.614919710235	1457.8499112155696	1	0	1	0.36504063264443376
142200.0	500.0	1257.8499112157228	0.0	0	527.3964998215088	1457.8499112155696	1	0	1	0.36504063264443376
143200.0	500.0	1257.8499112157724	0.0	0	657.4562894549163	1457.8499112155696	1	0	1	0.36504063264443376
144200.0	500.0	1257.8499112157665	0.0	0	510.7623878286395	1457.8499112155696	1	0	1	0.36504063264443376
145200.0	500.0	1257.8499112157801	0.0	0	573.8836455290439	1457.8499112155696	1	0	1	0.36504063264443376
146200.0	500.0	1257.8499112158056	0.0	0	600.5192665180948	1457.8499112155696	1	0	1	0.36504063264443376
147200.0	500.0	1257.8499112158272	0.0	0	343.6195416691771	1457.8499112155696	1	0	1	0.36504063264443376
148200.0	500.0	1257.8499112158277	0.0	0	466.29326201431104	1457.8499112155696	1	0	1	0.36504063264443376
149200.0	500.0	1257.8499112157976	0.0	0	674.2357347080833	1457.8499112155696	1	0	1	0.36504063264443376
150200.0	500.0	1257.8499112157926	0.0	0	594.8231648835645	1457.8499112155696	1	0	1	0.36504063264443376
151200.0	1000.0	1257.8499112157745	0.0	0	202.56449423736194	1457.8499112155696	1	0	1	0.36504063264443387
152200.0	1000.0	1257.8499112157713	0.0	0	513.152731829352	1457.8499112155696	1	0	1	1.0581878132043792
153200.0	1000.0	1257.8499112157513	0.0	0	615.3034451438289	1457.8499112155696	1	0	1	1.0581878132043792
154200.0	1000.0	1257.8499112157688	0.0	0	488.4020453513658	1457.8499112155696	1	0	1	1.0581878132043792
155200.0	1000.0	1257.8499112157588	0.0	0	383.57542857932276	1457.8499112155696	1	0	1	1.0581878132043792
156200.0	1000.0	1257.8499112157374	0.0	0	546.5217000717239	1457.8499112155405	1	0	1	1.0581878132043823
157200.0	1000.0	1257.84991121575	0.0	0	540.8872237363248	1457.8499112155405	1	0	1	1.0581878132043823
158200.0	1000.0	1257.8499112157444	0.0	0	431.0714306708833	1457.8499112155405	1	0	1	1.0581878132043823
159200.0	1000.0	1257.8499112157501	0.0	0	247.1724789775908	1457.8499112155696	1	0	1	1.0581878132043805
160200.0	1000.0	1257.8499112157053	0.0	0	143.9070276346465	1457.8499112155405	1	0	1	1.0581878132043816
161200.0	1000.0	1257.8499112157124	0.0	0	443.59474440003396	1457.8499112155405	1	0	1	1.0581878132043823
162200.0	1000.0	1257.8499112157394	0.0	0	430.4667013355938	1457.8499112155696	1	0	1	1.0581878132043792
163200.0	1000.0	1257.849911215732	0.0	0	475.47018103080336	1457.8499112155405	1	0	1	1.0581878132043823
164200.0	1000.0	1257.8499112157638	0.0	0	396.7220452738984	1457.8499112155405	1	0	1	1.0581878132043823
165200.0	1000.0	1257.8499112157392	0.0	0	312.1200962102448	1457.8499112155114	1	0	1	1.0581878132043852
166200.0	1000.0	1257.8499112157256	0.0	0	413.2690025609627	1457.8499112155405	1	0	1	1.0581878132043823
167200.0	1000.0	1257.8499112157367	0.0	0	271.402542442549	1457.8499112155405	1	0	1	1.0581878132043823
168200.0	1000.0	1257.849911215715	0.0	0	129.996718311304	1457.8499112155405	1	0	1	1.0581878132043823
169200.0	1000.0	1257.8499112157037	0.0	0	399.3807081490231	1457.8499112155405	1	0	1	1.0581878132043823
170200.0	1000.0	1257.8499112156692	0.0	0	413.42731166118756	1457.8499112155405	1	0	1	1.0581878132043823
171200.0	1000.0	1257.849911215648	0.0	0	99.11062782793306	1457.8499112155405	1	0	1	1.0581878132043823
172215.79917026474	1000.0	1242.0507409508893	0.0	0	0.0	1457.8499112155405	1	0	1	1.0581878132043823
173384.19500071535	1000.0	1073.6549105002764	0.0	0	0.0	1457.8499112155405	1	0	1	1.0581878132043823
174200.0	1000.0	1257.8499112156373	0.0	0	32.78321701756795	1457.8499112155405	1	0	1	1.0581878132043823
175200.0	1000.0	1257.849911215641	0.0	0	404.93078540154966	1457.8499112155405	1	0	1	1.0581878132043823
176200.0	1000.0	1257.8499112156724	0.0	0	453.8943631579459	1457.8499112155405	1	0	1	1.0581878132043823
177200.0	1000.0	1257.8499112156642	0.0	0	502.6896594094869	1457.8499112155405	1	0	1	1.0581878132043823
178200.0	1000.0	1257.8499112156485	0.0	0	480.5875032702461	1457.8499112155114	1	0	1	1.0581878132043852
179200.0	1000.0	1257.8499112156358	0.0	0	446.7263712652202	1457.8499112155114	1	0	1	1.0581878132043852
180200.0	1000.0	1257.8499112156617	0.0	0	370.0597701006336	1457.8499112155405	1	0	1	1.0581878132043823
181200.0	1000.0	1257.849911215687	0.0	0	551.2861754733021	1457.8499112155405	1	0	1	1.0581878132043823
182200.0	1000.0	1257.8499112156767	0.0	0	139.68314879373065	1457.8499112155114	1	0	1	1.058187813204384
183200.0	1000.0	1257.8499112156928	0.0	0	279.149856181175	1457.8499112155405	1	0	1	1.0581878132043823
184200.0	1000.0	1257.8499112156915	0.0	0	121.21510194471921	1457.8499112155405	1	0	1	1.0581878132043823
185200.0	1000.0	1257.8499112156749	0.0	0	171.1277861285489	1457.8499112155114	1	0	1	1.0581878132043852
186200.0	1000.0	1257.8499112156926	0.0	0	517.3631768779305	1457.8499112155114	1	0	1	1.0581878132043852
187200.0	1000.0	1257.8499112156985	0.0	0	425.62339454217	1457.8499112155114	1	0	1	1.0581878132043852
188200.0	1000.0	1257.8499112157047	0.0	0	367.3889294130204	1457.8499112155114	1	0	1	1.0581878132043852
189200.0	1000.0	1257.8499112157315	0.0	0	267.0263529440854	1457.8499112155114	1	0	1	1.0581878132043852
190200.0	1000.0	1257.8499112157324	0.0	0	60.90249447157839	1457.8499112155114	1	0	1	1.0581878132043852
191200.0	1000.0	1257.8499112157258	0.0	0	140.37896281966823	1457.8499112154823	1	0	1	1.058187813204388
192200.0	1000.0	1257.8499112157067	0.0	0	282.33496656181524	1457.8499112154823	1	0	1	1.058187813204388
193200.0	1000.0	1257.8499112156937	0.0	0	611.7168885385618	1457.8499112154823	1	0	1	1.058187813204388
194200.0	1000.0	1257.8499112156549	0.0	0	469.9461456553254	1457.8499112154532	1	0	1	1.058187813204391
195200.0	1000.0	1257.8499112156774	0.0	0	617.3510683777276	1457.8499112154532	1	0	1	1.058187813204391
196200.0	1000.0	1257.849911215679	0.0	0	319.5637570899271	1457.8499112154823	1	0	1	1.058187813204388
197200.0	1000.0	1257.8499112157	0.0	0	290.0214404592407	1457.8499112154823	1	0	1	1.058187813204388
198200.0	1000.0	1257.8499112157115	0.0	0	220.44147642698954	1457.8499112154823	1	0	1	1.058187813204388
199214.86437535938	1000.0	1242.9855358563116	0.0	0	0.0	1457.8499112154823	1	0	1	1.058187813204388
200200.0	1000.0	1257.849911215676	0.0	0	561.0463203096879	1457.8499112155114	1	0	1	1.0581878132043852
201200.0	1000.0	1257.849911215651	0.0	0	282.31119289793423	1457.8499112155114	1	0	1	1.0581878132043852
202200.0	1000.0	1257.8499112156308	0.0	0	427.0558114583255	1457.8499112155114	1	0	1	1.0581878132043852
203200.0	1000.0	1257.8499112156144	0.0	0	269.343901204702	1457.8499112155114	1	0	1	1.0581878132043852
204200.0	1000.0	1257.8499112156246	0.0	0	587.7580763144069	1457.8499112155114	1	0	1	1.0581878132043852
205200.0	1000.0	1257.8499112156342	0.0	0	217.80662223804393	1457.8499112155114	1	0	1	1.0581878132043852
206200.0	1000.0	1257.849911215633	0.0	0	69.7709229728207	1457.8499112154823	1	0	1	1.058187813204388
207200.0	1000.0	1257.8499112156526	0.0	0	163.86959572523483	1457.8499112154823	1	0	1	1.058187813204388
208200.0	1000.0	1257.8499112156348	0.0	0	487.62639329311787	1457.8499112154532	1	0	1	1.058187813204391
209200.0	1000.0	1257.8499112156342	0.0	0	471.4703329129552	1457.8499112154532	1	0	1	1.058187813204391
210200.0	1000.0	1257.849911215657	0.0	0	272.43445340311155	1457.8499112154532	1	0	1	1.058187813204391
211200.0	1000.0	1257.8499112156453	0.0	0	249.3576094955497	1457.8499112154532	1	0	1	1.058187813204391
212200.0	1000.0	1257.84991121564	0.0	0	366.3141778386489	1457.8499112154532	1	0	1	1.058187813204391
213200.0	1000.0	1257.849911215643	0.0	0	481.75251409230987	1457.8499112154532	1	0	1	1.058187813204391
214200.0	1000.0	1257.8499112156196	0.0	0	52.47325924001052	1457.8499112154532	1	0	1	1.058187813204391
215200.0	1000.0	1257.849911215659	0.0	0	94.20413427325548	1457.8499112154532	1	0	1	1.058187813204391
216200.0	1000.0	1257.8499112156505	0.0	0	363.23283213510877	1457.8499112154532	1	0	1	1.058187813204391
217200.0	1000.0	1257.8499112156496	0.0	0	457.439798324398	1457.8499112154532	1	0	1	1.058187813204391
218200.0	1000.0	1257.8499112156355	0.0	0	556.21383949343	1457.8499112154532	1	0	1	1.058187813204391
219200.0	1000.0	1257.8499112156414	0.0	0	550.2932225124969	1457.8499112154532	1	0	1	1.058187813204391
220200.0	1000.0	1257.8499112156194	0.0	0	244.6686163378763	1457.849911215424	1	0	1	1.0581878132043938
221200.0	1000.0	1257.8499112156458	0.0	0	419.3852335429983	1457.849911215395	1	0	1	1.0581878132043967
222200.0	1000.0	1257.8499112156496	0.0	0	506.18031844188226	1457.849911215424	1	0	1	1.0581878132043938
223200.0	1000.0	1257.8499112156724	0.0	0	548.7148177187191	1457.849911215424	1	0	1	1.0581878132043938
224200.0	1000.0	1257.8499112156783	0.0	0	330.43566619371995	1457.849911215424	1	0	1	1.0581878132043938
225200.0	1000.0	1257.8499112156915	0.0	0	291.34787737965235	1457.8499112154532	1	0	1	1.058187813204392
226200.0	1000.0	1257.8499112156733	0.0	0	515.3383046922099	1457.8499112154532	1	0	1	1.058187813204391
227200.0	1000.0	1257.8499112156733	0.0	0	290.86113755209954	1457.8499112154532	1	0	1	1.058187813204391
228200.0	1000.0	1257.8499112156726	0.0	0	313.106087416003	1457.8499112154532	1	0	1	1.058187813204391
229200.0	1000.0	1257.849911215658	0.0	0	399.4405120308802	1457.8499112154532	1	0	1	1.058187813204391
230200.0	1000.0	1257.8499112156428	0.0	0	611.0245060615125	1457.8499112154532	1	0	1	1.058187813204391
231200.0	1000.0	1257.8499112156428	0.0	0	570.6291771310207	1457.8499112154532	1	0	1	1.058187813204391
232200.0	1000.0	1257.8499112156132	0.0	0	643.0621043869469	1457.8499112154532	1	0	1	1.058187813204391
233200.0	1000.0	1257.8499112156208	0.0	0	364.57541710609803	1457.8499112154532	1	0	1	1.058187813204391
234200.0	1000.0	1257.8499112156412	0.0	0	412.7798795281269	1457.8499112154532	1	0	1	1.058187813204391
235200.0	1000.0	1257.849911215648	0.0	0	317.043235555524	1457.8499112154532	1	0	1	1.058187813204391
236596.25265833965	1000.0	861.5972528759711	0.0	0	0.0	1457.8499112154532	1	0	1	1.058187813204391
237950.44504628022	1000.0	507.404864935438	0.0	0	0.0	1457.8499112154823	1	0	1	1.058187813204388
238586.97518393837	1000.0	870.8747272773062	0.0	0	0.0	1457.8499112154532	1	0	1	1.058187813204391
239200.0	1000.0	1257.8499112156676	0.0	0	201.91672206611838	1457.8499112154532	1	0	1	1.058187813204391
240200.0	1000.0	1257.8499112156526	0.0	0	514.3540689598012	1457.8499112154532	1	0	1	1.058187813204391
241200.0	1000.0	1257.849911215639	0.0	0	469.2630998684617	1457.8499112154532	1	0	1	1.058187813204391
242794.68410700807	1000.0	663.1658042075398	0.0	0	0.0	1457.8499112154532	1	0	1	1.0581878132043916
243787.34420283974	500.0	670.5057083758669	0.0	0	0.0	1457.8499112154532	1	0	1	-0.32810654791549987
244537.29125933434	500.0	920.5586518812984	0.0	0	0.0	1457.8499112154532	1	0	1	0.3650406326444454
245200.0	500.0	1257.8499112156612	0.0	0	194.2008381697524	1457.8499112154823	1	0	1	0.3650406326444425
246200.0	500.0	1257.84991121564	0.0	0	512.8051037687692	1457.8499112154823	1	0	1	0.3650406326444425
247200.0	500.0	1257.8499112156453	0.0	0	635.5576843650779	1457.8499112154823	1	0	1	0.3650406326444425
248200.0	500.0	1257.8499112156396	0.0	0	660.9661598547536	1457.8499112154823	1	0	1	0.3650406326444425
249200.0	500.0	1257.8499112156767	0.0	0	708.4855468172755	1457.8499112155114	1	0	1	0.36504063264443953
250200.0	500.0	1257.8499112156783	0.0	0	628.7027331889549	1457.8499112155405	1	0	1	0.36504063264443665
251200.0	500.0	1257.8499112156785	0.0	0	658.1729494413012	1457.8499112155405	1	0	1	0.36504063264443665
252200.0	500.0	1257.8499112156585	0.0	0	530.3375758885522	1457.8499112155114	1	0	1	0.36504063264443953
253200.0	500.0	1257.8499112156405	0.0	0	653.4163858566026	1457.8499112155114	1	0	1	0.36504063264443953
254200.0	500.0	1257.849911215615	0.0	0	660.6498814336956	1457.8499112155114	1	0	1	0.36504063264443953
255200.0	1000.0	1257.8499112155869	0.0	0	69.23893076434615	1457.8499112155114	1	0	1	0.3650406326444397
256329.40143243782	1000.0	1128.4484787777712	0.0	0	0.0	1457.8499112155114	1	0	1	1.0581878132043852
257276.47592248002	1000.0	1181.3739887355716	0.0	0	0.0	1457.8499112154823	1	0	1	1.058187813204388
258200.0	1000.0	1257.8499112155598	0.0	0	79.16919298487483	1457.8499112155114	1	0	1	1.0581878132043852
259200.0	1000.0	1257.8499112155423	0.0	0	81.63973036775133	1457.8499112155114	1	0	1	1.0581878132043852
260200.0	1000.0	1257.8499112155407	0.0	0	54.83190655882936	1457.8499112154823	1	0	1	1.058187813204388
261200.0	1000.0	1257.8499112155387	0.0	0	231.73092578552314	1457.8499112154823	1	0	1	1.058187813204388
262200.0	1000.0	1257.8499112154975	0.0	0	381.23646395732067	1457.8499112154823	1	0	1	1.058187813204388
263200.0	1000.0	1257.8499112154727	0.0	0	317.97493606456555	1457.8499112154823	1	0	1	1.0581878132043891
264200.0	1000.0	1257.8499112154434	0.0	0	280.2463937023422	1457.8499112154823	1	0	1	1.058187813204388
265200.0	1000.0	1257.8499112154732	0.0	0	359.3510544281453	1457.8499112154823	1	0	1	1.058187813204388
266200.0	1000.0	1257.8499112154673	0.0	0	337.0715932576568	1457.8499112154823	1	0	1	1.058187813204388
267200.0	1000.0	1257.8499112154573	0.0	0	458.1072687578853	1457.8499112154823	1	0	1	1.058187813204388
268200.0	1000.0	1257.849911215472	0.0	0	125.3752389686415	1457.8499112154823	1	0	1	1.058187813204388
269200.0	1000.0	1257.8499112155237	0.0	0	286.5254888375639	1457.8499112154823	1	0	1	1.058187813204388
270200.0	1000.0	1257.8499112154811	0.0	0	508.2745817370014	1457.849911215424	1	0	1	1.0581878132043938
271200.0	1000.0	1257.8499112154886	0.0	0	460.87461838289164	1457.849911215424	1	0	1	1.0581878132043938
272200.0	1000.0	1257.8499112154943	0.0	0	610.562251727155	1457.849911215424	1	0	1	1.0581878132043938
273200.0	1000.0	1257.8499112155187	0.0	0	599.2424094891176	1457.849911215424	1	0	1	1.0581878132043938
274200.0	1000.0	1257.849911215484	0.0	0	420.59521168936044	1457.8499112153659	1	0	1	1.0581878132043996
275366.81759527314	1000.0	1091.0323159423265	0.0	0	0.0	1457.8499112153659	1	0	1	1.0581878132043996
276200.0	1000.0	1257.8499112154352	0.0	0	161.50145438633626	1457.8499112153659	1	0	1	1.0581878132043996
277200.0	1000.0	1257.8499112153609	0.0	0	149.2587323532207	1457.8499112153077	1	0	1	1.0581878132044042
278200.0	1000.0	1257.8499112153468	0.0	0	554.6683668752667	1457.8499112153077	1	0	1	1.0581878132044056
279200.0	1000.0	1257.8499112153354	0.0	0	587.0009400442941	1457.8499112153077	1	0	1	1.0581878132044056
280200.0	1000.0	1257.849911215352	0.0	0	606.9663492312538	1457.8499112153077	1	0	1	1.0581878132044056
281200.0	1000.0	1257.8499112153515	0.0	0	376.0873455425026	1457.8499112152494	1	0	1	1.0581878132044111
282200.0	1000.0	1257.8499112153268	0.0	0	259.75156814511865	1457.8499112152494	1	0	1	1.0581878132044111
283200.0	1000.0	1257.8499112153168	0.0	0	166.24622258055024	1457.8499112152494	1	0	1	1.0581878132044111
284303.7024296865	1000.0	1154.1474815288443	0.0	0	0.0	1457.8499112153077	1	0	1	1.0581878132044078
285641.909720413	1000.0	815.940190802374	0.0	0	0.0	1457.8499112153077	1	0	1	1.0581878132044056
286571.9349479899	500.0	885.9149632255098	0.0	0	0.0	1457.8499112153077	1	0	1	-0.32810654791548544
287275.62846123526	500.0	1182.2214499801153	0.0	0	0.0	1457.8499112153077	1	0	1	0.36504063264445996
288200.0	500.0	1257.849911215417	0.0	0	86.50817081378773	1457.8499112153659	1	0	1	0.36504063264445413
289200.0	500.0	1257.8499112154313	0.0	0	331.80625339451944	1457.849911215424	1	0	1	0.3650406326444483
290200.0	500.0	1257.8499112154122	0.0	0	489.5860664418433	1457.849911215424	1	0	1	0.3650406326444483
291200.0	500.0	1257.8499112153506	0.0	0	625.401069378946	1457.8499112153659	1	0	1	0.36504063264445413
292200.0	500.0	1257.8499112153224	0.0	0	436.7880629032734	1457.8499112153659	1	0	1	0.36504063264445413
293200.0	500.0	1257.8499112153443	0.0	0	521.0415749145322	1457.8499112153659	1	0	1	0.36504063264445413
294200.0	500.0	1257.849911215351	0.0	0	702.497441316722	1457.8499112153659	1	0	1	0.36504063264445413
295200.0	500.0	1257.8499112152974	0.0	0	443.89789805037435	1457.8499112153659	1	0	1	0.36504063264445413
296200.0	500.0	1257.84991121528	0.0	0	353.6941343146027	1457.8499112153659	1	0	1	0.36504063264445413
297200.0	500.0	1257.8499112152228	0.0	0	427.4882376010646	1457.8499112153077	1	0	1	0.36504063264445996
298200.0	500.0	1257.8499112152272	0.0	0	552.7813446700457	1457.8499112153077	1	0	1	0.36504063264445996
299200.0	1000.0	1257.8499112152347	0.0	0	335.93534019280924	1457.8499112153077	1	0	1	0.3650406326444601
300200.0	1000.0	1257.8499112151796	0.0	0	443.2223588791676	1457.8499112153077	1	0	1	1.0581878132044056
2.17	2.49	2.41	1.69	1.44	1.7	1.86	1.9	1.9	2.28	1.38	1.33	1.09	1.48	1.95	1.34	1.16	1.07	0.79	1.39	1.88	2.49	2.18	1.59	1.48	1.93	1.56	1.2	1.59	1.15	1.84	1.73	1.17	1.41	1.66	1.16	1.33	1.93	2.54	2.99	2.24	1.08	1.17	0.71	2.0	1.74	2.09	1.49	1.87	2.15	1.0	1.03	1.53	1.48	1.75	2.02	1.56	1.73	1.3	1.3	1.78	2.06	2.0	2.07	1.33	1.52	2.07	2.33	1.45	1.34	1.67	1.62	1.69	2.06	2.44	2.32	2.97	2.24	1.63	1.73	1.2	0.76	0.88	1.33	2.09	2.15	1.22	0.65	0.6	0.8	1.03	1.15	1.33	1.69	1.17	1.56	1.48	1.81	1.37	1.26	1.36	0.86	0.9	1.45	1.31	1.1	1.77	1.3	1.33	1.56	1.75	1.82	1.36	1.66	1.75	2.18	2.75	3.17	1.9	1.17	1.17	1.41	1.82	1.88	2.18	1.71	0.97	1.44	1.45	0.65	0.57	0.58	0.65	0.88	1.15	1.42	1.23	1.31	1.8	1.47	0.9	0.94	1.36	1.41	1.67	1.76	2.37	1.68	1.78	1.67	2.17	2.49	2.41	1.69	1.44	1.7	1.86	1.9	1.9	2.28	1.38	1.33	1.09	1.48	1.95	1.34	1.16	1.07	0.79	1.39	1.88	2.49	2.18	1.59	1.48	1.93	1.56	1.2	1.59	1.15	1.84	1.73	1.17	1.41	1.66	1.16	1.33	1.93	2.54	2.99	2.24	1.08	1.17	0.71	2.0	1.74	2.09	1.49	1.87	2.15	1.0	1.03	1.53	1.48	1.75	2.02	1.56	1.73	1.3	1.3	1.78	2.06	2.0	2.07	1.33	1.52	2.07	2.33	1.45	1.34	1.67	1.62	1.69	2.06	2.44	2.32	2.97	2.24	1.63	1.73	1.2	0.76	0.88	1.33	2.09	2.15	1.22	0.65	0.6	0.8	1.03	1.15	1.33	1.69	1.17	1.56	1.48	1.81	1.37	1.26	1.36	0.86	0.9	1.45	1.31	1.1	1.77	1.3	1.33	1.56	1.75	1.82	1.36	1.66	1.75	2.18	2.75	3.17	1.9	1.17	1.17	1.41	1.82	1.88	2.18	1.71	0.97	1.44	1.45	0.65	0.57	0.58	0.65	0.88	1.15	1.42	1.23	1.31	1.8	1.47	0.9	0.94	1.36	1.41	1.67	1.76	2.37
1.0	2.0	3.0	4.0	5.0	6.0	7.0	8.0	9.0	10.0	11.0	12.0	13.0	14.0	15.0	16.0	17.0	18.0	19.0	20.0	21.0	22.0	23.0	24.0	25.0	26.0	27.0	28.0	29.0	30.0	31.0	32.0	33.0	34.0	35.0	36.0	37.0	38.0	39.0	40.0	41.0	42.0	43.0	44.0	45.0	46.0	47.0	48.0	49.0	50.0	51.0	52.0	53.0	54.0	55.0	56.0	57.0	58.0	59.0	60.0	61.0	62.0	63.0	64.0	65.0	66.0	67.0	68.0	69.0	70.0	71.0	72.0	73.0	74.0	75.0	76.0	77.0	78.0	79.0	80.0	81.0	82.0	83.0	84.0	85.0	86.0	87.0	88.0	89.0	90.0	91.0	92.0	93.0	94.0	95.0	96.0	97.0	98.0	99.0	100.0	101.0	102.0	103.0	104.0	105.0	106.0	107.0	108.0	109.0	110.0	111.0	112.0	113.0	114.0	115.0	116.0	117.0	118.0	119.0	120.0	121.0	122.0	123.0	124.0	125.0	126.0	127.0	128.0	129.0	130.0	131.0	132.0	133.0	134.0	135.0	136.0	137.0	138.0	139.0	140.0	141.0	142.0	143.0	144.0	145.0	146.0	147.0	148.0	149.0	149.0	150.0	151.0	152.0	153.0	154.0	155.0	156.0	157.0	158.0	159.0	160.0	161.0	162.0	163.0	164.0	165.0	166.0	167.0	168.0	169.0	170.0	171.0	172.0	173.0	174.0	175.0	176.0	177.0	178.0	179.0	180.0	181.0	182.0	183.0	184.0	185.0	186.0	187.0	188.0	189.0	190.0	191.0	192.0	193.0	194.0	195.0	196.0	197.0	198.0	199.0	200.0	201.0	202.0	203.0	204.0	205.0	206.0	207.0	208.0	209.0	210.0	211.0	212.0	213.0	214.0	215.0	216.0	217.0	218.0	219.0	220.0	221.0	222.0	223.0	224.0	225.0	226.0	227.0	228.0	229.0	230.0	231.0	232.0	233.0	234.0	235.0	236.0	237.0	238.0	239.0	240.0	241.0	242.0	243.0	244.0	245.0	246.0	247.0	248.0	249.0	250.0	251.0	252.0	253.0	254.0	255.0	256.0	257.0	258.0	259.0	260.0	261.0	262.0	263.0	264.0	265.0	266.0	267.0	268.0	269.0	270.0	271.0	272.0	273.0	274.0	275.0	276.0	277.0	278.0	279.0	280.0	281.0	282.0	283.0	284.0	285.0	286.0	287.0	288.0	289.0	290.0	291.0	292.0	293.0	294.0	295.0	296.0
5704.695789457163
