3373.7068926009747	300.0	2000.0	214.3473850182615	0	0.0	3373.7068926009747	1	0	1	-1.6186001321437682
3523.7060128841363	300.0	2835.0009676885225	0.0	0	0.0	3358.7069805726583	1	0	2	-0.7361835481144445
4200.0	300.0	3091.077581861072	0.0	0	474.0106389782354	3291.0775818610714	1	0	2	-0.5325378377421165
5200.0	300.0	2991.077581861071	0.0	0	757.711312665354	3191.0775818610705	1	0	2	-0.5231077581861074
6200.0	300.0	2891.0775818610696	0.0	0	615.744969964765	3091.077581861069	1	0	2	-0.5131077581861072
7200.0	300.0	2791.077581861069	0.0	0	569.3850052794814	2991.077581861069	1	0	2	-0.5030428517362967
8200.0	300.0	2691.0775818610696	0.0	0	711.0089156602498	2891.0775818610673	1	0	2	-0.493107758186107
9200.0	300.0	2591.077581861069	0.0	0	631.8473957790684	2791.0775818610655	1	0	2	-0.48310775818610685
10200.0	300.0	2491.0775818610696	0.0	0	741.4522999552773	2691.0775818610646	1	0	2	-0.47310775818610673
11200.0	300.0	2391.077581861071	0.0	0	752.3684341712087	2591.0775818610637	1	0	2	-0.46310775818610667
12200.0	300.0	2291.0775818610696	0.0	0	872.1169776050538	2491.077581861062	1	0	2	-0.45310775818610655
13200.0	300.0	2191.077581861072	0.0	0	818.2061921836721	2391.0775818610637	1	0	2	-0.44310775818610654
14200.0	300.0	2091.0775818610714	0.0	0	813.3119749434463	2291.077581861062	1	0	2	-0.4331077581861066
15200.0	300.0	1991.0775818610716	0.0	0	772.9038073157171	2191.077581861062	1	0	2	-0.4231077581861064
16200.0	300.0	1891.0775818610737	0.0	0	658.6523237627098	2091.077581861062	1	0	2	-0.4131077581861064
17200.0	300.0	1791.0775818610682	0.0	0	730.3972551879415	1991.0775818610564	1	0	2	-0.4031077581861061
18200.0	300.0	1691.0775818610691	0.0	0	766.9434233624524	1891.0775818610527	1	0	2	-0.39310775818610566
19200.0	300.0	1591.0775818610684	0.0	0	818.2052874349356	1791.0775818610564	1	0	2	-0.3831077581861059
20200.0	300.0	1491.0775818610687	0.0	0	798.1277870070226	1691.0775818610527	1	0	2	-0.3731077581861057
21200.0	300.0	1391.0775818610687	0.0	0	773.2819138429477	1591.0775818610527	1	0	2	-0.3631077581861056
22200.0	300.0	1291.0775818610705	0.0	0	817.7858219967165	1491.0775818610527	1	0	2	-0.3531077581861057
23200.0	300.0	1291.0775818610678	0.0	0	691.918318866723	1491.0775818610527	1	0	1	-0.34910775818610545
24200.0	300.0	1291.0775818610666	0.0	0	690.0653571919283	1491.077581861049	1	0	1	-0.14910775818610494
25200.0	500.0	1291.0775818610678	0.0	0	561.0771796389381	1491.077581861049	1	0	1	-0.1491077581861049
26200.0	500.0	1291.0775818610691	0.0	0	689.3821271003835	1491.077581861049	1	0	1	0.36171786557988583
27200.0	500.0	1291.0775818610684	0.0	0	698.0141288504092	1491.077581861049	1	0	1	0.36171786557988583
28200.0	500.0	1291.0775818610698	0.0	0	782.9428484569835	1491.077581861049	1	0	1	0.36171786557988583
29200.0	1000.0	1291.077581861069	0.0	0	533.7729192347979	1491.077581861049	1	0	1	0.36171786557988583
30200.0	1000.0	1291.0775818610662	0.0	0	469.48060744316535	1491.077581861049	1	0	1	1.0548650461398312
31200.0	1000.0	1291.0775818610691	0.0	0	495.9415341265667	1491.0775818610527	1	0	1	1.054865046139831
32200.0	1000.0	1291.0775818610712	0.0	0	129.0877843217495	1491.0775818610527	1	0	1	1.054865046139831
33200.0	1000.0	1291.0775818610728	0.0	0	94.78893929164042	1491.0775818610564	1	0	1	1.0548650461398308
34200.0	1000.0	1291.0775818610791	0.0	0	99.48230057051114	1491.0775818610637	1	0	1	1.0548650461398301
35200.0	1000.0	1291.0775818610757	0.0	0	0.5306081785092829	1491.0775818610564	1	0	1	1.0548650461398303
36200.0	1000.0	1291.077581861078	0.0	0	543.019519831716	1491.0775818610564	1	0	1	1.0548650461398306
37200.0	1000.0	1291.0775818610755	0.0	0	559.7826244833996	1491.0775818610564	1	0	1	1.0548650461398306
38200.0	1000.0	1291.07758186108	0.0	0	436.25138133002474	1491.077581861049	1	0	1	1.0548650461398312
39200.0	1000.0	1291.0775818610762	0.0	0	231.28520407959877	1491.077581861049	1	0	1	1.0548650461398312
40200.0	1000.0	1291.0775818610753	0.0	0	215.0013459297479	1491.077581861049	1	0	1	1.0548650461398312
41200.0	1000.0	1291.0775818610778	0.0	0	473.04974161312566	1491.077581861049	1	0	1	1.0548650461398312
42200.0	1000.0	1291.0775818610775	0.0	0	382.86731857778796	1491.077581861049	1	0	1	1.0548650461398312
43200.0	1000.0	1291.0775818610773	0.0	0	34.41697455356916	1491.077581861049	1	0	1	1.0548650461398312
44200.0	1000.0	1291.07758186108	0.0	0	470.0125714831447	1491.0775818610418	1	0	1	1.0548650461398321
45200.0	1000.0	1291.0775818610846	0.0	0	4.732247855601599	1491.0775818610418	1	0	1	1.0548650461398321
46200.0	1000.0	1291.0775818610878	0.0	0	169.1357039733557	1491.0775818610418	1	0	1	1.0548650461398321
47200.0	1000.0	1291.0775818610812	0.0	0	24.27573479280545	1491.0775818610346	1	0	1	1.0548650461398328
48200.0	1000.0	1291.0775818610848	0.0	0	16.072694065180258	1491.0775818610346	1	0	1	1.0548650461398328
49200.0	1000.0	1291.077581861091	0.0	0	329.83347130723996	1491.0775818610418	1	0	1	1.0548650461398321
50200.0	1000.0	1291.0775818610934	0.0	0	305.1616048450742	1491.0775818610418	1	0	1	1.0548650461398321
51200.0	1000.0	1291.0775818610953	0.0	0	294.33694663592905	1491.0775818610418	1	0	1	1.0548650461398321
52278.253579791475	1000.0	1212.824002069619	0.0	0	0.0	1491.077581861049	1	0	1	1.0548650461398312
53200.0	1000.0	1291.0775818610862	0.0	0	181.90703293810657	1491.077581861049	1	0	1	1.0548650461398312
54361.77430683848	1000.0	1129.303275022601	0.0	0	0.0	1491.077581861049	1	0	1	1.0548650461398312
55254.15888552041	1000.0	1236.9186963406667	0.0	0	0.0	1491.077581861049	1	0	1	1.0548650461398312
56200.0	1000.0	1291.0775818610778	0.0	0	417.85233741093543	1491.077581861049	1	0	1	1.0548650461398312
57200.0	1000.0	1291.0775818610773	0.0	0	385.60338325896737	1491.0775818610564	1	0	1	1.0548650461398306
58200.0	1000.0	1291.077581861078	0.0	0	624.0955041745474	1491.0775818610564	1	0	1	1.0548650461398306
59200.0	1000.0	1291.0775818610794	0.0	0	431.9684326338902	1491.077581861049	1	0	1	1.0548650461398312
60407.66123951923	1000.0	1083.4163423418513	0.0	0	0.0	1491.077581861049	1	0	1	1.0548650461398312
61392.61281619093	1000.0	1098.4647656701454	0.0	0	0.0	1491.077581861049	1	0	1	1.0548650461398312
62556.7539807834	1000.0	934.3236010776701	0.0	0	0.0	1491.077581861049	1	0	1	1.0548650461398312
63552.00347775994	1000.0	939.0741041011215	0.0	0	0.0	1491.077581861049	1	0	1	1.0548650461398312
64255.16623170238	1000.0	1235.9113501586885	0.0	0	0.0	1491.077581861049	1	0	1	1.0548650461398312
65200.0	1000.0	1291.0775818610678	0.0	0	255.2707966168091	1491.0775818610564	1	0	1	1.0548650461398306
66200.0	1000.0	1291.0775818610632	0.0	0	186.6982950848178	1491.0775818610564	1	0	1	1.0548650461398301
67200.0	1000.0	1291.077581861074	0.0	0	292.5292332449317	1491.077581861071	1	0	1	1.0548650461398295
68200.0	1000.0	1291.0775818610718	0.0	0	442.58373658954224	1491.0775818610564	1	0	1	1.0548650461398306
69200.0	1000.0	1291.0775818610578	0.0	0	545.4142873185483	1491.0775818610564	1	0	1	1.0548650461398306
70200.0	1000.0	1291.0775818610578	0.0	0	399.96126103930874	1491.077581861071	1	0	1	1.0548650461398292
71200.0	1000.0	1291.0775818610753	0.0	0	248.36176014668308	1491.077581861071	1	0	1	1.0548650461398292
72200.0	1000.0	1291.0775818610762	0.0	0	339.68890655002906	1491.0775818610564	1	0	1	1.0548650461398306
73200.0	1000.0	1291.077581861069	0.0	0	328.88932413610746	1491.0775818610418	1	0	1	1.0548650461398321
74200.0	1000.0	1291.0775818610673	0.0	0	311.81107976290514	1491.0775818610418	1	0	1	1.0548650461398321
75200.0	1000.0	1291.0775818610605	0.0	0	121.30992090291693	1491.0775818610273	1	0	1	1.0548650461398335
76200.0	1000.0	1291.0775818610402	0.0	0	125.99301383997954	1491.0775818610273	1	0	1	1.0548650461398335
77200.0	1000.0	1291.077581861034	0.0	0	208.60021285401308	1491.0775818610273	1	0	1	1.0548650461398335
78792.97143234735	1000.0	698.1061495136867	0.0	0	0.0	1491.0775818610273	1	0	1	1.0548650461398335
79237.50786126798	500.0	1253.5697205930483	0.0	0	0.0	1491.0775818610273	1	0	1	-0.33142931498005734
80200.0	500.0	1291.077581861029	0.0	0	398.31516973130056	1491.0775818610273	1	0	1	0.361717865579888
81200.0	500.0	1291.0775818610175	0.0	0	700.8421259400056	1491.0775818610273	1	0	1	0.361717865579888
82200.0	500.0	1291.077581861025	0.0	0	688.2934859896632	1491.0775818610273	1	0	1	0.361717865579888
83200.0	500.0	1291.0775818610277	0.0	0	565.8480014432571	1491.0775818610127	1	0	1	0.36171786557988944
84200.0	500.0	1291.0775818610225	0.0	0	501.8123234003142	1491.0775818609982	1	0	1	0.3617178655798909
85200.0	500.0	1291.0775818610082	0.0	0	508.98590855095244	1491.0775818609982	1	0	1	0.3617178655798909
86200.0	500.0	1291.0775818610225	0.0	0	594.7962341983075	1491.0775818609982	1	0	1	0.3617178655798909
87200.0	500.0	1291.0775818610161	0.0	0	753.4797946381441	1491.0775818609982	1	0	1	0.3617178655798909
88200.0	500.0	1291.0775818610327	0.0	0	651.4288984379964	1491.0775818609982	1	0	1	0.3617178655798909
89200.0	500.0	1291.0775818610396	0.0	0	635.9333082500671	1491.0775818609836	1	0	1	0.3617178655798924
90200.0	1000.0	1291.0775818610182	0.0	0	386.1422608917492	1491.0775818609836	1	0	1	0.3617178655798925
91200.0	1000.0	1291.0775818610332	0.0	0	261.66039121866925	1491.0775818609836	1	0	1	1.054865046139838
92330.56530128398	1000.0	1160.5122805770616	0.0	0	0.0	1491.0775818609836	1	0	1	1.054865046139838
93386.57666531217	1000.0	1104.500916548881	0.0	0	0.0	1491.0775818609982	1	0	1	1.0548650461398363
94200.0	1000.0	1291.0775818610405	0.0	0	19.88755408691941	1491.0775818609982	1	0	1	1.0548650461398363
95200.0	1000.0	1291.0775818610377	0.0	0	489.5219408849225	1491.0775818609836	1	0	1	1.054865046139838
96200.0	1000.0	1291.0775818610464	0.0	0	635.8250774748012	1491.0775818609836	1	0	1	1.054865046139838
97200.0	1000.0	1291.077581861064	0.0	0	622.0537862167694	1491.0775818609982	1	0	1	1.0548650461398363
98200.0	1000.0	1291.0775818610825	0.0	0	366.53750020911684	1491.0775818609982	1	0	1	1.0548650461398363
99200.0	1000.0	1291.0775818610857	0.0	0	410.264286599413	1491.0775818610127	1	0	1	1.054865046139835
100245.80701487676	1000.0	1245.2705669843397	0.0	0	0.0	1491.0775818610127	1	0	1	1.054865046139835
101334.8815863267	1000.0	1156.1959955344018	0.0	0	0.0	1491.0775818610127	1	0	1	1.054865046139835
102359.12821660688	1000.0	1131.9493652542112	0.0	0	0.0	1491.0775818609982	1	0	1	1.0548650461398363
103200.0	1000.0	1291.077581861108	0.0	0	215.49101141605934	1491.0775818609982	1	0	1	1.0548650461398363
104200.0	1000.0	1291.0775818611237	0.0	0	587.731749579325	1491.0775818609982	1	0	1	1.0548650461398363
105200.0	1000.0	1291.0775818611335	0.0	0	463.0573492912954	1491.0775818610127	1	0	1	1.054865046139835
106200.0	1000.0	1291.0775818611273	0.0	0	297.55618685210356	1491.0775818609982	1	0	1	1.0548650461398363
107200.0	1000.0	1291.0775818611307	0.0	0	371.8778581483348	1491.0775818609982	1	0	1	1.0548650461398363
108200.0	1000.0	1291.0775818611392	0.0	0	424.15729749493767	1491.0775818610127	1	0	1	1.054865046139835
109200.0	1000.0	1291.077581861127	0.0	0	336.27852958854055	1491.0775818609982	1	0	1	1.0548650461398363
110476.77243243094	1000.0	1014.3051494301903	0.0	0	0.0	1491.0775818609982	1	0	1	1.0548650461398363
111423.02742168502	1000.0	1068.050160176105	0.0	0	0.0	1491.0775818610127	1	0	1	1.054865046139835
112200.0	1000.0	1291.0775818611191	0.0	0	323.1433472769131	1491.0775818610127	1	0	1	1.054865046139835
113200.0	1000.0	1291.0775818611298	0.0	0	462.81946149894793	1491.0775818610127	1	0	1	1.054865046139835
114200.0	1000.0	1291.0775818611446	0.0	0	369.27107546737534	1491.0775818610273	1	0	1	1.0548650461398335
115200.0	1000.0	1291.077581861152	0.0	0	193.168462298112	1491.0775818610273	1	0	1	1.0548650461398335
116200.0	1000.0	1291.0775818611526	0.0	0	182.14481873706973	1491.0775818610273	1	0	1	1.0548650461398335
117200.0	1000.0	1291.0775818611303	0.0	0	504.75013732904335	1491.0775818610273	1	0	1	1.0548650461398335
118200.0	1000.0	1291.077581861125	0.0	0	218.33390503081318	1491.0775818610273	1	0	1	1.0548650461398335
119200.0	1000.0	1291.0775818611432	0.0	0	336.2701738695905	1491.0775818610273	1	0	1	1.0548650461398335
120200.0	1000.0	1291.0775818611476	0.0	0	501.69336650089826	1491.0775818610127	1	0	1	1.054865046139835
121200.0	1000.0	1291.0775818611555	0.0	0	103.24089987674961	1491.0775818610127	1	0	1	1.054865046139835
122200.0	1000.0	1291.0775818611469	0.0	0	300.2814308648667	1491.0775818610127	1	0	1	1.054865046139835
123200.0	1000.0	1291.0775818611328	0.0	0	230.98555519075308	1491.0775818610127	1	0	1	1.054865046139835
124200.0	1000.0	1291.077581861128	0.0	0	224.11057251368766	1491.0775818610127	1	0	1	1.054865046139835
125200.0	1000.0	1291.0775818611319	0.0	0	444.9688555468456	1491.0775818610127	1	0	1	1.054865046139835
126200.0	1000.0	1291.077581861133	0.0	0	78.2398177687428	1491.0775818610127	1	0	1	1.054865046139835
127200.0	1000.0	1291.0775818611214	0.0	0	306.0183726313844	1491.0775818610127	1	0	1	1.054865046139835
128200.0	1000.0	1291.0775818611241	0.0	0	235.29154059557186	1491.0775818610127	1	0	1	1.054865046139835
129694.14327487293	1000.0	796.9343069881876	0.0	0	0.0	1491.0775818610127	1	0	1	1.054865046139835
130492.93887739509	1000.0	998.1387044660332	0.0	0	0.0	1491.0775818610273	1	0	1	1.0548650461398335
131465.2952946018	1000.0	1025.782287259332	0.0	0	0.0	1491.0775818610273	1	0	1	1.0548650461398337
132200.0	1000.0	1291.0775818611055	0.0	0	46.887955331476405	1491.0775818610127	1	0	1	1.0548650461398328
133200.0	1000.0	1291.077581861116	0.0	0	321.7412264427694	1491.0775818610273	1	0	1	1.0548650461398337
134200.0	1000.0	1291.0775818611128	0.0	0	175.32429416503874	1491.0775818610564	1	0	1	1.0548650461398306
135200.0	1000.0	1291.077581861103	0.0	0	401.26907735993154	1491.0775818610564	1	0	1	1.0548650461398306
136200.0	1000.0	1291.0775818610807	0.0	0	466.192560838972	1491.0775818610564	1	0	1	1.0548650461398306
137200.0	1000.0	1291.0775818611085	0.0	0	232.4254938037193	1491.0775818610855	1	0	1	1.0548650461398277
138200.0	1000.0	1291.0775818611266	0.0	0	35.970844465249684	1491.0775818610855	1	0	1	1.0548650461398277
139200.0	1000.0	1291.0775818611119	0.0	0	280.12367072867346	1491.0775818610855	1	0	1	1.0548650461398277
140200.0	1000.0	1291.0775818611287	0.0	0	9.340711086668307	1491.0775818610855	1	0	1	1.0548650461398277
141365.2220539154	1000.0	1125.8555279456987	0.0	0	0.0	1491.0775818610855	1	0	1	1.0548650461398277
142487.9705920944	1000.0	1003.1069897666873	0.0	0	0.0	1491.0775818610564	1	0	1	1.0548650461398306
143381.86891530568	1000.0	1109.208666555413	0.0	0	0.0	1491.0775818610564	1	0	1	1.0548650461398306
144200.0	1000.0	1291.0775818610855	0.0	0	301.6333845310437	1491.0775818610564	1	0	1	1.0548650461398306
145200.0	1000.0	1291.077581861045	0.0	0	125.08408764805063	1491.0775818610564	1	0	1	1.0548650461398306
146200.0	1000.0	1291.0775818610207	0.0	0	292.05641129089054	1491.0775818610564	1	0	1	1.0548650461398306
147200.0	1000.0	1291.0775818610189	0.0	0	445.9891877049522	1491.0775818610564	1	0	1	1.0548650461398306
148200.0	1000.0	1291.077581861031	0.0	0	94.10872507301974	1491.0775818610564	1	0	1	1.0548650461398306
149200.0	1000.0	1291.0775818610418	0.0	0	214.2851652627578	1491.0775818610564	1	0	1	1.0548650461398306
150200.0	1000.0	1291.077581861024	0.0	0	626.5322549823904	1491.0775818610564	1	0	1	1.0548650461398306
151200.0	1000.0	1291.0775818610095	0.0	0	440.90341093874304	1491.0775818610564	1	0	1	1.0548650461398306
152200.0	1000.0	1291.0775818610398	0.0	0	426.8866814909561	1491.0775818610564	1	0	1	1.0548650461398306
153200.0	1000.0	1291.0775818610218	0.0	0	455.14052703932975	1491.0775818610564	1	0	1	1.0548650461398306
154448.190857378	1000.0	1042.8867244830049	0.0	0	0.0	1491.0775818610564	1	0	1	1.0548650461398306
155398.79865296345	1000.0	1092.2789288975532	0.0	0	0.0	1491.0775818610564	1	0	1	1.0548650461398306
156923.1238587541	1000.0	567.9537231069214	0.0	0	0.0	1491.0775818610855	1	0	1	1.0548650461398277
157927.36685302842	1000.0	563.7107288326029	0.0	0	0.0	1491.0775818611146	1	0	1	1.0548650461398248
158249.80207049943	500.0	1241.2755113615729	0.0	0	0.0	1491.0775818611146	1	0	1	-0.3314293149800662
159200.0	500.0	1291.0775818610362	0.0	0	505.657184560172	1491.0775818611146	1	0	1	0.3617178655798793
160200.0	500.0	1291.0775818610393	0.0	0	709.0943087286141	1491.0775818611437	1	0	1	0.3617178655798764
161200.0	500.0	1291.077581861038	0.0	0	746.4159745303041	1491.0775818611437	1	0	1	0.3617178655798764
162200.0	500.0	1291.077581861052	0.0	0	736.6160329260456	1491.0775818611437	1	0	1	0.3617178655798764
163200.0	500.0	1291.0775818610737	0.0	0	609.771495331428	1491.0775818611728	1	0	1	0.3617178655798735
164200.0	500.0	1291.0775818611187	0.0	0	662.022760826163	1491.0775818611728	1	0	1	0.3617178655798735
165200.0	500.0	1291.0775818611414	0.0	0	529.2617428668309	1491.0775818611728	1	0	1	0.3617178655798735
166200.0	1000.0	1291.0775818611512	0.0	0	17.27842140404391	1491.077581861202	1	0	1	0.36171786557987057
167200.0	1000.0	1291.0775818611348	0.0	0	190.90187515623984	1491.077581861202	1	0	1	1.054865046139816
168200.0	1000.0	1291.0775818611437	0.0	0	572.0720057693252	1491.077581861202	1	0	1	1.054865046139816
169200.0	1000.0	1291.0775818611598	0.0	0	118.02453634652193	1491.077581861202	1	0	1	1.0548650461398141
170200.0	1000.0	1291.077581861136	0.0	0	202.5255253710202	1491.077581861202	1	0	1	1.054865046139816
171200.0	1000.0	1291.0775818611423	0.0	0	448.39420076922397	1491.077581861231	1	0	1	1.054865046139813
172200.0	1000.0	1291.0775818611546	0.0	0	31.227738758083433	1491.0775818612601	1	0	1	1.0548650461398101
173200.0	1000.0	1291.077581861167	0.0	0	155.38645527031622	1491.0775818612601	1	0	1	1.0548650461398101
174200.0	1000.0	1291.0775818612085	0.0	0	442.8182119468984	1491.0775818612892	1	0	1	1.0548650461398075
175200.0	1000.0	1291.0775818612535	0.0	0	262.47653310370515	1491.0775818613183	1	0	1	1.0548650461398044
176200.0	1000.0	1291.0775818612492	0.0	0	377.0486489511095	1491.0775818613183	1	0	1	1.0548650461398044
177200.0	1000.0	1291.0775818612362	0.0	0	395.22920919267926	1491.0775818613183	1	0	1	1.0548650461398044
178200.0	1000.0	1291.077581861223	0.0	0	498.3090230192174	1491.0775818613183	1	0	1	1.0548650461398044
179200.0	1000.0	1291.077581861187	0.0	0	644.3305846835428	1491.0775818613183	1	0	1	1.0548650461398044
180200.0	1000.0	1291.0775818611787	0.0	0	487.6166886402352	1491.0775818612892	1	0	1	1.0548650461398075
181200.03101508206	1000.0	1291.0465667791254	0.0	0	0.0	1491.0775818613183	1	0	1	1.0548650461398044
182200.0	1000.0	1291.0775818612128	0.0	0	133.9991652870085	1491.0775818613474	1	0	1	1.0548650461398015
183200.0	1000.0	1291.0775818611921	0.0	0	108.70425589504885	1491.0775818613183	1	0	1	1.0548650461398044
184223.37510703885	1000.0	1267.7024748223248	0.0	0	0.0	1491.0775818613183	1	0	1	1.0548650461398044
185200.0	1000.0	1291.0775818611833	0.0	0	268.4723005295673	1491.0775818613183	1	0	1	1.0548650461398044
186200.0	1000.0	1291.077581861177	0.0	0	492.40989083837485	1491.0775818613183	1	0	1	1.0548650461398044
187200.0	1000.0	1291.0775818611994	0.0	0	494.3315071553807	1491.0775818613474	1	0	1	1.0548650461398015
188200.0	1000.0	1291.0775818612037	0.0	0	457.59261604733183	1491.0775818613474	1	0	1	1.0548650461398015
189200.0	1000.0	1291.0775818611864	0.0	0	235.00061325536808	1491.0775818613474	1	0	1	1.0548650461398015
190200.0	1000.0	1291.0775818612024	0.0	0	566.789497151738	1491.0775818613474	1	0	1	1.0548650461398015
191200.0	1000.0	1291.077581861178	0.0	0	379.6605306790443	1491.0775818613474	1	0	1	1.0548650461398015
192200.0	1000.0	1291.077581861148	0.0	0	269.85147196115577	1491.0775818613183	1	0	1	1.0548650461398044
193200.0	1000.0	1291.0775818611546	0.0	0	331.16590621491196	1491.0775818613183	1	0	1	1.0548650461398044
194200.0	1000.0	1291.0775818611555	0.0	0	340.7534129382111	1491.0775818613183	1	0	1	1.0548650461398044
195200.0	1000.0	1291.0775818611457	0.0	0	156.69026397838024	1491.0775818613183	1	0	1	1.0548650461398044
196200.0	1000.0	1291.0775818611567	0.0	0	424.2095932462835	1491.0775818613474	1	0	1	1.0548650461398015
197200.0	1000.0	1291.0775818611587	0.0	0	87.31269295612583	1491.0775818613474	1	0	1	1.0548650461398015
198200.0	1000.0	1291.077581861156	0.0	0	492.2191729810438	1491.0775818613183	1	0	1	1.0548650461398044
199200.0	1000.0	1291.0775818611648	0.0	0	337.1169092915661	1491.0775818613183	1	0	1	1.0548650461398044
200200.0	1000.0	1291.0775818611658	0.0	0	390.00887388174306	1491.0775818613183	1	0	1	1.0548650461398044
201200.0	1000.0	1291.0775818611748	0.0	0	29.878235964803025	1491.0775818613474	1	0	1	1.0548650461398015
202293.04341473698	1000.0	1198.0341671241854	0.0	0	0.0	1491.0775818613474	1	0	1	1.0548650461398015
203484.8455937402	1000.0	1006.231988120989	0.0	0	0.0	1491.0775818613474	1	0	1	1.0548650461398015
204290.05758470643	1000.0	1201.019997154795	0.0	0	0.0	1491.0775818613474	1	0	1	1.0548650461398015
205200.0	1000.0	1291.0775818612526	0.0	0	197.87167736201081	1491.0775818613474	1	0	1	1.0548650461398015
206200.0	1000.0	1291.0775818612456	0.0	0	409.3621698450297	1491.0775818613474	1	0	1	1.0548650461398015
207200.0	1000.0	1291.0775818612653	0.0	0	638.9580842654686	1491.0775818613474	1	0	1	1.0548650461398015
208200.0	1000.0	1291.0775818612672	0.0	0	320.30107484784094	1491.0775818613474	1	0	1	1.0548650461398015
209456.26306950717	1000.0	1034.8145123540785	0.0	0	0.0	1491.0775818613765	1	0	1	1.0548650461397986
210767.98718362345	1000.0	723.0903982378111	0.0	0	0.0	1491.0775818613474	1	0	1	1.0548650461398015
211884.92218645377	1000.0	606.155395407505	0.0	0	0.0	1491.0775818613474	1	0	1	1.0548650461398015
212557.78609007542	1000.0	933.2914917858325	0.0	0	0.0	1491.0775818613474	1	0	1	1.0548650461398015
213231.6254515118	1000.0	1259.452130349444	0.0	0	0.0	1491.0775818613474	1	0	1	1.0548650461398015
214200.0	1000.0	1291.0775818612783	0.0	0	216.17832921657828	1491.0775818614056	1	0	1	1.054865046139798
215200.0	1000.0	1291.0775818612572	0.0	0	234.2309840026137	1491.0775818614056	1	0	1	1.0548650461397957
216200.0	1000.0	1291.0775818612287	0.0	0	238.21774524755892	1491.0775818614056	1	0	1	1.0548650461397957
217200.0	1000.0	1291.0775818612	0.0	0	568.7238519391685	1491.0775818614056	1	0	1	1.0548650461397957
218200.0	1000.0	1291.0775818612128	0.0	0	489.3565636941057	1491.0775818614347	1	0	1	1.0548650461397926
219200.0	1000.0	1291.0775818612135	0.0	0	116.92683112373925	1491.0775818614347	1	0	1	1.0548650461397926
220200.0	1000.0	1291.0775818612212	0.0	0	181.29516281816177	1491.0775818614638	1	0	1	1.05486504613979
221200.0	1000.0	1291.0775818612062	0.0	0	105.3309547600511	1491.0775818614638	1	0	1	1.05486504613979
222200.0	1000.0	1291.0775818612008	0.0	0	435.14663428242784	1491.0775818614638	1	0	1	1.05486504613979
223200.0	1000.0	1291.0775818611571	0.0	0	282.66605623069336	1491.077581861493	1	0	1	1.054865046139787
224200.0	1000.0	1291.0775818611396	0.0	0	120.6285236691474	1491.0775818614638	1	0	1	1.05486504613979
225200.0	1000.0	1291.0775818611398	0.0	0	68.88660872486071	1491.0775818614347	1	0	1	1.0548650461397908
226200.0	1000.0	1291.0775818611503	0.0	0	92.11505183199188	1491.0775818614638	1	0	1	1.0548650461397917
227510.78662082728	1000.0	980.2909610338941	0.0	0	0.0	1491.0775818614347	1	0	1	1.0548650461397926
228200.0	500.0	1291.077581861128	0.0	0	44.036284558445914	1491.0775818613765	1	0	1	-0.33142931498009287
229200.0	500.0	1291.0775818611075	0.0	0	549.0292381983309	1491.0775818613474	1	0	1	0.36171786557985597
230200.0	500.0	1291.0775818610841	0.0	0	667.1661074121948	1491.0775818613474	1	0	1	0.36171786557985597
231200.0	500.0	1291.0775818611114	0.0	0	618.7645366670622	1491.0775818613474	1	0	1	0.36171786557985597
232200.0	500.0	1291.0775818611346	0.0	0	552.0324237153109	1491.0775818613474	1	0	1	0.36171786557985597
233200.0	500.0	1291.0775818611335	0.0	0	361.7797098585288	1491.0775818613474	1	0	1	0.36171786557985597
234200.0	500.0	1291.0775818611078	0.0	0	584.1152129514376	1491.0775818613474	1	0	1	0.36171786557985597
235200.0	500.0	1291.0775818611178	0.0	0	674.0413583329937	1491.0775818613474	1	0	1	0.36171786557985597
236200.0	500.0	1291.0775818611214	0.0	0	704.5047027491091	1491.0775818613474	1	0	1	0.36171786557985597
237200.0	500.0	1291.0775818611166	0.0	0	720.1746140518226	1491.0775818613183	1	0	1	0.3617178655798589
238200.0	500.0	1291.077581861106	0.0	0	666.4899479130399	1491.0775818613183	1	0	1	0.3617178655798589
239200.0	1000.0	1291.0775818611387	0.0	0	224.1567860757932	1491.0775818613474	1	0	1	0.3617178655798561
240200.0	1000.0	1291.0775818611503	0.0	0	319.8128021872253	1491.0775818613474	1	0	1	1.0548650461398015
241200.0	1000.0	1291.0775818611644	0.0	0	181.78903425118187	1491.0775818613183	1	0	1	1.0548650461398044
242224.4053691383	1000.0	1266.6722127229216	0.0	0	0.0	1491.0775818613183	1	0	1	1.0548650461398044
243200.0	1000.0	1291.077581861193	0.0	0	467.49302414787235	1491.0775818613183	1	0	1	1.0548650461398044
244200.0	1000.0	1291.0775818611855	0.0	0	390.1599253969616	1491.0775818613183	1	0	1	1.0548650461398044
245200.0	1000.0	1291.0775818611853	0.0	0	562.5162237686454	1491.0775818613183	1	0	1	1.0548650461398044
246200.0	1000.0	1291.0775818612044	0.0	0	588.7659441349388	1491.0775818612892	1	0	1	1.0548650461398075
247200.0	1000.0	1291.0775818612271	0.0	0	422.43910025260993	1491.0775818612892	1	0	1	1.0548650461398075
248200.0	1000.0	1291.077581861197	0.0	0	429.50578983704327	1491.0775818612892	1	0	1	1.0548650461398075
249292.01361471156	1000.0	1199.0639671496365	0.0	0	0.0	1491.0775818612892	1	0	1	1.0548650461398075
250568.6260179229	1000.0	922.4515639382538	0.0	0	0.0	1491.0775818612892	1	0	1	1.0548650461398075
251560.98279854888	1000.0	930.0947833123004	0.0	0	0.0	1491.0775818612892	1	0	1	1.0548650461398075
252200.0	1000.0	1291.0775818611942	0.0	0	69.41661914309952	1491.0775818612892	1	0	1	1.0548650461398075
253200.0	1000.0	1291.0775818611824	0.0	0	628.6482663130155	1491.0775818612892	1	0	1	1.0548650461398075
254200.0	1000.0	1291.077581861191	0.0	0	412.1242037891061	1491.0775818612892	1	0	1	1.0548650461398075
255200.0	1000.0	1291.0775818611517	0.0	0	268.65798112540506	1491.0775818612601	1	0	1	1.0548650461398101
256200.0	1000.0	1291.07758186114	0.0	0	359.6905221650959	1491.077581861231	1	0	1	1.054865046139813
257200.0	1000.0	1291.0775818611528	0.0	0	428.60747771477327	1491.077581861231	1	0	1	1.054865046139813
258275.10538804627	1000.0	1215.9721938148778	0.0	0	0.0	1491.077581861231	1	0	1	1.054865046139813
259562.30616339727	1000.0	928.7714184638505	0.0	0	0.0	1491.077581861202	1	0	1	1.054865046139816
260200.0	1000.0	1291.077581861135	0.0	0	1.4854803540220018	1491.077581861202	1	0	1	1.054865046139816
261200.0	1000.0	1291.0775818611266	0.0	0	476.3746067813481	1491.0775818611728	1	0	1	1.0548650461398188
262200.0	1000.0	1291.0775818611614	0.0	0	389.09330026520183	1491.077581861202	1	0	1	1.054865046139816
263200.0	1000.0	1291.0775818611683	0.0	0	542.9825719521032	1491.077581861202	1	0	1	1.0548650461398141
264200.0	1000.0	1291.0775818612008	0.0	0	261.2724292643252	1491.077581861231	1	0	1	1.054865046139813
265200.0	1000.0	1291.077581861193	0.0	0	168.8343359908322	1491.077581861231	1	0	1	1.054865046139813
266200.0	1000.0	1291.0775818611671	0.0	0	332.32303471758496	1491.077581861231	1	0	1	1.054865046139813
267200.0	1000.0	1291.0775818612094	0.0	0	308.5057595934486	1491.077581861231	1	0	1	1.054865046139813
268200.0	1000.0	1291.0775818612358	0.0	0	347.3089222262497	1491.077581861231	1	0	1	1.054865046139813
269200.0	1000.0	1291.0775818612315	0.0	0	343.4692263242323	1491.077581861231	1	0	1	1.054865046139813
270200.0	1000.0	1291.0775818611894	0.0	0	218.46405714633875	1491.0775818611728	1	0	1	1.0548650461398188
271200.0	1000.0	1291.077581861221	0.0	0	377.17169745557476	1491.0775818611728	1	0	1	1.0548650461398188
272200.0	1000.0	1291.0775818612533	0.0	0	159.1754376803874	1491.0775818611728	1	0	1	1.0548650461398188
273200.0	1000.0	1291.0775818612583	0.0	0	77.67274118203204	1491.0775818612892	1	0	1	1.0548650461398108
274200.0	1000.0	1291.0775818611908	0.0	0	209.46980317123234	1491.077581861231	1	0	1	1.054865046139813
275200.0	1000.0	1291.077581861279	0.0	0	463.5329580817488	1491.077581861231	1	0	1	1.054865046139813
276200.0	1000.0	1291.0775818612597	0.0	0	142.38529874617234	1491.077581861231	1	0	1	1.054865046139813
277200.0	1000.0	1291.0775818612024	0.0	0	317.08773696771823	1491.077581861231	1	0	1	1.054865046139813
278200.0	1000.0	1291.0775818611546	0.0	0	12.14077705424279	1491.0775818611146	1	0	1	1.0548650461398212
279200.0	1000.0	1291.0775818611078	0.0	0	150.7035912993597	1491.0775818611146	1	0	1	1.0548650461398248
280200.0	1000.0	1291.0775818611692	0.0	0	24.46369516022969	1491.0775818611146	1	0	1	1.0548650461398248
281200.0	1000.0	1291.0775818611496	0.0	0	257.09708620473975	1491.0775818611146	1	0	1	1.0548650461398248
282200.0	1000.0	1291.0775818611273	0.0	0	202.69939433288528	1491.0775818611146	1	0	1	1.0548650461398248
283200.0	1000.0	1291.0775818610884	0.0	0	39.0338192214258	1491.0775818611146	1	0	1	1.0548650461398248
284200.0	1000.0	1291.0775818610955	0.0	0	82.25984610832529	1491.0775818611146	1	0	1	1.0548650461398248
285200.0	1000.0	1291.0775818611583	0.0	0	483.2802457587095	1491.0775818611146	1	0	1	1.0548650461398248
286200.0	1000.0	1291.0775818612392	0.0	0	210.08543271420058	1491.0775818611146	1	0	1	1.0548650461398248
287200.0	1000.0	1291.0775818612071	0.0	0	258.38774002878927	1491.0775818611146	1	0	1	1.0548650461398248
288200.0	1000.0	1291.0775818611455	0.0	0	118.30303753557382	1491.0775818611146	1	0	1	1.0548650461398248
289200.0	1000.0	1291.0775818611241	0.0	0	235.71715857333038	1491.0775818611146	1	0	1	1.0548650461398248
290200.0	1000.0	1291.0775818611223	0.0	0	60.14740149822319	1491.0775818611146	1	0	1	1.0548650461398248
291465.9288502975	1000.0	1025.1487315635873	0.0	0	0.0	1491.0775818611146	1	0	1	1.0548650461398248
292200.0	1000.0	1291.077581861104	0.0	0	107.48640402138699	1491.0775818611728	1	0	1	1.0548650461398188
293200.0	1000.0	1291.0775818611464	0.0	0	355.584681289969	1491.0775818611728	1	0	1	1.0548650461398188
294200.0	1000.0	1291.077581861167	0.0	0	414.0027555686538	1491.0775818611728	1	0	1	1.0548650461398188
295200.0	1000.0	1291.0775818611028	0.0	0	25.457767234300263	1491.0775818611728	1	0	1	1.0548650461398188
296200.0	1000.0	1291.0775818611064	0.0	0	311.1888784877956	1491.0775818611728	1	0	1	1.0548650461398188
297200.0	1000.0	1291.077581861076	0.0	0	288.0957595689688	1491.077581861231	1	0	1	1.054865046139813
298200.0	1000.0	1291.0775818611266	0.0	0	344.98036692716414	1491.0775818612892	1	0	1	1.0548650461398075
299200.0	1000.0	1291.0775818611487	0.0	0	438.0916164102382	1491.0775818612892	1	0	1	1.0548650461398075
300200.0	1000.0	1291.077581861164	0.0	0	453.5370989983203	1491.0775818612892	1	0	1	1.0548650461398075
2.15	1.25	0.96	0.68	0.95	1.08	1.47	1.76	2.5	2.78	1.87	1.47	1.31	1.25	1.55	1.81	1.6	1.41	1.71	1.26	1.46	1.53	1.26	1.55	2.0	2.09	2.64	2.17	1.05	1.15	0.88	1.15	1.73	2.18	2.25	1.45	1.59	2.04	2.33	1.18	1.53	1.42	0.98	1.41	1.27	1.63	1.88	1.84	1.26	1.3	0.97	1.31	1.76	2.19	2.31	2.42	0.89	1.08	1.05	1.12	1.58	1.15	1.46	1.76	1.95	2.0	1.58	1.01	1.12	1.56	1.17	1.33	1.44	1.02	0.89	0.72	1.1	1.52	1.83	1.16	0.95	0.93	1.34	1.9	1.91	1.37	1.76	1.85	1.26	1.07	1.48	2.09	2.75	2.9	2.29	1.44	1.29	0.89	0.95	1.2	2.09	2.42	1.74	1.53	1.93	1.32	0.76	1.27	1.64	2.34	2.24	1.17	1.55	2.04	1.76	1.68	1.97	1.34	1.88	1.58	1.45	1.58	1.49	1.68	1.17	0.88	0.85	1.15	1.62	1.78	1.38	1.39	1.83	1.37	1.12	1.18	1.03	1.07	1.04	1.12	1.64	1.54	1.25	1.81	1.41	1.56	2.35	2.53	2.27	1.9	2.15	1.25	0.96	0.68	0.95	1.08	1.47	1.76	2.5	2.78	1.87	1.47	1.31	1.25	1.55	1.81	1.6	1.41	1.71	1.26	1.46	1.53	1.26	1.55	2.0	2.09	2.64	2.17	1.05	1.15	0.88	1.15	1.73	2.18	2.25	1.45	1.59	2.04	2.33	1.18	1.53	1.42	0.98	1.41	1.27	1.63	1.88	1.84	1.26	1.3	0.97	1.31	1.76	2.19	2.31	2.42	0.89	1.08	1.05	1.12	1.58	1.15	1.46	1.76	1.95	2.0	1.58	1.01	1.12	1.56	1.17	1.33	1.44	1.02	0.89	0.72	1.1	1.52	1.83	1.16	0.95	0.93	1.34	1.9	1.91	1.37	1.76	1.85	1.26	1.07	1.48	2.09	2.75	2.9	2.29	1.44	1.29	0.89	0.95	1.2	2.09	2.42	1.74	1.53	1.93	1.32	0.76	1.27	1.64	2.34	2.24	1.17	1.55	2.04	1.76	1.68	1.97	1.34	1.88	1.58	1.45	1.58	1.49	1.68	1.17	0.88	0.85	1.15	1.62	1.78	1.38	1.39	1.83	1.37	1.12	1.18	1.03	1.07	1.04	1.12	1.64	1.54	1.25	1.81	1.41	1.56	2.35	2.53	2.27	1.9	2.15
1.0	2.0	3.0	4.0	5.0	6.0	7.0	8.0	9.0	10.0	11.0	12.0	13.0	14.0	15.0	16.0	17.0	18.0	19.0	20.0	21.0	22.0	23.0	24.0	25.0	26.0	27.0	28.0	29.0	30.0	31.0	32.0	33.0	34.0	35.0	36.0	37.0	38.0	39.0	40.0	41.0	42.0	43.0	44.0	45.0	46.0	47.0	48.0	49.0	50.0	51.0	52.0	53.0	54.0	55.0	56.0	57.0	58.0	59.0	60.0	61.0	62.0	63.0	64.0	65.0	66.0	67.0	68.0	69.0	70.0	71.0	72.0	73.0	74.0	75.0	76.0	77.0	78.0	79.0	80.0	81.0	82.0	83.0	84.0	85.0	86.0	87.0	88.0	89.0	90.0	91.0	92.0	93.0	94.0	95.0	96.0	97.0	98.0	99.0	100.0	101.0	102.0	103.0	104.0	105.0	106.0	107.0	108.0	109.0	110.0	111.0	112.0	113.0	114.0	115.0	116.0	117.0	118.0	119.0	120.0	121.0	122.0	123.0	124.0	125.0	126.0	127.0	128.0	129.0	130.0	131.0	132.0	133.0	134.0	135.0	136.0	137.0	138.0	139.0	140.0	141.0	142.0	143.0	144.0	145.0	146.0	147.0	148.0	149.0	149.0	150.0	151.0	152.0	153.0	154.0	155.0	156.0	157.0	158.0	159.0	160.0	161.0	162.0	163.0	164.0	165.0	166.0	167.0	168.0	169.0	170.0	171.0	172.0	173.0	174.0	175.0	176.0	177.0	178.0	179.0	180.0	181.0	182.0	183.0	184.0	185.0	186.0	187.0	188.0	189.0	190.0	191.0	192.0	193.0	194.0	195.0	196.0	197.0	198.0	199.0	200.0	201.0	202.0	203.0	204.0	205.0	206.0	207.0	208.0	209.0	210.0	211.0	212.0	213.0	214.0	215.0	216.0	217.0	218.0	219.0	220.0	221.0	222.0	223.0	224.0	225.0	226.0	227.0	228.0	229.0	230.0	231.0	232.0	233.0	234.0	235.0	236.0	237.0	238.0	239.0	240.0	241.0	242.0	243.0	244.0	245.0	246.0	247.0	248.0	249.0	250.0	251.0	252.0	253.0	254.0	255.0	256.0	257.0	258.0	259.0	260.0	261.0	262.0	263.0	264.0	265.0	266.0	267.0	268.0	269.0	270.0	271.0	272.0	273.0	274.0	275.0	276.0	277.0	278.0	279.0	280.0	281.0	282.0	283.0	284.0	285.0	286.0	287.0	288.0	289.0	290.0	291.0	292.0	293.0	294.0	295.0	296.0	297.0	298.0	298.0	299.0
2947.698125751719
