3200.024263955841	300.0	2000.0	94.21084509507766	0	0.0	3200.024263955841	1	0	1	-0.8836881012027872
3291.004406966136	300.0	2899.921842688675	0.0	0	0.0	3190.926249654811	1	0	2	-0.7192318944912168
4200.0	300.0	2900.0266903514243	0.0	0	831.7163273314341	3100.026690351425	1	0	2	-0.5140026690351427
5200.0	300.0	2800.0266903514257	0.0	0	876.5498096335914	3000.0266903514257	1	0	2	-0.5040026690351427
6200.0	300.0	2700.0266903514257	0.0	0	923.8999908650894	2900.0266903514257	1	0	2	-0.4940026690351428
7200.0	300.0	2600.0266903514275	0.0	0	910.2516163499386	2800.0266903514266	1	0	2	-0.4840026690351429
8200.0	300.0	2500.0266903514266	0.0	0	908.4110679244468	2700.0266903514257	1	0	2	-0.47400266903514293
9200.0	300.0	2400.026690351428	0.0	0	925.0402087182356	2600.0266903514266	1	0	2	-0.46400266903514276
10200.0	300.0	2300.026690351429	0.0	0	926.8588300688352	2500.0266903514266	1	0	2	-0.45400266903514297
11200.0	300.0	2200.026690351431	0.0	0	891.9636879416375	2400.0266903514275	1	0	2	-0.444002669035143
12200.0	300.0	2100.0266903514307	0.0	0	897.7280051021226	2300.0266903514275	1	0	2	-0.4340026690351431
13200.0	300.0	2000.0266903514298	0.0	0	886.8070475853328	2200.026690351422	1	0	2	-0.4240026690351428
14200.0	300.0	1900.0266903514282	0.0	0	903.0498864433703	2100.0266903514203	1	0	2	-0.41400266903514227
15200.0	300.0	1800.0266903514291	0.0	0	912.6791198977571	2000.026690351424	1	0	2	-0.4040026690351426
16200.0	300.0	1700.0266903514307	0.0	0	925.4412873852398	1900.0266903514257	1	0	2	-0.3940026690351427
17200.0	300.0	1600.0266903514264	0.0	0	931.4517630173832	1800.0266903514203	1	0	2	-0.3840026690351426
18200.0	300.0	1500.0266903514246	0.0	0	908.4936079279469	1700.0266903514203	1	0	2	-0.37400266903514223
19200.0	300.0	1400.026690351425	0.0	0	921.7676567751369	1600.0266903514166	1	0	2	-0.36400266903514195
20200.0	300.0	1300.0266903514269	0.0	0	920.3317453245509	1500.0266903514166	1	0	2	-0.35400266903514177
21200.0	500.0	1200.0266903514266	0.0	0	880.7739739769931	1400.0266903514093	1	0	2	-0.34400266903514143
22200.0	1000.0	1200.0266903514237	0.0	0	817.3677346832155	1400.0266903514057	1	0	1	0.17082295473085002
23200.0	1000.0	1200.0266903514234	0.0	0	773.2432286962867	1400.0266903514057	1	0	1	1.0639701352907955
24200.0	2000.0	1200.0266903514232	0.0	0	658.4734449499119	1400.0266903514057	1	0	1	1.0639701352907958
25200.0	3000.0	1200.0266903514266	0.0	0	423.65037544997176	1400.0266903514057	1	0	1	1.757117315850741
26200.0	3000.0	1200.026690351427	0.0	0	441.39916602244193	1400.0266903514057	1	0	1	2.1625824239589058
27200.0	3000.0	1200.0266903514282	0.0	0	301.0001762721222	1400.0266903514057	1	0	1	2.1625824239589058
28200.0	3000.0	1200.026690351422	0.0	0	518.2145023230551	1400.0266903514057	1	0	1	2.1625824239589058
29200.0	3000.0	1200.0266903514232	0.0	0	608.2090510502458	1400.0266903514057	1	0	1	2.1625824239589058
30200.0	3000.0	1200.0266903514205	0.0	0	640.1726789331478	1400.026690351402	1	0	1	2.1625824239589058
31200.0	3000.0	1200.0266903514225	0.0	0	346.60608789704565	1400.026690351402	1	0	1	2.1625824239589058
32200.0	3000.0	1200.0266903514218	0.0	0	553.4403147246958	1400.026690351402	1	0	1	2.1625824239589058
33200.0	3000.0	1200.0266903514269	0.0	0	441.16715164061316	1400.0266903514093	1	0	1	2.1625824239589058
34200.0	3000.0	1200.0266903514266	0.0	0	472.92566659296426	1400.0266903514057	1	0	1	2.1625824239589053
35200.0	3000.0	1200.0266903514225	0.0	0	524.3603790753477	1400.0266903514057	1	0	1	2.1625824239589058
36200.0	3000.0	1200.0266903514291	0.0	0	336.563655034166	1400.0266903514057	1	0	1	2.1625824239589058
37200.0	3000.0	1200.0266903514312	0.0	0	412.70752764312783	1400.0266903514057	1	0	1	2.1625824239589058
38200.0	3000.0	1200.0266903514282	0.0	0	496.68209653860686	1400.0266903514057	1	0	1	2.1625824239589058
39200.0	3000.0	1200.0266903514264	0.0	0	555.9885023502429	1400.0266903514057	1	0	1	2.1625824239589058
40200.0	3000.0	1200.026690351428	0.0	0	343.3267975945273	1400.0266903513984	1	0	1	2.162582423958906
41200.0	3000.0	1200.0266903514282	0.0	0	62.11283839953103	1400.0266903513984	1	0	1	2.162582423958906
42200.0	3000.0	1200.0266903514212	0.0	0	422.20602324614447	1400.0266903513984	1	0	1	2.162582423958906
43200.0	3000.0	1200.0266903514187	0.0	0	297.625895321813	1400.0266903513984	1	0	1	2.162582423958906
44200.0	3000.0	1200.0266903514184	0.0	0	533.3789953323358	1400.0266903513984	1	0	1	2.162582423958906
45200.0	3000.0	1200.0266903514093	0.0	0	551.8560966476143	1400.0266903513984	1	0	1	2.162582423958906
46200.0	3000.0	1200.0266903514093	0.0	0	527.8665326238115	1400.0266903513912	1	0	1	2.162582423958907
47200.0	3000.0	1200.026690351403	0.0	0	230.70227899558813	1400.0266903513839	1	0	1	2.162582423958908
48200.0	3000.0	1200.0266903513989	0.0	0	258.4804979278633	1400.0266903513839	1	0	1	2.162582423958908
49200.0	3000.0	1200.026690351408	0.0	0	370.76120631528465	1400.0266903513912	1	0	1	2.162582423958907
50200.0	3000.0	1200.0266903514039	0.0	0	469.07682980921527	1400.0266903513912	1	0	1	2.162582423958907
51200.0	3000.0	1200.0266903514018	0.0	0	468.52556813731644	1400.0266903513912	1	0	1	2.162582423958907
52200.0	3000.0	1200.0266903514002	0.0	0	217.0714321019259	1400.0266903513912	1	0	1	2.162582423958907
53200.0	3000.0	1200.0266903513982	0.0	0	154.83472504980455	1400.0266903513912	1	0	1	2.162582423958907
54240.00776240405	3000.0	1160.0189279473523	0.0	0	0.0	1400.0266903513912	1	0	1	2.162582423958907
55200.0	3000.0	1200.0266903513973	0.0	0	207.26836577395443	1400.0266903513839	1	0	1	2.162582423958908
56200.0	3000.0	1200.0266903513918	0.0	0	229.525798668481	1400.0266903513839	1	0	1	2.162582423958908
57200.0	3000.0	1200.0266903513962	0.0	0	473.2755632876797	1400.0266903513839	1	0	1	2.162582423958908
58200.0	3000.0	1200.0266903513957	0.0	0	455.67058503282897	1400.0266903513839	1	0	1	2.162582423958908
59200.0	3000.0	1200.0266903513882	0.0	0	667.2816194890765	1400.0266903513839	1	0	1	2.162582423958908
60200.0	3000.0	1200.0266903513955	0.0	0	554.399778802268	1400.0266903513839	1	0	1	2.162582423958908
61200.0	3000.0	1200.026690351401	0.0	0	251.56652237992967	1400.0266903513839	1	0	1	2.162582423958908
62200.0	3000.0	1200.0266903514066	0.0	0	439.1363085918274	1400.0266903513912	1	0	1	2.162582423958907
63200.0	3000.0	1200.0266903514137	0.0	0	597.744695151945	1400.0266903513984	1	0	1	2.162582423958906
64200.0	3000.0	1200.0266903514082	0.0	0	297.63879402135353	1400.0266903513984	1	0	1	2.162582423958906
65200.0	3000.0	1200.026690351405	0.0	0	443.3115745543473	1400.0266903514057	1	0	1	2.1625824239589058
66200.0	3000.0	1200.0266903513884	0.0	0	612.3374446936432	1400.0266903513912	1	0	1	2.1625824239589058
67200.0	3000.0	1200.0266903513748	0.0	0	563.0653407358477	1400.0266903513839	1	0	1	2.1625824239589075
68200.0	3000.0	1200.0266903513684	0.0	0	424.0796778866934	1400.0266903513839	1	0	1	2.162582423958908
69200.0	3000.0	1200.0266903513816	0.0	0	328.7750284050999	1400.0266903513839	1	0	1	2.162582423958908
70200.0	3000.0	1200.0266903513846	0.0	0	564.8122551035049	1400.0266903513839	1	0	1	2.162582423958908
71200.0	3000.0	1200.026690351375	0.0	0	573.9989427015098	1400.0266903513839	1	0	1	2.162582423958908
72200.0	3000.0	1200.0266903513789	0.0	0	551.5806257913646	1400.0266903513839	1	0	1	2.162582423958908
73200.0	3000.0	1200.0266903513682	0.0	0	313.4759519223153	1400.0266903513693	1	0	1	2.1625824239589093
74200.0	3000.0	1200.0266903513761	0.0	0	532.6052747795766	1400.0266903513548	1	0	1	2.1625824239589106
75200.0	3000.0	1200.026690351378	0.0	0	597.2303297650651	1400.0266903513548	1	0	1	2.1625824239589106
76200.0	3000.0	1200.026690351378	0.0	0	606.3308702106442	1400.0266903513693	1	0	1	2.1625824239589093
77200.0	3000.0	1200.0266903513768	0.0	0	431.5144906389469	1400.0266903513839	1	0	1	2.162582423958908
78200.0	3000.0	1200.0266903513686	0.0	0	456.2097534354252	1400.0266903513693	1	0	1	2.1625824239589093
79200.0	3000.0	1200.0266903513561	0.0	0	592.680236086584	1400.0266903513693	1	0	1	2.1625824239589093
80200.0	3000.0	1200.0266903513573	0.0	0	624.9793899930228	1400.0266903513693	1	0	1	2.1625824239589093
81200.0	3000.0	1200.026690351353	0.0	0	620.9991472828115	1400.0266903513693	1	0	1	2.1625824239589093
82200.0	3000.0	1200.026690351366	0.0	0	590.9782381312252	1400.0266903513693	1	0	1	2.1625824239589093
83200.0	3000.0	1200.0266903513536	0.0	0	199.50977758497174	1400.0266903513693	1	0	1	2.1625824239589093
84200.0	3000.0	1200.0266903513625	0.0	0	311.959994026256	1400.0266903513693	1	0	1	2.1625824239589093
85200.0	3000.0	1200.0266903513661	0.0	0	473.9866889903351	1400.0266903513693	1	0	1	2.1625824239589093
86200.0	3000.0	1200.0266903513784	0.0	0	325.9183350040548	1400.0266903513839	1	0	1	2.162582423958908
87200.0	3000.0	1200.0266903513711	0.0	0	351.0403233807592	1400.0266903513839	1	0	1	2.162582423958908
88200.0	3000.0	1200.0266903513707	0.0	0	246.13371604033455	1400.0266903513693	1	0	1	2.1625824239589093
89200.0	3000.0	1200.0266903513862	0.0	0	315.1138133173081	1400.0266903513839	1	0	1	2.162582423958908
90200.0	3000.0	1200.026690351392	0.0	0	602.5106483139243	1400.0266903513839	1	0	1	2.162582423958908
91200.0	3000.0	1200.0266903513914	0.0	0	421.8336729135335	1400.0266903513839	1	0	1	2.162582423958908
92200.0	3000.0	1200.0266903513816	0.0	0	562.9020272340422	1400.0266903513693	1	0	1	2.1625824239589084
93200.0	3000.0	1200.026690351374	0.0	0	389.92837739441893	1400.0266903513693	1	0	1	2.1625824239589093
94200.0	3000.0	1200.026690351388	0.0	0	605.1522008108295	1400.0266903513839	1	0	1	2.162582423958908
95200.0	3000.0	1200.026690351392	0.0	0	470.0090998623782	1400.0266903513984	1	0	1	2.162582423958906
96200.0	3000.0	1200.026690351401	0.0	0	390.0028323501465	1400.0266903513984	1	0	1	2.162582423958906
97200.0	3000.0	1200.0266903513943	0.0	0	494.10533467982896	1400.026690351413	1	0	1	2.162582423958905
98200.0	3000.0	1200.0266903513937	0.0	0	571.4410455264151	1400.026690351413	1	0	1	2.162582423958905
99200.0	3000.0	1200.0266903513789	0.0	0	234.31488806466223	1400.026690351413	1	0	1	2.162582423958905
100200.0	3000.0	1200.0266903513723	0.0	0	364.4212915470707	1400.026690351413	1	0	1	2.162582423958905
101200.0	3000.0	1200.0266903513561	0.0	0	494.32826167989697	1400.0266903513984	1	0	1	2.162582423958906
102200.0	3000.0	1200.0266903513277	0.0	0	122.77078361676831	1400.0266903513839	1	0	1	2.162582423958908
103200.0	3000.0	1200.02669035134	0.0	0	246.13082335187937	1400.0266903513839	1	0	1	2.162582423958908
104200.0	3000.0	1200.0266903513195	0.0	0	487.0044406781526	1400.0266903513839	1	0	1	2.162582423958908
105200.0	3000.0	1200.026690351307	0.0	0	359.0897913376248	1400.0266903513839	1	0	1	2.162582423958908
106200.0	3000.0	1200.0266903513188	0.0	0	569.7705334873899	1400.0266903513839	1	0	1	2.162582423958908
107200.0	3000.0	1200.0266903513334	0.0	0	422.734363877491	1400.0266903513839	1	0	1	2.162582423958908
108200.0	3000.0	1200.0266903513432	0.0	0	537.786127257612	1400.0266903513839	1	0	1	2.162582423958908
109200.0	3000.0	1200.0266903513448	0.0	0	631.7681392538943	1400.0266903513839	1	0	1	2.162582423958908
110200.0	3000.0	1200.0266903513582	0.0	0	582.414511547031	1400.0266903513984	1	0	1	2.162582423958906
111200.0	3000.0	1200.0266903513764	0.0	0	426.98717000780744	1400.0266903513839	1	0	1	2.162582423958908
112200.0	3000.0	1200.0266903513575	0.0	0	563.9407391979476	1400.0266903513839	1	0	1	2.162582423958908
113200.0	3000.0	1200.0266903513716	0.0	0	607.2478944268223	1400.0266903513839	1	0	1	2.162582423958908
114200.0	3000.0	1200.0266903513718	0.0	0	652.5583759764704	1400.0266903513839	1	0	1	2.162582423958908
115200.0	3000.0	1200.026690351372	0.0	0	282.0825771528762	1400.0266903513839	1	0	1	2.162582423958908
116200.0	3000.0	1200.026690351375	0.0	0	316.47916030582564	1400.0266903513839	1	0	1	2.162582423958908
117200.0	3000.0	1200.026690351371	0.0	0	435.6778323867038	1400.0266903513839	1	0	1	2.162582423958908
118200.0	3000.0	1200.026690351374	0.0	0	465.49488262669183	1400.0266903513839	1	0	1	2.162582423958908
119200.0	3000.0	1200.0266903513764	0.0	0	413.96996846355614	1400.0266903513839	1	0	1	2.162582423958908
120200.0	3000.0	1200.0266903513877	0.0	0	467.2896810737875	1400.0266903513839	1	0	1	2.162582423958908
121200.0	3000.0	1200.0266903513918	0.0	0	573.701069387098	1400.0266903513839	1	0	1	2.162582423958908
122200.0	3000.0	1200.0266903513773	0.0	0	492.61773279735644	1400.0266903513839	1	0	1	2.162582423958908
123200.0	3000.0	1200.0266903513782	0.0	0	305.5104396982788	1400.0266903513839	1	0	1	2.162582423958908
124200.0	3000.0	1200.0266903513864	0.0	0	600.3886756284046	1400.0266903513984	1	0	1	2.162582423958906
125200.0	3000.0	1200.0266903513923	0.0	0	636.0500185818964	1400.0266903513984	1	0	1	2.162582423958906
126200.0	3000.0	1200.0266903513882	0.0	0	515.3142924166896	1400.0266903513984	1	0	1	2.162582423958906
127200.0	3000.0	1200.0266903513862	0.0	0	164.92987058823928	1400.0266903513984	1	0	1	2.162582423958906
128200.0	3000.0	1200.0266903514125	0.0	0	472.25843716786767	1400.0266903513984	1	0	1	2.162582423958906
129200.0	3000.0	1200.0266903514118	0.0	0	403.70324932804215	1400.0266903513984	1	0	1	2.162582423958906
130200.0	3000.0	1200.0266903514064	0.0	0	268.5937351988978	1400.026690351413	1	0	1	2.162582423958905
131200.0	3000.0	1200.0266903513902	0.0	0	361.7753454748454	1400.0266903513984	1	0	1	2.162582423958905
132200.0	3000.0	1200.0266903513798	0.0	0	411.0484003776219	1400.0266903513839	1	0	1	2.1625824239589075
133200.0	3000.0	1200.02669035136	0.0	0	382.7243529254629	1400.0266903513693	1	0	1	2.1625824239589067
134200.0	3000.0	1200.026690351349	0.0	0	488.9725910938578	1400.0266903513693	1	0	1	2.1625824239589093
135200.0	3000.0	1200.0266903513411	0.0	0	451.5633027808217	1400.0266903513693	1	0	1	2.1625824239589093
136200.0	3000.0	1200.0266903513634	0.0	0	449.61404617212247	1400.0266903513693	1	0	1	2.1625824239589093
137200.0	3000.0	1200.0266903513627	0.0	0	431.6361189096351	1400.0266903513693	1	0	1	2.1625824239589093
138200.0	3000.0	1200.0266903513646	0.0	0	523.1936202329816	1400.0266903513693	1	0	1	2.1625824239589093
139200.0	3000.0	1200.0266903513527	0.0	0	429.71708476595813	1400.0266903513693	1	0	1	2.1625824239589093
140200.0	3000.0	1200.0266903513277	0.0	0	615.5279753054201	1400.0266903513693	1	0	1	2.1625824239589093
141200.0	3000.0	1200.026690351309	0.0	0	253.9218322816887	1400.0266903513693	1	0	1	2.1625824239589093
142200.0	3000.0	1200.0266903512604	0.0	0	507.0976633542159	1400.0266903513693	1	0	1	2.1625824239589093
143200.0	3000.0	1200.0266903512531	0.0	0	492.74603421080974	1400.0266903513693	1	0	1	2.1625824239589093
144200.0	3000.0	1200.0266903512847	0.0	0	665.0425444989814	1400.0266903513984	1	0	1	2.162582423958906
145200.0	3000.0	1200.0266903512734	0.0	0	522.1205344478367	1400.0266903513984	1	0	1	2.162582423958906
146200.0	3000.0	1200.0266903512522	0.0	0	532.9329442004964	1400.0266903513693	1	0	1	2.1625824239589093
147200.0	3000.0	1200.0266903512495	0.0	0	410.1046338984452	1400.0266903513693	1	0	1	2.1625824239589093
148200.0	3000.0	1200.0266903512356	0.0	0	212.0039436960069	1400.0266903513693	1	0	1	2.1625824239589093
149200.0	3000.0	1200.0266903512138	0.0	0	433.31994677428156	1400.0266903513693	1	0	1	2.1625824239589093
150200.0	3000.0	1200.0266903512174	0.0	0	702.613495062571	1400.0266903513693	1	0	1	2.1625824239589093
151200.0	3000.0	1200.026690351208	0.0	0	371.7212011903175	1400.0266903513402	1	0	1	2.162582423958912
152200.0	3000.0	1200.0266903511986	0.0	0	510.959196299169	1400.0266903513402	1	0	1	2.162582423958912
153200.0	3000.0	1200.0266903512004	0.0	0	364.1652198753436	1400.0266903513402	1	0	1	2.1625824239589146
154200.0	3000.0	1200.026690351228	0.0	0	90.71560417380533	1400.0266903513693	1	0	1	2.1625824239589115
155200.0	3000.0	1200.0266903512568	0.0	0	441.76774547906825	1400.0266903514275	1	0	1	2.1625824239589058
156200.0	3000.0	1200.0266903512495	0.0	0	580.6383872341248	1400.0266903514275	1	0	1	2.1625824239589035
157200.0	3000.0	1200.0266903512756	0.0	0	444.771309312433	1400.0266903514275	1	0	1	2.1625824239589035
158200.0	3000.0	1200.0266903512877	0.0	0	481.03636667484534	1400.0266903514275	1	0	1	2.1625824239589035
159200.0	3000.0	1200.0266903512602	0.0	0	548.4658956800704	1400.0266903514275	1	0	1	2.1625824239589035
160200.0	3000.0	1200.026690351287	0.0	0	269.3544310653233	1400.0266903514275	1	0	1	2.1625824239589058
161200.0	3000.0	1200.0266903512918	0.0	0	431.66097149040434	1400.0266903514275	1	0	1	2.1625824239589035
162200.0	3000.0	1200.0266903512704	0.0	0	346.16976360065746	1400.0266903513984	1	0	1	2.162582423958906
163200.0	3000.0	1200.026690351243	0.0	0	578.5897664235381	1400.0266903513693	1	0	1	2.1625824239589093
164200.0	3000.0	1200.0266903512547	0.0	0	373.8029307866527	1400.0266903513693	1	0	1	2.1625824239589093
165200.0	3000.0	1200.0266903512527	0.0	0	427.78183662856463	1400.0266903513984	1	0	1	2.1625824239589084
166200.0	3000.0	1200.026690351252	0.0	0	470.599807762861	1400.0266903514275	1	0	1	2.1625824239589058
167200.0	3000.0	1200.0266903512602	0.0	0	538.684283171664	1400.0266903514566	1	0	1	2.1625824239589027
168200.0	3000.0	1200.026690351212	0.0	0	559.4809636427963	1400.0266903514275	1	0	1	2.162582423958901
169200.0	3000.0	1200.0266903511958	0.0	0	521.6948641390481	1400.0266903514275	1	0	1	2.1625824239589035
170200.0	3000.0	1200.0266903511774	0.0	0	461.65040508823586	1400.0266903514275	1	0	1	2.1625824239589035
171200.0	3000.0	1200.0266903511776	0.0	0	565.2938219343778	1400.0266903514275	1	0	1	2.1625824239589035
172200.0	3000.0	1200.0266903511717	0.0	0	509.9569190920447	1400.0266903514275	1	0	1	2.1625824239589035
173200.0	3000.0	1200.0266903511942	0.0	0	453.68032995975227	1400.0266903514566	1	0	1	2.1625824239589004
174200.0	3000.0	1200.0266903512002	0.0	0	617.2487325343245	1400.0266903514566	1	0	1	2.1625824239589004
175612.9935044121	6000.0	787.033185939109	0.0	0	0.0	1400.0266903514566	1	0	1	2.1625824239589004
176256.15765363257	3000.0	1143.8690367185945	0.0	0	0.0	1400.0266903514566	1	0	1	1.4694352433989555
177200.0	3000.0	1200.026690351135	0.0	0	550.7186077662336	1400.0266903514275	1	0	1	2.162582423958901
178200.0	3000.0	1200.0266903511547	0.0	0	492.6679192901356	1400.0266903514275	1	0	1	2.1625824239589035
179200.0	3000.0	1200.0266903511636	0.0	0	699.1979500006419	1400.0266903513984	1	0	1	2.162582423958904
180200.0	3000.0	1200.0266903511767	0.0	0	530.1673494722345	1400.0266903513984	1	0	1	2.162582423958906
181200.0	3000.0	1200.0266903511763	0.0	0	531.5275688018592	1400.0266903513984	1	0	1	2.162582423958906
182200.0	3000.0	1200.0266903512127	0.0	0	249.5563809541345	1400.0266903514275	1	0	1	2.1625824239589035
183200.0	3000.0	1200.026690351227	0.0	0	617.9885655776307	1400.0266903514275	1	0	1	2.162582423958901
184200.0	3000.0	1200.0266903511904	0.0	0	414.1778995177883	1400.0266903514275	1	0	1	2.1625824239589035
185200.0	3000.0	1200.0266903511902	0.0	0	411.637354606617	1400.0266903514275	1	0	1	2.1625824239589035
186200.0	3000.0	1200.0266903512063	0.0	0	255.891598962422	1400.0266903513984	1	0	1	2.162582423958906
187200.0	3000.0	1200.0266903512031	0.0	0	512.2639745427587	1400.0266903513984	1	0	1	2.162582423958906
188200.0	3000.0	1200.026690351189	0.0	0	476.53899739240296	1400.0266903513984	1	0	1	2.162582423958906
189211.88846081615	3000.0	1188.1382295350409	0.0	0	0.0	1400.0266903513693	1	0	1	2.1625824239589093
190200.0	3000.0	1200.026690351176	0.0	0	125.24822801744449	1400.0266903514275	1	0	1	2.1625824239589058
191200.0	3000.0	1200.0266903511597	0.0	0	351.1370415238489	1400.0266903514275	1	0	1	2.1625824239589035
192200.0	3000.0	1200.026690351165	0.0	0	151.08226697397185	1400.0266903514275	1	0	1	2.1625824239589035
193200.0	3000.0	1200.0266903511501	0.0	0	297.91279147961177	1400.0266903513984	1	0	1	2.162582423958904
194200.0	3000.0	1200.0266903511542	0.0	0	258.23530556974583	1400.0266903513693	1	0	1	2.1625824239589067
195200.0	3000.0	1200.0266903511572	0.0	0	515.2671638829052	1400.0266903513402	1	0	1	2.162582423958912
196200.0	3000.0	1200.026690351178	0.0	0	351.2954425025091	1400.0266903513402	1	0	1	2.162582423958912
197200.0	3000.0	1200.0266903511895	0.0	0	216.87378434324637	1400.0266903513402	1	0	1	2.162582423958912
198200.0	3000.0	1200.0266903511729	0.0	0	307.6724223654601	1400.0266903513111	1	0	1	2.1625824239589124
199200.0	3000.0	1200.0266903511958	0.0	0	550.9580522792239	1400.0266903513402	1	0	1	2.162582423958912
200200.0	3000.0	1200.0266903511824	0.0	0	292.1349380693282	1400.0266903513402	1	0	1	2.162582423958912
201200.0	3000.0	1200.0266903511658	0.0	0	356.94897060340736	1400.0266903513402	1	0	1	2.162582423958912
202200.0	3000.0	1200.0266903511356	0.0	0	144.27071315670037	1400.0266903513111	1	0	1	2.162582423958915
203200.0	3000.0	1200.0266903511265	0.0	0	166.60923389796517	1400.026690351282	1	0	1	2.1625824239589178
204200.0	3000.0	1200.026690351118	0.0	0	432.4950890020991	1400.026690351253	1	0	1	2.162582423958921
205200.0	3000.0	1200.0266903510928	0.0	0	531.7829907124978	1400.026690351253	1	0	1	2.162582423958921
206200.0	3000.0	1200.026690351128	0.0	0	360.98584012815263	1400.026690351253	1	0	1	2.162582423958921
207200.0	3000.0	1200.026690351145	0.0	0	406.4520387406228	1400.026690351282	1	0	1	2.1625824239589178
208200.0	3000.0	1200.0266903511356	0.0	0	658.3089709258929	1400.026690351253	1	0	1	2.162582423958921
209200.0	3000.0	1200.0266903511192	0.0	0	512.9882060731179	1400.0266903512238	1	0	1	2.1625824239589213
210200.0	3000.0	1200.0266903511292	0.0	0	419.5854206439981	1400.0266903512238	1	0	1	2.1625824239589235
211200.0	3000.0	1200.0266903511078	0.0	0	632.0672517405765	1400.0266903511947	1	0	1	2.1625824239589244
212200.0	3000.0	1200.0266903511106	0.0	0	503.1320232503349	1400.0266903511947	1	0	1	2.1625824239589266
213200.0	3000.0	1200.0266903511244	0.0	0	433.1087260974746	1400.0266903512238	1	0	1	2.1625824239589235
214200.0	3000.0	1200.026690351099	0.0	0	277.21355354515254	1400.0266903511947	1	0	1	2.1625824239589266
215200.0	3000.0	1200.0266903510708	0.0	0	520.7719002837548	1400.0266903512238	1	0	1	2.162582423958926
216200.0	3000.0	1200.0266903510421	0.0	0	545.674529481912	1400.0266903512238	1	0	1	2.1625824239589235
217200.0	3000.0	1200.0266903510444	0.0	0	590.887437566329	1400.0266903512238	1	0	1	2.1625824239589235
218200.0	3000.0	1200.02669035106	0.0	0	512.9336041537754	1400.026690351253	1	0	1	2.162582423958921
219200.0	3000.0	1200.0266903510817	0.0	0	602.930538716435	1400.026690351282	1	0	1	2.1625824239589204
220200.0	3000.0	1200.0266903510599	0.0	0	535.5389498625882	1400.026690351253	1	0	1	2.162582423958921
221200.0	3000.0	1200.026690351053	0.0	0	542.5101155740558	1400.0266903512238	1	0	1	2.1625824239589213
222200.0	3000.0	1200.0266903510435	0.0	0	123.77519788683276	1400.0266903512238	1	0	1	2.1625824239589235
223200.0	3000.0	1200.0266903510424	0.0	0	649.9412620986404	1400.0266903512238	1	0	1	2.1625824239589235
224200.0	3000.0	1200.026690351044	0.0	0	665.492741847469	1400.0266903512238	1	0	1	2.1625824239589235
225200.0	3000.0	1200.0266903510485	0.0	0	659.8935083647084	1400.0266903512238	1	0	1	2.1625824239589235
226200.0	3000.0	1200.0266903510656	0.0	0	201.9140620015678	1400.026690351253	1	0	1	2.162582423958923
227200.0	3000.0	1200.0266903510985	0.0	0	388.5206840588653	1400.026690351253	1	0	1	2.162582423958921
228200.0	3000.0	1200.0266903511256	0.0	0	556.849667278293	1400.026690351253	1	0	1	2.162582423958921
229200.0	3000.0	1200.026690351097	0.0	0	462.15747242534417	1400.026690351253	1	0	1	2.162582423958921
230200.0	3000.0	1200.0266903511088	0.0	0	626.7670821932843	1400.026690351282	1	0	1	2.1625824239589204
231200.0	3000.0	1200.0266903511358	0.0	0	531.1492364300066	1400.026690351282	1	0	1	2.1625824239589178
232200.0	3000.0	1200.026690351098	0.0	0	268.6047647545929	1400.026690351282	1	0	1	2.1625824239589178
233200.0	3000.0	1200.0266903510844	0.0	0	260.51075747504365	1400.026690351282	1	0	1	2.1625824239589178
234200.0	3000.0	1200.0266903510922	0.0	0	663.8185758590407	1400.026690351253	1	0	1	2.162582423958921
235200.0	3000.0	1200.0266903510765	0.0	0	508.64059863987495	1400.0266903512238	1	0	1	2.1625824239589235
236200.0	3000.0	1200.0266903510806	0.0	0	331.20175015815767	1400.0266903512238	1	0	1	2.1625824239589235
237200.0	3000.0	1200.0266903510822	0.0	0	529.1578834230313	1400.0266903512238	1	0	1	2.1625824239589235
238200.0	3000.0	1200.026690351088	0.0	0	331.8844425311254	1400.0266903512238	1	0	1	2.1625824239589235
239200.0	3000.0	1200.02669035108	0.0	0	581.9471704793687	1400.0266903511656	1	0	1	2.162582423958927
240200.0	3000.0	1200.0266903510662	0.0	0	614.0644114944153	1400.0266903511656	1	0	1	2.1625824239589293
241200.0	3000.0	1200.0266903510308	0.0	0	508.6498449011997	1400.0266903511656	1	0	1	2.1625824239589293
242200.0	3000.0	1200.0266903509983	0.0	0	450.63360467526945	1400.0266903511656	1	0	1	2.1625824239589293
243200.0	3000.0	1200.0266903509785	0.0	0	580.1343495988986	1400.0266903511947	1	0	1	2.162582423958929
244200.0	3000.0	1200.0266903509728	0.0	0	489.0745184549596	1400.0266903512238	1	0	1	2.1625824239589235
245200.0	3000.0	1200.0266903510005	0.0	0	425.25944982023793	1400.026690351253	1	0	1	2.162582423958923
246200.0	3000.0	1200.026690351016	0.0	0	508.6404295510438	1400.026690351253	1	0	1	2.162582423958921
247200.0	3000.0	1200.0266903510242	0.0	0	493.43112389027374	1400.026690351253	1	0	1	2.162582423958921
248200.0	3000.0	1200.026690350985	0.0	0	371.21182680962374	1400.0266903512238	1	0	1	2.1625824239589235
249200.0	3000.0	1200.0266903509778	0.0	0	474.76793235808145	1400.0266903512238	1	0	1	2.1625824239589235
250200.0	3000.0	1200.0266903509585	0.0	0	663.2710735769651	1400.0266903511947	1	0	1	2.1625824239589266
251200.0	3000.0	1200.0266903509748	0.0	0	167.60224296472734	1400.0266903512238	1	0	1	2.162582423958926
252200.0	3000.0	1200.026690350943	0.0	0	521.5915917911625	1400.0266903512238	1	0	1	2.1625824239589235
253200.0	3000.0	1200.0266903509757	0.0	0	466.93901109308354	1400.026690351253	1	0	1	2.162582423958921
254200.0	3000.0	1200.026690350967	0.0	0	350.6986721289868	1400.026690351253	1	0	1	2.162582423958921
255200.0	3000.0	1200.0266903509885	0.0	0	657.5480443357083	1400.026690351282	1	0	1	2.1625824239589178
256200.0	3000.0	1200.026690350977	0.0	0	517.1550688325078	1400.026690351282	1	0	1	2.1625824239589204
257200.0	3000.0	1200.0266903509846	0.0	0	371.6482390355086	1400.026690351253	1	0	1	2.162582423958918
258200.0	3000.0	1200.0266903509896	0.0	0	559.9511114717461	1400.026690351282	1	0	1	2.1625824239589204
259200.0	3000.0	1200.0266903509867	0.0	0	337.41888655908406	1400.026690351282	1	0	1	2.1625824239589178
260200.0	3000.0	1200.0266903510192	0.0	0	354.6383835557208	1400.026690351282	1	0	1	2.1625824239589178
261200.0	3000.0	1200.0266903510178	0.0	0	364.002700682031	1400.026690351282	1	0	1	2.1625824239589178
262200.0	3000.0	1200.0266903509835	0.0	0	480.1843631117663	1400.026690351282	1	0	1	2.1625824239589178
263200.0	3000.0	1200.0266903509075	0.0	0	597.5544849558501	1400.0266903511947	1	0	1	2.162582423958925
264200.0	3000.0	1200.026690350969	0.0	0	522.1134634769405	1400.0266903511947	1	0	1	2.1625824239589266
265200.0	3000.0	1200.0266903509776	0.0	0	334.93207450199407	1400.026690351253	1	0	1	2.162582423958921
266200.0	3000.0	1200.0266903509719	0.0	0	296.3271567191114	1400.026690351253	1	0	1	2.162582423958921
267200.0	3000.0	1200.0266903509541	0.0	0	358.6795959833544	1400.026690351253	1	0	1	2.1625824239589164
268200.0	3000.0	1200.0266903509219	0.0	0	485.52010315388907	1400.026690351253	1	0	1	2.162582423958921
269200.0	3000.0	1200.0266903509887	0.0	0	519.1978288114769	1400.0266903513693	1	0	1	2.1625824239589138
270200.0	3000.0	1200.0266903509971	0.0	0	381.27146379544865	1400.0266903513693	1	0	1	2.1625824239589093
271200.0	3000.0	1200.0266903510417	0.0	0	362.8319011433632	1400.0266903514275	1	0	1	2.162582423958908
272200.0	3000.0	1200.0266903509485	0.0	0	400.8593183970079	1400.0266903513693	1	0	1	2.1625824239589044
273200.0	3000.0	1200.026690350901	0.0	0	504.5922391928616	1400.0266903513693	1	0	1	2.1625824239589093
274200.0	3000.0	1200.0266903508918	0.0	0	559.2628536769771	1400.0266903513111	1	0	1	2.16258242395891
275200.0	3000.0	1200.0266903508395	0.0	0	601.0203096356126	1400.0266903513111	1	0	1	2.162582423958915
276200.0	3000.0	1200.0266903507536	0.0	0	170.85937572584953	1400.026690351253	1	0	1	2.1625824239589164
277200.0	3000.0	1200.0266903507077	0.0	0	489.7424420201569	1400.0266903511947	1	0	1	2.1625824239589266
278200.0	3000.0	1200.0266903507127	0.0	0	128.3583488581935	1400.0266903511947	1	0	1	2.1625824239589266
279200.0	3000.0	1200.0266903506358	0.0	0	201.06732728454517	1400.0266903511947	1	0	1	2.1625824239589266
280200.0	3000.0	1200.0266903506456	0.0	0	607.6035570778186	1400.0266903511947	1	0	1	2.1625824239589266
281200.0	3000.0	1200.026690350669	0.0	0	288.3396257740096	1400.0266903511947	1	0	1	2.1625824239589266
282200.0	3000.0	1200.0266903506263	0.0	0	389.5949896167731	1400.0266903511365	1	0	1	2.1625824239589324
283200.0	3000.0	1200.026690350561	0.0	0	548.9101207839558	1400.0266903511365	1	0	1	2.1625824239589324
284200.0	3000.0	1200.0266903505842	0.0	0	391.8415673117852	1400.0266903511365	1	0	1	2.1625824239589324
285200.0	3000.0	1200.0266903506022	0.0	0	289.63651572552044	1400.0266903510783	1	0	1	2.162582423958938
286200.0	3000.0	1200.026690350618	0.0	0	560.2023811380495	1400.0266903510783	1	0	1	2.1625824239589337
287200.0	3000.0	1200.0266903505612	0.0	0	598.9783047342789	1400.0266903510783	1	0	1	2.162582423958938
288200.0	3000.0	1200.026690350563	0.0	0	659.4803119864664	1400.0266903511365	1	0	1	2.1625824239589324
289200.0	3000.0	1200.0266903505458	0.0	0	498.7772179899039	1400.0266903511365	1	0	1	2.1625824239589324
290200.0	3000.0	1200.0266903506188	0.0	0	383.2269616026315	1400.0266903511365	1	0	1	2.1625824239589324
291200.0	3000.0	1200.0266903505124	0.0	0	281.06020650971914	1400.0266903510783	1	0	1	2.1625824239589337
292200.0	3000.0	1200.0266903505446	0.0	0	528.129141004174	1400.0266903511365	1	0	1	2.1625824239589373
293200.0	3000.0	1200.026690350576	0.0	0	681.4392408534768	1400.0266903511947	1	0	1	2.1625824239589315
294200.0	3000.0	1200.0266903505992	0.0	0	513.4179567044484	1400.026690351253	1	0	1	2.162582423958921
295200.0	3000.0	1200.0266903506383	0.0	0	433.1233413136215	1400.026690351253	1	0	1	2.162582423958921
296200.0	3000.0	1200.0266903506922	0.0	0	404.324810584425	1400.0266903513111	1	0	1	2.162582423958915
297200.0	3000.0	1200.026690350626	0.0	0	254.3200445145485	1400.0266903513693	1	0	1	2.1625824239589138
298200.0	3000.0	1200.026690350527	0.0	0	453.3453383152373	1400.0266903513111	1	0	1	2.162582423958915
299200.0	3000.0	1200.0266903504958	0.0	0	705.8738333344809	1400.0266903511947	1	0	1	2.162582423958922
300200.0	3000.0	1200.0266903505515	0.0	0	341.4924947617692	1400.0266903511365	1	0	1	2.162582423958928
6.59	4.41	6.75	6.44	6.32	7.45	6.99	4.55	5.49	4.59	5.61	5.76	6.05	7.62	6.28	7.1	7.81	6.61	7.82	6.01	6.89	7.45	5.73	3.56	7.92	7.73	8.51	5.1	5.33	4.88	6.37	6.2	6.49	4.54	5.93	7.3	3.75	3.76	5.9	4.68	5.68	5.06	5.33	5.55	3.6	5.44	5.18	5.9	4.97	3.73	3.83	5.04	5.34	4.88	7.14	10.3	9.53	3.98	6.57	6.87	5.48	5.86	8.11	6.16	6.38	6.08	8.09	7.32	6.8	3.59	7.02	7.41	10.8	4.34	5.72	6.73	7.84	6.77	6.56	4.33	5.44	7.34	5.54	5.26	5.54	5.57	6.44	6.56	6.31	6.49	6.16	6.63	6.94	6.41	6.32	4.39	5.33	7.77	4.58	5.19	7.34	6.01	8.63	7.01	6.44	6.71	5.93	6.41	5.54	6.82	10.0	5.73	5.03	5.92	5.31	5.57	7.03	6.88	5.92	4.48	6.96	7.18	6.3	4.96	5.79	4.71	5.13	6.53	4.16	6.79	5.57	6.94	4.25	6.13	6.48	7.01	8.31	4.77	5.61	7.45	8.2	7.21	7.54	7.1	4.61	6.78	8.56	5.95	5.99	8.05	6.59	4.41	6.75	6.44	6.32	7.45	6.99	4.55	5.49	4.59	5.61	5.76	6.05	7.62	6.28	7.1	7.81	6.61	7.82	6.01	6.89	7.45	5.73	3.56	7.92	7.73	8.51	5.1	5.33	4.88	6.37	6.2	6.49	4.54	5.93	7.3	3.75	3.76	5.9	4.68	5.68	5.06	5.33	5.55	3.6	5.44	5.18	5.9	4.97	3.73	3.83	5.04	5.34	4.88	7.14	10.3	9.53	3.98	6.57	6.87	5.48	5.86	8.11	6.16	6.38	6.08	8.09	7.32	6.8	3.59	7.02	7.41	10.8	4.34	5.72	6.73	7.84	6.77	6.56	4.33	5.44	7.34	5.54	5.26	5.54	5.57	6.44	6.56	6.31	6.49	6.16	6.63	6.94	6.41	6.32	4.39	5.33	7.77	4.58	5.19	7.34	6.01	8.63	7.01	6.44	6.71	5.93	6.41	5.54	6.82	10.0	5.73	5.03	5.92	5.31	5.57	7.03	6.88	5.92	4.48	6.96	7.18	6.3	4.96	5.79	4.71	5.13	6.53	4.16	6.79	5.57	6.94	4.25	6.13	6.48	7.01	8.31	4.77	5.61	7.45	8.2	7.21	7.54	7.1	4.61	6.78	8.56	5.95	5.99	8.05	6.59
1.0	2.0	3.0	4.0	5.0	6.0	7.0	8.0	9.0	10.0	11.0	12.0	13.0	14.0	15.0	16.0	17.0	18.0	19.0	20.0	21.0	22.0	23.0	24.0	25.0	26.0	27.0	28.0	29.0	30.0	31.0	32.0	33.0	34.0	35.0	36.0	37.0	38.0	39.0	40.0	41.0	42.0	43.0	44.0	45.0	46.0	47.0	48.0	49.0	50.0	51.0	52.0	53.0	54.0	55.0	56.0	57.0	58.0	59.0	60.0	61.0	62.0	63.0	64.0	65.0	66.0	67.0	68.0	69.0	70.0	71.0	72.0	73.0	74.0	75.0	76.0	77.0	78.0	79.0	80.0	81.0	82.0	83.0	84.0	85.0	86.0	87.0	88.0	89.0	90.0	91.0	92.0	93.0	94.0	95.0	96.0	97.0	98.0	99.0	100.0	101.0	102.0	103.0	104.0	105.0	106.0	107.0	108.0	109.0	110.0	111.0	112.0	113.0	114.0	115.0	116.0	117.0	118.0	119.0	120.0	121.0	122.0	123.0	124.0	125.0	126.0	127.0	128.0	129.0	130.0	131.0	132.0	133.0	134.0	135.0	136.0	137.0	138.0	139.0	140.0	141.0	142.0	143.0	144.0	145.0	146.0	147.0	148.0	149.0	149.0	150.0	151.0	152.0	153.0	154.0	155.0	156.0	157.0	158.0	159.0	160.0	161.0	162.0	163.0	164.0	165.0	166.0	167.0	168.0	169.0	170.0	171.0	172.0	173.0	174.0	175.0	176.0	177.0	178.0	179.0	180.0	181.0	182.0	183.0	184.0	185.0	186.0	187.0	188.0	189.0	190.0	191.0	192.0	193.0	194.0	195.0	196.0	197.0	198.0	199.0	200.0	201.0	202.0	203.0	204.0	205.0	206.0	207.0	208.0	209.0	210.0	211.0	212.0	213.0	214.0	215.0	216.0	217.0	218.0	219.0	220.0	221.0	222.0	223.0	224.0	225.0	226.0	227.0	228.0	229.0	230.0	231.0	232.0	233.0	234.0	235.0	236.0	237.0	238.0	239.0	240.0	241.0	242.0	243.0	244.0	245.0	246.0	247.0	248.0	249.0	250.0	251.0	252.0	253.0	254.0	255.0	256.0	257.0	258.0	259.0	260.0	261.0	262.0	263.0	264.0	265.0	266.0	267.0	268.0	269.0	270.0	271.0	272.0	273.0	274.0	275.0	276.0	277.0	278.0	279.0	280.0	281.0	282.0	283.0	284.0	285.0	286.0	287.0	288.0	289.0	290.0	291.0	292.0	293.0	294.0	295.0	296.0	297.0	298.0	298.0	299.0
3028.1432671913153
