5749.24943452562	300.0	2000.0	110.90533613728687	0	0.0	5749.24943452562	1	0	1	-1.2382716068714323
5863.023832739841	300.0	2874.8481619643576	0.0	0	0.0	5737.871994704198	1	0	2	-0.9739972658847289
5953.406088657629	300.0	3775.4276804547912	0.0	0	0.0	5728.83376911242	1	0	2	-0.7730382976891845
6081.656058920923	300.0	4634.352713165169	0.0	0	0.0	5716.008772086091	1	0	2	-0.7718342598902228
6200.0	300.0	5504.1743779781855	0.0	0	4.951028439330003	5704.174377978184	1	0	2	-0.7706639823235613
7200.0	300.0	5404.174377978184	0.0	0	839.0264365365329	5604.174377978183	1	0	2	-0.7644174377978186
8200.0	300.0	5304.174377978185	0.0	0	867.3000967105054	5504.174377978184	1	0	2	-0.7544174377978186
9200.0	300.0	5204.174377978184	0.0	0	880.2354209576752	5404.1743779781855	1	0	2	-0.7444174377978188
10200.0	300.0	5104.174377978185	0.0	0	876.8792685173285	5304.174377978186	1	0	2	-0.7344174377978189
11200.0	300.0	5004.174377978185	0.0	0	904.6559448286298	5204.174377978186	1	0	2	-0.724417437797819
12200.0	300.0	4904.174377978184	0.0	0	866.3478575719091	5104.1743779781855	1	0	2	-0.7144174377978189
13200.0	300.0	4804.1743779781855	0.0	0	866.5064405418634	5004.174377978188	1	0	2	-0.704417437797819
14200.0	300.0	4704.174377978183	0.0	0	870.0815423607564	4904.174377978188	1	0	2	-0.6944174377978192
15200.0	300.0	4604.174377978183	0.0	0	890.861937186286	4804.174377978192	1	0	2	-0.6844174377978193
16200.0	300.0	4504.17437797818	0.0	0	905.2728527587806	4704.174377978192	1	0	2	-0.6744174377978195
17200.0	300.0	4404.174377978182	0.0	0	879.688703212476	4604.1743779781955	1	0	2	-0.6644174377978196
18200.0	300.0	4304.174377978183	0.0	0	908.0654220399447	4504.174377978197	1	0	2	-0.65441743779782
19200.0	300.0	4204.174377978179	0.0	0	906.5176368348839	4404.174377978192	1	0	2	-0.6444174377978197
20200.0	300.0	4104.174377978179	0.0	0	887.1968275022482	4304.174377978188	1	0	2	-0.6344174377978191
21200.0	300.0	4004.1743779781796	0.0	0	900.049132903252	4204.174377978183	1	0	2	-0.6244174377978188
22200.0	300.0	3904.1743779781814	0.0	0	883.8684688368921	4104.174377978183	1	0	2	-0.6144174377978183
23200.0	300.0	3804.1743779781773	0.0	0	854.8812633681082	4004.174377978179	1	0	2	-0.6044174377978184
24200.0	300.0	3704.1743779781746	0.0	0	891.9791186093462	3904.174377978172	1	0	2	-0.5944174377978179
25200.0	300.0	3604.1743779781737	0.0	0	882.1905182170631	3804.1743779781646	1	0	2	-0.5844174377978169
26200.0	300.0	3504.1743779781746	0.0	0	876.122756150151	3704.1743779781646	1	0	2	-0.574417437797817
27200.0	300.0	3404.174377978177	0.0	0	867.8458913122922	3604.1743779781646	1	0	2	-0.5644174377978167
28200.0	300.0	3304.1743779781787	0.0	0	847.8548310435945	3504.174377978161	1	0	2	-0.5544174377978165
29200.0	300.0	3204.174377978176	0.0	0	872.9295381827542	3404.1743779781536	1	0	2	-0.5444174377978156
30200.0	300.0	3104.174377978176	0.0	0	862.282097820269	3304.1743779781536	1	0	2	-0.5344174377978157
31200.0	300.0	3004.174377978178	0.0	0	895.1210213443192	3204.1743779781573	1	0	2	-0.5244174377978157
32200.0	300.0	2904.1743779781837	0.0	0	888.7882024565879	3104.174377978161	1	0	2	-0.5144174377978159
33200.0	300.0	2804.174377978183	0.0	0	900.5610063267195	3004.1743779781536	1	0	2	-0.5044174377978157
34200.0	300.0	2704.1743779781714	0.0	0	904.8974125635723	2904.1743779781427	1	0	2	-0.494417437797815
35200.0	300.0	2604.174377978168	0.0	0	874.3415404646439	2804.1743779781355	1	0	2	-0.48441743779781415
36200.0	300.0	2504.1743779781714	0.0	0	847.1696595656613	2704.174377978139	1	0	2	-0.4744174377978141
37200.0	300.0	2404.17437797818	0.0	0	868.7666736094179	2604.174377978139	1	0	2	-0.4644174377978141
38200.0	300.0	2304.174377978173	0.0	0	880.5687227157105	2504.174377978132	1	0	2	-0.45441743779781346
39200.0	300.0	2204.1743779781777	0.0	0	861.7753502181076	2404.174377978132	1	0	2	-0.44441743779781284
40200.0	300.0	2104.174377978178	0.0	0	850.7043935763722	2304.174377978132	1	0	2	-0.43441743779781344
41200.0	300.0	2004.1743779781714	0.0	0	879.120093302241	2204.1743779781173	1	0	2	-0.4244174377978125
42200.0	300.0	1904.1743779781755	0.0	0	855.3214929491587	2104.1743779781245	1	0	2	-0.4144174377978125
43200.0	300.0	1804.1743779781784	0.0	0	900.6001897275564	2004.1743779781173	1	0	2	-0.40441743779781225
44200.0	300.0	1704.174377978174	0.0	0	903.0987227446167	1904.1743779781173	1	0	2	-0.3944174377978115
45200.0	300.0	1604.1743779781675	0.0	0	890.1421745154075	1804.1743779781173	1	0	2	-0.38441743779781196
46200.0	300.0	1504.1743779781673	0.0	0	854.7415761948942	1704.1743779781173	1	0	2	-0.37441743779781195
47200.0	300.0	1404.174377978166	0.0	0	876.9259944707592	1604.1743779781173	1	0	2	-0.3644174377978122
48200.0	300.0	1304.17437797817	0.0	0	890.259092790584	1504.1743779781173	1	0	2	-0.35441743779781193
49200.0	500.0	1204.1743779781684	0.0	0	848.0981160968659	1404.17437797811	1	0	2	-0.34441743779781175
50200.0	500.0	1204.1743779781689	0.0	0	830.2724852612082	1404.17437797811	1	0	1	0.17040818596817955
51200.0	1000.0	1204.1743779781693	0.0	0	741.8159632571042	1404.17437797811	1	0	1	0.37040818596817987
52200.0	1000.0	1204.1743779781755	0.0	0	728.1471128270641	1404.17437797811	1	0	1	1.0635553665281252
53200.0	1000.0	1204.1743779781689	0.0	0	732.7736194478421	1404.1743779781027	1	0	1	1.0635553665281259
54200.0	2000.0	1204.1743779781727	0.0	0	350.67843733869813	1404.1743779781027	1	0	1	1.0635553665281257
55200.0	2000.0	1204.1743779781686	0.0	0	282.6907498405926	1404.1743779781027	1	0	1	1.756702547088071
56200.0	2000.0	1204.1743779781666	0.0	0	364.540248246034	1404.1743779780954	1	0	1	1.7567025470880717
57200.0	2000.0	1204.1743779781605	0.0	0	215.85107207668625	1404.1743779780954	1	0	1	1.7567025470880717
58200.0	2000.0	1204.1743779781575	0.0	0	279.2971609298038	1404.1743779780954	1	0	1	1.7567025470880717
59200.0	2000.0	1204.1743779781636	0.0	0	455.10345652171964	1404.1743779780954	1	0	1	1.7567025470880717
60200.0	2000.0	1204.174377978162	0.0	0	290.6091273976708	1404.1743779780954	1	0	1	1.7567025470880717
61200.0	2000.0	1204.174377978169	0.0	0	560.8821800014339	1404.1743779781027	1	0	1	1.756702547088071
62200.0	2000.0	1204.1743779781739	0.0	0	463.0599545660298	1404.1743779781027	1	0	1	1.756702547088071
63200.0	2000.0	1204.1743779781777	0.0	0	352.66127039281855	1404.17437797811	1	0	1	1.7567025470880704
64200.0	2000.0	1204.1743779781755	0.0	0	610.9266307311555	1404.1743779781027	1	0	1	1.756702547088071
65200.0	2000.0	1204.1743779781775	0.0	0	618.8807234076667	1404.17437797811	1	0	1	1.7567025470880704
66200.0	2000.0	1204.174377978182	0.0	0	337.6976918453074	1404.1743779781245	1	0	1	1.7567025470880697
67200.0	2000.0	1204.1743779781873	0.0	0	349.3508879462024	1404.174377978139	1	0	1	1.756702547088068
68200.0	3000.0	1204.1743779782007	0.0	0	154.658150256495	1404.174377978139	1	0	1	1.7567025470880675
69200.0	3000.0	1204.174377978195	0.0	0	70.31612991215661	1404.1743779781536	1	0	1	2.1621676551962308
70399.1417497615	3000.0	1005.032628216695	0.0	0	0.0	1404.1743779781536	1	0	1	2.1621676551962308
71200.0	2000.0	1204.1743779781928	0.0	0	40.92403388211096	1404.1743779781536	1	0	1	1.3512374389799013
72200.0	2000.0	1204.1743779782053	0.0	0	527.8218152141199	1404.1743779781536	1	0	1	1.756702547088066
73200.0	2000.0	1204.174377978207	0.0	0	322.3155953964597	1404.1743779781536	1	0	1	1.756702547088066
74200.0	2000.0	1204.1743779781996	0.0	0	255.8810135023523	1404.174377978139	1	0	1	1.7567025470880673
75200.0	2000.0	1204.1743779782137	0.0	0	236.64410421979846	1404.174377978139	1	0	1	1.7567025470880673
76200.0	2000.0	1204.1743779782216	0.0	0	371.309078813385	1404.174377978139	1	0	1	1.7567025470880673
77200.0	2000.0	1204.174377978222	0.0	0	56.015567922833725	1404.174377978139	1	0	1	1.7567025470880673
78200.0	2000.0	1204.1743779782091	0.0	0	332.84267049931805	1404.1743779781245	1	0	1	1.7567025470880688
79200.0	2000.0	1204.174377978212	0.0	0	564.5109962503047	1404.1743779781245	1	0	1	1.7567025470880688
80200.0	2000.0	1204.174377978226	0.0	0	180.18014232354471	1404.1743779781245	1	0	1	1.7567025470880688
81200.0	2000.0	1204.174377978216	0.0	0	413.1555609030329	1404.1743779781245	1	0	1	1.7567025470880688
82200.0	2000.0	1204.1743779782068	0.0	0	641.1290457747236	1404.1743779781245	1	0	1	1.7567025470880688
83200.0	2000.0	1204.1743779782332	0.0	0	637.2338766119938	1404.1743779781245	1	0	1	1.7567025470880688
84200.0	2000.0	1204.1743779782312	0.0	0	252.64331597862474	1404.1743779781245	1	0	1	1.7567025470880688
85200.0	3000.0	1204.1743779782375	0.0	0	312.2088351552811	1404.1743779781245	1	0	1	1.7567025470880693
86200.0	3000.0	1204.1743779782478	0.0	0	72.86389026016695	1404.174377978139	1	0	1	2.162167655196232
87203.93570786339	3000.0	1200.2386701148594	0.0	0	0.0	1404.174377978139	1	0	1	2.162167655196232
88200.0	3000.0	1204.1743779782332	0.0	0	290.2505598304124	1404.174377978139	1	0	1	2.162167655196232
89200.0	3000.0	1204.174377978244	0.0	0	450.37869785391376	1404.174377978139	1	0	1	2.162167655196232
90200.0	3000.0	1204.1743779782541	0.0	0	431.6331023819366	1404.1743779781536	1	0	1	2.1621676551962308
91200.0	3000.0	1204.1743779782585	0.0	0	204.323967812481	1404.1743779781682	1	0	1	2.1621676551962294
92200.0	3000.0	1204.174377978274	0.0	0	276.98576508724364	1404.1743779781682	1	0	1	2.1621676551962294
93200.0	3000.0	1204.1743779782807	0.0	0	410.6339043749613	1404.1743779781536	1	0	1	2.1621676551962308
94200.0	3000.0	1204.1743779782992	0.0	0	243.86056526002358	1404.1743779781536	1	0	1	2.1621676551962308
95200.0	3000.0	1204.174377978295	0.0	0	483.1109323386627	1404.1743779781536	1	0	1	2.1621676551962308
96247.1148475249	3000.0	1157.059530453382	0.0	0	0.0	1404.1743779781536	1	0	1	2.1621676551962308
97200.0	3000.0	1204.1743779782857	0.0	0	272.6647802321968	1404.1743779781536	1	0	1	2.1621676551962308
98200.0	3000.0	1204.1743779782728	0.0	0	438.05732966560754	1404.1743779781536	1	0	1	2.1621676551962308
99200.0	3000.0	1204.1743779782603	0.0	0	280.7314864050568	1404.174377978139	1	0	1	2.162167655196232
100200.0	3000.0	1204.1743779782635	0.0	0	91.33064161140646	1404.174377978139	1	0	1	2.162167655196232
101200.0	3000.0	1204.1743779782614	0.0	0	434.08207358904474	1404.1743779781536	1	0	1	2.1621676551962308
102200.0	3000.0	1204.1743779782423	0.0	0	114.64789841035963	1404.1743779781536	1	0	1	2.1621676551962308
103200.0	3000.0	1204.1743779782535	0.0	0	379.649575321906	1404.1743779781682	1	0	1	2.1621676551962294
104200.0	3000.0	1204.1743779782464	0.0	0	211.23139688861556	1404.1743779781827	1	0	1	2.162167655196228
105200.0	3000.0	1204.174377978276	0.0	0	90.9400734234805	1404.1743779781827	1	0	1	2.162167655196228
106200.0	3000.0	1204.1743779782691	0.0	0	339.963462166299	1404.1743779781827	1	0	1	2.162167655196228
107200.0	3000.0	1204.1743779782717	0.0	0	295.87244696269045	1404.1743779781827	1	0	1	2.162167655196228
108200.0	3000.0	1204.1743779782762	0.0	0	274.89814602157276	1404.1743779781827	1	0	1	2.162167655196228
109200.0	3000.0	1204.1743779782717	0.0	0	229.47213849604304	1404.1743779781827	1	0	1	2.162167655196228
110200.0	3000.0	1204.1743779782842	0.0	0	184.93478791350208	1404.1743779781827	1	0	1	2.162167655196228
111200.0	3000.0	1204.1743779782873	0.0	0	256.0978301147843	1404.1743779781827	1	0	1	2.162167655196228
112200.0	3000.0	1204.1743779782728	0.0	0	33.05835439451039	1404.1743779781682	1	0	1	2.1621676551962294
113284.4793076209	3000.0	1119.6950703573632	0.0	0	0.0	1404.1743779781682	1	0	1	2.1621676551962294
114463.00426851316	3000.0	941.1701094650887	0.0	0	0.0	1404.1743779781682	1	0	1	2.1621676551962294
115515.28232223347	3000.0	888.8920557447916	0.0	0	0.0	1404.1743779781682	1	0	1	2.1621676551962294
116228.16049926038	3000.0	1176.0138787178685	0.0	0	0.0	1404.1743779781682	1	0	1	2.1621676551962294
117200.0	3000.0	1204.1743779782635	0.0	0	96.65374010887172	1404.1743779781682	1	0	1	2.1621676551962294
118200.0	3000.0	1204.1743779782666	0.0	0	123.75391839440272	1404.1743779781682	1	0	1	2.1621676551962294
119200.0	3000.0	1204.1743779782732	0.0	0	483.7509122253832	1404.1743779781682	1	0	1	2.1621676551962294
120200.0	3000.0	1204.1743779782673	0.0	0	410.57559048893745	1404.1743779781682	1	0	1	2.1621676551962294
121200.0	3000.0	1204.1743779782728	0.0	0	416.2116452699993	1404.1743779781682	1	0	1	2.1621676551962294
122200.0	3000.0	1204.1743779782682	0.0	0	356.07445865808404	1404.1743779781682	1	0	1	2.1621676551962294
123200.0	3000.0	1204.1743779782812	0.0	0	415.24428836147126	1404.1743779781682	1	0	1	2.1621676551962294
124200.0	3000.0	1204.174377978274	0.0	0	145.74660002966993	1404.1743779781682	1	0	1	2.1621676551962294
125200.0	3000.0	1204.1743779782732	0.0	0	393.20407498393615	1404.1743779781682	1	0	1	2.1621676551962294
126200.0	3000.0	1204.174377978261	0.0	0	200.01617933693342	1404.1743779781682	1	0	1	2.1621676551962294
127200.0	3000.0	1204.174377978259	0.0	0	254.74245800786593	1404.1743779781682	1	0	1	2.1621676551962294
128200.0	3000.0	1204.1743779782669	0.0	0	342.09976161304803	1404.1743779781827	1	0	1	2.162167655196228
129200.0	3000.0	1204.1743779782685	0.0	0	369.6090055282839	1404.1743779781827	1	0	1	2.162167655196228
130200.0	3000.0	1204.1743779782728	0.0	0	53.09458278212696	1404.1743779781973	1	0	1	2.1621676551962263
131200.0	3000.0	1204.17437797829	0.0	0	203.90825428656535	1404.1743779782119	1	0	1	2.162167655196226
132200.0	3000.0	1204.1743779782944	0.0	0	391.76439630636014	1404.1743779781973	1	0	1	2.162167655196225
133200.0	3000.0	1204.1743779782614	0.0	0	402.81067021386116	1404.1743779781973	1	0	1	2.1621676551962263
134200.0	3000.0	1204.1743779782541	0.0	0	211.16759989381535	1404.1743779781973	1	0	1	2.1621676551962263
135200.0	3000.0	1204.1743779782307	0.0	0	288.4490210178483	1404.1743779781973	1	0	1	2.1621676551962263
136200.0	3000.0	1204.1743779782523	0.0	0	443.7178626086097	1404.1743779781973	1	0	1	2.1621676551962263
137200.0	3000.0	1204.174377978264	0.0	0	417.52909577352693	1404.1743779781682	1	0	1	2.1621676551962294
138200.0	3000.0	1204.1743779782757	0.0	0	38.430288984731305	1404.1743779781682	1	0	1	2.1621676551962294
139205.71743150207	3000.0	1198.4569464762305	0.0	0	0.0	1404.1743779781682	1	0	1	2.1621676551962294
140200.0	3000.0	1204.1743779782762	0.0	0	120.19073821415077	1404.1743779781682	1	0	1	2.1621676551962294
141200.0	3000.0	1204.1743779782632	0.0	0	87.05920754547697	1404.1743779781682	1	0	1	2.1621676551962294
142200.0	3000.0	1204.1743779782596	0.0	0	218.32553805585485	1404.1743779781682	1	0	1	2.1621676551962294
143200.0	3000.0	1204.1743779782673	0.0	0	167.82936256067478	1404.1743779781682	1	0	1	2.1621676551962294
144300.6847438788	3000.0	1103.4896340994462	0.0	0	0.0	1404.1743779781682	1	0	1	2.1621676551962294
145332.04806566102	3000.0	1072.1263123172598	0.0	0	0.0	1404.1743779781682	1	0	1	2.1621676551962294
146200.0	3000.0	1204.1743779782303	0.0	0	15.986027536040638	1404.1743779781682	1	0	1	2.1621676551962294
147200.0	3000.0	1204.1743779782475	0.0	0	189.1791575619136	1404.1743779781682	1	0	1	2.1621676551962294
148474.77226739304	3000.0	929.4021105852183	0.0	0	0.0	1404.174377978139	1	0	1	2.162167655196232
149660.920846123	3000.0	743.2535318552982	0.0	0	0.0	1404.1743779781682	1	0	1	2.1621676551962294
150440.79618223922	3000.0	963.378195739063	0.0	0	0.0	1404.1743779781682	1	0	1	2.1621676551962294
151200.0	2000.0	1204.1743779782921	0.0	0	32.54692914627958	1404.1743779781682	1	0	1	1.3512374389799
152200.0	2000.0	1204.1743779783205	0.0	0	283.34649043896934	1404.1743779781973	1	0	1	1.7567025470880615
153200.0	2000.0	1204.1743779782907	0.0	0	341.78811806757585	1404.1743779781973	1	0	1	1.7567025470880615
154200.0	2000.0	1204.174377978305	0.0	0	498.9630731267971	1404.1743779781682	1	0	1	1.7567025470880646
155200.0	2000.0	1204.174377978317	0.0	0	526.4949753709661	1404.1743779781682	1	0	1	1.7567025470880646
156200.0	2000.0	1204.1743779783715	0.0	0	92.33288833350525	1404.1743779781682	1	0	1	1.7567025470880646
157200.0	2000.0	1204.1743779783792	0.0	0	332.66218274485436	1404.1743779781682	1	0	1	1.7567025470880646
158200.0	2000.0	1204.1743779784076	0.0	0	455.3229591244308	1404.1743779781682	1	0	1	1.7567025470880646
159200.0	3000.0	1204.17437797842	0.0	0	418.8291339134157	1404.1743779781973	1	0	1	1.7567025470880624
160310.60225623564	3000.0	1093.5721217427974	0.0	0	0.0	1404.1743779781973	1	0	1	2.1621676551962263
161200.0	3000.0	1204.174377978422	0.0	0	154.67106705254992	1404.1743779781682	1	0	1	2.1621676551962294
162285.0825928338	3000.0	1119.0917851446434	0.0	0	0.0	1404.1743779781682	1	0	1	2.1621676551962294
163200.0	3000.0	1204.1743779784483	0.0	0	150.86383584176656	1404.174377978139	1	0	1	2.162167655196232
164200.0	3000.0	1204.1743779784429	0.0	0	388.33740347230923	1404.17437797811	1	0	1	2.162167655196235
165200.0	3000.0	1204.1743779784688	0.0	0	347.9797279657214	1404.17437797811	1	0	1	2.162167655196235
166200.0	3000.0	1204.1743779784865	0.0	0	73.75855966136442	1404.17437797811	1	0	1	2.162167655196235
167200.0	3000.0	1204.174377978481	0.0	0	387.5462871878117	1404.17437797811	1	0	1	2.162167655196235
168200.0	3000.0	1204.1743779784765	0.0	0	264.169712731702	1404.17437797811	1	0	1	2.162167655196235
169200.0	3000.0	1204.1743779784458	0.0	0	68.23089446607628	1404.17437797811	1	0	1	2.162167655196235
170200.0	3000.0	1204.174377978412	0.0	0	328.04774546655244	1404.1743779780809	1	0	1	2.162167655196238
171245.70076494798	3000.0	1158.473613030449	0.0	0	0.0	1404.1743779780518	1	0	1	2.162167655196241
172200.0	2000.0	1204.1743779784024	0.0	0	54.23738120647613	1404.1743779780518	1	0	1	1.3512374389799116
173200.0	2000.0	1204.1743779784206	0.0	0	305.3795190510864	1404.1743779780809	1	0	1	1.7567025470880733
174200.0	2000.0	1204.1743779784301	0.0	0	555.6907845650567	1404.1743779780809	1	0	1	1.7567025470880733
175200.0	2000.0	1204.174377978454	0.0	0	305.71376331264037	1404.1743779780809	1	0	1	1.7567025470880733
176200.0	2000.0	1204.1743779784163	0.0	0	303.47002456735936	1404.1743779780809	1	0	1	1.7567025470880733
177200.0	2000.0	1204.1743779784501	0.0	0	329.3438916700834	1404.1743779780809	1	0	1	1.7567025470880733
178200.0	2000.0	1204.174377978473	0.0	0	469.1452048473293	1404.1743779780809	1	0	1	1.7567025470880733
179200.0	2000.0	1204.1743779784706	0.0	0	538.6346698569541	1404.1743779780809	1	0	1	1.7567025470880733
180200.0	2000.0	1204.1743779784615	0.0	0	549.529960363725	1404.1743779780809	1	0	1	1.7567025470880733
181200.0	2000.0	1204.1743779784626	0.0	0	555.6390917446406	1404.1743779780809	1	0	1	1.7567025470880733
182335.69647532006	3000.0	1068.477902658421	0.0	0	0.0	1404.17437797811	1	0	1	1.7567025470880706
183301.8933091681	3000.0	1102.2810688103855	0.0	0	0.0	1404.17437797811	1	0	1	2.162167655196235
184256.75587978656	3000.0	1147.418498191947	0.0	0	0.0	1404.17437797811	1	0	1	2.162167655196235
185200.0	3000.0	1204.1743779785447	0.0	0	182.1793489305128	1404.17437797811	1	0	1	2.162167655196235
186449.73448557436	3000.0	954.4398924041908	0.0	0	0.0	1404.17437797811	1	0	1	2.162167655196235
187213.4831043967	3000.0	1190.691273581861	0.0	0	0.0	1404.17437797811	1	0	1	2.162167655196235
188263.70151935227	3000.0	1140.4728586262995	0.0	0	0.0	1404.17437797811	1	0	1	2.162167655196235
189200.0	2000.0	1204.17437797857	0.0	0	426.4149417063163	1404.17437797811	1	0	1	1.3512374389799058
190200.0	2000.0	1204.1743779785681	0.0	0	556.4981353409239	1404.17437797811	1	0	1	1.7567025470880704
191200.0	2000.0	1204.174377978575	0.0	0	292.2774343294732	1404.1743779780809	1	0	1	1.7567025470880733
192200.0	2000.0	1204.174377978542	0.0	0	339.99261942118756	1404.1743779780809	1	0	1	1.7567025470880733
193200.0	2000.0	1204.1743779785163	0.0	0	541.4660049966187	1404.17437797811	1	0	1	1.7567025470880704
194200.0	2000.0	1204.1743779785088	0.0	0	380.66860933133285	1404.17437797811	1	0	1	1.7567025470880704
195226.77127634338	3000.0	1177.4031016351337	0.0	0	0.0	1404.17437797811	1	0	1	1.7567025470880706
196299.00475532378	3000.0	1105.1696226547338	0.0	0	0.0	1404.17437797811	1	0	1	2.162167655196235
197200.0	3000.0	1204.174377978525	0.0	0	156.9537839673867	1404.17437797811	1	0	1	2.162167655196235
198200.0	3000.0	1204.1743779785418	0.0	0	92.5420107053651	1404.17437797811	1	0	1	2.162167655196235
199290.93781115417	3000.0	1113.236566824352	0.0	0	0.0	1404.174377978139	1	0	1	2.162167655196232
200283.65604176308	3000.0	1120.518336215468	0.0	0	0.0	1404.174377978139	1	0	1	2.162167655196232
201200.0	3000.0	1204.1743779785647	0.0	0	151.52362134185387	1404.174377978139	1	0	1	2.162167655196232
202200.0	3000.0	1204.1743779785775	0.0	0	334.44000092195347	1404.1743779781682	1	0	1	2.16216765519623
203200.0	3000.0	1204.1743779785584	0.0	0	238.62669496619492	1404.174377978139	1	0	1	2.162167655196232
204200.0	3000.0	1204.1743779785504	0.0	0	166.1660595345893	1404.174377978139	1	0	1	2.162167655196232
205210.48226409563	3000.0	1193.6921138829362	0.0	0	0.0	1404.1743779781682	1	0	1	2.1621676551962294
206507.5784306293	3000.0	896.595947349269	0.0	0	0.0	1404.1743779781682	1	0	1	2.1621676551962294
207453.8441091481	2000.0	950.3302688304581	0.0	0	0.0	1404.1743779781682	1	0	1	1.3512374389799
208200.0	2000.0	1204.1743779785643	0.0	0	294.7904271319858	1404.1743779781682	1	0	1	1.7567025470880646
209200.0	2000.0	1204.1743779785497	0.0	0	584.8567309628124	1404.1743779781682	1	0	1	1.7567025470880646
210200.0	2000.0	1204.1743779785656	0.0	0	575.2231031129777	1404.1743779781682	1	0	1	1.7567025470880646
211200.0	2000.0	1204.174377978544	0.0	0	514.3317865405406	1404.1743779781682	1	0	1	1.7567025470880646
212200.0	2000.0	1204.1743779785488	0.0	0	415.76506581087597	1404.1743779781973	1	0	1	1.7567025470880615
213200.0	2000.0	1204.1743779785709	0.0	0	499.4796397750906	1404.1743779782264	1	0	1	1.756702547088059
214200.0	2000.0	1204.1743779785793	0.0	0	659.9940669192874	1404.1743779782264	1	0	1	1.7567025470880586
215200.0	2000.0	1204.1743779785495	0.0	0	218.9859967736702	1404.1743779782264	1	0	1	1.7567025470880586
216200.0	2000.0	1204.174377978554	0.0	0	393.14400431877584	1404.1743779781973	1	0	1	1.7567025470880615
217200.0	3000.0	1204.1743779785493	0.0	0	189.0588272260793	1404.1743779781973	1	0	1	1.7567025470880617
218335.47011957108	3000.0	1068.704258407538	0.0	0	0.0	1404.1743779781973	1	0	1	2.1621676551962263
219219.4725827574	3000.0	1184.701795221248	0.0	0	0.0	1404.1743779781973	1	0	1	2.1621676551962263
220200.0	2000.0	1204.1743779786298	0.0	0	143.34443297836697	1404.1743779781973	1	0	1	1.351237438979897
221200.0	2000.0	1204.1743779786236	0.0	0	424.0444827237807	1404.1743779781973	1	0	1	1.7567025470880615
222200.0	2000.0	1204.1743779786107	0.0	0	527.809200848802	1404.1743779781973	1	0	1	1.7567025470880615
223200.0	2000.0	1204.1743779786286	0.0	0	204.9142747881997	1404.1743779781973	1	0	1	1.7567025470880615
224200.0	2000.0	1204.1743779786216	0.0	0	211.91789208952105	1404.1743779781682	1	0	1	1.7567025470880646
225200.0	2000.0	1204.1743779786264	0.0	0	456.0032770772232	1404.1743779781973	1	0	1	1.7567025470880622
226200.0	2000.0	1204.1743779786457	0.0	0	98.68551601684885	1404.1743779782264	1	0	1	1.7567025470880586
227200.0	2000.0	1204.1743779786298	0.0	0	517.0276306807355	1404.1743779782555	1	0	1	1.7567025470880564
228200.0	2000.0	1204.1743779786445	0.0	0	446.0885474929528	1404.1743779782846	1	0	1	1.7567025470880528
229200.0	2000.0	1204.1743779786789	0.0	0	275.6152019255969	1404.1743779782846	1	0	1	1.7567025470880528
230200.0	2000.0	1204.1743779786725	0.0	0	420.21784072276205	1404.1743779782846	1	0	1	1.7567025470880528
231200.0	2000.0	1204.1743779786752	0.0	0	469.97672541759675	1404.1743779782555	1	0	1	1.7567025470880557
232200.0	2000.0	1204.1743779787193	0.0	0	648.0449310099939	1404.1743779782555	1	0	1	1.7567025470880557
233200.0	2000.0	1204.1743779787503	0.0	0	584.540192482993	1404.1743779782555	1	0	1	1.7567025470880557
234200.0	3000.0	1204.1743779787216	0.0	0	95.66158284456469	1404.1743779782264	1	0	1	1.7567025470880588
235234.27270938383	3000.0	1169.9016685948786	0.0	0	0.0	1404.1743779781973	1	0	1	2.1621676551962263
236326.7477126731	3000.0	1077.426665305638	0.0	0	0.0	1404.1743779782264	1	0	1	2.1621676551962237
237200.0	3000.0	1204.1743779787107	0.0	0	10.44848288828507	1404.1743779782264	1	0	1	2.1621676551962237
238200.0	3000.0	1204.1743779787273	0.0	0	165.25813292927342	1404.1743779782264	1	0	1	2.1621676551962237
239200.0	3000.0	1204.1743779786948	0.0	0	171.8689468864177	1404.1743779781973	1	0	1	2.1621676551962263
240200.0	3000.0	1204.1743779787155	0.0	0	230.30962821978028	1404.1743779781973	1	0	1	2.1621676551962263
241200.0	3000.0	1204.1743779787355	0.0	0	181.7557486097794	1404.1743779781682	1	0	1	2.1621676551962294
242200.0	3000.0	1204.1743779787223	0.0	0	277.52493479984696	1404.1743779781682	1	0	1	2.1621676551962294
243200.0	3000.0	1204.1743779787403	0.0	0	351.5421932171448	1404.1743779781973	1	0	1	2.1621676551962263
244200.0	3000.0	1204.1743779787666	0.0	0	414.5675471998402	1404.1743779782264	1	0	1	2.162167655196224
245200.0	3000.0	1204.1743779787444	0.0	0	316.3596532626252	1404.1743779782264	1	0	1	2.1621676551962237
246200.0	3000.0	1204.1743779787346	0.0	0	308.3843385897053	1404.1743779782264	1	0	1	2.1621676551962237
247200.0	3000.0	1204.1743779787491	0.0	0	62.91707921627676	1404.1743779781973	1	0	1	2.1621676551962263
248200.0	3000.0	1204.1743779787444	0.0	0	450.36028727848316	1404.1743779781682	1	0	1	2.1621676551962294
249200.0	3000.0	1204.1743779787307	0.0	0	418.81193446862744	1404.1743779781682	1	0	1	2.1621676551962294
250200.0	3000.0	1204.1743779786907	0.0	0	225.28598301205784	1404.1743779781682	1	0	1	2.1621676551962294
251200.0	3000.0	1204.1743779786839	0.0	0	18.997855463676387	1404.1743779781682	1	0	1	2.1621676551962294
252200.0	3000.0	1204.1743779787055	0.0	0	49.081632600486046	1404.1743779781682	1	0	1	2.1621676551962294
253200.0	3000.0	1204.1743779786675	0.0	0	255.05702171009034	1404.1743779781682	1	0	1	2.1621676551962294
254200.0	3000.0	1204.174377978643	0.0	0	252.75724428740796	1404.174377978139	1	0	1	2.162167655196232
255200.0	3000.0	1204.1743779786132	0.0	0	373.34873113248614	1404.174377978139	1	0	1	2.162167655196232
256200.0	3000.0	1204.1743779785752	0.0	0	372.249576403643	1404.174377978139	1	0	1	2.162167655196232
257200.0	3000.0	1204.1743779785743	0.0	0	364.6836420594773	1404.17437797811	1	0	1	2.1621676551962348
258200.0	3000.0	1204.1743779786202	0.0	0	340.82979591607	1404.17437797811	1	0	1	2.162167655196235
259200.0	3000.0	1204.1743779786104	0.0	0	296.0174737221678	1404.17437797811	1	0	1	2.162167655196235
260210.61212572912	3000.0	1193.5622522494991	0.0	0	0.0	1404.17437797811	1	0	1	2.162167655196235
261200.0	3000.0	1204.1743779786623	0.0	0	152.0363264104817	1404.1743779780809	1	0	1	2.162167655196238
262200.0	3000.0	1204.1743779786668	0.0	0	145.25878043146804	1404.1743779780809	1	0	1	2.162167655196238
263200.0	3000.0	1204.1743779786752	0.0	0	308.36402441660175	1404.1743779780518	1	0	1	2.162167655196239
264200.0	3000.0	1204.1743779787196	0.0	0	105.05839270690922	1404.1743779780227	1	0	1	2.1621676551962437
265200.0	3000.0	1204.1743779786875	0.0	0	177.95257557253353	1404.1743779780227	1	0	1	2.1621676551962437
266200.0	3000.0	1204.1743779786502	0.0	0	163.42450119461864	1404.1743779780809	1	0	1	2.162167655196238
267200.0	3000.0	1204.1743779786375	0.0	0	199.42431238957215	1404.1743779780809	1	0	1	2.162167655196238
268200.0	3000.0	1204.1743779786443	0.0	0	255.44748566980707	1404.1743779780809	1	0	1	2.162167655196238
269200.0	3000.0	1204.1743779785927	0.0	0	229.11585705104517	1404.1743779780227	1	0	1	2.1621676551962437
270200.0	3000.0	1204.1743779786073	0.0	0	361.82767188339494	1404.1743779780809	1	0	1	2.162167655196238
271200.0	3000.0	1204.1743779786307	0.0	0	83.00143101171125	1404.174377978139	1	0	1	2.162167655196232
272200.0	3000.0	1204.174377978604	0.0	0	175.86382196185878	1404.174377978139	1	0	1	2.162167655196232
273200.0	3000.0	1204.1743779786727	0.0	0	257.30752152221976	1404.1743779780809	1	0	1	2.162167655196238
274264.77319327	3000.0	1139.4011847087247	0.0	0	0.0	1404.174377978139	1	0	1	2.162167655196232
275550.1029465479	3000.0	854.0714314308567	0.0	0	0.0	1404.1743779782555	1	0	1	2.162167655196225
276303.5301960707	3000.0	1100.644181908005	0.0	0	0.0	1404.1743779782555	1	0	1	2.1621676551962206
277200.0	3000.0	1204.1743779786825	0.0	0	122.58057892415673	1404.1743779782555	1	0	1	2.1621676551962206
278200.0	3000.0	1204.1743779787162	0.0	0	462.4454623530619	1404.1743779781973	1	0	1	2.1621676551962263
279220.3109289454	3000.0	1183.8634490333288	0.0	0	0.0	1404.1743779781973	1	0	1	2.1621676551962263
280200.0	3000.0	1204.1743779786843	0.0	0	89.39831280091312	1404.1743779781973	1	0	1	2.1621676551962263
281200.0	3000.0	1204.1743779787566	0.0	0	257.1605771824834	1404.1743779781973	1	0	1	2.1621676551962263
282200.0	3000.0	1204.1743779787776	0.0	0	250.02494538290193	1404.1743779781973	1	0	1	2.1621676551962263
283200.0	3000.0	1204.1743779788083	0.0	0	308.33440148766385	1404.1743779781973	1	0	1	2.1621676551962263
284200.0	3000.0	1204.1743779787305	0.0	0	447.28615593968425	1404.174377978139	1	0	1	2.162167655196232
285200.0	3000.0	1204.1743779786823	0.0	0	303.39406293275533	1404.174377978139	1	0	1	2.162167655196232
286200.0	3000.0	1204.174377978684	0.0	0	163.42786733206594	1404.1743779780809	1	0	1	2.162167655196238
287228.188322874	3000.0	1175.9860551046572	0.0	0	0.0	1404.1743779780809	1	0	1	2.162167655196238
288200.0	3000.0	1204.174377978697	0.0	0	297.8364320928813	1404.1743779780809	1	0	1	2.162167655196238
289200.0	3000.0	1204.1743779787028	0.0	0	31.53459909616504	1404.1743779780227	1	0	1	2.1621676551962437
290200.0	3000.0	1204.174377978672	0.0	0	15.410760367580224	1404.1743779780227	1	0	1	2.1621676551962437
291200.0	3000.0	1204.1743779786673	0.0	0	16.917290542507544	1404.1743779780227	1	0	1	2.1621676551962437
292200.0	3000.0	1204.1743779787073	0.0	0	49.87694298842689	1404.1743779780809	1	0	1	2.162167655196238
293278.78138349	3000.0	1125.392994488712	0.0	0	0.0	1404.1743779780809	1	0	1	2.162167655196238
294200.0	3000.0	1204.1743779787719	0.0	0	23.020626788842492	1404.1743779780809	1	0	1	2.162167655196238
295200.0	3000.0	1204.174377978738	0.0	0	208.66920731769642	1404.1743779780809	1	0	1	2.162167655196238
296200.0	3000.0	1204.1743779786968	0.0	0	177.83767717157025	1404.1743779780809	1	0	1	2.162167655196238
297501.0979291365	3000.0	903.0764488422192	0.0	0	0.0	1404.174377978139	1	0	1	2.162167655196232
298722.8772138038	3000.0	681.2971641748884	0.0	0	0.0	1404.174377978139	1	0	1	2.162167655196232
299264.40858160757	3000.0	1139.7657963711126	0.0	0	0.0	1404.174377978139	1	0	1	2.162167655196232
300200.0	2000.0	1204.1743779786998	0.0	0	377.6214944756939	1404.174377978139	1	0	1	1.3512374389799027
3.86	2.51	5.04	3.3	4.49	3.53	4.03	2.71	3.98	4.75	3.05	5.24	4.08	4.15	4.2	3.7	2.1	2.84	4.25	3.88	3.53	3.06	3.89	3.61	3.66	4.02	4.17	3.29	4.14	3.09	3.64	3.2	3.08	2.76	4.67	3.3	3.79	3.82	4.43	3.57	3.21	3.78	3.8	3.5	3.27	3.03	4.33	3.45	3.98	2.99	3.43	2.8	2.79	4.47	3.24	4.53	2.76	3.68	5.98	5.15	2.53	4.25	3.93	3.0	2.39	3.68	5.37	2.78	3.35	3.44	3.16	2.7	4.73	3.23	3.45	5.15	5.02	4.47	3.09	4.31	3.59	2.83	4.32	4.83	3.94	3.75	4.65	4.34	5.95	4.44	3.3	4.05	4.26	4.47	3.96	4.6	3.36	3.98	3.63	3.36	3.94	4.01	3.74	3.65	3.97	4.05	2.83	3.86	2.97	3.65	3.73	3.89	4.87	4.17	4.53	3.42	5.04	4.63	4.55	3.32	3.1	4.24	4.68	5.07	3.32	4.01	4.81	5.47	5.2	4.32	4.71	4.63	3.36	3.76	3.63	4.18	3.32	3.54	3.46	3.52	3.89	2.5	3.21	3.1	5.24	2.97	3.43	4.15	4.18	3.9	3.86	2.51	5.04	3.3	4.49	3.53	4.03	2.71	3.98	4.75	3.05	5.24	4.08	4.15	4.2	3.7	2.1	2.84	4.25	3.88	3.53	3.06	3.89	3.61	3.66	4.02	4.17	3.29	4.14	3.09	3.64	3.2	3.08	2.76	4.67	3.3	3.79	3.82	4.43	3.57	3.21	3.78	3.8	3.5	3.27	3.03	4.33	3.45	3.98	2.99	3.43	2.8	2.79	4.47	3.24	4.53	2.76	3.68	5.98	5.15	2.53	4.25	3.93	3.0	2.39	3.68	5.37	2.78	3.35	3.44	3.16	2.7	4.73	3.23	3.45	5.15	5.02	4.47	3.09	4.31	3.59	2.83	4.32	4.83	3.94	3.75	4.65	4.34	5.95	4.44	3.3	4.05	4.26	4.47	3.96	4.6	3.36	3.98	3.63	3.36	3.94	4.01	3.74	3.65	3.97	4.05	2.83	3.86	2.97	3.65	3.73	3.89	4.87	4.17	4.53	3.42	5.04	4.63	4.55	3.32	3.1	4.24	4.68	5.07	3.32	4.01	4.81	5.47	5.2	4.32	4.71	4.63	3.36	3.76	3.63	4.18	3.32	3.54	3.46	3.52	3.89	2.5	3.21	3.1	5.24	2.97	3.43
1.0	2.0	3.0	4.0	5.0	6.0	7.0	8.0	9.0	10.0	11.0	12.0	13.0	14.0	15.0	16.0	17.0	18.0	19.0	20.0	21.0	22.0	23.0	24.0	25.0	26.0	27.0	28.0	29.0	30.0	31.0	32.0	33.0	34.0	35.0	36.0	37.0	38.0	39.0	40.0	41.0	42.0	43.0	44.0	45.0	46.0	47.0	48.0	49.0	50.0	51.0	52.0	53.0	54.0	55.0	56.0	57.0	58.0	59.0	60.0	61.0	62.0	63.0	64.0	65.0	66.0	67.0	68.0	69.0	70.0	71.0	72.0	73.0	74.0	75.0	76.0	77.0	78.0	79.0	80.0	81.0	82.0	83.0	84.0	85.0	86.0	87.0	88.0	89.0	90.0	91.0	92.0	93.0	94.0	95.0	96.0	97.0	98.0	99.0	100.0	101.0	102.0	103.0	104.0	105.0	106.0	107.0	108.0	109.0	110.0	111.0	112.0	113.0	114.0	115.0	116.0	117.0	118.0	119.0	120.0	121.0	122.0	123.0	124.0	125.0	126.0	127.0	128.0	129.0	130.0	131.0	132.0	133.0	134.0	135.0	136.0	137.0	138.0	139.0	140.0	141.0	142.0	143.0	144.0	145.0	146.0	147.0	148.0	149.0	149.0	150.0	151.0	152.0	153.0	154.0	155.0	156.0	157.0	158.0	159.0	160.0	161.0	162.0	163.0	164.0	165.0	166.0	167.0	168.0	169.0	170.0	171.0	172.0	173.0	174.0	175.0	176.0	177.0	178.0	179.0	180.0	181.0	182.0	183.0	184.0	185.0	186.0	187.0	188.0	189.0	190.0	191.0	192.0	193.0	194.0	195.0	196.0	197.0	198.0	199.0	200.0	201.0	202.0	203.0	204.0	205.0	206.0	207.0	208.0	209.0	210.0	211.0	212.0	213.0	214.0	215.0	216.0	217.0	218.0	219.0	220.0	221.0	222.0	223.0	224.0	225.0	226.0	227.0	228.0	229.0	230.0	231.0	232.0	233.0	234.0	235.0	236.0	237.0	238.0	239.0	240.0	241.0	242.0	243.0	244.0	245.0	246.0	247.0	248.0	249.0	250.0	251.0	252.0	253.0	254.0	255.0	256.0	257.0	258.0	259.0	260.0	261.0	262.0	263.0	264.0	265.0	266.0	267.0	268.0	269.0	270.0	271.0	272.0	273.0	274.0	275.0	276.0	277.0	278.0	279.0	280.0	281.0	282.0	283.0	284.0	285.0	286.0	287.0	288.0	289.0	290.0	291.0	292.0	293.0	294.0	295.0	296.0
5521.409576187943
