2586.803399335675	300.0	2000.0	87.03501457322925	0	0.0	2586.803399335675	1	0	1	-0.7794408756200928
3200.0	300.0	2325.483739269243	0.0	0	542.0771669262808	2525.4837392692425	1	0	2	-0.6559805562640533
4200.0	300.0	2225.483739269244	0.0	0	908.1002961939084	2425.4837392692434	1	0	2	-0.44654837392692454
5200.0	300.0	2125.483739269244	0.0	0	893.7651056606901	2325.4837392692434	1	0	2	-0.4365483739269246
6200.0	300.0	2025.4837392692439	0.0	0	873.671529757039	2225.4837392692443	1	0	2	-0.4265483739269246
7200.0	300.0	1925.4837392692436	0.0	0	920.433282844815	2125.4837392692443	1	0	2	-0.4165483739269247
8200.0	300.0	1825.4837392692436	0.0	0	918.9242488608361	2025.4837392692452	1	0	2	-0.4065483739269247
9200.0	300.0	1725.483739269244	0.0	0	938.7981597538455	1925.4837392692461	1	0	2	-0.39654837392692477
10200.0	300.0	1625.4837392692461	0.0	0	933.2052378174176	1825.4837392692498	1	0	2	-0.3865483739269251
11200.0	300.0	1525.4837392692464	0.0	0	922.358339143886	1725.4837392692516	1	0	2	-0.37654837392692536
12200.0	300.0	1425.483739269247	0.0	0	919.2276873396986	1625.4837392692516	1	0	2	-0.36654837392692535
13200.0	300.0	1325.4837392692475	0.0	0	897.3985196289668	1525.4837392692516	1	0	2	-0.35654837392692534
14200.0	500.0	1225.483739269248	0.0	0	837.326408850613	1425.4837392692498	1	0	2	-0.3465483739269251
15200.0	1000.0	1225.4837392692461	0.0	0	793.8081056652954	1425.483739269248	1	0	1	0.1682772498390659
16200.0	1000.0	1225.4837392692457	0.0	0	821.9938016044343	1425.483739269248	1	0	1	1.0614244303990115
17200.0	2000.0	1225.4837392692448	0.0	0	660.568247414154	1425.483739269248	1	0	1	1.0614244303990112
18200.0	2000.0	1225.4837392692502	0.0	0	491.38342549627487	1425.4837392692498	1	0	1	1.7545716109589562
19200.0	3000.0	1225.483739269254	0.0	0	273.43532054322714	1425.4837392692498	1	0	1	1.7545716109589564
20200.0	3000.0	1225.4837392692536	0.0	0	409.5020451710516	1425.4837392692534	1	0	1	2.160036719067121
21200.0	3000.0	1225.483739269256	0.0	0	417.72596192467245	1425.4837392692534	1	0	1	2.160036719067121
22200.0	3000.0	1225.4837392692577	0.0	0	490.9928707462859	1425.4837392692534	1	0	1	2.160036719067121
23200.0	3000.0	1225.483739269255	0.0	0	671.9423322258335	1425.4837392692534	1	0	1	2.160036719067121
24200.0	3000.0	1225.483739269251	0.0	0	505.41507819528124	1425.4837392692534	1	0	1	2.160036719067121
25200.0	3000.0	1225.4837392692523	0.0	0	510.8399778516723	1425.4837392692498	1	0	1	2.1600367190671212
26200.0	3000.0	1225.4837392692502	0.0	0	375.024341606284	1425.4837392692498	1	0	1	2.1600367190671212
27200.0	3000.0	1225.4837392692496	0.0	0	400.56555334126824	1425.4837392692498	1	0	1	2.1600367190671212
28200.0	3000.0	1225.4837392692477	0.0	0	554.645991249814	1425.4837392692461	1	0	1	2.1600367190671217
29200.0	3000.0	1225.483739269247	0.0	0	601.6894862335903	1425.4837392692461	1	0	1	2.1600367190671217
30200.0	3000.0	1225.4837392692443	0.0	0	494.5000117343443	1425.4837392692461	1	0	1	2.1600367190671217
31200.0	3000.0	1225.4837392692496	0.0	0	542.6187715325541	1425.4837392692498	1	0	1	2.1600367190671212
32200.0	3000.0	1225.483739269248	0.0	0	588.4585694652887	1425.4837392692534	1	0	1	2.160036719067121
33200.0	3000.0	1225.4837392692475	0.0	0	427.71327599900906	1425.4837392692534	1	0	1	2.160036719067121
34200.0	3000.0	1225.4837392692486	0.0	0	586.1943834940539	1425.483739269257	1	0	1	2.160036719067121
35200.0	3000.0	1225.4837392692455	0.0	0	699.4113297947988	1425.4837392692498	1	0	1	2.1600367190671212
36200.0	3000.0	1225.4837392692468	0.0	0	661.3602142374148	1425.4837392692498	1	0	1	2.1600367190671212
37887.09502797847	6000.0	538.3887112907818	0.0	0	0.0	1425.483739269257	1	0	1	2.1600367190671204
38455.41142168521	3000.0	970.072317584037	0.0	0	0.0	1425.4837392692643	1	0	1	1.4668895385071747
39200.0	3000.0	1225.4837392692393	0.0	0	89.07645589742606	1425.4837392692643	1	0	1	2.1600367190671195
40200.0	3000.0	1225.4837392692446	0.0	0	570.3457311152815	1425.4837392692643	1	0	1	2.1600367190671195
41200.0	3000.0	1225.483739269244	0.0	0	355.3321531544061	1425.4837392692643	1	0	1	2.1600367190671195
42200.0	3000.0	1225.4837392692411	0.0	0	471.8836850667285	1425.483739269257	1	0	1	2.1600367190671204
43200.0	3000.0	1225.4837392692332	0.0	0	629.6440354636943	1425.483739269257	1	0	1	2.1600367190671204
44200.0	3000.0	1225.4837392692298	0.0	0	499.06724774680333	1425.483739269257	1	0	1	2.1600367190671204
45200.0	3000.0	1225.4837392692298	0.0	0	396.53129212541535	1425.4837392692498	1	0	1	2.1600367190671212
46200.0	3000.0	1225.4837392692327	0.0	0	461.92295411283703	1425.4837392692425	1	0	1	2.1600367190671217
47200.0	3000.0	1225.483739269225	0.0	0	583.6986625680729	1425.4837392692425	1	0	1	2.1600367190671217
48200.0	3000.0	1225.4837392692223	0.0	0	633.0493844263328	1425.4837392692425	1	0	1	2.1600367190671217
49200.0	3000.0	1225.4837392692318	0.0	0	617.3774524840701	1425.4837392692498	1	0	1	2.1600367190671212
50200.0	3000.0	1225.4837392692223	0.0	0	476.36496852150594	1425.4837392692498	1	0	1	2.1600367190671212
51312.273512398366	6000.0	1113.2102268708522	0.0	0	0.0	1425.4837392692498	1	0	1	2.160036719067121
52200.0	3000.0	1225.4837392692223	0.0	0	370.22194963861693	1425.483739269257	1	0	1	1.4668895385071754
53200.0	3000.0	1225.4837392692164	0.0	0	577.2326899706168	1425.483739269257	1	0	1	2.1600367190671204
54200.0	3000.0	1225.4837392692127	0.0	0	436.26864585399744	1425.483739269257	1	0	1	2.1600367190671204
55200.0	3000.0	1225.4837392692123	0.0	0	479.5778829261908	1425.4837392692498	1	0	1	2.1600367190671212
56200.0	3000.0	1225.4837392692089	0.0	0	554.5618237194358	1425.4837392692498	1	0	1	2.1600367190671212
57200.0	3000.0	1225.4837392692039	0.0	0	533.8945437220973	1425.4837392692498	1	0	1	2.1600367190671212
58200.0	3000.0	1225.4837392692052	0.0	0	627.9169188787637	1425.4837392692498	1	0	1	2.1600367190671212
59200.0	3000.0	1225.4837392692139	0.0	0	646.3032223033006	1425.4837392692498	1	0	1	2.1600367190671212
60200.0	3000.0	1225.4837392692116	0.0	0	293.93030189094134	1425.4837392692498	1	0	1	2.1600367190671212
61200.0	3000.0	1225.4837392692048	0.0	0	366.2583961349592	1425.4837392692498	1	0	1	2.1600367190671212
62200.0	3000.0	1225.4837392691988	0.0	0	406.4331805521797	1425.4837392692425	1	0	1	2.1600367190671217
63200.0	3000.0	1225.4837392691907	0.0	0	451.9830017547429	1425.4837392692425	1	0	1	2.1600367190671217
64200.0	3000.0	1225.4837392691904	0.0	0	281.81158852163935	1425.4837392692352	1	0	1	2.1600367190671226
65200.0	3000.0	1225.4837392691882	0.0	0	401.3329767833857	1425.4837392692352	1	0	1	2.1600367190671226
66200.0	3000.0	1225.4837392691893	0.0	0	290.91145369550213	1425.4837392692352	1	0	1	2.1600367190671226
67200.0	3000.0	1225.483739269189	0.0	0	528.6932740788616	1425.4837392692425	1	0	1	2.1600367190671217
68200.0	3000.0	1225.4837392691672	0.0	0	475.86084950430086	1425.4837392692425	1	0	1	2.1600367190671217
69200.0	3000.0	1225.4837392691786	0.0	0	458.8015497685701	1425.483739269257	1	0	1	2.1600367190671204
70200.0	3000.0	1225.483739269172	0.0	0	522.0417023760383	1425.4837392692716	1	0	1	2.1600367190671186
71200.0	3000.0	1225.4837392691811	0.0	0	574.7190877048415	1425.4837392692716	1	0	1	2.1600367190671186
72200.0	3000.0	1225.4837392691718	0.0	0	744.615963471253	1425.4837392692716	1	0	1	2.1600367190671186
73200.0	3000.0	1225.483739269185	0.0	0	364.95828703317966	1425.4837392692716	1	0	1	2.1600367190671186
74200.0	3000.0	1225.4837392691766	0.0	0	505.3705758709548	1425.4837392692716	1	0	1	2.1600367190671186
75200.0	3000.0	1225.4837392691645	0.0	0	439.3455325594259	1425.4837392692716	1	0	1	2.1600367190671186
76200.0	3000.0	1225.483739269165	0.0	0	546.971077625858	1425.4837392692716	1	0	1	2.1600367190671186
77200.0	3000.0	1225.4837392691693	0.0	0	217.67446395325533	1425.4837392692716	1	0	1	2.1600367190671186
78200.0	3000.0	1225.4837392691672	0.0	0	460.6848943222867	1425.4837392692716	1	0	1	2.1600367190671186
79200.0	3000.0	1225.483739269165	0.0	0	49.23349380897707	1425.4837392692716	1	0	1	2.1600367190671186
80200.0	3000.0	1225.483739269158	0.0	0	30.003524453088176	1425.4837392692716	1	0	1	2.1600367190671186
81200.0	3000.0	1225.4837392691513	0.0	0	502.97828268719604	1425.4837392692862	1	0	1	2.1600367190671173
82200.0	3000.0	1225.4837392691627	0.0	0	604.0371682189871	1425.4837392693007	1	0	1	2.160036719067116
83200.0	3000.0	1225.4837392691484	0.0	0	514.1006777101429	1425.4837392693007	1	0	1	2.160036719067116
84200.0	3000.0	1225.4837392691484	0.0	0	624.358451828055	1425.4837392693007	1	0	1	2.160036719067116
85200.0	3000.0	1225.483739269143	0.0	0	403.82826060874504	1425.4837392693007	1	0	1	2.160036719067116
86200.0	3000.0	1225.4837392691422	0.0	0	462.08163182290446	1425.4837392693007	1	0	1	2.160036719067116
87200.0	3000.0	1225.483739269146	0.0	0	389.2757436302927	1425.4837392693007	1	0	1	2.160036719067116
88200.0	3000.0	1225.4837392691425	0.0	0	487.91929394978797	1425.4837392693007	1	0	1	2.160036719067116
89200.0	3000.0	1225.483739269152	0.0	0	414.99877981477766	1425.4837392693007	1	0	1	2.160036719067116
90200.0	3000.0	1225.4837392691522	0.0	0	298.08668425840733	1425.4837392693007	1	0	1	2.160036719067116
91200.0	3000.0	1225.483739269164	0.0	0	541.3621340356331	1425.4837392693007	1	0	1	2.160036719067116
92200.0	3000.0	1225.483739269167	0.0	0	326.52264758749516	1425.4837392692862	1	0	1	2.1600367190671173
93200.0	3000.0	1225.483739269187	0.0	0	155.3586119105894	1425.4837392692862	1	0	1	2.1600367190671173
94200.0	3000.0	1225.483739269176	0.0	0	465.75453986662615	1425.4837392692862	1	0	1	2.1600367190671173
95200.0	3000.0	1225.4837392691766	0.0	0	579.980367278491	1425.4837392692862	1	0	1	2.1600367190671173
96200.0	3000.0	1225.483739269166	0.0	0	336.0466494883003	1425.4837392692862	1	0	1	2.1600367190671173
97200.0	3000.0	1225.4837392691704	0.0	0	222.79383133030205	1425.4837392692862	1	0	1	2.1600367190671173
98200.0	3000.0	1225.4837392691704	0.0	0	320.67793963207805	1425.4837392692862	1	0	1	2.1600367190671173
99200.0	3000.0	1225.4837392691627	0.0	0	397.9529656208033	1425.4837392692716	1	0	1	2.1600367190671186
100200.0	3000.0	1225.4837392691877	0.0	0	437.7550193049974	1425.4837392692862	1	0	1	2.1600367190671173
101200.0	3000.0	1225.4837392691736	0.0	0	613.9760706769011	1425.4837392692862	1	0	1	2.1600367190671173
102200.0	3000.0	1225.483739269157	0.0	0	479.5186158926226	1425.4837392692862	1	0	1	2.1600367190671173
103200.0	3000.0	1225.483739269158	0.0	0	368.4503846956068	1425.4837392692862	1	0	1	2.1600367190671173
104200.0	3000.0	1225.483739269164	0.0	0	300.9836652326776	1425.4837392692862	1	0	1	2.1600367190671173
105200.0	3000.0	1225.4837392691618	0.0	0	297.629391625931	1425.4837392692862	1	0	1	2.1600367190671173
106200.0	3000.0	1225.4837392691568	0.0	0	393.6309362936736	1425.4837392692862	1	0	1	2.1600367190671173
107200.0	3000.0	1225.4837392691572	0.0	0	462.7438358801446	1425.4837392693007	1	0	1	2.160036719067116
108200.0	3000.0	1225.4837392691406	0.0	0	170.21406749046582	1425.4837392692862	1	0	1	2.1600367190671173
109200.0	3000.0	1225.4837392691552	0.0	0	382.6985933565593	1425.4837392693007	1	0	1	2.160036719067116
110200.0	3000.0	1225.4837392691327	0.0	0	365.7717406246811	1425.4837392693007	1	0	1	2.160036719067116
111200.0	3000.0	1225.4837392691365	0.0	0	478.657111393768	1425.4837392693007	1	0	1	2.160036719067116
112200.0	3000.0	1225.4837392691306	0.0	0	239.63282393323607	1425.4837392693007	1	0	1	2.160036719067116
113200.0	3000.0	1225.483739269135	0.0	0	242.210808776028	1425.4837392693153	1	0	1	2.1600367190671146
114200.0	3000.0	1225.4837392691325	0.0	0	356.1507049792417	1425.4837392693153	1	0	1	2.1600367190671146
115200.0	3000.0	1225.4837392691195	0.0	0	533.0803880943567	1425.4837392693153	1	0	1	2.1600367190671146
116200.0	3000.0	1225.4837392691202	0.0	0	619.7357928514393	1425.4837392693153	1	0	1	2.1600367190671146
117200.0	3000.0	1225.4837392691345	0.0	0	472.6891782369639	1425.4837392693153	1	0	1	2.1600367190671146
118200.0	3000.0	1225.483739269142	0.0	0	319.3736898096686	1425.4837392693298	1	0	1	2.1600367190671133
119200.0	3000.0	1225.4837392691259	0.0	0	388.79210068521206	1425.4837392693153	1	0	1	2.1600367190671146
120200.0	3000.0	1225.483739269133	0.0	0	540.9868994765129	1425.4837392693153	1	0	1	2.1600367190671146
121200.0	3000.0	1225.483739269135	0.0	0	516.2019614837918	1425.4837392693298	1	0	1	2.1600367190671133
122200.0	3000.0	1225.483739269144	0.0	0	559.7292638361832	1425.4837392693298	1	0	1	2.1600367190671133
123200.0	3000.0	1225.4837392691313	0.0	0	635.6312912208377	1425.4837392693153	1	0	1	2.1600367190671146
124200.0	3000.0	1225.4837392691363	0.0	0	380.3550017739908	1425.4837392693153	1	0	1	2.1600367190671146
125200.0	3000.0	1225.4837392691259	0.0	0	561.8894697780343	1425.4837392693153	1	0	1	2.1600367190671146
126200.0	3000.0	1225.4837392691243	0.0	0	574.4346805550886	1425.4837392693153	1	0	1	2.1600367190671146
127200.0	3000.0	1225.4837392691134	0.0	0	673.4484105486918	1425.4837392693153	1	0	1	2.1600367190671146
128200.0	3000.0	1225.4837392691218	0.0	0	543.5260561786126	1425.4837392693298	1	0	1	2.1600367190671133
129200.0	3000.0	1225.483739269129	0.0	0	473.7065255053749	1425.4837392693298	1	0	1	2.1600367190671133
130200.0	3000.0	1225.4837392691284	0.0	0	536.0517917102989	1425.4837392693298	1	0	1	2.1600367190671133
131200.0	3000.0	1225.4837392691152	0.0	0	632.8716981435282	1425.4837392693444	1	0	1	2.1600367190671115
132454.39114216503	6000.0	971.0925971040864	0.0	0	0.0	1425.4837392693298	1	0	1	2.160036719067113
133749.17087648317	6000.0	676.312862785894	0.0	0	0.0	1425.4837392693444	1	0	1	2.8531838996270564
134213.4190100845	3000.0	1212.0647291845894	0.0	0	0.0	1425.4837392693444	1	0	1	1.4668895385071665
135200.0	3000.0	1225.4837392690863	0.0	0	359.6754697699798	1425.4837392693444	1	0	1	2.1600367190671115
136200.0	3000.0	1225.4837392690658	0.0	0	485.2254100142454	1425.4837392693444	1	0	1	2.1600367190671115
137200.0	3000.0	1225.483739269069	0.0	0	499.2015147190541	1425.4837392693444	1	0	1	2.1600367190671115
138200.0	3000.0	1225.4837392690897	0.0	0	441.40726811019704	1425.4837392693735	1	0	1	2.160036719067109
139200.0	3000.0	1225.4837392690717	0.0	0	441.5493619921617	1425.4837392693735	1	0	1	2.160036719067109
140200.0	3000.0	1225.4837392690777	0.0	0	208.07693893677788	1425.4837392693444	1	0	1	2.1600367190671115
141200.0	3000.0	1225.4837392690888	0.0	0	450.1561269793892	1425.4837392693444	1	0	1	2.1600367190671115
142200.0	3000.0	1225.4837392691056	0.0	0	492.9283930431702	1425.4837392693444	1	0	1	2.1600367190671115
143200.0	3000.0	1225.4837392691009	0.0	0	539.6594003688951	1425.4837392693444	1	0	1	2.1600367190671115
144470.052552741	3000.0	955.4311865280858	0.0	0	0.0	1425.4837392693444	1	0	1	2.1600367190671115
145200.0	3000.0	1225.483739269096	0.0	0	47.7899928544939	1425.4837392693444	1	0	1	2.1600367190671115
146200.0	3000.0	1225.4837392690956	0.0	0	335.22158304660115	1425.4837392693735	1	0	1	2.160036719067109
147200.0	3000.0	1225.483739269068	0.0	0	561.9978082729212	1425.4837392693735	1	0	1	2.160036719067109
148200.0	3000.0	1225.48373926906	0.0	0	442.09991994904703	1425.4837392693735	1	0	1	2.160036719067109
149200.0	3000.0	1225.4837392690495	0.0	0	584.5742184970295	1425.4837392694026	1	0	1	2.1600367190671057
150200.0	3000.0	1225.4837392690424	0.0	0	555.3566587150854	1425.4837392694026	1	0	1	2.1600367190671057
151200.0	3000.0	1225.483739269069	0.0	0	506.0820783673262	1425.4837392694026	1	0	1	2.1600367190671057
152200.0	3000.0	1225.4837392690742	0.0	0	610.6421064616006	1425.4837392694026	1	0	1	2.1600367190671057
153200.0	3000.0	1225.483739269066	0.0	0	490.885888241115	1425.4837392694026	1	0	1	2.1600367190671057
154200.0	3000.0	1225.4837392690977	0.0	0	255.92163751038606	1425.4837392694026	1	0	1	2.1600367190671057
155200.0	3000.0	1225.4837392690915	0.0	0	254.85803699138341	1425.4837392694026	1	0	1	2.1600367190671057
156200.0	3000.0	1225.4837392690893	0.0	0	400.5516432999575	1425.4837392694026	1	0	1	2.1600367190671057
157200.0	3000.0	1225.483739269064	0.0	0	556.2252300063265	1425.4837392693735	1	0	1	2.160036719067109
158200.0	3000.0	1225.4837392690595	0.0	0	502.0603209839901	1425.4837392693444	1	0	1	2.1600367190671115
159200.0	3000.0	1225.4837392690679	0.0	0	509.72826734697446	1425.4837392693153	1	0	1	2.160036719067114
160200.0	3000.0	1225.4837392690574	0.0	0	456.29273258629837	1425.4837392693153	1	0	1	2.1600367190671146
161200.0	3000.0	1225.4837392690717	0.0	0	466.9245331932325	1425.4837392692862	1	0	1	2.1600367190671173
162200.0	3000.0	1225.4837392690558	0.0	0	513.3643963790964	1425.4837392693153	1	0	1	2.1600367190671146
163200.0	3000.0	1225.4837392690717	0.0	0	417.9697353466763	1425.4837392693444	1	0	1	2.1600367190671115
164200.0	3000.0	1225.4837392690674	0.0	0	372.0713664860523	1425.4837392693735	1	0	1	2.160036719067109
165200.0	3000.0	1225.4837392690786	0.0	0	502.1243508477346	1425.4837392693444	1	0	1	2.1600367190671115
166200.0	3000.0	1225.4837392690772	0.0	0	600.1484225911263	1425.4837392693735	1	0	1	2.1600367190671093
167200.0	3000.0	1225.483739269048	0.0	0	166.1747987222334	1425.4837392693735	1	0	1	2.160036719067109
168200.0	3000.0	1225.4837392690881	0.0	0	515.0639990544296	1425.4837392694026	1	0	1	2.1600367190671057
169200.0	3000.0	1225.4837392690595	0.0	0	574.478728529677	1425.4837392693735	1	0	1	2.160036719067109
170200.0	3000.0	1225.4837392690476	0.0	0	436.2767938959878	1425.4837392694026	1	0	1	2.1600367190671057
171200.0	3000.0	1225.483739269049	0.0	0	515.2437947916915	1425.4837392694026	1	0	1	2.1600367190671057
172200.0	3000.0	1225.4837392690429	0.0	0	519.7696478024591	1425.4837392694026	1	0	1	2.1600367190671057
173200.0	3000.0	1225.4837392690122	0.0	0	497.13804381378577	1425.4837392694026	1	0	1	2.1600367190671057
174200.0	3000.0	1225.4837392690024	0.0	0	378.59796273638494	1425.4837392694026	1	0	1	2.1600367190671057
175200.0	3000.0	1225.4837392689956	0.0	0	273.3110946652596	1425.4837392694026	1	0	1	2.1600367190671057
176200.0	3000.0	1225.4837392689822	0.0	0	500.2300131384691	1425.4837392694026	1	0	1	2.1600367190671057
177200.0	3000.0	1225.4837392689828	0.0	0	433.42451498820446	1425.4837392694317	1	0	1	2.160036719067103
178200.0	3000.0	1225.483739269001	0.0	0	481.6405286900699	1425.4837392694317	1	0	1	2.160036719067103
179200.0	3000.0	1225.4837392689954	0.0	0	530.2880507785885	1425.4837392694317	1	0	1	2.160036719067103
180200.0	3000.0	1225.4837392690044	0.0	0	485.5185493657773	1425.4837392694317	1	0	1	2.160036719067103
181200.0	3000.0	1225.483739269038	0.0	0	459.13869162247283	1425.4837392694317	1	0	1	2.160036719067103
182200.0	3000.0	1225.483739269049	0.0	0	420.86920423671836	1425.4837392694317	1	0	1	2.160036719067103
183200.0	3000.0	1225.4837392690636	0.0	0	668.3127444847778	1425.4837392694317	1	0	1	2.160036719067103
184200.0	3000.0	1225.4837392690629	0.0	0	575.3106700088247	1425.4837392694608	1	0	1	2.1600367190671
185200.0	3000.0	1225.4837392690702	0.0	0	515.8273589234159	1425.4837392694608	1	0	1	2.1600367190671
186200.0	3000.0	1225.483739269078	0.0	0	288.4555808478617	1425.4837392694608	1	0	1	2.1600367190671
187200.0	3000.0	1225.4837392690943	0.0	0	185.77131313932477	1425.4837392694608	1	0	1	2.1600367190671
188200.0	3000.0	1225.483739269088	0.0	0	448.9714703458012	1425.4837392694608	1	0	1	2.1600367190671
189200.0	3000.0	1225.483739269106	0.0	0	309.6060744599672	1425.4837392694608	1	0	1	2.1600367190671
190200.0	3000.0	1225.4837392690924	0.0	0	349.2847784551268	1425.4837392694608	1	0	1	2.1600367190671
191200.0	3000.0	1225.48373926907	0.0	0	499.89253920389456	1425.4837392694608	1	0	1	2.1600367190671
192200.0	3000.0	1225.483739269056	0.0	0	619.67696846131	1425.48373926949	1	0	1	2.1600367190670977
193200.0	3000.0	1225.483739269015	0.0	0	526.5495103051653	1425.48373926949	1	0	1	2.1600367190670973
194200.0	3000.0	1225.4837392689976	0.0	0	471.7302182907588	1425.48373926949	1	0	1	2.1600367190670973
195200.0	3000.0	1225.483739269022	0.0	0	614.140975552582	1425.483739269519	1	0	1	2.1600367190670946
196200.0	3000.0	1225.483739269001	0.0	0	528.9825237653858	1425.483739269519	1	0	1	2.160036719067094
197200.0	3000.0	1225.4837392689774	0.0	0	569.7631224258512	1425.48373926949	1	0	1	2.160036719067097
198200.0	3000.0	1225.4837392689728	0.0	0	467.24444885909907	1425.48373926949	1	0	1	2.1600367190670973
199200.0	3000.0	1225.483739268979	0.0	0	638.7763272208977	1425.48373926949	1	0	1	2.1600367190670973
200350.508867013	6000.0	1074.974872255962	0.0	0	0.0	1425.48373926949	1	0	1	2.1600367190670973
201200.0	3000.0	1225.4837392689499	0.0	0	354.1900831317471	1425.48373926949	1	0	1	1.4668895385071523
202200.0	3000.0	1225.4837392689608	0.0	0	377.37154786428437	1425.4837392694608	1	0	1	2.1600367190671
203200.0	3000.0	1225.4837392689606	0.0	0	492.8206269079237	1425.4837392694608	1	0	1	2.1600367190671
204200.0	3000.0	1225.4837392689817	0.0	0	278.4708486215968	1425.4837392694608	1	0	1	2.1600367190671
205200.0	3000.0	1225.4837392689724	0.0	0	534.8648607025098	1425.4837392694608	1	0	1	2.1600367190671
206200.0	3000.0	1225.4837392689776	0.0	0	463.29818009305745	1425.4837392694608	1	0	1	2.1600367190671
207200.0	3000.0	1225.483739268974	0.0	0	492.18074268318014	1425.4837392694317	1	0	1	2.160036719067103
208200.0	3000.0	1225.4837392689508	0.0	0	545.4925835868053	1425.4837392694317	1	0	1	2.160036719067103
209200.0	3000.0	1225.4837392689687	0.0	0	444.38951087978785	1425.4837392694317	1	0	1	2.160036719067103
210200.0	3000.0	1225.4837392689797	0.0	0	353.68551277084043	1425.4837392694317	1	0	1	2.160036719067103
211200.0	3000.0	1225.4837392689901	0.0	0	106.13374035002198	1425.4837392694317	1	0	1	2.160036719067103
212200.0	3000.0	1225.4837392689863	0.0	0	429.94633148849243	1425.4837392694608	1	0	1	2.1600367190671
213200.0	3000.0	1225.48373926895	0.0	0	91.20859658889822	1425.4837392694608	1	0	1	2.1600367190671
214200.0	3000.0	1225.4837392689312	0.0	0	248.35702041856712	1425.4837392694608	1	0	1	2.1600367190671
215200.0	3000.0	1225.4837392689394	0.0	0	408.0454733472434	1425.48373926949	1	0	1	2.1600367190670973
216200.0	3000.0	1225.483739268947	0.0	0	382.68967536560376	1425.48373926949	1	0	1	2.1600367190670973
217200.0	3000.0	1225.4837392689544	0.0	0	403.6465761861473	1425.48373926949	1	0	1	2.1600367190670973
218200.0	3000.0	1225.4837392689672	0.0	0	527.5886776320986	1425.4837392694608	1	0	1	2.1600367190671
219200.0	3000.0	1225.4837392689622	0.0	0	472.51434976176824	1425.4837392694608	1	0	1	2.1600367190671
220200.0	3000.0	1225.4837392689312	0.0	0	649.000533875078	1425.4837392694608	1	0	1	2.1600367190671
221200.0	3000.0	1225.4837392689042	0.0	0	700.4214559446264	1425.4837392694608	1	0	1	2.1600367190671
222200.0	3000.0	1225.4837392689028	0.0	0	511.20423179503996	1425.4837392694317	1	0	1	2.1600367190671026
223200.0	3000.0	1225.4837392688987	0.0	0	416.2906209594221	1425.4837392694608	1	0	1	2.1600367190671
224200.0	3000.0	1225.4837392689064	0.0	0	521.8483175902511	1425.4837392694608	1	0	1	2.1600367190671
225200.0	3000.0	1225.483739268911	0.0	0	572.9135475221847	1425.4837392694608	1	0	1	2.1600367190671
226200.0	3000.0	1225.4837392689526	0.0	0	308.4080703953223	1425.4837392694608	1	0	1	2.1600367190671
227200.0	3000.0	1225.4837392689506	0.0	0	415.3007273786061	1425.4837392694608	1	0	1	2.1600367190671
228200.0	3000.0	1225.4837392689776	0.0	0	189.03157373066642	1425.4837392694608	1	0	1	2.1600367190671
229445.81226329526	3000.0	979.6714759736914	0.0	0	0.0	1425.4837392694608	1	0	1	2.1600367190671
230200.0	3000.0	1225.4837392689424	0.0	0	320.8082949858217	1425.4837392694608	1	0	1	2.1600367190671
231200.0	3000.0	1225.4837392689444	0.0	0	598.2612209555809	1425.4837392694317	1	0	1	2.160036719067103
232200.0	3000.0	1225.4837392689603	0.0	0	498.51506293422426	1425.4837392694608	1	0	1	2.1600367190671
233200.0	3000.0	1225.4837392689528	0.0	0	410.08345070434734	1425.4837392694317	1	0	1	2.160036719067103
234200.0	3000.0	1225.4837392689724	0.0	0	435.54975336245843	1425.4837392694608	1	0	1	2.1600367190671
235200.0	3000.0	1225.48373926897	0.0	0	465.57718083276995	1425.4837392694608	1	0	1	2.1600367190671
236200.0	3000.0	1225.483739268988	0.0	0	489.9342135291663	1425.4837392694608	1	0	1	2.1600367190671
237200.0	3000.0	1225.4837392690076	0.0	0	559.702991385624	1425.4837392694608	1	0	1	2.1600367190671
238200.0	3000.0	1225.4837392689785	0.0	0	379.7416688409576	1425.4837392694317	1	0	1	2.160036719067103
239200.0	3000.0	1225.4837392689776	0.0	0	371.3209151972842	1425.4837392694317	1	0	1	2.160036719067103
240200.0	3000.0	1225.4837392689544	0.0	0	436.84748866863083	1425.4837392694317	1	0	1	2.160036719067103
241200.0	3000.0	1225.4837392689733	0.0	0	434.7042291619291	1425.4837392694317	1	0	1	2.160036719067103
242200.0	3000.0	1225.483739268978	0.0	0	109.61590113688726	1425.4837392694317	1	0	1	2.160036719067103
243200.0	3000.0	1225.4837392689612	0.0	0	493.1573754778947	1425.4837392694026	1	0	1	2.1600367190671057
244200.0	3000.0	1225.483739268974	0.0	0	544.2663495853485	1425.4837392694608	1	0	1	2.160036719067101
245200.0	3000.0	1225.483739268998	0.0	0	365.66106323947315	1425.4837392694608	1	0	1	2.1600367190671
246200.0	3000.0	1225.4837392689838	0.0	0	418.6822160142474	1425.4837392694608	1	0	1	2.1600367190671
247200.0	3000.0	1225.48373926901	0.0	0	357.25056289011263	1425.48373926949	1	0	1	2.1600367190670973
248200.0	3000.0	1225.4837392689892	0.0	0	364.68784325383604	1425.4837392694608	1	0	1	2.1600367190671
249200.0	3000.0	1225.4837392690422	0.0	0	268.53545129703707	1425.48373926949	1	0	1	2.1600367190670973
250200.0	3000.0	1225.4837392690124	0.0	0	432.6961693542835	1425.4837392694608	1	0	1	2.1600367190671
251200.0	3000.0	1225.48373926901	0.0	0	570.4165259395959	1425.4837392694608	1	0	1	2.1600367190671
252200.0	3000.0	1225.4837392690042	0.0	0	500.04422918890486	1425.4837392694608	1	0	1	2.1600367190671
253200.0	3000.0	1225.4837392689926	0.0	0	484.4406359262939	1425.4837392694608	1	0	1	2.1600367190671
254200.0	3000.0	1225.483739268962	0.0	0	394.21716440163436	1425.4837392694317	1	0	1	2.160036719067103
255200.0	3000.0	1225.4837392689642	0.0	0	461.60500084381783	1425.4837392694317	1	0	1	2.160036719067103
256200.0	3000.0	1225.4837392689353	0.0	0	300.21588619885733	1425.4837392694026	1	0	1	2.1600367190671057
257200.0	3000.0	1225.4837392689362	0.0	0	468.21592767711263	1425.4837392694026	1	0	1	2.1600367190671057
258200.0	3000.0	1225.4837392689178	0.0	0	374.42432021338027	1425.4837392694026	1	0	1	2.1600367190671057
259200.0	3000.0	1225.4837392689078	0.0	0	541.0679932276253	1425.4837392694026	1	0	1	2.1600367190671057
260200.0	3000.0	1225.4837392688942	0.0	0	432.13208211463643	1425.4837392694026	1	0	1	2.1600367190671057
261200.0	3000.0	1225.4837392689255	0.0	0	312.37345530392486	1425.4837392694026	1	0	1	2.1600367190671057
262200.0	3000.0	1225.483739268926	0.0	0	225.71886464834097	1425.4837392694026	1	0	1	2.1600367190671057
263200.0	3000.0	1225.4837392689356	0.0	0	484.4731546288822	1425.4837392693735	1	0	1	2.1600367190671093
264200.0	3000.0	1225.4837392689653	0.0	0	583.9373218172695	1425.4837392694317	1	0	1	2.1600367190671044
265200.0	3000.0	1225.4837392689956	0.0	0	483.637810925371	1425.4837392694317	1	0	1	2.160036719067103
266200.0	3000.0	1225.4837392690156	0.0	0	642.2920932317502	1425.4837392694317	1	0	1	2.160036719067103
267200.0	3000.0	1225.4837392689728	0.0	0	591.2146495338529	1425.4837392694317	1	0	1	2.160036719067103
268200.0	3000.0	1225.4837392690506	0.0	0	567.636508136231	1425.4837392694317	1	0	1	2.160036719067103
269200.0	3000.0	1225.483739269029	0.0	0	315.4372136250022	1425.4837392694317	1	0	1	2.160036719067103
270200.0	3000.0	1225.483739269043	0.0	0	456.3511007425259	1425.4837392694317	1	0	1	2.160036719067103
271200.0	3000.0	1225.4837392690688	0.0	0	617.4635029266356	1425.4837392694317	1	0	1	2.160036719067103
272200.0	3000.0	1225.4837392690665	0.0	0	697.3999655390508	1425.4837392694317	1	0	1	2.160036719067103
273200.0	3000.0	1225.4837392690567	0.0	0	487.18855888873804	1425.48373926949	1	0	1	2.1600367190670986
274200.0	3000.0	1225.4837392690279	0.0	0	441.52324032236356	1425.48373926949	1	0	1	2.1600367190670973
275200.0	3000.0	1225.4837392691077	0.0	0	556.2827727964032	1425.48373926949	1	0	1	2.1600367190670973
276200.0	3000.0	1225.4837392690856	0.0	0	717.2384245945141	1425.4837392694317	1	0	1	2.1600367190671017
277200.0	3000.0	1225.4837392691236	0.0	0	567.5744692106382	1425.4837392694317	1	0	1	2.1600367190671017
278200.0	3000.0	1225.4837392691347	0.0	0	555.6186609192519	1425.48373926949	1	0	1	2.1600367190670973
279200.0	3000.0	1225.4837392691588	0.0	0	589.9774599148659	1425.483739269548	1	0	1	2.1600367190670915
280200.0	3000.0	1225.4837392691506	0.0	0	631.8273600587272	1425.483739269548	1	0	1	2.1600367190670915
281200.0	6000.0	1225.4837392691404	0.0	0	162.9387712276075	1425.48373926949	1	0	1	2.1600367190670973
282517.01467535854	6000.0	908.4690639105927	0.0	0	0.0	1425.48373926949	1	0	1	2.8531838996270418
283200.0	3000.0	1225.4837392691697	0.0	0	84.04017297772225	1425.48373926949	1	0	1	1.4668895385071523
284200.0	3000.0	1225.4837392691759	0.0	0	373.9054114832543	1425.48373926949	1	0	1	2.1600367190670973
285200.0	3000.0	1225.4837392691452	0.0	0	483.2927682219306	1425.48373926949	1	0	1	2.1600367190670973
286200.0	3000.0	1225.4837392692175	0.0	0	464.7849352612393	1425.483739269548	1	0	1	2.1600367190670915
287200.0	3000.0	1225.4837392691798	0.0	0	547.7706004893407	1425.483739269548	1	0	1	2.1600367190670915
288200.0	3000.0	1225.4837392691957	0.0	0	555.7259549368755	1425.483739269548	1	0	1	2.1600367190670915
289200.0	3000.0	1225.4837392692398	0.0	0	272.32118105568225	1425.483739269548	1	0	1	2.1600367190670915
290200.0	3000.0	1225.483739269252	0.0	0	527.5798273897963	1425.483739269548	1	0	1	2.1600367190670915
291200.0	3000.0	1225.483739269233	0.0	0	375.1018152546021	1425.483739269548	1	0	1	2.1600367190670915
292200.0	3000.0	1225.4837392691993	0.0	0	401.5091559875291	1425.483739269548	1	0	1	2.1600367190670915
293247.39192280406	3000.0	1178.0918164652087	0.0	0	0.0	1425.483739269548	1	0	1	2.1600367190670915
294200.0	3000.0	1225.4837392691877	0.0	0	54.82191098673502	1425.48373926949	1	0	1	2.1600367190670973
295200.0	3000.0	1225.4837392692166	0.0	0	435.61880536202807	1425.4837392694317	1	0	1	2.160036719067103
296200.0	3000.0	1225.4837392692157	0.0	0	424.12119471561164	1425.4837392694317	1	0	1	2.160036719067103
297200.0	3000.0	1225.4837392691352	0.0	0	585.2890706181643	1425.4837392693735	1	0	1	2.160036719067109
298200.0	3000.0	1225.4837392691436	0.0	0	693.4089856584906	1425.4837392693735	1	0	1	2.160036719067109
299200.0	3000.0	1225.4837392691804	0.0	0	601.4990212101256	1425.4837392694317	1	0	1	2.160036719067103
300200.0	3000.0	1225.4837392692486	0.0	0	605.1923324192176	1425.4837392694317	1	0	1	2.160036719067103
7.19	5.15	4.1	5.58	7.25	7.18	9.63	6.49	6.44	5.97	4.01	5.07	7.55	5.56	6.17	4.49	5.55	6.88	7.18	8.17	6.75	7.77	5.66	5.56	7.04	7.34	5.4	7.7	7.58	5.77	7.44	7.3	10.2	7.61	4.02	4.1	6.12	6.12	6.49	7.43	7.4	6.35	6.24	7.39	8.27	6.56	6.38	6.8	4.43	6.95	5.44	6.27	5.36	5.79	8.02	7.69	6.42	4.6	5.35	4.24	6.6	4.07	6.15	5.21	7.6	5.41	5.1	7.04	10.4	10.5	4.56	5.75	6.58	5.7	4.87	5.88	3.46	2.86	6.04	8.38	7.77	6.06	5.55	5.05	4.31	7.39	6.01	5.55	5.1	6.23	3.71	7.19	5.58	6.19	4.48	6.14	4.1	5.09	8.18	5.37	6.02	5.33	5.92	6.9	4.83	4.7	6.55	5.95	5.35	5.63	4.04	4.85	7.21	8.66	7.04	5.65	5.75	4.84	5.36	8.23	8.44	4.88	7.25	9.05	9.68	6.36	8.09	8.24	5.83	6.59	5.24	5.18	5.95	6.32	7.07	6.75	6.97	4.03	6.1	6.08	5.48	2.33	4.54	5.77	5.2	7.61	11.1	7.94	7.63	9.81	7.19	5.15	4.1	5.58	7.25	7.18	9.63	6.49	6.44	5.97	4.01	5.07	7.55	5.56	6.17	4.49	5.55	6.88	7.18	8.17	6.75	7.77	5.66	5.56	7.04	7.34	5.4	7.7	7.58	5.77	7.44	7.3	10.2	7.61	4.02	4.1	6.12	6.12	6.49	7.43	7.4	6.35	6.24	7.39	8.27	6.56	6.38	6.8	4.43	6.95	5.44	6.27	5.36	5.79	8.02	7.69	6.42	4.6	5.35	4.24	6.6	4.07	6.15	5.21	7.6	5.41	5.1	7.04	10.4	10.5	4.56	5.75	6.58	5.7	4.87	5.88	3.46	2.86	6.04	8.38	7.77	6.06	5.55	5.05	4.31	7.39	6.01	5.55	5.1	6.23	3.71	7.19	5.58	6.19	4.48	6.14	4.1	5.09	8.18	5.37	6.02	5.33	5.92	6.9	4.83	4.7	6.55	5.95	5.35	5.63	4.04	4.85	7.21	8.66	7.04	5.65	5.75	4.84	5.36	8.23	8.44	4.88	7.25	9.05	9.68	6.36	8.09	8.24	5.83	6.59	5.24	5.18	5.95	6.32	7.07	6.75	6.97	4.03	6.1	6.08	5.48	2.33	4.54	5.77	5.2	7.61	11.1	7.94	7.63	9.81	7.19
1.0	2.0	3.0	4.0	5.0	6.0	7.0	8.0	9.0	10.0	11.0	12.0	13.0	14.0	15.0	16.0	17.0	18.0	19.0	20.0	21.0	22.0	23.0	24.0	25.0	26.0	27.0	28.0	29.0	30.0	31.0	32.0	33.0	34.0	35.0	36.0	37.0	38.0	39.0	40.0	41.0	42.0	43.0	44.0	45.0	46.0	47.0	48.0	49.0	50.0	51.0	52.0	53.0	54.0	55.0	56.0	57.0	58.0	59.0	60.0	61.0	62.0	63.0	64.0	65.0	66.0	67.0	68.0	69.0	70.0	71.0	72.0	73.0	74.0	75.0	76.0	77.0	78.0	79.0	80.0	81.0	82.0	83.0	84.0	85.0	86.0	87.0	88.0	89.0	90.0	91.0	92.0	93.0	94.0	95.0	96.0	97.0	98.0	99.0	100.0	101.0	102.0	103.0	104.0	105.0	106.0	107.0	108.0	109.0	110.0	111.0	112.0	113.0	114.0	115.0	116.0	117.0	118.0	119.0	120.0	121.0	122.0	123.0	124.0	125.0	126.0	127.0	128.0	129.0	130.0	131.0	132.0	133.0	134.0	135.0	136.0	137.0	138.0	139.0	140.0	141.0	142.0	143.0	144.0	145.0	146.0	147.0	148.0	149.0	149.0	150.0	151.0	152.0	153.0	154.0	155.0	156.0	157.0	158.0	159.0	160.0	161.0	162.0	163.0	164.0	165.0	166.0	167.0	168.0	169.0	170.0	171.0	172.0	173.0	174.0	175.0	176.0	177.0	178.0	179.0	180.0	181.0	182.0	183.0	184.0	185.0	186.0	187.0	188.0	189.0	190.0	191.0	192.0	193.0	194.0	195.0	196.0	197.0	198.0	199.0	200.0	201.0	202.0	203.0	204.0	205.0	206.0	207.0	208.0	209.0	210.0	211.0	212.0	213.0	214.0	215.0	216.0	217.0	218.0	219.0	220.0	221.0	222.0	223.0	224.0	225.0	226.0	227.0	228.0	229.0	230.0	231.0	232.0	233.0	234.0	235.0	236.0	237.0	238.0	239.0	240.0	241.0	242.0	243.0	244.0	245.0	246.0	247.0	248.0	249.0	250.0	251.0	252.0	253.0	254.0	255.0	256.0	257.0	258.0	259.0	260.0	261.0	262.0	263.0	264.0	265.0	266.0	267.0	268.0	269.0	270.0	271.0	272.0	273.0	274.0	275.0	276.0	277.0	278.0	279.0	280.0	281.0	282.0	283.0	284.0	285.0	286.0	287.0	288.0	289.0	290.0	291.0	292.0	293.0	294.0	295.0	296.0	297.0	298.0	298.0	299.0
2429.0896639496673
