3242.092487870451	300.0	2000.0	75.70121376915996	0	0.0	3242.092487870451	1	0	1	-0.777327176697577
3323.6968704167466	300.0	2910.2351791990745	0.0	0	0.0	3233.9320496158216	1	0	2	-0.7235073558042383
4200.0	300.0	2946.3017366574963	0.0	0	802.5985885164764	3146.3017366574963	1	0	2	-0.5186301736657498
5200.0	300.0	2846.301736657497	0.0	0	911.6591561440955	3046.301736657497	1	0	2	-0.5086301736657499
6200.0	300.0	2746.301736657497	0.0	0	915.7329257247484	2946.301736657497	1	0	2	-0.49863017366574997
7200.0	300.0	2646.301736657497	0.0	0	921.3461071004504	2846.3017366574977	1	0	2	-0.48863017366575
8200.0	300.0	2546.3017366574963	0.0	0	921.8820314967707	2746.3017366574977	1	0	2	-0.47863017366575
9200.0	300.0	2446.3017366574963	0.0	0	918.2274249215552	2646.3017366575004	1	0	2	-0.4686301736657502
10200.0	300.0	2346.3017366574954	0.0	0	932.6611868303826	2546.3017366574995	1	0	2	-0.4586301736657502
11200.0	300.0	2246.301736657496	0.0	0	921.844806398185	2446.3017366574986	1	0	2	-0.44863017366575014
12200.0	300.0	2146.3017366574973	0.0	0	929.8418898593991	2346.3017366575004	1	0	2	-0.4386301736657502
13200.0	300.0	2046.3017366574993	0.0	0	932.2574532533581	2246.3017366575004	1	0	2	-0.4286301736657503
14200.0	300.0	1946.3017366575014	0.0	0	911.773706961354	2146.301736657504	1	0	2	-0.41863017366575067
15200.0	300.0	1846.3017366575018	0.0	0	912.6847435395248	2046.3017366575023	1	0	2	-0.40863017366575044
16200.0	300.0	1746.3017366575	0.0	0	905.077302695674	1946.3017366575023	1	0	2	-0.3986301736657504
17200.0	300.0	1646.301736657499	0.0	0	925.7582743962485	1846.3017366575004	1	0	2	-0.38863017366575037
18200.0	300.0	1546.3017366574993	0.0	0	914.1579753894075	1746.3017366575004	1	0	2	-0.37863017366575036
19200.0	300.0	1446.3017366575018	0.0	0	907.9708949880151	1646.3017366574968	1	0	2	-0.3686301736657501
20200.0	300.0	1346.3017366574984	0.0	0	923.5723897600656	1546.3017366574932	1	0	2	-0.3586301736657496
21200.0	500.0	1246.3017366574977	0.0	0	906.4531272427048	1446.3017366574968	1	0	2	-0.3486301736657496
22200.0	1000.0	1246.3017366574968	0.0	0	806.4181641050382	1446.3017366574968	1	0	1	0.166195450100241
23200.0	1000.0	1246.3017366574954	0.0	0	821.2155612160786	1446.3017366574968	1	0	1	1.0593426306601865
24200.0	2000.0	1246.301736657497	0.0	0	703.7280937642536	1446.3017366574968	1	0	1	1.0593426306601865
25200.0	3000.0	1246.3017366574963	0.0	0	469.83286291821423	1446.3017366574968	1	0	1	1.752489811220132
26200.0	3000.0	1246.3017366574966	0.0	0	487.17263905506843	1446.3017366574968	1	0	1	2.1579549193282963
27200.0	3000.0	1246.3017366574925	0.0	0	356.4652768543565	1446.3017366574968	1	0	1	2.1579549193282963
28200.0	3000.0	1246.3017366574898	0.0	0	196.41133286523836	1446.3017366574968	1	0	1	2.1579549193282963
29200.0	3000.0	1246.301736657491	0.0	0	490.01377968774614	1446.3017366575004	1	0	1	2.157954919328296
30200.0	3000.0	1246.3017366574875	0.0	0	439.5217138289372	1446.3017366575004	1	0	1	2.157954919328296
31200.0	3000.0	1246.3017366574877	0.0	0	597.8959372397258	1446.3017366574968	1	0	1	2.1579549193282963
32200.0	3000.0	1246.3017366574884	0.0	0	513.6820709957028	1446.3017366574968	1	0	1	2.1579549193282963
33200.0	3000.0	1246.301736657486	0.0	0	267.60535407072166	1446.3017366574932	1	0	1	2.1579549193282968
34200.0	3000.0	1246.3017366574813	0.0	0	555.2451768101018	1446.301736657486	1	0	1	2.157954919328297
35200.0	3000.0	1246.3017366574877	0.0	0	675.0322859214721	1446.301736657486	1	0	1	2.1579549193282976
36200.0	3000.0	1246.3017366574875	0.0	0	533.931064790675	1446.3017366574786	1	0	1	2.157954919328298
37200.0	3000.0	1246.301736657487	0.0	0	409.172387112616	1446.3017366574786	1	0	1	2.157954919328298
38200.0	3000.0	1246.3017366574907	0.0	0	471.17509821697604	1446.3017366574786	1	0	1	2.157954919328298
39200.0	3000.0	1246.3017366574834	0.0	0	582.8119935883442	1446.3017366574713	1	0	1	2.157954919328299
40200.0	3000.0	1246.3017366574825	0.0	0	461.9631697343284	1446.3017366574713	1	0	1	2.157954919328299
41200.0	3000.0	1246.3017366574902	0.0	0	283.1309427633314	1446.3017366574713	1	0	1	2.157954919328299
42200.0	3000.0	1246.3017366574968	0.0	0	421.3379133961207	1446.3017366574713	1	0	1	2.157954919328299
43200.0	3000.0	1246.3017366574993	0.0	0	606.3456009316942	1446.301736657464	1	0	1	2.1579549193282994
44200.0	3000.0	1246.3017366574952	0.0	0	568.0087845003145	1446.301736657464	1	0	1	2.1579549193282994
45200.0	3000.0	1246.301736657501	0.0	0	506.05578042037814	1446.301736657464	1	0	1	2.1579549193282994
46200.0	3000.0	1246.301736657509	0.0	0	276.73138642756385	1446.301736657464	1	0	1	2.1579549193282994
47200.0	3000.0	1246.3017366575077	0.0	0	526.5148149341694	1446.301736657464	1	0	1	2.1579549193282994
48200.0	3000.0	1246.3017366575068	0.0	0	629.3778485841249	1446.301736657464	1	0	1	2.1579549193282994
49200.0	3000.0	1246.3017366575043	0.0	0	323.1138980289543	1446.301736657464	1	0	1	2.1579549193282994
50200.0	3000.0	1246.3017366575104	0.0	0	307.29849826186546	1446.301736657464	1	0	1	2.1579549193282994
51200.0	3000.0	1246.3017366575084	0.0	0	443.8133805289399	1446.301736657464	1	0	1	2.1579549193282994
52200.0	3000.0	1246.3017366575045	0.0	0	593.5214751084859	1446.3017366574713	1	0	1	2.157954919328299
53200.0	3000.0	1246.301736657506	0.0	0	151.46937895679002	1446.3017366574713	1	0	1	2.157954919328299
54200.0	3000.0	1246.3017366575054	0.0	0	414.6232611548912	1446.3017366574713	1	0	1	2.157954919328299
55200.0	3000.0	1246.3017366575145	0.0	0	492.541332516681	1446.3017366574713	1	0	1	2.157954919328299
56200.0	3000.0	1246.3017366575195	0.0	0	549.8737044513255	1446.3017366574713	1	0	1	2.157954919328299
57200.0	3000.0	1246.3017366575193	0.0	0	424.63598244285095	1446.3017366574713	1	0	1	2.157954919328299
58200.0	3000.0	1246.3017366575189	0.0	0	604.3710733017288	1446.3017366574713	1	0	1	2.157954919328299
59200.0	3000.0	1246.3017366575145	0.0	0	427.1283029028491	1446.3017366574713	1	0	1	2.157954919328299
60200.0	3000.0	1246.3017366575211	0.0	0	419.5804931048333	1446.3017366574713	1	0	1	2.157954919328299
61200.0	3000.0	1246.3017366575218	0.0	0	557.2578616578467	1446.3017366574713	1	0	1	2.157954919328299
62200.0	3000.0	1246.3017366575218	0.0	0	533.7910098698339	1446.3017366574713	1	0	1	2.157954919328299
63200.0	3000.0	1246.301736657529	0.0	0	275.00882438801636	1446.3017366574713	1	0	1	2.157954919328299
64200.0	3000.0	1246.3017366575286	0.0	0	439.8543361675693	1446.3017366574786	1	0	1	2.157954919328298
65200.0	3000.0	1246.3017366575316	0.0	0	571.2168390814695	1446.3017366574786	1	0	1	2.157954919328298
66204.5346273591	3000.0	1241.7671092984333	0.0	0	0.0	1446.3017366574786	1	0	1	2.157954919328298
67200.0	3000.0	1246.3017366575386	0.0	0	444.33785885987163	1446.3017366574786	1	0	1	2.157954919328298
68200.0	3000.0	1246.3017366575407	0.0	0	456.23947036711616	1446.301736657464	1	0	1	2.1579549193282994
69200.0	3000.0	1246.30173665756	0.0	0	439.5170193128142	1446.301736657464	1	0	1	2.1579549193282994
70200.0	3000.0	1246.3017366575614	0.0	0	613.4404969925963	1446.301736657464	1	0	1	2.1579549193282994
71200.0	3000.0	1246.3017366575757	0.0	0	517.0193441713345	1446.301736657464	1	0	1	2.1579549193282994
72200.0	3000.0	1246.301736657573	0.0	0	559.9348696898669	1446.301736657464	1	0	1	2.1579549193282994
73200.0	3000.0	1246.3017366575878	0.0	0	291.0682044393034	1446.301736657464	1	0	1	2.1579549193282994
74200.0	3000.0	1246.3017366575853	0.0	0	618.6192887744401	1446.301736657464	1	0	1	2.1579549193282994
75200.0	3000.0	1246.3017366575818	0.0	0	405.74867531174095	1446.301736657464	1	0	1	2.1579549193282994
76200.0	3000.0	1246.3017366575891	0.0	0	234.29961719359562	1446.3017366574786	1	0	1	2.157954919328298
77200.0	3000.0	1246.3017366575843	0.0	0	666.7672660743556	1446.3017366574786	1	0	1	2.157954919328298
78200.0	3000.0	1246.3017366575848	0.0	0	507.9316478722176	1446.3017366574786	1	0	1	2.157954919328298
79200.0	3000.0	1246.301736657589	0.0	0	449.05171575015993	1446.3017366574786	1	0	1	2.157954919328298
80200.0	3000.0	1246.3017366575968	0.0	0	560.2754106672655	1446.3017366574786	1	0	1	2.157954919328298
81200.0	3000.0	1246.301736657598	0.0	0	521.3920638837153	1446.3017366574786	1	0	1	2.157954919328298
82200.0	3000.0	1246.301736657586	0.0	0	360.71069979651656	1446.301736657464	1	0	1	2.1579549193282994
83200.0	3000.0	1246.3017366575912	0.0	0	505.1664088337129	1446.3017366574786	1	0	1	2.157954919328298
84200.0	3000.0	1246.3017366576012	0.0	0	543.6811479778698	1446.301736657464	1	0	1	2.1579549193282994
85200.0	3000.0	1246.3017366575993	0.0	0	569.6192443830369	1446.301736657464	1	0	1	2.1579549193282994
86200.0	3000.0	1246.301736657588	0.0	0	461.47802400469664	1446.301736657464	1	0	1	2.1579549193282994
87200.0	3000.0	1246.3017366575975	0.0	0	650.0199908461364	1446.301736657464	1	0	1	2.1579549193282994
88200.0	3000.0	1246.3017366575923	0.0	0	624.1022025822895	1446.301736657464	1	0	1	2.1579549193282994
89200.0	3000.0	1246.3017366576	0.0	0	298.271876974919	1446.301736657464	1	0	1	2.1579549193282994
90200.0	3000.0	1246.3017366575887	0.0	0	588.6698442027409	1446.301736657464	1	0	1	2.1579549193282994
91200.0	3000.0	1246.3017366575925	0.0	0	380.92894954729127	1446.3017366574786	1	0	1	2.157954919328298
92254.64351478823	3000.0	1191.658221869345	0.0	0	0.0	1446.3017366574786	1	0	1	2.157954919328298
93200.0	3000.0	1246.3017366575923	0.0	0	299.8464604446053	1446.3017366574786	1	0	1	2.157954919328298
94200.0	3000.0	1246.3017366575684	0.0	0	237.42073588620406	1446.3017366574786	1	0	1	2.157954919328298
95200.0	3000.0	1246.3017366575789	0.0	0	71.2217047001468	1446.3017366574786	1	0	1	2.157954919328298
96200.0	3000.0	1246.301736657576	0.0	0	487.0333791693847	1446.3017366574786	1	0	1	2.157954919328298
97200.0	3000.0	1246.3017366575677	0.0	0	526.8144613016339	1446.3017366574786	1	0	1	2.157954919328298
98200.0	3000.0	1246.3017366575818	0.0	0	408.04688961240754	1446.3017366574932	1	0	1	2.1579549193282968
99200.0	3000.0	1246.3017366575855	0.0	0	454.92512570429244	1446.3017366574932	1	0	1	2.1579549193282968
100200.0	3000.0	1246.301736657588	0.0	0	333.67750770496787	1446.3017366575077	1	0	1	2.1579549193282954
101200.0	3000.0	1246.3017366576034	0.0	0	380.1848832828109	1446.3017366575077	1	0	1	2.1579549193282954
102200.0	3000.0	1246.3017366575973	0.0	0	414.5385750482237	1446.3017366575223	1	0	1	2.1579549193282936
103200.0	3000.0	1246.3017366575937	0.0	0	546.5614760752214	1446.3017366575223	1	0	1	2.1579549193282936
104200.0	3000.0	1246.3017366576166	0.0	0	433.6636906557542	1446.3017366575223	1	0	1	2.1579549193282936
105200.0	3000.0	1246.3017366576084	0.0	0	673.4976007415826	1446.3017366575223	1	0	1	2.1579549193282936
106200.0	3000.0	1246.3017366576023	0.0	0	500.9392035914352	1446.3017366575223	1	0	1	2.1579549193282936
107200.0	3000.0	1246.3017366576069	0.0	0	384.0208368727908	1446.3017366575223	1	0	1	2.1579549193282936
108200.0	3000.0	1246.3017366576098	0.0	0	159.37306979349523	1446.3017366575368	1	0	1	2.1579549193282923
109200.0	3000.0	1246.3017366576157	0.0	0	262.1197266590316	1446.3017366575368	1	0	1	2.1579549193282923
110200.0	3000.0	1246.3017366576266	0.0	0	342.7872189067275	1446.3017366575368	1	0	1	2.1579549193282923
111200.0	3000.0	1246.3017366576285	0.0	0	323.573319041534	1446.3017366575368	1	0	1	2.1579549193282923
112200.0	3000.0	1246.3017366576173	0.0	0	198.1164599405747	1446.3017366575223	1	0	1	2.1579549193282936
113200.0	3000.0	1246.3017366576034	0.0	0	138.4082519866497	1446.3017366575223	1	0	1	2.1579549193282936
114200.0	3000.0	1246.301736657619	0.0	0	470.3564505712566	1446.3017366575223	1	0	1	2.1579549193282936
115200.0	3000.0	1246.3017366575957	0.0	0	564.9818864110857	1446.3017366575223	1	0	1	2.1579549193282936
116200.0	3000.0	1246.3017366575905	0.0	0	291.71190011280123	1446.3017366575223	1	0	1	2.1579549193282936
117200.0	3000.0	1246.3017366575818	0.0	0	262.10319042588526	1446.3017366575223	1	0	1	2.1579549193282936
118200.0	3000.0	1246.3017366575752	0.0	0	197.31807420299447	1446.3017366575077	1	0	1	2.1579549193282954
119200.0	3000.0	1246.3017366575914	0.0	0	540.2750127253385	1446.3017366575077	1	0	1	2.1579549193282954
120200.0	3000.0	1246.3017366575853	0.0	0	401.6427238223987	1446.3017366574932	1	0	1	2.1579549193282968
121200.0	3000.0	1246.3017366575802	0.0	0	506.98876350268256	1446.3017366574932	1	0	1	2.1579549193282968
122200.0	3000.0	1246.3017366575873	0.0	0	625.4734363328607	1446.3017366574786	1	0	1	2.157954919328298
123200.0	3000.0	1246.3017366575934	0.0	0	509.02957845808123	1446.3017366574786	1	0	1	2.157954919328298
124200.0	3000.0	1246.3017366576184	0.0	0	476.6014397836698	1446.3017366574932	1	0	1	2.1579549193282968
125200.0	3000.0	1246.301736657608	0.0	0	571.785867659637	1446.3017366574932	1	0	1	2.1579549193282968
126200.0	3000.0	1246.3017366576019	0.0	0	442.83920167463657	1446.3017366574932	1	0	1	2.1579549193282968
127200.0	3000.0	1246.3017366576066	0.0	0	649.3081109384948	1446.3017366575077	1	0	1	2.1579549193282954
128200.0	3000.0	1246.301736657604	0.0	0	491.42048946156865	1446.3017366575077	1	0	1	2.1579549193282954
129200.0	3000.0	1246.3017366576066	0.0	0	647.7157705547725	1446.3017366575077	1	0	1	2.1579549193282954
130200.0	3000.0	1246.3017366575873	0.0	0	675.1408455654309	1446.3017366574932	1	0	1	2.1579549193282968
131200.0	3000.0	1246.3017366576014	0.0	0	550.0763584609813	1446.3017366575077	1	0	1	2.1579549193282954
132200.0	3000.0	1246.3017366576037	0.0	0	594.7716947686858	1446.3017366575077	1	0	1	2.157954919328295
133200.0	3000.0	1246.3017366575802	0.0	0	533.6557048348477	1446.3017366575077	1	0	1	2.157954919328295
134200.0	3000.0	1246.3017366576128	0.0	0	521.9068273176963	1446.3017366575077	1	0	1	2.1579549193282954
135200.0	3000.0	1246.3017366576396	0.0	0	420.39932305560797	1446.3017366575077	1	0	1	2.1579549193282954
136200.0	3000.0	1246.3017366576212	0.0	0	524.206189943332	1446.3017366575077	1	0	1	2.1579549193282954
137200.0	3000.0	1246.3017366575896	0.0	0	581.6044011764752	1446.3017366574786	1	0	1	2.157954919328298
138200.0	3000.0	1246.3017366575905	0.0	0	337.4554584386351	1446.3017366575077	1	0	1	2.1579549193282954
139200.0	3000.0	1246.3017366576053	0.0	0	568.673662423389	1446.3017366574786	1	0	1	2.157954919328298
140200.0	3000.0	1246.3017366575873	0.0	0	689.2849807952298	1446.3017366574786	1	0	1	2.157954919328298
141200.0	3000.0	1246.3017366575684	0.0	0	433.08828745016945	1446.3017366574786	1	0	1	2.157954919328298
142200.0	3000.0	1246.3017366575687	0.0	0	444.4432936702797	1446.3017366575077	1	0	1	2.1579549193282954
143200.0	3000.0	1246.301736657561	0.0	0	532.2404457910161	1446.3017366575077	1	0	1	2.1579549193282954
144200.0	3000.0	1246.3017366575914	0.0	0	308.1176527409698	1446.3017366575368	1	0	1	2.1579549193282923
145200.0	3000.0	1246.301736657572	0.0	0	524.3697897246457	1446.3017366575077	1	0	1	2.1579549193282954
146200.0	3000.0	1246.3017366575991	0.0	0	468.359341896954	1446.3017366575077	1	0	1	2.1579549193282954
147200.0	3000.0	1246.3017366575755	0.0	0	447.59376291936496	1446.3017366574786	1	0	1	2.157954919328298
148200.0	3000.0	1246.3017366575582	0.0	0	462.7641393452941	1446.3017366574786	1	0	1	2.157954919328298
149200.0	3000.0	1246.3017366575484	0.0	0	375.59599959736806	1446.3017366574786	1	0	1	2.157954919328298
150200.0	3000.0	1246.3017366575427	0.0	0	400.6283703573863	1446.3017366574786	1	0	1	2.157954919328298
151200.0	3000.0	1246.301736657545	0.0	0	518.3219919878466	1446.3017366574786	1	0	1	2.157954919328298
152200.0	3000.0	1246.3017366575402	0.0	0	595.866648084193	1446.3017366574786	1	0	1	2.157954919328298
153200.0	3000.0	1246.3017366575455	0.0	0	336.45137879118556	1446.3017366574786	1	0	1	2.157954919328298
154200.0	3000.0	1246.3017366575582	0.0	0	396.2861614129215	1446.3017366574786	1	0	1	2.157954919328298
155200.0	3000.0	1246.3017366575768	0.0	0	419.44752054370474	1446.3017366574786	1	0	1	2.157954919328298
156200.0	3000.0	1246.3017366575639	0.0	0	542.8040251497005	1446.3017366574786	1	0	1	2.157954919328298
157200.0	3000.0	1246.3017366575486	0.0	0	323.3983470911335	1446.3017366574495	1	0	1	2.157954919328299
158200.0	3000.0	1246.3017366575393	0.0	0	652.4446550470311	1446.3017366574495	1	0	1	2.157954919328301
159200.0	3000.0	1246.3017366575725	0.0	0	403.3575699242647	1446.3017366574495	1	0	1	2.157954919328301
160200.0	3000.0	1246.301736657537	0.0	0	301.58921534830006	1446.3017366574495	1	0	1	2.157954919328301
161200.0	3000.0	1246.3017366575623	0.0	0	679.0531746262568	1446.3017366574495	1	0	1	2.157954919328301
162200.0	3000.0	1246.3017366575555	0.0	0	680.8315447554924	1446.3017366574786	1	0	1	2.157954919328298
163200.0	3000.0	1246.30173665757	0.0	0	43.90221653741901	1446.3017366574786	1	0	1	2.157954919328298
164200.0	3000.0	1246.3017366575848	0.0	0	570.2799531862838	1446.3017366574786	1	0	1	2.157954919328298
165200.0	3000.0	1246.3017366576016	0.0	0	516.1529459712037	1446.3017366574786	1	0	1	2.157954919328298
166200.0	3000.0	1246.3017366576353	0.0	0	615.6473392928019	1446.3017366574786	1	0	1	2.157954919328298
167200.0	3000.0	1246.301736657633	0.0	0	551.5230342333671	1446.3017366574786	1	0	1	2.157954919328298
168200.0	3000.0	1246.301736657634	0.0	0	543.9156110703188	1446.3017366574786	1	0	1	2.157954919328298
169200.0	3000.0	1246.301736657617	0.0	0	415.68928654593765	1446.3017366574786	1	0	1	2.157954919328298
170200.0	3000.0	1246.3017366576428	0.0	0	568.2937080293486	1446.3017366575077	1	0	1	2.1579549193282954
171200.0	3000.0	1246.3017366576587	0.0	0	349.4315679871652	1446.3017366575077	1	0	1	2.1579549193282954
172200.0	3000.0	1246.3017366576848	0.0	0	657.6360438521951	1446.3017366575368	1	0	1	2.1579549193282923
173200.0	3000.0	1246.3017366576619	0.0	0	685.0418261533778	1446.3017366575368	1	0	1	2.1579549193282923
174200.0	3000.0	1246.3017366576114	0.0	0	661.9052388672426	1446.3017366575368	1	0	1	2.1579549193282923
175200.0	6000.0	1246.3017366576005	0.0	0	73.49094539546059	1446.3017366575368	1	0	1	2.1579549193282928
176200.0	3000.0	1246.3017366576323	0.0	0	533.2600707095698	1446.3017366575368	1	0	1	1.4648077387683474
177200.0	3000.0	1246.30173665765	0.0	0	381.70409807318356	1446.301736657566	1	0	1	2.157954919328292
178200.0	3000.0	1246.3017366576373	0.0	0	459.38859612325905	1446.301736657566	1	0	1	2.1579549193282896
179200.0	3000.0	1246.3017366576485	0.0	0	386.47205409465823	1446.301736657566	1	0	1	2.1579549193282896
180200.0	3000.0	1246.3017366576219	0.0	0	709.8642860690015	1446.301736657566	1	0	1	2.1579549193282896
181200.0	3000.0	1246.3017366575907	0.0	0	457.16704479351756	1446.3017366575368	1	0	1	2.1579549193282923
182200.0	3000.0	1246.3017366575807	0.0	0	104.2455245112069	1446.3017366575077	1	0	1	2.1579549193282928
183200.0	3000.0	1246.3017366575627	0.0	0	554.1433249365073	1446.3017366575077	1	0	1	2.1579549193282954
184200.0	3000.0	1246.3017366576	0.0	0	628.0453164451174	1446.3017366575077	1	0	1	2.1579549193282954
185200.0	3000.0	1246.301736657608	0.0	0	412.6473146149947	1446.3017366575077	1	0	1	2.1579549193282954
186200.0	3000.0	1246.301736657631	0.0	0	488.11242942980607	1446.3017366575077	1	0	1	2.1579549193282954
187200.0	3000.0	1246.3017366576444	0.0	0	289.20354111268534	1446.3017366575077	1	0	1	2.1579549193282954
188200.0	3000.0	1246.3017366576646	0.0	0	552.5501747628441	1446.3017366574786	1	0	1	2.157954919328298
189200.0	3000.0	1246.3017366576717	0.0	0	307.03788466827245	1446.3017366575077	1	0	1	2.1579549193282954
190200.0	3000.0	1246.3017366576723	0.0	0	208.2229463593976	1446.3017366575077	1	0	1	2.1579549193282954
191200.0	3000.0	1246.3017366577012	0.0	0	595.3285468546674	1446.3017366575077	1	0	1	2.1579549193282954
192200.0	3000.0	1246.3017366576953	0.0	0	553.0746813561127	1446.3017366575077	1	0	1	2.1579549193282954
193200.0	3000.0	1246.3017366576669	0.0	0	380.8617152966035	1446.3017366575077	1	0	1	2.1579549193282954
194200.0	3000.0	1246.3017366576858	0.0	0	564.7646053738717	1446.3017366575077	1	0	1	2.1579549193282954
195200.0	3000.0	1246.3017366576983	0.0	0	521.9045880237827	1446.3017366574786	1	0	1	2.157954919328298
196200.0	3000.0	1246.3017366576985	0.0	0	530.8500381110644	1446.3017366574786	1	0	1	2.157954919328298
197200.0	3000.0	1246.3017366576769	0.0	0	657.4729238527361	1446.3017366574786	1	0	1	2.157954919328298
198200.0	3000.0	1246.301736657711	0.0	0	400.8145850881119	1446.3017366574786	1	0	1	2.157954919328298
199200.0	3000.0	1246.3017366577174	0.0	0	606.3168813160446	1446.3017366575077	1	0	1	2.1579549193282954
200200.0	3000.0	1246.3017366577235	0.0	0	429.0702941652562	1446.3017366575077	1	0	1	2.1579549193282954
201200.0	3000.0	1246.3017366577137	0.0	0	614.3376609056431	1446.3017366575077	1	0	1	2.1579549193282954
202200.0	3000.0	1246.3017366577367	0.0	0	181.34897462525987	1446.3017366575368	1	0	1	2.157954919328295
203200.0	3000.0	1246.3017366577385	0.0	0	491.3626307241793	1446.3017366575368	1	0	1	2.1579549193282923
204200.0	3000.0	1246.3017366577342	0.0	0	492.7987255110056	1446.301736657566	1	0	1	2.1579549193282896
205200.0	3000.0	1246.3017366577396	0.0	0	565.9832901359187	1446.301736657595	1	0	1	2.1579549193282865
206200.0	3000.0	1246.3017366577433	0.0	0	652.3864237393136	1446.301736657595	1	0	1	2.1579549193282865
207200.0	3000.0	1246.3017366577685	0.0	0	618.6862916504615	1446.301736657595	1	0	1	2.1579549193282865
208200.0	3000.0	1246.301736657776	0.0	0	385.34988398087444	1446.301736657566	1	0	1	2.1579549193282896
209200.0	3000.0	1246.3017366577521	0.0	0	499.39020421236637	1446.301736657566	1	0	1	2.1579549193282896
210200.0	3000.0	1246.3017366577405	0.0	0	650.5192169478687	1446.301736657566	1	0	1	2.1579549193282896
211200.0	3000.0	1246.3017366577137	0.0	0	649.149829002883	1446.301736657566	1	0	1	2.1579549193282896
212200.0	3000.0	1246.3017366577383	0.0	0	337.2457343789283	1446.301736657566	1	0	1	2.1579549193282896
213200.0	3000.0	1246.3017366577333	0.0	0	577.2732396813226	1446.3017366575368	1	0	1	2.1579549193282923
214200.0	3000.0	1246.3017366577474	0.0	0	602.5685985620366	1446.3017366575368	1	0	1	2.1579549193282923
215200.0	3000.0	1246.3017366577178	0.0	0	121.40777003922267	1446.3017366575077	1	0	1	2.1579549193282928
216200.0	3000.0	1246.3017366577083	0.0	0	295.7239056159451	1446.3017366575077	1	0	1	2.1579549193282954
217200.0	3000.0	1246.301736657731	0.0	0	439.6485698991746	1446.3017366575368	1	0	1	2.1579549193282923
218200.0	3000.0	1246.301736657742	0.0	0	473.5306411606434	1446.3017366575368	1	0	1	2.1579549193282923
219200.0	3000.0	1246.3017366576967	0.0	0	414.6604440615629	1446.3017366575368	1	0	1	2.1579549193282923
220200.0	3000.0	1246.3017366576778	0.0	0	507.9088103703107	1446.3017366575077	1	0	1	2.1579549193282954
221200.0	3000.0	1246.3017366576826	0.0	0	409.84450297546573	1446.3017366575077	1	0	1	2.1579549193282954
222200.0	3000.0	1246.301736657666	0.0	0	477.239847816556	1446.3017366574786	1	0	1	2.157954919328298
223200.0	3000.0	1246.3017366576723	0.0	0	521.9179312718043	1446.3017366574786	1	0	1	2.157954919328298
224200.0	3000.0	1246.301736657673	0.0	0	374.15168253015145	1446.3017366574786	1	0	1	2.157954919328298
225200.0	3000.0	1246.3017366577149	0.0	0	356.4119595111406	1446.3017366574786	1	0	1	2.157954919328298
226200.0	3000.0	1246.3017366577328	0.0	0	503.3366798196512	1446.3017366575077	1	0	1	2.1579549193282954
227200.0	3000.0	1246.3017366577367	0.0	0	645.7303577826533	1446.3017366575077	1	0	1	2.1579549193282954
228200.0	3000.0	1246.3017366577208	0.0	0	457.5021092170209	1446.3017366575077	1	0	1	2.1579549193282954
229200.0	3000.0	1246.301736657754	0.0	0	608.8110748286126	1446.3017366575368	1	0	1	2.1579549193282923
230200.0	3000.0	1246.3017366577772	0.0	0	569.5811767961422	1446.3017366575368	1	0	1	2.1579549193282923
231200.0	3000.0	1246.3017366577728	0.0	0	529.9336719735584	1446.3017366575368	1	0	1	2.1579549193282923
232200.0	3000.0	1246.3017366577799	0.0	0	561.6116111713927	1446.3017366575368	1	0	1	2.1579549193282923
233200.0	3000.0	1246.3017366577826	0.0	0	536.547280321276	1446.3017366575368	1	0	1	2.1579549193282923
234200.0	3000.0	1246.3017366577944	0.0	0	469.8137538176379	1446.3017366575368	1	0	1	2.1579549193282923
235200.0	3000.0	1246.3017366577812	0.0	0	644.6135140140541	1446.3017366575368	1	0	1	2.1579549193282923
236200.0	3000.0	1246.3017366577453	0.0	0	647.5329450456775	1446.3017366575368	1	0	1	2.1579549193282923
237200.0	3000.0	1246.3017366577612	0.0	0	523.9968119762198	1446.3017366575368	1	0	1	2.1579549193282923
238200.0	3000.0	1246.3017366577808	0.0	0	203.70991413333104	1446.3017366575077	1	0	1	2.1579549193282928
239200.0	3000.0	1246.3017366577722	0.0	0	524.7995337504544	1446.3017366575077	1	0	1	2.1579549193282954
240200.0	3000.0	1246.301736657737	0.0	0	535.9901457917877	1446.3017366575077	1	0	1	2.1579549193282954
241200.0	3000.0	1246.301736657764	0.0	0	94.76515001608641	1446.3017366575077	1	0	1	2.1579549193282954
242200.0	3000.0	1246.3017366577426	0.0	0	542.6023408588662	1446.3017366575077	1	0	1	2.1579549193282954
243200.0	3000.0	1246.3017366577494	0.0	0	259.61267649687943	1446.3017366575368	1	0	1	2.157954919328295
244200.0	3000.0	1246.3017366577267	0.0	0	404.1529509560787	1446.3017366575368	1	0	1	2.1579549193282923
245200.0	3000.0	1246.3017366577383	0.0	0	500.6727708404069	1446.3017366575368	1	0	1	2.1579549193282923
246200.0	3000.0	1246.3017366577253	0.0	0	282.7367740617192	1446.3017366575368	1	0	1	2.1579549193282923
247200.0	3000.0	1246.3017366577071	0.0	0	583.4772259173333	1446.3017366575368	1	0	1	2.1579549193282923
248200.0	3000.0	1246.3017366576737	0.0	0	512.8026205799833	1446.3017366575077	1	0	1	2.1579549193282954
249200.0	3000.0	1246.301736657674	0.0	0	413.4093842904258	1446.3017366575077	1	0	1	2.1579549193282954
250200.0	3000.0	1246.3017366576596	0.0	0	396.6407780205773	1446.3017366575077	1	0	1	2.1579549193282954
251200.0	3000.0	1246.3017366576466	0.0	0	491.6987889672455	1446.3017366575077	1	0	1	2.1579549193282954
252200.0	3000.0	1246.3017366576407	0.0	0	487.53195052643423	1446.3017366574786	1	0	1	2.157954919328298
253200.0	3000.0	1246.3017366575996	0.0	0	506.8020677336026	1446.3017366575077	1	0	1	2.1579549193282954
254200.0	3000.0	1246.3017366576287	0.0	0	543.6951247791876	1446.3017366575077	1	0	1	2.1579549193282954
255200.0	3000.0	1246.301736657648	0.0	0	522.2760550004023	1446.3017366575077	1	0	1	2.1579549193282954
256200.0	3000.0	1246.3017366576323	0.0	0	417.60838353828876	1446.3017366575077	1	0	1	2.1579549193282954
257200.0	3000.0	1246.3017366576603	0.0	0	529.3285656450316	1446.3017366575368	1	0	1	2.1579549193282923
258200.0	3000.0	1246.301736657682	0.0	0	339.8965280931443	1446.3017366575368	1	0	1	2.1579549193282923
259200.0	3000.0	1246.3017366576755	0.0	0	246.0538104151201	1446.3017366575368	1	0	1	2.1579549193282923
260200.0	3000.0	1246.3017366576596	0.0	0	239.5044076787308	1446.3017366575368	1	0	1	2.1579549193282923
261200.0	3000.0	1246.3017366576316	0.0	0	288.08095020017936	1446.3017366575368	1	0	1	2.1579549193282923
262200.0	3000.0	1246.3017366576298	0.0	0	431.78839462428004	1446.301736657566	1	0	1	2.1579549193282896
263200.0	3000.0	1246.3017366576437	0.0	0	493.6203358990024	1446.301736657566	1	0	1	2.157954919328289
264200.0	3000.0	1246.3017366576078	0.0	0	468.9585300455801	1446.3017366576241	1	0	1	2.1579549193282843
265200.0	3000.0	1246.3017366576153	0.0	0	275.63005477027036	1446.3017366576241	1	0	1	2.157954919328284
266200.0	3000.0	1246.3017366576428	0.0	0	221.12549676769413	1446.3017366576823	1	0	1	2.1579549193282825
267200.0	3000.0	1246.3017366577083	0.0	0	485.73992470739176	1446.3017366576823	1	0	1	2.157954919328278
268200.0	3000.0	1246.3017366577242	0.0	0	439.1977812543628	1446.3017366577405	1	0	1	2.1579549193282723
269200.0	3000.0	1246.3017366577724	0.0	0	357.8409231361002	1446.3017366577405	1	0	1	2.1579549193282723
270200.0	3000.0	1246.301736657763	0.0	0	555.43354283995	1446.3017366577405	1	0	1	2.1579549193282723
271200.0	3000.0	1246.3017366577371	0.0	0	694.3066870764014	1446.3017366577405	1	0	1	2.1579549193282723
272200.0	3000.0	1246.3017366576844	0.0	0	510.56348802283173	1446.3017366577405	1	0	1	2.1579549193282723
273200.0	3000.0	1246.3017366577508	0.0	0	587.0187278295634	1446.3017366577405	1	0	1	2.1579549193282723
274200.0	3000.0	1246.301736657725	0.0	0	513.8524004827486	1446.3017366576823	1	0	1	2.157954919328278
275200.0	3000.0	1246.301736657726	0.0	0	435.6426941753598	1446.3017366576823	1	0	1	2.157954919328278
276200.0	3000.0	1246.3017366577265	0.0	0	467.4247290738858	1446.3017366576823	1	0	1	2.157954919328278
277200.0	3000.0	1246.3017366577346	0.0	0	472.51437894132687	1446.3017366576823	1	0	1	2.157954919328278
278200.0	3000.0	1246.3017366576892	0.0	0	532.9940234240494	1446.3017366576823	1	0	1	2.157954919328278
279200.0	3000.0	1246.301736657711	0.0	0	569.1984588238411	1446.3017366576823	1	0	1	2.157954919328278
280200.0	3000.0	1246.3017366577415	0.0	0	560.6027518400806	1446.3017366576823	1	0	1	2.157954919328278
281200.0	3000.0	1246.3017366578538	0.0	0	548.1303048578557	1446.3017366577405	1	0	1	2.1579549193282723
282200.0	3000.0	1246.3017366578922	0.0	0	721.544495777227	1446.3017366577405	1	0	1	2.1579549193282723
283200.0	3000.0	1246.301736657868	0.0	0	454.103475759679	1446.3017366577405	1	0	1	2.1579549193282723
284200.0	3000.0	1246.3017366578745	0.0	0	219.54593166231643	1446.3017366577405	1	0	1	2.1579549193282723
285200.0	3000.0	1246.3017366578606	0.0	0	495.46975127776386	1446.3017366577405	1	0	1	2.1579549193282723
286200.0	3000.0	1246.3017366578727	0.0	0	472.49719020933844	1446.3017366576823	1	0	1	2.157954919328278
287200.0	3000.0	1246.3017366578595	0.0	0	599.7093515084707	1446.3017366576823	1	0	1	2.157954919328278
288200.0	3000.0	1246.301736657852	0.0	0	433.2639643125585	1446.3017366576241	1	0	1	2.157954919328284
289200.0	3000.0	1246.3017366578233	0.0	0	452.5220690195565	1446.3017366576241	1	0	1	2.157954919328284
290200.0	3000.0	1246.3017366578138	0.0	0	362.6381491157226	1446.301736657566	1	0	1	2.1579549193282896
291200.0	3000.0	1246.30173665784	0.0	0	555.2785651938175	1446.301736657566	1	0	1	2.1579549193282896
292200.0	3000.0	1246.3017366577922	0.0	0	566.3160840617493	1446.3017366575077	1	0	1	2.1579549193282954
293200.0	3000.0	1246.301736657792	0.0	0	472.3905436764471	1446.3017366575077	1	0	1	2.1579549193282954
294200.0	3000.0	1246.3017366577744	0.0	0	441.2221849571215	1446.3017366575077	1	0	1	2.1579549193282954
295200.0	3000.0	1246.3017366577744	0.0	0	625.2648765192134	1446.3017366575077	1	0	1	2.1579549193282954
296200.0	3000.0	1246.3017366577947	0.0	0	545.6351212017471	1446.3017366575077	1	0	1	2.1579549193282954
297200.0	3000.0	1246.3017366578622	0.0	0	438.40299504064023	1446.3017366575077	1	0	1	2.1579549193282954
298200.0	3000.0	1246.3017366578597	0.0	0	369.41007301956415	1446.3017366575077	1	0	1	2.1579549193282954
299200.0	3000.0	1246.3017366577735	0.0	0	525.0775464538019	1446.3017366575077	1	0	1	2.1579549193282954
300200.0	3000.0	1246.3017366578076	0.0	0	346.8878871856723	1446.3017366575077	1	0	1	2.1579549193282954
6.44	7.0	6.31	5.99	5.44	7.56	6.6	6.15	8.64	9.72	4.09	5.37	6.36	7.81	6.9	6.92	6.82	7.54	6.22	7.21	8.32	8.24	5.18	5.84	4.97	6.87	6.14	8.91	7.12	4.65	7.43	8.61	6.67	6.75	5.2	6.39	5.63	5.17	6.29	6.58	5.76	8.19	4.98	8.36	7.66	4.93	5.99	6.74	7.4	4.33	6.02	6.89	7.41	6.85	9.07	6.73	6.28	9.17	7.27	5.69	6.19	6.99	3.63	5.8	5.85	6.79	6.28	5.06	5.46	5.54	6.16	6.65	4.67	7.1	7.01	6.54	8.48	7.15	6.48	5.62	6.65	7.34	7.63	9.01	7.46	4.39	7.89	6.16	3.08	6.36	5.6	4.44	4.68	5.07	6.37	7.38	5.66	5.72	6.27	7.16	6.72	9.1	7.88	5.44	4.97	4.93	5.61	5.15	4.03	4.37	5.42	7.63	5.46	5.03	4.75	5.38	6.59	8.21	9.05	7.6	6.46	7.1	5.48	7.85	5.97	6.8	8.79	7.87	7.3	9.13	6.02	4.89	8.02	7.69	6.1	7.05	8.04	5.72	7.51	7.18	4.58	5.83	6.33	6.7	6.16	4.54	5.66	6.51	7.63	5.66	6.44	7.0	6.31	5.99	5.44	7.56	6.6	6.15	8.64	9.72	4.09	5.37	6.36	7.81	6.9	6.92	6.82	7.54	6.22	7.21	8.32	8.24	5.18	5.84	4.97	6.87	6.14	8.91	7.12	4.65	7.43	8.61	6.67	6.75	5.2	6.39	5.63	5.17	6.29	6.58	5.76	8.19	4.98	8.36	7.66	4.93	5.99	6.74	7.4	4.33	6.02	6.89	7.41	6.85	9.07	6.73	6.28	9.17	7.27	5.69	6.19	6.99	3.63	5.8	5.85	6.79	6.28	5.06	5.46	5.54	6.16	6.65	4.67	7.1	7.01	6.54	8.48	7.15	6.48	5.62	6.65	7.34	7.63	9.01	7.46	4.39	7.89	6.16	3.08	6.36	5.6	4.44	4.68	5.07	6.37	7.38	5.66	5.72	6.27	7.16	6.72	9.1	7.88	5.44	4.97	4.93	5.61	5.15	4.03	4.37	5.42	7.63	5.46	5.03	4.75	5.38	6.59	8.21	9.05	7.6	6.46	7.1	5.48	7.85	5.97	6.8	8.79	7.87	7.3	9.13	6.02	4.89	8.02	7.69	6.1	7.05	8.04	5.72	7.51	7.18	4.58	5.83	6.33	6.7	6.16	4.54	5.66	6.51	7.63	5.66	6.44
1.0	2.0	3.0	4.0	5.0	6.0	7.0	8.0	9.0	10.0	11.0	12.0	13.0	14.0	15.0	16.0	17.0	18.0	19.0	20.0	21.0	22.0	23.0	24.0	25.0	26.0	27.0	28.0	29.0	30.0	31.0	32.0	33.0	34.0	35.0	36.0	37.0	38.0	39.0	40.0	41.0	42.0	43.0	44.0	45.0	46.0	47.0	48.0	49.0	50.0	51.0	52.0	53.0	54.0	55.0	56.0	57.0	58.0	59.0	60.0	61.0	62.0	63.0	64.0	65.0	66.0	67.0	68.0	69.0	70.0	71.0	72.0	73.0	74.0	75.0	76.0	77.0	78.0	79.0	80.0	81.0	82.0	83.0	84.0	85.0	86.0	87.0	88.0	89.0	90.0	91.0	92.0	93.0	94.0	95.0	96.0	97.0	98.0	99.0	100.0	101.0	102.0	103.0	104.0	105.0	106.0	107.0	108.0	109.0	110.0	111.0	112.0	113.0	114.0	115.0	116.0	117.0	118.0	119.0	120.0	121.0	122.0	123.0	124.0	125.0	126.0	127.0	128.0	129.0	130.0	131.0	132.0	133.0	134.0	135.0	136.0	137.0	138.0	139.0	140.0	141.0	142.0	143.0	144.0	145.0	146.0	147.0	148.0	149.0	149.0	150.0	151.0	152.0	153.0	154.0	155.0	156.0	157.0	158.0	159.0	160.0	161.0	162.0	163.0	164.0	165.0	166.0	167.0	168.0	169.0	170.0	171.0	172.0	173.0	174.0	175.0	176.0	177.0	178.0	179.0	180.0	181.0	182.0	183.0	184.0	185.0	186.0	187.0	188.0	189.0	190.0	191.0	192.0	193.0	194.0	195.0	196.0	197.0	198.0	199.0	200.0	201.0	202.0	203.0	204.0	205.0	206.0	207.0	208.0	209.0	210.0	211.0	212.0	213.0	214.0	215.0	216.0	217.0	218.0	219.0	220.0	221.0	222.0	223.0	224.0	225.0	226.0	227.0	228.0	229.0	230.0	231.0	232.0	233.0	234.0	235.0	236.0	237.0	238.0	239.0	240.0	241.0	242.0	243.0	244.0	245.0	246.0	247.0	248.0	249.0	250.0	251.0	252.0	253.0	254.0	255.0	256.0	257.0	258.0	259.0	260.0	261.0	262.0	263.0	264.0	265.0	266.0	267.0	268.0	269.0	270.0	271.0	272.0	273.0	274.0	275.0	276.0	277.0	278.0	279.0	280.0	281.0	282.0	283.0	284.0	285.0	286.0	287.0	288.0	289.0	290.0	291.0	292.0	293.0	294.0	295.0	296.0	297.0	298.0	298.0	299.0
3090.9779890585833
