2325.174148531904	300.0	2000.0	55.63292218696895	0	0.0	2325.174148531904	1	0	1	-0.5657142026909053
3200.0	1000.0	2037.6915633850933	0.0	0	739.3069881462861	2237.6915633850945	1	0	2	-0.6277572978609951
4200.0	1000.0	1937.6915633850926	0.0	0	725.8759418000118	2137.6915633850936	1	0	2	0.7862036479874266
5200.0	1000.0	1837.691563385091	0.0	0	823.916216673576	2037.691563385093	1	0	2	0.7962036479874266
6200.0	1000.0	1737.6915633850915	0.0	0	874.0747375443534	1937.691563385093	1	0	2	0.8062036479874268
7200.0	1000.0	1637.6915633850913	0.0	0	833.5742164926842	1837.691563385094	1	0	2	0.8162036479874266
8200.0	1000.0	1537.6915633850926	0.0	0	887.8515583264534	1737.691563385095	1	0	2	0.8262036479874266
9200.0	1000.0	1437.6915633850917	0.0	0	890.1657264453679	1637.691563385094	1	0	2	0.8362036479874266
10200.0	1000.0	1337.6915633850904	0.0	0	792.8963044731518	1537.691563385093	1	0	2	0.8462036479874266
11200.0	1000.0	1237.6915633850908	0.0	0	560.9544605476513	1437.6915633850967	1	0	2	0.8562588694384736
12200.0	1000.0	1237.6915633850913	0.0	0	803.1750871609675	1437.691563385095	1	0	1	0.8602036479874265
13200.0	1000.0	1237.6915633850908	0.0	0	797.8446122548303	1437.6915633850967	1	0	1	1.0602036479874264
14200.0	2000.0	1237.6915633850901	0.0	0	689.0258627119292	1437.6915633850967	1	0	1	1.0602036479874266
15200.0	2000.0	1237.69156338509	0.0	0	849.784684081711	1437.6915633850967	1	0	1	1.7533508285473718
16200.0	3000.0	1237.6915633850892	0.0	0	629.6657398339612	1437.6915633850967	1	0	1	1.7533508285473718
17200.0	3000.0	1237.6915633850854	0.0	0	667.4859676861797	1437.6915633850913	1	0	1	2.158815936655537
18200.0	3000.0	1237.6915633850872	0.0	0	658.3060095183209	1437.691563385095	1	0	1	2.158815936655537
19200.0	3000.0	1237.6915633850845	0.0	0	725.410088607714	1437.691563385095	1	0	1	2.1588159366555364
20200.0	3000.0	1237.6915633850824	0.0	0	548.2250345661269	1437.6915633850913	1	0	1	2.158815936655537
21200.0	3000.0	1237.6915633850808	0.0	0	640.0221159622488	1437.6915633850913	1	0	1	2.158815936655537
22200.0	3000.0	1237.691563385079	0.0	0	524.7721344637903	1437.6915633850876	1	0	1	2.1588159366555373
23200.0	6000.0	1237.6915633850774	0.0	0	91.11183838508077	1437.6915633850876	1	0	1	2.158815936655537
24200.0	6000.0	1237.6915633850801	0.0	0	209.3495217718737	1437.6915633850876	1	0	1	2.851963117215482
25200.0	6000.0	1237.6915633850788	0.0	0	428.7255288780725	1437.6915633850876	1	0	1	2.851963117215482
26349.235243947987	6000.0	1088.4563194370935	0.0	0	0.0	1437.6915633850876	1	0	1	2.851963117215482
27301.326732915673	6000.0	1136.3648304694068	0.0	0	0.0	1437.6915633850876	1	0	1	2.851963117215482
28200.0	6000.0	1237.691563385078	0.0	0	61.93476226390703	1437.6915633850876	1	0	1	2.851963117215482
29200.0	6000.0	1237.6915633850806	0.0	0	449.179281655659	1437.6915633850876	1	0	1	2.851963117215482
30200.0	6000.0	1237.6915633850806	0.0	0	322.69103981158696	1437.691563385084	1	0	1	2.8519631172154822
31200.0	6000.0	1237.6915633850758	0.0	0	11.479470653037424	1437.691563385084	1	0	1	2.8519631172154822
32200.0	6000.0	1237.6915633850815	0.0	0	304.58772530467104	1437.6915633850876	1	0	1	2.851963117215482
33200.0	6000.0	1237.6915633850806	0.0	0	307.47703576087224	1437.691563385084	1	0	1	2.8519631172154822
34200.0	6000.0	1237.6915633850708	0.0	0	153.54968705586361	1437.691563385073	1	0	1	2.851963117215483
35200.0	6000.0	1237.691563385073	0.0	0	433.21327695129	1437.691563385073	1	0	1	2.8519631172154836
36306.967834377465	6000.0	1130.7237290076182	0.0	0	0.0	1437.691563385073	1	0	1	2.8519631172154836
37200.0	6000.0	1237.6915633850786	0.0	0	30.349141503720602	1437.691563385073	1	0	1	2.8519631172154836
38200.0	6000.0	1237.691563385078	0.0	0	502.60393154273333	1437.6915633850804	1	0	1	2.851963117215483
39200.0	6000.0	1237.691563385078	0.0	0	134.64782170826948	1437.6915633850804	1	0	1	2.851963117215483
40200.0	6000.0	1237.6915633850851	0.0	0	215.26652600259695	1437.6915633850804	1	0	1	2.851963117215483
41200.0	6000.0	1237.691563385087	0.0	0	130.21057358143298	1437.6915633850804	1	0	1	2.851963117215483
42220.4554041581	6000.0	1217.2361592269835	0.0	0	0.0	1437.6915633850804	1	0	1	2.851963117215483
43200.0	6000.0	1237.6915633850833	0.0	0	44.129226636221574	1437.6915633850804	1	0	1	2.851963117215483
44200.0	6000.0	1237.691563385093	0.0	0	335.70375016865	1437.6915633850876	1	0	1	2.851963117215482
45200.0	6000.0	1237.6915633851027	0.0	0	201.00531093134487	1437.6915633850876	1	0	1	2.851963117215482
46200.0	3000.0	1237.6915633851036	0.0	0	495.10939520072134	1437.6915633850876	1	0	1	1.4656687560955923
47200.0	6000.0	1237.6915633851077	0.0	0	223.87787700987974	1437.6915633850876	1	0	1	2.158815936655537
48200.0	3000.0	1237.6915633851092	0.0	0	502.66723862885556	1437.6915633850876	1	0	1	1.4656687560955923
49200.0	3000.0	1237.6915633851163	0.0	0	453.51221249732043	1437.691563385095	1	0	1	2.1588159366555364
50200.0	3000.0	1237.6915633851083	0.0	0	520.1869210514342	1437.691563385095	1	0	1	2.1588159366555364
51200.0	3000.0	1237.6915633851079	0.0	0	455.82317325654003	1437.6915633850876	1	0	1	2.1588159366555373
52200.0	3000.0	1237.6915633851106	0.0	0	746.5671205329054	1437.6915633850876	1	0	1	2.1588159366555373
53200.0	3000.0	1237.6915633851138	0.0	0	535.5854895404918	1437.6915633850876	1	0	1	2.1588159366555373
54200.0	3000.0	1237.691563385107	0.0	0	623.8244288451388	1437.6915633850804	1	0	1	2.158815936655538
55200.0	3000.0	1237.6915633851097	0.0	0	566.9031207475491	1437.6915633850804	1	0	1	2.158815936655538
56200.0	3000.0	1237.6915633851158	0.0	0	461.1361449631513	1437.6915633850876	1	0	1	2.1588159366555373
57200.0	3000.0	1237.691563385106	0.0	0	611.8896450722532	1437.6915633850804	1	0	1	2.158815936655538
58200.0	6000.0	1237.691563385109	0.0	0	381.384300308433	1437.6915633850804	1	0	1	2.158815936655538
59200.0	6000.0	1237.691563385107	0.0	0	413.9270522519073	1437.6915633850804	1	0	1	2.851963117215483
60200.0	6000.0	1237.6915633851127	0.0	0	119.41323340176314	1437.6915633850804	1	0	1	2.851963117215483
61312.321162633874	6000.0	1125.3704007512438	0.0	0	0.0	1437.6915633850876	1	0	1	2.851963117215482
62200.0	6000.0	1237.6915633851195	0.0	0	171.32338018240262	1437.6915633850876	1	0	1	2.851963117215482
63200.0	6000.0	1237.6915633851138	0.0	0	160.0544976098172	1437.6915633850876	1	0	1	2.851963117215482
64200.0	6000.0	1237.6915633851213	0.0	0	318.6826654632605	1437.6915633850876	1	0	1	2.851963117215482
65200.0	6000.0	1237.6915633851227	0.0	0	355.0860180577729	1437.691563385095	1	0	1	2.8519631172154813
66200.0	6000.0	1237.6915633851224	0.0	0	93.09216271092009	1437.691563385095	1	0	1	2.8519631172154813
67200.0	6000.0	1237.6915633851318	0.0	0	249.78685456245148	1437.6915633851022	1	0	1	2.851963117215481
68520.76152354744	6000.0	916.93003983771	0.0	0	0.0	1437.6915633851022	1	0	1	2.851963117215481
69200.0	6000.0	1237.6915633851384	0.0	0	108.69093897844141	1437.6915633851022	1	0	1	2.851963117215481
70230.34892537267	6000.0	1207.3426380124758	0.0	0	0.0	1437.6915633851022	1	0	1	2.851963117215481
71200.0	6000.0	1237.6915633851395	0.0	0	207.41764046730532	1437.6915633850876	1	0	1	2.851963117215482
72200.0	6000.0	1237.6915633851277	0.0	0	188.74983560986584	1437.6915633850876	1	0	1	2.851963117215482
73290.56173778285	6000.0	1147.1298256022671	0.0	0	0.0	1437.6915633850876	1	0	1	2.851963117215482
74200.0	6000.0	1237.6915633851163	0.0	0	96.31823042588076	1437.6915633850876	1	0	1	2.851963117215482
75200.0	6000.0	1237.691563385118	0.0	0	355.6586951274512	1437.6915633850876	1	0	1	2.851963117215482
76200.0	6000.0	1237.6915633851195	0.0	0	245.92037333118788	1437.6915633850876	1	0	1	2.851963117215482
77200.0	6000.0	1237.69156338513	0.0	0	408.8237943301647	1437.6915633850876	1	0	1	2.851963117215482
78200.0	6000.0	1237.6915633851336	0.0	0	462.62514310171537	1437.6915633850876	1	0	1	2.851963117215482
79200.0	6000.0	1237.6915633851274	0.0	0	544.1070298042323	1437.6915633850876	1	0	1	2.851963117215482
80200.0	6000.0	1237.6915633851204	0.0	0	172.9258051122597	1437.6915633850876	1	0	1	2.851963117215482
81499.24156151945	6000.0	938.450001865683	0.0	0	0.0	1437.6915633850876	1	0	1	2.851963117215482
82222.29820444355	6000.0	1215.3933589415765	0.0	0	0.0	1437.6915633850876	1	0	1	2.851963117215482
83200.0	6000.0	1237.6915633851065	0.0	0	280.4336344746116	1437.6915633850876	1	0	1	2.851963117215482
84380.09142740189	6000.0	1057.6001359832221	0.0	0	0.0	1437.6915633850876	1	0	1	2.851963117215482
85200.0	6000.0	1237.6915633851136	0.0	0	45.87819923905772	1437.691563385073	1	0	1	2.8519631172154836
86200.0	6000.0	1237.6915633851133	0.0	0	84.19930094043957	1437.691563385073	1	0	1	2.8519631172154836
87200.0	6000.0	1237.6915633851147	0.0	0	282.231959214987	1437.691563385073	1	0	1	2.8519631172154836
88200.0	6000.0	1237.6915633851165	0.0	0	481.21399559034035	1437.691563385073	1	0	1	2.8519631172154836
89200.0	6000.0	1237.6915633851236	0.0	0	540.5077290679765	1437.691563385073	1	0	1	2.8519631172154836
90200.0	6000.0	1237.6915633851308	0.0	0	352.4474613771454	1437.691563385073	1	0	1	2.8519631172154836
91200.0	6000.0	1237.6915633851359	0.0	0	132.55117267507012	1437.691563385073	1	0	1	2.8519631172154836
92200.0	6000.0	1237.6915633851384	0.0	0	184.63142017443897	1437.6915633850876	1	0	1	2.851963117215482
93200.0	6000.0	1237.6915633851272	0.0	0	398.0477247756644	1437.691563385073	1	0	1	2.8519631172154836
94200.0	6000.0	1237.6915633851215	0.0	0	398.69163160250173	1437.691563385073	1	0	1	2.8519631172154836
95200.0	6000.0	1237.6915633851127	0.0	0	311.67146480761585	1437.691563385073	1	0	1	2.8519631172154836
96200.0	6000.0	1237.6915633851104	0.0	0	469.2343828650628	1437.691563385073	1	0	1	2.8519631172154836
97200.0	6000.0	1237.6915633851145	0.0	0	444.72981318809616	1437.691563385073	1	0	1	2.8519631172154836
98200.0	6000.0	1237.6915633851177	0.0	0	438.79536527281743	1437.691563385073	1	0	1	2.8519631172154836
99200.0	6000.0	1237.6915633851058	0.0	0	349.9450435040344	1437.691563385073	1	0	1	2.8519631172154836
100200.0	6000.0	1237.6915633851077	0.0	0	88.07607604346413	1437.691563385073	1	0	1	2.8519631172154836
101408.75848659751	6000.0	1028.9330767876147	0.0	0	0.0	1437.6915633850585	1	0	1	2.8519631172154853
102383.50951589414	6000.0	1054.1820474909773	0.0	0	0.0	1437.6915633850585	1	0	1	2.8519631172154853
103200.0	6000.0	1237.691563385116	0.0	0	223.85882720911468	1437.691563385073	1	0	1	2.8519631172154836
104200.0	6000.0	1237.6915633851202	0.0	0	514.8023409749148	1437.691563385073	1	0	1	2.8519631172154836
105200.0	6000.0	1237.6915633851233	0.0	0	163.53485325840302	1437.691563385073	1	0	1	2.8519631172154836
106200.0	6000.0	1237.691563385131	0.0	0	286.22413186877384	1437.691563385073	1	0	1	2.8519631172154836
107200.0	6000.0	1237.6915633851243	0.0	0	403.31747981473745	1437.6915633850585	1	0	1	2.8519631172154853
108200.0	6000.0	1237.6915633851222	0.0	0	114.1138176213426	1437.6915633850585	1	0	1	2.8519631172154853
109200.0	6000.0	1237.691563385117	0.0	0	156.04620722828258	1437.6915633850585	1	0	1	2.8519631172154853
110200.0	6000.0	1237.6915633851222	0.0	0	512.1695772217645	1437.6915633850585	1	0	1	2.8519631172154853
111200.0	6000.0	1237.691563385119	0.0	0	276.8253566729836	1437.6915633850585	1	0	1	2.8519631172154853
112200.0	6000.0	1237.6915633851092	0.0	0	418.5101439291175	1437.6915633850585	1	0	1	2.8519631172154853
113200.0	6000.0	1237.6915633851036	0.0	0	428.10096456165775	1437.6915633850585	1	0	1	2.8519631172154853
114200.0	6000.0	1237.6915633851045	0.0	0	248.80124741744658	1437.691563385073	1	0	1	2.8519631172154836
115200.0	6000.0	1237.6915633851006	0.0	0	538.9119873929449	1437.691563385073	1	0	1	2.8519631172154836
116200.0	6000.0	1237.6915633850945	0.0	0	252.26148225199722	1437.691563385073	1	0	1	2.8519631172154836
117200.0	6000.0	1237.6915633850926	0.0	0	497.15307966627006	1437.691563385073	1	0	1	2.8519631172154836
118200.0	6000.0	1237.6915633850772	0.0	0	406.49226147151785	1437.691563385073	1	0	1	2.8519631172154836
119200.0	6000.0	1237.6915633850822	0.0	0	360.7137926276482	1437.691563385073	1	0	1	2.8519631172154836
120200.0	6000.0	1237.691563385093	0.0	0	51.05337612655421	1437.6915633850876	1	0	1	2.851963117215482
121210.68120532352	6000.0	1227.0103580615585	0.0	0	0.0	1437.691563385073	1	0	1	2.8519631172154836
122526.13183213006	6000.0	911.559731255025	0.0	0	0.0	1437.691563385073	1	0	1	2.8519631172154836
123239.07992854231	6000.0	1198.6116348427813	0.0	0	0.0	1437.6915633850876	1	0	1	2.851963117215482
124200.0	6000.0	1237.6915633851092	0.0	0	463.10447589613614	1437.6915633850876	1	0	1	2.851963117215482
125200.0	6000.0	1237.6915633851256	0.0	0	450.8153544997476	1437.6915633851022	1	0	1	2.851963117215481
126264.33903870742	6000.0	1173.3525246776983	0.0	0	0.0	1437.6915633851022	1	0	1	2.851963117215481
127200.0	6000.0	1237.691563385125	0.0	0	134.62920844939072	1437.6915633851022	1	0	1	2.851963117215481
128200.0	6000.0	1237.6915633851333	0.0	0	322.46696091066406	1437.6915633851168	1	0	1	2.851963117215479
129200.0	6000.0	1237.6915633851459	0.0	0	386.98669114163204	1437.6915633851168	1	0	1	2.851963117215479
130200.0	6000.0	1237.6915633851431	0.0	0	343.11471978682675	1437.6915633851168	1	0	1	2.851963117215479
131200.0	6000.0	1237.6915633851545	0.0	0	222.82313144741056	1437.6915633851313	1	0	1	2.851963117215478
132200.0	6000.0	1237.6915633851813	0.0	0	358.72375256664236	1437.6915633851459	1	0	1	2.851963117215478
133333.1123311916	6000.0	1104.5792321936137	0.0	0	0.0	1437.6915633851604	1	0	1	2.8519631172154747
134200.0	6000.0	1237.6915633852332	0.0	0	3.8993558725342155	1437.6915633851313	1	0	1	2.851963117215478
135482.21118146053	6000.0	955.480381924717	0.0	0	0.0	1437.6915633851022	1	0	1	2.851963117215481
136567.76049057677	6000.0	869.9310728084699	0.0	0	0.0	1437.6915633851022	1	0	1	2.851963117215481
137451.39157840057	6000.0	986.2999849846525	0.0	0	0.0	1437.6915633851313	1	0	1	2.851963117215478
138337.7046883866	6000.0	1099.9868749985862	0.0	0	0.0	1437.6915633851313	1	0	1	2.851963117215478
139200.0	6000.0	1237.6915633851881	0.0	0	114.92568799501169	1437.6915633851313	1	0	1	2.851963117215478
140200.0	6000.0	1237.6915633851827	0.0	0	90.46363235707395	1437.6915633851313	1	0	1	2.851963117215478
141200.0	6000.0	1237.6915633851963	0.0	0	464.0762333101302	1437.6915633851313	1	0	1	2.851963117215478
142200.0	6000.0	1237.6915633851816	0.0	0	492.7866818506154	1437.6915633851313	1	0	1	2.851963117215478
143200.0	3000.0	1237.6915633852038	0.0	0	645.9180912331212	1437.6915633851313	1	0	1	1.4656687560955879
144271.05193235163	6000.0	1166.6396310335795	0.0	0	0.0	1437.6915633851022	1	0	1	2.158815936655536
145585.34584492006	6000.0	852.3457184651477	0.0	0	0.0	1437.6915633851022	1	0	1	2.851963117215481
146414.18543736753	6000.0	1023.5061260177034	0.0	0	0.0	1437.691563385073	1	0	1	2.8519631172154836
147200.0	6000.0	1237.691563385221	0.0	0	257.80409832583973	1437.691563385044	1	0	1	2.8519631172154862
148200.0	6000.0	1237.6915633852407	0.0	0	339.71802141788066	1437.691563385073	1	0	1	2.8519631172154836
149200.0	6000.0	1237.691563385235	0.0	0	503.2495446392277	1437.691563385073	1	0	1	2.8519631172154836
150200.0	6000.0	1237.6915633852138	0.0	0	251.06271104657208	1437.691563385073	1	0	1	2.8519631172154836
151200.0	6000.0	1237.691563385248	0.0	0	549.7330662588356	1437.691563385073	1	0	1	2.8519631172154836
152200.0	6000.0	1237.6915633851956	0.0	0	343.0251128791424	1437.691563385073	1	0	1	2.8519631172154836
153200.0	6000.0	1237.6915633851622	0.0	0	107.81061445656815	1437.691563385073	1	0	1	2.8519631172154836
154200.0	6000.0	1237.6915633851681	0.0	0	197.47507770732045	1437.691563385073	1	0	1	2.8519631172154836
155200.0	6000.0	1237.691563385176	0.0	0	336.0968003880407	1437.691563385073	1	0	1	2.8519631172154836
156200.0	6000.0	1237.6915633851895	0.0	0	274.9936591327423	1437.691563385073	1	0	1	2.8519631172154836
157200.0	6000.0	1237.6915633851816	0.0	0	477.3085414407833	1437.691563385044	1	0	1	2.8519631172154862
158200.0	6000.0	1237.6915633852018	0.0	0	345.51690543987206	1437.691563385073	1	0	1	2.8519631172154836
160079.57325036937	6000.0	358.11831301583914	0.0	0	0.0	1437.6915633851022	1	0	1	2.8519631172154822
160680.4394739588	3000.0	757.2520894263987	0.0	0	0.0	1437.6915633851022	1	0	1	1.465668756095591
161245.5622694613	3000.0	1192.1292939238706	0.0	0	0.0	1437.6915633851022	1	0	1	2.158815936655538
162200.0	3000.0	1237.6915633851884	0.0	0	368.82789674802916	1437.6915633851022	1	0	1	2.158815936655536
163200.0	3000.0	1237.6915633851727	0.0	0	558.769857353589	1437.6915633851022	1	0	1	2.158815936655536
164200.0	3000.0	1237.6915633852068	0.0	0	766.7475722343661	1437.6915633851022	1	0	1	2.158815936655536
165200.0	3000.0	1237.6915633851688	0.0	0	714.1588831383269	1437.691563385073	1	0	1	2.1588159366555386
166200.0	3000.0	1237.6915633851752	0.0	0	586.8306432227255	1437.691563385073	1	0	1	2.1588159366555386
167200.0	3000.0	1237.6915633851836	0.0	0	712.4640028818394	1437.691563385073	1	0	1	2.1588159366555386
168200.0	3000.0	1237.6915633852054	0.0	0	714.7785050350649	1437.691563385073	1	0	1	2.1588159366555386
169200.0	3000.0	1237.6915633852097	0.0	0	638.8875728194835	1437.6915633851022	1	0	1	2.158815936655536
170200.0	3000.0	1237.6915633852195	0.0	0	586.4311895701394	1437.6915633851313	1	0	1	2.158815936655533
171200.0	6000.0	1237.6915633852166	0.0	0	14.645837969408603	1437.6915633851022	1	0	1	2.158815936655536
172246.6151761604	6000.0	1191.0763872248044	0.0	0	0.0	1437.6915633851313	1	0	1	2.8519631172154805
173200.0	6000.0	1237.691563385237	0.0	0	11.459842856274918	1437.6915633851313	1	0	1	2.851963117215478
174200.0	6000.0	1237.6915633852138	0.0	0	387.67856645729626	1437.6915633851313	1	0	1	2.851963117215478
175483.38245903875	6000.0	954.3091043464547	0.0	0	0.0	1437.6915633851604	1	0	1	2.8519631172154747
176614.03935710056	6000.0	823.6522062846951	0.0	0	0.0	1437.6915633851604	1	0	1	2.8519631172154747
177310.88354844606	6000.0	1126.808014939214	0.0	0	0.0	1437.6915633851604	1	0	1	2.8519631172154747
178200.0	6000.0	1237.6915633852755	0.0	0	108.63486591292894	1437.6915633851604	1	0	1	2.8519631172154747
179200.0	6000.0	1237.6915633852752	0.0	0	87.5133338974847	1437.6915633851604	1	0	1	2.8519631172154747
180200.0	6000.0	1237.6915633852784	0.0	0	46.46462516189786	1437.6915633851604	1	0	1	2.8519631172154747
181200.0	6000.0	1237.6915633852973	0.0	0	322.15180682382197	1437.6915633851604	1	0	1	2.8519631172154747
182200.0	6000.0	1237.6915633852898	0.0	0	128.48884098016424	1437.6915633851895	1	0	1	2.851963117215472
183200.0	6000.0	1237.6915633853298	0.0	0	401.89601778489305	1437.6915633851895	1	0	1	2.851963117215472
184200.0	6000.0	1237.6915633853498	0.0	0	481.12562177333166	1437.6915633851895	1	0	1	2.851963117215472
185200.0	6000.0	1237.691563385354	0.0	0	122.31635267849197	1437.6915633852186	1	0	1	2.851963117215469
186200.0	6000.0	1237.6915633853812	0.0	0	182.37895577203017	1437.6915633852186	1	0	1	2.851963117215469
187200.0	6000.0	1237.6915633853807	0.0	0	394.60737007221906	1437.6915633852186	1	0	1	2.851963117215469
188243.15293417836	6000.0	1194.5386292070043	0.0	0	0.0	1437.6915633852186	1	0	1	2.851963117215469
189399.92059710494	6000.0	1037.770966280416	0.0	0	0.0	1437.6915633851895	1	0	1	2.851963117215472
190200.0	6000.0	1237.6915633853341	0.0	0	89.76786674826872	1437.6915633851895	1	0	1	2.851963117215472
191200.0	6000.0	1237.6915633853482	0.0	0	178.0622717520455	1437.6915633851895	1	0	1	2.851963117215472
192200.0	6000.0	1237.6915633853628	0.0	0	293.1783684527036	1437.6915633852186	1	0	1	2.851963117215469
193200.0	6000.0	1237.691563385387	0.0	0	388.5156438409758	1437.6915633852477	1	0	1	2.8519631172154662
194200.0	6000.0	1237.6915633853464	0.0	0	180.59542247335776	1437.6915633852477	1	0	1	2.8519631172154662
195200.0	6000.0	1237.6915633853594	0.0	0	119.11936323827831	1437.6915633852477	1	0	1	2.8519631172154662
196200.0	6000.0	1237.6915633853437	0.0	0	66.63516152635566	1437.6915633852768	1	0	1	2.851963117215463
197535.32394385833	6000.0	902.3676195270261	0.0	0	0.0	1437.6915633852768	1	0	1	2.851963117215463
198476.36981784672	6000.0	961.3217455386111	0.0	0	0.0	1437.6915633852477	1	0	1	2.851963117215465
199496.95755252056	6000.0	940.734010864759	0.0	0	0.0	1437.6915633852186	1	0	1	2.851963117215469
200440.74166686067	6000.0	996.9498965246303	0.0	0	0.0	1437.6915633851604	1	0	1	2.851963117215474
201200.0	6000.0	1237.6915633852968	0.0	0	171.04350788000738	1437.6915633851313	1	0	1	2.851963117215478
202200.0	6000.0	1237.691563385288	0.0	0	364.9608464773919	1437.6915633851313	1	0	1	2.851963117215478
203200.0	6000.0	1237.6915633853193	0.0	0	472.04689120856347	1437.6915633851313	1	0	1	2.851963117215478
204200.0	6000.0	1237.6915633853328	0.0	0	60.67277234714129	1437.6915633851313	1	0	1	2.851963117215478
205200.0	6000.0	1237.6915633853214	0.0	0	297.2173375891289	1437.6915633851313	1	0	1	2.851963117215478
206200.0	6000.0	1237.6915633853546	0.0	0	404.2324950590555	1437.6915633851313	1	0	1	2.851963117215478
207200.0	6000.0	1237.6915633853707	0.0	0	472.70377708919114	1437.6915633851313	1	0	1	2.851963117215478
208200.0	6000.0	1237.6915633853876	0.0	0	101.77697168951272	1437.6915633851313	1	0	1	2.851963117215478
209200.0	6000.0	1237.6915633853916	0.0	0	137.00775574563886	1437.6915633851313	1	0	1	2.851963117215478
210200.0	6000.0	1237.691563385387	0.0	0	173.01665835417225	1437.6915633851022	1	0	1	2.851963117215481
211200.0	6000.0	1237.6915633853705	0.0	0	349.762650412129	1437.6915633851022	1	0	1	2.851963117215481
212200.0	6000.0	1237.691563385373	0.0	0	148.29247518623015	1437.6915633851022	1	0	1	2.851963117215481
213200.0	6000.0	1237.6915633853446	0.0	0	389.7375664508145	1437.6915633851022	1	0	1	2.851963117215481
214200.0	6000.0	1237.6915633853791	0.0	0	318.80173456756165	1437.6915633851022	1	0	1	2.851963117215481
215222.35687782668	6000.0	1215.334685558696	0.0	0	0.0	1437.691563385073	1	0	1	2.8519631172154836
216204.26604501487	6000.0	1233.4255183705075	0.0	0	0.0	1437.691563385073	1	0	1	2.8519631172154836
217345.9678459967	6000.0	1091.723717388686	0.0	0	0.0	1437.691563385073	1	0	1	2.8519631172154836
218200.0	6000.0	1237.6915633854064	0.0	0	301.2360731200897	1437.691563385073	1	0	1	2.8519631172154836
219200.0	6000.0	1237.6915633854103	0.0	0	185.4067987386079	1437.691563385073	1	0	1	2.8519631172154836
220200.0	6000.0	1237.6915633854146	0.0	0	146.4547597654455	1437.691563385073	1	0	1	2.8519631172154836
221200.0	6000.0	1237.6915633854192	0.0	0	443.544057650317	1437.691563385073	1	0	1	2.8519631172154836
222200.0	6000.0	1237.6915633854205	0.0	0	350.66757755182334	1437.6915633851022	1	0	1	2.851963117215481
223224.18613133027	6000.0	1213.505432055149	0.0	0	0.0	1437.6915633851313	1	0	1	2.8519631172154805
224200.0	6000.0	1237.691563385403	0.0	0	399.4171697930433	1437.6915633851313	1	0	1	2.851963117215478
225200.0	6000.0	1237.6915633853937	0.0	0	409.77597065948066	1437.6915633851022	1	0	1	2.851963117215481
226200.0	6000.0	1237.6915633854128	0.0	0	324.5173073679907	1437.6915633851313	1	0	1	2.851963117215478
227200.0	6000.0	1237.691563385405	0.0	0	366.1615675770445	1437.6915633851313	1	0	1	2.851963117215478
228200.0	6000.0	1237.6915633854198	0.0	0	459.29277953878045	1437.6915633851313	1	0	1	2.851963117215478
229200.0	6000.0	1237.6915633853887	0.0	0	191.71294538048096	1437.6915633851313	1	0	1	2.851963117215478
230526.1712508298	6000.0	911.5203125556147	0.0	0	0.0	1437.6915633851604	1	0	1	2.851963117215476
231200.0	6000.0	1237.691563385387	0.0	0	55.93350040054065	1437.6915633851604	1	0	1	2.8519631172154747
232200.0	6000.0	1237.691563385401	0.0	0	449.53547741204966	1437.6915633851604	1	0	1	2.8519631172154747
233201.75350789807	6000.0	1235.9380554873683	0.0	0	0.0	1437.6915633851604	1	0	1	2.8519631172154747
234200.0	6000.0	1237.691563385429	0.0	0	241.4808804797358	1437.6915633851604	1	0	1	2.8519631172154747
235200.0	6000.0	1237.691563385446	0.0	0	121.21048580834758	1437.6915633851604	1	0	1	2.8519631172154747
236302.8486505194	6000.0	1134.8429128660696	0.0	0	0.0	1437.6915633851604	1	0	1	2.8519631172154747
237200.0	6000.0	1237.6915633854337	0.0	0	401.9001529510715	1437.6915633851604	1	0	1	2.8519631172154747
238200.0	6000.0	1237.6915633854358	0.0	0	488.8996033396106	1437.6915633851604	1	0	1	2.8519631172154747
239200.0	6000.0	1237.6915633854508	0.0	0	198.82372616851353	1437.6915633851604	1	0	1	2.8519631172154747
240200.0	6000.0	1237.6915633854278	0.0	0	89.7598115685978	1437.6915633851604	1	0	1	2.8519631172154747
241200.0	6000.0	1237.69156338545	0.0	0	267.51217776176054	1437.6915633851604	1	0	1	2.8519631172154747
242200.0	6000.0	1237.6915633854844	0.0	0	320.78180342091946	1437.6915633851895	1	0	1	2.851963117215472
243200.0	6000.0	1237.6915633854687	0.0	0	443.92746021194034	1437.6915633851604	1	0	1	2.8519631172154747
244200.0	6000.0	1237.6915633854724	0.0	0	387.8417134389456	1437.6915633851604	1	0	1	2.8519631172154747
245200.0	6000.0	1237.6915633854699	0.0	0	503.49475092362263	1437.6915633851604	1	0	1	2.8519631172154747
246200.0	6000.0	1237.69156338546	0.0	0	574.4506040012056	1437.6915633851604	1	0	1	2.8519631172154747
247200.0	6000.0	1237.6915633854442	0.0	0	274.9208029990841	1437.6915633851604	1	0	1	2.8519631172154747
248200.0	6000.0	1237.6915633854278	0.0	0	454.4020231916802	1437.6915633851604	1	0	1	2.8519631172154747
249200.0	6000.0	1237.6915633854287	0.0	0	155.52041029836982	1437.6915633851604	1	0	1	2.8519631172154747
250200.0	6000.0	1237.6915633854167	0.0	0	17.786195884633344	1437.6915633851313	1	0	1	2.851963117215478
251200.0	6000.0	1237.6915633853885	0.0	0	189.2892901665473	1437.6915633851313	1	0	1	2.851963117215478
252200.0	6000.0	1237.6915633853653	0.0	0	398.656780069432	1437.6915633851313	1	0	1	2.851963117215478
253200.0	6000.0	1237.6915633853512	0.0	0	551.1428515102016	1437.6915633851313	1	0	1	2.851963117215478
254200.0	6000.0	1237.6915633853546	0.0	0	406.36426292243414	1437.6915633851022	1	0	1	2.851963117215481
255200.0	6000.0	1237.6915633853516	0.0	0	235.7605725103349	1437.6915633851313	1	0	1	2.851963117215478
256200.0	6000.0	1237.6915633853268	0.0	0	427.6111620495212	1437.6915633851313	1	0	1	2.851963117215478
257200.0	6000.0	1237.6915633853616	0.0	0	265.9605839646829	1437.6915633851604	1	0	1	2.8519631172154747
258200.0	6000.0	1237.6915633853582	0.0	0	259.34315188537585	1437.6915633851604	1	0	1	2.8519631172154747
259200.0	6000.0	1237.6915633853412	0.0	0	503.0427339102316	1437.6915633851604	1	0	1	2.8519631172154747
260345.08678203943	6000.0	1092.6047813459013	0.0	0	0.0	1437.6915633851313	1	0	1	2.851963117215478
261263.59669330658	6000.0	1174.094870078754	0.0	0	0.0	1437.6915633851313	1	0	1	2.851963117215478
262200.0	6000.0	1237.6915633853466	0.0	0	402.6730150829826	1437.6915633851313	1	0	1	2.851963117215478
263200.0	6000.0	1237.6915633853291	0.0	0	370.3974945326336	1437.6915633851313	1	0	1	2.851963117215476
264200.0	6000.0	1237.6915633853425	0.0	0	438.4289319909294	1437.6915633851313	1	0	1	2.8519631172154787
265200.0	6000.0	1237.6915633852873	0.0	0	433.9252409754554	1437.691563385073	1	0	1	2.8519631172154836
266200.0	6000.0	1237.69156338523	0.0	0	573.241121557774	1437.691563385015	1	0	1	2.85196311721549
267200.0	6000.0	1237.691563385252	0.0	0	584.3314621756435	1437.691563385015	1	0	1	2.85196311721549
268200.0	6000.0	1237.6915633853268	0.0	0	411.91198523907224	1437.691563385015	1	0	1	2.85196311721549
269218.84999096417	6000.0	1218.8415724211866	0.0	0	0.0	1437.691563385015	1	0	1	2.85196311721549
270200.0	6000.0	1237.6915633853203	0.0	0	213.08310933667235	1437.6915633849567	1	0	1	2.851963117215495
271391.90756324853	6000.0	1045.784000136758	0.0	0	0.0	1437.691563385015	1	0	1	2.8519631172154933
272336.60836953437	6000.0	1101.08319385091	0.0	0	0.0	1437.691563385015	1	0	1	2.85196311721549
273200.0	6000.0	1237.6915633852577	0.0	0	361.41561607667245	1437.691563385015	1	0	1	2.85196311721549
274200.0	6000.0	1237.6915633853362	0.0	0	246.88118670578115	1437.691563385073	1	0	1	2.8519631172154836
275200.0	6000.0	1237.6915633853305	0.0	0	136.92104933428345	1437.691563385073	1	0	1	2.8519631172154836
276200.0	6000.0	1237.691563385368	0.0	0	302.92999398108805	1437.691563385073	1	0	1	2.8519631172154836
277200.0	6000.0	1237.6915633853614	0.0	0	47.43760138656944	1437.691563385073	1	0	1	2.8519631172154836
278200.0	6000.0	1237.6915633853553	0.0	0	259.32221859815763	1437.691563385073	1	0	1	2.8519631172154836
279200.0	6000.0	1237.691563385386	0.0	0	236.0538863777183	1437.691563385015	1	0	1	2.85196311721549
280200.0	6000.0	1237.6915633853594	0.0	0	382.6587471370585	1437.691563385015	1	0	1	2.85196311721549
281200.0	6000.0	1237.6915633853155	0.0	0	110.49872917082394	1437.691563385015	1	0	1	2.85196311721549
282248.9615993331	6000.0	1188.7299640522183	0.0	0	0.0	1437.6915633849567	1	0	1	2.851963117215495
283596.4002620457	6000.0	841.2913013396555	0.0	0	0.0	1437.6915633849567	1	0	1	2.851963117215495
284545.23112200503	6000.0	892.4604413802981	0.0	0	0.0	1437.6915633849567	1	0	1	2.851963117215495
285593.79861822224	6000.0	843.8929451630411	0.0	0	0.0	1437.6915633848985	1	0	1	2.8519631172155013
286452.21751052083	6000.0	985.4740528645018	0.0	0	0.0	1437.6915633849567	1	0	1	2.8519631172154973
287200.0	6000.0	1237.6915633854303	0.0	0	52.56779323407682	1437.6915633849567	1	0	1	2.851963117215495
288200.0	6000.0	1237.6915633854317	0.0	0	307.2491898856824	1437.6915633849567	1	0	1	2.851963117215495
289200.0	6000.0	1237.691563385452	0.0	0	317.0922000899445	1437.6915633849567	1	0	1	2.851963117215495
290200.0	6000.0	1237.6915633854662	0.0	0	432.5308621847653	1437.6915633849567	1	0	1	2.851963117215495
291200.0	6000.0	1237.6915633854612	0.0	0	611.3489611620316	1437.6915633849567	1	0	1	2.851963117215495
292200.0	6000.0	1237.6915633854157	0.0	0	316.9932560704765	1437.6915633849567	1	0	1	2.851963117215495
293408.29520466336	6000.0	1029.3963587220496	0.0	0	0.0	1437.6915633849567	1	0	1	2.851963117215495
294266.81208643696	6000.0	1170.8794769485326	0.0	0	0.0	1437.6915633849567	1	0	1	2.851963117215495
295200.0	6000.0	1237.6915633854785	0.0	0	207.8225217128056	1437.6915633848985	1	0	1	2.8519631172155013
296200.0	6000.0	1237.6915633854524	0.0	0	314.0853680667933	1437.6915633848403	1	0	1	2.851963117215507
297264.1159681905	6000.0	1173.575595194927	0.0	0	0.0	1437.691563384782	1	0	1	2.851963117215513
298200.0	6000.0	1237.691563385358	0.0	0	367.8389656934305	1437.6915633847238	1	0	1	2.8519631172155187
299200.0	6000.0	1237.691563385356	0.0	0	304.8638414356974	1437.691563384782	1	0	1	2.851963117215513
300200.0	6000.0	1237.691563385337	0.0	0	376.77543611783767	1437.691563384782	1	0	1	2.851963117215513
12.5	5.31	7.96	8.76	7.58	10.7	10.1	5.92	2.68	6.31	5.09	6.74	12.8	10.6	9.44	9.34	12.9	7.16	8.69	7.77	7.61	8.6	11.0	5.09	5.29	9.46	9.85	8.34	7.0	8.39	8.04	9.16	10.5	7.32	6.96	13.5	7.29	6.06	8.73	7.22	7.39	10.3	7.98	7.97	5.91	6.17	5.62	8.11	6.39	10.8	7.23	9.78	8.22	7.87	11.0	11.2	8.68	8.46	7.32	7.39	7.62	11.2	8.57	6.92	6.52	5.31	9.07	6.48	8.69	9.6	7.14	6.28	10.6	8.63	12.2	13.0	10.7	8.77	5.26	8.6	8.17	6.8	7.46	7.85	6.86	11.7	12.7	9.96	8.87	9.79	8.79	9.97	9.59	11.6	11.0	11.3	9.46	8.12	5.71	7.96	10.0	13.9	9.57	10.7	9.02	7.95	8.6	9.81	7.21	8.86	8.95	9.9	10.7	10.6	12.3	14.5	11.2	7.16	7.22	4.84	7.72	12.0	8.83	6.95	8.72	7.04	7.62	9.48	9.14	7.7	7.32	6.49	4.03	7.67	6.27	9.07	9.53	7.54	10.7	14.0	10.2	5.91	5.61	7.02	10.1	7.25	9.81	8.46	10.8	8.66	12.5	5.31	7.96	8.76	7.58	10.7	10.1	5.92	2.68	6.31	5.09	6.74	12.8	10.6	9.44	9.34	12.9	7.16	8.69	7.77	7.61	8.6	11.0	5.09	5.29	9.46	9.85	8.34	7.0	8.39	8.04	9.16	10.5	7.32	6.96	13.5	7.29	6.06	8.73	7.22	7.39	10.3	7.98	7.97	5.91	6.17	5.62	8.11	6.39	10.8	7.23	9.78	8.22	7.87	11.0	11.2	8.68	8.46	7.32	7.39	7.62	11.2	8.57	6.92	6.52	5.31	9.07	6.48	8.69	9.6	7.14	6.28	10.6	8.63	12.2	13.0	10.7	8.77	5.26	8.6	8.17	6.8	7.46	7.85	6.86	11.7	12.7	9.96	8.87	9.79	8.79	9.97	9.59	11.6	11.0	11.3	9.46	8.12	5.71	7.96	10.0	13.9	9.57	10.7	9.02	7.95	8.6	9.81	7.21	8.86	8.95	9.9	10.7	10.6	12.3	14.5	11.2	7.16	7.22	4.84	7.72	12.0	8.83	6.95	8.72	7.04	7.62	9.48	9.14	7.7	7.32	6.49	4.03	7.67	6.27	9.07	9.53	7.54	10.7	14.0	10.2	5.91	5.61	7.02	10.1	7.25	9.81	8.46	10.8	8.66	12.5	5.31
1.0	2.0	3.0	4.0	5.0	6.0	7.0	8.0	9.0	10.0	11.0	12.0	13.0	14.0	15.0	16.0	17.0	18.0	19.0	20.0	21.0	22.0	23.0	24.0	25.0	26.0	27.0	28.0	29.0	30.0	31.0	32.0	33.0	34.0	35.0	36.0	37.0	38.0	39.0	40.0	41.0	42.0	43.0	44.0	45.0	46.0	47.0	48.0	49.0	50.0	51.0	52.0	53.0	54.0	55.0	56.0	57.0	58.0	59.0	60.0	61.0	62.0	63.0	64.0	65.0	66.0	67.0	68.0	69.0	70.0	71.0	72.0	73.0	74.0	75.0	76.0	77.0	78.0	79.0	80.0	81.0	82.0	83.0	84.0	85.0	86.0	87.0	88.0	89.0	90.0	91.0	92.0	93.0	94.0	95.0	96.0	97.0	98.0	99.0	100.0	101.0	102.0	103.0	104.0	105.0	106.0	107.0	108.0	109.0	110.0	111.0	112.0	113.0	114.0	115.0	116.0	117.0	118.0	119.0	120.0	121.0	122.0	123.0	124.0	125.0	126.0	127.0	128.0	129.0	130.0	131.0	132.0	133.0	134.0	135.0	136.0	137.0	138.0	139.0	140.0	141.0	142.0	143.0	144.0	145.0	146.0	147.0	148.0	149.0	149.0	150.0	151.0	152.0	153.0	154.0	155.0	156.0	157.0	158.0	159.0	160.0	161.0	162.0	163.0	164.0	165.0	166.0	167.0	168.0	169.0	170.0	171.0	172.0	173.0	174.0	175.0	176.0	177.0	178.0	179.0	180.0	181.0	182.0	183.0	184.0	185.0	186.0	187.0	188.0	189.0	190.0	191.0	192.0	193.0	194.0	195.0	196.0	197.0	198.0	199.0	200.0	201.0	202.0	203.0	204.0	205.0	206.0	207.0	208.0	209.0	210.0	211.0	212.0	213.0	214.0	215.0	216.0	217.0	218.0	219.0	220.0	221.0	222.0	223.0	224.0	225.0	226.0	227.0	228.0	229.0	230.0	231.0	232.0	233.0	234.0	235.0	236.0	237.0	238.0	239.0	240.0	241.0	242.0	243.0	244.0	245.0	246.0	247.0	248.0	249.0	250.0	251.0	252.0	253.0	254.0	255.0	256.0	257.0	258.0	259.0	260.0	261.0	262.0	263.0	264.0	265.0	266.0	267.0	268.0	269.0	270.0	271.0	272.0	273.0	274.0	275.0	276.0	277.0	278.0	279.0	280.0	281.0	282.0	283.0	284.0	285.0	286.0	287.0	288.0	289.0	290.0	291.0	292.0	293.0	294.0	295.0	296.0	297.0	298.0	298.0	299.0	300.0
2209.1570681916382
