4359.77539537736	300.0	2000.0	93.97577133796479	0	0.0	4359.77539537736	1	0	1	-0.9983096033762593
4439.272536306474	300.0	2912.5531449779746	0.0	0	0.0	4351.825681284448	1	0	2	-0.8352963656299632
4530.76047514052	300.0	3811.916412260523	0.0	0	0.0	4342.676887401042	1	0	2	-0.6344055682400562
5200.0	300.0	4075.7529349150946	0.0	0	588.7285329674487	4275.752934915095	1	0	2	-0.6312068269543462
6200.0	300.0	3975.752934915094	0.0	0	919.8375935372251	4175.752934915094	1	0	2	-0.6215752934915098
7200.0	300.0	3875.7529349150946	0.0	0	927.1793811463376	4075.752934915094	1	0	2	-0.6115752934915096
8200.0	300.0	3775.7529349150936	0.0	0	927.2482161261714	3975.7529349150936	1	0	2	-0.6015752934915097
9200.0	300.0	3675.752934915097	0.0	0	927.1440354844744	3875.7529349150955	1	0	2	-0.5915752934915097
10200.0	300.0	3575.7529349150973	0.0	0	930.4132932239827	3775.7529349150955	1	0	2	-0.5815752934915097
11200.0	300.0	3475.752934915096	0.0	0	931.7878295108021	3675.7529349150936	1	0	2	-0.5715752934915097
12200.0	300.0	3375.752934915097	0.0	0	929.1457996682639	3575.7529349150936	1	0	2	-0.5615752934915096
13200.0	300.0	3275.7529349150973	0.0	0	934.3591158384716	3475.7529349150955	1	0	2	-0.5515752934915097
14200.0	300.0	3175.7529349150973	0.0	0	933.0016217258144	3375.7529349150955	1	0	2	-0.5415752934915097
15200.0	300.0	3075.752934915098	0.0	0	901.0544890656747	3275.7529349150955	1	0	2	-0.5315752934915098
16200.0	300.0	2975.752934915099	0.0	0	930.8805067761368	3175.7529349150973	1	0	2	-0.5215752934915099
17200.0	300.0	2875.7529349150986	0.0	0	939.1377896754384	3075.7529349150955	1	0	2	-0.5115752934915101
18200.0	300.0	2775.7529349150946	0.0	0	917.94483775568	2975.752934915092	1	0	2	-0.5015752934915095
19200.0	300.0	2675.7529349150927	0.0	0	924.3791718036373	2875.75293491509	1	0	2	-0.49157529349150925
20200.0	300.0	2575.7529349150923	0.0	0	927.6245151342046	2775.7529349150936	1	0	2	-0.48157529349150957
21200.0	300.0	2475.7529349150905	0.0	0	923.3939762990267	2675.75293491509	1	0	2	-0.47157529349150934
22200.0	300.0	2375.7529349150886	0.0	0	930.8377391448594	2575.7529349150827	1	0	2	-0.46157529349150894
23200.0	300.0	2275.752934915088	0.0	0	939.4379707740372	2475.7529349150827	1	0	2	-0.4515752934915086
24200.0	300.0	2175.752934915088	0.0	0	952.8776945690042	2375.7529349150755	1	0	2	-0.44157529349150804
25200.0	300.0	2075.7529349150896	0.0	0	923.7967937250505	2275.752934915079	1	0	2	-0.43157529349150775
26200.0	300.0	1975.752934915087	0.0	0	928.7660409053242	2175.752934915079	1	0	2	-0.4215752934915082
27200.0	300.0	1875.7529349150884	0.0	0	931.7849302453324	2075.7529349150827	1	0	2	-0.41157529349150845
28200.0	300.0	1775.7529349150889	0.0	0	927.2127443905665	1975.7529349150827	1	0	2	-0.4015752934915082
29200.0	300.0	1675.7529349150918	0.0	0	915.6843624112589	1875.7529349150827	1	0	2	-0.3915752934915083
30200.0	300.0	1575.752934915094	0.0	0	917.5472654607911	1775.7529349150864	1	0	2	-0.3815752934915086
31200.0	300.0	1475.7529349150914	0.0	0	929.7169432172122	1675.7529349150827	1	0	2	-0.3715752934915084
32200.0	300.0	1375.7529349150882	0.0	0	924.4090999813852	1575.752934915079	1	0	2	-0.3615752934915082
33200.0	500.0	1275.7529349150918	0.0	0	931.7947769510465	1475.752934915079	1	0	2	-0.35157529349150796
34200.0	1000.0	1275.7529349150857	0.0	0	855.8608211821556	1475.7529349150718	1	0	1	0.16325033027448282
35200.0	1000.0	1275.752934915085	0.0	0	844.2529416589532	1475.7529349150718	1	0	1	1.056397510834429
36200.0	2000.0	1275.7529349150818	0.0	0	808.2147207316157	1475.7529349150718	1	0	1	1.056397510834429
37200.0	3000.0	1275.7529349150734	0.0	0	692.106644905718	1475.7529349150718	1	0	1	1.7495446913943742
38200.0	3000.0	1275.7529349150725	0.0	0	631.2760226063838	1475.7529349150718	1	0	1	2.155009799502539
39200.0	3000.0	1275.7529349150734	0.0	0	523.6207318399393	1475.7529349150718	1	0	1	2.155009799502539
40200.0	6000.0	1275.7529349150761	0.0	0	279.8105803667422	1475.752934915079	1	0	1	2.1550097995025377
41269.93610755166	6000.0	1205.816827363413	0.0	0	0.0	1475.752934915079	1	0	1	2.848156980062483
42200.0	6000.0	1275.7529349150698	0.0	0	201.7364923072164	1475.752934915079	1	0	1	2.848156980062483
43200.0	6000.0	1275.7529349150702	0.0	0	171.14070346245717	1475.752934915079	1	0	1	2.848156980062483
44200.0	6000.0	1275.752934915074	0.0	0	157.66925467785768	1475.752934915079	1	0	1	2.848156980062483
45200.0	6000.0	1275.7529349150755	0.0	0	84.79007431666832	1475.752934915079	1	0	1	2.848156980062483
46200.0	3000.0	1275.7529349150764	0.0	0	547.527106883208	1475.752934915079	1	0	1	1.4618626189425934
47200.0	3000.0	1275.7529349150745	0.0	0	617.6403566053123	1475.752934915079	1	0	1	2.155009799502538
48200.0	6000.0	1275.7529349150752	0.0	0	427.55431097122346	1475.752934915079	1	0	1	2.1550097995025377
49200.0	6000.0	1275.752934915087	0.0	0	443.18968281031994	1475.7529349150864	1	0	1	2.848156980062482
50200.0	6000.0	1275.7529349150827	0.0	0	464.11566545169626	1475.7529349150864	1	0	1	2.848156980062482
51200.0	3000.0	1275.752934915083	0.0	0	661.8075718751352	1475.7529349150936	1	0	1	1.4618626189425916
52200.0	6000.0	1275.7529349150814	0.0	0	166.42849366772134	1475.7529349150936	1	0	1	2.155009799502537
53200.0	6000.0	1275.752934915075	0.0	0	351.72608677690005	1475.7529349150936	1	0	1	2.8481569800624817
54200.0	6000.0	1275.7529349150755	0.0	0	79.58546258522256	1475.752934915101	1	0	1	2.8481569800624804
55200.0	6000.0	1275.752934915069	0.0	0	26.094365083248704	1475.7529349150936	1	0	1	2.8481569800624817
56200.0	6000.0	1275.7529349150668	0.0	0	368.7268900206982	1475.7529349150936	1	0	1	2.8481569800624817
57200.0	6000.0	1275.7529349150714	0.0	0	47.182933003081416	1475.7529349150936	1	0	1	2.8481569800624817
58200.0	6000.0	1275.7529349150705	0.0	0	187.94344330250897	1475.752934915101	1	0	1	2.8481569800624804
59210.27831091012	6000.0	1265.4746240049506	0.0	0	0.0	1475.752934915101	1	0	1	2.8481569800624804
60200.0	6000.0	1275.7529349150727	0.0	0	173.88514208244305	1475.7529349151082	1	0	1	2.84815698006248
61272.23420626394	6000.0	1203.518728651124	0.0	0	0.0	1475.7529349151082	1	0	1	2.84815698006248
62200.0	6000.0	1275.7529349150689	0.0	0	238.39954570060218	1475.7529349151082	1	0	1	2.84815698006248
63371.53793181966	6000.0	1104.2150030954074	0.0	0	0.0	1475.7529349151082	1	0	1	2.84815698006248
64254.664820442384	6000.0	1221.088114472678	0.0	0	0.0	1475.7529349151082	1	0	1	2.84815698006248
65200.0	6000.0	1275.7529349150573	0.0	0	304.95125488792837	1475.7529349151082	1	0	1	2.84815698006248
66227.18742246974	6000.0	1248.5655124453256	0.0	0	0.0	1475.7529349151155	1	0	1	2.84815698006248
67200.0	6000.0	1275.7529349150657	0.0	0	57.464087630141876	1475.75293491513	1	0	1	2.8481569800624777
68200.0	6000.0	1275.7529349150657	0.0	0	207.02108235821652	1475.75293491513	1	0	1	2.8481569800624777
69200.0	6000.0	1275.7529349150595	0.0	0	155.9489515320456	1475.7529349151155	1	0	1	2.8481569800624795
70200.0	6000.0	1275.752934915071	0.0	0	453.7518965141353	1475.7529349151155	1	0	1	2.8481569800624795
71200.0	6000.0	1275.752934915079	0.0	0	528.7939297814446	1475.7529349151155	1	0	1	2.8481569800624795
72200.0	6000.0	1275.752934915064	0.0	0	431.1723364768113	1475.752934915101	1	0	1	2.8481569800624804
73200.0	6000.0	1275.7529349150714	0.0	0	545.3901643477147	1475.752934915101	1	0	1	2.8481569800624804
74200.0	6000.0	1275.752934915071	0.0	0	47.599909145748825	1475.752934915101	1	0	1	2.8481569800624804
75200.0	6000.0	1275.7529349150739	0.0	0	148.78141441180196	1475.7529349150864	1	0	1	2.848156980062482
76200.0	6000.0	1275.7529349150739	0.0	0	157.4076730794186	1475.7529349150718	1	0	1	2.848156980062484
77321.96860167703	6000.0	1153.7843332380348	0.0	0	0.0	1475.7529349150718	1	0	1	2.848156980062484
78200.0	6000.0	1275.7529349150589	0.0	0	27.643817128409864	1475.7529349150718	1	0	1	2.848156980062484
79200.0	3000.0	1275.7529349150661	0.0	0	435.644915315861	1475.7529349150718	1	0	1	1.4618626189425938
80200.0	3000.0	1275.7529349150745	0.0	0	661.3853017957736	1475.7529349150718	1	0	1	2.155009799502539
81200.0	3000.0	1275.752934915075	0.0	0	605.5406217501004	1475.7529349150718	1	0	1	2.155009799502539
82200.0	3000.0	1275.7529349150743	0.0	0	629.4236364282697	1475.7529349150573	1	0	1	2.1550097995025403
83200.0	3000.0	1275.7529349150818	0.0	0	652.124409822849	1475.7529349150573	1	0	1	2.1550097995025403
84200.0	3000.0	1275.752934915083	0.0	0	505.6197215724824	1475.7529349150573	1	0	1	2.1550097995025403
85200.0	3000.0	1275.7529349150698	0.0	0	651.1501191788411	1475.7529349150573	1	0	1	2.1550097995025403
86200.0	3000.0	1275.7529349150725	0.0	0	679.8797861030034	1475.7529349150573	1	0	1	2.1550097995025403
87200.0	3000.0	1275.7529349150677	0.0	0	441.37389858560346	1475.7529349150718	1	0	1	2.155009799502539
88200.0	3000.0	1275.752934915094	0.0	0	436.07590410228295	1475.7529349150864	1	0	1	2.1550097995025377
89200.0	3000.0	1275.7529349151134	0.0	0	409.94900432885333	1475.7529349150864	1	0	1	2.1550097995025377
90200.0	3000.0	1275.7529349151068	0.0	0	470.4808842496277	1475.7529349150864	1	0	1	2.1550097995025377
91200.0	3000.0	1275.7529349151057	0.0	0	390.7496714944864	1475.7529349150718	1	0	1	2.155009799502539
92200.0	3000.0	1275.7529349151064	0.0	0	622.4417776320042	1475.7529349150718	1	0	1	2.155009799502539
93200.0	3000.0	1275.752934915092	0.0	0	744.9121589477436	1475.7529349150718	1	0	1	2.155009799502539
94200.0	3000.0	1275.7529349150807	0.0	0	272.07988179860695	1475.7529349150718	1	0	1	2.155009799502539
95200.0	3000.0	1275.75293491508	0.0	0	478.1693016145	1475.7529349150718	1	0	1	2.155009799502539
96200.0	3000.0	1275.7529349150677	0.0	0	660.8547099512507	1475.7529349150718	1	0	1	2.155009799502539
97200.0	3000.0	1275.7529349150777	0.0	0	677.8233412490517	1475.7529349150718	1	0	1	2.155009799502539
98200.0	3000.0	1275.7529349150864	0.0	0	644.939242749926	1475.7529349150864	1	0	1	2.1550097995025377
99200.0	3000.0	1275.7529349150795	0.0	0	435.13224647403695	1475.7529349150718	1	0	1	2.155009799502539
100200.0	3000.0	1275.7529349150889	0.0	0	690.1259265860281	1475.7529349150718	1	0	1	2.155009799502539
101200.0	3000.0	1275.7529349151002	0.0	0	713.9773314346676	1475.7529349150718	1	0	1	2.155009799502539
102200.0	3000.0	1275.7529349151005	0.0	0	610.3076922735636	1475.7529349150718	1	0	1	2.155009799502539
103200.0	3000.0	1275.7529349150925	0.0	0	538.3172491991427	1475.7529349150718	1	0	1	2.155009799502539
104200.0	3000.0	1275.752934915098	0.0	0	429.027352945428	1475.7529349150864	1	0	1	2.1550097995025377
105200.0	6000.0	1275.7529349150893	0.0	0	95.69253831797687	1475.7529349150864	1	0	1	2.1550097995025372
106200.0	6000.0	1275.7529349150948	0.0	0	302.49823005982034	1475.7529349150718	1	0	1	2.848156980062484
107200.0	6000.0	1275.7529349151043	0.0	0	316.2234366221237	1475.7529349150718	1	0	1	2.848156980062484
108200.0	6000.0	1275.7529349151073	0.0	0	135.0973606644984	1475.7529349150718	1	0	1	2.848156980062484
109200.0	6000.0	1275.7529349151037	0.0	0	188.10196281825483	1475.7529349150573	1	0	1	2.848156980062485
110200.0	6000.0	1275.7529349151062	0.0	0	56.28826406945882	1475.7529349150573	1	0	1	2.848156980062485
111200.0	6000.0	1275.7529349150916	0.0	0	450.60416433244245	1475.7529349150573	1	0	1	2.848156980062485
112285.32473405632	6000.0	1190.4282008587772	0.0	0	0.0	1475.7529349150573	1	0	1	2.848156980062485
113209.71516956374	6000.0	1266.037765351365	0.0	0	0.0	1475.7529349150573	1	0	1	2.848156980062485
114200.0	6000.0	1275.7529349151182	0.0	0	230.57841883825313	1475.7529349150573	1	0	1	2.848156980062485
115200.0	6000.0	1275.7529349151018	0.0	0	403.03669807020924	1475.7529349150573	1	0	1	2.848156980062485
116200.0	6000.0	1275.7529349151018	0.0	0	374.3540918234212	1475.7529349150573	1	0	1	2.848156980062485
117200.0	6000.0	1275.7529349150989	0.0	0	284.58306692552287	1475.7529349150573	1	0	1	2.848156980062485
118200.0	6000.0	1275.7529349150802	0.0	0	45.65532010118477	1475.7529349150718	1	0	1	2.848156980062484
119207.69194504421	6000.0	1268.0609898708651	0.0	0	0.0	1475.7529349150718	1	0	1	2.848156980062484
120200.0	3000.0	1275.75293491508	0.0	0	531.0749113487254	1475.7529349150718	1	0	1	1.4618626189425938
121200.0	3000.0	1275.7529349150846	0.0	0	656.5575393979816	1475.7529349150718	1	0	1	2.155009799502539
122200.0	6000.0	1275.7529349150834	0.0	0	560.7067044965515	1475.7529349150718	1	0	1	2.155009799502539
123200.0	6000.0	1275.7529349150825	0.0	0	398.1217941892246	1475.7529349150718	1	0	1	2.848156980062484
124200.0	6000.0	1275.7529349150857	0.0	0	118.57913564823684	1475.7529349150864	1	0	1	2.848156980062482
125384.22965074252	6000.0	1091.523284172567	0.0	0	0.0	1475.7529349150718	1	0	1	2.848156980062484
126233.35047786256	6000.0	1242.402457052537	0.0	0	0.0	1475.7529349150718	1	0	1	2.848156980062484
127200.0	3000.0	1275.7529349151225	0.0	0	646.3495945750474	1475.7529349150718	1	0	1	1.4618626189425938
128200.0	6000.0	1275.752934915135	0.0	0	375.2833175214764	1475.7529349150864	1	0	1	2.1550097995025372
129200.0	6000.0	1275.7529349151182	0.0	0	262.7926348134206	1475.7529349150718	1	0	1	2.848156980062484
130200.0	6000.0	1275.7529349151205	0.0	0	449.8021291882469	1475.7529349150573	1	0	1	2.848156980062485
131200.0	6000.0	1275.7529349151262	0.0	0	50.86459219796234	1475.7529349150573	1	0	1	2.848156980062485
132200.0	6000.0	1275.752934915095	0.0	0	145.24204654968344	1475.7529349150282	1	0	1	2.8481569800624866
133200.0	6000.0	1275.7529349150789	0.0	0	478.5851019860711	1475.7529349150136	1	0	1	2.8481569800624893
134200.0	6000.0	1275.7529349150375	0.0	0	550.9364003788796	1475.7529349150136	1	0	1	2.8481569800624893
135200.0	6000.0	1275.7529349150802	0.0	0	417.08441677939845	1475.7529349150136	1	0	1	2.8481569800624893
136200.0	6000.0	1275.7529349151012	0.0	0	4.4137812616245355	1475.7529349150427	1	0	1	2.8481569800624866
137200.0	6000.0	1275.7529349150798	0.0	0	311.0136180984264	1475.7529349150427	1	0	1	2.8481569800624866
138200.0	6000.0	1275.7529349151002	0.0	0	228.6134946507227	1475.7529349150427	1	0	1	2.8481569800624866
139200.0	6000.0	1275.7529349150932	0.0	0	447.77483205808676	1475.7529349150427	1	0	1	2.8481569800624866
140200.0	6000.0	1275.7529349150775	0.0	0	381.5689438180998	1475.7529349150427	1	0	1	2.8481569800624866
141250.37458220165	6000.0	1225.3783527134296	0.0	0	0.0	1475.7529349150427	1	0	1	2.8481569800624866
142200.0	6000.0	1275.752934915102	0.0	0	235.72995109928888	1475.7529349150427	1	0	1	2.8481569800624866
143200.0	6000.0	1275.7529349151084	0.0	0	118.39299202727852	1475.7529349150427	1	0	1	2.8481569800624866
144200.0	6000.0	1275.7529349151175	0.0	0	482.95716016500955	1475.7529349150427	1	0	1	2.8481569800624866
145200.0	6000.0	1275.7529349150905	0.0	0	296.8598289625661	1475.7529349150427	1	0	1	2.8481569800624866
146200.0	6000.0	1275.7529349150586	0.0	0	472.9685985655524	1475.7529349150427	1	0	1	2.8481569800624866
147200.0	6000.0	1275.7529349150757	0.0	0	517.0230199186772	1475.7529349150427	1	0	1	2.8481569800624866
148349.52470097723	6000.0	1126.228233937822	0.0	0	0.0	1475.7529349150427	1	0	1	2.8481569800624866
149208.16286519665	6000.0	1267.5900697184122	0.0	0	0.0	1475.7529349150427	1	0	1	2.8481569800624866
150200.0	6000.0	1275.752934915081	0.0	0	284.6070624614076	1475.7529349150427	1	0	1	2.8481569800624866
151200.0	6000.0	1275.7529349150545	0.0	0	167.5349751035974	1475.7529349150427	1	0	1	2.8481569800624866
152200.0	6000.0	1275.7529349150996	0.0	0	236.2267958559387	1475.7529349150427	1	0	1	2.8481569800624866
153200.0	6000.0	1275.752934915109	0.0	0	186.31437989484402	1475.7529349150427	1	0	1	2.8481569800624866
154200.0	6000.0	1275.7529349151043	0.0	0	94.01468816414126	1475.7529349150136	1	0	1	2.8481569800624893
155200.0	6000.0	1275.7529349150805	0.0	0	335.04215924150776	1475.7529349150136	1	0	1	2.8481569800624893
156200.0	6000.0	1275.7529349150902	0.0	0	227.74563840514747	1475.7529349150427	1	0	1	2.8481569800624866
157200.0	6000.0	1275.752934915109	0.0	0	454.2009895488154	1475.7529349150718	1	0	1	2.848156980062484
158200.0	6000.0	1275.7529349151052	0.0	0	418.3210711166903	1475.7529349150718	1	0	1	2.848156980062484
159283.43213095417	6000.0	1192.3208039609308	0.0	0	0.0	1475.752934915101	1	0	1	2.848156980062483
160200.0	6000.0	1275.7529349150966	0.0	0	268.3565193838731	1475.752934915101	1	0	1	2.8481569800624804
161200.0	6000.0	1275.7529349150802	0.0	0	205.80614622368012	1475.752934915101	1	0	1	2.8481569800624804
162200.0	6000.0	1275.7529349151052	0.0	0	580.195315217803	1475.75293491513	1	0	1	2.8481569800624777
163200.0	6000.0	1275.7529349150807	0.0	0	223.42807304830058	1475.752934915101	1	0	1	2.8481569800624804
164200.0	6000.0	1275.752934915094	0.0	0	262.08381003519753	1475.752934915101	1	0	1	2.8481569800624804
165200.0	6000.0	1275.7529349151253	0.0	0	381.57545612656395	1475.752934915101	1	0	1	2.8481569800624804
166200.0	6000.0	1275.752934915114	0.0	0	387.06192790085333	1475.752934915101	1	0	1	2.8481569800624804
167200.0	6000.0	1275.7529349151262	0.0	0	39.68016905125114	1475.75293491513	1	0	1	2.8481569800624777
168221.9221533815	6000.0	1253.8307815336013	0.0	0	0.0	1475.75293491513	1	0	1	2.8481569800624777
169200.0	6000.0	1275.7529349151139	0.0	0	436.4213087116077	1475.7529349151591	1	0	1	2.848156980062475
170200.0	6000.0	1275.7529349151378	0.0	0	420.9622097372776	1475.7529349151882	1	0	1	2.8481569800624724
171200.0	6000.0	1275.752934915103	0.0	0	252.6733436684881	1475.7529349151882	1	0	1	2.8481569800624724
172200.0	6000.0	1275.752934915098	0.0	0	362.1987783224322	1475.7529349151882	1	0	1	2.8481569800624724
173200.0	6000.0	1275.7529349150732	0.0	0	536.6978337865439	1475.7529349151882	1	0	1	2.8481569800624724
174200.0	6000.0	1275.7529349150582	0.0	0	504.5128048667975	1475.7529349151882	1	0	1	2.8481569800624724
175200.0	6000.0	1275.7529349150195	0.0	0	300.3769566002593	1475.7529349151882	1	0	1	2.8481569800624724
176200.0	6000.0	1275.7529349150243	0.0	0	450.041863872495	1475.7529349151882	1	0	1	2.8481569800624724
177200.0	6000.0	1275.7529349150493	0.0	0	64.49948396874242	1475.7529349152173	1	0	1	2.848156980062469
178452.80541186474	6000.0	1022.9475230503211	0.0	0	0.0	1475.7529349152464	1	0	1	2.848156980062466
179377.71173890552	6000.0	1098.0411960095485	0.0	0	0.0	1475.7529349152173	1	0	1	2.848156980062467
180200.0	6000.0	1275.7529349150473	0.0	0	77.90759735376923	1475.7529349152173	1	0	1	2.848156980062469
181200.0	6000.0	1275.7529349150448	0.0	0	486.418663207849	1475.7529349152173	1	0	1	2.848156980062469
182200.0	6000.0	1275.752934915052	0.0	0	388.60942327420344	1475.7529349152464	1	0	1	2.848156980062466
183200.0	6000.0	1275.7529349150618	0.0	0	482.1785207626235	1475.7529349152464	1	0	1	2.848156980062466
184200.0	6000.0	1275.7529349150539	0.0	0	311.9689483876573	1475.7529349152464	1	0	1	2.848156980062466
185200.0	6000.0	1275.7529349150482	0.0	0	448.97319792359485	1475.7529349152464	1	0	1	2.848156980062466
186200.0	6000.0	1275.7529349150193	0.0	0	632.8676675427996	1475.7529349152464	1	0	1	2.848156980062466
187200.0	6000.0	1275.7529349149968	0.0	0	422.01370632633916	1475.7529349152464	1	0	1	2.848156980062466
188200.0	6000.0	1275.7529349149945	0.0	0	249.7393803302839	1475.7529349152173	1	0	1	2.848156980062469
189200.0	6000.0	1275.7529349149945	0.0	0	246.40098906683852	1475.7529349152173	1	0	1	2.848156980062469
190351.68322936486	6000.0	1124.0697055501175	0.0	0	0.0	1475.7529349152173	1	0	1	2.848156980062469
191341.46512901096	6000.0	1134.2878059040445	0.0	0	0.0	1475.7529349152464	1	0	1	2.848156980062466
192208.77917512992	6000.0	1266.9737597850485	0.0	0	0.0	1475.7529349152464	1	0	1	2.848156980062466
193200.0	6000.0	1275.752934914948	0.0	0	50.5398314287595	1475.7529349152173	1	0	1	2.848156980062469
194429.3425209886	6000.0	1046.4104139263352	0.0	0	0.0	1475.7529349152464	1	0	1	2.848156980062468
195200.0	3000.0	1275.7529349149404	0.0	0	335.49872067256365	1475.7529349152464	1	0	1	1.4618626189425763
196200.0	3000.0	1275.7529349149436	0.0	0	535.7049015361408	1475.7529349152755	1	0	1	2.1550097995025186
197200.0	6000.0	1275.7529349149609	0.0	0	370.02197721082484	1475.7529349152755	1	0	1	2.1550097995025186
198200.0	6000.0	1275.752934914936	0.0	0	498.6548198827368	1475.7529349152755	1	0	1	2.8481569800624635
199200.0	6000.0	1275.7529349149152	0.0	0	419.43116183331585	1475.7529349152755	1	0	1	2.8481569800624635
200200.0	6000.0	1275.7529349148806	0.0	0	408.455898934626	1475.7529349152755	1	0	1	2.8481569800624635
201200.0	6000.0	1275.75293491486	0.0	0	461.894131122448	1475.7529349152755	1	0	1	2.8481569800624635
202200.0	6000.0	1275.7529349148729	0.0	0	139.683947533631	1475.7529349152464	1	0	1	2.8481569800624653
203200.0	6000.0	1275.752934914873	0.0	0	257.3690595460066	1475.7529349152755	1	0	1	2.8481569800624635
204200.0	6000.0	1275.752934914888	0.0	0	243.12323322406155	1475.7529349153046	1	0	1	2.848156980062461
205200.0	6000.0	1275.752934914889	0.0	0	47.84373192771454	1475.7529349153046	1	0	1	2.848156980062461
206276.36593406557	6000.0	1199.387000849304	0.0	0	0.0	1475.7529349152755	1	0	1	2.8481569800624635
207200.0	6000.0	1275.7529349148542	0.0	0	11.814042651618365	1475.7529349152755	1	0	1	2.8481569800624635
208319.54720405146	6000.0	1156.2057308633866	0.0	0	0.0	1475.7529349152755	1	0	1	2.8481569800624635
209367.44073188378	6000.0	1108.3122030310738	0.0	0	0.0	1475.7529349152755	1	0	1	2.8481569800624635
210200.0	6000.0	1275.7529349148354	0.0	0	7.469784937158693	1475.7529349152755	1	0	1	2.8481569800624635
211200.0	6000.0	1275.7529349148538	0.0	0	108.52124135100166	1475.7529349153046	1	0	1	2.848156980062461
212423.07015539106	6000.0	1052.6827795238237	0.0	0	0.0	1475.7529349153338	1	0	1	2.848156980062459
213377.2851514699	6000.0	1098.4677834449967	0.0	0	0.0	1475.7529349153338	1	0	1	2.8481569800624587
214200.0	6000.0	1275.7529349148872	0.0	0	99.77986041558324	1475.7529349153338	1	0	1	2.8481569800624573
215200.0	6000.0	1275.7529349148951	0.0	0	32.684501165524125	1475.7529349153338	1	0	1	2.8481569800624573
216200.0	6000.0	1275.7529349148988	0.0	0	219.71134669106686	1475.7529349153338	1	0	1	2.8481569800624573
217200.0	6000.0	1275.7529349149033	0.0	0	5.039469514071243	1475.7529349153338	1	0	1	2.8481569800624573
218200.0	6000.0	1275.7529349149172	0.0	0	240.74976945106755	1475.7529349153338	1	0	1	2.8481569800624573
219200.0	6000.0	1275.7529349149095	0.0	0	470.91009900561767	1475.7529349153338	1	0	1	2.8481569800624573
220200.0	6000.0	1275.7529349148851	0.0	0	359.98161040613195	1475.7529349153338	1	0	1	2.8481569800624573
221200.0	6000.0	1275.7529349148722	0.0	0	103.7914389865764	1475.7529349153338	1	0	1	2.8481569800624573
222200.0	6000.0	1275.752934914885	0.0	0	582.3281316136708	1475.7529349153338	1	0	1	2.8481569800624573
223200.0	6000.0	1275.752934914903	0.0	0	196.61925749620423	1475.7529349153338	1	0	1	2.8481569800624573
224200.0	6000.0	1275.7529349149072	0.0	0	186.75796136521967	1475.7529349153338	1	0	1	2.8481569800624573
225200.0	6000.0	1275.7529349148992	0.0	0	88.80513452520245	1475.7529349153046	1	0	1	2.848156980062461
226663.05379710018	6000.0	812.6991378146735	0.0	0	0.0	1475.7529349152755	1	0	1	2.8481569800624635
227723.84643883025	6000.0	751.906496084587	0.0	0	0.0	1475.7529349152755	1	0	1	2.8481569800624635
228561.18691398753	6000.0	914.5660209273196	0.0	0	0.0	1475.7529349152755	1	0	1	2.8481569800624635
229233.91970592723	6000.0	1241.8332289876148	0.0	0	0.0	1475.7529349152464	1	0	1	2.848156980062466
230200.0	6000.0	1275.7529349148322	0.0	0	219.53936716212775	1475.7529349152464	1	0	1	2.848156980062466
231200.0	6000.0	1275.7529349148044	0.0	0	81.00432714368799	1475.7529349152464	1	0	1	2.848156980062466
232200.0	3000.0	1275.7529349147935	0.0	0	719.2782859054569	1475.7529349152173	1	0	1	1.4618626189425794
233200.0	6000.0	1275.7529349147992	0.0	0	24.54994866999914	1475.7529349152173	1	0	1	2.155009799502524
234200.0	6000.0	1275.752934914799	0.0	0	456.2775436208176	1475.7529349152173	1	0	1	2.848156980062469
235200.0	6000.0	1275.752934914822	0.0	0	413.83443168352824	1475.7529349152173	1	0	1	2.848156980062469
236669.04943814146	6000.0	806.7034967733443	0.0	0	0.0	1475.7529349152173	1	0	1	2.848156980062469
237565.74917509945	6000.0	910.0037598153667	0.0	0	0.0	1475.7529349152464	1	0	1	2.848156980062466
238612.28313160656	6000.0	863.4698033082777	0.0	0	0.0	1475.7529349152464	1	0	1	2.848156980062466
239690.35105387136	6000.0	785.4018810434866	0.0	0	0.0	1475.7529349152464	1	0	1	2.848156980062466
240231.39535076448	3000.0	1244.3575841503452	0.0	0	0.0	1475.7529349152464	1	0	1	1.4618626189425763
241200.0	3000.0	1275.752934914811	0.0	0	507.4349133959913	1475.7529349152464	1	0	1	2.1550097995025213
242200.0	3000.0	1275.752934914843	0.0	0	695.32101944022	1475.7529349152464	1	0	1	2.1550097995025213
243200.0	3000.0	1275.7529349148504	0.0	0	352.3601191296766	1475.7529349152464	1	0	1	2.1550097995025213
244200.0	3000.0	1275.7529349148374	0.0	0	321.05185841437196	1475.7529349152464	1	0	1	2.1550097995025213
245200.0	3000.0	1275.7529349148467	0.0	0	682.8993248272454	1475.7529349152464	1	0	1	2.1550097995025213
246200.0	3000.0	1275.7529349148365	0.0	0	551.6638268915995	1475.7529349152464	1	0	1	2.1550097995025213
247200.0	3000.0	1275.75293491484	0.0	0	696.9177903545497	1475.7529349152464	1	0	1	2.1550097995025213
248200.0	3000.0	1275.7529349148704	0.0	0	329.52397084402037	1475.7529349152464	1	0	1	2.1550097995025213
249200.0	3000.0	1275.7529349148697	0.0	0	684.415455675975	1475.7529349152464	1	0	1	2.1550097995025213
250200.0	3000.0	1275.7529349148583	0.0	0	656.0327026624	1475.7529349152464	1	0	1	2.1550097995025213
251200.0	3000.0	1275.7529349148813	0.0	0	635.6310507110902	1475.7529349152464	1	0	1	2.1550097995025213
252200.0	6000.0	1275.7529349148626	0.0	0	181.78085161020863	1475.7529349152173	1	0	1	2.155009799502524
253200.0	3000.0	1275.752934914861	0.0	0	565.4495847392827	1475.7529349152173	1	0	1	1.4618626189425794
254200.0	6000.0	1275.7529349148397	0.0	0	288.56857394546387	1475.7529349152173	1	0	1	2.155009799502524
255200.0	6000.0	1275.7529349148497	0.0	0	65.48054934557877	1475.7529349152173	1	0	1	2.848156980062469
256200.0	6000.0	1275.7529349148451	0.0	0	70.4470427465858	1475.7529349152173	1	0	1	2.848156980062469
257200.0	6000.0	1275.7529349148217	0.0	0	299.89490693534026	1475.7529349152173	1	0	1	2.848156980062469
258200.0	6000.0	1275.752934914858	0.0	0	112.2917444833729	1475.7529349152173	1	0	1	2.848156980062469
259200.0	6000.0	1275.7529349148454	0.0	0	327.5851140114537	1475.7529349152173	1	0	1	2.848156980062469
260200.0	6000.0	1275.7529349148201	0.0	0	563.7070303459477	1475.7529349152173	1	0	1	2.848156980062469
261436.59218801625	6000.0	1039.1607468985837	0.0	0	0.0	1475.7529349152173	1	0	1	2.848156980062469
262436.0955307139	6000.0	1039.657404200883	0.0	0	0.0	1475.7529349151882	1	0	1	2.8481569800624684
263416.09311475424	6000.0	1059.6598201605418	0.0	0	0.0	1475.7529349151882	1	0	1	2.84815698006247
264289.0636349413	6000.0	1186.6892999734996	0.0	0	0.0	1475.75293491513	1	0	1	2.848156980062474
265200.0	6000.0	1275.7529349148078	0.0	0	308.8030562084168	1475.75293491513	1	0	1	2.8481569800624777
266297.78547723946	6000.0	1177.967457675342	0.0	0	0.0	1475.7529349151882	1	0	1	2.8481569800624724
267200.0	6000.0	1275.7529349148094	0.0	0	150.55004682624713	1475.7529349152464	1	0	1	2.848156980062466
268293.6437203803	6000.0	1182.1092145345085	0.0	0	0.0	1475.7529349153046	1	0	1	2.8481569800624644
269200.0	6000.0	1275.7529349147885	0.0	0	11.55841497995425	1475.7529349153046	1	0	1	2.848156980062461
270200.0	6000.0	1275.7529349148122	0.0	0	469.65180672804127	1475.7529349153046	1	0	1	2.848156980062461
271200.0	6000.0	1275.7529349148303	0.0	0	510.0789191154763	1475.7529349153046	1	0	1	2.848156980062461
272200.0	6000.0	1275.7529349148117	0.0	0	414.5542269242578	1475.7529349153046	1	0	1	2.848156980062461
273200.0	6000.0	1275.7529349148115	0.0	0	192.98371345509076	1475.7529349153046	1	0	1	2.848156980062461
274200.0	6000.0	1275.7529349147344	0.0	0	165.9236601368757	1475.7529349153046	1	0	1	2.848156980062461
275200.0	6000.0	1275.7529349147107	0.0	0	38.24006879440276	1475.7529349153046	1	0	1	2.848156980062461
276200.0	6000.0	1275.7529349146846	0.0	0	172.632590966532	1475.7529349153046	1	0	1	2.848156980062461
277200.0	6000.0	1275.7529349147621	0.0	0	191.89281151769683	1475.7529349153046	1	0	1	2.848156980062461
278200.0	6000.0	1275.7529349148022	0.0	0	456.73779337015003	1475.7529349153629	1	0	1	2.8481569800624547
279200.0	6000.0	1275.7529349148085	0.0	0	267.08356749190716	1475.7529349153629	1	0	1	2.8481569800624547
280200.0	6000.0	1275.752934914855	0.0	0	99.96024331997614	1475.7529349153629	1	0	1	2.8481569800624547
281200.0	6000.0	1275.7529349148515	0.0	0	388.26966146263294	1475.7529349153629	1	0	1	2.8481569800624547
282200.0	6000.0	1275.752934914866	0.0	0	484.7305424705264	1475.7529349153046	1	0	1	2.848156980062461
283200.0	6000.0	1275.7529349148485	0.0	0	442.94988377945265	1475.7529349153046	1	0	1	2.848156980062461
284200.0	6000.0	1275.7529349148458	0.0	0	510.4021456639166	1475.7529349153046	1	0	1	2.848156980062461
285225.9603776166	6000.0	1249.7925572982738	0.0	0	0.0	1475.7529349152464	1	0	1	2.8481569800624618
286200.0	6000.0	1275.7529349149129	0.0	0	66.49620502867037	1475.7529349152464	1	0	1	2.848156980062466
287200.0	6000.0	1275.7529349149104	0.0	0	177.22333453857573	1475.7529349152464	1	0	1	2.848156980062466
288200.0	6000.0	1275.7529349148763	0.0	0	167.21210678399075	1475.7529349152464	1	0	1	2.848156980062466
289200.0	6000.0	1275.7529349148654	0.0	0	464.7182503255317	1475.7529349152464	1	0	1	2.848156980062466
290205.7194697917	6000.0	1270.0334651231606	0.0	0	0.0	1475.7529349152464	1	0	1	2.848156980062466
291200.0	6000.0	1275.7529349148563	0.0	0	269.5784103210317	1475.7529349152464	1	0	1	2.848156980062466
292200.0	6000.0	1275.7529349149202	0.0	0	421.5023228843929	1475.7529349152464	1	0	1	2.848156980062466
293200.0	6000.0	1275.7529349149077	0.0	0	499.85911139502423	1475.7529349152464	1	0	1	2.848156980062466
294200.0	6000.0	1275.7529349148942	0.0	0	428.4762421049527	1475.7529349152464	1	0	1	2.848156980062466
295200.0	6000.0	1275.7529349148522	0.0	0	257.060960653238	1475.7529349152464	1	0	1	2.848156980062466
296200.0	6000.0	1275.752934914856	0.0	0	423.18980065209325	1475.7529349152464	1	0	1	2.848156980062466
297200.0	6000.0	1275.752934914874	0.0	0	5.864317329658661	1475.7529349153046	1	0	1	2.848156980062461
298200.0	6000.0	1275.7529349148297	0.0	0	96.67432972695678	1475.7529349153046	1	0	1	2.848156980062461
299200.0	6000.0	1275.7529349147858	0.0	0	207.10904295940418	1475.7529349153046	1	0	1	2.848156980062461
300200.0	6000.0	1275.7529349147815	0.0	0	45.30815173173323	1475.7529349153046	1	0	1	2.848156980062461
6.61	7.96	8.25	10.3	8.07	7.1	8.05	9.33	12.4	7.59	6.1	9.48	10.7	5.44	7.66	10.4	9.26	10.5	12.7	16.7	9.7	9.2	8.92	6.41	5.98	7.96	8.69	9.22	13.5	11.8	9.93	11.3	13.7	8.18	8.31	8.02	5.71	7.06	6.96	7.11	6.3	8.61	6.87	9.66	9.6	12.1	10.3	9.48	8.38	8.72	8.48	8.32	6.92	7.19	6.52	7.39	6.05	7.8	6.63	6.73	10.2	7.69	7.97	8.09	9.55	9.13	10.9	8.53	11.9	6.7	6.8	8.46	4.81	5.91	7.15	10.0	7.55	7.02	8.88	7.65	10.8	10.7	4.22	6.86	6.73	5.86	4.84	6.78	10.7	5.35	5.98	8.66	7.49	8.27	5.83	10.2	10.6	11.0	6.79	7.16	6.45	7.77	7.96	9.29	9.24	7.89	10.7	6.73	6.51	8.0	8.56	11.8	6.94	6.89	5.93	8.12	10.1	12.5	12.6	7.29	6.59	7.75	8.58	10.4	9.2	10.9	8.18	7.89	11.7	12.1	11.4	6.67	7.09	9.36	8.79	14.1	7.94	7.38	9.49	15.8	10.5	10.4	11.5	6.87	7.66	6.44	7.7	10.8	8.91	10.8	6.61	7.96	8.25	10.3	8.07	7.1	8.05	9.33	12.4	7.59	6.1	9.48	10.7	5.44	7.66	10.4	9.26	10.5	12.7	16.7	9.7	9.2	8.92	6.41	5.98	7.96	8.69	9.22	13.5	11.8	9.93	11.3	13.7	8.18	8.31	8.02	5.71	7.06	6.96	7.11	6.3	8.61	6.87	9.66	9.6	12.1	10.3	9.48	8.38	8.72	8.48	8.32	6.92	7.19	6.52	7.39	6.05	7.8	6.63	6.73	10.2	7.69	7.97	8.09	9.55	9.13	10.9	8.53	11.9	6.7	6.8	8.46	4.81	5.91	7.15	10.0	7.55	7.02	8.88	7.65	10.8	10.7	4.22	6.86	6.73	5.86	4.84	6.78	10.7	5.35	5.98	8.66	7.49	8.27	5.83	10.2	10.6	11.0	6.79	7.16	6.45	7.77	7.96	9.29	9.24	7.89	10.7	6.73	6.51	8.0	8.56	11.8	6.94	6.89	5.93	8.12	10.1	12.5	12.6	7.29	6.59	7.75	8.58	10.4	9.2	10.9	8.18	7.89	11.7	12.1	11.4	6.67	7.09	9.36	8.79	14.1	7.94	7.38	9.49	15.8	10.5	10.4	11.5	6.87	7.66	6.44	7.7	10.8	8.91	10.8
1.0	2.0	3.0	4.0	5.0	6.0	7.0	8.0	9.0	10.0	11.0	12.0	13.0	14.0	15.0	16.0	17.0	18.0	19.0	20.0	21.0	22.0	23.0	24.0	25.0	26.0	27.0	28.0	29.0	30.0	31.0	32.0	33.0	34.0	35.0	36.0	37.0	38.0	39.0	40.0	41.0	42.0	43.0	44.0	45.0	46.0	47.0	48.0	49.0	50.0	51.0	52.0	53.0	54.0	55.0	56.0	57.0	58.0	59.0	60.0	61.0	62.0	63.0	64.0	65.0	66.0	67.0	68.0	69.0	70.0	71.0	72.0	73.0	74.0	75.0	76.0	77.0	78.0	79.0	80.0	81.0	82.0	83.0	84.0	85.0	86.0	87.0	88.0	89.0	90.0	91.0	92.0	93.0	94.0	95.0	96.0	97.0	98.0	99.0	100.0	101.0	102.0	103.0	104.0	105.0	106.0	107.0	108.0	109.0	110.0	111.0	112.0	113.0	114.0	115.0	116.0	117.0	118.0	119.0	120.0	121.0	122.0	123.0	124.0	125.0	126.0	127.0	128.0	129.0	130.0	131.0	132.0	133.0	134.0	135.0	136.0	137.0	138.0	139.0	140.0	141.0	142.0	143.0	144.0	145.0	146.0	147.0	148.0	149.0	149.0	150.0	151.0	152.0	153.0	154.0	155.0	156.0	157.0	158.0	159.0	160.0	161.0	162.0	163.0	164.0	165.0	166.0	167.0	168.0	169.0	170.0	171.0	172.0	173.0	174.0	175.0	176.0	177.0	178.0	179.0	180.0	181.0	182.0	183.0	184.0	185.0	186.0	187.0	188.0	189.0	190.0	191.0	192.0	193.0	194.0	195.0	196.0	197.0	198.0	199.0	200.0	201.0	202.0	203.0	204.0	205.0	206.0	207.0	208.0	209.0	210.0	211.0	212.0	213.0	214.0	215.0	216.0	217.0	218.0	219.0	220.0	221.0	222.0	223.0	224.0	225.0	226.0	227.0	228.0	229.0	230.0	231.0	232.0	233.0	234.0	235.0	236.0	237.0	238.0	239.0	240.0	241.0	242.0	243.0	244.0	245.0	246.0	247.0	248.0	249.0	250.0	251.0	252.0	253.0	254.0	255.0	256.0	257.0	258.0	259.0	260.0	261.0	262.0	263.0	264.0	265.0	266.0	267.0	268.0	269.0	270.0	271.0	272.0	273.0	274.0	275.0	276.0	277.0	278.0	279.0	280.0	281.0	282.0	283.0	284.0	285.0	286.0	287.0	288.0	289.0	290.0	291.0	292.0	293.0	294.0	295.0	296.0	297.0	298.0	298.0
4179.540010106464
