6098.337131846873	300.0	2000.0	111.22256258961214	0	0.0	6098.337131846873	1	0	1	-1.2750595508519402
6191.797005199804	300.0	2897.194139311777	0.0	0	0.0	6088.9911445115795	1	0	2	-1.009063130809335
6298.8882033585405	300.0	3779.3938213371653	0.0	0	0.0	6078.282024695705	1	0	2	-0.808033059126016
6417.2742710042085	300.0	4649.16914692693	0.0	0	0.0	6066.443417931137	1	0	2	-0.8068608875622442
6530.387509472096	300.0	5524.744584612254	0.0	0	0.0	6055.132094084349	1	0	2	-0.8057229537744086
7200.0	300.0	5788.170845031557	0.0	0	565.0287682379094	5988.170845031558	1	0	2	-0.8024001236968423
8200.0	300.0	5688.170845031558	0.0	0	911.050636897362	5888.170845031558	1	0	2	-0.7928170845031561
9200.0	300.0	5588.170845031561	0.0	0	920.7810529482595	5788.17084503156	1	0	2	-0.7828170845031561
10200.0	300.0	5488.170845031563	0.0	0	875.183005210889	5688.170845031561	1	0	2	-0.7728170845031563
11200.0	300.0	5388.170845031564	0.0	0	917.5694457575992	5588.170845031562	1	0	2	-0.7628170845031563
12200.0	300.0	5288.17084503156	0.0	0	892.5870327183238	5488.170845031558	1	0	2	-0.7528170845031562
13200.0	300.0	5188.170845031561	0.0	0	907.6915289528006	5388.170845031559	1	0	2	-0.7428170845031561
14200.0	300.0	5088.17084503156	0.0	0	920.9468062197338	5288.170845031556	1	0	2	-0.7328170845031561
15200.0	300.0	4988.170845031559	0.0	0	898.4610163148791	5188.170845031553	1	0	2	-0.7228170845031556
16200.0	300.0	4888.17084503156	0.0	0	899.136730810158	5088.170845031551	1	0	2	-0.7128170845031555
17200.0	300.0	4788.170845031561	0.0	0	903.727205578276	4988.170845031553	1	0	2	-0.7028170845031554
18200.0	300.0	4688.170845031558	0.0	0	871.8919241510957	4888.170845031551	1	0	2	-0.6928170845031555
19200.0	300.0	4588.170845031554	0.0	0	881.1861655178109	4788.170845031549	1	0	2	-0.6828170845031554
20200.0	300.0	4488.170845031554	0.0	0	906.0780222606954	4688.1708450315455	1	0	2	-0.6728170845031549
21200.0	300.0	4388.170845031549	0.0	0	886.1933300883284	4588.170845031542	1	0	2	-0.6628170845031545
22200.0	300.0	4288.170845031551	0.0	0	914.1539653225991	4488.170845031549	1	0	2	-0.6528170845031547
23200.0	300.0	4188.170845031553	0.0	0	927.1045604140199	4388.170845031556	1	0	2	-0.6428170845031553
24200.0	300.0	4088.17084503155	0.0	0	926.186257523419	4288.170845031553	1	0	2	-0.6328170845031557
25200.0	300.0	3988.170845031548	0.0	0	899.6142122053279	4188.170845031553	1	0	2	-0.6228170845031558
26200.0	300.0	3888.170845031548	0.0	0	918.2936232770371	4088.1708450315564	1	0	2	-0.6128170845031555
27200.0	300.0	3788.1708450315446	0.0	0	913.900915982882	3988.1708450315527	1	0	2	-0.6028170845031555
28200.0	300.0	3688.170845031545	0.0	0	926.3570105958534	3888.1708450315527	1	0	2	-0.5928170845031555
29200.0	300.0	3588.1708450315496	0.0	0	914.72755335892	3788.1708450315564	1	0	2	-0.5828170845031556
30200.0	300.0	3488.1708450315514	0.0	0	908.7245831233377	3688.1708450315564	1	0	2	-0.5728170845031558
31200.0	300.0	3388.1708450315523	0.0	0	892.8023603606089	3588.1708450315564	1	0	2	-0.5628170845031558
32200.0	300.0	3288.170845031554	0.0	0	838.2082624522554	3488.170845031549	1	0	2	-0.5528170845031556
33200.0	300.0	3188.170845031557	0.0	0	880.9629617622195	3388.170845031549	1	0	2	-0.5428170845031552
34200.0	300.0	3088.170845031558	0.0	0	871.5315270824649	3288.170845031549	1	0	2	-0.5328170845031547
35200.0	300.0	2988.1708450315614	0.0	0	919.8326819591239	3188.170845031549	1	0	2	-0.5228170845031551
36200.0	300.0	2888.170845031563	0.0	0	933.6124934293184	3088.1708450315564	1	0	2	-0.5128170845031553
37200.0	300.0	2788.1708450315577	0.0	0	921.5754757082323	2988.1708450315564	1	0	2	-0.5028170845031563
38200.0	300.0	2688.170845031551	0.0	0	899.3184098542988	2888.170845031549	1	0	2	-0.4928170845031554
39200.0	300.0	2588.170845031554	0.0	0	908.1094291714908	2788.1708450315564	1	0	2	-0.4828170845031553
40200.0	300.0	2488.17084503156	0.0	0	898.040811701685	2688.1708450315564	1	0	2	-0.47281708450315546
41200.0	300.0	2388.1708450315678	0.0	0	850.7979212561622	2588.1708450315637	1	0	2	-0.46281708450315606
42200.0	300.0	2288.1708450315614	0.0	0	868.5309882868241	2488.1708450315637	1	0	2	-0.45281708450315666
43200.0	300.0	2188.1708450315623	0.0	0	822.0077662492113	2388.1708450315637	1	0	2	-0.44281708450315665
44200.0	300.0	2088.170845031573	0.0	0	877.4564589093789	2288.170845031571	1	0	2	-0.4328170845031569
45200.0	300.0	1988.1708450315732	0.0	0	898.332359762644	2188.170845031571	1	0	2	-0.42281708450315736
46200.0	300.0	1888.170845031574	0.0	0	874.1421715003744	2088.1708450315564	1	0	2	-0.4128170845031567
47200.0	300.0	1788.170845031577	0.0	0	918.0747008657345	1988.1708450315637	1	0	2	-0.40281708450315656
48200.0	300.0	1688.1708450315773	0.0	0	932.9030267507042	1888.1708450315564	1	0	2	-0.392817084503156
49200.0	300.0	1588.1708450315773	0.0	0	922.5429415372128	1788.170845031549	1	0	2	-0.38281708450315544
50200.0	300.0	1488.1708450315753	0.0	0	909.4241464783117	1688.1708450315418	1	0	2	-0.3728170845031548
51200.0	300.0	1388.170845031566	0.0	0	865.581089126943	1588.1708450315273	1	0	2	-0.36281708450315364
52200.0	300.0	1288.1708450315646	0.0	0	872.9326005166731	1488.1708450315273	1	0	2	-0.35281708450315324
53200.0	500.0	1288.1708450315643	0.0	0	798.937375253081	1488.1708450315273	1	0	1	-0.34881708450315285
54200.0	500.0	1288.170845031555	0.0	0	806.9326083653941	1488.17084503152	1	0	1	0.3620085392628387
55200.0	1000.0	1288.1708450315543	0.0	0	758.2330020331501	1488.17084503152	1	0	1	0.3620085392628388
56200.0	1000.0	1288.1708450315548	0.0	0	660.9107383201335	1488.1708450315127	1	0	1	1.055155719822785
57200.0	1000.0	1288.1708450315568	0.0	0	815.0596337006646	1488.1708450315127	1	0	1	1.055155719822785
58200.0	2000.0	1288.170845031555	0.0	0	536.2000013706638	1488.1708450315127	1	0	1	1.0551557198227848
59200.0	2000.0	1288.1708450315452	0.0	0	458.62793291140406	1488.1708450315127	1	0	1	1.74830290038273
60200.0	2000.0	1288.1708450315414	0.0	0	471.1517814720355	1488.1708450315127	1	0	1	1.74830290038273
61200.0	3000.0	1288.1708450315423	0.0	0	335.3729516405365	1488.1708450315127	1	0	1	1.7483029003827302
62200.0	3000.0	1288.1708450315416	0.0	0	607.2322360507096	1488.1708450315127	1	0	1	2.1537680084908946
63200.0	3000.0	1288.1708450315323	0.0	0	240.8820614228025	1488.1708450315055	1	0	1	2.1537680084908954
64200.0	3000.0	1288.17084503153	0.0	0	354.2367878531295	1488.1708450315055	1	0	1	2.1537680084908954
65200.0	3000.0	1288.1708450315398	0.0	0	358.90014359369525	1488.1708450315127	1	0	1	2.1537680084908946
66309.35586145252	3000.0	1178.8149835790073	0.0	0	0.0	1488.1708450315127	1	0	1	2.1537680084908946
67200.0	3000.0	1288.170845031533	0.0	0	177.33461669521057	1488.17084503152	1	0	1	2.153768008490894
68200.0	3000.0	1288.170845031538	0.0	0	79.1324227477453	1488.1708450315346	1	0	1	2.153768008490893
69200.0	3000.0	1288.1708450315293	0.0	0	86.3529020617425	1488.1708450315346	1	0	1	2.153768008490893
70200.0	3000.0	1288.1708450315373	0.0	0	197.88079573886353	1488.1708450315346	1	0	1	2.153768008490893
71200.0	3000.0	1288.1708450315334	0.0	0	176.61791630773223	1488.17084503152	1	0	1	2.1537680084908932
72200.0	3000.0	1288.1708450315186	0.0	0	219.87986937744427	1488.17084503152	1	0	1	2.153768008490894
73200.0	3000.0	1288.1708450315266	0.0	0	388.8721655905829	1488.1708450315055	1	0	1	2.1537680084908954
74200.0	3000.0	1288.1708450315193	0.0	0	222.14526040267083	1488.1708450315055	1	0	1	2.1537680084908954
75200.0	3000.0	1288.1708450315355	0.0	0	432.9631311237172	1488.1708450315055	1	0	1	2.1537680084908954
76200.0	3000.0	1288.1708450315339	0.0	0	496.26012584111595	1488.1708450315055	1	0	1	2.1537680084908954
77200.0	3000.0	1288.1708450315348	0.0	0	365.6711277558643	1488.17084503152	1	0	1	2.153768008490894
78200.0	3000.0	1288.1708450315346	0.0	0	611.8347524470009	1488.17084503152	1	0	1	2.153768008490894
79200.0	3000.0	1288.1708450315316	0.0	0	536.2132653266308	1488.1708450315055	1	0	1	2.1537680084908954
80200.0	3000.0	1288.170845031546	0.0	0	319.35415597942483	1488.1708450315055	1	0	1	2.1537680084908954
81306.78728025177	3000.0	1181.383564779795	0.0	0	0.0	1488.1708450315055	1	0	1	2.1537680084908954
82337.36884131518	3000.0	1150.8020037163785	0.0	0	0.0	1488.1708450315055	1	0	1	2.1537680084908954
83200.0	3000.0	1288.1708450315525	0.0	0	81.53791894609458	1488.1708450315055	1	0	1	2.1537680084908954
84200.0	3000.0	1288.1708450315427	0.0	0	281.5503552079754	1488.1708450315055	1	0	1	2.1537680084908954
85200.0	3000.0	1288.1708450315548	0.0	0	535.2875073007308	1488.1708450315055	1	0	1	2.1537680084908954
86200.0	3000.0	1288.1708450315623	0.0	0	246.909821851179	1488.1708450315055	1	0	1	2.1537680084908954
87200.0	3000.0	1288.1708450315525	0.0	0	119.38838924361335	1488.1708450315055	1	0	1	2.1537680084908954
88200.0	3000.0	1288.170845031558	0.0	0	349.15762098722917	1488.17084503152	1	0	1	2.153768008490894
89200.0	3000.0	1288.1708450315693	0.0	0	264.08543206391914	1488.17084503152	1	0	1	2.153768008490894
90200.0	3000.0	1288.1708450315543	0.0	0	368.3104831886885	1488.17084503152	1	0	1	2.153768008490894
91200.0	3000.0	1288.1708450315527	0.0	0	558.2044275652297	1488.17084503152	1	0	1	2.153768008490894
92200.0	3000.0	1288.1708450315593	0.0	0	121.88646301544213	1488.1708450315346	1	0	1	2.153768008490893
93200.0	3000.0	1288.1708450315675	0.0	0	198.24078290678153	1488.1708450315346	1	0	1	2.153768008490893
94200.0	3000.0	1288.17084503157	0.0	0	162.19510619454377	1488.170845031549	1	0	1	2.153768008490891
95200.0	3000.0	1288.1708450315598	0.0	0	463.57658762761275	1488.170845031549	1	0	1	2.153768008490891
96200.0	3000.0	1288.1708450315487	0.0	0	31.38344025371771	1488.170845031549	1	0	1	2.153768008490891
97200.0	3000.0	1288.1708450315623	0.0	0	300.9976522677316	1488.1708450315637	1	0	1	2.1537680084908897
98200.0	3000.0	1288.170845031565	0.0	0	561.6225715718756	1488.1708450315637	1	0	1	2.1537680084908897
99200.0	3000.0	1288.1708450315805	0.0	0	482.43956872218405	1488.1708450315637	1	0	1	2.1537680084908897
100200.0	3000.0	1288.1708450315834	0.0	0	625.6232511581038	1488.1708450315637	1	0	1	2.1537680084908897
101200.0	3000.0	1288.1708450315743	0.0	0	590.6830369623058	1488.1708450315637	1	0	1	2.1537680084908897
102200.0	3000.0	1288.1708450315778	0.0	0	384.1562737763161	1488.1708450315637	1	0	1	2.1537680084908897
103468.24184042076	3000.0	1019.9290046108159	0.0	0	0.0	1488.1708450315637	1	0	1	2.1537680084908897
104200.0	3000.0	1288.170845031571	0.0	0	176.89121598785277	1488.1708450315637	1	0	1	2.1537680084908897
105200.0	3000.0	1288.1708450315673	0.0	0	367.8765684163809	1488.1708450315637	1	0	1	2.1537680084908897
106200.0	3000.0	1288.1708450315598	0.0	0	229.44169476046227	1488.1708450315637	1	0	1	2.1537680084908897
107200.0	3000.0	1288.1708450315648	0.0	0	315.24859104880306	1488.1708450315637	1	0	1	2.1537680084908897
108200.0	3000.0	1288.170845031558	0.0	0	326.1294883687806	1488.1708450315637	1	0	1	2.1537680084908897
109200.0	3000.0	1288.1708450315552	0.0	0	262.85708420605806	1488.1708450315637	1	0	1	2.1537680084908897
110200.0	3000.0	1288.1708450315298	0.0	0	136.1372960335866	1488.170845031549	1	0	1	2.153768008490891
111200.0	3000.0	1288.1708450315118	0.0	0	116.61495175870368	1488.1708450315346	1	0	1	2.153768008490893
112200.0	3000.0	1288.1708450315207	0.0	0	215.50787724256224	1488.170845031549	1	0	1	2.153768008490891
113200.0	3000.0	1288.1708450315236	0.0	0	145.47701664504712	1488.170845031549	1	0	1	2.153768008490891
114279.40478856806	3000.0	1208.766056463468	0.0	0	0.0	1488.170845031549	1	0	1	2.153768008490891
115203.63925224364	3000.0	1284.531592787899	0.0	0	0.0	1488.170845031549	1	0	1	2.153768008490891
116200.0	3000.0	1288.1708450315266	0.0	0	251.10622969789256	1488.1708450315346	1	0	1	2.153768008490893
117200.0	3000.0	1288.1708450315277	0.0	0	436.292226837817	1488.1708450315346	1	0	1	2.153768008490893
118200.0	3000.0	1288.17084503152	0.0	0	167.74567145321635	1488.170845031549	1	0	1	2.153768008490891
119200.0	3000.0	1288.1708450315248	0.0	0	122.05459142316249	1488.170845031549	1	0	1	2.153768008490891
120200.0	3000.0	1288.1708450315311	0.0	0	212.92350429782527	1488.170845031549	1	0	1	2.153768008490891
121200.0	3000.0	1288.1708450315327	0.0	0	350.7050542964862	1488.1708450315346	1	0	1	2.153768008490892
122320.77231118568	3000.0	1167.3985338458533	0.0	0	0.0	1488.1708450315346	1	0	1	2.153768008490893
123200.0	3000.0	1288.170845031517	0.0	0	178.17843465371698	1488.1708450315346	1	0	1	2.153768008490893
124200.0	3000.0	1288.1708450315223	0.0	0	246.19778187415795	1488.1708450315346	1	0	1	2.153768008490893
125200.0	3000.0	1288.1708450315186	0.0	0	85.59209872692009	1488.1708450315346	1	0	1	2.153768008490893
126200.0	3000.0	1288.1708450315232	0.0	0	426.00882742331305	1488.1708450315346	1	0	1	2.153768008490893
127200.0	3000.0	1288.170845031539	0.0	0	338.76872731737967	1488.170845031549	1	0	1	2.153768008490891
128200.0	3000.0	1288.1708450315446	0.0	0	427.8280231961253	1488.170845031549	1	0	1	2.153768008490891
129200.0	3000.0	1288.1708450315402	0.0	0	191.59331081504934	1488.170845031549	1	0	1	2.153768008490891
130200.0	3000.0	1288.1708450315336	0.0	0	344.06208568342845	1488.1708450315346	1	0	1	2.153768008490893
131200.0	3000.0	1288.1708450315357	0.0	0	468.8641476837802	1488.170845031549	1	0	1	2.153768008490891
132200.0	3000.0	1288.1708450315614	0.0	0	410.4021011979203	1488.1708450315782	1	0	1	2.1537680084908892
133200.0	3000.0	1288.1708450315587	0.0	0	566.6287246349093	1488.1708450315637	1	0	1	2.1537680084908892
134200.0	3000.0	1288.1708450315527	0.0	0	516.2096626093844	1488.1708450315637	1	0	1	2.1537680084908897
135200.0	3000.0	1288.1708450315573	0.0	0	639.7120258546202	1488.1708450315637	1	0	1	2.1537680084908897
136200.0	3000.0	1288.1708450315525	0.0	0	594.5097518261173	1488.1708450315346	1	0	1	2.153768008490893
137200.0	3000.0	1288.1708450315396	0.0	0	455.5661120126315	1488.1708450315346	1	0	1	2.153768008490893
138200.0	3000.0	1288.170845031544	0.0	0	469.58460874215234	1488.1708450315346	1	0	1	2.153768008490893
139200.0	3000.0	1288.1708450315368	0.0	0	463.88702851350536	1488.1708450315346	1	0	1	2.153768008490893
140200.0	3000.0	1288.1708450315648	0.0	0	490.2357960023219	1488.1708450315346	1	0	1	2.153768008490893
141200.0	3000.0	1288.1708450315891	0.0	0	187.0518758535909	1488.1708450315346	1	0	1	2.153768008490893
142200.0	3000.0	1288.1708450316016	0.0	0	413.18102216231637	1488.1708450315346	1	0	1	2.153768008490893
143200.0	3000.0	1288.1708450315905	0.0	0	478.1011303149862	1488.1708450315055	1	0	1	2.1537680084908954
144200.0	3000.0	1288.1708450315864	0.0	0	565.2467092342267	1488.1708450315055	1	0	1	2.1537680084908954
145200.0	3000.0	1288.1708450315898	0.0	0	261.7002433461312	1488.1708450314763	1	0	1	2.153768008490898
146200.0	3000.0	1288.1708450315598	0.0	0	473.93658024427714	1488.1708450314472	1	0	1	2.153768008490901
147200.0	3000.0	1288.1708450315639	0.0	0	445.81942458308185	1488.1708450314472	1	0	1	2.153768008490901
148200.0	3000.0	1288.1708450315405	0.0	0	429.1977566757414	1488.1708450314181	1	0	1	2.1537680084909043
149200.0	3000.0	1288.170845031551	0.0	0	543.7040672503936	1488.1708450314472	1	0	1	2.153768008490901
150200.0	3000.0	1288.1708450315114	0.0	0	295.86290060187457	1488.1708450314472	1	0	1	2.153768008490901
151345.7331750548	3000.0	1142.4376699767026	0.0	0	0.0	1488.1708450314472	1	0	1	2.153768008490901
152200.0	3000.0	1288.1708450314902	0.0	0	10.261090818530647	1488.1708450314472	1	0	1	2.153768008490901
153222.93563510262	3000.0	1265.2352099288532	0.0	0	0.0	1488.1708450314472	1	0	1	2.153768008490901
154200.0	3000.0	1288.170845031492	0.0	0	379.6742835768091	1488.1708450314472	1	0	1	2.153768008490901
155200.0	3000.0	1288.170845031512	0.0	0	294.54754588234937	1488.1708450314472	1	0	1	2.153768008490901
156200.0	3000.0	1288.1708450314975	0.0	0	442.14037624633056	1488.1708450314472	1	0	1	2.153768008490901
157200.0	3000.0	1288.1708450314882	0.0	0	431.56364311336074	1488.1708450314763	1	0	1	2.153768008490898
158200.0	3000.0	1288.1708450314745	0.0	0	455.42892271096935	1488.1708450314763	1	0	1	2.153768008490898
159200.0	3000.0	1288.1708450314857	0.0	0	279.51577276346507	1488.1708450314763	1	0	1	2.153768008490898
160200.0	3000.0	1288.1708450314964	0.0	0	487.21251717500854	1488.1708450314763	1	0	1	2.153768008490898
161200.0	3000.0	1288.170845031446	0.0	0	492.0060167243646	1488.1708450314472	1	0	1	2.153768008490901
162200.0	3000.0	1288.1708450314577	0.0	0	379.0441005929897	1488.1708450314472	1	0	1	2.153768008490901
163200.0	3000.0	1288.170845031456	0.0	0	484.45089903622284	1488.1708450314472	1	0	1	2.153768008490901
164200.0	3000.0	1288.1708450314327	0.0	0	250.33448798922473	1488.1708450314472	1	0	1	2.153768008490901
165200.0	3000.0	1288.1708450314304	0.0	0	283.77135342895053	1488.1708450314472	1	0	1	2.153768008490901
166200.0	3000.0	1288.1708450314547	0.0	0	524.6819278272742	1488.1708450314181	1	0	1	2.1537680084909043
167200.0	3000.0	1288.1708450314477	0.0	0	337.16363282362	1488.1708450314181	1	0	1	2.1537680084909043
168200.0	3000.0	1288.1708450314336	0.0	0	317.78771395914373	1488.1708450314181	1	0	1	2.1537680084909043
169200.0	3000.0	1288.170845031415	0.0	0	346.6949824502226	1488.1708450314181	1	0	1	2.1537680084909043
170200.0	3000.0	1288.170845031414	0.0	0	154.52167823567288	1488.1708450314181	1	0	1	2.1537680084909043
171200.0	3000.0	1288.1708450313963	0.0	0	476.44213157042395	1488.170845031389	1	0	1	2.153768008490907
172200.0	3000.0	1288.1708450313783	0.0	0	485.8643023110926	1488.170845031389	1	0	1	2.153768008490907
173200.0	3000.0	1288.1708450313665	0.0	0	444.61002896988066	1488.17084503136	1	0	1	2.15376800849091
174200.0	3000.0	1288.1708450313902	0.0	0	532.7775014970975	1488.17084503136	1	0	1	2.15376800849091
175200.0	3000.0	1288.170845031371	0.0	0	639.7534546450188	1488.17084503136	1	0	1	2.15376800849091
176200.0	3000.0	1288.1708450313947	0.0	0	554.046673704026	1488.17084503136	1	0	1	2.15376800849091
177200.0	3000.0	1288.170845031401	0.0	0	559.7849258451897	1488.17084503136	1	0	1	2.15376800849091
178200.0	3000.0	1288.1708450313943	0.0	0	576.5967609932995	1488.1708450313308	1	0	1	2.153768008490913
179200.0	3000.0	1288.1708450314188	0.0	0	179.03252337221056	1488.1708450313308	1	0	1	2.153768008490913
180200.0	3000.0	1288.1708450313872	0.0	0	306.6167971251416	1488.1708450313308	1	0	1	2.153768008490913
181363.296224733	3000.0	1124.8746202984125	0.0	0	0.0	1488.17084503136	1	0	1	2.15376800849091
182301.591676019	3000.0	1186.579169012404	0.0	0	0.0	1488.17084503136	1	0	1	2.15376800849091
183200.0	3000.0	1288.170845031394	0.0	0	336.11637914465973	1488.17084503136	1	0	1	2.15376800849091
184200.0	3000.0	1288.170845031433	0.0	0	588.3755916150112	1488.17084503136	1	0	1	2.15376800849091
185200.0	3000.0	1288.17084503145	0.0	0	526.3426328307833	1488.17084503136	1	0	1	2.15376800849091
186200.0	3000.0	1288.1708450314281	0.0	0	506.14442364592105	1488.17084503136	1	0	1	2.15376800849091
187200.0	3000.0	1288.1708450314109	0.0	0	384.6033435689751	1488.17084503136	1	0	1	2.15376800849091
188200.0	3000.0	1288.1708450314604	0.0	0	496.1530105880811	1488.17084503136	1	0	1	2.15376800849091
189200.0	3000.0	1288.1708450314818	0.0	0	422.7494094937865	1488.17084503136	1	0	1	2.15376800849091
190200.0	3000.0	1288.170845031477	0.0	0	285.49150334263686	1488.1708450313308	1	0	1	2.153768008490913
191200.0	3000.0	1288.170845031486	0.0	0	28.801185268122936	1488.170845031389	1	0	1	2.1537680084909088
192443.24890812195	3000.0	1044.9219369095345	0.0	0	0.0	1488.17084503136	1	0	1	2.15376800849091
193200.0	2000.0	1288.1708450314482	0.0	0	35.02311937403283	1488.1708450313308	1	0	1	1.3428377922745836
194200.0	2000.0	1288.1708450314443	0.0	0	581.1721671148844	1488.1708450313308	1	0	1	1.7483029003827482
195200.0	2000.0	1288.1708450314118	0.0	0	620.2835287447087	1488.1708450313308	1	0	1	1.7483029003827482
196200.0	2000.0	1288.1708450314013	0.0	0	675.694566759892	1488.1708450313017	1	0	1	1.748302900382751
197200.0	2000.0	1288.1708450314002	0.0	0	655.8216404713166	1488.1708450313017	1	0	1	1.748302900382751
198200.0	2000.0	1288.17084503139	0.0	0	710.6267842973466	1488.1708450313017	1	0	1	1.748302900382751
199200.0	2000.0	1288.1708450313765	0.0	0	375.4718499229348	1488.1708450313017	1	0	1	1.748302900382751
200200.0	2000.0	1288.1708450313763	0.0	0	293.56823084602365	1488.1708450313308	1	0	1	1.7483029003827482
201200.0	2000.0	1288.1708450313658	0.0	0	321.49496204877505	1488.1708450313308	1	0	1	1.7483029003827482
202200.0	3000.0	1288.17084503137	0.0	0	124.83426555345068	1488.1708450313308	1	0	1	1.74830290038275
203200.0	3000.0	1288.1708450313558	0.0	0	349.3098789106589	1488.1708450313308	1	0	1	2.153768008490913
204200.0	3000.0	1288.1708450313665	0.0	0	356.89161695563234	1488.1708450313308	1	0	1	2.153768008490913
205200.0	3000.0	1288.1708450313588	0.0	0	281.6992483427457	1488.1708450313308	1	0	1	2.153768008490913
206200.0	3000.0	1288.170845031344	0.0	0	299.4740149777208	1488.1708450313308	1	0	1	2.153768008490913
207200.0	3000.0	1288.1708450313374	0.0	0	102.06543214808335	1488.1708450312726	1	0	1	2.153768008490917
208231.29288736926	3000.0	1256.8779576620555	0.0	0	0.0	1488.1708450312726	1	0	1	2.153768008490919
209200.0	3000.0	1288.1708450313047	0.0	0	356.4301718036586	1488.1708450312726	1	0	1	2.153768008490919
210200.0	3000.0	1288.1708450313067	0.0	0	471.55775370204356	1488.1708450312726	1	0	1	2.153768008490919
211200.0	3000.0	1288.1708450312906	0.0	0	304.0829162890441	1488.1708450312726	1	0	1	2.153768008490919
212200.0	3000.0	1288.1708450313038	0.0	0	240.82872248781496	1488.1708450312726	1	0	1	2.153768008490919
213200.0	3000.0	1288.1708450312926	0.0	0	534.4012011089362	1488.1708450312726	1	0	1	2.153768008490919
214294.47257116289	3000.0	1193.6982738684096	0.0	0	0.0	1488.1708450312726	1	0	1	2.153768008490919
215200.0	3000.0	1288.1708450313215	0.0	0	42.273654317250475	1488.1708450313017	1	0	1	2.153768008490917
216200.0	3000.0	1288.1708450312942	0.0	0	62.957943791290745	1488.1708450313308	1	0	1	2.153768008490914
217200.0	3000.0	1288.1708450313038	0.0	0	246.30547731448314	1488.1708450313308	1	0	1	2.153768008490913
218203.65953749185	3000.0	1284.5113075394306	0.0	0	0.0	1488.1708450313017	1	0	1	2.1537680084909145
219200.0	3000.0	1288.1708450312876	0.0	0	281.69007854230586	1488.1708450313017	1	0	1	2.153768008490916
220200.0	3000.0	1288.1708450313108	0.0	0	391.0050594150089	1488.1708450313017	1	0	1	2.153768008490916
221200.0	3000.0	1288.1708450312929	0.0	0	409.0010051278805	1488.1708450313017	1	0	1	2.153768008490916
222200.0	3000.0	1288.170845031294	0.0	0	280.1772013515583	1488.1708450313017	1	0	1	2.153768008490916
223200.0	3000.0	1288.170845031321	0.0	0	438.83513930643676	1488.1708450313017	1	0	1	2.153768008490916
224200.0	3000.0	1288.1708450313156	0.0	0	205.59639622439863	1488.1708450313017	1	0	1	2.153768008490916
225200.0	3000.0	1288.1708450313554	0.0	0	199.28391962780734	1488.1708450313017	1	0	1	2.153768008490916
226200.0	3000.0	1288.1708450313693	0.0	0	267.95935005889623	1488.1708450313017	1	0	1	2.153768008490916
227200.0	3000.0	1288.1708450313743	0.0	0	613.9184467219748	1488.1708450313017	1	0	1	2.153768008490916
228200.0	3000.0	1288.1708450313502	0.0	0	543.5146546022734	1488.1708450313017	1	0	1	2.153768008490916
229200.0	3000.0	1288.1708450313565	0.0	0	275.1181681720482	1488.1708450313017	1	0	1	2.153768008490916
230200.0	3000.0	1288.1708450313504	0.0	0	170.56865620976896	1488.1708450313308	1	0	1	2.153768008490913
231200.0	3000.0	1288.1708450313436	0.0	0	167.96568445468438	1488.17084503136	1	0	1	2.15376800849091
232200.0	3000.0	1288.1708450313367	0.0	0	166.45622168268892	1488.17084503136	1	0	1	2.15376800849091
233200.0	3000.0	1288.1708450313233	0.0	0	292.7282339162193	1488.17084503136	1	0	1	2.15376800849091
234200.0	3000.0	1288.170845031326	0.0	0	354.9808053049492	1488.17084503136	1	0	1	2.15376800849091
235289.50641550013	3000.0	1198.6644295311496	0.0	0	0.0	1488.17084503136	1	0	1	2.15376800849091
236200.0	3000.0	1288.170845031257	0.0	0	13.816160929272883	1488.17084503136	1	0	1	2.15376800849091
237200.0	3000.0	1288.1708450312353	0.0	0	417.94582563091535	1488.17084503136	1	0	1	2.15376800849091
238200.0	3000.0	1288.1708450312235	0.0	0	212.21066106966464	1488.1708450313308	1	0	1	2.153768008490913
239200.0	3000.0	1288.1708450312078	0.0	0	393.8608587918279	1488.1708450313308	1	0	1	2.153768008490913
240200.0	3000.0	1288.1708450312226	0.0	0	521.558225724235	1488.17084503136	1	0	1	2.15376800849091
241200.0	3000.0	1288.1708450312233	0.0	0	479.4473412670486	1488.17084503136	1	0	1	2.15376800849091
242200.0	3000.0	1288.1708450311999	0.0	0	306.27552485174965	1488.17084503136	1	0	1	2.15376800849091
243318.6422342043	3000.0	1169.528610826892	0.0	0	0.0	1488.170845031389	1	0	1	2.153768008490907
244274.28438189178	3000.0	1213.886463139386	0.0	0	0.0	1488.17084503136	1	0	1	2.153768008490909
245233.73323295958	3000.0	1254.4376120715744	0.0	0	0.0	1488.17084503136	1	0	1	2.15376800849091
246200.0	3000.0	1288.1708450311833	0.0	0	229.11756373441312	1488.17084503136	1	0	1	2.15376800849091
247200.0	3000.0	1288.1708450311867	0.0	0	316.4035164453089	1488.17084503136	1	0	1	2.15376800849091
248200.0	3000.0	1288.1708450312203	0.0	0	515.835364421102	1488.17084503136	1	0	1	2.15376800849091
249200.0	3000.0	1288.1708450312374	0.0	0	472.64566440533963	1488.1708450313308	1	0	1	2.153768008490913
250200.0	3000.0	1288.1708450312412	0.0	0	571.894609006471	1488.1708450313308	1	0	1	2.153768008490913
251222.31735707232	3000.0	1265.8534879589477	0.0	0	342.9994083298079	1488.1708450313308	1	0	1	2.153768008490913
252274.81729843008	3000.0	1213.3535466012158	0.0	0	0.0	1488.170845031389	1	0	1	2.153768008490908
253200.0	3000.0	1288.170845031279	0.0	0	161.1283134512487	1488.170845031389	1	0	1	2.153768008490907
254200.0	3000.0	1288.17084503129	0.0	0	320.5490999998292	1488.1708450314181	1	0	1	2.1537680084909043
255200.0	3000.0	1288.170845031296	0.0	0	349.00006167884567	1488.170845031389	1	0	1	2.153768008490907
256200.0	3000.0	1288.1708450313045	0.0	0	82.66538204747485	1488.1708450314181	1	0	1	2.153768008490905
257200.0	3000.0	1288.1708450312833	0.0	0	106.87306793950847	1488.1708450314181	1	0	1	2.1537680084909043
258200.0	3000.0	1288.170845031276	0.0	0	174.97423267678823	1488.170845031389	1	0	1	2.153768008490907
259200.0	3000.0	1288.1708450312774	0.0	0	139.09082520904485	1488.17084503136	1	0	1	2.15376800849091
260322.5925724495	3000.0	1165.5782725817805	0.0	0	0.0	1488.17084503136	1	0	1	2.15376800849091
261200.0	3000.0	1288.1708450313097	0.0	0	239.40572805627016	1488.17084503136	1	0	1	2.15376800849091
262200.0	3000.0	1288.170845031308	0.0	0	143.17830141092418	1488.1708450313308	1	0	1	2.153768008490913
263276.8008477146	3000.0	1211.3699973167302	0.0	0	0.0	1488.1708450313308	1	0	1	2.1537680084909154
264200.0	3000.0	1288.1708450313417	0.0	0	363.4953096100362	1488.1708450313308	1	0	1	2.1537680084909123
265200.0	3000.0	1288.1708450313356	0.0	0	87.45496452733641	1488.1708450313308	1	0	1	2.153768008490913
266200.0	3000.0	1288.1708450313195	0.0	0	427.95799911179347	1488.1708450312726	1	0	1	2.153768008490919
267200.0	3000.0	1288.170845031358	0.0	0	270.730185516004	1488.1708450312726	1	0	1	2.153768008490919
268200.0	3000.0	1288.170845031425	0.0	0	179.18268694693688	1488.1708450313308	1	0	1	2.153768008490913
269275.518149766	3000.0	1212.6526952654233	0.0	0	0.0	1488.1708450313308	1	0	1	2.153768008490913
270200.0	3000.0	1288.1708450314131	0.0	0	152.67655548109906	1488.1708450313308	1	0	1	2.153768008490913
271200.0	3000.0	1288.1708450314236	0.0	0	15.106951214256696	1488.170845031389	1	0	1	2.1537680084909097
272200.0	3000.0	1288.1708450314218	0.0	0	329.7330455830088	1488.170845031389	1	0	1	2.153768008490907
273200.0	3000.0	1288.1708450314002	0.0	0	202.2296228930354	1488.170845031389	1	0	1	2.153768008490907
274200.0	3000.0	1288.1708450313686	0.0	0	185.15370497549884	1488.170845031389	1	0	1	2.153768008490907
275200.0	3000.0	1288.1708450313754	0.0	0	148.7814879437792	1488.170845031389	1	0	1	2.153768008490907
276200.0	3000.0	1288.1708450313706	0.0	0	522.1192415652913	1488.170845031389	1	0	1	2.153768008490907
277200.0	3000.0	1288.1708450313154	0.0	0	487.20478230470326	1488.170845031389	1	0	1	2.153768008490907
278200.0	3000.0	1288.1708450313504	0.0	0	336.50226190290414	1488.170845031389	1	0	1	2.153768008490907
279200.0	3000.0	1288.1708450313263	0.0	0	114.6820961748017	1488.1708450313308	1	0	1	2.153768008490913
280200.0	3000.0	1288.1708450313822	0.0	0	320.1846978478716	1488.1708450313308	1	0	1	2.153768008490913
281200.0	3000.0	1288.1708450313818	0.0	0	329.67350068327505	1488.1708450313308	1	0	1	2.153768008490913
282200.0	3000.0	1288.1708450313715	0.0	0	328.051624458516	1488.1708450313308	1	0	1	2.153768008490913
283200.0	3000.0	1288.1708450314266	0.0	0	645.6265211463906	1488.170845031389	1	0	1	2.153768008490907
284200.0	3000.0	1288.1708450313984	0.0	0	724.4186110491282	1488.170845031389	1	0	1	2.153768008490907
285200.0	3000.0	1288.170845031379	0.0	0	619.6251925705001	1488.1708450313308	1	0	1	2.153768008490913
286200.0	3000.0	1288.1708450314554	0.0	0	509.58718795789173	1488.170845031389	1	0	1	2.153768008490907
287200.0	3000.0	1288.1708450313795	0.0	0	537.6588476047036	1488.170845031389	1	0	1	2.153768008490907
288200.0	3000.0	1288.1708450312951	0.0	0	290.11592312762514	1488.170845031389	1	0	1	2.153768008490907
289200.0	3000.0	1288.170845031324	0.0	0	542.622021584597	1488.170845031389	1	0	1	2.153768008490907
290200.0	3000.0	1288.1708450312572	0.0	0	0.9557302636676468	1488.1708450312726	1	0	1	2.1537680084909168
291200.0	3000.0	1288.1708450312367	0.0	0	311.96749553846894	1488.1708450312144	1	0	1	2.153768008490921
292200.0	3000.0	1288.1708450312983	0.0	0	365.9484711928526	1488.1708450312144	1	0	1	2.1537680084909248
293200.0	3000.0	1288.17084503137	0.0	0	522.2431533691124	1488.1708450312726	1	0	1	2.153768008490919
294200.0	3000.0	1288.1708450313404	0.0	0	366.84949093684554	1488.1708450312726	1	0	1	2.153768008490919
295200.0	3000.0	1288.1708450313242	0.0	0	512.9187512022327	1488.1708450312726	1	0	1	2.153768008490919
296200.0	3000.0	1288.1708450313824	0.0	0	606.6877332756994	1488.1708450313308	1	0	1	2.153768008490913
297200.0	3000.0	1288.1708450313974	0.0	0	289.0019940562197	1488.1708450312726	1	0	1	2.153768008490919
298200.0	3000.0	1288.170845031397	0.0	0	377.2300994489342	1488.1708450312726	1	0	1	2.153768008490919
299200.0	3000.0	1288.1708450314125	0.0	0	202.60480692167766	1488.1708450312726	1	0	1	2.153768008490919
300200.0	3000.0	1288.170845031426	0.0	0	14.995920699671842	1488.1708450313308	1	0	1	2.153768008490913
4.92	6.35	8.26	4.09	5.24	5.09	5.5	7.8	5.47	5.43	6.37	3.68	4.56	6.37	4.66	4.39	5.58	6.22	5.62	6.6	6.66	8.72	7.7	4.29	5.53	3.09	2.92	4.37	6.06	8.39	7.39	3.75	5.87	5.0	3.54	2.66	1.89	2.39	4.34	4.15	5.12	6.89	6.53	4.24	3.56	3.49	3.6	3.86	3.72	3.71	5.04	4.18	3.74	4.66	4.87	6.26	4.74	6.64	3.66	3.66	3.7	3.48	3.26	4.1	4.56	5.29	5.56	5.32	4.33	4.76	4.99	6.61	7.7	3.72	3.49	3.82	2.5	4.33	6.64	4.23	2.73	4.67	3.89	4.9	6.99	4.62	4.97	2.76	4.7	3.07	4.38	5.55	6.19	6.39	8.09	7.25	2.4	3.95	5.06	5.2	3.93	4.38	3.39	4.07	2.95	4.2	3.65	3.07	4.56	3.44	4.91	3.97	3.17	3.35	3.86	3.15	4.01	4.24	3.31	4.85	5.66	4.95	4.74	3.54	5.83	4.62	6.09	8.47	10.8	9.99	6.96	5.51	5.49	6.09	3.81	3.93	6.09	8.62	5.92	4.91	6.34	4.81	5.72	4.14	3.86	3.29	3.53	4.87	4.04	5.34	4.92	6.35	8.26	4.09	5.24	5.09	5.5	7.8	5.47	5.43	6.37	3.68	4.56	6.37	4.66	4.39	5.58	6.22	5.62	6.6	6.66	8.72	7.7	4.29	5.53	3.09	2.92	4.37	6.06	8.39	7.39	3.75	5.87	5.0	3.54	2.66	1.89	2.39	4.34	4.15	5.12	6.89	6.53	4.24	3.56	3.49	3.6	3.86	3.72	3.71	5.04	4.18	3.74	4.66	4.87	6.26	4.74	6.64	3.66	3.66	3.7	3.48	3.26	4.1	4.56	5.29	5.56	5.32	4.33	4.76	4.99	6.61	7.7	3.72	3.49	3.82	2.5	4.33	6.64	4.23	2.73	4.67	3.89	4.9	6.99	4.62	4.97	2.76	4.7	3.07	4.38	5.55	6.19	6.39	8.09	7.25	2.4	3.95	5.06	5.2	3.93	4.38	3.39	4.07	2.95	4.2	3.65	3.07	4.56	3.44	4.91	3.97	3.17	3.35	3.86	3.15	4.01	4.24	3.31	4.85	5.66	4.95	4.74	3.54	5.83	4.62	6.09	8.47	10.8	9.99	6.96	5.51	5.49	6.09	3.81	3.93	6.09	8.62	5.92	4.91	6.34	4.81	5.72	4.14	3.86	3.29	3.53
1.0	2.0	3.0	4.0	5.0	6.0	7.0	8.0	9.0	10.0	11.0	12.0	13.0	14.0	15.0	16.0	17.0	18.0	19.0	20.0	21.0	22.0	23.0	24.0	25.0	26.0	27.0	28.0	29.0	30.0	31.0	32.0	33.0	34.0	35.0	36.0	37.0	38.0	39.0	40.0	41.0	42.0	43.0	44.0	45.0	46.0	47.0	48.0	49.0	50.0	51.0	52.0	53.0	54.0	55.0	56.0	57.0	58.0	59.0	60.0	61.0	62.0	63.0	64.0	65.0	66.0	67.0	68.0	69.0	70.0	71.0	72.0	73.0	74.0	75.0	76.0	77.0	78.0	79.0	80.0	81.0	82.0	83.0	84.0	85.0	86.0	87.0	88.0	89.0	90.0	91.0	92.0	93.0	94.0	95.0	96.0	97.0	98.0	99.0	100.0	101.0	102.0	103.0	104.0	105.0	106.0	107.0	108.0	109.0	110.0	111.0	112.0	113.0	114.0	115.0	116.0	117.0	118.0	119.0	120.0	121.0	122.0	123.0	124.0	125.0	126.0	127.0	128.0	129.0	130.0	131.0	132.0	133.0	134.0	135.0	136.0	137.0	138.0	139.0	140.0	141.0	142.0	143.0	144.0	145.0	146.0	147.0	148.0	149.0	149.0	150.0	151.0	152.0	153.0	154.0	155.0	156.0	157.0	158.0	159.0	160.0	161.0	162.0	163.0	164.0	165.0	166.0	167.0	168.0	169.0	170.0	171.0	172.0	173.0	174.0	175.0	176.0	177.0	178.0	179.0	180.0	181.0	182.0	183.0	184.0	185.0	186.0	187.0	188.0	189.0	190.0	191.0	192.0	193.0	194.0	195.0	196.0	197.0	198.0	199.0	200.0	201.0	202.0	203.0	204.0	205.0	206.0	207.0	208.0	209.0	210.0	211.0	212.0	213.0	214.0	215.0	216.0	217.0	218.0	219.0	220.0	221.0	222.0	223.0	224.0	225.0	226.0	227.0	228.0	229.0	230.0	231.0	232.0	233.0	234.0	235.0	236.0	237.0	238.0	239.0	240.0	241.0	242.0	243.0	244.0	245.0	246.0	247.0	248.0	249.0	250.0	251.0	252.0	253.0	254.0	255.0	256.0	257.0	258.0	259.0	260.0	261.0	262.0	263.0	264.0	265.0	266.0	267.0	268.0	269.0	270.0	271.0	272.0	273.0	274.0	275.0	276.0	277.0	278.0	279.0	280.0	281.0	282.0	283.0	284.0	285.0	286.0	287.0	288.0	289.0	290.0	291.0	292.0	293.0	294.0	295.0	296.0
5895.698043412269
