4321.093676839001	300.0	2000.0	102.97257602510078	0	0.0	4321.093676839001	1	0	1	-1.047919795005827
4418.770184762154	300.0	2892.555841284533	0.0	0	0.0	4311.326026046687	1	0	2	-0.8313041493089919
4527.030475724731	300.0	3773.469521225698	0.0	0	0.0	4300.499996950429	1	0	2	-0.6302476003254239
5200.0	300.0	4033.203044522901	0.0	0	586.2481328838512	4233.203044522902	1	0	2	-0.6269444496120142
6200.0	300.0	3933.203044522903	0.0	0	850.3205229680789	4133.203044522903	1	0	2	-0.6173203044522905
7200.0	300.0	3833.203044522903	0.0	0	884.4717206570413	4033.203044522903	1	0	2	-0.6073203044522906
8200.0	300.0	3733.203044522903	0.0	0	859.1609555505302	3933.203044522903	1	0	2	-0.5973203044522906
9200.0	300.0	3633.2030445229047	0.0	0	878.2854346476561	3833.2030445229047	1	0	2	-0.5873203044522907
10200.0	300.0	3533.203044522902	0.0	0	888.9496517836342	3733.203044522901	1	0	2	-0.5773203044522904
11200.0	300.0	3433.203044522902	0.0	0	877.4333542824661	3633.203044522903	1	0	2	-0.5673203044522905
12200.0	300.0	3333.2030445229025	0.0	0	871.2318893347892	3533.203044522901	1	0	2	-0.5573203044522903
13200.0	300.0	3233.203044522901	0.0	0	912.716671130016	3433.2030445228975	1	0	2	-0.5473203044522901
14200.0	300.0	3133.203044522902	0.0	0	907.3118142166186	3333.2030445228993	1	0	2	-0.5373203044522901
15200.0	300.0	3033.203044522902	0.0	0	891.457720743776	3233.2030445228993	1	0	2	-0.5273203044522902
16200.0	300.0	2933.203044522903	0.0	0	859.6454348265852	3133.2030445228993	1	0	2	-0.5173203044522902
17200.0	300.0	2833.2030445229025	0.0	0	885.0350763397219	3033.2030445228993	1	0	2	-0.50732030445229
18200.0	300.0	2733.203044522904	0.0	0	827.3265027891939	2933.203044522903	1	0	2	-0.49732030445229036
19200.0	300.0	2633.2030445229025	0.0	0	821.6045018364966	2833.2030445228993	1	0	2	-0.4873203044522904
20200.0	300.0	2533.2030445229007	0.0	0	885.9359751728043	2733.203044522903	1	0	2	-0.47732030445229023
21200.0	300.0	2433.2030445228997	0.0	0	858.0008503767494	2633.203044522903	1	0	2	-0.46732030445229045
22200.0	300.0	2333.203044522899	0.0	0	869.0686176821764	2533.2030445229066	1	0	2	-0.45732030445229055
23200.0	300.0	2233.2030445229	0.0	0	905.3317911909617	2433.203044522903	1	0	2	-0.4473203044522909
24200.0	300.0	2133.2030445229043	0.0	0	897.752749752086	2333.203044522903	1	0	2	-0.43732030445229064
25200.0	300.0	2033.203044522905	0.0	0	849.611532471652	2233.2030445228993	1	0	2	-0.42732030445229024
26200.0	300.0	1933.2030445229045	0.0	0	836.493552659962	2133.2030445228957	1	0	2	-0.41732030445228974
27200.0	300.0	1833.2030445229068	0.0	0	905.6812205184397	2033.2030445228993	1	0	2	-0.40732030445229006
28200.0	300.0	1733.2030445229016	0.0	0	918.0368335132334	1933.203044522892	1	0	2	-0.3973203044522897
29200.0	300.0	1633.203044522903	0.0	0	902.9447885218942	1833.203044522892	1	0	2	-0.38732030445228915
30200.0	300.0	1533.2030445229059	0.0	0	894.0014383943017	1733.2030445228993	1	0	2	-0.3773203044522897
31200.0	300.0	1433.2030445229068	0.0	0	732.9846784336223	1633.2030445228957	1	0	2	-0.36732030445229
32200.0	300.0	1333.2030445229088	0.0	0	834.611231687526	1533.2030445228993	1	0	2	-0.3573203044522902
33200.0	300.0	1233.2030445229134	0.0	0	796.0371366845247	1433.2030445229066	1	0	2	-0.34732030445229045
34200.0	500.0	1233.2030445229198	0.0	0	809.4902283831907	1433.2030445229138	1	0	1	-0.34332030445229095
35200.0	500.0	1233.203044522913	0.0	0	779.4355791285852	1433.2030445229175	1	0	1	0.367505319313699
36200.0	500.0	1233.2030445229063	0.0	0	821.891242848862	1433.2030445229102	1	0	1	0.3675053193136997
37200.0	1000.0	1233.2030445229113	0.0	0	753.8465375641972	1433.2030445229102	1	0	1	0.36750531931369984
38200.0	1000.0	1233.203044522921	0.0	0	627.4389170968279	1433.2030445229102	1	0	1	1.0606524998736453
39200.0	1000.0	1233.203044522923	0.0	0	748.6212134662128	1433.2030445229102	1	0	1	1.0606524998736453
40200.0	1000.0	1233.203044522916	0.0	0	445.21710685158905	1433.2030445229102	1	0	1	1.0606524998736453
41200.0	1000.0	1233.2030445229075	0.0	0	559.2352543488523	1433.2030445229102	1	0	1	1.0606524998736453
42200.0	2000.0	1233.2030445229063	0.0	0	364.58166626845923	1433.2030445229102	1	0	1	1.0606524998736453
43200.0	2000.0	1233.2030445229004	0.0	0	358.3201549983205	1433.2030445229102	1	0	1	1.7537996804335902
44200.0	2000.0	1233.2030445228984	0.0	0	438.7718187089049	1433.2030445229102	1	0	1	1.7537996804335902
45200.0	2000.0	1233.2030445228975	0.0	0	408.58506640540145	1433.2030445229102	1	0	1	1.7537996804335902
46200.0	2000.0	1233.2030445229032	0.0	0	467.43058445095085	1433.2030445229102	1	0	1	1.7537996804335902
47200.0	2000.0	1233.2030445229068	0.0	0	137.0719179424559	1433.203044522903	1	0	1	1.753799680433591
48200.0	2000.0	1233.2030445229038	0.0	0	32.51564450769365	1433.203044522903	1	0	1	1.753799680433591
49200.0	2000.0	1233.203044522908	0.0	0	163.15705632561003	1433.2030445228957	1	0	1	1.7537996804335918
50200.0	2000.0	1233.203044522908	0.0	0	309.3048605666845	1433.203044522903	1	0	1	1.753799680433591
51200.0	2000.0	1233.2030445229052	0.0	0	16.518337373454415	1433.203044522903	1	0	1	1.753799680433591
52200.0	2000.0	1233.2030445229045	0.0	0	288.02954635222704	1433.203044522903	1	0	1	1.753799680433591
53200.0	2000.0	1233.2030445229052	0.0	0	113.96392344561173	1433.203044522903	1	0	1	1.753799680433591
54200.0	2000.0	1233.2030445229002	0.0	0	428.77494668753934	1433.203044522903	1	0	1	1.753799680433591
55200.0	2000.0	1233.2030445228993	0.0	0	448.54661772287363	1433.203044522903	1	0	1	1.753799680433591
56200.0	2000.0	1233.2030445229002	0.0	0	431.79059396994853	1433.2030445228957	1	0	1	1.7537996804335918
57200.0	2000.0	1233.2030445228984	0.0	0	340.7329118408743	1433.2030445228957	1	0	1	1.7537996804335918
58200.0	2000.0	1233.203044522901	0.0	0	275.43662015278096	1433.2030445228957	1	0	1	1.7537996804335918
59200.0	2000.0	1233.2030445229038	0.0	0	83.71430706789397	1433.2030445228957	1	0	1	1.7537996804335918
60200.0	2000.0	1233.2030445229138	0.0	0	258.88295222324086	1433.2030445228957	1	0	1	1.7537996804335918
61200.0	2000.0	1233.2030445229111	0.0	0	458.01155264494446	1433.2030445228957	1	0	1	1.7537996804335918
62200.0	2000.0	1233.2030445229125	0.0	0	270.50568312416	1433.2030445228884	1	0	1	1.7537996804335925
63200.0	2000.0	1233.203044522909	0.0	0	423.7152235207104	1433.2030445228884	1	0	1	1.7537996804335925
64200.0	2000.0	1233.2030445229082	0.0	0	603.3643047181395	1433.2030445228884	1	0	1	1.7537996804335925
65200.0	3000.0	1233.2030445229088	0.0	0	280.182193475026	1433.2030445228884	1	0	1	1.7537996804335927
66496.56123825237	3000.0	936.6418062705465	0.0	0	0.0	1433.2030445228957	1	0	1	2.159264788541757
67709.48028265686	3000.0	723.7227618660402	0.0	0	0.0	1433.2030445228884	1	0	1	2.1592647885417575
68346.2468749508	2000.0	1086.9561695720922	0.0	0	0.0	1433.2030445228738	1	0	1	1.3483345723254294
69200.0	2000.0	1233.2030445228804	0.0	0	378.18727790498815	1433.2030445228738	1	0	1	1.753799680433594
70321.17177391029	3000.0	1112.0312706125846	0.0	0	0.0	1433.2030445228593	1	0	1	1.7537996804335956
71234.50034475213	3000.0	1198.7026997707485	0.0	0	0.0	1433.2030445228447	1	0	1	2.1592647885417615
72200.0	2000.0	1233.203044522895	0.0	0	228.84715688304277	1433.2030445228447	1	0	1	1.348334572325432
73213.64224545444	2000.0	1219.5607990684616	0.0	0	0.0	1433.2030445228593	1	0	1	1.7537996804335954
74235.08817486014	2000.0	1198.1148696627574	0.0	0	0.0	1433.2030445228593	1	0	1	1.7537996804335954
75200.0	2000.0	1233.2030445229157	0.0	0	39.57300370404846	1433.2030445228738	1	0	1	1.753799680433594
76200.0	2000.0	1233.203044522908	0.0	0	286.46647023911646	1433.2030445228738	1	0	1	1.753799680433594
77234.7494340213	2000.0	1198.4536105016132	0.0	0	0.0	1433.2030445228884	1	0	1	1.7537996804335925
78200.0	2000.0	1233.2030445229002	0.0	0	102.43967061344301	1433.2030445228884	1	0	1	1.7537996804335925
79200.0	1000.0	1233.2030445228818	0.0	0	634.5301748539059	1433.2030445228884	1	0	1	0.36750531931370223
80200.0	2000.0	1233.2030445228916	0.0	0	463.91375866529415	1433.2030445228884	1	0	1	1.0606524998736475
81200.0	2000.0	1233.2030445228818	0.0	0	342.6645773154014	1433.2030445228884	1	0	1	1.7537996804335925
82200.0	2000.0	1233.2030445228743	0.0	0	251.06992400050513	1433.2030445228884	1	0	1	1.7537996804335925
83200.0	2000.0	1233.203044522881	0.0	0	462.78648074303055	1433.2030445228884	1	0	1	1.7537996804335925
84200.0	2000.0	1233.2030445228934	0.0	0	582.2403846051602	1433.2030445228884	1	0	1	1.7537996804335925
85200.0	2000.0	1233.2030445228957	0.0	0	323.08644484759134	1433.2030445228884	1	0	1	1.7537996804335925
86200.0	2000.0	1233.2030445228884	0.0	0	450.66246558244165	1433.2030445228884	1	0	1	1.7537996804335925
87200.0	2000.0	1233.203044522864	0.0	0	397.90718167416344	1433.2030445228884	1	0	1	1.7537996804335925
88200.0	2000.0	1233.203044522865	0.0	0	315.88892193714855	1433.2030445228884	1	0	1	1.7537996804335925
89200.0	2000.0	1233.2030445228736	0.0	0	324.7199547794444	1433.2030445228884	1	0	1	1.7537996804335925
90200.0	3000.0	1233.2030445228825	0.0	0	243.01007715852757	1433.203044522903	1	0	1	1.7537996804335911
91200.0	3000.0	1233.2030445228859	0.0	0	23.967248165019555	1433.203044522903	1	0	1	2.1592647885417557
92200.0	3000.0	1233.2030445228784	0.0	0	24.94609869386477	1433.203044522903	1	0	1	2.1592647885417557
93200.0	3000.0	1233.2030445228788	0.0	0	300.54059753175534	1433.2030445228884	1	0	1	2.1592647885417575
94200.0	3000.0	1233.203044522882	0.0	0	574.2045819347695	1433.2030445228884	1	0	1	2.1592647885417575
95200.0	3000.0	1233.2030445228672	0.0	0	186.30396217879024	1433.2030445228884	1	0	1	2.1592647885417575
96200.0	3000.0	1233.203044522863	0.0	0	421.93092865793733	1433.2030445228884	1	0	1	2.1592647885417575
97200.0	3000.0	1233.2030445228572	0.0	0	196.87925644642382	1433.2030445228884	1	0	1	2.1592647885417575
98363.78689921969	3000.0	1069.416145303163	0.0	0	0.0	1433.2030445228884	1	0	1	2.1592647885417575
99200.0	3000.0	1233.203044522843	0.0	0	197.22411348298192	1433.2030445228884	1	0	1	2.1592647885417575
100200.0	3000.0	1233.203044522837	0.0	0	466.59010762756225	1433.2030445228738	1	0	1	2.159264788541759
101200.0	3000.0	1233.203044522833	0.0	0	356.3028320350131	1433.2030445228738	1	0	1	2.159264788541759
102200.0	3000.0	1233.2030445228318	0.0	0	309.31849814350426	1433.2030445228738	1	0	1	2.159264788541759
103200.0	3000.0	1233.203044522848	0.0	0	29.077251829367015	1433.2030445228884	1	0	1	2.1592647885417575
104538.98525530666	3000.0	894.2177892161826	0.0	0	0.0	1433.2030445228884	1	0	1	2.1592647885417575
105409.95078878733	3000.0	1023.2522557354976	0.0	0	0.0	1433.2030445228884	1	0	1	2.1592647885417575
106544.1043184759	3000.0	889.0987260469377	0.0	0	0.0	1433.203044522903	1	0	1	2.1592647885417557
107214.53807459264	3000.0	1218.664969930197	0.0	0	0.0	1433.203044522903	1	0	1	2.1592647885417557
108200.0	2000.0	1233.2030445228331	0.0	0	480.306398908695	1433.2030445228884	1	0	1	1.3483345723254279
109303.25199955609	3000.0	1129.9510449667605	0.0	0	0.0	1433.2030445228884	1	0	1	1.7537996804335927
110642.64860304464	3000.0	790.5544414781915	0.0	0	0.0	1433.2030445228884	1	0	1	2.1592647885417575
111279.54819381704	3000.0	1153.6548507057958	0.0	0	0.0	1433.2030445228738	1	0	1	2.159264788541759
112200.0	3000.0	1233.2030445228293	0.0	0	142.5950604417012	1433.2030445228738	1	0	1	2.159264788541759
113492.74795658104	3000.0	940.455087941792	0.0	0	0.0	1433.2030445228738	1	0	1	2.159264788541759
114718.75717920638	3000.0	714.4458653164291	0.0	0	0.0	1433.2030445228738	1	0	1	2.159264788541759
115884.72427154555	2000.0	548.478772977275	0.0	0	0.0	1433.2030445228738	1	0	1	1.3483345723254294
116589.49307557796	2000.0	843.7099689448662	0.0	0	0.0	1433.2030445228738	1	0	1	1.753799680433594
117500.59827284428	2000.0	932.6047716785588	0.0	0	0.0	1433.2030445228738	1	0	1	1.753799680433594
118244.41973287579	2000.0	1188.7833116470551	0.0	0	0.0	1433.2030445228738	1	0	1	1.753799680433594
119200.0	2000.0	1233.203044522832	0.0	0	36.98655848190538	1433.2030445228738	1	0	1	1.753799680433594
120200.0	2000.0	1233.2030445228254	0.0	0	296.27703320201545	1433.2030445228738	1	0	1	1.753799680433594
121200.0	2000.0	1233.203044522817	0.0	0	216.42389342661772	1433.2030445228738	1	0	1	1.753799680433594
122200.0	2000.0	1233.2030445228104	0.0	0	364.96702577284304	1433.2030445228593	1	0	1	1.7537996804335954
123200.0	2000.0	1233.2030445228145	0.0	0	458.26630500629835	1433.2030445228593	1	0	1	1.7537996804335954
124200.0	2000.0	1233.2030445228254	0.0	0	305.8154895691405	1433.2030445228593	1	0	1	1.7537996804335954
125200.0	2000.0	1233.2030445228206	0.0	0	361.2952808479604	1433.2030445228593	1	0	1	1.7537996804335954
126200.0	2000.0	1233.203044522818	0.0	0	483.04166219980107	1433.2030445228447	1	0	1	1.7537996804335967
127200.0	2000.0	1233.2030445228106	0.0	0	241.20199899612635	1433.2030445228447	1	0	1	1.7537996804335967
128200.0	2000.0	1233.203044522821	0.0	0	401.78205693984637	1433.2030445228447	1	0	1	1.7537996804335967
129200.0	2000.0	1233.2030445228195	0.0	0	532.1462908085668	1433.2030445228447	1	0	1	1.7537996804335967
130200.0	2000.0	1233.203044522828	0.0	0	613.9629311067256	1433.2030445228447	1	0	1	1.7537996804335967
131200.0	2000.0	1233.20304452283	0.0	0	230.94345249258913	1433.2030445228447	1	0	1	1.7537996804335967
132234.64586653022	2000.0	1198.5571779926365	0.0	0	0.0	1433.2030445228738	1	0	1	1.753799680433595
133200.0	2000.0	1233.203044522862	0.0	0	277.1198283917329	1433.203044522903	1	0	1	1.753799680433591
134200.0	2000.0	1233.2030445228393	0.0	0	627.6411289699026	1433.203044522903	1	0	1	1.753799680433591
135200.0	2000.0	1233.2030445228297	0.0	0	579.050996508915	1433.203044522903	1	0	1	1.753799680433591
136200.0	2000.0	1233.20304452281	0.0	0	517.70986550214	1433.203044522903	1	0	1	1.753799680433591
137200.0	2000.0	1233.2030445228138	0.0	0	652.5476257198898	1433.203044522903	1	0	1	1.753799680433591
138200.0	2000.0	1233.203044522785	0.0	0	190.65476984198904	1433.203044522932	1	0	1	1.753799680433588
139200.0	2000.0	1233.2030445227908	0.0	0	493.6243388928997	1433.203044522932	1	0	1	1.753799680433588
140200.0	2000.0	1233.203044522811	0.0	0	606.8712236089632	1433.203044522932	1	0	1	1.753799680433588
141200.0	2000.0	1233.2030445227956	0.0	0	444.5541842505627	1433.203044522932	1	0	1	1.753799680433588
142200.0	2000.0	1233.2030445228052	0.0	0	545.3923489500885	1433.203044522932	1	0	1	1.753799680433588
143200.0	3000.0	1233.20304452278	0.0	0	264.9062168309174	1433.203044522932	1	0	1	1.7537996804335882
144200.0	3000.0	1233.2030445227872	0.0	0	118.20714565381058	1433.203044522903	1	0	1	2.1592647885417557
145200.0	3000.0	1233.2030445228008	0.0	0	256.0023155997915	1433.203044522932	1	0	1	2.159264788541753
146757.40285667093	3000.0	675.8001878518912	0.0	0	0.0	1433.203044522932	1	0	1	2.159264788541753
147490.4784144138	3000.0	942.7246301090063	0.0	0	0.0	1433.203044522932	1	0	1	2.159264788541753
148200.0	3000.0	1233.2030445227977	0.0	0	11.0649990264792	1433.203044522903	1	0	1	2.1592647885417557
149536.63086433674	3000.0	896.5721801860466	0.0	0	0.0	1433.203044522903	1	0	1	2.1592647885417557
150286.44269225342	3000.0	1146.7603522693796	0.0	0	0.0	1433.203044522932	1	0	1	2.159264788541753
151200.0	2000.0	1233.2030445228445	0.0	0	93.74513020372251	1433.2030445229611	1	0	1	1.3483345723254205
152200.0	2000.0	1233.2030445228418	0.0	0	359.43122398343985	1433.2030445229611	1	0	1	1.7537996804335851
153200.0	2000.0	1233.203044522832	0.0	0	151.35712308858638	1433.2030445229611	1	0	1	1.7537996804335851
154200.0	2000.0	1233.2030445228409	0.0	0	603.846973991429	1433.2030445229611	1	0	1	1.7537996804335851
155200.0	2000.0	1233.203044522844	0.0	0	183.1098886372929	1433.2030445229902	1	0	1	1.7537996804335823
156200.0	2000.0	1233.2030445228254	0.0	0	227.69917941489257	1433.2030445229902	1	0	1	1.7537996804335823
157200.0	2000.0	1233.2030445228213	0.0	0	147.4121614364849	1433.2030445229902	1	0	1	1.7537996804335823
158200.0	2000.0	1233.2030445227977	0.0	0	444.8123220165726	1433.2030445229902	1	0	1	1.7537996804335823
159200.0	2000.0	1233.2030445227929	0.0	0	362.234420087887	1433.2030445229611	1	0	1	1.7537996804335851
160200.0	2000.0	1233.2030445228331	0.0	0	647.2727448302903	1433.2030445229611	1	0	1	1.7537996804335851
161200.0	2000.0	1233.2030445228515	0.0	0	418.1308651075233	1433.2030445229611	1	0	1	1.7537996804335851
162200.0	2000.0	1233.203044522821	0.0	0	524.5966625161818	1433.203044522932	1	0	1	1.753799680433588
163200.0	2000.0	1233.2030445228233	0.0	0	710.4983198818809	1433.203044522932	1	0	1	1.753799680433588
164200.0	3000.0	1233.2030445228274	0.0	0	188.9469846902648	1433.2030445229611	1	0	1	1.7537996804335854
165554.06312809917	3000.0	879.1399164236287	0.0	0	0.0	1433.203044522932	1	0	1	2.159264788541753
166493.9820291985	3000.0	939.2210153242888	0.0	0	0.0	1433.203044522932	1	0	1	2.159264788541753
168106.56278678257	3000.0	326.6402577402439	0.0	0	0.0	1433.2030445229611	1	0	1	2.15926478854175
168662.50570095386	2000.0	770.6973435689459	0.0	0	0.0	1433.2030445229611	1	0	1	1.3483345723254205
169241.07463496464	2000.0	1192.1284095581502	0.0	0	0.0	1433.2030445229611	1	0	1	1.7537996804335851
170200.0	2000.0	1233.2030445228295	0.0	0	178.75700775376754	1433.2030445229902	1	0	1	1.7537996804335823
171200.0	2000.0	1233.2030445228118	0.0	0	445.7731132406625	1433.2030445229902	1	0	1	1.7537996804335823
172200.0	2000.0	1233.203044522778	0.0	0	634.8324626617541	1433.2030445229902	1	0	1	1.7537996804335823
173200.0	2000.0	1233.2030445228122	0.0	0	643.4405848833267	1433.2030445229902	1	0	1	1.7537996804335823
174200.0	2000.0	1233.2030445227695	0.0	0	358.1737761354598	1433.2030445229902	1	0	1	1.7537996804335823
175200.0	2000.0	1233.2030445227692	0.0	0	377.68806507557747	1433.2030445230193	1	0	1	1.7537996804335791
176200.0	2000.0	1233.2030445227751	0.0	0	595.6760362117202	1433.2030445230193	1	0	1	1.7537996804335791
177200.0	2000.0	1233.2030445227247	0.0	0	690.0706532993063	1433.2030445230193	1	0	1	1.7537996804335791
178200.0	2000.0	1233.2030445227417	0.0	0	490.3227994914341	1433.2030445230193	1	0	1	1.7537996804335791
179200.0	2000.0	1233.203044522758	0.0	0	582.7640897395904	1433.2030445230193	1	0	1	1.7537996804335791
180510.74255700078	2000.0	922.4604875219384	0.0	0	0.0	1433.2030445229902	1	0	1	1.7537996804335823
181493.424958096	2000.0	939.7780864267452	0.0	0	0.0	1433.2030445229902	1	0	1	1.7537996804335823
182459.37162082482	2000.0	973.831423697942	0.0	0	0.0	1433.2030445229902	1	0	1	1.7537996804335823
183200.0	2000.0	1233.2030445227588	0.0	0	106.56436820904491	1433.2030445229902	1	0	1	1.7537996804335823
184200.0	2000.0	1233.2030445227865	0.0	0	529.7985479470808	1433.2030445229902	1	0	1	1.7537996804335823
185200.0	2000.0	1233.2030445228204	0.0	0	561.9001204364467	1433.2030445229902	1	0	1	1.7537996804335823
186200.0	2000.0	1233.2030445228302	0.0	0	437.6856708470441	1433.2030445229611	1	0	1	1.7537996804335851
187200.0	2000.0	1233.2030445228424	0.0	0	408.07276085583726	1433.2030445229611	1	0	1	1.7537996804335851
188200.0	2000.0	1233.203044522845	0.0	0	313.9402533368557	1433.203044522932	1	0	1	1.753799680433588
189200.0	2000.0	1233.2030445228704	0.0	0	216.32807774355751	1433.203044522932	1	0	1	1.753799680433588
190200.0	2000.0	1233.2030445228127	0.0	0	409.44585805526003	1433.203044522932	1	0	1	1.753799680433588
191200.0	2000.0	1233.2030445228017	0.0	0	453.8717433215061	1433.203044522932	1	0	1	1.753799680433588
192200.0	2000.0	1233.2030445227697	0.0	0	547.4549743148964	1433.2030445229611	1	0	1	1.7537996804335851
193200.0	2000.0	1233.2030445227772	0.0	0	288.0328304556606	1433.203044522932	1	0	1	1.753799680433588
194200.0	2000.0	1233.2030445227938	0.0	0	434.6155854725803	1433.2030445229611	1	0	1	1.7537996804335851
195200.0	2000.0	1233.203044522796	0.0	0	287.01837876756326	1433.2030445229611	1	0	1	1.7537996804335851
196200.0	2000.0	1233.2030445228029	0.0	0	173.18740644332138	1433.2030445229611	1	0	1	1.7537996804335851
197200.0	2000.0	1233.2030445228152	0.0	0	67.90731733094435	1433.2030445229611	1	0	1	1.7537996804335851
198200.0	2000.0	1233.2030445228272	0.0	0	457.680348430149	1433.2030445229902	1	0	1	1.7537996804335823
199200.0	2000.0	1233.203044522841	0.0	0	336.84870537911775	1433.2030445229902	1	0	1	1.7537996804335823
200412.4441940204	2000.0	1020.758850502413	0.0	0	0.0	1433.2030445230193	1	0	1	1.7537996804335796
201200.0	2000.0	1233.2030445228254	0.0	0	218.57994668593165	1433.2030445230484	1	0	1	1.7537996804335765
202200.0	2000.0	1233.2030445228368	0.0	0	276.50896620945423	1433.2030445230484	1	0	1	1.7537996804335787
203200.0	2000.0	1233.2030445228763	0.0	0	245.80012102317414	1433.2030445231067	1	0	1	1.7537996804335731
204200.0	2000.0	1233.2030445228966	0.0	0	425.5856146728329	1433.2030445231067	1	0	1	1.7537996804335707
205200.0	2000.0	1233.2030445229034	0.0	0	561.8318965847429	1433.2030445231067	1	0	1	1.7537996804335707
206200.0	2000.0	1233.2030445228809	0.0	0	329.59014554243186	1433.2030445231358	1	0	1	1.7537996804335676
207200.0	2000.0	1233.2030445229043	0.0	0	427.9529360566812	1433.2030445231649	1	0	1	1.753799680433565
208200.0	2000.0	1233.2030445228922	0.0	0	158.78030935052084	1433.2030445231649	1	0	1	1.753799680433565
209200.0	2000.0	1233.2030445229054	0.0	0	411.2396657066711	1433.2030445231649	1	0	1	1.753799680433565
210200.0	2000.0	1233.2030445228959	0.0	0	483.7620435170247	1433.2030445231649	1	0	1	1.753799680433565
211200.0	2000.0	1233.2030445228884	0.0	0	216.88391592359403	1433.2030445231358	1	0	1	1.7537996804335654
212200.0	2000.0	1233.2030445229004	0.0	0	574.4269188202743	1433.2030445231358	1	0	1	1.7537996804335676
213200.0	2000.0	1233.2030445228856	0.0	0	453.34755932021653	1433.2030445231358	1	0	1	1.7537996804335676
214200.0	3000.0	1233.2030445228752	0.0	0	468.4477892627765	1433.2030445231649	1	0	1	1.753799680433565
215473.81292012415	3000.0	959.3901243987077	0.0	0	0.0	1433.2030445231649	1	0	1	2.1592647885417295
216200.0	3000.0	1233.2030445228688	0.0	0	92.90829001564998	1433.2030445231358	1	0	1	2.15926478854173
217482.12435410518	3000.0	951.0786904177087	0.0	0	0.0	1433.2030445231358	1	0	1	2.1592647885417326
218575.15367778268	3000.0	858.0493667402042	0.0	0	0.0	1433.2030445231358	1	0	1	2.1592647885417326
219724.7386523468	3000.0	708.4643921760795	0.0	0	0.0	1433.2030445231358	1	0	1	2.1592647885417326
220659.81921198062	3000.0	773.3838325422868	0.0	0	0.0	1433.2030445231358	1	0	1	2.1592647885417326
221252.42632810675	2000.0	1180.7767164161528	0.0	0	0.0	1433.2030445231649	1	0	1	1.3483345723254003
222416.4650097632	2000.0	1016.7380347597169	0.0	0	0.0	1433.2030445231358	1	0	1	1.7537996804335658
223363.67707695634	2000.0	1069.5259675665786	0.0	0	0.0	1433.2030445231067	1	0	1	1.7537996804335696
224213.1374557618	2000.0	1220.0655887611217	0.0	0	0.0	1433.2030445231358	1	0	1	1.7537996804335676
225200.0	2000.0	1233.2030445229545	0.0	0	338.52744700119365	1433.2030445231649	1	0	1	1.753799680433565
226378.8729441345	2000.0	1054.3301003884792	0.0	0	0.0	1433.2030445231358	1	0	1	1.7537996804335665
227200.0	2000.0	1233.2030445229707	0.0	0	30.39613241524785	1433.2030445231067	1	0	1	1.7537996804335707
228207.5083307027	2000.0	1225.694713820292	0.0	0	0.0	1433.2030445231067	1	0	1	1.7537996804335707
229200.0	2000.0	1233.203044523004	0.0	0	402.2950599550677	1433.2030445231067	1	0	1	1.7537996804335707
230200.0	2000.0	1233.2030445230005	0.0	0	327.1763459054637	1433.2030445231067	1	0	1	1.7537996804335707
231200.0	2000.0	1233.2030445229973	0.0	0	361.8444796841941	1433.2030445231067	1	0	1	1.7537996804335707
232200.0	2000.0	1233.2030445229905	0.0	0	383.21302887875936	1433.2030445231067	1	0	1	1.7537996804335707
233200.0	2000.0	1233.203044522998	0.0	0	531.3729132850422	1433.2030445231358	1	0	1	1.7537996804335676
234200.0	2000.0	1233.2030445230155	0.0	0	332.37220404160325	1433.2030445231358	1	0	1	1.7537996804335676
235200.0	2000.0	1233.2030445229989	0.0	0	546.9194462810701	1433.2030445231358	1	0	1	1.7537996804335676
236200.0	2000.0	1233.203044522989	0.0	0	530.6729982031975	1433.2030445231358	1	0	1	1.7537996804335676
237200.0	2000.0	1233.2030445230162	0.0	0	282.0369165344455	1433.2030445231358	1	0	1	1.7537996804335676
238200.0	2000.0	1233.20304452302	0.0	0	286.05825185141293	1433.2030445231358	1	0	1	1.7537996804335676
239200.0	3000.0	1233.2030445230491	0.0	0	526.0826945279841	1433.2030445231649	1	0	1	1.753799680433565
240200.0	3000.0	1233.2030445230425	0.0	0	229.5008796393813	1433.2030445231649	1	0	1	2.1592647885417295
241218.8548742753	3000.0	1214.3481702477213	0.0	0	0.0	1433.2030445231358	1	0	1	2.159264788541731
242200.0	3000.0	1233.2030445230125	0.0	0	386.0913912379474	1433.2030445231649	1	0	1	2.1592647885417295
243200.0	3000.0	1233.203044523048	0.0	0	479.499296175316	1433.2030445231649	1	0	1	2.1592647885417295
244200.0	3000.0	1233.2030445230607	0.0	0	307.16315312249935	1433.2030445231358	1	0	1	2.1592647885417326
245200.0	3000.0	1233.203044523049	0.0	0	371.8388237008767	1433.2030445231358	1	0	1	2.1592647885417326
246200.0	3000.0	1233.203044523042	0.0	0	162.02945996870403	1433.2030445231358	1	0	1	2.1592647885417326
247610.2916439386	3000.0	822.9114005844331	0.0	0	0.0	1433.2030445231358	1	0	1	2.1592647885417326
248255.2459908576	3000.0	1177.9570536654198	0.0	0	0.0	1433.2030445231358	1	0	1	2.1592647885417326
249200.0	3000.0	1233.2030445230264	0.0	0	442.74634596015676	1433.2030445231358	1	0	1	2.1592647885417326
250200.0	3000.0	1233.2030445230112	0.0	0	332.389495170326	1433.2030445231358	1	0	1	2.1592647885417326
251200.0	3000.0	1233.2030445229946	0.0	0	301.3427650195663	1433.2030445231067	1	0	1	2.1592647885417353
252553.09235252655	3000.0	880.1106919964659	0.0	0	0.0	1433.2030445231067	1	0	1	2.1592647885417353
254023.318834902	3000.0	409.8842096210361	0.0	0	0.0	1433.2030445231358	1	0	1	2.1592647885417326
254828.12961245174	3000.0	621.841411167257	16.767979095985652	0	0.0	1449.9710236191167	1	0	1	2.0569801160562204
255808.20030615077	3000.0	641.7707174682407	0.0	0	0.0	1449.9710236191459	1	0	1	2.1575879906321314
256676.4380676638	3000.0	773.5329559551931	0.0	0	0.0	1449.9710236191459	1	0	1	2.1575879906321314
257661.5313718104	3000.0	788.4396518086138	0.0	0	0.0	1449.9710236191459	1	0	1	2.1575879906321314
258735.1455614198	3000.0	714.8254621992317	0.0	0	0.0	1449.9710236191459	1	0	1	2.1575879906321314
259558.71080558185	2000.0	891.2602180371553	0.0	0	0.0	1449.9710236191459	1	0	1	1.3466577744158021
260200.0	2000.0	1249.9710236189985	0.0	0	84.08679071592633	1449.971023619175	1	0	1	1.7521228825239636
261200.0	2000.0	1249.9710236189742	0.0	0	551.4993896271626	1449.971023619175	1	0	1	1.7521228825239636
262200.0	2000.0	1249.9710236189592	0.0	0	277.3204732146405	1449.971023619175	1	0	1	1.7521228825239636
263402.14184763754	2000.0	1047.8291759814424	0.0	0	0.0	1449.9710236192332	1	0	1	1.7521228825239579
264317.8380668471	2000.0	1132.132956771846	0.0	0	0.0	1449.9710236192914	1	0	1	1.752122882523952
265206.55991676264	2000.0	1243.4111068563225	0.0	0	0.0	1449.9710236192914	1	0	1	1.752122882523952
266200.0	2000.0	1249.9710236189298	0.0	0	540.098330984707	1449.9710236192332	1	0	1	1.7521228825239579
267200.0	2000.0	1249.9710236189615	0.0	0	262.3449570934172	1449.9710236192332	1	0	1	1.7521228825239579
268200.0	2000.0	1249.9710236189956	0.0	0	368.66729695000686	1449.971023619175	1	0	1	1.7521228825239636
269200.0	2000.0	1249.971023619008	0.0	0	535.0437984107411	1449.971023619175	1	0	1	1.7521228825239636
270200.0	2000.0	1249.971023619	0.0	0	376.9574711325113	1449.971023619175	1	0	1	1.7521228825239636
271200.0	2000.0	1249.9710236189958	0.0	0	644.1541256736964	1449.971023619175	1	0	1	1.7521228825239636
272200.0	2000.0	1249.971023619025	0.0	0	327.359319261217	1449.9710236191167	1	0	1	1.7521228825239696
273200.0	2000.0	1249.9710236190842	0.0	0	393.2115511057782	1449.9710236190585	1	0	1	1.7521228825239754
274200.0	2000.0	1249.971023619096	0.0	0	493.7747410046286	1449.9710236190585	1	0	1	1.7521228825239754
275200.0	2000.0	1249.9710236191188	0.0	0	490.5986553762923	1449.9710236191167	1	0	1	1.7521228825239696
276200.0	2000.0	1249.9710236191029	0.0	0	536.5950835688855	1449.9710236191167	1	0	1	1.7521228825239696
277200.0	2000.0	1249.9710236191245	0.0	0	487.0425031945924	1449.971023619175	1	0	1	1.7521228825239636
278200.0	2000.0	1249.971023619053	0.0	0	453.5291842822917	1449.971023619175	1	0	1	1.7521228825239636
279200.0	2000.0	1249.9710236190842	0.0	0	346.647284929757	1449.971023619175	1	0	1	1.7521228825239636
280200.0	2000.0	1249.9710236191745	0.0	0	79.64356557501014	1449.971023619175	1	0	1	1.7521228825239636
281289.8244699735	2000.0	1160.1465536456258	0.0	0	0.0	1449.971023619175	1	0	1	1.7521228825239636
282200.0	2000.0	1249.9710236191634	0.0	0	47.466886857990175	1449.971023619175	1	0	1	1.7521228825239636
283200.0	2000.0	1249.9710236191586	0.0	0	559.3375114197843	1449.971023619175	1	0	1	1.7521228825239636
284200.0	2000.0	1249.9710236191004	0.0	0	483.0013440801413	1449.971023619175	1	0	1	1.7521228825239636
285200.0	2000.0	1249.97102361911	0.0	0	664.1599248127313	1449.971023619175	1	0	1	1.7521228825239636
286200.0	2000.0	1249.9710236191088	0.0	0	738.9132434550556	1449.971023619175	1	0	1	1.7521228825239636
287200.0	2000.0	1249.971023619145	0.0	0	113.87474333069986	1449.971023619175	1	0	1	1.7521228825239636
288200.0	2000.0	1249.971023619074	0.0	0	387.9653945621685	1449.971023619175	1	0	1	1.7521228825239636
289200.0	2000.0	1249.9710236190808	0.0	0	553.6249463299755	1449.971023619175	1	0	1	1.7521228825239636
290200.0	2000.0	1249.9710236190667	0.0	0	491.6373479212634	1449.971023619175	1	0	1	1.7521228825239636
291200.0	3000.0	1249.9710236190892	0.0	0	306.7125930211623	1449.971023619175	1	0	1	1.7521228825239639
292200.0	3000.0	1249.9710236191077	0.0	0	125.27076345164096	1449.9710236192332	1	0	1	2.1575879906321274
293216.0929924384	3000.0	1233.8780311807318	0.0	0	0.0	1449.9710236192332	1	0	1	2.1575879906321225
294200.0	3000.0	1249.971023619078	0.0	0	314.57100410718704	1449.9710236192332	1	0	1	2.1575879906321225
295274.3597874664	3000.0	1175.6112361526912	0.0	0	0.0	1449.9710236192914	1	0	1	2.1575879906321203
296200.0	2000.0	1249.9710236190767	0.0	0	139.42892413504887	1449.9710236193496	1	0	1	1.3466577744157817
297200.0	2000.0	1249.971023619022	0.0	0	365.5325793817756	1449.9710236192914	1	0	1	1.752122882523952
298200.0	2000.0	1249.9710236189965	0.0	0	222.69578582938993	1449.9710236192914	1	0	1	1.752122882523952
299200.0	2000.0	1249.971023619003	0.0	0	518.8997951018973	1449.9710236192914	1	0	1	1.752122882523952
300217.0178203973	2000.0	1232.9532032217892	0.0	0	0.0	1449.9710236193496	1	0	1	1.7521228825239463
4.25	2.95	2.87	3.07	4.1	4.14	4.61	4.31	5.24	6.09	4.22	2.99	3.06	2.36	2.42	3.88	3.42	3.93	4.44	5.22	3.12	2.56	3.97	6.43	4.72	4.0	1.34	2.51	2.27	2.71	3.41	3.94	3.93	3.79	3.48	2.33	2.88	3.96	3.63	3.31	3.72	3.37	2.78	2.55	3.28	2.88	1.61	3.6	2.95	2.85	3.08	4.03	3.79	3.51	2.84	3.58	3.43	3.32	4.0	4.27	4.46	2.78	3.7	2.51	4.27	2.91	3.01	2.79	2.49	1.66	2.04	2.97	1.85	2.91	2.34	3.22	3.13	3.16	4.19	5.6	3.74	4.66	3.85	3.61	3.96	5.1	4.1	3.72	4.91	5.51	3.96	5.42	4.81	1.9	4.05	6.23	4.56	4.37	3.71	2.0	3.31	3.45	3.78	4.03	3.9	2.73	3.24	4.46	3.41	2.56	1.7	2.42	3.6	2.47	2.48	3.32	2.64	4.58	3.98	2.68	3.49	3.51	3.6	3.57	4.08	4.25	2.71	2.46	2.84	4.31	5.4	5.46	6.34	2.9	3.89	5.71	4.65	4.42	3.74	3.85	4.12	2.36	2.83	3.9	2.51	3.38	2.36	2.72	2.76	2.82	4.25	2.95	2.87	3.07	4.1	4.14	4.61	4.31	5.24	6.09	4.22	2.99	3.06	2.36	2.42	3.88	3.42	3.93	4.44	5.22	3.12	2.56	3.97	6.43	4.72	4.0	1.34	2.51	2.27	2.71	3.41	3.94	3.93	3.79	3.48	2.33	2.88	3.96	3.63	3.31	3.72	3.37	2.78	2.55	3.28	2.88	1.61	3.6	2.95	2.85	3.08	4.03	3.79	3.51	2.84	3.58	3.43	3.32	4.0	4.27	4.46	2.78	3.7	2.51	4.27	2.91	3.01	2.79	2.49	1.66	2.04	2.97	1.85	2.91	2.34	3.22	3.13	3.16	4.19	5.6	3.74	4.66	3.85	3.61	3.96	5.1	4.1	3.72	4.91	5.51	3.96	5.42	4.81	1.9	4.05	6.23	4.56	4.37	3.71	2.0	3.31	3.45	3.78	4.03	3.9	2.73	3.24	4.46	3.41	2.56	1.7	2.42	3.6	2.47	2.48	3.32	2.64	4.58	3.98	2.68	3.49	3.51	3.6	3.57	4.08	4.25	2.71	2.46	2.84	4.31	5.4	5.46	6.34	2.9	3.89	5.71	4.65	4.42	3.74	3.85	4.12	2.36	2.83	3.9	2.51	3.38	2.36	2.72	2.76	2.82
1.0	2.0	3.0	4.0	5.0	6.0	7.0	8.0	9.0	10.0	11.0	12.0	13.0	14.0	15.0	16.0	17.0	18.0	19.0	20.0	21.0	22.0	23.0	24.0	25.0	26.0	27.0	28.0	29.0	30.0	31.0	32.0	33.0	34.0	35.0	36.0	37.0	38.0	39.0	40.0	41.0	42.0	43.0	44.0	45.0	46.0	47.0	48.0	49.0	50.0	51.0	52.0	53.0	54.0	55.0	56.0	57.0	58.0	59.0	60.0	61.0	62.0	63.0	64.0	65.0	66.0	67.0	68.0	69.0	70.0	71.0	72.0	73.0	74.0	75.0	76.0	77.0	78.0	79.0	80.0	81.0	82.0	83.0	84.0	85.0	86.0	87.0	88.0	89.0	90.0	91.0	92.0	93.0	94.0	95.0	96.0	97.0	98.0	99.0	100.0	101.0	102.0	103.0	104.0	105.0	106.0	107.0	108.0	109.0	110.0	111.0	112.0	113.0	114.0	115.0	116.0	117.0	118.0	119.0	120.0	121.0	122.0	123.0	124.0	125.0	126.0	127.0	128.0	129.0	130.0	131.0	132.0	133.0	134.0	135.0	136.0	137.0	138.0	139.0	140.0	141.0	142.0	143.0	144.0	145.0	146.0	147.0	148.0	149.0	149.0	150.0	151.0	152.0	153.0	154.0	155.0	156.0	157.0	158.0	159.0	160.0	161.0	162.0	163.0	164.0	165.0	166.0	167.0	168.0	169.0	170.0	171.0	172.0	173.0	174.0	175.0	176.0	177.0	178.0	179.0	180.0	181.0	182.0	183.0	184.0	185.0	186.0	187.0	188.0	189.0	190.0	191.0	192.0	193.0	194.0	195.0	196.0	197.0	198.0	199.0	200.0	201.0	202.0	203.0	204.0	205.0	206.0	207.0	208.0	209.0	210.0	211.0	212.0	213.0	214.0	215.0	216.0	217.0	218.0	219.0	220.0	221.0	222.0	223.0	224.0	225.0	226.0	227.0	228.0	229.0	230.0	231.0	232.0	233.0	234.0	235.0	236.0	237.0	238.0	239.0	240.0	241.0	242.0	243.0	244.0	245.0	246.0	247.0	248.0	249.0	250.0	251.0	252.0	253.0	254.0	255.0	256.0	257.0	258.0	259.0	260.0	261.0	262.0	263.0	264.0	265.0	266.0	267.0	268.0	269.0	270.0	271.0	272.0	273.0	274.0	275.0	276.0	277.0	278.0	279.0	280.0	281.0	282.0	283.0	284.0	285.0	286.0	287.0	288.0	289.0	290.0	291.0	292.0	293.0	294.0	295.0	296.0	297.0	298.0	298.0
4096.87566715327
