4869.905788021357	300.0	2000.0	73.06244430206965	0	0.0	4869.905788021357	1	0	1	-0.9242866992796448
4966.74104825625	300.0	2893.4812137416175	0.0	0	0.0	4860.2222619978675	1	0	2	-0.8861760553975615
5063.243027520673	300.0	3787.3290365507537	0.0	0	0.0	4850.572064071427	1	0	2	-0.685216538567247
5200.0	300.0	4636.896366823494	0.0	0	49.14472726236181	4836.896366823495	1	0	2	-0.6842084433286667
6200.0	300.0	4536.896366823494	0.0	0	909.9743278319856	4736.896366823494	1	0	2	-0.6776896366823497
7200.0	300.0	4436.896366823491	0.0	0	911.8117315556365	4636.896366823494	1	0	2	-0.6676896366823497
8200.0	300.0	4336.89636682349	0.0	0	862.3607537649432	4536.896366823494	1	0	2	-0.6576896366823496
9200.0	300.0	4236.896366823491	0.0	0	905.8191517532523	4436.896366823496	1	0	2	-0.6476896366823497
10200.0	300.0	4136.896366823491	0.0	0	852.4475620626872	4336.896366823496	1	0	2	-0.6376896366823498
11200.0	300.0	4036.896366823492	0.0	0	888.1949900606014	4236.8963668234965	1	0	2	-0.6276896366823497
12200.0	300.0	3936.89636682349	0.0	0	869.2927422521734	4136.896366823495	1	0	2	-0.6176896366823498
13200.0	300.0	3836.8963668234924	0.0	0	874.6322509769798	4036.8963668234956	1	0	2	-0.6076896366823498
14200.0	300.0	3736.89636682349	0.0	0	889.2466795884156	3936.8963668234937	1	0	2	-0.5976896366823496
15200.0	300.0	3636.896366823492	0.0	0	841.6634765224662	3836.896366823492	1	0	2	-0.5876896366823494
16200.0	300.0	3536.8963668234924	0.0	0	848.1405476145301	3736.896366823492	1	0	2	-0.5776896366823494
17200.0	300.0	3436.8963668234915	0.0	0	868.3195842076275	3636.8963668234883	1	0	2	-0.5676896366823494
18200.0	300.0	3336.8963668234933	0.0	0	877.6023372543314	3536.896366823492	1	0	2	-0.5576896366823493
19200.0	300.0	3236.8963668234915	0.0	0	858.6487983600855	3436.896366823492	1	0	2	-0.5476896366823496
20200.0	300.0	3136.896366823492	0.0	0	892.806749155945	3336.89636682349	1	0	2	-0.5376896366823493
21200.0	300.0	3036.896366823493	0.0	0	820.7524103218893	3236.8963668234937	1	0	2	-0.5276896366823495
22200.0	300.0	2936.8963668234937	0.0	0	847.5802655867701	3136.8963668234937	1	0	2	-0.5176896366823497
23200.0	300.0	2836.8963668234915	0.0	0	901.6206708912832	3036.89636682349	1	0	2	-0.5076896366823493
24200.0	300.0	2736.8963668234896	0.0	0	893.0587165328034	2936.8963668234865	1	0	2	-0.4976896366823492
25200.0	300.0	2636.8963668234883	0.0	0	911.949398748784	2836.896366823483	1	0	2	-0.48768963668234855
26200.0	300.0	2536.896366823485	0.0	0	910.6619513089972	2736.8963668234755	1	0	2	-0.4776896366823481
27200.0	300.0	2436.896366823488	0.0	0	900.8601391568336	2636.896366823479	1	0	2	-0.46768963668234814
28200.0	300.0	2336.8963668234874	0.0	0	864.4826118284218	2536.8963668234755	1	0	2	-0.45768963668234797
29200.0	300.0	2236.896366823488	0.0	0	852.3603107435156	2436.8963668234755	1	0	2	-0.44768963668234796
30200.0	300.0	2136.8963668234883	0.0	0	886.7142504256444	2336.896366823472	1	0	2	-0.4376896366823475
31200.0	300.0	2036.8963668234924	0.0	0	866.0543890889712	2236.8963668234755	1	0	2	-0.4276896366823475
32200.0	300.0	1936.8963668234933	0.0	0	844.3549335513417	2136.896366823479	1	0	2	-0.41768963668234804
33200.0	300.0	1836.8963668234926	0.0	0	856.6994236604914	2036.8963668234792	1	0	2	-0.4076896366823483
34200.0	300.0	1736.8963668234924	0.0	0	907.5727663875005	1936.8963668234792	1	0	2	-0.3976896366823482
35200.0	300.0	1636.896366823496	0.0	0	892.102516156905	1836.896366823472	1	0	2	-0.38768963668234746
36200.0	300.0	1536.8963668234992	0.0	0	847.1717624869343	1736.8963668234792	1	0	2	-0.3776896366823481
37200.0	300.0	1436.8963668234928	0.0	0	900.1705413128293	1636.8963668234646	1	0	2	-0.3676896366823468
38200.0	300.0	1336.8963668234933	0.0	0	856.3430202730815	1536.8963668234646	1	0	2	-0.3576896366823462
39200.0	300.0	1236.8963668235003	0.0	0	866.2107562951787	1436.896366823472	1	0	2	-0.34768963668234687
40200.0	500.0	1236.8963668235037	0.0	0	736.3816014584227	1436.896366823472	1	0	1	-0.3436896366823475
41200.0	500.0	1236.8963668235006	0.0	0	775.1930753706329	1436.896366823472	1	0	1	0.36713598708364353
42200.0	1000.0	1236.896366823497	0.0	0	605.8348295333562	1436.896366823472	1	0	1	0.36713598708364353
43200.0	1000.0	1236.896366823487	0.0	0	552.219246955683	1436.896366823472	1	0	1	1.0602831676435889
44200.0	1000.0	1236.896366823492	0.0	0	513.4086037174056	1436.8963668234646	1	0	1	1.0602831676435898
45200.0	1000.0	1236.8963668234878	0.0	0	528.7092766294736	1436.8963668234646	1	0	1	1.0602831676435898
46200.0	1000.0	1236.8963668234928	0.0	0	656.9066197496431	1436.8963668234646	1	0	1	1.0602831676435898
47200.0	2000.0	1236.896366823496	0.0	0	371.7321122973808	1436.896366823472	1	0	1	1.0602831676435889
48200.0	2000.0	1236.8963668234967	0.0	0	387.18969583277794	1436.896366823472	1	0	1	1.753430348203534
49200.0	2000.0	1236.8963668235	0.0	0	400.8766244063445	1436.896366823472	1	0	1	1.753430348203534
50200.0	2000.0	1236.8963668234996	0.0	0	353.0982472423275	1436.896366823472	1	0	1	1.753430348203534
51200.0	2000.0	1236.8963668234971	0.0	0	335.2450691485865	1436.896366823472	1	0	1	1.753430348203534
52200.0	2000.0	1236.8963668234885	0.0	0	214.37931302554352	1436.896366823472	1	0	1	1.753430348203534
53200.0	2000.0	1236.896366823488	0.0	0	508.2048210940411	1436.896366823472	1	0	1	1.753430348203534
54200.0	2000.0	1236.8963668234965	0.0	0	603.7600664733909	1436.896366823472	1	0	1	1.753430348203534
55200.0	3000.0	1236.8963668234921	0.0	0	164.384784519214	1436.896366823472	1	0	1	1.7534303482035343
56200.0	3000.0	1236.8963668234976	0.0	0	89.85422294861928	1436.896366823472	1	0	1	2.158895456311699
57200.0	3000.0	1236.8963668235015	0.0	0	260.6826953067648	1436.896366823472	1	0	1	2.158895456311699
58200.0	3000.0	1236.8963668235106	0.0	0	201.28193875728175	1436.896366823472	1	0	1	2.158895456311699
59200.0	3000.0	1236.8963668235078	0.0	0	239.70696155535552	1436.896366823472	1	0	1	2.158895456311699
60278.65095576662	3000.0	1158.2454110568815	0.0	0	0.0	1436.8963668234646	1	0	1	2.1588954563116998
61459.82924076806	3000.0	977.0671260554424	0.0	0	0.0	1436.8963668234646	1	0	1	2.1588954563116998
62309.994741470546	3000.0	1126.9016253529544	0.0	0	0.0	1436.8963668234646	1	0	1	2.1588954563116998
63200.0	3000.0	1236.8963668234912	0.0	0	83.29259454514249	1436.8963668234646	1	0	1	2.1588954563116998
64200.0	3000.0	1236.8963668234946	0.0	0	99.76256427190674	1436.8963668234646	1	0	1	2.1588954563116998
65200.0	2000.0	1236.896366823486	0.0	0	172.09704079744552	1436.8963668234574	1	0	1	1.347965240095371
66200.0	2000.0	1236.896366823491	0.0	0	624.427735676436	1436.8963668234574	1	0	1	1.7534303482035356
67200.0	2000.0	1236.8963668235017	0.0	0	549.0744069660868	1436.8963668234646	1	0	1	1.7534303482035352
68200.0	2000.0	1236.89636682352	0.0	0	137.26980013355205	1436.8963668234792	1	0	1	1.7534303482035334
69200.0	2000.0	1236.896366823504	0.0	0	309.76848563233216	1436.8963668234646	1	0	1	1.753430348203535
70200.0	2000.0	1236.8963668235074	0.0	0	240.6249241134501	1436.8963668234646	1	0	1	1.753430348203535
71200.0	2000.0	1236.8963668234942	0.0	0	301.1168324784667	1436.8963668234646	1	0	1	1.753430348203535
72200.0	2000.0	1236.8963668234853	0.0	0	383.1391136864113	1436.89636682345	1	0	1	1.7534303482035363
73200.0	2000.0	1236.8963668234871	0.0	0	620.2637667505769	1436.89636682345	1	0	1	1.7534303482035363
74200.0	2000.0	1236.8963668234962	0.0	0	357.8194950143079	1436.89636682345	1	0	1	1.7534303482035363
75200.0	3000.0	1236.8963668234953	0.0	0	231.54476970410906	1436.89636682345	1	0	1	1.7534303482035365
76200.0	3000.0	1236.8963668234867	0.0	0	96.73810960262199	1436.8963668234646	1	0	1	2.1588954563116998
77200.0	3000.0	1236.8963668234983	0.0	0	130.20277988459566	1436.8963668234646	1	0	1	2.1588954563116998
78200.0	3000.0	1236.8963668234887	0.0	0	237.41306183130655	1436.8963668234646	1	0	1	2.1588954563116998
79200.0	3000.0	1236.8963668234937	0.0	0	389.86165137050557	1436.8963668234646	1	0	1	2.1588954563116998
80471.60425556095	3000.0	965.2921112625529	0.0	0	0.0	1436.8963668234646	1	0	1	2.1588954563116998
81314.38002036086	3000.0	1122.5163464626344	0.0	0	0.0	1436.8963668234646	1	0	1	2.1588954563116998
82200.0	3000.0	1236.8963668234733	0.0	0	69.65764535315975	1436.8963668234646	1	0	1	2.1588954563116998
83200.0	3000.0	1236.896366823448	0.0	0	164.07169370533666	1436.89636682345	1	0	1	2.158895456311701
84200.0	3000.0	1236.896366823445	0.0	0	216.02098717384797	1436.8963668234646	1	0	1	2.1588954563116998
85200.0	3000.0	1236.8963668234599	0.0	0	324.3287619951152	1436.8963668234646	1	0	1	2.1588954563116998
86200.0	3000.0	1236.8963668234637	0.0	0	16.064601542777382	1436.8963668234792	1	0	1	2.1588954563116984
87305.35919541617	3000.0	1131.5371714073024	0.0	0	0.0	1436.8963668234792	1	0	1	2.1588954563116984
88285.90559202891	3000.0	1150.9907747945522	0.0	0	0.0	1436.8963668234646	1	0	1	2.1588954563116998
89200.0	3000.0	1236.8963668234671	0.0	0	210.12734817987075	1436.8963668234646	1	0	1	2.1588954563116998
90200.0	3000.0	1236.8963668234587	0.0	0	80.39797853320488	1436.8963668234646	1	0	1	2.1588954563116998
91200.0	3000.0	1236.8963668234444	0.0	0	56.67003175527498	1436.8963668234646	1	0	1	2.1588954563116998
92200.0	3000.0	1236.8963668234535	0.0	0	53.403903520069434	1436.8963668234792	1	0	1	2.1588954563116984
93323.09050939829	3000.0	1113.8058574251568	0.0	0	0.0	1436.8963668234792	1	0	1	2.1588954563116984
94200.0	3000.0	1236.8963668234294	0.0	0	217.27865498122992	1436.8963668234792	1	0	1	2.1588954563116984
95200.0	3000.0	1236.8963668234167	0.0	0	149.4684988793888	1436.8963668234792	1	0	1	2.1588954563116984
96384.66516700863	3000.0	1052.2311998148016	0.0	0	0.0	1436.8963668234792	1	0	1	2.1588954563116984
97416.81947622284	3000.0	1020.0768906005954	0.0	0	0.0	1436.8963668234937	1	0	1	2.1588954563116967
98200.0	3000.0	1236.8963668234353	0.0	0	98.86216279718792	1436.8963668234937	1	0	1	2.1588954563116967
99301.57801823011	3000.0	1135.3183485933225	0.0	0	0.0	1436.8963668234937	1	0	1	2.1588954563116967
100200.0	2000.0	1236.896366823421	0.0	0	148.64544301918068	1436.8963668234937	1	0	1	1.3479652400953672
101200.0	2000.0	1236.8963668234253	0.0	0	318.01858066613204	1436.8963668234937	1	0	1	1.7534303482035318
102200.0	2000.0	1236.8963668234207	0.0	0	384.4541554721218	1436.8963668234937	1	0	1	1.7534303482035318
103200.0	2000.0	1236.8963668234055	0.0	0	459.7133316083782	1436.8963668234937	1	0	1	1.7534303482035318
104200.0	2000.0	1236.8963668234096	0.0	0	359.4616235551366	1436.8963668234937	1	0	1	1.7534303482035318
105200.0	2000.0	1236.8963668234126	0.0	0	663.6767203820636	1436.8963668234937	1	0	1	1.7534303482035318
106200.0	2000.0	1236.8963668234105	0.0	0	486.9292697103665	1436.8963668234937	1	0	1	1.7534303482035318
107204.90301557227	2000.0	1231.9933512511343	0.0	0	161.1832443759049	1436.8963668235083	1	0	1	1.7534303482035305
108200.0	2000.0	1236.8963668234119	0.0	0	201.28581870018388	1436.8963668235228	1	0	1	1.753430348203529
109200.0	2000.0	1236.8963668234219	0.0	0	356.8020686085947	1436.8963668235374	1	0	1	1.7534303482035276
110200.0	2000.0	1236.8963668234264	0.0	0	260.7794133104471	1436.8963668235374	1	0	1	1.7534303482035276
111200.0	3000.0	1236.896366823415	0.0	0	193.27525111172872	1436.8963668235374	1	0	1	1.7534303482035278
112200.0	3000.0	1236.8963668234185	0.0	0	215.8859703636117	1436.8963668235374	1	0	1	2.1588954563116927
113206.2753706511	3000.0	1230.6209961723089	0.0	0	0.0	1436.8963668235374	1	0	1	2.1588954563116927
114200.0	2000.0	1236.896366823425	0.0	0	186.7792257580295	1436.8963668235374	1	0	1	1.347965240095363
115200.0	2000.0	1236.8963668234296	0.0	0	480.0364881052519	1436.8963668235374	1	0	1	1.7534303482035276
116200.0	2000.0	1236.8963668234258	0.0	0	501.49715281224053	1436.8963668235374	1	0	1	1.7534303482035276
117200.0	2000.0	1236.8963668234135	0.0	0	570.9624333754182	1436.8963668235374	1	0	1	1.7534303482035276
118200.0	3000.0	1236.8963668234192	0.0	0	449.16929945106676	1436.8963668235374	1	0	1	1.7534303482035278
119200.0	3000.0	1236.8963668234182	0.0	0	334.1978644715564	1436.8963668235374	1	0	1	2.1588954563116927
120200.0	3000.0	1236.8963668234146	0.0	0	221.93618681158114	1436.8963668235374	1	0	1	2.1588954563116927
121200.0	3000.0	1236.896366823425	0.0	0	263.0772407403565	1436.8963668235374	1	0	1	2.1588954563116927
122200.0	2000.0	1236.8963668234296	0.0	0	353.91684608196374	1436.8963668235374	1	0	1	1.347965240095363
123200.0	2000.0	1236.8963668234346	0.0	0	184.0224310659396	1436.8963668235374	1	0	1	1.7534303482035276
124200.0	2000.0	1236.8963668234449	0.0	0	385.04488738979853	1436.8963668235228	1	0	1	1.753430348203529
125200.0	3000.0	1236.8963668234423	0.0	0	185.87161356103024	1436.8963668235083	1	0	1	1.7534303482035307
126435.54203059788	3000.0	1001.3543362255621	0.0	0	0.0	1436.8963668235083	1	0	1	2.1588954563116953
127250.29403841392	2000.0	1186.6023284095245	0.0	0	0.0	1436.8963668235083	1	0	1	1.347965240095366
128200.0	2000.0	1236.8963668234333	0.0	0	267.7056415377883	1436.8963668234937	1	0	1	1.7534303482035318
129200.0	2000.0	1236.89636682342	0.0	0	257.2518367774319	1436.8963668234937	1	0	1	1.7534303482035318
130200.0	2000.0	1236.8963668234119	0.0	0	193.26406378453248	1436.8963668234937	1	0	1	1.7534303482035318
131200.0	2000.0	1236.8963668234235	0.0	0	399.3827909209358	1436.8963668235083	1	0	1	1.7534303482035305
132200.0	2000.0	1236.8963668234069	0.0	0	604.6934925870737	1436.8963668234792	1	0	1	1.7534303482035312
133200.0	2000.0	1236.896366823438	0.0	0	724.9627872470883	1436.8963668234937	1	0	1	1.7534303482035318
134200.0	2000.0	1236.8963668234478	0.0	0	496.3622755483084	1436.8963668234937	1	0	1	1.7534303482035318
135200.0	2000.0	1236.8963668234467	0.0	0	363.62723071861546	1436.8963668234646	1	0	1	1.753430348203535
136200.0	2000.0	1236.8963668234455	0.0	0	474.65387478424236	1436.8963668234646	1	0	1	1.753430348203535
137200.0	2000.0	1236.8963668234426	0.0	0	510.6996992274071	1436.8963668234937	1	0	1	1.7534303482035318
138274.15616767632	3000.0	1162.7401991471506	0.0	0	0.0	1436.8963668235228	1	0	1	1.7534303482035292
139200.0	2000.0	1236.8963668234826	0.0	0	79.6542661812855	1436.8963668235228	1	0	1	1.3479652400953643
140200.0	2000.0	1236.8963668234805	0.0	0	214.64458072773414	1436.8963668235228	1	0	1	1.753430348203529
141200.0	3000.0	1236.896366823464	0.0	0	87.86051085896906	1436.8963668235228	1	0	1	1.7534303482035292
142200.0	3000.0	1236.896366823482	0.0	0	200.63123364030616	1436.8963668235228	1	0	1	2.158895456311694
143200.0	3000.0	1236.8963668234749	0.0	0	466.6516308853461	1436.8963668235228	1	0	1	2.158895456311694
144508.15224465405	3000.0	928.7441221694396	0.0	0	0.0	1436.8963668235228	1	0	1	2.158895456311694
145834.10301849677	3000.0	602.7933483267348	0.0	0	0.0	1436.8963668235228	1	0	1	2.158895456311694
146353.43472455937	2000.0	1083.4616422641175	0.0	0	0.0	1436.896366823552	1	0	1	1.3479652400953614
147200.0	2000.0	1236.896366823478	0.0	0	264.13295135545195	1436.896366823552	1	0	1	1.753430348203526
148200.0	2000.0	1236.8963668235099	0.0	0	291.7580137370969	1436.896366823581	1	0	1	1.7534303482035232
149200.0	2000.0	1236.8963668234953	0.0	0	342.68405397282913	1436.896366823581	1	0	1	1.7534303482035232
150200.0	3000.0	1236.896366823493	0.0	0	282.44003683771007	1436.896366823581	1	0	1	1.7534303482035234
151200.0	2000.0	1236.89636682349	0.0	0	118.89239673715201	1436.896366823581	1	0	1	1.3479652400953586
152200.0	2000.0	1236.8963668234967	0.0	0	178.90206732711522	1436.896366823581	1	0	1	1.7534303482035232
153200.0	2000.0	1236.8963668234996	0.0	0	307.5134859820537	1436.896366823581	1	0	1	1.7534303482035232
154200.0	2000.0	1236.8963668234762	0.0	0	402.64898936555255	1436.8963668236102	1	0	1	1.75343034820352
155200.0	2000.0	1236.8963668234592	0.0	0	665.9570837065403	1436.8963668236393	1	0	1	1.7534303482035174
156200.0	3000.0	1236.896366823435	0.0	0	421.62953473455855	1436.8963668236102	1	0	1	1.7534303482035205
157251.18640563556	3000.0	1185.7099611878677	0.0	0	0.0	1436.8963668236102	1	0	1	2.158895456311685
158200.0	3000.0	1236.8963668234146	0.0	0	268.8415131768561	1436.8963668236102	1	0	1	2.158895456311685
159200.0	3000.0	1236.8963668234167	0.0	0	109.73062941618264	1436.8963668236393	1	0	1	2.158895456311682
160200.0	2000.0	1236.8963668234103	0.0	0	236.22178462080774	1436.8963668236684	1	0	1	1.3479652400953501
161200.0	2000.0	1236.8963668234164	0.0	0	237.7375264952716	1436.8963668236975	1	0	1	1.7534303482035123
162200.0	2000.0	1236.8963668234167	0.0	0	404.37270875516697	1436.8963668236684	1	0	1	1.7534303482035147
163200.0	2000.0	1236.8963668234683	0.0	0	459.6405812417215	1436.8963668236684	1	0	1	1.7534303482035147
164259.5961588045	3000.0	1177.3002080189972	0.0	0	0.0	1436.8963668236684	1	0	1	1.7534303482035147
165200.0	2000.0	1236.8963668234555	0.0	0	331.0164989834884	1436.8963668236684	1	0	1	1.3479652400953501
166200.0	2000.0	1236.8963668234526	0.0	0	290.31947644185857	1436.8963668236684	1	0	1	1.7534303482035147
167200.0	2000.0	1236.8963668234576	0.0	0	368.3078236855217	1436.8963668236684	1	0	1	1.7534303482035147
168200.0	2000.0	1236.8963668234544	0.0	0	556.5093142955448	1436.8963668236393	1	0	1	1.7534303482035174
169200.0	2000.0	1236.8963668234371	0.0	0	417.5552489014226	1436.8963668236393	1	0	1	1.7534303482035174
170200.0	2000.0	1236.8963668234244	0.0	0	243.12610808518366	1436.8963668236393	1	0	1	1.7534303482035174
171200.0	2000.0	1236.8963668234517	0.0	0	137.1983516518958	1436.8963668236393	1	0	1	1.7534303482035174
172200.0	2000.0	1236.8963668234533	0.0	0	392.3015044288768	1436.8963668236393	1	0	1	1.7534303482035174
173200.0	2000.0	1236.8963668234678	0.0	0	401.14037625526544	1436.8963668236393	1	0	1	1.7534303482035174
174200.0	2000.0	1236.8963668234735	0.0	0	411.48692198627396	1436.8963668236393	1	0	1	1.7534303482035174
175200.0	2000.0	1236.8963668234903	0.0	0	679.0568458887283	1436.8963668236393	1	0	1	1.7534303482035174
176200.0	2000.0	1236.8963668234817	0.0	0	603.6163823532697	1436.8963668236393	1	0	1	1.7534303482035174
177200.0	3000.0	1236.8963668234558	0.0	0	299.6805719997792	1436.8963668236393	1	0	1	1.7534303482035176
178202.48904740417	3000.0	1234.4073194192847	0.0	0	0.0	1436.8963668236393	1	0	1	2.158895456311682
179246.2786139091	3000.0	1190.617752914381	0.0	0	0.0	1436.8963668236102	1	0	1	2.158895456311685
180200.0	3000.0	1236.896366823498	0.0	0	112.31844551442191	1436.8963668236393	1	0	1	2.158895456311683
181221.15603564703	3000.0	1215.7403311765013	0.0	0	0.0	1436.8963668236393	1	0	1	2.158895456311682
182200.0	3000.0	1236.896366823531	0.0	0	36.99769933306379	1436.8963668236393	1	0	1	2.158895456311682
183200.0	3000.0	1236.896366823504	0.0	0	264.105988426134	1436.8963668236393	1	0	1	2.158895456311682
184200.0	3000.0	1236.8963668235162	0.0	0	340.9922421191586	1436.8963668236684	1	0	1	2.1588954563116793
185200.0	3000.0	1236.8963668235497	0.0	0	166.09515481526614	1436.8963668236684	1	0	1	2.1588954563116793
186200.0	3000.0	1236.8963668235313	0.0	0	86.88483383579296	1436.8963668236393	1	0	1	2.158895456311681
187606.69659164562	3000.0	830.1997751778997	0.0	0	0.0	1436.8963668236393	1	0	1	2.158895456311682
188846.22027580213	2000.0	590.6760910213605	0.0	0	0.0	1436.8963668236393	1	0	1	1.3479652400953528
189697.15181031867	2000.0	739.7445565048145	0.0	0	0.0	1436.8963668236393	1	0	1	1.7534303482035174
190242.8490686675	2000.0	1194.0472981559612	0.0	0	0.0	1436.8963668236684	1	0	1	1.7534303482035147
191200.0	2000.0	1236.8963668234842	0.0	0	441.68558319911244	1436.8963668236684	1	0	1	1.7534303482035147
192301.56695422623	2000.0	1135.3294125972366	0.0	0	0.0	1436.8963668236393	1	0	1	1.7534303482035174
193200.0	2000.0	1236.8963668234583	0.0	0	14.805780487979064	1436.8963668236393	1	0	1	1.7534303482035174
194200.0	2000.0	1236.8963668234355	0.0	0	385.14072773527005	1436.896366823581	1	0	1	1.7534303482035218
195200.0	2000.0	1236.8963668234405	0.0	0	241.3287500726001	1436.896366823581	1	0	1	1.7534303482035232
196200.0	2000.0	1236.8963668234196	0.0	0	396.58971098749316	1436.896366823581	1	0	1	1.7534303482035232
197200.0	2000.0	1236.8963668234508	0.0	0	391.0134613948467	1436.896366823581	1	0	1	1.7534303482035232
198200.0	2000.0	1236.8963668234362	0.0	0	519.8555514813634	1436.896366823581	1	0	1	1.7534303482035232
199200.0	2000.0	1236.8963668234405	0.0	0	404.4395494511118	1436.896366823581	1	0	1	1.7534303482035232
200200.0	2000.0	1236.8963668234537	0.0	0	143.4098750296107	1436.896366823581	1	0	1	1.7534303482035232
201200.0	2000.0	1236.8963668234865	0.0	0	375.54652321571484	1436.896366823581	1	0	1	1.7534303482035232
202200.0	2000.0	1236.8963668235103	0.0	0	427.30382430160535	1436.8963668236102	1	0	1	1.75343034820352
203200.0	2000.0	1236.8963668235147	0.0	0	541.4256425914355	1436.8963668236102	1	0	1	1.75343034820352
204200.0	3000.0	1236.8963668235126	0.0	0	252.02915120127727	1436.8963668236102	1	0	1	1.7534303482035205
205200.0	3000.0	1236.896366823512	0.0	0	308.5160469826369	1436.8963668236102	1	0	1	2.158895456311685
206200.0	3000.0	1236.896366823507	0.0	0	95.80495911074104	1436.8963668236393	1	0	1	2.158895456311682
207200.0	3000.0	1236.8963668235074	0.0	0	173.21116722244187	1436.8963668236393	1	0	1	2.158895456311682
208200.0	3000.0	1236.8963668234874	0.0	0	432.7416128318291	1436.8963668236393	1	0	1	2.158895456311682
209346.1999003071	3000.0	1090.6964665163932	0.0	0	0.0	1436.8963668236393	1	0	1	2.158895456311682
210367.95655948122	3000.0	1068.9398073423004	0.0	0	0.0	1436.8963668236393	1	0	1	2.158895456311682
211474.25997340318	3000.0	962.6363934202999	0.0	0	0.0	1436.8963668236102	1	0	1	2.158895456311685
212547.20692040958	3000.0	889.689446413917	0.0	0	0.0	1436.8963668236102	1	0	1	2.158895456311685
213515.018136932	3000.0	921.878229891514	0.0	0	0.0	1436.8963668236102	1	0	1	2.158895456311685
214200.0	2000.0	1236.896366823526	0.0	0	194.45898766248138	1436.896366823581	1	0	1	1.3479652400953586
215200.0	2000.0	1236.8963668235388	0.0	0	603.0198218741862	1436.896366823581	1	0	1	1.7534303482035232
216200.0	2000.0	1236.8963668235574	0.0	0	598.8063571798266	1436.8963668236102	1	0	1	1.75343034820352
217200.0	2000.0	1236.8963668235574	0.0	0	407.54588056824286	1436.8963668236102	1	0	1	1.75343034820352
218200.0	2000.0	1236.8963668235463	0.0	0	362.173018620495	1436.8963668236102	1	0	1	1.75343034820352
219200.0	2000.0	1236.8963668235567	0.0	0	303.83827694665524	1436.8963668236393	1	0	1	1.7534303482035185
220200.0	2000.0	1236.8963668235808	0.0	0	430.76699986489257	1436.8963668236393	1	0	1	1.7534303482035174
221200.0	2000.0	1236.8963668235776	0.0	0	425.0640600594634	1436.8963668236393	1	0	1	1.7534303482035174
222200.0	2000.0	1236.8963668235715	0.0	0	514.6213561072946	1436.8963668236393	1	0	1	1.7534303482035174
223200.0	2000.0	1236.896366823551	0.0	0	452.64409747268655	1436.8963668236393	1	0	1	1.7534303482035174
224200.0	3000.0	1236.8963668235326	0.0	0	69.48360798112117	1436.8963668236393	1	0	1	1.7534303482035176
225200.0	3000.0	1236.896366823542	0.0	0	16.569813800539123	1436.8963668236393	1	0	1	2.158895456311682
226200.0	2000.0	1236.8963668235253	0.0	0	313.7491471254616	1436.8963668236393	1	0	1	1.3479652400953528
227200.0	2000.0	1236.89636682352	0.0	0	307.30136739386944	1436.8963668236393	1	0	1	1.7534303482035174
228200.0	3000.0	1236.8963668235253	0.0	0	343.73743720856146	1436.8963668236393	1	0	1	1.7534303482035176
229200.0	3000.0	1236.8963668235233	0.0	0	123.49280977831222	1436.8963668236393	1	0	1	2.158895456311682
230200.0	3000.0	1236.896366823527	0.0	0	247.1703969106311	1436.8963668236684	1	0	1	2.1588954563116793
231200.0	3000.0	1236.8963668235594	0.0	0	46.500902039930224	1436.8963668236975	1	0	1	2.1588954563116762
232200.0	3000.0	1236.8963668235474	0.0	0	329.9111680465285	1436.8963668236975	1	0	1	2.1588954563116762
233258.7240623194	3000.0	1178.1723045041344	0.0	0	0.0	1436.8963668236975	1	0	1	2.1588954563116762
234200.0	3000.0	1236.896366823526	0.0	0	85.66068291512784	1436.8963668236975	1	0	1	2.1588954563116762
235200.0	3000.0	1236.896366823535	0.0	0	195.9162053288892	1436.8963668236975	1	0	1	2.1588954563116762
236272.68417706186	3000.0	1164.2121897616644	0.0	0	0.0	1436.8963668236975	1	0	1	2.1588954563116762
237476.76002843864	3000.0	960.1363383848841	0.0	0	0.0	1436.8963668236684	1	0	1	2.1588954563116793
238383.94682617663	3000.0	1052.9495406468923	0.0	0	0.0	1436.8963668236684	1	0	1	2.1588954563116793
239200.0	3000.0	1236.896366823505	0.0	0	129.72820218309062	1436.8963668236975	1	0	1	2.1588954563116762
240256.42894434446	3000.0	1180.4674224790472	0.0	0	0.0	1436.8963668236975	1	0	1	2.1588954563116762
241200.0	3000.0	1236.8963668235053	0.0	0	97.88613057127804	1436.8963668236975	1	0	1	2.1588954563116762
242200.0	3000.0	1236.8963668234949	0.0	0	233.23413203642122	1436.8963668236684	1	0	1	2.1588954563116793
243200.0	3000.0	1236.896366823521	0.0	0	88.71747848214	1436.8963668236684	1	0	1	2.1588954563116793
244200.0	3000.0	1236.8963668234892	0.0	0	21.45299413704197	1436.8963668236102	1	0	1	2.158895456311684
245511.4311600256	3000.0	925.4652067978963	0.0	0	0.0	1436.8963668236102	1	0	1	2.158895456311685
246513.55388859945	3000.0	923.3424782240585	0.0	0	0.0	1436.8963668236102	1	0	1	2.158895456311685
247773.76828397132	3000.0	663.1280828521902	0.0	0	0.0	1436.896366823581	1	0	1	2.1588954563116856
249034.79975946003	3000.0	511.8949565332666	109.79834916976006	0	0.0	1546.6947159933334	1	0	1	1.4891255263761525
249668.75085767094	2000.0	877.9438583223399	0.0	0	0.0	1546.6947159933043	1	0	1	1.3369854051783863
250251.571713195	2000.0	1236.8409172458464	0.0	0	0.0	1488.412630440871	1	0	2	1.346882784563899
251200.0	2000.0	1288.41263044083	0.0	0	345.2705584549112	1488.412630440871	1	0	1	1.548278721841794
252200.0	2000.0	1288.4126304408078	0.0	0	385.6629749988206	1488.412630440842	1	0	1	1.7482787218417972
253200.0	2000.0	1288.412630440795	0.0	0	223.9557935319317	1488.412630440842	1	0	1	1.7482787218417972
254200.0	2000.0	1288.4126304407728	0.0	0	589.0363441110239	1488.412630440871	1	0	1	1.7482787218417941
255200.0	2000.0	1288.4126304407512	0.0	0	605.016905676981	1488.412630440871	1	0	1	1.7482787218417941
256200.0	2000.0	1288.4126304407368	0.0	0	380.23752236156724	1488.412630440842	1	0	1	1.7482787218417972
257200.0	2000.0	1288.4126304407653	0.0	0	257.4652469937864	1488.412630440871	1	0	1	1.7482787218417941
258200.0	2000.0	1288.4126304407746	0.0	0	513.3663704299252	1488.412630440871	1	0	1	1.7482787218417941
259200.0	2000.0	1288.4126304407714	0.0	0	282.7684682806139	1488.412630440871	1	0	1	1.7482787218417941
260200.0	3000.0	1288.412630440785	0.0	0	338.90039171965327	1488.412630440871	1	0	1	1.7482787218417943
261200.0	3000.0	1288.412630440792	0.0	0	97.13964314159239	1488.4126304409	1	0	1	2.1537438299499576
262200.0	2000.0	1288.4126304408142	0.0	0	191.69255419899127	1488.4126304409	1	0	1	1.3428136137336268
263200.0	2000.0	1288.4126304408037	0.0	0	513.7868432604009	1488.4126304409	1	0	1	1.748278721841792
264200.0	2000.0	1288.4126304408153	0.0	0	362.48668822436593	1488.4126304409	1	0	1	1.7482787218417921
265200.0	2000.0	1288.4126304408298	0.0	0	459.6962983383564	1488.4126304409	1	0	1	1.7482787218417914
266200.0	2000.0	1288.4126304408533	0.0	0	593.5716754267924	1488.4126304409	1	0	1	1.7482787218417914
267200.0	2000.0	1288.4126304408305	0.0	0	565.2052492102957	1488.4126304409	1	0	1	1.7482787218417914
268200.0	3000.0	1288.4126304408119	0.0	0	464.5965094866697	1488.4126304409	1	0	1	1.7482787218417917
269200.0	3000.0	1288.4126304407987	0.0	0	259.2743946026312	1488.4126304409	1	0	1	2.1537438299499563
270200.0	3000.0	1288.412630440813	0.0	0	242.65452238486614	1488.4126304409	1	0	1	2.1537438299499563
271200.0	2000.0	1288.4126304407978	0.0	0	378.5877357873251	1488.4126304409	1	0	1	1.3428136137336268
272200.0	2000.0	1288.412630440747	0.0	0	275.6070262603462	1488.4126304409	1	0	1	1.7482787218417914
273200.0	2000.0	1288.4126304407293	0.0	0	471.78829764632974	1488.4126304409	1	0	1	1.7482787218417914
274200.0	3000.0	1288.4126304407052	0.0	0	323.3215567562729	1488.4126304409	1	0	1	1.7482787218417917
275200.0	3000.0	1288.4126304407694	0.0	0	143.6910801816266	1488.4126304409	1	0	1	2.1537438299499563
276200.0	2000.0	1288.4126304408296	0.0	0	393.52430094749434	1488.4126304409	1	0	1	1.3428136137336268
277200.0	2000.0	1288.412630440837	0.0	0	306.30419324926334	1488.4126304409	1	0	1	1.7482787218417914
278200.0	2000.0	1288.4126304408305	0.0	0	265.5435103387572	1488.412630440842	1	0	1	1.7482787218417961
279200.0	2000.0	1288.4126304408162	0.0	0	423.19631234841654	1488.412630440842	1	0	1	1.7482787218417972
280200.0	2000.0	1288.412630440836	0.0	0	380.2186663328903	1488.412630440842	1	0	1	1.7482787218417972
281200.0	2000.0	1288.412630440825	0.0	0	669.1155154493172	1488.4126304407837	1	0	1	1.748278721841803
282200.0	2000.0	1288.412630440862	0.0	0	681.6566392022069	1488.4126304407837	1	0	1	1.748278721841803
283200.0	2000.0	1288.4126304408471	0.0	0	381.0111116030603	1488.4126304407255	1	0	1	1.748278721841809
284200.0	2000.0	1288.4126304408155	0.0	0	608.305587848241	1488.4126304407255	1	0	1	1.748278721841809
285200.0	2000.0	1288.4126304408671	0.0	0	586.5198090071208	1488.4126304407255	1	0	1	1.748278721841809
286200.0	2000.0	1288.4126304408219	0.0	0	564.6784110823646	1488.4126304406673	1	0	1	1.7482787218418148
287514.6989594517	3000.0	973.7136709890564	0.0	0	0.0	1488.4126304406673	1	0	1	1.7482787218418148
288200.0	2000.0	1288.4126304407675	0.0	0	133.54844758828403	1488.412630440609	1	0	1	1.342813613733656
289200.0	2000.0	1288.4126304407755	0.0	0	208.922566470108	1488.412630440609	1	0	1	1.7482787218418205
290200.0	3000.0	1288.4126304408376	0.0	0	183.16255276772426	1488.412630440609	1	0	1	1.7482787218418208
291200.0	3000.0	1288.41263044083	0.0	0	50.45052779931575	1488.412630440609	1	0	1	2.153743829949985
292200.0	3000.0	1288.4126304407982	0.0	0	203.7091974292416	1488.4126304406673	1	0	1	2.1537438299499816
293538.15429974167	3000.0	950.2583306992346	0.0	0	0.0	1488.412630440609	1	0	1	2.153743829949985
294266.40283797996	2000.0	1222.0097924610077	0.0	0	0.0	1488.412630440609	1	0	1	1.342813613733656
295200.0	2000.0	1288.4126304409735	0.0	0	94.72528177662753	1488.412630440609	1	0	1	1.7482787218418205
296200.0	2000.0	1288.4126304409697	0.0	0	491.5430780024617	1488.4126304406673	1	0	1	1.7482787218418148
297200.0	2000.0	1288.412630440971	0.0	0	427.85959633853054	1488.4126304406673	1	0	1	1.7482787218418148
298200.0	2000.0	1288.4126304409806	0.0	0	337.8563087908551	1488.4126304406673	1	0	1	1.7482787218418148
299200.0	2000.0	1288.4126304409433	0.0	0	488.2817683478934	1488.4126304406673	1	0	1	1.7482787218418148
300200.0	2000.0	1288.412630440924	0.0	0	240.61466927290894	1488.4126304407255	1	0	1	1.7482787218418112
5.6	5.27	3.29	4.01	3.13	2.76	2.7	3.8	5.55	3.08	3.28	3.66	3.48	3.68	3.94	2.62	3.01	3.24	4.17	4.29	5.95	5.1	5.09	2.42	3.58	3.46	3.51	2.83	4.25	4.65	3.13	4.1	2.68	2.97	1.93	2.7	3.8	2.58	2.28	2.6	3.46	3.97	3.96	4.74	4.17	3.57	2.53	3.74	4.77	4.62	4.04	2.88	4.37	4.83	3.48	3.03	2.8	3.45	3.32	2.51	4.38	6.26	2.84	3.74	2.87	3.04	3.38	5.05	4.38	3.58	3.52	3.52	3.7	4.22	2.88	3.37	3.13	3.34	4.12	3.26	3.81	3.76	3.01	3.65	4.24	4.34	3.57	3.49	2.97	4.22	2.68	3.16	3.66	3.3	1.69	2.85	3.87	3.6	2.71	5.25	5.09	3.76	1.42	3.79	3.21	4.69	3.81	2.54	3.14	3.28	3.81	5.65	4.68	4.75	4.11	3.2	2.97	3.09	3.16	4.51	3.42	2.95	3.64	2.33	3.27	2.53	4.85	7.03	4.38	3.81	4.68	5.39	3.6	2.69	2.85	4.17	3.83	4.58	3.95	2.61	2.47	3.53	3.88	3.56	3.76	3.16	3.19	3.01	4.25	5.0	5.6	5.27	3.29	4.01	3.13	2.76	2.7	3.8	5.55	3.08	3.28	3.66	3.48	3.68	3.94	2.62	3.01	3.24	4.17	4.29	5.95	5.1	5.09	2.42	3.58	3.46	3.51	2.83	4.25	4.65	3.13	4.1	2.68	2.97	1.93	2.7	3.8	2.58	2.28	2.6	3.46	3.97	3.96	4.74	4.17	3.57	2.53	3.74	4.77	4.62	4.04	2.88	4.37	4.83	3.48	3.03	2.8	3.45	3.32	2.51	4.38	6.26	2.84	3.74	2.87	3.04	3.38	5.05	4.38	3.58	3.52	3.52	3.7	4.22	2.88	3.37	3.13	3.34	4.12	3.26	3.81	3.76	3.01	3.65	4.24	4.34	3.57	3.49	2.97	4.22	2.68	3.16	3.66	3.3	1.69	2.85	3.87	3.6	2.71	5.25	5.09	3.76	1.42	3.79	3.21	4.69	3.81	2.54	3.14	3.28	3.81	5.65	4.68	4.75	4.11	3.2	2.97	3.09	3.16	4.51	3.42	2.95	3.64	2.33	3.27	2.53	4.85	7.03	4.38	3.81	4.68	5.39	3.6	2.69	2.85	4.17	3.83	4.58	3.95	2.61	2.47	3.53	3.88	3.56	3.76	3.16	3.19	3.01
1.0	2.0	3.0	4.0	5.0	6.0	7.0	8.0	9.0	10.0	11.0	12.0	13.0	14.0	15.0	16.0	17.0	18.0	19.0	20.0	21.0	22.0	23.0	24.0	25.0	26.0	27.0	28.0	29.0	30.0	31.0	32.0	33.0	34.0	35.0	36.0	37.0	38.0	39.0	40.0	41.0	42.0	43.0	44.0	45.0	46.0	47.0	48.0	49.0	50.0	51.0	52.0	53.0	54.0	55.0	56.0	57.0	58.0	59.0	60.0	61.0	62.0	63.0	64.0	65.0	66.0	67.0	68.0	69.0	70.0	71.0	72.0	73.0	74.0	75.0	76.0	77.0	78.0	79.0	80.0	81.0	82.0	83.0	84.0	85.0	86.0	87.0	88.0	89.0	90.0	91.0	92.0	93.0	94.0	95.0	96.0	97.0	98.0	99.0	100.0	101.0	102.0	103.0	104.0	105.0	106.0	107.0	108.0	109.0	110.0	111.0	112.0	113.0	114.0	115.0	116.0	117.0	118.0	119.0	120.0	121.0	122.0	123.0	124.0	125.0	126.0	127.0	128.0	129.0	130.0	131.0	132.0	133.0	134.0	135.0	136.0	137.0	138.0	139.0	140.0	141.0	142.0	143.0	144.0	145.0	146.0	147.0	148.0	149.0	149.0	150.0	151.0	152.0	153.0	154.0	155.0	156.0	157.0	158.0	159.0	160.0	161.0	162.0	163.0	164.0	165.0	166.0	167.0	168.0	169.0	170.0	171.0	172.0	173.0	174.0	175.0	176.0	177.0	178.0	179.0	180.0	181.0	182.0	183.0	184.0	185.0	186.0	187.0	188.0	189.0	190.0	191.0	192.0	193.0	194.0	195.0	196.0	197.0	198.0	199.0	200.0	201.0	202.0	203.0	204.0	205.0	206.0	207.0	208.0	209.0	210.0	211.0	212.0	213.0	214.0	215.0	216.0	217.0	218.0	219.0	220.0	221.0	222.0	223.0	224.0	225.0	226.0	227.0	228.0	229.0	230.0	231.0	232.0	233.0	234.0	235.0	236.0	237.0	238.0	239.0	240.0	241.0	242.0	243.0	244.0	245.0	246.0	247.0	248.0	249.0	250.0	251.0	252.0	253.0	254.0	255.0	256.0	257.0	258.0	259.0	260.0	261.0	262.0	263.0	264.0	265.0	266.0	267.0	268.0	269.0	270.0	271.0	272.0	273.0	274.0	275.0	276.0	277.0	278.0	279.0	280.0	281.0	282.0	283.0	284.0	285.0	286.0	287.0	288.0	289.0	290.0	291.0	292.0	293.0	294.0	295.0	296.0	297.0
4695.771419850834
