5837.769434095081	300.0	2000.0	164.39176593207623	0	0.0	5837.769434095081	1	0	1	-1.5669762139620957
5990.660963306608	300.0	2831.8193178673214	0.0	0	0.0	5822.48028117393	1	0	2	-0.98257640928349
6120.611298681823	300.0	3688.873948954585	0.0	0	0.0	5809.4852476364085	1	0	2	-0.7812180282083231
6251.5436271762	300.0	4544.84838761077	0.0	0	0.0	5796.392014786971	1	0	2	-0.7799048606699407
6386.339120617323	300.0	5396.573344825534	0.0	0	0.0	5782.912465442858	1	0	2	-0.7785407152203538
7200.0	300.0	5501.546377504589	0.0	0	667.6312227596882	5701.54637750459	1	0	2	-0.7739891596210978
8200.0	300.0	5401.546377504588	0.0	0	907.6750396306397	5601.54637750459	1	0	2	-0.7641546377504592
9200.0	300.0	5301.546377504589	0.0	0	855.5462277202987	5501.546377504592	1	0	2	-0.7541546377504595
10200.0	300.0	5201.546377504587	0.0	0	779.3934269479832	5401.546377504591	1	0	2	-0.7441546377504594
11200.0	300.0	5101.546377504588	0.0	0	759.4173332984974	5301.546377504592	1	0	2	-0.7341546377504595
12200.0	300.0	5001.546377504587	0.0	0	864.1898622042918	5201.546377504591	1	0	2	-0.7241546377504593
13200.0	300.0	4901.546377504588	0.0	0	887.3966774601395	5101.546377504592	1	0	2	-0.7141546377504595
14200.0	300.0	4801.546377504587	0.0	0	905.0631072528286	5001.54637750459	1	0	2	-0.7041546377504595
15200.0	300.0	4701.5463775045855	0.0	0	880.9047095274291	4901.5463775045955	1	0	2	-0.6941546377504596
16200.0	300.0	4601.5463775045855	0.0	0	907.8281048181398	4801.546377504594	1	0	2	-0.6841546377504597
17200.0	300.0	4501.546377504585	0.0	0	921.3369417593785	4701.546377504592	1	0	2	-0.6741546377504595
18200.0	300.0	4401.546377504582	0.0	0	906.033637882374	4601.54637750459	1	0	2	-0.6641546377504594
19200.0	300.0	4301.546377504579	0.0	0	886.2421990050279	4501.546377504588	1	0	2	-0.6541546377504591
20200.0	300.0	4201.546377504576	0.0	0	875.1960413076886	4401.546377504585	1	0	2	-0.6441546377504588
21200.0	300.0	4101.546377504581	0.0	0	854.9590626791687	4301.546377504586	1	0	2	-0.6341546377504589
22200.0	300.0	4001.5463775045764	0.0	0	891.3173789672946	4201.546377504583	1	0	2	-0.6241546377504585
23200.0	300.0	3901.5463775045823	0.0	0	860.7907715880974	4101.54637750459	1	0	2	-0.614154637750459
24200.0	300.0	3801.546377504582	0.0	0	823.6769905757865	4001.5463775045937	1	0	2	-0.6041546377504594
25200.0	300.0	3701.546377504583	0.0	0	882.3307256400512	3901.54637750459	1	0	2	-0.5941546377504593
26200.0	300.0	3601.5463775045846	0.0	0	907.5254244251628	3801.54637750459	1	0	2	-0.5841546377504592
27200.0	300.0	3501.546377504579	0.0	0	906.8396459517826	3701.5463775045864	1	0	2	-0.574154637750459
28200.0	300.0	3401.54637750458	0.0	0	911.339670534966	3601.54637750459	1	0	2	-0.5641546377504594
29200.0	300.0	3301.5463775045773	0.0	0	865.6775497292874	3501.54637750459	1	0	2	-0.5541546377504594
30200.0	300.0	3201.5463775045764	0.0	0	857.2048201730213	3401.5463775045864	1	0	2	-0.544154637750459
31200.0	300.0	3101.546377504576	0.0	0	835.8330569674436	3301.54637750459	1	0	2	-0.5341546377504592
32200.0	300.0	3001.5463775045782	0.0	0	843.8232283604593	3201.5463775045937	1	0	2	-0.5241546377504591
33200.0	300.0	2901.5463775045705	0.0	0	865.0630209815354	3101.546377504583	1	0	2	-0.5141546377504591
34200.0	300.0	2801.5463775045673	0.0	0	883.6910386417876	3001.5463775045755	1	0	2	-0.5041546377504583
35200.0	300.0	2701.5463775045696	0.0	0	881.7629717361706	2901.5463775045755	1	0	2	-0.49415463775045765
36200.0	300.0	2601.5463775045755	0.0	0	865.4962611535593	2801.546377504579	1	0	2	-0.4841546377504579
37200.0	300.0	2501.5463775045832	0.0	0	854.5290018938758	2701.546377504579	1	0	2	-0.474154637750458
38200.0	300.0	2401.546377504581	0.0	0	884.482021347867	2601.546377504579	1	0	2	-0.4641546377504581
39200.0	300.0	2301.54637750459	0.0	0	896.952909414329	2501.546377504601	1	0	2	-0.4541546377504596
40200.0	300.0	2201.546377504586	0.0	0	853.5250949001856	2401.5463775045864	1	0	2	-0.4441546377504596
41200.0	300.0	2101.5463775045846	0.0	0	890.0807257912238	2301.5463775045864	1	0	2	-0.4341546377504588
42200.0	300.0	2001.546377504582	0.0	0	869.6686821021867	2201.5463775045864	1	0	2	-0.4241546377504588
43200.0	300.0	1901.5463775045798	0.0	0	844.6537666050499	2101.5463775045864	1	0	2	-0.41415463775045885
44200.0	300.0	1801.5463775045837	0.0	0	836.6343104703556	2001.5463775045864	1	0	2	-0.40415463775045884
45200.0	300.0	1701.5463775045935	0.0	0	878.5756771454326	1901.5463775045937	1	0	2	-0.394154637750459
46200.0	300.0	1601.5463775045916	0.0	0	882.5726070049859	1801.5463775045864	1	0	2	-0.3841546377504593
47200.0	300.0	1501.5463775045891	0.0	0	782.1511051821872	1701.5463775045937	1	0	2	-0.3741546377504592
48200.0	300.0	1401.5463775045819	0.0	0	789.7656142852866	1601.5463775045791	1	0	2	-0.3641546377504588
49200.0	300.0	1301.5463775045787	0.0	0	860.1902084103931	1501.5463775045646	1	0	2	-0.35415463775045725
50200.0	300.0	1201.546377504579	0.0	0	899.0501846391126	1401.5463775045646	1	0	2	-0.3441546377504567
51200.0	500.0	1201.546377504572	0.0	0	773.8323894717541	1401.5463775045646	1	0	1	-0.3401546377504565
52200.0	500.0	1201.5463775045707	0.0	0	775.1929049164391	1401.5463775045573	1	0	1	0.370670986015535
53200.0	500.0	1201.5463775045737	0.0	0	680.2509315822681	1401.5463775045573	1	0	1	0.370670986015535
54200.0	1000.0	1201.5463775045746	0.0	0	678.7561183527578	1401.5463775045573	1	0	1	0.37067098601553505
55200.0	1000.0	1201.5463775045748	0.0	0	583.529757719647	1401.5463775045573	1	0	1	1.0638181665754805
56200.0	1000.0	1201.5463775045773	0.0	0	683.8452440542096	1401.5463775045646	1	0	1	1.0638181665754798
57200.0	1000.0	1201.5463775045746	0.0	0	652.1369974144109	1401.5463775045646	1	0	1	1.0638181665754798
58200.0	2000.0	1201.5463775045728	0.0	0	412.4454292646187	1401.5463775045646	1	0	1	1.0638181665754798
59200.0	2000.0	1201.5463775045712	0.0	0	283.4026772260695	1401.5463775045646	1	0	1	1.756965347135425
60200.0	2000.0	1201.546377504573	0.0	0	484.5178329700939	1401.5463775045646	1	0	1	1.756965347135425
61200.0	2000.0	1201.5463775045698	0.0	0	547.7416413956598	1401.5463775045646	1	0	1	1.756965347135425
62200.0	2000.0	1201.5463775045641	0.0	0	295.42027575282555	1401.5463775045573	1	0	1	1.7569653471354254
63200.0	2000.0	1201.5463775045644	0.0	0	327.4324284527902	1401.5463775045573	1	0	1	1.7569653471354254
64217.15544858854	2000.0	1184.3909289160256	0.0	0	0.0	1401.5463775045646	1	0	1	1.756965347135425
65345.679737814535	2000.0	1055.8666396900235	0.0	0	0.0	1401.5463775045573	1	0	1	1.7569653471354254
66200.0	2000.0	1201.5463775045564	0.0	0	153.88323931826744	1401.54637750455	1	0	1	1.7569653471354263
67200.0	2000.0	1201.5463775045534	0.0	0	478.83938366246	1401.5463775045355	1	0	1	1.7569653471354263
68200.0	2000.0	1201.5463775045514	0.0	0	555.1089055958437	1401.54637750455	1	0	1	1.7569653471354263
69200.0	2000.0	1201.5463775045712	0.0	0	524.1291727958596	1401.54637750455	1	0	1	1.7569653471354263
70212.73390127186	2000.0	1188.8124762327166	0.0	0	0.0	1401.54637750455	1	0	1	1.7569653471354263
71200.0	2000.0	1201.5463775045798	0.0	0	84.37243535721791	1401.54637750455	1	0	1	1.7569653471354263
72200.0	2000.0	1201.5463775045798	0.0	0	98.11591133725597	1401.54637750455	1	0	1	1.7569653471354263
73200.0	2000.0	1201.5463775045694	0.0	0	84.10967374079337	1401.54637750455	1	0	1	1.7569653471354263
74200.0	2000.0	1201.5463775045835	0.0	0	258.977207700038	1401.54637750455	1	0	1	1.7569653471354263
75200.0	2000.0	1201.5463775045953	0.0	0	443.9635629396944	1401.5463775045646	1	0	1	1.756965347135425
76200.0	2000.0	1201.5463775046203	0.0	0	325.8419571164559	1401.5463775045646	1	0	1	1.756965347135425
77315.99691114313	2000.0	1085.5494663615023	0.0	0	0.0	1401.5463775045646	1	0	1	1.756965347135425
78200.0	2000.0	1201.5463775046326	0.0	0	80.20251152862329	1401.5463775045646	1	0	1	1.756965347135425
79200.0	2000.0	1201.5463775046558	0.0	0	168.3963620200666	1401.5463775045646	1	0	1	1.756965347135425
80200.0	2000.0	1201.5463775046492	0.0	0	581.327488447947	1401.5463775045646	1	0	1	1.756965347135425
81200.0	2000.0	1201.5463775046655	0.0	0	529.398437283875	1401.5463775045646	1	0	1	1.756965347135425
82200.0	2000.0	1201.546377504667	0.0	0	526.0124543870334	1401.5463775045646	1	0	1	1.756965347135425
83200.0	2000.0	1201.5463775046744	0.0	0	429.06528131110827	1401.5463775045646	1	0	1	1.756965347135425
84200.0	2000.0	1201.54637750467	0.0	0	395.9409920978651	1401.5463775045646	1	0	1	1.756965347135425
85200.0	2000.0	1201.5463775046587	0.0	0	580.2825919937313	1401.5463775045646	1	0	1	1.756965347135425
86200.0	2000.0	1201.546377504659	0.0	0	581.7131306701922	1401.5463775045646	1	0	1	1.756965347135425
87200.0	2000.0	1201.5463775046455	0.0	0	326.8094520477025	1401.5463775045646	1	0	1	1.756965347135425
88200.0	3000.0	1201.5463775046562	0.0	0	385.4574994360737	1401.5463775045791	1	0	1	1.7569653471354236
89341.19379823627	3000.0	1060.35257926838	0.0	0	0.0	1401.5463775045791	1	0	1	2.1624304552435882
90557.75014896014	3000.0	843.796228544514	0.0	0	0.0	1401.5463775045791	1	0	1	2.1624304552435882
91716.59562825496	3000.0	684.9507492496899	0.0	0	0.0	1401.5463775045791	1	0	1	2.1624304552435882
92702.57297132332	3000.0	698.9734061813364	0.0	0	0.0	1401.5463775045791	1	0	1	2.1624304552435882
93836.81102157354	3000.0	564.73535593112	0.0	0	0.0	1401.5463775045791	1	0	1	2.1624304552435882
94577.29239938664	3000.0	824.2539781180263	0.0	0	0.0	1401.5463775045791	1	0	1	2.1624304552435882
95216.81704427558	3000.0	1184.7293332290933	0.0	0	0.0	1401.5463775045791	1	0	1	2.1624304552435882
96200.0	3000.0	1201.5463775046865	0.0	0	18.41824714768154	1401.5463775045791	1	0	1	2.1624304552435882
97200.0	2000.0	1201.5463775047115	0.0	0	210.14460545817565	1401.5463775045937	1	0	1	1.3515002390272572
98200.0	2000.0	1201.5463775047158	0.0	0	379.8201129343506	1401.5463775045937	1	0	1	1.7569653471354219
99200.0	2000.0	1201.5463775047244	0.0	0	402.8161192249536	1401.5463775046082	1	0	1	1.7569653471354205
100200.0	2000.0	1201.5463775047233	0.0	0	91.18212351508555	1401.5463775046082	1	0	1	1.7569653471354205
101200.0	2000.0	1201.546377504734	0.0	0	192.15582668995194	1401.5463775046082	1	0	1	1.7569653471354205
102200.0	2000.0	1201.546377504741	0.0	0	416.3191158616246	1401.5463775046082	1	0	1	1.7569653471354205
103200.0	2000.0	1201.546377504742	0.0	0	476.86852898092184	1401.5463775046082	1	0	1	1.7569653471354205
104200.0	2000.0	1201.5463775047563	0.0	0	707.3412697559834	1401.5463775046228	1	0	1	1.7569653471354192
105200.0	2000.0	1201.5463775047624	0.0	0	660.8619080440694	1401.5463775046373	1	0	1	1.7569653471354176
106200.0	2000.0	1201.5463775047538	0.0	0	487.1936991568946	1401.5463775046373	1	0	1	1.7569653471354176
107200.0	2000.0	1201.5463775047374	0.0	0	432.2478583560005	1401.5463775046228	1	0	1	1.7569653471354192
108200.0	2000.0	1201.546377504734	0.0	0	334.52379226181074	1401.5463775046228	1	0	1	1.7569653471354192
109200.0	3000.0	1201.546377504731	0.0	0	213.1676727906306	1401.5463775046228	1	0	1	1.7569653471354192
110200.0	3000.0	1201.5463775047317	0.0	0	200.36195819903514	1401.5463775046228	1	0	1	2.162430455243584
111200.0	3000.0	1201.546377504721	0.0	0	271.95970728264365	1401.5463775046228	1	0	1	2.162430455243584
112200.0	3000.0	1201.546377504719	0.0	0	61.93275035575789	1401.5463775046082	1	0	1	2.162430455243585
113431.63688771354	3000.0	969.9094897911847	0.0	0	0.0	1401.5463775046082	1	0	1	2.162430455243585
114391.51704280794	3000.0	1010.0293346967836	0.0	0	0.0	1401.5463775046082	1	0	1	2.162430455243585
115200.0	3000.0	1201.5463775047442	0.0	0	5.846264832493034	1401.5463775046082	1	0	1	2.162430455243585
116256.77517616446	3000.0	1144.7712013402731	0.0	0	0.0	1401.5463775045937	1	0	1	2.1624304552435865
117200.0	3000.0	1201.546377504722	0.0	0	293.30837318650447	1401.5463775045937	1	0	1	2.1624304552435865
118200.0	3000.0	1201.546377504738	0.0	0	103.44656616657448	1401.5463775045937	1	0	1	2.1624304552435865
119200.0	2000.0	1201.5463775047424	0.0	0	246.7950200762716	1401.5463775045937	1	0	1	1.3515002390272572
120200.0	2000.0	1201.5463775047403	0.0	0	117.18174562286003	1401.5463775045937	1	0	1	1.7569653471354219
121200.0	2000.0	1201.5463775047374	0.0	0	196.36581899436715	1401.5463775045937	1	0	1	1.7569653471354219
122200.0	2000.0	1201.5463775047483	0.0	0	371.0336554589885	1401.5463775045937	1	0	1	1.7569653471354219
123200.0	2000.0	1201.5463775047472	0.0	0	399.16856635536533	1401.5463775045937	1	0	1	1.7569653471354219
124200.0	2000.0	1201.5463775047567	0.0	0	548.3675285395293	1401.5463775045937	1	0	1	1.7569653471354219
125200.0	2000.0	1201.5463775047372	0.0	0	477.10304140561493	1401.5463775045937	1	0	1	1.7569653471354219
126427.08202195281	2000.0	974.4643555519365	0.0	0	0.0	1401.5463775045937	1	0	1	1.7569653471354219
127286.81201629249	2000.0	1114.7343612122804	0.0	0	0.0	1401.5463775046082	1	0	1	1.7569653471354205
128232.91647305975	2000.0	1168.629904445019	0.0	0	0.0	1401.5463775045937	1	0	1	1.7569653471354219
129388.39734703394	2000.0	1013.149030470825	0.0	0	0.0	1401.5463775045937	1	0	1	1.7569653471354219
130251.33683936628	2000.0	1150.209538138498	0.0	0	0.0	1401.5463775045937	1	0	1	1.7569653471354219
131392.20065068227	2000.0	1009.3457268225295	0.0	0	0.0	1401.5463775046082	1	0	1	1.7569653471354216
132200.0	1000.0	1201.5463775047804	0.0	0	194.3811006982287	1401.5463775045791	1	0	1	0.3706709860155325
133200.0	1000.0	1201.5463775047922	0.0	0	498.9207147760317	1401.5463775045937	1	0	1	1.063818166575477
134200.0	1000.0	1201.5463775047726	0.0	0	95.03227456472814	1401.5463775045646	1	0	1	1.0638181665754798
135200.0	1000.0	1201.5463775047742	0.0	0	323.83752859782544	1401.5463775045937	1	0	1	1.063818166575477
136200.0	1000.0	1201.5463775047738	0.0	0	563.1749845049635	1401.5463775045937	1	0	1	1.063818166575477
137200.0	1000.0	1201.5463775047256	0.0	0	664.964851856872	1401.5463775045937	1	0	1	1.063818166575477
138200.0	1000.0	1201.5463775047447	0.0	0	527.4321534362098	1401.5463775045937	1	0	1	1.063818166575477
139200.0	1000.0	1201.5463775047351	0.0	0	509.58176219882444	1401.5463775045937	1	0	1	1.063818166575477
140200.0	1000.0	1201.5463775047372	0.0	0	666.5282549310359	1401.5463775045937	1	0	1	1.063818166575477
141200.0	1000.0	1201.5463775047501	0.0	0	772.7029430831608	1401.5463775045937	1	0	1	1.063818166575477
142200.0	1000.0	1201.546377504771	0.0	0	737.7799662039615	1401.5463775045937	1	0	1	1.063818166575477
143200.0	1000.0	1201.5463775047679	0.0	0	713.4004636112659	1401.5463775045937	1	0	1	1.063818166575477
144200.0	1000.0	1201.5463775047745	0.0	0	581.4698106929136	1401.5463775045937	1	0	1	1.063818166575477
145200.0	2000.0	1201.5463775047904	0.0	0	416.43578649306437	1401.5463775045937	1	0	1	1.0638181665754767
146200.0	2000.0	1201.5463775047851	0.0	0	141.5895773289085	1401.5463775045937	1	0	1	1.7569653471354219
147200.0	2000.0	1201.5463775047485	0.0	0	436.0000415252871	1401.5463775045646	1	0	1	1.756965347135425
148200.0	2000.0	1201.5463775047615	0.0	0	467.6644589014177	1401.5463775045355	1	0	1	1.7569653471354276
149200.0	2000.0	1201.5463775047858	0.0	0	388.2032201665279	1401.5463775045355	1	0	1	1.7569653471354276
150200.0	2000.0	1201.546377504774	0.0	0	295.916225708439	1401.5463775045355	1	0	1	1.7569653471354276
151200.0	2000.0	1201.5463775047845	0.0	0	35.539788641093764	1401.5463775045355	1	0	1	1.7569653471354276
152200.0	2000.0	1201.5463775047715	0.0	0	258.1493737794808	1401.5463775045355	1	0	1	1.7569653471354276
153200.0	2000.0	1201.5463775047522	0.0	0	351.19435850626905	1401.5463775045355	1	0	1	1.7569653471354276
154200.0	2000.0	1201.5463775047301	0.0	0	330.49508236316615	1401.5463775045064	1	0	1	1.7569653471354307
155200.0	2000.0	1201.5463775047265	0.0	0	381.46432875382015	1401.5463775045064	1	0	1	1.7569653471354307
156200.0	2000.0	1201.5463775047683	0.0	0	347.31611166440416	1401.5463775045064	1	0	1	1.7569653471354307
157200.0	2000.0	1201.5463775047854	0.0	0	477.4136619955243	1401.5463775045355	1	0	1	1.7569653471354276
158200.0	2000.0	1201.5463775047776	0.0	0	460.59174883231753	1401.5463775045355	1	0	1	1.7569653471354276
159545.00718955832	2000.0	856.5391879464321	0.0	0	0.0	1401.5463775045064	1	0	1	1.7569653471354283
160595.85178675532	2000.0	805.6945907494253	0.0	0	0.0	1401.5463775045355	1	0	1	1.75696534713543
161550.0400113726	2000.0	851.5063661321769	0.0	0	0.0	1401.5463775045646	1	0	1	1.7569653471354272
162200.0	2000.0	1201.546377504736	0.0	0	142.97809836646775	1401.5463775045646	1	0	1	1.756965347135425
163200.0	2000.0	1201.5463775047267	0.0	0	375.06888068959233	1401.5463775045646	1	0	1	1.756965347135425
164200.0	2000.0	1201.5463775047235	0.0	0	437.0896281556343	1401.5463775045355	1	0	1	1.756965347135427
165200.0	2000.0	1201.5463775047117	0.0	0	660.149948682054	1401.5463775045064	1	0	1	1.7569653471354307
166200.0	2000.0	1201.5463775047178	0.0	0	616.4053022270673	1401.5463775045064	1	0	1	1.7569653471354307
167200.0	2000.0	1201.5463775047556	0.0	0	558.039500727522	1401.5463775045064	1	0	1	1.7569653471354307
168200.0	2000.0	1201.5463775047638	0.0	0	269.3173162739258	1401.5463775045064	1	0	1	1.7569653471354307
169200.0	2000.0	1201.5463775047792	0.0	0	600.3292301943875	1401.5463775045064	1	0	1	1.7569653471354307
170200.0	2000.0	1201.5463775047533	0.0	0	359.27052867400926	1401.5463775045064	1	0	1	1.7569653471354307
171200.0	3000.0	1201.54637750474	0.0	0	188.70583878725301	1401.5463775045064	1	0	1	1.756965347135431
172536.97872808806	3000.0	864.5676494166535	0.0	0	0.0	1401.5463775045355	1	0	1	2.1624304552435927
173253.56999512608	2000.0	1147.9763823786382	0.0	0	0.0	1401.5463775045355	1	0	1	1.351500239027263
174200.0	2000.0	1201.5463775047222	0.0	0	383.8076913629193	1401.5463775045355	1	0	1	1.7569653471354276
175200.0	2000.0	1201.5463775047235	0.0	0	542.4309574205254	1401.5463775045355	1	0	1	1.7569653471354276
176200.0	2000.0	1201.5463775047353	0.0	0	607.6513854893565	1401.5463775045064	1	0	1	1.7569653471354307
177200.0	2000.0	1201.54637750475	0.0	0	528.9121112857538	1401.5463775045064	1	0	1	1.7569653471354307
178200.0	2000.0	1201.546377504747	0.0	0	278.9500334375771	1401.5463775045064	1	0	1	1.7569653471354307
179200.0	2000.0	1201.5463775047374	0.0	0	117.9779067489726	1401.5463775045064	1	0	1	1.7569653471354307
180200.0	2000.0	1201.546377504723	0.0	0	54.2116282095958	1401.5463775045355	1	0	1	1.7569653471354276
181200.0	2000.0	1201.5463775047187	0.0	0	273.8828344080248	1401.5463775045355	1	0	1	1.7569653471354276
182200.0	2000.0	1201.546377504747	0.0	0	295.8605680790206	1401.5463775045355	1	0	1	1.7569653471354276
183200.0	2000.0	1201.5463775047406	0.0	0	267.6317333817133	1401.5463775045064	1	0	1	1.7569653471354307
184200.0	2000.0	1201.5463775047458	0.0	0	396.46354711736785	1401.5463775045064	1	0	1	1.7569653471354307
185200.0	2000.0	1201.54637750472	0.0	0	109.39594118593959	1401.5463775045064	1	0	1	1.7569653471354307
186200.0	2000.0	1201.5463775047376	0.0	0	443.0109160603315	1401.5463775045064	1	0	1	1.7569653471354307
187200.0	2000.0	1201.5463775047015	0.0	0	521.6466262946196	1401.5463775044773	1	0	1	1.7569653471354334
188200.0	2000.0	1201.5463775046753	0.0	0	217.80247888079612	1401.5463775044482	1	0	1	1.7569653471354365
189200.0	2000.0	1201.5463775046878	0.0	0	139.43690150859766	1401.5463775044482	1	0	1	1.7569653471354365
190200.0	2000.0	1201.5463775046837	0.0	0	464.92150949381175	1401.5463775044482	1	0	1	1.7569653471354365
191200.0	2000.0	1201.54637750471	0.0	0	387.81857779136044	1401.5463775044773	1	0	1	1.7569653471354334
192307.13278976543	2000.0	1094.4135877392798	0.0	0	0.0	1401.5463775044482	1	0	1	1.7569653471354365
193200.0	2000.0	1201.546377504731	0.0	0	175.43607703153975	1401.5463775044482	1	0	1	1.7569653471354365
194200.0	2000.0	1201.5463775047406	0.0	0	184.20677748904563	1401.5463775044482	1	0	1	1.7569653471354365
195200.0	2000.0	1201.546377504738	0.0	0	126.73583830939606	1401.546377504419	1	0	1	1.7569653471354394
196200.0	2000.0	1201.5463775047238	0.0	0	223.12535513655166	1401.54637750439	1	0	1	1.7569653471354423
197203.42121702476	2000.0	1198.1251604799304	0.0	0	0.0	1401.5463775043609	1	0	1	1.7569653471354452
198200.0	2000.0	1201.5463775046971	0.0	0	342.26234704922535	1401.5463775043609	1	0	1	1.7569653471354452
199200.0	2000.0	1201.5463775046837	0.0	0	429.3447801193397	1401.5463775043609	1	0	1	1.7569653471354452
200200.0	2000.0	1201.5463775047003	0.0	0	165.39386564286542	1401.54637750439	1	0	1	1.7569653471354423
201230.44570851745	2000.0	1171.1006689872647	0.0	0	0.0	1401.54637750439	1	0	1	1.7569653471354423
202312.71146859	2000.0	1088.8349089147328	0.0	0	0.0	1401.546377504419	1	0	1	1.7569653471354394
203200.0	2000.0	1201.5463775047183	0.0	0	360.76549977605464	1401.546377504419	1	0	1	1.7569653471354394
204200.0	2000.0	1201.546377504679	0.0	0	373.3538153634581	1401.546377504419	1	0	1	1.7569653471354394
205200.0	2000.0	1201.5463775046935	0.0	0	343.98227562141255	1401.546377504419	1	0	1	1.7569653471354394
206200.0	2000.0	1201.5463775046896	0.0	0	367.60913367409375	1401.546377504419	1	0	1	1.7569653471354394
207200.0	2000.0	1201.5463775047094	0.0	0	380.6307217639405	1401.5463775044482	1	0	1	1.7569653471354365
208200.0	2000.0	1201.5463775047072	0.0	0	304.14657434649416	1401.5463775044773	1	0	1	1.7569653471354338
209200.0	2000.0	1201.546377504721	0.0	0	303.3547173019906	1401.5463775044482	1	0	1	1.7569653471354365
210200.0	2000.0	1201.546377504732	0.0	0	412.13142490322934	1401.5463775044482	1	0	1	1.7569653471354365
211200.0	2000.0	1201.546377504731	0.0	0	400.5115449934383	1401.5463775044482	1	0	1	1.7569653471354365
212200.0	2000.0	1201.5463775047197	0.0	0	89.62574796774425	1401.546377504419	1	0	1	1.7569653471354394
213200.0	2000.0	1201.5463775047485	0.0	0	98.00014144647866	1401.5463775044482	1	0	1	1.7569653471354365
214243.18882163387	2000.0	1158.3575558708897	0.0	0	0.0	1401.5463775044482	1	0	1	1.7569653471354365
215200.0	2000.0	1201.546377504762	0.0	0	67.92432911976357	1401.5463775044482	1	0	1	1.7569653471354365
216200.0	2000.0	1201.546377504758	0.0	0	303.6785323538934	1401.5463775044482	1	0	1	1.7569653471354365
217200.0	2000.0	1201.546377504768	0.0	0	581.0840214444615	1401.5463775044482	1	0	1	1.7569653471354365
218200.0	2000.0	1201.5463775047888	0.0	0	507.3547979152645	1401.5463775044482	1	0	1	1.7569653471354365
219605.21289027255	2000.0	796.3334872322407	0.0	0	0.0	1401.5463775044482	1	0	1	1.7569653471354365
220305.75327554785	2000.0	1095.7931019569241	0.0	0	0.0	1401.5463775044482	1	0	1	1.7569653471354365
221200.0	2000.0	1201.5463775047751	0.0	0	358.1003441650828	1401.5463775044773	1	0	1	1.7569653471354334
222200.0	2000.0	1201.5463775047788	0.0	0	205.5624153361423	1401.5463775044773	1	0	1	1.7569653471354334
223200.0	2000.0	1201.5463775047936	0.0	0	293.66721432615304	1401.5463775045064	1	0	1	1.7569653471354307
224200.0	2000.0	1201.5463775048058	0.0	0	329.7516275977541	1401.5463775045355	1	0	1	1.7569653471354276
225200.0	2000.0	1201.5463775048102	0.0	0	462.1278292031202	1401.5463775045355	1	0	1	1.7569653471354276
226200.0	2000.0	1201.5463775047942	0.0	0	174.10590037191287	1401.5463775045355	1	0	1	1.7569653471354276
227309.69130801107	2000.0	1091.85506949376	0.0	0	0.0	1401.5463775045355	1	0	1	1.7569653471354276
228200.0	2000.0	1201.5463775048386	0.0	0	95.71040124091087	1401.5463775045355	1	0	1	1.7569653471354276
229200.0	2000.0	1201.5463775048459	0.0	0	570.4900914989703	1401.5463775045355	1	0	1	1.7569653471354276
230200.0	2000.0	1201.5463775048827	0.0	0	583.4432042803965	1401.5463775045646	1	0	1	1.756965347135425
231200.0	2000.0	1201.546377504874	0.0	0	568.9535015659931	1401.5463775045646	1	0	1	1.756965347135425
232200.0	2000.0	1201.5463775048695	0.0	0	368.51234663804644	1401.5463775045937	1	0	1	1.7569653471354225
233200.0	2000.0	1201.5463775048659	0.0	0	425.0335395737202	1401.5463775045937	1	0	1	1.7569653471354219
234200.0	2000.0	1201.5463775048847	0.0	0	632.2548322952644	1401.5463775046228	1	0	1	1.7569653471354192
235200.0	2000.0	1201.5463775048895	0.0	0	583.054468839895	1401.5463775046228	1	0	1	1.7569653471354192
236200.0	2000.0	1201.5463775048875	0.0	0	420.8706269595423	1401.5463775045937	1	0	1	1.7569653471354214
237200.0	3000.0	1201.5463775049088	0.0	0	372.55718976591015	1401.5463775045937	1	0	1	1.756965347135422
238200.0	3000.0	1201.5463775049086	0.0	0	165.29831642328645	1401.5463775045937	1	0	1	2.1624304552435865
239387.37112628136	3000.0	1014.1752512235773	0.0	0	0.0	1401.5463775045937	1	0	1	2.1624304552435865
240275.94777271216	3000.0	1125.5986047927772	0.0	0	0.0	1401.5463775046228	1	0	1	2.162430455243584
241287.43313260138	3000.0	1114.1132449035606	0.0	0	0.0	1401.5463775046228	1	0	1	2.162430455243584
242200.0	3000.0	1201.5463775049477	0.0	0	48.48153305571759	1401.5463775046228	1	0	1	2.162430455243584
243200.0	2000.0	1201.5463775049611	0.0	0	272.3051473716332	1401.5463775046228	1	0	1	1.3515002390272546
244200.0	2000.0	1201.546377504977	0.0	0	544.2973444036033	1401.5463775046228	1	0	1	1.7569653471354192
245200.0	2000.0	1201.54637750495	0.0	0	451.16062246772344	1401.5463775046228	1	0	1	1.7569653471354192
246200.0	2000.0	1201.5463775049884	0.0	0	236.20257709998987	1401.546377504652	1	0	1	1.756965347135416
247200.0	2000.0	1201.5463775050184	0.0	0	337.5495573616645	1401.546377504681	1	0	1	1.7569653471354132
248200.0	2000.0	1201.5463775050227	0.0	0	528.2793255787401	1401.54637750471	1	0	1	1.7569653471354103
249200.0	2000.0	1201.5463775050166	0.0	0	147.65456391035696	1401.54637750471	1	0	1	1.7569653471354103
250200.0	2000.0	1201.5463775050214	0.0	0	48.70209417908336	1401.5463775047392	1	0	1	1.7569653471354074
251200.0	2000.0	1201.5463775050023	0.0	0	281.5396928669361	1401.5463775047392	1	0	1	1.7569653471354074
252200.0	2000.0	1201.5463775049855	0.0	0	531.6234829995665	1401.5463775047392	1	0	1	1.7569653471354074
253200.0	2000.0	1201.546377504977	0.0	0	632.4257566319429	1401.54637750471	1	0	1	1.7569653471354103
254200.0	2000.0	1201.546377505003	0.0	0	708.3140726898564	1401.54637750471	1	0	1	1.7569653471354103
255200.0	2000.0	1201.5463775049814	0.0	0	658.3569653131126	1401.54637750471	1	0	1	1.7569653471354103
256200.0	2000.0	1201.5463775049934	0.0	0	365.93878144884366	1401.546377504681	1	0	1	1.7569653471354132
257200.0	3000.0	1201.5463775050234	0.0	0	73.80291043058969	1401.546377504681	1	0	1	1.7569653471354134
258200.0	3000.0	1201.5463775050484	0.0	0	109.19050975926802	1401.546377504681	1	0	1	2.162430455243578
259200.0	3000.0	1201.5463775050473	0.0	0	165.24301339458907	1401.546377504681	1	0	1	2.162430455243578
260200.0	3000.0	1201.5463775050246	0.0	0	144.42315239581512	1401.546377504681	1	0	1	2.162430455243578
261237.89430889406	3000.0	1163.6520686109382	0.0	0	0.0	1401.546377504681	1	0	1	2.162430455243578
262200.0	3000.0	1201.5463775050114	0.0	0	37.29803140135482	1401.5463775047392	1	0	1	2.1624304552435745
263308.8863573711	3000.0	1092.6600201339702	0.0	0	0.0	1401.5463775048265	1	0	1	2.162430455243566
264200.0	3000.0	1201.5463775050493	0.0	0	68.71078069903888	1401.5463775048265	1	0	1	2.1624304552435634
265200.0	3000.0	1201.5463775050366	0.0	0	268.37561756087234	1401.5463775048265	1	0	1	2.1624304552435634
266227.04685064923	3000.0	1174.4995268557561	0.0	0	0.0	1401.5463775048265	1	0	1	2.1624304552435634
267200.0	3000.0	1201.5463775050493	0.0	0	85.36640254291706	1401.5463775048265	1	0	1	2.1624304552435634
268200.0	2000.0	1201.5463775051107	0.0	0	282.6208683481673	1401.5463775048265	1	0	1	1.351500239027234
269200.0	2000.0	1201.54637750509	0.0	0	37.33527239860268	1401.5463775048265	1	0	1	1.7569653471353985
270200.0	2000.0	1201.5463775050796	0.0	0	104.49867485224968	1401.5463775048265	1	0	1	1.7569653471353985
271200.0	2000.0	1201.5463775050534	0.0	0	99.19802039582282	1401.5463775048265	1	0	1	1.7569653471353985
272200.0	2000.0	1201.5463775050755	0.0	0	503.8837635698728	1401.5463775048265	1	0	1	1.7569653471353985
273200.0	2000.0	1201.5463775050102	0.0	0	389.30626515840413	1401.5463775048265	1	0	1	1.7569653471353985
274200.0	2000.0	1201.5463775049748	0.0	0	458.15046842215816	1401.5463775048265	1	0	1	1.7569653471353985
275414.4880484886	2000.0	987.0583290163215	0.0	0	0.0	1401.5463775048847	1	0	1	1.756965347135393
276200.0	2000.0	1201.5463775049645	0.0	0	220.78371772548417	1401.5463775048847	1	0	1	1.756965347135393
277283.9031000643	2000.0	1117.643277440639	0.0	0	0.0	1401.5463775048847	1	0	1	1.756965347135393
278576.1654682726	2000.0	825.3809092323921	0.0	0	0.0	1401.5463775048265	1	0	1	1.7569653471353985
279223.0446714985	2000.0	1178.5017060064877	0.0	0	0.0	1401.5463775047683	1	0	1	1.7569653471354043
280200.0	2000.0	1201.5463775049748	0.0	0	29.43206475826446	1401.5463775047683	1	0	1	1.7569653471354043
281200.0	1000.0	1201.5463775049602	0.0	0	388.8231793746236	1401.5463775048265	1	0	1	0.3706709860155084
282200.0	1000.0	1201.5463775049454	0.0	0	215.77639025641838	1401.5463775048265	1	0	1	1.0638181665754536
283200.0	1000.0	1201.5463775049034	0.0	0	456.808362878568	1401.5463775048265	1	0	1	1.0638181665754536
284200.0	1000.0	1201.546377504847	0.0	0	210.14723850786686	1401.5463775048265	1	0	1	1.0638181665754536
285200.0	1000.0	1201.5463775048836	0.0	0	632.0125330237788	1401.5463775048265	1	0	1	1.0638181665754536
286200.0	1000.0	1201.5463775048365	0.0	0	670.4002491880674	1401.5463775048265	1	0	1	1.0638181665754536
287200.0	1000.0	1201.5463775049252	0.0	0	553.327355886926	1401.5463775048265	1	0	1	1.0638181665754536
288200.0	1000.0	1201.5463775049259	0.0	0	562.997819586948	1401.5463775048265	1	0	1	1.0638181665754536
289200.0	1000.0	1201.546377504951	0.0	0	760.6085198358633	1401.5463775048265	1	0	1	1.0638181665754536
290200.0	1000.0	1201.5463775049186	0.0	0	799.4888147824677	1401.5463775047683	1	0	1	1.0638181665754594
291200.0	1000.0	1201.5463775048624	0.0	0	718.8224203382852	1401.54637750471	1	0	1	1.0638181665754651
292200.0	1000.0	1201.5463775049136	0.0	0	565.4948994995211	1401.54637750471	1	0	1	1.0638181665754651
293200.0	1000.0	1201.5463775049034	0.0	0	710.7320723286248	1401.54637750471	1	0	1	1.0638181665754651
294200.0	2000.0	1201.5463775048786	0.0	0	364.26998187514255	1401.546377504652	1	0	1	1.063818166575471
295200.0	2000.0	1201.5463775048675	0.0	0	183.71799105696846	1401.546377504652	1	0	1	1.756965347135416
296200.0	2000.0	1201.546377504922	0.0	0	203.7069381911424	1401.54637750471	1	0	1	1.7569653471354103
297200.0	2000.0	1201.5463775049132	0.0	0	167.9654658618383	1401.546377504652	1	0	1	1.756965347135416
298200.0	2000.0	1201.5463775049477	0.0	0	166.89119673112873	1401.546377504652	1	0	1	1.756965347135416
299200.0	2000.0	1201.54637750495	0.0	0	149.55531928379787	1401.546377504652	1	0	1	1.756965347135416
300200.0	2000.0	1201.5463775049159	0.0	0	246.00186261656927	1401.54637750471	1	0	1	1.7569653471354103
2.97	3.96	4.54	2.27	1.41	2.22	2.68	3.93	4.48	5.26	5.55	6.0	2.93	3.72	4.15	3.2	2.81	2.4	3.68	4.97	5.83	4.26	4.63	2.66	2.65	2.31	2.58	3.86	3.67	2.83	3.02	3.06	3.96	3.32	3.12	3.28	2.87	2.31	2.97	3.22	2.56	1.59	2.56	3.31	4.27	2.34	1.88	2.68	3.44	2.63	3.15	3.59	2.69	2.94	4.11	4.01	3.14	2.27	2.33	2.2	2.8	4.05	4.12	3.31	1.45	2.58	3.01	2.06	3.13	4.17	2.36	2.15	2.5	3.38	4.63	5.88	5.4	3.44	4.17	4.99	3.6	4.33	3.71	3.34	2.66	3.19	3.65	2.9	4.15	4.82	2.49	3.09	3.74	3.93	2.13	3.3	4.51	5.78	6.75	7.23	3.42	4.04	4.33	4.12	4.46	3.75	2.37	3.58	3.74	2.97	3.89	3.83	3.36	2.4	2.62	2.61	3.28	3.39	4.56	2.63	1.92	3.08	2.2	1.89	2.56	1.81	1.69	1.62	1.27	2.06	2.28	3.04	2.33	3.7	4.67	4.65	3.16	3.34	3.38	3.1	2.84	3.2	3.46	2.41	2.27	2.25	3.48	2.63	3.2	4.16	2.97	3.96	4.54	2.27	1.41	2.22	2.68	3.93	4.48	5.26	5.55	6.0	2.93	3.72	4.15	3.2	2.81	2.4	3.68	4.97	5.83	4.26	4.63	2.66	2.65	2.31	2.58	3.86	3.67	2.83	3.02	3.06	3.96	3.32	3.12	3.28	2.87	2.31	2.97	3.22	2.56	1.59	2.56	3.31	4.27	2.34	1.88	2.68	3.44	2.63	3.15	3.59	2.69	2.94	4.11	4.01	3.14	2.27	2.33	2.2	2.8	4.05	4.12	3.31	1.45	2.58	3.01	2.06	3.13	4.17	2.36	2.15	2.5	3.38	4.63	5.88	5.4	3.44	4.17	4.99	3.6	4.33	3.71	3.34	2.66	3.19	3.65	2.9	4.15	4.82	2.49	3.09	3.74	3.93	2.13	3.3	4.51	5.78	6.75	7.23	3.42	4.04	4.33	4.12	4.46	3.75	2.37	3.58	3.74	2.97	3.89	3.83	3.36	2.4	2.62	2.61	3.28	3.39	4.56	2.63	1.92	3.08	2.2	1.89	2.56	1.81	1.69	1.62	1.27	2.06	2.28	3.04	2.33	3.7	4.67	4.65	3.16	3.34	3.38	3.1	2.84	3.2	3.46	2.41	2.27	2.25	3.48
1.0	2.0	3.0	4.0	5.0	6.0	7.0	8.0	9.0	10.0	11.0	12.0	13.0	14.0	15.0	16.0	17.0	18.0	19.0	20.0	21.0	22.0	23.0	24.0	25.0	26.0	27.0	28.0	29.0	30.0	31.0	32.0	33.0	34.0	35.0	36.0	37.0	38.0	39.0	40.0	41.0	42.0	43.0	44.0	45.0	46.0	47.0	48.0	49.0	50.0	51.0	52.0	53.0	54.0	55.0	56.0	57.0	58.0	59.0	60.0	61.0	62.0	63.0	64.0	65.0	66.0	67.0	68.0	69.0	70.0	71.0	72.0	73.0	74.0	75.0	76.0	77.0	78.0	79.0	80.0	81.0	82.0	83.0	84.0	85.0	86.0	87.0	88.0	89.0	90.0	91.0	92.0	93.0	94.0	95.0	96.0	97.0	98.0	99.0	100.0	101.0	102.0	103.0	104.0	105.0	106.0	107.0	108.0	109.0	110.0	111.0	112.0	113.0	114.0	115.0	116.0	117.0	118.0	119.0	120.0	121.0	122.0	123.0	124.0	125.0	126.0	127.0	128.0	129.0	130.0	131.0	132.0	133.0	134.0	135.0	136.0	137.0	138.0	139.0	140.0	141.0	142.0	143.0	144.0	145.0	146.0	147.0	148.0	149.0	149.0	150.0	151.0	152.0	153.0	154.0	155.0	156.0	157.0	158.0	159.0	160.0	161.0	162.0	163.0	164.0	165.0	166.0	167.0	168.0	169.0	170.0	171.0	172.0	173.0	174.0	175.0	176.0	177.0	178.0	179.0	180.0	181.0	182.0	183.0	184.0	185.0	186.0	187.0	188.0	189.0	190.0	191.0	192.0	193.0	194.0	195.0	196.0	197.0	198.0	199.0	200.0	201.0	202.0	203.0	204.0	205.0	206.0	207.0	208.0	209.0	210.0	211.0	212.0	213.0	214.0	215.0	216.0	217.0	218.0	219.0	220.0	221.0	222.0	223.0	224.0	225.0	226.0	227.0	228.0	229.0	230.0	231.0	232.0	233.0	234.0	235.0	236.0	237.0	238.0	239.0	240.0	241.0	242.0	243.0	244.0	245.0	246.0	247.0	248.0	249.0	250.0	251.0	252.0	253.0	254.0	255.0	256.0	257.0	258.0	259.0	260.0	261.0	262.0	263.0	264.0	265.0	266.0	267.0	268.0	269.0	270.0	271.0	272.0	273.0	274.0	275.0	276.0	277.0	278.0	279.0	280.0	281.0	282.0	283.0	284.0	285.0	286.0	287.0	288.0	289.0	290.0	291.0	292.0	293.0	294.0	295.0	296.0
5534.933814407654
