4414.307902142196	300.0	2000.0	123.22154190198248	0	0.0	4414.307902142196	1	0	1	-1.1783718064549265
4535.005409790892	300.0	2867.2327415864347	0.0	0	0.0	4402.238151377327	1	0	2	-0.8404343853479306
4632.582067938729	300.0	3759.8984176238146	0.0	0	0.0	4392.480485562543	1	0	2	-0.6394024548820749
5200.0	300.0	4135.738692356416	0.0	0	464.698666110884	4335.738692356415	1	0	2	-0.6367708163503406
6200.0	300.0	4035.7386923564154	0.0	0	886.200463962623	4235.738692356415	1	0	2	-0.6275738692356418
7200.0	300.0	3935.738692356415	0.0	0	868.1388681822427	4135.738692356415	1	0	2	-0.6175738692356418
8200.0	300.0	3835.7386923564172	0.0	0	872.9755245598217	4035.7386923564172	1	0	2	-0.6075738692356419
9200.0	300.0	3735.7386923564163	0.0	0	880.6316029245936	3935.7386923564163	1	0	2	-0.5975738692356419
10200.0	300.0	3635.7386923564177	0.0	0	835.3331094498863	3835.738692356419	1	0	2	-0.587573869235642
11200.0	300.0	3535.7386923564172	0.0	0	840.1549781159265	3735.7386923564172	1	0	2	-0.577573869235642
12200.0	300.0	3435.7386923564163	0.0	0	892.2749216386201	3635.7386923564154	1	0	2	-0.5675738692356418
13200.0	300.0	3335.738692356417	0.0	0	914.9040528827991	3535.7386923564154	1	0	2	-0.5575738692356418
14200.0	300.0	3235.738692356416	0.0	0	855.8376954966498	3435.7386923564154	1	0	2	-0.5475738692356418
15200.0	300.0	3135.738692356416	0.0	0	873.661737876746	3335.7386923564154	1	0	2	-0.5375738692356418
16200.0	300.0	3035.7386923564145	0.0	0	899.5384709125155	3235.738692356412	1	0	2	-0.5275738692356415
17200.0	300.0	2935.738692356415	0.0	0	864.0373204465086	3135.7386923564136	1	0	2	-0.5175738692356414
18200.0	300.0	2835.7386923564204	0.0	0	886.9777423016894	3035.738692356419	1	0	2	-0.5075738692356419
19200.0	300.0	2735.7386923564172	0.0	0	898.8930151774875	2935.7386923564154	1	0	2	-0.49757386923564195
20200.0	300.0	2635.738692356417	0.0	0	902.8504599759799	2835.7386923564154	1	0	2	-0.4875738692356417
21200.0	300.0	2535.738692356416	0.0	0	867.6459495997769	2735.7386923564154	1	0	2	-0.4775738692356416
22200.0	300.0	2435.7386923564136	0.0	0	892.108437034396	2635.738692356408	1	0	2	-0.46757386923564137
23200.0	300.0	2335.7386923564104	0.0	0	882.5559298304142	2535.738692356401	1	0	2	-0.4575738692356407
24200.0	300.0	2235.7386923564122	0.0	0	866.587150985848	2435.738692356408	1	0	2	-0.4475738692356407
25200.0	300.0	2135.7386923564127	0.0	0	848.4444865720179	2335.738692356408	1	0	2	-0.437573869235641
26200.0	300.0	2035.7386923564138	0.0	0	826.4980543852907	2235.7386923564045	1	0	2	-0.4275738692356408
27200.0	300.0	1935.738692356416	0.0	0	728.6458445814133	2135.7386923564045	1	0	2	-0.41757386923564077
28200.0	300.0	1835.738692356415	0.0	0	874.2705665077629	2035.7386923564081	1	0	2	-0.40757386923564076
29200.0	300.0	1735.7386923564177	0.0	0	877.7307941224426	1935.7386923564154	1	0	2	-0.39757386923564153
30200.0	300.0	1635.738692356419	0.0	0	912.1766618890106	1835.7386923564118	1	0	2	-0.3875738692356414
31200.0	300.0	1535.7386923564256	0.0	0	915.7658214140574	1735.7386923564118	1	0	2	-0.3775738692356414
32200.0	300.0	1435.738692356423	0.0	0	871.7774607768515	1635.7386923564081	1	0	2	-0.3675738692356413
33200.0	300.0	1335.7386923564213	0.0	0	870.7468848942844	1535.7386923564118	1	0	2	-0.3575738692356411
34200.0	300.0	1235.7386923564281	0.0	0	869.2050327721154	1435.7386923564154	1	0	2	-0.3475738692356417
35200.0	300.0	1235.7386923564304	0.0	0	881.2944976436484	1435.738692356419	1	0	1	-0.34357386923564215
36200.0	500.0	1235.7386923564318	0.0	0	861.6265291121745	1435.738692356419	1	0	1	-0.14357386923564186
37200.0	1000.0	1235.7386923564272	0.0	0	681.347519905612	1435.738692356419	1	0	1	0.36725175453034886
38200.0	1000.0	1235.7386923564256	0.0	0	749.5345176134942	1435.738692356419	1	0	1	1.0603989350902943
39200.0	1000.0	1235.7386923564256	0.0	0	720.5252208249512	1435.7386923564263	1	0	1	1.0603989350902936
40200.0	2000.0	1235.738692356435	0.0	0	217.96849076978833	1435.7386923564263	1	0	1	1.0603989350902934
41200.0	2000.0	1235.738692356432	0.0	0	464.4557018356136	1435.7386923564263	1	0	1	1.7535461156502385
42200.0	2000.0	1235.7386923564325	0.0	0	531.8761598556448	1435.7386923564263	1	0	1	1.7535461156502385
43200.0	2000.0	1235.738692356425	0.0	0	329.69415824427415	1435.7386923564263	1	0	1	1.7535461156502385
44200.0	3000.0	1235.73869235642	0.0	0	8.930487728022854	1435.7386923564263	1	0	1	1.753546115650239
45255.83270687684	3000.0	1179.9059854795844	0.0	0	0.0	1435.7386923564263	1	0	1	2.1590112237584034
46668.739209586565	3000.0	766.9994827698548	0.0	0	0.0	1435.7386923564263	1	0	1	2.1590112237584034
47563.263713289096	2000.0	872.4749790673175	0.0	0	0.0	1435.7386923564263	1	0	1	1.348081007542074
48200.0	2000.0	1235.7386923564181	0.0	0	163.42499662103364	1435.7386923564336	1	0	1	1.7535461156502379
49200.0	2000.0	1235.738692356422	0.0	0	188.34420964919263	1435.7386923564409	1	0	1	1.7535461156502372
50200.0	2000.0	1235.7386923564127	0.0	0	350.01236883992533	1435.7386923564336	1	0	1	1.7535461156502379
51200.0	2000.0	1235.7386923564136	0.0	0	498.2479005032292	1435.7386923564336	1	0	1	1.7535461156502379
52200.0	2000.0	1235.738692356412	0.0	0	497.8301124316058	1435.7386923564263	1	0	1	1.7535461156502385
53200.0	2000.0	1235.7386923564106	0.0	0	413.19497430850606	1435.7386923564263	1	0	1	1.7535461156502385
54200.0	2000.0	1235.7386923564086	0.0	0	280.5301320991857	1435.7386923564263	1	0	1	1.7535461156502385
55200.0	2000.0	1235.7386923564088	0.0	0	471.18258789709216	1435.7386923564263	1	0	1	1.7535461156502385
56200.0	2000.0	1235.738692356402	0.0	0	651.8667332013574	1435.7386923564263	1	0	1	1.7535461156502385
57200.0	2000.0	1235.7386923563993	0.0	0	661.57052163763	1435.7386923564263	1	0	1	1.7535461156502385
58200.0	2000.0	1235.7386923563965	0.0	0	467.8721492044133	1435.7386923564263	1	0	1	1.7535461156502385
59200.0	2000.0	1235.7386923563945	0.0	0	21.96506318308093	1435.7386923564263	1	0	1	1.7535461156502385
60200.0	2000.0	1235.7386923563904	0.0	0	308.15566246528033	1435.7386923564263	1	0	1	1.7535461156502385
61699.97614315261	2000.0	735.7625492037808	0.0	0	0.0	1435.7386923564336	1	0	1	1.7535461156502379
63060.40418314962	2000.0	375.33450920677217	0.0	0	0.0	1435.7386923564409	1	0	1	1.7535461156502372
63800.67386749835	2000.0	635.0648248580476	0.0	0	0.0	1435.7386923564336	1	0	1	1.7535461156502379
64486.91696756387	1000.0	948.8217247925307	0.0	0	0.0	1435.7386923564336	1	0	1	0.3672517545303477
65200.0	1000.0	1235.7386923564015	0.0	0	93.7627247114724	1435.7386923564336	1	0	1	1.060398935090293
66200.0	1000.0	1235.7386923563984	0.0	0	505.77590938535286	1435.7386923564336	1	0	1	1.0603989350902925
67200.0	1000.0	1235.738692356396	0.0	0	658.1181691727543	1435.738692356419	1	0	1	1.0603989350902938
68200.0	1000.0	1235.7386923563927	0.0	0	306.8764419936051	1435.738692356419	1	0	1	1.0603989350902943
69200.0	1000.0	1235.738692356377	0.0	0	689.052203875457	1435.738692356419	1	0	1	1.0603989350902943
70200.0	1000.0	1235.738692356392	0.0	0	577.6426844691741	1435.7386923564045	1	0	1	1.0603989350902958
71200.0	1000.0	1235.7386923563993	0.0	0	745.6430418457167	1435.738692356419	1	0	1	1.0603989350902943
72200.0	1000.0	1235.7386923563947	0.0	0	544.5512275310466	1435.7386923564045	1	0	1	1.0603989350902958
73200.0	1000.0	1235.738692356391	0.0	0	482.34270218067104	1435.7386923564045	1	0	1	1.0603989350902958
74200.0	1000.0	1235.7386923564009	0.0	0	586.0926520927751	1435.7386923564045	1	0	1	1.0603989350902958
75200.0	1000.0	1235.73869235641	0.0	0	639.1908850576729	1435.7386923564045	1	0	1	1.0603989350902958
76465.44487127195	2000.0	970.2938210844578	0.0	0	0.0	1435.7386923564045	1	0	1	1.0603989350902956
77200.0	1000.0	1235.738692356384	0.0	0	313.9041477019491	1435.7386923564045	1	0	1	0.3672517545303505
78200.0	2000.0	1235.7386923563802	0.0	0	272.5138385225291	1435.7386923564045	1	0	1	1.0603989350902956
79200.0	2000.0	1235.7386923563981	0.0	0	393.63100394257344	1435.7386923564045	1	0	1	1.7535461156502408
80725.18147097724	2000.0	710.5572213791565	0.0	0	0.0	1435.7386923564045	1	0	1	1.7535461156502408
81782.97222234083	2000.0	652.7664700155769	0.0	0	0.0	1435.7386923564045	1	0	1	1.7535461156502408
82336.86417088112	1000.0	1098.8745214752923	0.0	0	0.0	1435.7386923564045	1	0	1	0.3672517545303505
83265.45800084092	2000.0	1170.2806915154872	0.0	0	0.0	1435.7386923564045	1	0	1	1.0603989350902956
84305.77067823257	2000.0	1129.968014123844	0.0	0	0.0	1435.7386923564045	1	0	1	1.7535461156502408
85200.0	1000.0	1235.7386923564293	0.0	0	333.01838035216497	1435.7386923564045	1	0	1	0.3672517545303505
86200.0	1000.0	1235.73869235642	0.0	0	697.4270165628259	1435.7386923564045	1	0	1	1.0603989350902958
87200.0	1000.0	1235.7386923564225	0.0	0	749.8140396306408	1435.7386923564045	1	0	1	1.0603989350902958
88200.0	1000.0	1235.738692356414	0.0	0	749.7930667242617	1435.7386923564045	1	0	1	1.0603989350902958
89200.0	1000.0	1235.7386923564245	0.0	0	696.6617002991115	1435.7386923564045	1	0	1	1.0603989350902958
90200.0	1000.0	1235.7386923564497	0.0	0	589.9218210101972	1435.738692356419	1	0	1	1.0603989350902943
91200.0	2000.0	1235.7386923564322	0.0	0	619.8574532138446	1435.738692356419	1	0	1	1.0603989350902943
92200.0	2000.0	1235.7386923564286	0.0	0	417.565933311198	1435.738692356419	1	0	1	1.7535461156502394
93200.0	2000.0	1235.7386923564204	0.0	0	122.41586146777263	1435.7386923564336	1	0	1	1.7535461156502379
94200.0	2000.0	1235.7386923564197	0.0	0	212.2498605691071	1435.7386923564336	1	0	1	1.7535461156502379
95200.0	2000.0	1235.7386923564225	0.0	0	269.09400400926825	1435.7386923564482	1	0	1	1.7535461156502365
96200.0	2000.0	1235.738692356441	0.0	0	453.9571101281763	1435.7386923564482	1	0	1	1.7535461156502365
97200.0	2000.0	1235.7386923564372	0.0	0	424.7070533302176	1435.7386923564482	1	0	1	1.7535461156502365
98200.0	2000.0	1235.7386923564281	0.0	0	98.381249275335	1435.7386923564482	1	0	1	1.7535461156502365
99541.97290725817	2000.0	893.7657850982746	0.0	0	0.0	1435.7386923564482	1	0	1	1.7535461156502365
100959.58688791594	2000.0	476.151804440487	0.0	0	0.0	1435.7386923564482	1	0	1	1.7535461156502365
101359.00593168248	1000.0	1076.732760673944	0.0	0	0.0	1435.7386923564336	1	0	1	0.3672517545303477
102200.0	1000.0	1235.7386923564256	0.0	0	372.16635635710554	1435.7386923564336	1	0	1	1.060398935090293
103200.0	1000.0	1235.738692356434	0.0	0	641.4996002020926	1435.7386923564336	1	0	1	1.060398935090293
104200.0	2000.0	1235.7386923564281	0.0	0	190.1719051052496	1435.738692356419	1	0	1	1.0603989350902943
105200.0	1000.0	1235.7386923564254	0.0	0	564.3779179513658	1435.738692356419	1	0	1	0.3672517545303491
106200.0	1000.0	1235.738692356422	0.0	0	632.5622798117547	1435.738692356419	1	0	1	1.0603989350902943
107200.0	1000.0	1235.7386923564145	0.0	0	697.1302450489311	1435.738692356419	1	0	1	1.0603989350902943
108200.0	1000.0	1235.7386923564177	0.0	0	177.48156433198892	1435.7386923564045	1	0	1	1.0603989350902958
109200.0	1000.0	1235.7386923564077	0.0	0	492.3041513028875	1435.7386923564045	1	0	1	1.0603989350902958
110200.0	1000.0	1235.7386923563945	0.0	0	372.4143238586985	1435.7386923564045	1	0	1	1.0603989350902958
111200.0	1000.0	1235.7386923563904	0.0	0	463.20803591405274	1435.7386923564045	1	0	1	1.0603989350902958
112200.0	1000.0	1235.7386923563865	0.0	0	595.0124452137825	1435.73869235639	1	0	1	1.0603989350902971
113200.0	1000.0	1235.7386923563738	0.0	0	711.5977954764239	1435.7386923563754	1	0	1	1.0603989350902987
114200.0	1000.0	1235.7386923563706	0.0	0	754.7638110440894	1435.7386923563754	1	0	1	1.0603989350902987
115200.0	1000.0	1235.7386923563777	0.0	0	645.4760284589283	1435.7386923563754	1	0	1	1.0603989350902987
116200.0	1000.0	1235.738692356384	0.0	0	415.067524906146	1435.7386923563754	1	0	1	1.0603989350902987
117200.0	1000.0	1235.7386923563765	0.0	0	686.0509174677572	1435.7386923563754	1	0	1	1.0603989350902987
118200.0	1000.0	1235.7386923563606	0.0	0	627.1550398741529	1435.7386923563754	1	0	1	1.0603989350902987
119255.86546870082	2000.0	1179.873223655543	0.0	0	0.0	1435.73869235639	1	0	1	1.0603989350902974
120200.0	2000.0	1235.73869235636	0.0	0	153.00316762379953	1435.73869235639	1	0	1	1.7535461156502423
121200.0	2000.0	1235.738692356364	0.0	0	419.06389196230157	1435.73869235639	1	0	1	1.7535461156502423
122200.0	2000.0	1235.738692356368	0.0	0	531.1985272289749	1435.7386923564045	1	0	1	1.7535461156502408
123200.0	2000.0	1235.7386923563763	0.0	0	605.0834613312909	1435.7386923564045	1	0	1	1.7535461156502408
124200.0	2000.0	1235.7386923563708	0.0	0	779.6602740763483	1435.7386923564045	1	0	1	1.7535461156502408
125200.0	2000.0	1235.7386923563645	0.0	0	607.3036769883911	1435.7386923564045	1	0	1	1.7535461156502408
126472.8550796552	2000.0	962.8836127011624	0.0	0	0.0	1435.7386923564045	1	0	1	1.7535461156502408
127200.0	2000.0	1235.7386923563554	0.0	0	118.83479765562515	1435.7386923564045	1	0	1	1.7535461156502408
128200.0	2000.0	1235.73869235634	0.0	0	597.5340980032197	1435.73869235639	1	0	1	1.7535461156502423
129200.0	2000.0	1235.7386923563415	0.0	0	631.145620627387	1435.73869235639	1	0	1	1.7535461156502423
130200.0	3000.0	1235.7386923563292	0.0	0	352.13517305487767	1435.7386923563754	1	0	1	1.753546115650244
131440.14449543215	3000.0	995.5941969241651	0.0	0	0.0	1435.7386923563463	1	0	1	2.1590112237584096
132294.26440426736	3000.0	1141.4742880889294	0.0	0	0.0	1435.7386923563172	1	0	1	2.159011223758414
133227.89605811491	2000.0	1207.8426342414045	0.0	0	0.0	1435.7386923563317	1	0	1	1.3480810075420837
134402.93164853824	2000.0	1032.8070438180896	0.0	0	0.0	1435.7386923563026	1	0	1	1.753546115650251
135702.09266653386	2000.0	733.6460258225102	0.0	0	0.0	1435.7386923563317	1	0	1	1.7535461156502483
136530.22555106884	2000.0	905.5131412875146	0.0	0	0.0	1435.7386923563608	1	0	1	1.7535461156502452
137257.9433117548	2000.0	1177.7953806015696	0.0	0	0.0	1435.7386923563608	1	0	1	1.7535461156502452
138200.0	2000.0	1235.7386923563613	0.0	0	81.69553692403133	1435.7386923563608	1	0	1	1.7535461156502452
139200.0	2000.0	1235.7386923563542	0.0	0	289.98896119656274	1435.7386923563608	1	0	1	1.7535461156502452
140200.0	1000.0	1235.7386923563306	0.0	0	521.6342305717408	1435.7386923563608	1	0	1	0.3672517545303549
141200.0	2000.0	1235.7386923563188	0.0	0	398.09117284053355	1435.7386923563608	1	0	1	1.0603989350903
142200.0	2000.0	1235.7386923563186	0.0	0	393.3610180193791	1435.7386923563608	1	0	1	1.7535461156502452
143200.0	2000.0	1235.73869235632	0.0	0	248.16638141285512	1435.7386923563608	1	0	1	1.7535461156502452
144200.0	2000.0	1235.7386923563508	0.0	0	594.6272223846463	1435.73869235639	1	0	1	1.7535461156502423
145200.0	2000.0	1235.7386923563624	0.0	0	707.9551951494359	1435.73869235639	1	0	1	1.7535461156502423
146200.0	2000.0	1235.7386923563733	0.0	0	609.989997812896	1435.738692356419	1	0	1	1.7535461156502394
147200.0	2000.0	1235.7386923563777	0.0	0	72.6807653811411	1435.738692356419	1	0	1	1.7535461156502394
148200.0	2000.0	1235.7386923563392	0.0	0	288.20607368898345	1435.738692356419	1	0	1	1.7535461156502394
149200.0	2000.0	1235.7386923563176	0.0	0	76.01125495042652	1435.73869235639	1	0	1	1.7535461156502423
150200.0	2000.0	1235.7386923563106	0.0	0	273.07953052868834	1435.73869235639	1	0	1	1.7535461156502423
151200.0	2000.0	1235.7386923563122	0.0	0	88.98838370278827	1435.73869235639	1	0	1	1.7535461156502423
152520.6330716587	2000.0	915.1056206976006	0.0	0	0.0	1435.73869235639	1	0	1	1.7535461156502423
153369.26771971025	2000.0	1066.4709726460412	0.0	0	0.0	1435.73869235639	1	0	1	1.7535461156502423
154200.0	2000.0	1235.738692356282	0.0	0	196.2641002352757	1435.73869235639	1	0	1	1.7535461156502423
155200.0	2000.0	1235.7386923562985	0.0	0	75.94101998230326	1435.73869235639	1	0	1	1.7535461156502423
156200.0	2000.0	1235.7386923562856	0.0	0	390.57716619456187	1435.73869235639	1	0	1	1.7535461156502423
157200.0	2000.0	1235.7386923562754	0.0	0	245.533331188577	1435.73869235639	1	0	1	1.7535461156502423
158200.0	2000.0	1235.7386923562863	0.0	0	436.1461266502447	1435.73869235639	1	0	1	1.7535461156502423
159200.0	2000.0	1235.738692356283	0.0	0	203.75274871120928	1435.73869235639	1	0	1	1.7535461156502423
160200.0	2000.0	1235.7386923562583	0.0	0	294.49722867444507	1435.73869235639	1	0	1	1.7535461156502423
161200.0	2000.0	1235.7386923562406	0.0	0	530.4602949622786	1435.73869235639	1	0	1	1.7535461156502423
162200.0	2000.0	1235.7386923562879	0.0	0	404.2550455938326	1435.73869235639	1	0	1	1.7535461156502423
163200.0	2000.0	1235.7386923562947	0.0	0	403.5047756000713	1435.738692356419	1	0	1	1.7535461156502394
164200.0	2000.0	1235.7386923562892	0.0	0	179.79648546274984	1435.738692356419	1	0	1	1.7535461156502394
165200.0	2000.0	1235.7386923562694	0.0	0	168.6481206647004	1435.7386923564482	1	0	1	1.7535461156502365
166200.0	2000.0	1235.7386923562915	0.0	0	442.7413448232692	1435.738692356419	1	0	1	1.7535461156502394
167200.0	2000.0	1235.7386923563154	0.0	0	538.6814670466119	1435.7386923564482	1	0	1	1.7535461156502365
168200.0	2000.0	1235.738692356323	0.0	0	640.3461698020401	1435.7386923564482	1	0	1	1.7535461156502365
169200.0	2000.0	1235.7386923563706	0.0	0	565.9515517320251	1435.7386923564482	1	0	1	1.7535461156502365
170200.0	2000.0	1235.7386923563524	0.0	0	483.9768185566354	1435.7386923564482	1	0	1	1.7535461156502365
171200.0	2000.0	1235.7386923563408	0.0	0	555.5773185186554	1435.738692356419	1	0	1	1.7535461156502394
172243.59599717316	3000.0	1192.142695183178	0.0	0	0.0	1435.738692356419	1	0	1	1.7535461156502397
173200.0	2000.0	1235.7386923563251	0.0	0	223.1259731136961	1435.738692356419	1	0	1	1.3480810075420748
174200.0	2000.0	1235.7386923562913	0.0	0	161.05032048167777	1435.73869235639	1	0	1	1.7535461156502423
175373.75423816012	2000.0	1061.984454196174	0.0	0	0.0	1435.73869235639	1	0	1	1.7535461156502423
176758.5240259301	2000.0	677.2146664262231	0.0	0	0.0	1435.73869235639	1	0	1	1.7535461156502423
177465.07990832248	2000.0	970.6587840338415	0.0	0	0.0	1435.73869235639	1	0	1	1.7535461156502423
178200.0	2000.0	1235.7386923563452	0.0	0	328.5471726412652	1435.73869235639	1	0	1	1.7535461156502423
179200.0	2000.0	1235.7386923563417	0.0	0	588.4565753721981	1435.73869235639	1	0	1	1.7535461156502423
180200.0	2000.0	1235.7386923563306	0.0	0	580.888726478006	1435.73869235639	1	0	1	1.7535461156502423
181200.0	2000.0	1235.7386923563374	0.0	0	407.23803788697114	1435.73869235639	1	0	1	1.7535461156502423
182200.0	2000.0	1235.7386923563129	0.0	0	175.58177876553964	1435.7386923563608	1	0	1	1.7535461156502452
183200.0	1000.0	1235.7386923562808	0.0	0	704.2122893995838	1435.7386923563608	1	0	1	0.3672517545303549
184200.0	1000.0	1235.7386923562908	0.0	0	742.0545472157246	1435.7386923563608	1	0	1	1.0603989350903
185200.0	2000.0	1235.7386923562688	0.0	0	556.631289402605	1435.7386923563317	1	0	1	1.0603989350903031
186200.0	2000.0	1235.7386923562565	0.0	0	513.0452056252689	1435.7386923563026	1	0	1	1.753546115650251
187200.0	2000.0	1235.7386923562885	0.0	0	488.61467553593684	1435.7386923563026	1	0	1	1.753546115650251
188200.0	2000.0	1235.7386923563063	0.0	0	364.89017025602516	1435.7386923563026	1	0	1	1.753546115650251
189200.0	2000.0	1235.7386923563251	0.0	0	478.0814779155189	1435.7386923563026	1	0	1	1.753546115650251
190200.0	2000.0	1235.738692356375	0.0	0	542.9051849564712	1435.7386923563317	1	0	1	1.7535461156502483
191200.0	2000.0	1235.7386923563815	0.0	0	495.6133831125044	1435.7386923563317	1	0	1	1.7535461156502483
192200.0	2000.0	1235.7386923563906	0.0	0	434.9022354585759	1435.7386923563317	1	0	1	1.7535461156502483
193255.25363303363	3000.0	1180.4850593227616	0.0	0	0.0	1435.7386923563317	1	0	1	1.7535461156502485
194200.0	3000.0	1235.7386923563865	0.0	0	204.69049433339387	1435.7386923563317	1	0	1	2.159011223758413
195437.74578889797	3000.0	997.9929034584035	0.0	0	0.0	1435.7386923563026	1	0	1	2.159011223758416
196200.0	2000.0	1235.738692356347	0.0	0	197.64089585022884	1435.7386923563026	1	0	1	1.3480810075420864
197200.0	2000.0	1235.738692356365	0.0	0	192.35477110175998	1435.7386923563026	1	0	1	1.753546115650251
198200.0	2000.0	1235.7386923563618	0.0	0	339.45601516467286	1435.7386923563026	1	0	1	1.753546115650251
199200.0	2000.0	1235.7386923563597	0.0	0	281.22381147535634	1435.7386923563026	1	0	1	1.753546115650251
200200.0	2000.0	1235.7386923563706	0.0	0	342.7115946995327	1435.7386923563026	1	0	1	1.753546115650251
201200.0	2000.0	1235.7386923563383	0.0	0	425.9378919294395	1435.7386923563026	1	0	1	1.753546115650251
202200.0	2000.0	1235.7386923563429	0.0	0	314.3486864876759	1435.7386923562735	1	0	1	1.753546115650254
203200.0	2000.0	1235.7386923563522	0.0	0	440.4117619759927	1435.7386923562735	1	0	1	1.753546115650254
204200.0	2000.0	1235.7386923563345	0.0	0	518.9668486329901	1435.7386923562735	1	0	1	1.753546115650254
205200.0	2000.0	1235.7386923562976	0.0	0	546.2432612422272	1435.7386923562444	1	0	1	1.753546115650257
206200.0	2000.0	1235.7386923562983	0.0	0	654.0530982787313	1435.7386923562444	1	0	1	1.753546115650257
207200.0	2000.0	1235.7386923562706	0.0	0	387.3664203248918	1435.7386923562444	1	0	1	1.753546115650257
208200.0	2000.0	1235.738692356299	0.0	0	286.1413980167126	1435.7386923562735	1	0	1	1.753546115650254
209200.0	2000.0	1235.73869235629	0.0	0	304.72623221043614	1435.7386923562735	1	0	1	1.753546115650254
210309.68441159776	2000.0	1126.054280758536	0.0	0	0.0	1435.7386923562735	1	0	1	1.753546115650254
211461.75043140142	2000.0	973.988260954879	0.0	0	0.0	1435.7386923563026	1	0	1	1.753546115650252
212459.50883769273	2000.0	976.2298546635681	0.0	0	0.0	1435.7386923563026	1	0	1	1.753546115650251
213200.0	1000.0	1235.7386923562992	0.0	0	184.2012854650966	1435.7386923563026	1	0	1	0.36725175453036074
214200.0	1000.0	1235.7386923563167	0.0	0	505.78354685622617	1435.7386923563026	1	0	1	1.0603989350903058
215200.0	1000.0	1235.7386923563	0.0	0	471.5788539570931	1435.7386923563026	1	0	1	1.0603989350903058
216200.0	1000.0	1235.7386923563047	0.0	0	580.0935499979532	1435.7386923563026	1	0	1	1.0603989350903058
217200.0	1000.0	1235.7386923563085	0.0	0	225.1216910032672	1435.7386923563317	1	0	1	1.060398935090303
218200.0	1000.0	1235.7386923563101	0.0	0	662.0545159259054	1435.7386923563317	1	0	1	1.060398935090303
219200.0	1000.0	1235.7386923563329	0.0	0	549.8981000118656	1435.7386923563608	1	0	1	1.0603989350903
220200.0	1000.0	1235.7386923563713	0.0	0	630.149323546415	1435.73869235639	1	0	1	1.0603989350902971
221200.0	1000.0	1235.7386923563618	0.0	0	460.6417966671288	1435.7386923563608	1	0	1	1.0603989350903
222200.0	1000.0	1235.7386923563756	0.0	0	597.7803531191021	1435.7386923563608	1	0	1	1.0603989350903
223200.0	1000.0	1235.7386923563747	0.0	0	718.5836761132232	1435.7386923563608	1	0	1	1.0603989350903
224200.0	1000.0	1235.7386923563656	0.0	0	635.1882991763996	1435.7386923563608	1	0	1	1.0603989350903
225430.5483140302	2000.0	1005.1903783261777	0.0	0	0.0	1435.7386923563608	1	0	1	1.0603989350903
226200.0	1000.0	1235.738692356383	0.0	0	341.39102256367914	1435.7386923563608	1	0	1	0.3672517545303549
227200.0	2000.0	1235.7386923563731	0.0	0	384.0822754818073	1435.7386923563608	1	0	1	1.0603989350903
228200.0	2000.0	1235.7386923563392	0.0	0	274.3551826183393	1435.7386923563608	1	0	1	1.7535461156502452
229872.1349135728	2000.0	563.6037787835226	0.0	0	0.0	1435.7386923563317	1	0	1	1.7535461156502479
230967.94698593306	2000.0	467.79170642324374	0.0	0	0.0	1435.7386923563026	1	0	1	1.753546115650251
231420.18567816107	1000.0	1015.5530141952229	0.0	0	0.0	1435.7386923563026	1	0	1	0.36725175453036074
232296.81802184408	2000.0	1138.920670512186	0.0	0	0.0	1435.7386923563317	1	0	1	1.0603989350903031
233200.0	1000.0	1235.73869235624	0.0	0	119.96898718550801	1435.7386923563026	1	0	1	0.36725175453036074
234200.0	1000.0	1235.7386923562801	0.0	0	538.9073431113502	1435.7386923563026	1	0	1	1.0603989350903058
235200.0	1000.0	1235.738692356252	0.0	0	629.0391105185263	1435.7386923563026	1	0	1	1.0603989350903058
236200.0	1000.0	1235.7386923562713	0.0	0	760.0925718950748	1435.7386923563026	1	0	1	1.0603989350903058
237200.0	1000.0	1235.7386923562754	0.0	0	751.8040840870235	1435.7386923563026	1	0	1	1.0603989350903058
238200.0	1000.0	1235.7386923562713	0.0	0	722.8912248972047	1435.7386923563026	1	0	1	1.0603989350903058
239200.0	1000.0	1235.7386923562494	0.0	0	702.4052980488923	1435.7386923563026	1	0	1	1.0603989350903058
240200.0	2000.0	1235.7386923562706	0.0	0	391.4387711036252	1435.7386923563026	1	0	1	1.0603989350903058
241200.0	2000.0	1235.7386923562624	0.0	0	399.0101091185352	1435.7386923563026	1	0	1	1.753546115650251
242200.0	2000.0	1235.7386923562651	0.0	0	179.62847653002245	1435.7386923563026	1	0	1	1.753546115650251
243200.0	2000.0	1235.7386923562806	0.0	0	50.69290499138879	1435.7386923563026	1	0	1	1.753546115650251
244200.0	2000.0	1235.738692356314	0.0	0	531.3550455650839	1435.7386923563026	1	0	1	1.753546115650251
245200.0	2000.0	1235.7386923563406	0.0	0	177.47919226519298	1435.7386923563026	1	0	1	1.753546115650251
246200.0	2000.0	1235.7386923563324	0.0	0	380.72039046825375	1435.7386923563026	1	0	1	1.753546115650251
247200.0	2000.0	1235.738692356324	0.0	0	62.81457285693614	1435.7386923562735	1	0	1	1.753546115650254
248261.18228522694	2000.0	1174.5564071294107	0.0	0	0.0	1435.7386923563026	1	0	1	1.753546115650251
249241.9649055713	2000.0	1193.7737867850528	0.0	0	0.0	1435.7386923562735	1	0	1	1.7535461156502516
250200.0	1000.0	1235.7386923563593	0.0	0	297.1594674710359	1435.7386923562735	1	0	1	0.36725175453036374
251200.0	1000.0	1235.7386923563422	0.0	0	687.4096968238009	1435.7386923562444	1	0	1	1.0603989350903118
252200.0	1000.0	1235.7386923563408	0.0	0	567.7468728468812	1435.7386923562444	1	0	1	1.0603989350903118
253200.0	1000.0	1235.7386923563536	0.0	0	292.61283267091494	1435.7386923562153	1	0	1	1.0603989350903147
254200.0	1000.0	1235.7386923563415	0.0	0	586.7382979681133	1435.7386923562153	1	0	1	1.0603989350903147
255200.0	1000.0	1235.7386923563154	0.0	0	659.8348507570336	1435.7386923562153	1	0	1	1.0603989350903147
256200.0	1000.0	1235.7386923563397	0.0	0	692.736845680367	1435.7386923562444	1	0	1	1.0603989350903118
257200.0	1000.0	1235.7386923563395	0.0	0	247.23850131756626	1435.7386923562444	1	0	1	1.0603989350903118
258200.0	1000.0	1235.7386923563558	0.0	0	544.1129527251178	1435.7386923562444	1	0	1	1.0603989350903118
259200.0	1000.0	1235.7386923563372	0.0	0	461.31591142792604	1435.7386923562444	1	0	1	1.0603989350903118
260200.0	1000.0	1235.7386923563706	0.0	0	608.2970245514589	1435.7386923562735	1	0	1	1.060398935090309
261200.0	1000.0	1235.7386923563529	0.0	0	695.1378865059814	1435.7386923562735	1	0	1	1.060398935090309
262200.0	1000.0	1235.7386923563183	0.0	0	619.7431856077746	1435.7386923562444	1	0	1	1.0603989350903118
263200.0	1000.0	1235.7386923563236	0.0	0	643.6923137612757	1435.7386923562444	1	0	1	1.0603989350903118
264200.0	1000.0	1235.7386923562754	0.0	0	747.0987603410031	1435.7386923561571	1	0	1	1.0603989350903194
265200.0	1000.0	1235.7386923562874	0.0	0	476.75161403551465	1435.738692356099	1	0	1	1.0603989350903262
266200.0	1000.0	1235.7386923563379	0.0	0	603.1872632744489	1435.7386923561571	1	0	1	1.0603989350903205
267200.0	1000.0	1235.7386923563295	0.0	0	619.8938869385747	1435.7386923561571	1	0	1	1.0603989350903205
268200.0	2000.0	1235.738692356304	0.0	0	207.3178841675981	1435.738692356099	1	0	1	1.0603989350903262
269200.0	2000.0	1235.7386923563322	0.0	0	237.70892615208868	1435.738692356099	1	0	1	1.7535461156502712
270200.0	2000.0	1235.7386923562497	0.0	0	589.417157629272	1435.738692356099	1	0	1	1.7535461156502712
271200.0	2000.0	1235.7386923562888	0.0	0	516.4756584909046	1435.738692356099	1	0	1	1.7535461156502712
272200.0	2000.0	1235.7386923562394	0.0	0	732.8464365281397	1435.738692356099	1	0	1	1.7535461156502712
273200.0	2000.0	1235.7386923563004	0.0	0	650.1746150946128	1435.738692356099	1	0	1	1.7535461156502712
274200.0	2000.0	1235.7386923562785	0.0	0	720.9427382524009	1435.738692356099	1	0	1	1.7535461156502712
275253.56749634916	2000.0	1182.1711960071427	0.0	0	0.0	1435.738692356099	1	0	1	1.7535461156502712
276200.0	2000.0	1235.73869235633	0.0	0	110.99272570788162	1435.738692356099	1	0	1	1.7535461156502712
277200.0	2000.0	1235.7386923563738	0.0	0	409.6857092046994	1435.738692356099	1	0	1	1.7535461156502712
278200.0	2000.0	1235.7386923563681	0.0	0	695.4338107141666	1435.7386923561571	1	0	1	1.7535461156502659
279200.0	2000.0	1235.7386923563588	0.0	0	473.96124472731026	1435.7386923561571	1	0	1	1.7535461156502659
280200.0	3000.0	1235.7386923563772	0.0	0	5.439197041559964	1435.7386923561571	1	0	1	1.7535461156502659
281200.0	2000.0	1235.7386923563852	0.0	0	531.8104194781044	1435.7386923561571	1	0	1	1.3480810075421013
282200.0	2000.0	1235.7386923564636	0.0	0	442.1977292706724	1435.7386923561571	1	0	1	1.7535461156502659
283330.11017338134	2000.0	1105.6285189750993	0.0	0	0.0	1435.7386923561571	1	0	1	1.7535461156502659
284303.30017930194	2000.0	1132.4385130545154	0.0	0	0.0	1435.7386923561571	1	0	1	1.7535461156502659
285200.0	1000.0	1235.738692356488	0.0	0	503.42036418733187	1435.7386923561571	1	0	1	0.3672517545303754
286200.0	1000.0	1235.7386923565043	0.0	0	596.015709354193	1435.7386923561571	1	0	1	1.0603989350903205
287200.0	1000.0	1235.7386923564836	0.0	0	535.8739168719621	1435.738692356099	1	0	1	1.0603989350903262
288200.0	1000.0	1235.738692356464	0.0	0	508.6349255217938	1435.738692356099	1	0	1	1.0603989350903262
289200.0	1000.0	1235.7386923564288	0.0	0	581.7869487455464	1435.7386923560407	1	0	1	1.0603989350903322
290200.0	1000.0	1235.738692356396	0.0	0	747.8493316822569	1435.7386923559825	1	0	1	1.060398935090338
291200.0	1000.0	1235.7386923563809	0.0	0	633.4142973839189	1435.7386923560407	1	0	1	1.0603989350903322
292200.0	1000.0	1235.7386923563226	0.0	0	716.2922170181992	1435.7386923560407	1	0	1	1.0603989350903322
293200.0	1000.0	1235.7386923563265	0.0	0	714.2773294562357	1435.7386923560407	1	0	1	1.0603989350903322
294200.0	2000.0	1235.7386923562992	0.0	0	660.0440910561592	1435.7386923559825	1	0	1	1.0603989350903378
295200.0	2000.0	1235.7386923563445	0.0	0	453.6045607388369	1435.7386923559825	1	0	1	1.753546115650283
296253.4443907041	2000.0	1182.294301652215	0.0	0	0.0	1435.7386923559825	1	0	1	1.753546115650283
297200.0	2000.0	1235.738692356324	0.0	0	92.81957822939148	1435.7386923559243	1	0	1	1.7535461156502887
298200.0	2000.0	1235.738692356361	0.0	0	122.73919458629098	1435.7386923559243	1	0	1	1.7535461156502887
299200.0	2000.0	1235.73869235626	0.0	0	226.0055613470613	1435.738692355866	1	0	1	1.7535461156502947
300200.0	2000.0	1235.7386923562162	0.0	0	186.27257874736097	1435.738692355866	1	0	1	1.7535461156502947
3.96	2.88	3.06	2.97	2.86	2.72	2.78	3.34	4.09	2.93	3.06	3.34	3.86	4.24	4.96	4.77	3.45	4.07	3.37	2.94	2.0	1.74	1.56	2.51	3.79	5.12	5.7	3.01	2.57	3.31	3.67	4.65	4.51	5.63	3.65	3.2	4.17	4.22	3.81	3.38	3.86	2.55	2.73	3.31	2.9	3.01	3.39	4.34	3.64	3.67	4.54	5.85	5.06	3.03	2.73	2.94	1.41	1.33	1.89	2.09	1.96	2.32	2.35	1.55	2.7	2.99	3.57	2.35	2.69	3.2	3.0	1.53	2.65	3.79	2.56	1.47	1.84	2.51	2.56	1.73	2.2	3.13	4.41	4.73	3.61	3.56	4.77	4.27	2.25	2.76	3.72	3.02	3.49	2.19	1.77	2.02	1.75	2.94	2.94	1.9	2.92	3.82	4.21	1.49	1.74	1.91	2.39	3.31	3.27	3.89	3.28	2.34	3.53	3.79	2.53	3.22	4.32	5.54	6.66	8.13	7.0	1.69	2.87	4.15	5.44	5.31	2.65	3.89	2.83	1.24	1.88	2.28	3.06	2.77	2.4	3.0	3.29	3.65	3.71	4.54	5.84	5.02	1.88	3.13	2.76	2.76	2.92	1.63	2.58	2.85	3.96	2.88	3.06	2.97	2.86	2.72	2.78	3.34	4.09	2.93	3.06	3.34	3.86	4.24	4.96	4.77	3.45	4.07	3.37	2.94	2.0	1.74	1.56	2.51	3.79	5.12	5.7	3.01	2.57	3.31	3.67	4.65	4.51	5.63	3.65	3.2	4.17	4.22	3.81	3.38	3.86	2.55	2.73	3.31	2.9	3.01	3.39	4.34	3.64	3.67	4.54	5.85	5.06	3.03	2.73	2.94	1.41	1.33	1.89	2.09	1.96	2.32	2.35	1.55	2.7	2.99	3.57	2.35	2.69	3.2	3.0	1.53	2.65	3.79	2.56	1.47	1.84	2.51	2.56	1.73	2.2	3.13	4.41	4.73	3.61	3.56	4.77	4.27	2.25	2.76	3.72	3.02	3.49	2.19	1.77	2.02	1.75	2.94	2.94	1.9	2.92	3.82	4.21	1.49	1.74	1.91	2.39	3.31	3.27	3.89	3.28	2.34	3.53	3.79	2.53	3.22	4.32	5.54	6.66	8.13	7.0	1.69	2.87	4.15	5.44	5.31	2.65	3.89	2.83	1.24	1.88	2.28	3.06	2.77	2.4	3.0	3.29	3.65	3.71	4.54	5.84	5.02	1.88	3.13	2.76	2.76	2.92	1.63	2.58	2.85
1.0	2.0	3.0	4.0	5.0	6.0	7.0	8.0	9.0	10.0	11.0	12.0	13.0	14.0	15.0	16.0	17.0	18.0	19.0	20.0	21.0	22.0	23.0	24.0	25.0	26.0	27.0	28.0	29.0	30.0	31.0	32.0	33.0	34.0	35.0	36.0	37.0	38.0	39.0	40.0	41.0	42.0	43.0	44.0	45.0	46.0	47.0	48.0	49.0	50.0	51.0	52.0	53.0	54.0	55.0	56.0	57.0	58.0	59.0	60.0	61.0	62.0	63.0	64.0	65.0	66.0	67.0	68.0	69.0	70.0	71.0	72.0	73.0	74.0	75.0	76.0	77.0	78.0	79.0	80.0	81.0	82.0	83.0	84.0	85.0	86.0	87.0	88.0	89.0	90.0	91.0	92.0	93.0	94.0	95.0	96.0	97.0	98.0	99.0	100.0	101.0	102.0	103.0	104.0	105.0	106.0	107.0	108.0	109.0	110.0	111.0	112.0	113.0	114.0	115.0	116.0	117.0	118.0	119.0	120.0	121.0	122.0	123.0	124.0	125.0	126.0	127.0	128.0	129.0	130.0	131.0	132.0	133.0	134.0	135.0	136.0	137.0	138.0	139.0	140.0	141.0	142.0	143.0	144.0	145.0	146.0	147.0	148.0	149.0	149.0	150.0	151.0	152.0	153.0	154.0	155.0	156.0	157.0	158.0	159.0	160.0	161.0	162.0	163.0	164.0	165.0	166.0	167.0	168.0	169.0	170.0	171.0	172.0	173.0	174.0	175.0	176.0	177.0	178.0	179.0	180.0	181.0	182.0	183.0	184.0	185.0	186.0	187.0	188.0	189.0	190.0	191.0	192.0	193.0	194.0	195.0	196.0	197.0	198.0	199.0	200.0	201.0	202.0	203.0	204.0	205.0	206.0	207.0	208.0	209.0	210.0	211.0	212.0	213.0	214.0	215.0	216.0	217.0	218.0	219.0	220.0	221.0	222.0	223.0	224.0	225.0	226.0	227.0	228.0	229.0	230.0	231.0	232.0	233.0	234.0	235.0	236.0	237.0	238.0	239.0	240.0	241.0	242.0	243.0	244.0	245.0	246.0	247.0	248.0	249.0	250.0	251.0	252.0	253.0	254.0	255.0	256.0	257.0	258.0	259.0	260.0	261.0	262.0	263.0	264.0	265.0	266.0	267.0	268.0	269.0	270.0	271.0	272.0	273.0	274.0	275.0	276.0	277.0	278.0	279.0	280.0	281.0	282.0	283.0	284.0	285.0	286.0	287.0	288.0	289.0	290.0	291.0	292.0	293.0	294.0	295.0	296.0	297.0	298.0	298.0
4170.356133102715
