5816.19484679014	300.0	2000.0	165.6470599208547	0	0.0	5816.19484679014	1	0	1	-1.5717243046167628
5947.087578992912	300.0	2856.0179945769505	0.0	0	0.0	5803.105573569863	1	0	2	-0.9805516541083583
6093.545948585089	300.0	3694.913788025558	0.0	0	0.0	5788.459736610647	1	0	2	-0.7791465155755728
6265.305437515557	300.0	4505.978350202044	0.0	0	0.0	5771.283787717601	1	0	2	-0.7775053582027902
6415.052643253733	300.0	5341.25642389005	0.0	0	0.0	5756.309067143783	1	0	2	-0.7759486089617349
7200.0	300.0	5477.814331469156	0.0	0	585.4503857101408	5677.814331469155	1	0	2	-0.7715353677967305
8200.0	300.0	5377.814331469154	0.0	0	761.9242203997801	5577.814331469155	1	0	2	-0.7617814331469157
9200.0	300.0	5277.814331469153	0.0	0	850.6286711636367	5477.814331469155	1	0	2	-0.7517814331469158
10200.0	300.0	5177.814331469153	0.0	0	836.6502045847228	5377.814331469154	1	0	2	-0.7417814331469157
11200.0	300.0	5077.814331469155	0.0	0	760.9549101818811	5277.814331469156	1	0	2	-0.7317814331469157
12200.0	300.0	4977.814331469155	0.0	0	725.3694899333623	5177.814331469156	1	0	2	-0.7217814331469159
13200.0	300.0	4877.814331469155	0.0	0	685.2564363440488	5077.814331469156	1	0	2	-0.7117814331469159
14200.0	300.0	4777.814331469155	0.0	0	747.3884997665918	4977.814331469155	1	0	2	-0.7017814331469157
15200.0	300.0	4677.814331469154	0.0	0	847.081015241014	4877.8143314691515	1	0	2	-0.6917814331469156
16200.0	300.0	4577.814331469156	0.0	0	804.9989028522505	4777.8143314691515	1	0	2	-0.6817814331469154
17200.0	300.0	4477.814331469152	0.0	0	762.2377173307523	4677.814331469146	1	0	2	-0.6717814331469152
18200.0	300.0	4377.814331469153	0.0	0	767.0372052930434	4577.814331469146	1	0	2	-0.6617814331469151
19200.0	300.0	4277.814331469154	0.0	0	829.9811115510165	4477.814331469148	1	0	2	-0.6517814331469151
20200.0	300.0	4177.814331469159	0.0	0	652.8986108761128	4377.81433146915	1	0	2	-0.6417814331469152
21200.0	300.0	4077.814331469157	0.0	0	616.8764198412646	4277.814331469148	1	0	2	-0.63168089063007
22200.0	300.0	3977.8143314691533	0.0	0	824.5977291365889	4177.814331469144	1	0	2	-0.6217814331469148
23200.0	300.0	3877.814331469154	0.0	0	840.8122748252863	4077.814331469137	1	0	2	-0.6117814331469142
24200.0	300.0	3777.81433146916	0.0	0	793.839100639103	3977.8143314691406	1	0	2	-0.6017814331469141
25200.0	300.0	3677.814331469155	0.0	0	835.6475293814801	3877.8143314691406	1	0	2	-0.5917814331469143
26200.0	300.0	3577.814331469152	0.0	0	873.4565292708576	3777.8143314691297	1	0	2	-0.5817814331469137
27200.0	300.0	3477.8143314691492	0.0	0	857.6152374877092	3677.814331469126	1	0	2	-0.5717814331469131
28200.0	300.0	3377.8143314691483	0.0	0	869.3604925756881	3577.814331469126	1	0	2	-0.5617814331469129
29200.0	300.0	3277.8143314691474	0.0	0	886.7314268434275	3477.814331469126	1	0	2	-0.551781433146913
30200.0	300.0	3177.814331469149	0.0	0	811.7690212467423	3377.8143314691224	1	0	2	-0.5417814331469126
31200.0	300.0	3077.814331469154	0.0	0	831.1572934548967	3277.8143314691188	1	0	2	-0.5317814331469124
32200.0	300.0	2977.8143314691574	0.0	0	791.317598044272	3177.8143314691188	1	0	2	-0.5217814331469122
33200.0	300.0	2877.814331469164	0.0	0	747.1686414769429	3077.8143314691188	1	0	2	-0.5117814331469119
34200.0	300.0	2777.8143314691592	0.0	0	715.6622440306164	2977.814331469108	1	0	2	-0.5017814331469113
35200.0	300.0	2677.8143314691665	0.0	0	675.9675885744145	2877.814331469115	1	0	2	-0.4917814331469115
36200.0	300.0	2577.8143314691597	0.0	0	797.0907044764535	2777.814331469104	1	0	2	-0.48178143314691096
37200.0	300.0	2477.814331469165	0.0	0	810.7082538055838	2677.814331469104	1	0	2	-0.4717814331469104
38200.0	300.0	2377.8143314691683	0.0	0	828.8093185989201	2577.814331469104	1	0	2	-0.46178143314691056
39200.0	300.0	2277.8143314691715	0.0	0	815.1907127298182	2477.8143314691115	1	0	2	-0.451781433146911
40200.0	300.0	2177.8143314691742	0.0	0	870.4064434696193	2377.8143314691188	1	0	2	-0.44178143314691215
41200.0	300.0	2077.8143314691742	0.0	0	849.931904639896	2277.8143314691115	1	0	2	-0.43178143314691175
42200.0	300.0	1977.8143314691827	0.0	0	818.2528738541514	2177.8143314691115	1	0	2	-0.4217814331469114
43200.0	300.0	1877.8143314691802	0.0	0	847.7196589176383	2077.8143314691188	1	0	2	-0.4117814331469115
44200.0	300.0	1777.8143314691715	0.0	0	817.252949138172	1977.8143314691115	1	0	2	-0.4017814331469115
45200.0	300.0	1677.8143314691745	0.0	0	822.3603068899683	1877.8143314691042	1	0	2	-0.3917814331469112
46200.0	300.0	1577.814331469175	0.0	0	834.5149188426803	1777.8143314691042	1	0	2	-0.38178143314691065
47200.0	300.0	1477.814331469168	0.0	0	834.3398519551556	1677.814331469097	1	0	2	-0.37178143314691015
48200.0	300.0	1377.814331469166	0.0	0	850.2492519172883	1577.8143314690824	1	0	2	-0.36178143314690875
49200.0	300.0	1277.8143314691702	0.0	0	881.7050583888267	1477.8143314690897	1	0	2	-0.3517814331469088
50200.0	300.0	1277.8143314691674	0.0	0	886.8168014781622	1477.8143314690897	1	0	1	-0.34778143314690924
51200.0	500.0	1277.8143314691665	0.0	0	768.4830472892208	1477.814331469097	1	0	1	-0.14778143314690972
52200.0	500.0	1277.8143314691677	0.0	0	826.9661266918629	1477.814331469097	1	0	1	0.363044190619081
53200.0	1000.0	1277.814331469167	0.0	0	652.5927866088823	1477.814331469097	1	0	1	0.3630441906190811
54200.0	1000.0	1277.8143314691724	0.0	0	577.3146555971252	1477.814331469097	1	0	1	1.0561913711790265
55200.0	1000.0	1277.8143314691697	0.0	0	499.1076580191293	1477.814331469097	1	0	1	1.0561913711790265
56200.0	1000.0	1277.814331469174	0.0	0	660.2334692441582	1477.814331469097	1	0	1	1.0561913711790265
57200.0	2000.0	1277.814331469174	0.0	0	564.800239023738	1477.8143314691042	1	0	1	1.0561913711790258
58200.0	2000.0	1277.8143314691727	0.0	0	545.2505109085469	1477.8143314691042	1	0	1	1.7493385517389708
59200.0	2000.0	1277.8143314691802	0.0	0	416.8473776892715	1477.8143314691042	1	0	1	1.7493385517389708
60200.0	2000.0	1277.814331469179	0.0	0	386.05651730566024	1477.8143314691042	1	0	1	1.7493385517389708
61200.0	2000.0	1277.8143314691797	0.0	0	264.51448407681164	1477.814331469097	1	0	1	1.7493385517389717
62200.0	2000.0	1277.8143314691733	0.0	0	168.1812079624142	1477.814331469097	1	0	1	1.7493385517389717
63200.0	2000.0	1277.8143314691756	0.0	0	148.32383016059612	1477.814331469097	1	0	1	1.7493385517389717
64200.0	2000.0	1277.8143314691802	0.0	0	181.32970968914742	1477.814331469097	1	0	1	1.7493385517389717
65200.0	2000.0	1277.8143314691752	0.0	0	372.10838427543786	1477.814331469097	1	0	1	1.7493385517389717
66200.0	2000.0	1277.8143314691672	0.0	0	426.9006888788135	1477.8143314690897	1	0	1	1.7493385517389726
67200.0	2000.0	1277.814331469147	0.0	0	417.48861915689486	1477.8143314690678	1	0	1	1.7493385517389735
68200.0	2000.0	1277.8143314691577	0.0	0	178.8454357428709	1477.8143314690678	1	0	1	1.7493385517389746
69200.0	2000.0	1277.8143314691501	0.0	0	308.1175936365471	1477.8143314690678	1	0	1	1.7493385517389746
70329.05894050495	2000.0	1148.755390964179	0.0	0	0.0	1477.8143314690533	1	0	1	1.749338551738976
71733.68057061077	2000.0	744.1337608583683	0.0	0	0.0	1477.8143314690533	1	0	1	1.749338551738976
72200.0	1000.0	1277.8143314691495	0.0	0	113.96736200997839	1477.8143314690533	1	0	1	0.36304419061908566
73200.0	1000.0	1277.8143314691497	0.0	0	294.00585823769507	1477.8143314690387	1	0	1	1.0561913711790323
74200.0	1000.0	1277.814331469156	0.0	0	323.2180807225086	1477.8143314690387	1	0	1	1.0561913711790323
75200.0	1000.0	1277.8143314691545	0.0	0	264.1792125339416	1477.8143314690533	1	0	1	1.056191371179031
76200.0	1000.0	1277.8143314691733	0.0	0	569.4708730607526	1477.8143314690678	1	0	1	1.0561913711790294
77200.0	1000.0	1277.814331469169	0.0	0	404.36141655864776	1477.8143314690678	1	0	1	1.0561913711790294
78200.0	1000.0	1277.814331469179	0.0	0	352.8962018722814	1477.8143314690678	1	0	1	1.0561913711790294
79200.0	1000.0	1277.8143314691993	0.0	0	437.4318398074247	1477.8143314690824	1	0	1	1.056191371179028
80200.0	1000.0	1277.814331469182	0.0	0	497.5415913578181	1477.8143314690824	1	0	1	1.056191371179028
81200.0	1000.0	1277.8143314691756	0.0	0	692.8449108839559	1477.8143314690824	1	0	1	1.056191371179028
82200.0	1000.0	1277.8143314691806	0.0	0	610.0405681499833	1477.8143314690824	1	0	1	1.056191371179028
83200.0	1000.0	1277.814331469172	0.0	0	619.1156847962702	1477.8143314690678	1	0	1	1.0561913711790294
84200.0	1000.0	1277.8143314691852	0.0	0	438.10279027164506	1477.8143314690678	1	0	1	1.0561913711790294
85200.0	1000.0	1277.8143314691883	0.0	0	518.177724947338	1477.8143314690824	1	0	1	1.056191371179028
86200.0	1000.0	1277.8143314691715	0.0	0	372.5629445435916	1477.8143314690824	1	0	1	1.056191371179028
87200.0	1000.0	1277.8143314691706	0.0	0	457.42329323005106	1477.8143314690824	1	0	1	1.056191371179028
88200.0	1000.0	1277.814331469176	0.0	0	535.5890722487529	1477.814331469097	1	0	1	1.0561913711790265
89200.0	1000.0	1277.814331469187	0.0	0	600.1110997372598	1477.8143314691115	1	0	1	1.0561913711790252
90200.0	1000.0	1277.8143314691947	0.0	0	239.9965767494723	1477.8143314691115	1	0	1	1.0561913711790252
91200.0	1000.0	1277.814331469195	0.0	0	506.38567796470306	1477.8143314691115	1	0	1	1.0561913711790252
92200.0	1000.0	1277.814331469185	0.0	0	486.7407856082864	1477.814331469097	1	0	1	1.0561913711790265
93200.0	1000.0	1277.8143314691781	0.0	0	393.59907517531246	1477.814331469097	1	0	1	1.0561913711790265
94200.0	1000.0	1277.8143314691777	0.0	0	350.79878013463167	1477.814331469097	1	0	1	1.0561913711790265
95200.0	1000.0	1277.8143314691645	0.0	0	439.5182749810192	1477.814331469097	1	0	1	1.0561913711790265
96200.0	1000.0	1277.8143314691592	0.0	0	407.37262564322737	1477.814331469097	1	0	1	1.0561913711790265
97200.0	1000.0	1277.8143314691613	0.0	0	382.96664319818956	1477.8143314691115	1	0	1	1.0561913711790252
98200.0	1000.0	1277.8143314691638	0.0	0	329.5203893397411	1477.8143314691115	1	0	1	1.0561913711790252
99200.0	1000.0	1277.8143314691702	0.0	0	449.7152660925349	1477.8143314691115	1	0	1	1.0561913711790252
100200.0	1000.0	1277.8143314691713	0.0	0	405.4876176381222	1477.8143314691115	1	0	1	1.0561913711790252
101200.0	1000.0	1277.8143314691483	0.0	0	589.0398462465382	1477.8143314691115	1	0	1	1.0561913711790252
102200.0	1000.0	1277.814331469164	0.0	0	529.5777651432581	1477.8143314691115	1	0	1	1.0561913711790252
103200.0	1000.0	1277.8143314691724	0.0	0	417.4020918333408	1477.8143314691115	1	0	1	1.0561913711790252
104200.0	1000.0	1277.8143314691765	0.0	0	554.0899432875594	1477.8143314691115	1	0	1	1.0561913711790252
105200.0	1000.0	1277.8143314691874	0.0	0	588.8617755470768	1477.8143314691115	1	0	1	1.0561913711790252
106200.0	1000.0	1277.8143314691965	0.0	0	546.1679088148376	1477.8143314691115	1	0	1	1.0561913711790252
107200.0	1000.0	1277.8143314692122	0.0	0	408.854448661732	1477.814331469126	1	0	1	1.0561913711790236
108200.0	1000.0	1277.814331469207	0.0	0	565.330461579113	1477.814331469126	1	0	1	1.0561913711790236
109200.0	1000.0	1277.8143314692093	0.0	0	438.133357153667	1477.814331469126	1	0	1	1.0561913711790236
110200.0	2000.0	1277.8143314692154	0.0	0	272.8198637677706	1477.814331469126	1	0	1	1.0561913711790236
111200.0	2000.0	1277.8143314692152	0.0	0	594.6911330338335	1477.8143314691406	1	0	1	1.7493385517389672
112200.0	1000.0	1277.8143314692084	0.0	0	752.0125108529028	1477.8143314691406	1	0	1	0.363044190619077
113200.0	1000.0	1277.8143314692022	0.0	0	709.5623852199351	1477.8143314691406	1	0	1	1.0561913711790223
114200.0	1000.0	1277.8143314692065	0.0	0	625.2535538531229	1477.8143314691406	1	0	1	1.0561913711790223
115200.0	1000.0	1277.8143314691963	0.0	0	579.0677723374538	1477.8143314691406	1	0	1	1.0561913711790223
116379.84672012492	2000.0	1097.967611344281	0.0	0	0.0	1477.8143314691551	1	0	1	1.0561913711790207
117673.4512408557	2000.0	804.3630906134936	0.0	0	0.0	1477.8143314691551	1	0	1	1.749338551738966
118227.44628321272	1000.0	1250.3680482564798	0.0	0	0.0	1477.8143314691551	1	0	1	0.36304419061907556
119200.0	2000.0	1277.8143314692009	0.0	0	393.88186432769	1477.8143314691697	1	0	1	1.0561913711790192
120512.04769788483	2000.0	965.766633584379	0.0	0	0.0	1477.8143314691697	1	0	1	1.7493385517389641
121200.0	1000.0	1277.8143314692038	0.0	0	325.60181285139697	1477.8143314691551	1	0	1	0.36304419061907556
122200.0	1000.0	1277.8143314692063	0.0	0	702.9565814342932	1477.8143314691551	1	0	1	1.0561913711790207
123200.0	1000.0	1277.8143314692018	0.0	0	709.9726948177704	1477.8143314691551	1	0	1	1.0561913711790207
124200.0	2000.0	1277.8143314691933	0.0	0	138.6799264292349	1477.8143314691551	1	0	1	1.0561913711790207
125851.37389033845	2000.0	626.4404411307305	0.0	0	0.0	1477.8143314691406	1	0	1	1.7493385517389672
126665.48552522415	1000.0	812.3288062450332	0.0	0	0.0	1477.8143314691406	1	0	1	0.363044190619077
127512.07061554558	1000.0	965.7437159235881	0.0	0	0.0	1477.8143314691406	1	0	1	1.0561913711790223
128200.0	1000.0	1277.8143314691797	0.0	0	195.012121305248	1477.8143314691406	1	0	1	1.0561913711790223
129200.0	1000.0	1277.8143314691904	0.0	0	400.73685352897155	1477.8143314691406	1	0	1	1.0561913711790223
130200.0	1000.0	1277.8143314691822	0.0	0	373.5378988924349	1477.8143314691406	1	0	1	1.0561913711790223
131200.0	1000.0	1277.8143314691833	0.0	0	556.6749842294084	1477.8143314691406	1	0	1	1.0561913711790223
132200.0	1000.0	1277.8143314691845	0.0	0	512.3939757861663	1477.8143314691406	1	0	1	1.0561913711790227
133200.0	1000.0	1277.814331469179	0.0	0	620.2263718027971	1477.814331469126	1	0	1	1.0561913711790234
134200.0	1000.0	1277.8143314691886	0.0	0	585.8394882050343	1477.814331469097	1	0	1	1.0561913711790265
135200.0	1000.0	1277.814331469176	0.0	0	371.377191652311	1477.814331469126	1	0	1	1.0561913711790236
136200.0	1000.0	1277.8143314691495	0.0	0	583.0973554282973	1477.814331469097	1	0	1	1.0561913711790265
137200.0	1000.0	1277.8143314691658	0.0	0	518.0913419476419	1477.8143314690678	1	0	1	1.0561913711790294
138200.0	1000.0	1277.8143314692159	0.0	0	646.2592171239667	1477.8143314690678	1	0	1	1.0561913711790294
139200.0	1000.0	1277.814331469227	0.0	0	733.1313716001168	1477.8143314690678	1	0	1	1.0561913711790294
140200.0	1000.0	1277.8143314692343	0.0	0	694.146448868938	1477.8143314690678	1	0	1	1.0561913711790294
141200.0	1000.0	1277.8143314691854	0.0	0	489.44861207989743	1477.8143314690678	1	0	1	1.0561913711790294
142200.0	1000.0	1277.8143314691972	0.0	0	662.5357701006287	1477.8143314690678	1	0	1	1.0561913711790294
143200.0	2000.0	1277.8143314692113	0.0	0	206.45794289719197	1477.8143314690678	1	0	1	1.0561913711790294
144200.0	1000.0	1277.8143314692404	0.0	0	528.1768021027965	1477.8143314690678	1	0	1	0.3630441906190842
145200.0	1000.0	1277.8143314692531	0.0	0	631.420170135505	1477.814331469097	1	0	1	1.0561913711790265
146200.0	1000.0	1277.8143314692484	0.0	0	559.2290577178646	1477.814331469097	1	0	1	1.0561913711790265
147200.0	2000.0	1277.8143314692431	0.0	0	291.6507127470104	1477.814331469097	1	0	1	1.0561913711790265
148200.0	1000.0	1277.8143314692352	0.0	0	440.76081195136067	1477.8143314690678	1	0	1	0.3630441906190842
149200.0	1000.0	1277.814331469225	0.0	0	445.3108754265413	1477.8143314690678	1	0	1	1.0561913711790294
150200.0	2000.0	1277.8143314692195	0.0	0	277.73663676163414	1477.8143314690678	1	0	1	1.0561913711790294
151200.0	1000.0	1277.814331469231	0.0	0	495.13251155251055	1477.8143314690678	1	0	1	0.3630441906190842
152200.0	1000.0	1277.814331469242	0.0	0	493.462821839581	1477.8143314690678	1	0	1	1.0561913711790294
153200.0	1000.0	1277.8143314692024	0.0	0	479.88535481938743	1477.8143314690678	1	0	1	1.0561913711790294
154200.0	2000.0	1277.8143314691881	0.0	0	307.4241740271973	1477.8143314690387	1	0	1	1.0561913711790325
155200.0	2000.0	1277.8143314691738	0.0	0	47.73546551348409	1477.8143314690096	1	0	1	1.7493385517389803
156200.0	2000.0	1277.8143314691415	0.0	0	235.9425350901438	1477.8143314689805	1	0	1	1.7493385517389834
157403.94493235354	2000.0	1073.8693991155787	0.0	0	0.0	1477.8143314689805	1	0	1	1.7493385517389834
158312.8498957645	2000.0	1164.9644357046286	0.0	0	0.0	1477.8143314690096	1	0	1	1.7493385517389803
159446.34325546768	2000.0	1031.4710760014004	0.0	0	0.0	1477.8143314690096	1	0	1	1.7493385517389803
161444.69981681352	2000.0	200.0	166.88548534441327	0	0.0	1644.6998168134596	1	0	1	0.742819969925113
162057.3470281405	1000.0	703.6123244435112	116.25953577049131	0	0.0	1760.9593525839446	1	0	1	-0.3628275261153513
162632.39116574413	1000.0	1071.0637730795443	0.0	0	0.0	1703.4549388236192	1	0	2	0.6323950339732661
163200.0	1000.0	1446.694055398085	0.0	0	201.2425952932099	1646.6940553979948	1	0	2	0.8369569629024487
164200.0	1000.0	1346.6940553980603	0.0	0	514.0621840779204	1546.6940553979366	1	0	2	0.8454151706366206
165200.0	1000.0	1246.6940553980874	0.0	0	523.6506824482058	1446.6940553979366	1	0	2	0.8553749195601308
166200.0	1000.0	1246.6940553981074	0.0	0	413.81581615901086	1446.6940553979366	1	0	1	0.8593033987861423
167200.0	1000.0	1246.6940553981037	0.0	0	536.9832046462398	1446.6940553979366	1	0	1	1.0593033987861424
168200.0	1000.0	1246.6940553980767	0.0	0	574.8393500168459	1446.6940553979075	1	0	1	1.0593033987861453
169200.0	1000.0	1246.694055398097	0.0	0	241.00533667369746	1446.6940553979366	1	0	1	1.0593033987861424
170200.0	1000.0	1246.6940553981274	0.0	0	350.70188867877005	1446.6940553979366	1	0	1	1.0593033987861424
171200.0	1000.0	1246.6940553981258	0.0	0	310.488267895038	1446.6940553979366	1	0	1	1.0593033987861424
172200.0	1000.0	1246.6940553981515	0.0	0	440.1436217741866	1446.6940553979366	1	0	1	1.0593033987861424
173200.0	1000.0	1246.6940553981503	0.0	0	441.5947822469752	1446.6940553979366	1	0	1	1.0593033987861424
174200.0	1000.0	1246.6940553981653	0.0	0	581.6009827465459	1446.6940553979657	1	0	1	1.0593033987861395
175200.0	1000.0	1246.6940553981622	0.0	0	539.9762101703964	1446.6940553979366	1	0	1	1.0593033987861424
176200.0	1000.0	1246.6940553981624	0.0	0	629.6135652772791	1446.6940553979366	1	0	1	1.0593033987861424
177200.0	1000.0	1246.6940553981374	0.0	0	730.5512185810367	1446.6940553979366	1	0	1	1.0593033987861424
178200.0	1000.0	1246.6940553981212	0.0	0	519.5534185441211	1446.6940553979075	1	0	1	1.0593033987861453
179200.0	1000.0	1246.694055398136	0.0	0	608.2525679225218	1446.6940553979075	1	0	1	1.0593033987861453
180200.0	1000.0	1246.694055398122	0.0	0	434.8504026554292	1446.6940553979366	1	0	1	1.0593033987861424
181200.0	1000.0	1246.6940553981212	0.0	0	439.9799684298923	1446.6940553979366	1	0	1	1.0593033987861424
182200.0	1000.0	1246.6940553981126	0.0	0	532.6739100020786	1446.6940553979366	1	0	1	1.0593033987861424
183200.0	1000.0	1246.6940553981296	0.0	0	138.61690286314115	1446.6940553979657	1	0	1	1.0593033987861395
184200.0	1000.0	1246.6940553981499	0.0	0	405.7658068303426	1446.6940553979657	1	0	1	1.0593033987861395
185200.0	1000.0	1246.6940553981265	0.0	0	391.0501450394222	1446.6940553979366	1	0	1	1.0593033987861424
186200.0	1000.0	1246.69405539814	0.0	0	683.1015764079057	1446.6940553979366	1	0	1	1.0593033987861424
187200.0	1000.0	1246.6940553981653	0.0	0	673.020213751297	1446.6940553979657	1	0	1	1.0593033987861395
188200.0	1000.0	1246.6940553982006	0.0	0	625.1232892540575	1446.6940553979948	1	0	1	1.0593033987861367
189200.0	1000.0	1246.6940553981929	0.0	0	613.6461317079666	1446.6940553979948	1	0	1	1.0593033987861367
190200.0	1000.0	1246.6940553981983	0.0	0	634.4979487046076	1446.6940553979948	1	0	1	1.0593033987861367
191200.0	1000.0	1246.6940553982229	0.0	0	690.5555465603247	1446.6940553979948	1	0	1	1.0593033987861367
192200.0	1000.0	1246.6940553981963	0.0	0	692.9163303126697	1446.6940553979948	1	0	1	1.0593033987861367
193200.0	1000.0	1246.6940553982074	0.0	0	492.23843814546126	1446.6940553979948	1	0	1	1.0593033987861367
194200.0	1000.0	1246.6940553982172	0.0	0	591.3858451502456	1446.694055398024	1	0	1	1.0593033987861344
195200.0	2000.0	1246.6940553982133	0.0	0	406.37932895249105	1446.694055398024	1	0	1	1.0593033987861338
196200.0	2000.0	1246.6940553982122	0.0	0	136.16290296858642	1446.6940553979948	1	0	1	1.7524505793460818
197200.0	2000.0	1246.6940553981917	0.0	0	344.78941904954263	1446.6940553979948	1	0	1	1.7524505793460818
198200.0	2000.0	1246.6940553981794	0.0	0	108.70484471897362	1446.6940553979948	1	0	1	1.7524505793460818
199200.0	2000.0	1246.6940553981458	0.0	0	219.826990057074	1446.6940553979948	1	0	1	1.7524505793460818
200200.0	2000.0	1246.6940553981608	0.0	0	292.86493602060364	1446.6940553979948	1	0	1	1.7524505793460818
201200.0	2000.0	1246.6940553981626	0.0	0	387.06443339560064	1446.6940553979948	1	0	1	1.7524505793460818
202200.0	2000.0	1246.6940553982045	0.0	0	59.26595581989386	1446.694055398024	1	0	1	1.752450579346079
203200.0	2000.0	1246.694055398204	0.0	0	163.32687831437215	1446.6940553979948	1	0	1	1.7524505793460818
204200.0	2000.0	1246.694055398181	0.0	0	433.69711956364335	1446.694055398024	1	0	1	1.752450579346079
205200.0	2000.0	1246.6940553981658	0.0	0	344.04462094415794	1446.694055398024	1	0	1	1.752450579346079
206200.0	2000.0	1246.6940553981788	0.0	0	339.19664023676887	1446.694055398024	1	0	1	1.752450579346079
207200.0	2000.0	1246.69405539819	0.0	0	276.1481532994949	1446.694055398024	1	0	1	1.752450579346079
208200.0	2000.0	1246.6940553982124	0.0	0	355.09816385104205	1446.694055398024	1	0	1	1.752450579346079
209200.0	2000.0	1246.6940553982345	0.0	0	320.4278899746132	1446.694055398024	1	0	1	1.752450579346079
210200.0	2000.0	1246.6940553982417	0.0	0	170.02923821395962	1446.694055398024	1	0	1	1.752450579346079
211200.0	2000.0	1246.6940553982188	0.0	0	321.335366103478	1446.694055398024	1	0	1	1.752450579346079
212200.0	2000.0	1246.6940553982217	0.0	0	293.47550648340257	1446.6940553979948	1	0	1	1.7524505793460818
213200.0	2000.0	1246.6940553982283	0.0	0	234.08644000740605	1446.6940553979948	1	0	1	1.7524505793460818
214200.0	2000.0	1246.6940553982265	0.0	0	570.4406879389426	1446.6940553979948	1	0	1	1.7524505793460825
215200.0	2000.0	1246.6940553982274	0.0	0	533.081321501144	1446.6940553979948	1	0	1	1.7524505793460818
216200.0	2000.0	1246.694055398216	0.0	0	523.6918124745425	1446.694055398024	1	0	1	1.752450579346079
217200.0	2000.0	1246.6940553982215	0.0	0	459.4126799227379	1446.694055398053	1	0	1	1.752450579346076
218200.0	2000.0	1246.6940553982502	0.0	0	181.57319784740685	1446.694055398053	1	0	1	1.752450579346076
219200.0	2000.0	1246.6940553982604	0.0	0	13.005196317622904	1446.6940553980821	1	0	1	1.7524505793460732
220794.36763142227	2000.0	652.3264239759881	0.0	0	0.0	1446.694055398053	1	0	1	1.7524505793460752
221200.0	1000.0	1246.6940553982308	0.0	0	15.665116728079738	1446.6940553980821	1	0	1	0.3661562182261829
222200.0	1000.0	1246.6940553982217	0.0	0	376.9977193007944	1446.694055398053	1	0	1	1.059303398786131
223200.0	1000.0	1246.6940553982345	0.0	0	169.95484468061477	1446.694055398053	1	0	1	1.059303398786131
224200.0	1000.0	1246.694055398219	0.0	0	277.4839248643839	1446.694055398024	1	0	1	1.0593033987861338
225200.0	1000.0	1246.694055398249	0.0	0	358.9452083315409	1446.694055398024	1	0	1	1.0593033987861338
226200.0	1000.0	1246.6940553982568	0.0	0	430.6615721542912	1446.6940553979948	1	0	1	1.059303398786136
227200.0	1000.0	1246.6940553982672	0.0	0	392.52943538237014	1446.694055398024	1	0	1	1.0593033987861338
228200.0	1000.0	1246.6940553982395	0.0	0	579.2978220455989	1446.694055398024	1	0	1	1.0593033987861338
229200.0	1000.0	1246.694055398251	0.0	0	510.5398992281116	1446.694055398024	1	0	1	1.0593033987861338
230200.0	1000.0	1246.6940553982213	0.0	0	702.9026698218368	1446.694055398024	1	0	1	1.0593033987861338
231200.0	1000.0	1246.6940553982347	0.0	0	551.3341786422534	1446.694055398024	1	0	1	1.0593033987861338
232200.0	1000.0	1246.694055398276	0.0	0	644.8687730775564	1446.694055398053	1	0	1	1.059303398786131
233200.0	1000.0	1246.6940553982936	0.0	0	421.4639373490063	1446.694055398053	1	0	1	1.059303398786131
234200.0	1000.0	1246.694055398284	0.0	0	595.8182186832419	1446.694055398053	1	0	1	1.059303398786131
235200.0	1000.0	1246.694055398273	0.0	0	549.117239925079	1446.694055398053	1	0	1	1.059303398786131
236200.0	1000.0	1246.6940553982602	0.0	0	209.77038553668535	1446.6940553980821	1	0	1	1.059303398786128
237200.0	1000.0	1246.6940553982524	0.0	0	518.0235189860687	1446.6940553980821	1	0	1	1.059303398786128
238200.0	1000.0	1246.6940553982759	0.0	0	486.02882633169065	1446.6940553980821	1	0	1	1.059303398786128
239200.0	1000.0	1246.694055398296	0.0	0	403.6024959637725	1446.6940553980821	1	0	1	1.059303398786128
240200.0	1000.0	1246.6940553982652	0.0	0	520.7275595308165	1446.694055398053	1	0	1	1.059303398786131
241200.0	1000.0	1246.6940553982479	0.0	0	440.6999910789891	1446.694055398053	1	0	1	1.059303398786131
242200.0	1000.0	1246.694055398256	0.0	0	600.8508029367367	1446.694055398053	1	0	1	1.059303398786131
243200.0	1000.0	1246.6940553982683	0.0	0	464.4266211501381	1446.694055398053	1	0	1	1.059303398786131
244200.0	1000.0	1246.694055398245	0.0	0	173.1170583772764	1446.694055398024	1	0	1	1.0593033987861338
245200.0	1000.0	1246.6940553982283	0.0	0	283.8247504401952	1446.6940553979948	1	0	1	1.0593033987861367
246200.0	1000.0	1246.69405539822	0.0	0	265.1501238765777	1446.6940553979948	1	0	1	1.0593033987861367
247200.0	1000.0	1246.6940553982308	0.0	0	275.25665816653054	1446.6940553979948	1	0	1	1.0593033987861367
248200.0	1000.0	1246.6940553982365	0.0	0	262.91020991967525	1446.6940553979948	1	0	1	1.0593033987861367
249200.0	1000.0	1246.6940553982179	0.0	0	492.7937772027217	1446.694055398024	1	0	1	1.0593033987861338
250200.0	1000.0	1246.694055398209	0.0	0	525.8367579767946	1446.694055398024	1	0	1	1.0593033987861338
251200.0	1000.0	1246.6940553982001	0.0	0	611.0265892652969	1446.694055398053	1	0	1	1.059303398786131
252200.0	1000.0	1246.6940553981883	0.0	0	552.2153009476606	1446.6940553980821	1	0	1	1.0593033987861284
253200.0	1000.0	1246.6940553982092	0.0	0	677.0356432280387	1446.6940553981112	1	0	1	1.0593033987861251
254200.0	1000.0	1246.6940553982008	0.0	0	490.3133205207414	1446.6940553980821	1	0	1	1.0593033987861273
255200.0	1000.0	1246.6940553982024	0.0	0	576.2746777149732	1446.6940553980821	1	0	1	1.059303398786128
256200.0	1000.0	1246.694055398164	0.0	0	421.88029896470835	1446.6940553980821	1	0	1	1.059303398786128
257200.0	1000.0	1246.6940553981585	0.0	0	551.7825186564005	1446.6940553980821	1	0	1	1.059303398786128
258200.0	1000.0	1246.6940553981774	0.0	0	520.2733555470477	1446.6940553980821	1	0	1	1.059303398786128
259200.0	2000.0	1246.694055398143	0.0	0	238.71471029470558	1446.6940553980821	1	0	1	1.059303398786128
260200.0	1000.0	1246.6940553981392	0.0	0	724.0370372138277	1446.694055398053	1	0	1	0.36615621822618566
261200.0	1000.0	1246.69405539813	0.0	0	761.0104473922693	1446.694055398024	1	0	1	1.0593033987861338
262200.0	1000.0	1246.6940553981133	0.0	0	670.0284854061902	1446.694055398024	1	0	1	1.0593033987861338
263200.0	1000.0	1246.6940553980953	0.0	0	510.8314928918844	1446.694055398024	1	0	1	1.059303398786135
264200.0	1000.0	1246.6940553980999	0.0	0	524.5464802876813	1446.694055398053	1	0	1	1.059303398786131
265200.0	2000.0	1246.6940553981353	0.0	0	106.167729110457	1446.694055398053	1	0	1	1.0593033987861307
266535.4521291867	2000.0	911.2419262114413	0.0	0	0.0	1446.694055398053	1	0	1	1.752450579346076
267200.0	1000.0	1246.6940553981135	0.0	0	201.76965219469275	1446.694055398053	1	0	1	0.36615621822618566
268200.0	2000.0	1246.6940553980899	0.0	0	275.7377453270601	1446.694055398053	1	0	1	1.0593033987861307
269200.0	2000.0	1246.6940553980842	0.0	0	8.64223088347353	1446.6940553979948	1	0	1	1.7524505793460818
270200.0	1000.0	1246.694055398143	0.0	0	490.04675942170434	1446.6940553979948	1	0	1	0.3661562182261915
271200.0	1000.0	1246.6940553981428	0.0	0	698.9456949191517	1446.694055398053	1	0	1	1.059303398786131
272200.0	1000.0	1246.6940553981178	0.0	0	708.2688189801411	1446.694055398053	1	0	1	1.059303398786131
273200.0	1000.0	1246.6940553981867	0.0	0	601.7430578927742	1446.694055398053	1	0	1	1.059303398786131
274200.0	2000.0	1246.6940553981526	0.0	0	197.06563435029238	1446.694055398053	1	0	1	1.0593033987861307
275245.39376038563	1000.0	1201.3002950125128	0.0	0	0.0	1446.6940553979948	1	0	1	0.3661562182261915
276200.0	1000.0	1246.6940553981397	0.0	0	73.03990567475557	1446.6940553979366	1	0	1	1.0593033987861424
277200.0	1000.0	1246.694055398117	0.0	0	134.88516339665512	1446.6940553979948	1	0	1	1.0593033987861367
278200.0	1000.0	1246.6940553982197	0.0	0	307.64331990713254	1446.694055398053	1	0	1	1.059303398786131
279200.0	1000.0	1246.6940553982643	0.0	0	374.15613968810067	1446.694055398053	1	0	1	1.059303398786131
280200.0	1000.0	1246.6940553982906	0.0	0	542.8453512669075	1446.694055398053	1	0	1	1.059303398786131
281200.0	1000.0	1246.6940553982984	0.0	0	516.7139073815197	1446.694055398053	1	0	1	1.059303398786131
282200.0	1000.0	1246.6940553982279	0.0	0	549.9407352946582	1446.6940553981112	1	0	1	1.0593033987861251
283200.0	1000.0	1246.6940553982504	0.0	0	519.6543068177998	1446.6940553981112	1	0	1	1.0593033987861251
284200.0	1000.0	1246.6940553981883	0.0	0	547.1181186534814	1446.6940553981112	1	0	1	1.0593033987861251
285200.0	1000.0	1246.6940553981221	0.0	0	544.5514346698765	1446.694055398053	1	0	1	1.059303398786131
286200.0	1000.0	1246.694055398169	0.0	0	530.1071664380142	1446.694055398053	1	0	1	1.059303398786131
287200.0	1000.0	1246.6940553982033	0.0	0	655.1638687549275	1446.694055398053	1	0	1	1.059303398786131
288200.0	1000.0	1246.6940553982542	0.0	0	677.8207545226905	1446.694055398053	1	0	1	1.059303398786131
289200.0	1000.0	1246.6940553982122	0.0	0	592.9157743888791	1446.694055398053	1	0	1	1.059303398786131
290200.0	2000.0	1246.6940553982085	0.0	0	171.77941288199509	1446.694055398053	1	0	1	1.0593033987861307
291200.0	2000.0	1246.694055398254	0.0	0	117.96651286777342	1446.694055398053	1	0	1	1.752450579346076
292200.0	2000.0	1246.6940553981894	0.0	0	41.94697746314341	1446.694055398053	1	0	1	1.752450579346076
293202.72791439557	2000.0	1243.9661410026456	0.0	0	0.0	1446.6940553979948	1	0	1	1.7524505793460818
294200.0	1000.0	1246.6940553981922	0.0	0	503.7495985702262	1446.694055398053	1	0	1	0.3661562182261868
295200.0	2000.0	1246.6940553981901	0.0	0	186.23677651269827	1446.694055398053	1	0	1	1.0593033987861307
296200.0	2000.0	1246.6940553981462	0.0	0	233.58464361849474	1446.694055398053	1	0	1	1.752450579346076
297354.82691197045	2000.0	1091.8671434277044	0.0	0	0.0	1446.694055398053	1	0	1	1.752450579346076
298200.0	1000.0	1246.6940553981428	0.0	0	361.9048165939166	1446.694055398053	1	0	1	0.36615621822618566
299200.0	2000.0	1246.6940553980762	0.0	0	362.1557424510247	1446.694055398053	1	0	1	1.0593033987861307
300200.0	2000.0	1246.6940553980805	0.0	0	122.49671291804407	1446.694055398053	1	0	1	1.752450579346076
2.79	1.88	2.24	2.77	2.11	1.37	1.34	1.4	2.25	2.3	1.96	1.7	1.78	1.88	0.79	1.73	1.75	2.5	2.21	2.18	3.26	4.03	2.91	2.46	1.68	1.98	2.25	1.46	1.49	1.29	2.21	3.48	2.26	2.39	2.95	2.69	2.72	3.36	1.9	2.63	3.13	2.09	3.04	2.72	3.3	3.37	2.28	2.33	2.36	2.98	3.52	4.27	3.02	3.1	2.84	2.02	2.4	2.97	3.38	4.17	5.17	3.94	2.73	2.54	1.6	0.86	2.46	1.19	1.22	2.11	2.24	1.92	2.21	2.33	2.99	3.59	2.54	2.5	1.85	2.58	1.45	1.69	2.61	1.55	1.77	2.36	2.29	1.63	1.7	1.49	1.78	1.75	1.78	1.48	2.68	2.84	2.0	2.47	2.94	2.07	2.26	2.41	1.99	2.63	3.81	5.25	5.54	2.4	2.63	3.01	2.11	2.04	2.41	2.73	1.46	2.75	3.19	3.06	3.17	1.6	0.9	1.39	1.56	1.59	2.0	2.77	2.28	2.33	2.61	1.52	2.41	3.12	4.25	3.65	2.2	2.94	2.92	1.73	2.19	2.31	2.75	2.07	2.36	2.54	2.48	3.01	1.53	2.56	2.71	1.82	2.79	1.88	2.24	2.77	2.11	1.37	1.34	1.4	2.25	2.3	1.96	1.7	1.78	1.88	0.79	1.73	1.75	2.5	2.21	2.18	3.26	4.03	2.91	2.46	1.68	1.98	2.25	1.46	1.49	1.29	2.21	3.48	2.26	2.39	2.95	2.69	2.72	3.36	1.9	2.63	3.13	2.09	3.04	2.72	3.3	3.37	2.28	2.33	2.36	2.98	3.52	4.27	3.02	3.1	2.84	2.02	2.4	2.97	3.38	4.17	5.17	3.94	2.73	2.54	1.6	0.86	2.46	1.19	1.22	2.11	2.24	1.92	2.21	2.33	2.99	3.59	2.54	2.5	1.85	2.58	1.45	1.69	2.61	1.55	1.77	2.36	2.29	1.63	1.7	1.49	1.78	1.75	1.78	1.48	2.68	2.84	2.0	2.47	2.94	2.07	2.26	2.41	1.99	2.63	3.81	5.25	5.54	2.4	2.63	3.01	2.11	2.04	2.41	2.73	1.46	2.75	3.19	3.06	3.17	1.6	0.9	1.39	1.56	1.59	2.0	2.77	2.28	2.33	2.61	1.52	2.41	3.12	4.25	3.65	2.2	2.94	2.92	1.73	2.19	2.31	2.75	2.07	2.36	2.54	2.48	3.01	1.53
1.0	2.0	3.0	4.0	5.0	6.0	7.0	8.0	9.0	10.0	11.0	12.0	13.0	14.0	15.0	16.0	17.0	18.0	19.0	20.0	21.0	22.0	23.0	24.0	25.0	26.0	27.0	28.0	29.0	30.0	31.0	32.0	33.0	34.0	35.0	36.0	37.0	38.0	39.0	40.0	41.0	42.0	43.0	44.0	45.0	46.0	47.0	48.0	49.0	50.0	51.0	52.0	53.0	54.0	55.0	56.0	57.0	58.0	59.0	60.0	61.0	62.0	63.0	64.0	65.0	66.0	67.0	68.0	69.0	70.0	71.0	72.0	73.0	74.0	75.0	76.0	77.0	78.0	79.0	80.0	81.0	82.0	83.0	84.0	85.0	86.0	87.0	88.0	89.0	90.0	91.0	92.0	93.0	94.0	95.0	96.0	97.0	98.0	99.0	100.0	101.0	102.0	103.0	104.0	105.0	106.0	107.0	108.0	109.0	110.0	111.0	112.0	113.0	114.0	115.0	116.0	117.0	118.0	119.0	120.0	121.0	122.0	123.0	124.0	125.0	126.0	127.0	128.0	129.0	130.0	131.0	132.0	133.0	134.0	135.0	136.0	137.0	138.0	139.0	140.0	141.0	142.0	143.0	144.0	145.0	146.0	147.0	148.0	149.0	149.0	150.0	151.0	152.0	153.0	154.0	155.0	156.0	157.0	158.0	159.0	160.0	161.0	162.0	163.0	164.0	165.0	166.0	167.0	168.0	169.0	170.0	171.0	172.0	173.0	174.0	175.0	176.0	177.0	178.0	179.0	180.0	181.0	182.0	183.0	184.0	185.0	186.0	187.0	188.0	189.0	190.0	191.0	192.0	193.0	194.0	195.0	196.0	197.0	198.0	199.0	200.0	201.0	202.0	203.0	204.0	205.0	206.0	207.0	208.0	209.0	210.0	211.0	212.0	213.0	214.0	215.0	216.0	217.0	218.0	219.0	220.0	221.0	222.0	223.0	224.0	225.0	226.0	227.0	228.0	229.0	230.0	231.0	232.0	233.0	234.0	235.0	236.0	237.0	238.0	239.0	240.0	241.0	242.0	243.0	244.0	245.0	246.0	247.0	248.0	249.0	250.0	251.0	252.0	253.0	254.0	255.0	256.0	257.0	258.0	259.0	260.0	261.0	262.0	263.0	264.0	265.0	266.0	267.0	268.0	269.0	270.0	271.0	272.0	273.0	274.0	275.0	276.0	277.0	278.0	279.0	280.0	281.0	282.0	283.0	284.0	285.0	286.0	287.0	288.0	289.0	290.0	291.0	292.0	293.0	294.0	295.0	296.0
5476.768244872215
