5127.566044213751	300.0	2000.0	128.3386415707175	0	0.0	5127.566044213751	1	0	1	-1.2803129399648414
5265.5980605894565	300.0	2848.1647819867253	0.0	0	0.0	5113.762842576181	1	0	2	-0.9116548616803313
5386.481521491026	300.0	3715.1929749949986	0.0	0	0.0	5101.6744964860245	1	0	2	-0.7103876436828461
5487.476597524124	300.0	4604.098391358591	0.0	0	0.0	5091.574988882713	1	0	2	-0.7093415676995162
6200.0	300.0	4820.322648635128	0.0	0	578.5146091687857	5020.322648635125	1	0	2	-0.7056885126528076
7200.0	300.0	4720.322648635129	0.0	0	876.6873262123245	4920.322648635125	1	0	2	-0.6960322648635127
8200.0	300.0	4620.322648635127	0.0	0	713.4955290282978	4820.322648635125	1	0	2	-0.6860322648635127
9200.0	300.0	4520.322648635125	0.0	0	724.7904589982008	4720.322648635123	1	0	2	-0.6760322648635125
10200.0	300.0	4420.322648635125	0.0	0	822.295077896455	4620.322648635123	1	0	2	-0.6660322648635124
11200.0	300.0	4320.322648635122	0.0	0	832.3425489111432	4520.3226486351205	1	0	2	-0.6560322648635125
12200.0	300.0	4220.322648635121	0.0	0	865.7127733441321	4420.32264863512	1	0	2	-0.6460322648635122
13200.0	300.0	4120.322648635121	0.0	0	870.0779500266945	4320.32264863512	1	0	2	-0.6360322648635122
14200.0	300.0	4020.322648635125	0.0	0	766.1869928128635	4220.322648635121	1	0	2	-0.6260322648635124
15200.0	300.0	3920.3226486351227	0.0	0	857.9263985387315	4120.32264863512	1	0	2	-0.6160322648635123
16200.0	300.0	3820.322648635122	0.0	0	860.2695584605444	4020.322648635116	1	0	2	-0.6060322648635119
17200.0	300.0	3720.322648635121	0.0	0	819.5171564906395	3920.3226486351123	1	0	2	-0.5960322648635115
18200.0	300.0	3620.322648635118	0.0	0	855.2589163496341	3820.3226486351123	1	0	2	-0.5860322648635115
19200.0	300.0	3520.3226486351223	0.0	0	873.4532288912924	3720.3226486351195	1	0	2	-0.5760322648635119
20200.0	300.0	3420.3226486351195	0.0	0	890.8926469310427	3620.322648635116	1	0	2	-0.5660322648635121
21200.0	300.0	3320.322648635118	0.0	0	923.1196413622747	3520.322648635116	1	0	2	-0.556032264863512
22200.0	300.0	3220.3226486351195	0.0	0	900.0093274878054	3420.3226486351195	1	0	2	-0.5460322648635119
23200.0	300.0	3120.3226486351205	0.0	0	803.0685755143095	3320.3226486351195	1	0	2	-0.5360322648635121
24200.0	300.0	3020.3226486351264	0.0	0	831.2225819496016	3220.322648635116	1	0	2	-0.5260322648635118
25200.0	300.0	2920.322648635128	0.0	0	870.0730189094684	3120.3226486351195	1	0	2	-0.5160322648635121
26200.0	300.0	2820.322648635129	0.0	0	848.9479170661325	3020.322648635127	1	0	2	-0.5060322648635126
27200.0	300.0	2720.32264863513	0.0	0	839.8077716842963	2920.3226486351305	1	0	2	-0.4960322648635135
28200.0	300.0	2620.322648635132	0.0	0	894.2037186338275	2820.322648635134	1	0	2	-0.4860322648635133
29200.0	300.0	2520.322648635134	0.0	0	873.3060479264823	2720.322648635134	1	0	2	-0.4760322648635134
30200.0	300.0	2420.3226486351327	0.0	0	895.4235286372023	2620.3226486351305	1	0	2	-0.46603226486351357
31200.0	300.0	2320.3226486351314	0.0	0	872.0322260351422	2520.3226486351305	1	0	2	-0.4560322648635131
32200.0	300.0	2220.322648635132	0.0	0	876.2857417772684	2420.3226486351305	1	0	2	-0.44603226486351344
33200.0	300.0	2120.3226486351277	0.0	0	854.8251696408151	2320.322648635127	1	0	2	-0.4360322648635131
34200.0	300.0	2020.3226486351302	0.0	0	885.7706547294292	2220.322648635127	1	0	2	-0.42603226486351253
35200.0	300.0	1920.322648635131	0.0	0	799.9178862279296	2120.3226486351195	1	0	2	-0.41603226486351264
36200.0	300.0	1820.3226486351257	0.0	0	849.917005092997	2020.3226486351123	1	0	2	-0.40603226486351174
37200.0	300.0	1720.322648635125	0.0	0	855.9750652876537	1920.322648635105	1	0	2	-0.3960322648635107
38200.0	300.0	1620.3226486351148	0.0	0	831.2571527640248	1820.3226486350904	1	0	2	-0.38603226486350983
39200.0	300.0	1520.3226486351136	0.0	0	835.5037882253673	1720.3226486350832	1	0	2	-0.37603226486350855
40200.0	300.0	1420.3226486351143	0.0	0	877.9014767362241	1620.322648635076	1	0	2	-0.36603226486350826
41200.0	300.0	1320.3226486351116	0.0	0	867.6101759917437	1520.3226486350686	1	0	2	-0.35603226486350764
42200.0	300.0	1220.3226486351118	0.0	0	889.085570885014	1420.322648635076	1	0	2	-0.34603226486350724
43200.0	500.0	1220.322648635109	0.0	0	875.4758861216251	1420.322648635076	1	0	1	-0.34203226486350774
44200.0	500.0	1220.3226486350998	0.0	0	881.7592439962536	1420.322648635076	1	0	1	0.3687933589024831
45200.0	1000.0	1220.3226486351004	0.0	0	765.5495695382851	1420.322648635076	1	0	1	0.3687933589024832
46200.0	1000.0	1220.3226486351002	0.0	0	717.5387341309397	1420.322648635076	1	0	1	1.0619405394624286
47200.0	1000.0	1220.3226486350986	0.0	0	618.4465294198599	1420.322648635076	1	0	1	1.0619405394624286
48200.0	2000.0	1220.322648635092	0.0	0	298.8169958150029	1420.3226486350686	1	0	1	1.0619405394624293
49200.0	2000.0	1220.3226486350918	0.0	0	330.1332884974836	1420.3226486350686	1	0	1	1.7550877200223745
50200.0	2000.0	1220.3226486350889	0.0	0	390.4116118756356	1420.3226486350686	1	0	1	1.7550877200223745
51200.0	2000.0	1220.3226486351007	0.0	0	445.949330823998	1420.3226486350686	1	0	1	1.7550877200223745
52200.0	2000.0	1220.3226486351016	0.0	0	24.612460791460762	1420.3226486350686	1	0	1	1.7550877200223745
53200.0	2000.0	1220.3226486351061	0.0	0	301.8177990809054	1420.322648635076	1	0	1	1.7550877200223738
54200.0	2000.0	1220.322648635106	0.0	0	469.1481212728322	1420.3226486350832	1	0	1	1.755087720022373
55200.0	2000.0	1220.3226486351118	0.0	0	127.31597340294684	1420.322648635076	1	0	1	1.7550877200223738
56331.72708631372	2000.0	1088.5955623214018	0.0	0	0.0	1420.322648635076	1	0	1	1.7550877200223738
57200.0	2000.0	1220.3226486351268	0.0	0	135.22071987114032	1420.3226486350832	1	0	1	1.755087720022373
58200.0	2000.0	1220.322648635126	0.0	0	1.750534810424142	1420.3226486350832	1	0	1	1.755087720022373
59200.0	2000.0	1220.3226486351227	0.0	0	395.65606787027355	1420.322648635076	1	0	1	1.7550877200223738
60200.0	2000.0	1220.322648635123	0.0	0	290.43794483201054	1420.322648635076	1	0	1	1.7550877200223738
61200.0	2000.0	1220.3226486351168	0.0	0	293.38664740978857	1420.322648635076	1	0	1	1.7550877200223738
62200.0	2000.0	1220.3226486351214	0.0	0	440.06118063398026	1420.322648635076	1	0	1	1.7550877200223738
63200.0	2000.0	1220.3226486351164	0.0	0	399.7248176376015	1420.322648635076	1	0	1	1.7550877200223738
64200.0	2000.0	1220.3226486351227	0.0	0	344.3477643310762	1420.322648635076	1	0	1	1.7550877200223738
65200.0	2000.0	1220.3226486351225	0.0	0	480.3359719962609	1420.322648635076	1	0	1	1.7550877200223738
66288.55661283167	2000.0	1131.7660358034627	0.0	0	0.0	1420.3226486350904	1	0	1	1.755087720022373
67218.42490941407	2000.0	1201.8977392210682	0.0	0	0.0	1420.3226486350904	1	0	1	1.7550877200223722
68201.74075011947	2000.0	1218.5818985156657	0.0	0	196.1133748791035	1420.322648635076	1	0	1	1.7550877200223738
69481.52393646074	2000.0	938.798712174406	0.0	0	0.0	1420.322648635076	1	0	1	1.7550877200223738
70284.20120592881	2000.0	1136.12144270636	0.0	0	0.0	1420.322648635076	1	0	1	1.7550877200223738
71200.0	2000.0	1220.322648635175	0.0	0	172.30582949737436	1420.322648635076	1	0	1	1.7550877200223738
72200.0	2000.0	1220.3226486351798	0.0	0	299.1163111083006	1420.3226486350613	1	0	1	1.7550877200223751
73200.0	2000.0	1220.3226486351884	0.0	0	108.15097965947643	1420.3226486350613	1	0	1	1.7550877200223751
74200.0	2000.0	1220.3226486351853	0.0	0	116.96364524055389	1420.3226486350613	1	0	1	1.7550877200223751
75200.0	2000.0	1220.3226486351825	0.0	0	218.48991479763936	1420.322648635076	1	0	1	1.7550877200223738
76200.0	2000.0	1220.3226486351718	0.0	0	260.30955357983476	1420.322648635076	1	0	1	1.7550877200223738
77200.0	2000.0	1220.3226486351805	0.0	0	354.6838011880609	1420.322648635076	1	0	1	1.7550877200223738
78200.0	2000.0	1220.322648635174	0.0	0	276.91879641628475	1420.322648635076	1	0	1	1.7550877200223738
79200.0	2000.0	1220.3226486351914	0.0	0	255.74404843458615	1420.322648635076	1	0	1	1.7550877200223738
80200.0	2000.0	1220.3226486351916	0.0	0	480.5630263869243	1420.322648635076	1	0	1	1.7550877200223738
81200.0	2000.0	1220.322648635206	0.0	0	379.08835414479836	1420.3226486350904	1	0	1	1.7550877200223722
82200.0	2000.0	1220.3226486351973	0.0	0	506.5107604829245	1420.322648635105	1	0	1	1.7550877200223707
83200.0	2000.0	1220.3226486352014	0.0	0	594.4661501874652	1420.322648635105	1	0	1	1.7550877200223707
84200.0	2000.0	1220.322648635218	0.0	0	442.34932577057043	1420.322648635105	1	0	1	1.7550877200223707
85200.0	2000.0	1220.3226486352044	0.0	0	312.6569963125221	1420.322648635105	1	0	1	1.7550877200223707
86200.0	2000.0	1220.3226486352	0.0	0	381.334235556802	1420.322648635105	1	0	1	1.7550877200223707
87200.0	2000.0	1220.3226486351991	0.0	0	401.18224085346446	1420.322648635105	1	0	1	1.7550877200223707
88200.0	2000.0	1220.3226486351962	0.0	0	120.13363133718667	1420.322648635105	1	0	1	1.7550877200223707
89200.0	2000.0	1220.3226486351894	0.0	0	298.2379857485939	1420.322648635105	1	0	1	1.7550877200223707
90200.0	2000.0	1220.32264863519	0.0	0	412.67199368220463	1420.3226486351195	1	0	1	1.7550877200223693
91200.0	3000.0	1220.3226486351853	0.0	0	203.84004995909345	1420.3226486351195	1	0	1	1.7550877200223696
92200.0	2000.0	1220.3226486351837	0.0	0	382.2167153784976	1420.3226486351195	1	0	1	1.3496226119142047
93200.0	2000.0	1220.32264863518	0.0	0	400.2682503185206	1420.3226486351195	1	0	1	1.7550877200223693
94200.0	2000.0	1220.3226486351687	0.0	0	314.19760211331595	1420.322648635105	1	0	1	1.7550877200223707
95200.0	2000.0	1220.3226486351687	0.0	0	300.34438798164774	1420.322648635105	1	0	1	1.7550877200223707
96200.0	2000.0	1220.3226486351823	0.0	0	524.7363265895838	1420.322648635105	1	0	1	1.7550877200223707
97200.0	2000.0	1220.3226486351768	0.0	0	670.5050829229149	1420.322648635105	1	0	1	1.7550877200223707
98200.0	2000.0	1220.3226486351846	0.0	0	421.2899140667578	1420.3226486351195	1	0	1	1.7550877200223693
99200.0	2000.0	1220.3226486351812	0.0	0	578.1296887994104	1420.3226486351195	1	0	1	1.7550877200223693
100247.20039725293	3000.0	1173.1222513822404	0.0	0	0.0	1420.3226486351195	1	0	1	1.7550877200223696
101541.71036739179	3000.0	878.612281243396	0.0	0	0.0	1420.3226486351195	1	0	1	2.160552828130534
102902.99993424461	2000.0	517.3227143905821	0.0	0	0.0	1420.3226486351195	1	0	1	1.3496226119142047
103580.328296392	2000.0	839.9943522431806	0.0	0	0.0	1420.322648635105	1	0	1	1.7550877200223707
104578.4842815572	2000.0	841.8383670779936	0.0	0	0.0	1420.322648635105	1	0	1	1.7550877200223707
105811.70505182254	2000.0	608.6175968126496	0.0	0	0.0	1420.3226486351195	1	0	1	1.7550877200223693
106200.0	1000.0	1220.3226486352012	0.0	0	20.76842923507502	1420.3226486351195	1	0	1	0.3687933589024791
107200.0	1000.0	1220.322648635204	0.0	0	501.1900492160494	1420.322648635105	1	0	1	1.0619405394624257
108200.0	1000.0	1220.3226486351953	0.0	0	716.4905946833169	1420.322648635105	1	0	1	1.0619405394624257
109200.0	1000.0	1220.3226486351964	0.0	0	758.9713773100084	1420.322648635105	1	0	1	1.0619405394624257
110200.0	1000.0	1220.3226486351991	0.0	0	773.2027008721634	1420.3226486350904	1	0	1	1.0619405394624273
111200.0	1000.0	1220.3226486352037	0.0	0	721.0318056046381	1420.3226486350904	1	0	1	1.0619405394624273
112200.0	1000.0	1220.3226486352073	0.0	0	576.0902338003798	1420.322648635105	1	0	1	1.0619405394624257
113200.0	1000.0	1220.3226486352175	0.0	0	739.4751767022826	1420.322648635105	1	0	1	1.0619405394624257
114200.0	2000.0	1220.3226486352362	0.0	0	577.1198948597739	1420.3226486351195	1	0	1	1.0619405394624242
115200.0	2000.0	1220.3226486352319	0.0	0	550.616436790151	1420.3226486351195	1	0	1	1.7550877200223693
116200.0	2000.0	1220.3226486352412	0.0	0	380.9483334602555	1420.3226486351195	1	0	1	1.7550877200223693
117200.0	2000.0	1220.3226486352403	0.0	0	392.20096072368324	1420.3226486351195	1	0	1	1.7550877200223693
118200.0	3000.0	1220.3226486352241	0.0	0	309.57344737488893	1420.3226486351195	1	0	1	1.7550877200223696
119200.0	3000.0	1220.3226486352235	0.0	0	175.21623655081203	1420.3226486351195	1	0	1	2.160552828130534
120200.0	3000.0	1220.322648635235	0.0	0	485.1896253177838	1420.3226486351195	1	0	1	2.160552828130534
121303.82571925441	3000.0	1116.4969293808383	0.0	0	0.0	1420.3226486351195	1	0	1	2.160552828130534
122695.67714053023	3000.0	724.6455081050243	0.0	0	0.0	1420.3226486351195	1	0	1	2.160552828130534
123709.01945074409	2000.0	711.303197891164	0.0	0	0.0	1420.3226486351195	1	0	1	1.3496226119142047
124224.00959748325	2000.0	1196.3130511520176	0.0	0	0.0	1420.3226486351195	1	0	1	1.7550877200223693
125200.0	2000.0	1220.3226486352721	0.0	0	382.4362343520188	1420.3226486351195	1	0	1	1.7550877200223693
126200.0	2000.0	1220.3226486352635	0.0	0	535.071040509385	1420.3226486351195	1	0	1	1.7550877200223693
127200.0	2000.0	1220.3226486352803	0.0	0	391.6275044009526	1420.3226486351195	1	0	1	1.7550877200223693
128200.0	2000.0	1220.3226486352858	0.0	0	186.08305072729127	1420.3226486351195	1	0	1	1.7550877200223693
129200.0	2000.0	1220.3226486352935	0.0	0	265.6663465724705	1420.322648635105	1	0	1	1.7550877200223707
130200.0	2000.0	1220.3226486353046	0.0	0	135.57255396097025	1420.322648635105	1	0	1	1.7550877200223707
131200.0	2000.0	1220.3226486352955	0.0	0	4.361385832889937	1420.322648635105	1	0	1	1.7550877200223707
132200.0	2000.0	1220.3226486352874	0.0	0	214.11090938650887	1420.322648635105	1	0	1	1.7550877200223702
133200.0	2000.0	1220.3226486353299	0.0	0	395.3992908084474	1420.322648635134	1	0	1	1.7550877200223682
134200.0	2000.0	1220.3226486353547	0.0	0	188.4984491096111	1420.322648635134	1	0	1	1.755087720022368
135282.47177611812	2000.0	1137.8508725172173	0.0	0	0.0	1420.322648635134	1	0	1	1.755087720022368
136200.0	1000.0	1220.322648635353	0.0	0	264.9663273173792	1420.322648635134	1	0	1	0.36879335890247766
137200.0	1000.0	1220.3226486353703	0.0	0	596.1195315839723	1420.322648635134	1	0	1	1.0619405394624228
138200.0	1000.0	1220.3226486354067	0.0	0	758.9960294155171	1420.322648635134	1	0	1	1.0619405394624228
139200.0	1000.0	1220.3226486354088	0.0	0	773.8923337877204	1420.322648635134	1	0	1	1.0619405394624228
140200.0	1000.0	1220.322648635429	0.0	0	654.9684604061185	1420.322648635134	1	0	1	1.0619405394624228
141200.0	1000.0	1220.3226486354072	0.0	0	515.0271419355704	1420.322648635134	1	0	1	1.0619405394624228
142200.0	1000.0	1220.3226486354301	0.0	0	394.613604539918	1420.322648635134	1	0	1	1.0619405394624228
143200.0	1000.0	1220.3226486354326	0.0	0	290.5023287985532	1420.322648635134	1	0	1	1.0619405394624228
144200.0	1000.0	1220.3226486354458	0.0	0	619.7524775576021	1420.322648635134	1	0	1	1.0619405394624228
145200.0	1000.0	1220.3226486354624	0.0	0	735.6888861377956	1420.322648635134	1	0	1	1.0619405394624228
146200.0	1000.0	1220.3226486354565	0.0	0	647.887913376384	1420.322648635134	1	0	1	1.0619405394624228
147263.25181316468	2000.0	1157.0708354707551	0.0	0	0.0	1420.322648635134	1	0	1	1.0619405394624228
148200.0	1000.0	1220.322648635455	0.0	0	537.6268200907798	1420.3226486351632	1	0	1	0.36879335890247467
149200.0	1000.0	1220.3226486354451	0.0	0	710.410710441065	1420.3226486351632	1	0	1	1.06194053946242
150200.0	1000.0	1220.3226486354781	0.0	0	611.3808885687322	1420.3226486351632	1	0	1	1.06194053946242
151200.0	1000.0	1220.3226486354697	0.0	0	729.3609413246159	1420.3226486351632	1	0	1	1.06194053946242
152200.0	1000.0	1220.3226486354888	0.0	0	743.4733860334672	1420.3226486351923	1	0	1	1.0619405394624168
153200.0	2000.0	1220.3226486354863	0.0	0	353.15936966458685	1420.3226486352214	1	0	1	1.061940539462414
154200.0	2000.0	1220.322648635498	0.0	0	391.3563718391524	1420.3226486351923	1	0	1	1.7550877200223622
155200.0	2000.0	1220.3226486355188	0.0	0	353.82744227082003	1420.3226486351923	1	0	1	1.7550877200223622
156200.0	2000.0	1220.322648635549	0.0	0	310.8048780129757	1420.3226486352214	1	0	1	1.7550877200223591
157578.26451913005	2000.0	842.058129505471	0.0	0	0.0	1420.3226486352214	1	0	1	1.7550877200223591
158691.098547736	2000.0	729.2241008995252	0.0	0	0.0	1420.3226486352214	1	0	1	1.7550877200223591
159343.88862199686	2000.0	1076.4340266386796	0.0	0	0.0	1420.3226486352505	1	0	1	1.7550877200223565
160200.0	2000.0	1220.3226486355727	0.0	0	214.28205728146713	1420.3226486352505	1	0	1	1.7550877200223565
161200.0	2000.0	1220.322648635553	0.0	0	434.10919024053146	1420.3226486352214	1	0	1	1.7550877200223591
162200.0	2000.0	1220.3226486355466	0.0	0	498.550247653533	1420.3226486352214	1	0	1	1.7550877200223591
163200.0	2000.0	1220.3226486355666	0.0	0	33.77918669604696	1420.3226486351923	1	0	1	1.7550877200223622
164200.0	2000.0	1220.3226486355854	0.0	0	138.59665174552356	1420.3226486351923	1	0	1	1.7550877200223622
165200.0	2000.0	1220.3226486355795	0.0	0	333.2255347761384	1420.3226486351923	1	0	1	1.7550877200223622
166200.0	2000.0	1220.3226486355743	0.0	0	115.50880632991903	1420.3226486351923	1	0	1	1.7550877200223622
167200.0	2000.0	1220.322648635602	0.0	0	11.557031554781133	1420.3226486351632	1	0	1	1.7550877200223638
168200.0	2000.0	1220.3226486356075	0.0	0	185.43339849778567	1420.3226486351632	1	0	1	1.755087720022365
169200.0	2000.0	1220.322648635626	0.0	0	290.9364926950366	1420.3226486351923	1	0	1	1.755087720022364
170200.0	2000.0	1220.3226486356266	0.0	0	506.4462450472929	1420.3226486352214	1	0	1	1.7550877200223591
171200.0	2000.0	1220.322648635598	0.0	0	538.112024029484	1420.3226486352214	1	0	1	1.7550877200223591
172506.25592600903	2000.0	914.0667226265919	0.0	0	0.0	1420.3226486352214	1	0	1	1.7550877200223591
173383.71488356916	2000.0	1036.6077650664567	0.0	0	0.0	1420.3226486352214	1	0	1	1.7550877200223591
174200.0	2000.0	1220.3226486356223	0.0	0	68.29664322870667	1420.3226486351923	1	0	1	1.7550877200223611
175200.0	2000.0	1220.322648635611	0.0	0	230.76104502688395	1420.3226486351923	1	0	1	1.7550877200223622
176200.0	2000.0	1220.322648635608	0.0	0	107.01016577510745	1420.3226486351632	1	0	1	1.755087720022365
177200.0	2000.0	1220.3226486356311	0.0	0	369.8588550956629	1420.322648635134	1	0	1	1.755087720022368
178200.0	2000.0	1220.3226486356643	0.0	0	366.88747077729204	1420.322648635134	1	0	1	1.755087720022368
179200.0	2000.0	1220.322648635652	0.0	0	218.70918566492037	1420.322648635134	1	0	1	1.755087720022368
180200.0	2000.0	1220.3226486356407	0.0	0	368.67782298629754	1420.322648635134	1	0	1	1.755087720022368
181200.0	2000.0	1220.3226486356486	0.0	0	395.24751358362846	1420.322648635134	1	0	1	1.755087720022368
182200.0	2000.0	1220.322648635653	0.0	0	26.54289188919938	1420.322648635134	1	0	1	1.7550877200223667
183200.0	2000.0	1220.3226486356361	0.0	0	385.50106044928543	1420.3226486351632	1	0	1	1.755087720022365
184327.25527379205	2000.0	1093.067374843581	0.0	0	0.0	1420.3226486351632	1	0	1	1.755087720022365
185200.0	2000.0	1220.3226486356434	0.0	0	150.88712509631296	1420.3226486351632	1	0	1	1.755087720022365
186200.0	2000.0	1220.3226486356439	0.0	0	363.1400805262674	1420.3226486351632	1	0	1	1.755087720022365
187200.0	2000.0	1220.322648635645	0.0	0	422.78024474851554	1420.3226486351632	1	0	1	1.755087720022365
188243.83230923556	2000.0	1176.4903394000812	0.0	0	0.0	1420.3226486351632	1	0	1	1.755087720022365
189200.0	2000.0	1220.322648635608	0.0	0	421.54370141073014	1420.3226486351632	1	0	1	1.755087720022365
190200.0	2000.0	1220.3226486356014	0.0	0	531.1967300385295	1420.3226486351632	1	0	1	1.755087720022365
191200.0	2000.0	1220.3226486356018	0.0	0	422.86508275425876	1420.3226486351632	1	0	1	1.755087720022365
192200.0	2000.0	1220.3226486356123	0.0	0	565.5317525543505	1420.3226486351632	1	0	1	1.755087720022365
193200.0	2000.0	1220.3226486355939	0.0	0	674.1908339596412	1420.3226486351632	1	0	1	1.755087720022365
194200.0	2000.0	1220.322648635578	0.0	0	615.7340190870746	1420.3226486351632	1	0	1	1.755087720022365
195200.0	2000.0	1220.322648635609	0.0	0	235.49566074399627	1420.3226486351923	1	0	1	1.755087720022364
196329.3934829365	3000.0	1090.9291656991081	0.0	0	0.0	1420.3226486351923	1	0	1	1.7550877200223622
197200.0	2000.0	1220.3226486356002	0.0	0	138.0915403298859	1420.3226486351923	1	0	1	1.3496226119141976
198200.0	2000.0	1220.322648635583	0.0	0	203.66898846137337	1420.3226486351923	1	0	1	1.7550877200223622
199200.0	2000.0	1220.3226486355677	0.0	0	248.0902605986921	1420.3226486352214	1	0	1	1.755087720022361
200200.0	2000.0	1220.3226486355886	0.0	0	268.2452200189	1420.3226486352214	1	0	1	1.7550877200223591
201200.0	2000.0	1220.3226486355798	0.0	0	231.46679691568715	1420.3226486352214	1	0	1	1.7550877200223591
202200.0	2000.0	1220.3226486355575	0.0	0	510.9307073451928	1420.3226486352214	1	0	1	1.7550877200223591
203200.0	2000.0	1220.3226486355534	0.0	0	280.3398841758899	1420.3226486352214	1	0	1	1.7550877200223591
204200.0	2000.0	1220.322648635603	0.0	0	357.3690240365104	1420.3226486352214	1	0	1	1.7550877200223591
205202.85656892252	2000.0	1217.466079713089	0.0	0	0.0	1420.3226486352214	1	0	1	1.7550877200223591
206200.0	2000.0	1220.3226486356125	0.0	0	207.78477815332008	1420.3226486352505	1	0	1	1.7550877200223582
207200.0	2000.0	1220.3226486356177	0.0	0	228.49467583029764	1420.3226486352505	1	0	1	1.7550877200223565
208200.0	2000.0	1220.322648635633	0.0	0	312.1781791825488	1420.3226486352796	1	0	1	1.7550877200223534
209200.0	2000.0	1220.3226486356223	0.0	0	299.58829232212156	1420.3226486353087	1	0	1	1.7550877200223505
210200.0	2000.0	1220.3226486356223	0.0	0	445.9057297441468	1420.3226486353378	1	0	1	1.7550877200223476
211200.0	2000.0	1220.3226486356139	0.0	0	329.6204408495687	1420.3226486353378	1	0	1	1.7550877200223476
212200.0	2000.0	1220.3226486356343	0.0	0	207.48202547850087	1420.3226486353378	1	0	1	1.7550877200223476
213200.0	2000.0	1220.3226486356614	0.0	0	321.5129560838395	1420.322648635367	1	0	1	1.7550877200223447
214200.0	2000.0	1220.3226486356548	0.0	0	363.5421864858654	1420.322648635367	1	0	1	1.7550877200223447
215412.60641358673	2000.0	1007.7162350489012	0.0	0	0.0	1420.322648635367	1	0	1	1.7550877200223447
216314.54089490586	2000.0	1105.7817537298124	0.0	0	0.0	1420.322648635367	1	0	1	1.7550877200223447
217644.4229168851	2000.0	775.8997317505682	0.0	0	0.0	1420.322648635367	1	0	1	1.7550877200223447
218514.57633205588	2000.0	905.7463165798015	0.0	0	0.0	1420.322648635396	1	0	1	1.7550877200223416
219380.34219376283	2000.0	1039.9804548728512	0.0	0	0.0	1420.322648635396	1	0	1	1.7550877200223416
220200.0	2000.0	1220.3226486356725	0.0	0	156.55097452388145	1420.322648635396	1	0	1	1.7550877200223416
221200.0	2000.0	1220.3226486356768	0.0	0	528.6268909166101	1420.322648635396	1	0	1	1.7550877200223416
222200.0	2000.0	1220.322648635677	0.0	0	233.9235480761563	1420.322648635396	1	0	1	1.7550877200223416
223200.0	2000.0	1220.3226486356857	0.0	0	69.76645447354531	1420.322648635396	1	0	1	1.7550877200223416
224200.95451877936	2000.0	1219.3681298563097	0.0	0	0.0	1420.322648635396	1	0	1	1.7550877200223416
225200.0	2000.0	1220.3226486356366	0.0	0	428.45129876505234	1420.322648635367	1	0	1	1.7550877200223447
226200.0	2000.0	1220.322648635661	0.0	0	443.95045310028945	1420.322648635367	1	0	1	1.7550877200223447
227200.0	2000.0	1220.3226486356702	0.0	0	219.89729066198925	1420.322648635396	1	0	1	1.7550877200223416
228200.0	2000.0	1220.3226486356466	0.0	0	274.2447600126907	1420.322648635396	1	0	1	1.7550877200223416
229200.0	2000.0	1220.3226486356277	0.0	0	406.6469369925326	1420.322648635367	1	0	1	1.7550877200223436
230200.0	2000.0	1220.3226486356161	0.0	0	582.877311959397	1420.322648635367	1	0	1	1.7550877200223447
231200.0	2000.0	1220.3226486356452	0.0	0	543.9786545713141	1420.322648635367	1	0	1	1.7550877200223447
232200.0	2000.0	1220.322648635625	0.0	0	712.5594890924986	1420.3226486353378	1	0	1	1.7550877200223476
233200.0	2000.0	1220.322648635589	0.0	0	446.9717845862615	1420.3226486353087	1	0	1	1.7550877200223505
234200.0	2000.0	1220.3226486355925	0.0	0	343.85834169073496	1420.3226486353087	1	0	1	1.7550877200223505
235200.0	2000.0	1220.322648635572	0.0	0	329.73414744835463	1420.3226486353087	1	0	1	1.7550877200223505
236200.0	2000.0	1220.3226486355725	0.0	0	309.53196299495175	1420.3226486353378	1	0	1	1.7550877200223494
237200.0	2000.0	1220.3226486355588	0.0	0	113.85871075792238	1420.3226486353087	1	0	1	1.7550877200223505
238200.0	2000.0	1220.3226486355463	0.0	0	215.2105904011696	1420.3226486353087	1	0	1	1.7550877200223505
239200.0	2000.0	1220.3226486355675	0.0	0	600.7926007019996	1420.3226486353087	1	0	1	1.7550877200223505
240288.17291622222	3000.0	1132.1497324133472	0.0	0	0.0	1420.3226486353378	1	0	1	1.7550877200223476
241200.0	2000.0	1220.3226486355609	0.0	0	241.63957798003685	1420.3226486353378	1	0	1	1.349622611914183
242200.0	2000.0	1220.3226486355784	0.0	0	579.4109262243437	1420.3226486353378	1	0	1	1.7550877200223476
243200.0	2000.0	1220.322648635602	0.0	0	122.33131857012631	1420.3226486353087	1	0	1	1.7550877200223505
244200.0	2000.0	1220.32264863562	0.0	0	298.5411956011667	1420.3226486353087	1	0	1	1.7550877200223505
245200.0	2000.0	1220.3226486356364	0.0	0	376.09920923633035	1420.3226486352796	1	0	1	1.7550877200223534
246200.0	2000.0	1220.3226486356298	0.0	0	542.9648181188095	1420.3226486352796	1	0	1	1.7550877200223534
247200.0	2000.0	1220.3226486356284	0.0	0	558.5680917608261	1420.3226486352796	1	0	1	1.7550877200223534
248200.0	3000.0	1220.322648635622	0.0	0	357.36756196201895	1420.3226486352505	1	0	1	1.7550877200223565
249259.1071139437	3000.0	1161.2155346919342	0.0	0	0.0	1420.3226486352796	1	0	1	2.1605528281305193
250608.41513090514	3000.0	811.90751773051	0.0	0	0.0	1420.3226486353087	1	0	1	2.1605528281305157
252001.88492378558	2000.0	418.4377248500645	0.0	0	0.0	1420.3226486353087	1	0	1	1.3496226119141859
253226.1213994288	2000.0	356.15499503974576	161.95374583293454	0	0.0	1582.2763944682374	1	0	1	0.7671698704414502
254944.36863270507	2000.0	203.80901874108116	565.9012569775814	0	0.0	2148.177651446167	1	0	1	-1.7065042277128617
255376.79164347614	1000.0	794.678662282756	23.29265431274868	0	0.0	2171.4703057589068	1	0	1	0.15392266731360826
255857.17679208246	1000.0	1266.2549988158157	0.0	0	0.0	2123.431790898292	1	0	2	0.5903958382445136
256200.0	500.0	1889.1494701064864	0.0	0	187.6508066871029	2089.1494701064366	1	0	2	-0.5930630195441213
257200.0	500.0	1789.1494701064996	0.0	0	848.6131194040645	1989.1494701064657	1	0	2	0.10791067675534398
258200.0	500.0	1689.1494701064544	0.0	0	807.6626089155907	1889.1494701063784	1	0	2	0.11791067675534746
259200.0	500.0	1589.14947010646	0.0	0	842.9594495302299	1789.1494701063784	1	0	2	0.12791067675535212
260200.0	500.0	1489.1494701064355	0.0	0	854.7601982638298	1689.1494701063784	1	0	2	0.13791067675535154
261200.0	500.0	1389.1494701064148	0.0	0	784.6753398744622	1589.1494701063202	1	0	2	0.1479106767553568
262200.0	500.0	1289.1494701064198	0.0	0	864.6049954849586	1489.1494701063784	1	0	2	0.15791067675535447
263200.0	500.0	1289.1494701063978	0.0	0	792.8169818239403	1489.1494701063493	1	0	1	0.16191067675535387
264200.0	500.0	1289.1494701064191	0.0	0	808.6404917414184	1489.1494701063493	1	0	1	0.36191067675535527
265200.0	1000.0	1289.1494701064303	0.0	0	684.9471281729639	1489.1494701062911	1	0	1	0.36191067675536176
266200.0	1000.0	1289.1494701064319	0.0	0	577.5341604587738	1489.1494701062911	1	0	1	1.055057857315307
267200.0	1000.0	1289.1494701065014	0.0	0	701.9201499749324	1489.1494701062911	1	0	1	1.055057857315307
268200.0	2000.0	1289.1494701064903	0.0	0	600.4244779708679	1489.1494701063493	1	0	1	1.0550578573153013
269200.0	2000.0	1289.1494701064255	0.0	0	415.0768847630243	1489.1494701063493	1	0	1	1.7482050378752465
270200.0	2000.0	1289.149470106458	0.0	0	491.1311885205214	1489.1494701063493	1	0	1	1.7482050378752465
271200.0	2000.0	1289.1494701063914	0.0	0	242.38413831201615	1489.1494701062911	1	0	1	1.7482050378752523
272216.37361965026	3000.0	1272.775850456121	0.0	0	0.0	1489.1494701062911	1	0	1	1.7482050378752525
273200.0	2000.0	1289.1494701063698	0.0	0	92.6568479850539	1489.1494701062911	1	0	1	1.3427399297670877
274200.0	2000.0	1289.1494701063384	0.0	0	475.3629082941916	1489.1494701062911	1	0	1	1.7482050378752523
275200.0	2000.0	1289.1494701063277	0.0	0	398.048424797249	1489.1494701062911	1	0	1	1.7482050378752523
276200.0	2000.0	1289.149470106297	0.0	0	553.9600777420565	1489.149470106233	1	0	1	1.748205037875258
277200.0	2000.0	1289.1494701063066	0.0	0	284.50865444814553	1489.149470106233	1	0	1	1.748205037875258
278200.0	2000.0	1289.1494701063577	0.0	0	251.08243577514077	1489.149470106233	1	0	1	1.748205037875258
279200.0	2000.0	1289.1494701063225	0.0	0	112.3989493396366	1489.1494701062911	1	0	1	1.7482050378752558
280337.2132848411	2000.0	1151.9361852651587	0.0	0	0.0	1489.149470106233	1	0	1	1.748205037875258
281200.0	2000.0	1289.1494701063084	0.0	0	278.07803137850715	1489.1494701062911	1	0	1	1.7482050378752523
282200.0	2000.0	1289.149470106294	0.0	0	155.4608074350981	1489.1494701062911	1	0	1	1.7482050378752558
283250.6278095549	2000.0	1238.5216605513806	0.0	0	0.0	1489.1494701062911	1	0	1	1.7482050378752523
284633.4284985633	2000.0	855.7209715430126	0.0	0	0.0	1489.1494701062911	1	0	1	1.7482050378752523
285200.0	1000.0	1289.1494701063125	0.0	0	142.74792698025703	1489.149470106233	1	0	1	0.3619106767553678
286200.0	1000.0	1289.1494701062916	0.0	0	718.1281800137949	1489.1494701061747	1	0	1	1.0550578573153186
287200.0	1000.0	1289.14947010637	0.0	0	671.8177637011395	1489.1494701061747	1	0	1	1.0550578573153186
288200.0	1000.0	1289.1494701063784	0.0	0	688.4107013061293	1489.1494701061747	1	0	1	1.0550578573153186
289200.0	1000.0	1289.149470106308	0.0	0	686.5391529547633	1489.1494701061165	1	0	1	1.0550578573153244
290200.0	1000.0	1289.1494701062688	0.0	0	517.2840589301777	1489.1494701061165	1	0	1	1.0550578573153244
291200.0	1000.0	1289.1494701062436	0.0	0	517.3744362866855	1489.1494701061165	1	0	1	1.0550578573153244
292200.0	1000.0	1289.1494701062131	0.0	0	282.7368988561793	1489.1494701061165	1	0	1	1.0550578573153244
293200.0	1000.0	1289.1494701062848	0.0	0	530.3414717410342	1489.1494701061165	1	0	1	1.0550578573153244
294200.0	1000.0	1289.1494701062638	0.0	0	685.9673500025528	1489.1494701060583	1	0	1	1.0550578573153304
295200.0	1000.0	1289.1494701063127	0.0	0	664.1800113217323	1489.1494701061165	1	0	1	1.0550578573153244
296200.0	2000.0	1289.1494701063086	0.0	0	150.4579644126352	1489.1494701060583	1	0	1	1.0550578573153304
297200.0	1000.0	1289.1494701063043	0.0	0	549.1104504156974	1489.1494701060583	1	0	1	0.36191067675538524
298200.0	1000.0	1289.1494701063334	0.0	0	646.1631270755315	1489.1494701060583	1	0	1	1.0550578573153304
299200.0	1000.0	1289.1494701063139	0.0	0	676.3697932378273	1489.149470106	1	0	1	1.0550578573153362
300200.0	1000.0	1289.1494701062584	0.0	0	701.5445391549147	1489.149470106	1	0	1	1.0550578573153362
3.66	3.36	1.62	1.6	2.29	2.73	3.9	3.87	1.77	3.06	3.1	2.72	2.17	2.35	3.68	4.95	5.05	1.99	2.25	2.95	3.29	2.5	3.83	4.44	3.23	2.66	3.04	2.77	3.14	2.13	2.43	3.5	2.88	2.22	3.34	4.16	4.32	5.25	5.61	5.51	4.15	2.22	2.86	2.93	3.49	3.88	2.24	3.52	4.12	2.92	1.91	2.54	2.13	2.65	3.88	3.89	3.83	2.85	3.93	4.65	1.56	2.65	2.72	1.19	2.32	3.51	3.43	3.41	2.06	1.89	3.17	3.45	2.73	3.23	3.09	4.15	5.51	6.12	4.7	3.59	4.38	2.83	2.88	3.02	4.23	3.42	3.43	3.92	2.79	3.01	3.98	4.98	4.84	5.73	3.87	3.15	2.51	1.81	2.39	1.74	1.46	2.49	3.29	4.26	5.37	3.89	3.21	4.02	3.8	3.63	3.35	3.3	3.78	4.39	5.02	3.29	3.34	2.49	1.99	3.56	4.0	3.95	3.02	3.1	2.12	2.0	2.79	3.24	1.95	1.61	1.63	2.94	4.07	5.07	3.5	2.55	2.4	1.39	2.09	3.31	4.41	2.34	2.18	2.8	3.49	4.73	5.31	4.34	3.74	2.44	3.66	3.36	1.62	1.6	2.29	2.73	3.9	3.87	1.77	3.06	3.1	2.72	2.17	2.35	3.68	4.95	5.05	1.99	2.25	2.95	3.29	2.5	3.83	4.44	3.23	2.66	3.04	2.77	3.14	2.13	2.43	3.5	2.88	2.22	3.34	4.16	4.32	5.25	5.61	5.51	4.15	2.22	2.86	2.93	3.49	3.88	2.24	3.52	4.12	2.92	1.91	2.54	2.13	2.65	3.88	3.89	3.83	2.85	3.93	4.65	1.56	2.65	2.72	1.19	2.32	3.51	3.43	3.41	2.06	1.89	3.17	3.45	2.73	3.23	3.09	4.15	5.51	6.12	4.7	3.59	4.38	2.83	2.88	3.02	4.23	3.42	3.43	3.92	2.79	3.01	3.98	4.98	4.84	5.73	3.87	3.15	2.51	1.81	2.39	1.74	1.46	2.49	3.29	4.26	5.37	3.89	3.21	4.02	3.8	3.63	3.35	3.3	3.78	4.39	5.02	3.29	3.34	2.49	1.99	3.56	4.0	3.95	3.02	3.1	2.12	2.0	2.79	3.24	1.95	1.61	1.63	2.94	4.07	5.07	3.5	2.55	2.4	1.39	2.09	3.31	4.41	2.34	2.18	2.8	3.49	4.73	5.31	4.34
1.0	2.0	3.0	4.0	5.0	6.0	7.0	8.0	9.0	10.0	11.0	12.0	13.0	14.0	15.0	16.0	17.0	18.0	19.0	20.0	21.0	22.0	23.0	24.0	25.0	26.0	27.0	28.0	29.0	30.0	31.0	32.0	33.0	34.0	35.0	36.0	37.0	38.0	39.0	40.0	41.0	42.0	43.0	44.0	45.0	46.0	47.0	48.0	49.0	50.0	51.0	52.0	53.0	54.0	55.0	56.0	57.0	58.0	59.0	60.0	61.0	62.0	63.0	64.0	65.0	66.0	67.0	68.0	69.0	70.0	71.0	72.0	73.0	74.0	75.0	76.0	77.0	78.0	79.0	80.0	81.0	82.0	83.0	84.0	85.0	86.0	87.0	88.0	89.0	90.0	91.0	92.0	93.0	94.0	95.0	96.0	97.0	98.0	99.0	100.0	101.0	102.0	103.0	104.0	105.0	106.0	107.0	108.0	109.0	110.0	111.0	112.0	113.0	114.0	115.0	116.0	117.0	118.0	119.0	120.0	121.0	122.0	123.0	124.0	125.0	126.0	127.0	128.0	129.0	130.0	131.0	132.0	133.0	134.0	135.0	136.0	137.0	138.0	139.0	140.0	141.0	142.0	143.0	144.0	145.0	146.0	147.0	148.0	149.0	149.0	150.0	151.0	152.0	153.0	154.0	155.0	156.0	157.0	158.0	159.0	160.0	161.0	162.0	163.0	164.0	165.0	166.0	167.0	168.0	169.0	170.0	171.0	172.0	173.0	174.0	175.0	176.0	177.0	178.0	179.0	180.0	181.0	182.0	183.0	184.0	185.0	186.0	187.0	188.0	189.0	190.0	191.0	192.0	193.0	194.0	195.0	196.0	197.0	198.0	199.0	200.0	201.0	202.0	203.0	204.0	205.0	206.0	207.0	208.0	209.0	210.0	211.0	212.0	213.0	214.0	215.0	216.0	217.0	218.0	219.0	220.0	221.0	222.0	223.0	224.0	225.0	226.0	227.0	228.0	229.0	230.0	231.0	232.0	233.0	234.0	235.0	236.0	237.0	238.0	239.0	240.0	241.0	242.0	243.0	244.0	245.0	246.0	247.0	248.0	249.0	250.0	251.0	252.0	253.0	254.0	255.0	256.0	257.0	258.0	259.0	260.0	261.0	262.0	263.0	264.0	265.0	266.0	267.0	268.0	269.0	270.0	271.0	272.0	273.0	274.0	275.0	276.0	277.0	278.0	279.0	280.0	281.0	282.0	283.0	284.0	285.0	286.0	287.0	288.0	289.0	290.0	291.0	292.0	293.0	294.0	295.0	296.0	297.0
4881.965777184085
