6014.291855687592	300.0	2000.0	249.56548984809427	0	0.0	6014.291855687592	1	0	1	-2.093223800286192
6288.731546735021	300.0	2698.116339847829	0.0	0	0.0	5986.847886582849	1	0	2	-0.9993050847481819
6563.302806971527	300.0	3396.0879535876716	0.0	0	0.0	5959.3907605591985	1	0	2	-0.7966370996234049
6815.844022699984	300.0	4118.2926162863705	0.0	0	0.0	5934.136638986353	1	0	2	-0.7940478371164341
7200.271196595973	300.0	4695.422725000782	0.0	0	0.0	5895.693921596755	1	0	2	-0.7904591251421969
7617.118380282591	300.0	5236.890822945502	0.0	0	0.0	5854.009203228094	1	0	2	-0.7865321199563873
8200.0	300.0	5595.721041256351	0.0	0	209.6870592366049	5795.721041256352	1	0	2	-0.7820258287476489
9200.0	300.0	5495.721041256351	0.0	0	655.7231619560534	5695.721041256353	1	0	2	-0.7735721041256356
10200.0	300.0	5395.721041256353	0.0	0	641.1193613126707	5595.7210412563545	1	0	2	-0.7635389807611473
11200.0	300.0	5295.721041256354	0.0	0	742.9237044044457	5495.721041256355	1	0	2	-0.7535721041256358
12200.0	300.0	5195.721041256353	0.0	0	651.6430906061232	5395.7210412563545	1	0	2	-0.7435721041256358
13200.0	300.0	5095.721041256356	0.0	0	611.514033687512	5295.721041256358	1	0	2	-0.7335388420090007
14200.0	300.0	4995.721041256356	0.0	0	719.298029253956	5195.721041256356	1	0	2	-0.723572104125636
15200.0	300.0	4895.721041256358	0.0	0	689.3181893031779	5095.721041256356	1	0	2	-0.7135721041256359
16200.0	300.0	4795.721041256358	0.0	0	754.8977580182836	4995.721041256358	1	0	2	-0.703572104125636
17200.0	300.0	4695.721041256361	0.0	0	658.7441634371316	4895.72104125636	1	0	2	-0.6935573652324112
18200.0	300.0	4595.7210412563645	0.0	0	781.0491363330948	4795.721041256364	1	0	2	-0.6835721041256366
19200.0	300.0	4495.721041256363	0.0	0	810.2778013531934	4695.721041256364	1	0	2	-0.6735721041256366
20200.0	300.0	4395.721041256361	0.0	0	701.1986718105509	4595.721041256362	1	0	2	-0.6635721041256364
21200.0	300.0	4295.721041256361	0.0	0	677.1871081047939	4495.721041256362	1	0	2	-0.6535721041256364
22200.0	300.0	4195.721041256358	0.0	0	723.403640284916	4395.7210412563545	1	0	2	-0.6435721041256358
23200.0	300.0	4095.7210412563563	0.0	0	603.0376571660818	4295.7210412563545	1	0	2	-0.6335721041256356
24200.0	300.0	3995.7210412563572	0.0	0	570.6487711484551	4195.721041256358	1	0	2	-0.6235314286235307
25200.0	300.0	3895.721041256359	0.0	0	557.990272801082	4095.721041256358	1	0	2	-0.6135537084667887
26200.0	300.0	3795.7210412563586	0.0	0	592.4951399146157	3995.721041256358	1	0	2	-0.6035321762846415
27200.0	300.0	3695.7210412563622	0.0	0	764.0363565668667	3895.7210412563654	1	0	2	-0.5935721041256365
28200.0	300.0	3595.721041256357	0.0	0	651.6233578689462	3795.721041256358	1	0	2	-0.5835721041256362
29200.0	300.0	3495.7210412563586	0.0	0	645.1968797301852	3695.721041256358	1	0	2	-0.573572104125636
30200.0	300.0	3395.721041256356	0.0	0	651.1852404608035	3595.721041256362	1	0	2	-0.5635721041256362
31200.0	300.0	3295.721041256353	0.0	0	621.6295178136643	3495.721041256358	1	0	2	-0.5535721041256362
32200.0	300.0	3195.721041256356	0.0	0	583.2580974566554	3395.7210412563654	1	0	2	-0.5435713306366745
33200.0	300.0	3095.721041256352	0.0	0	529.0749386537027	3295.721041256358	1	0	2	-0.5333934011573711
34200.0	300.0	2995.721041256348	0.0	0	676.2005653875531	3195.721041256351	1	0	2	-0.5235721041256358
35200.0	300.0	2895.7210412563495	0.0	0	643.2818106219347	3095.7210412563472	1	0	2	-0.5135721041256351
36200.0	300.0	2795.7210412563486	0.0	0	629.0488478863772	2995.7210412563436	1	0	2	-0.5035721041256347
37200.0	300.0	2695.721041256351	0.0	0	660.2554724972942	2895.7210412563363	1	0	2	-0.493572104125634
38200.0	300.0	2595.721041256361	0.0	0	702.7452056018301	2795.7210412563363	1	0	2	-0.4835721041256339
39200.0	300.0	2495.7210412563622	0.0	0	809.0902874090316	2695.7210412563363	1	0	2	-0.473572104125634
40200.0	300.0	2395.7210412563677	0.0	0	724.7635069521202	2595.7210412563363	1	0	2	-0.4635721041256342
41200.0	300.0	2295.7210412563677	0.0	0	699.8556269780602	2495.7210412563363	1	0	2	-0.45357210412563387
42200.0	300.0	2195.7210412563672	0.0	0	735.938369852629	2395.7210412563363	1	0	2	-0.44357210412563397
43200.0	300.0	2095.7210412563645	0.0	0	770.43138625133	2295.721041256329	1	0	2	-0.4335721041256336
44200.0	300.0	1995.721041256358	0.0	0	677.7517001410306	2195.7210412563218	1	0	2	-0.4235721041256333
45200.0	300.0	1895.7210412563531	0.0	0	765.0375705793049	2095.7210412563218	1	0	2	-0.41357210412563195
46200.0	300.0	1795.7210412563547	0.0	0	600.9125021637738	1995.7210412563145	1	0	2	-0.4035721041256322
47200.0	300.0	1695.721041256361	0.0	0	454.99971299181925	1895.721041256329	1	0	2	-0.39354545729440255
48200.0	300.0	1595.721041256364	0.0	0	437.41123489176243	1795.7210412563218	1	0	2	-0.3833949597817695
49200.0	300.0	1495.7210412563702	0.0	0	480.0854249819313	1695.721041256329	1	0	2	-0.3733127350118428
50200.0	300.0	1395.721041256369	0.0	0	687.4066265067304	1595.7210412563145	1	0	2	-0.3635721041256324
51200.0	300.0	1295.7210412563638	0.0	0	715.9980022961827	1495.7210412563218	1	0	2	-0.3535721041256321
52200.0	300.0	1295.7210412563566	0.0	0	720.3187712642684	1495.7210412563218	1	0	1	-0.34957210412563244
53200.0	300.0	1295.7210412563584	0.0	0	809.5164134568768	1495.7210412563218	1	0	1	-0.1495721041256322
54200.0	300.0	1295.7210412563575	0.0	0	817.7030427290956	1495.7210412563218	1	0	1	-0.1495721041256322
55200.0	300.0	1295.7210412563554	0.0	0	698.0050451533098	1495.7210412563218	1	0	1	-0.1495721041256322
56200.0	300.0	1295.721041256355	0.0	0	601.8084672024052	1495.721041256329	1	0	1	-0.14957210412563293
57200.0	300.0	1295.72104125635	0.0	0	570.4069130499774	1495.721041256329	1	0	1	-0.14957210412563293
58200.0	500.0	1295.7210412563463	0.0	0	198.0919370417614	1495.7210412563218	1	0	1	-0.1495721041256322
59200.0	500.0	1295.721041256343	0.0	0	311.09030626972526	1495.7210412563218	1	0	1	0.36125351964035857
60200.0	500.0	1295.7210412563468	0.0	0	411.55714186208934	1495.7210412563218	1	0	1	0.36125351964035857
61200.0	500.0	1295.7210412563495	0.0	0	420.90470865373936	1495.7210412563218	1	0	1	0.36125351964035857
62200.0	500.0	1295.7210412563438	0.0	0	419.658527084619	1495.7210412563218	1	0	1	0.36125351964035857
63200.0	500.0	1295.7210412563413	0.0	0	442.51210722459655	1495.7210412563145	1	0	1	0.3612535196403593
64200.0	500.0	1295.7210412563427	0.0	0	625.4430606541573	1495.7210412563072	1	0	1	0.36125351964036
65200.0	500.0	1295.7210412563456	0.0	0	297.5738289497531	1495.7210412563072	1	0	1	0.36125351964036
66200.0	500.0	1295.7210412563566	0.0	0	493.67038180917734	1495.7210412563218	1	0	1	0.3612535196403591
67200.0	500.0	1295.7210412563604	0.0	0	569.2072720915312	1495.7210412563145	1	0	1	0.36125351964035873
68200.0	500.0	1295.7210412563559	0.0	0	513.3147933915752	1495.7210412563145	1	0	1	0.3612535196403593
69200.0	500.0	1295.7210412563509	0.0	0	638.4489606501011	1495.7210412563145	1	0	1	0.3612535196403593
70200.0	500.0	1295.7210412563438	0.0	0	711.2641076623113	1495.7210412563145	1	0	1	0.3612535196403593
71200.0	500.0	1295.7210412563343	0.0	0	699.3176168299105	1495.7210412563145	1	0	1	0.3612535196403593
72200.0	500.0	1295.721041256326	0.0	0	662.3885463589395	1495.7210412563	1	0	1	0.36125351964036073
73366.76942057541	1000.0	1128.95162068092	0.0	0	0.0	1495.7210412563	1	0	1	0.36125351964036073
74200.0	500.0	1295.721041256331	0.0	0	329.4828546163335	1495.7210412563	1	0	1	-0.33189366091958455
75200.0	500.0	1295.7210412563247	0.0	0	462.4272341812466	1495.7210412562854	1	0	1	0.3612535196403622
76200.0	500.0	1295.721041256326	0.0	0	496.8970336999628	1495.7210412562854	1	0	1	0.3612535196403622
77200.0	500.0	1295.7210412563272	0.0	0	546.6897530095885	1495.7210412562854	1	0	1	0.3612535196403622
78200.0	1000.0	1295.721041256321	0.0	0	68.75223045113671	1495.7210412562854	1	0	1	0.36125351964036234
79200.0	1000.0	1295.7210412563222	0.0	0	259.39272878688644	1495.7210412562854	1	0	1	1.0544007002003077
80200.0	1000.0	1295.7210412563272	0.0	0	298.2835633471259	1495.7210412562708	1	0	1	1.054400700200309
81200.0	500.0	1295.7210412563293	0.0	0	477.38532394293	1495.7210412562708	1	0	1	-0.3318936609195816
82200.0	500.0	1295.721041256329	0.0	0	693.3841434753558	1495.7210412562708	1	0	1	0.3612535196403637
83200.0	500.0	1295.7210412563281	0.0	0	580.8965063284559	1495.7210412562708	1	0	1	0.3612535196403637
84200.0	1000.0	1295.7210412563218	0.0	0	332.0339076655655	1495.7210412562708	1	0	1	0.3612535196403638
85200.0	1000.0	1295.721041256338	0.0	0	410.9746230587334	1495.7210412562708	1	0	1	1.054400700200309
86200.0	1000.0	1295.7210412563427	0.0	0	226.4205884286057	1495.7210412562708	1	0	1	1.054400700200309
87200.0	1000.0	1295.7210412563352	0.0	0	349.54064079259115	1495.7210412562708	1	0	1	1.054400700200309
88222.7507545986	1000.0	1272.9702866577422	0.0	0	0.0	1495.7210412562708	1	0	1	1.054400700200309
89752.62769661986	1000.0	743.0933446364907	0.0	0	0.0	1495.7210412562708	1	0	1	1.054400700200309
90566.87286298968	1000.0	928.8481782666814	0.0	0	0.0	1495.7210412562708	1	0	1	1.054400700200309
91295.41541252338	1000.0	1200.3056287329869	0.0	0	0.0	1495.7210412562708	1	0	1	1.054400700200309
92339.4083223408	1000.0	1156.312718915598	0.0	0	0.0	1495.7210412562708	1	0	1	1.054400700200309
93200.0	500.0	1295.721041256398	0.0	0	483.45954109523154	1495.7210412562708	1	0	1	-0.3318936609195816
94200.0	500.0	1295.721041256401	0.0	0	519.0572795936168	1495.7210412562563	1	0	1	0.3612535196403651
95200.0	500.0	1295.7210412564061	0.0	0	547.2325774086785	1495.7210412562708	1	0	1	0.3612535196403637
96200.0	500.0	1295.721041256391	0.0	0	480.10624106545583	1495.7210412562563	1	0	1	0.3612535196403651
97200.0	500.0	1295.7210412563973	0.0	0	551.7163513130363	1495.7210412562563	1	0	1	0.3612535196403651
98200.0	500.0	1295.7210412564025	0.0	0	446.5834157326026	1495.7210412562563	1	0	1	0.3612535196403651
99200.0	500.0	1295.7210412563893	0.0	0	395.32960857002763	1495.7210412562563	1	0	1	0.3612535196403651
100200.0	500.0	1295.7210412563923	0.0	0	420.2304807722685	1495.7210412562563	1	0	1	0.3612535196403651
101200.0	500.0	1295.7210412563873	0.0	0	490.32563097913226	1495.7210412562563	1	0	1	0.3612535196403651
102200.0	500.0	1295.7210412563902	0.0	0	432.65328802986187	1495.7210412562563	1	0	1	0.3612535196403651
103200.0	500.0	1295.7210412563916	0.0	0	315.55264359786815	1495.7210412562563	1	0	1	0.3612535196403651
104200.0	500.0	1295.7210412563936	0.0	0	512.2482902864867	1495.7210412562563	1	0	1	0.3612535196403651
105200.0	500.0	1295.721041256406	0.0	0	581.7301634229661	1495.7210412562563	1	0	1	0.3612535196403651
106200.0	500.0	1295.7210412564045	0.0	0	481.5370608712401	1495.7210412562563	1	0	1	0.3612535196403651
107200.0	500.0	1295.7210412564086	0.0	0	483.8608500096161	1495.7210412562563	1	0	1	0.3612535196403651
108200.0	500.0	1295.7210412563907	0.0	0	682.4772726792435	1495.7210412562708	1	0	1	0.3612535196403637
109200.0	500.0	1295.721041256386	0.0	0	678.4582610060315	1495.7210412562708	1	0	1	0.3612535196403637
110200.0	500.0	1295.7210412564002	0.0	0	540.9019812142797	1495.7210412562708	1	0	1	0.3612535196403637
111200.0	500.0	1295.7210412563977	0.0	0	601.1427963393944	1495.7210412562563	1	0	1	0.3612535196403651
112200.0	500.0	1295.7210412564025	0.0	0	694.7665955570264	1495.7210412562563	1	0	1	0.3612535196403651
113200.0	500.0	1295.721041256406	0.0	0	388.1893466683541	1495.7210412562563	1	0	1	0.3612535196403651
114200.0	500.0	1295.7210412564216	0.0	0	90.18837920234364	1495.7210412562563	1	0	1	0.3612535196403651
115200.0	500.0	1295.7210412564166	0.0	0	363.422656098468	1495.7210412562563	1	0	1	0.3612535196403651
116200.0	500.0	1295.7210412564193	0.0	0	358.3167106940964	1495.7210412562563	1	0	1	0.3612535196403651
117200.0	500.0	1295.7210412564245	0.0	0	572.6638131546788	1495.7210412562563	1	0	1	0.3612535196403651
118200.0	500.0	1295.7210412564052	0.0	0	604.1376530100242	1495.7210412562563	1	0	1	0.3612535196403651
119200.0	500.0	1295.7210412564016	0.0	0	417.4054787747591	1495.7210412562708	1	0	1	0.3612535196403637
120200.0	500.0	1295.7210412563902	0.0	0	491.68082727651927	1495.7210412562708	1	0	1	0.3612535196403637
121200.0	500.0	1295.7210412563888	0.0	0	576.8940467961656	1495.7210412562854	1	0	1	0.3612535196403622
122200.0	500.0	1295.7210412563966	0.0	0	506.14694913824496	1495.7210412563	1	0	1	0.36125351964036073
123200.0	500.0	1295.7210412563934	0.0	0	369.05062510288553	1495.7210412563	1	0	1	0.36125351964036073
124200.0	500.0	1295.7210412563943	0.0	0	293.18265005723515	1495.7210412563	1	0	1	0.36125351964036073
125200.0	500.0	1295.7210412564018	0.0	0	450.958106128237	1495.7210412562854	1	0	1	0.3612535196403622
126200.0	500.0	1295.7210412564073	0.0	0	576.0567967882671	1495.7210412563	1	0	1	0.36125351964036073
127200.0	500.0	1295.721041256417	0.0	0	352.00972612173064	1495.721041256329	1	0	1	0.361253519640359
128200.0	500.0	1295.721041256411	0.0	0	545.5107558535528	1495.7210412563145	1	0	1	0.3612535196403593
129200.0	500.0	1295.7210412564223	0.0	0	669.1322447721323	1495.721041256329	1	0	1	0.3612535196403578
130200.0	500.0	1295.721041256419	0.0	0	691.0818757506058	1495.721041256329	1	0	1	0.3612535196403578
131200.0	500.0	1295.72104125643	0.0	0	591.8362560498936	1495.7210412563436	1	0	1	0.36125351964035635
132200.0	500.0	1295.7210412564025	0.0	0	519.076032433135	1495.7210412563	1	0	1	0.36125351964035873
133200.0	500.0	1295.7210412563763	0.0	0	306.1082914339495	1495.7210412562708	1	0	1	0.36125351964036334
134200.0	500.0	1295.721041256379	0.0	0	178.07187606362277	1495.7210412563	1	0	1	0.36125351964036073
135200.0	500.0	1295.721041256398	0.0	0	440.3582980739884	1495.7210412563	1	0	1	0.36125351964036073
136200.0	500.0	1295.721041256411	0.0	0	243.95220778739895	1495.7210412563	1	0	1	0.36125351964036073
137200.0	500.0	1295.7210412563823	0.0	0	110.89722515977337	1495.7210412563	1	0	1	0.36125351964036073
138200.0	500.0	1295.7210412563763	0.0	0	375.4236526937748	1495.7210412563	1	0	1	0.36125351964036073
139200.0	500.0	1295.7210412563852	0.0	0	592.8553328549315	1495.7210412562708	1	0	1	0.3612535196403637
140200.0	500.0	1295.7210412563902	0.0	0	557.8430494861677	1495.7210412562708	1	0	1	0.3612535196403637
141200.0	500.0	1295.72104125639	0.0	0	651.9945806471515	1495.7210412562417	1	0	1	0.36125351964036656
142200.0	500.0	1295.7210412563923	0.0	0	421.8560493416444	1495.7210412562417	1	0	1	0.36125351964036656
143200.0	500.0	1295.7210412564145	0.0	0	704.8800303038151	1495.7210412562417	1	0	1	0.36125351964036656
144200.0	500.0	1295.7210412564332	0.0	0	661.8186904482718	1495.7210412562417	1	0	1	0.36125351964036656
145200.0	500.0	1295.721041256413	0.0	0	606.0496592623531	1495.7210412562417	1	0	1	0.36125351964036656
146200.0	500.0	1295.7210412564016	0.0	0	612.1697423437727	1495.7210412562417	1	0	1	0.36125351964036656
147200.0	500.0	1295.7210412564127	0.0	0	441.74981745466357	1495.7210412562417	1	0	1	0.36125351964036656
148685.32600268535	1000.0	810.3950385710527	0.0	0	0.0	1495.7210412562417	1	0	1	0.36125351964036656
149200.0	1000.0	1295.7210412563675	0.0	0	18.783173859643284	1495.7210412562417	1	0	1	1.054400700200312
150200.0	1000.0	1295.7210412563495	0.0	0	21.321940104215173	1495.7210412562417	1	0	1	1.054400700200312
151200.0	1000.0	1295.7210412563568	0.0	0	92.56695362797473	1495.7210412562417	1	0	1	1.054400700200312
152200.0	1000.0	1295.7210412563295	0.0	0	182.5687535899342	1495.7210412562417	1	0	1	1.054400700200312
153200.0	1000.0	1295.721041256343	0.0	0	326.670735332591	1495.7210412562417	1	0	1	1.054400700200312
154200.0	1000.0	1295.7210412563254	0.0	0	304.25962535565486	1495.7210412562126	1	0	1	1.054400700200315
155200.0	1000.0	1295.7210412563256	0.0	0	335.6698735943646	1495.7210412562126	1	0	1	1.054400700200315
156200.0	1000.0	1295.7210412562958	0.0	0	197.75905403483193	1495.7210412562126	1	0	1	1.054400700200315
157362.99610345648	1000.0	1132.7249377998105	0.0	0	0.0	1495.7210412562126	1	0	1	1.054400700200315
158200.0	500.0	1295.7210412563072	0.0	0	149.94904745920212	1495.7210412562126	1	0	1	-0.33189366091957606
159200.0	500.0	1295.7210412562613	0.0	0	525.0081062830286	1495.7210412562126	1	0	1	0.36125351964036945
160200.0	500.0	1295.7210412562522	0.0	0	588.0045398724906	1495.7210412562126	1	0	1	0.36125351964036945
161200.0	500.0	1295.7210412562856	0.0	0	349.52298493284616	1495.7210412562417	1	0	1	0.36125351964036656
162200.0	500.0	1295.7210412562622	0.0	0	551.3714589262963	1495.7210412562126	1	0	1	0.3612535196403689
163200.0	500.0	1295.7210412562513	0.0	0	500.300767720415	1495.7210412562417	1	0	1	0.36125351964036656
164200.0	500.0	1295.7210412562736	0.0	0	531.2972841220035	1495.7210412562417	1	0	1	0.36125351964036656
165200.0	500.0	1295.7210412562745	0.0	0	430.6941835722246	1495.7210412562708	1	0	1	0.36125351964036423
166200.0	500.0	1295.7210412563156	0.0	0	560.6588236682874	1495.721041256329	1	0	1	0.36125351964035834
167200.0	500.0	1295.7210412562706	0.0	0	715.4683567001775	1495.721041256329	1	0	1	0.3612535196403578
168200.0	500.0	1295.7210412562351	0.0	0	681.2662317887298	1495.721041256329	1	0	1	0.3612535196403578
169200.0	1000.0	1295.7210412562313	0.0	0	445.8060541731247	1495.721041256329	1	0	1	0.36125351964035796
170200.0	1000.0	1295.7210412562213	0.0	0	250.17049860261614	1495.721041256329	1	0	1	1.0544007002003033
171200.10125262078	1000.0	1295.6197886354603	0.0	0	0.0	1495.7210412563	1	0	1	1.0544007002003062
172660.18020311324	1000.0	835.5408381430079	0.0	0	0.0	1495.721041256329	1	0	1	1.0544007002003055
173984.57216227465	1000.0	511.14887898159395	0.0	0	0.0	1495.721041256329	1	0	1	1.0544007002003033
174573.08548245806	500.0	922.6355587982093	0.0	0	0.0	1495.721041256329	1	0	1	-0.3318936609195877
175200.0	500.0	1295.7210412562358	0.0	0	179.6807085730834	1495.721041256329	1	0	1	0.3612535196403578
176200.0	500.0	1295.7210412562385	0.0	0	560.8106733912427	1495.721041256329	1	0	1	0.3612535196403578
177200.0	500.0	1295.7210412562456	0.0	0	435.7442656229541	1495.721041256329	1	0	1	0.3612535196403578
178200.0	500.0	1295.7210412562388	0.0	0	483.17382646584883	1495.721041256329	1	0	1	0.3612535196403578
179200.0	500.0	1295.7210412562542	0.0	0	597.3747182841471	1495.721041256329	1	0	1	0.3612535196403578
180200.0	500.0	1295.721041256262	0.0	0	314.00849405600457	1495.721041256329	1	0	1	0.3612535196403578
181200.0	500.0	1295.721041256251	0.0	0	527.2159061656857	1495.721041256329	1	0	1	0.3612535196403578
182200.0	500.0	1295.721041256283	0.0	0	482.03952526673675	1495.7210412563	1	0	1	0.36125351964036073
183200.0	500.0	1295.721041256237	0.0	0	411.12867031039787	1495.7210412563	1	0	1	0.36125351964036073
184200.0	500.0	1295.7210412562108	0.0	0	503.07170432497514	1495.7210412562708	1	0	1	0.3612535196403631
185200.0	500.0	1295.7210412561976	0.0	0	484.77752840408357	1495.7210412562417	1	0	1	0.36125351964036656
186200.0	500.0	1295.7210412562379	0.0	0	505.1495790897752	1495.7210412562417	1	0	1	0.36125351964036656
187200.0	500.0	1295.7210412562213	0.0	0	580.7093759108684	1495.7210412562417	1	0	1	0.36125351964036656
188200.0	500.0	1295.7210412562372	0.0	0	673.1391101496702	1495.7210412562417	1	0	1	0.36125351964036656
189200.0	500.0	1295.7210412562238	0.0	0	559.782940186502	1495.7210412562417	1	0	1	0.36125351964036656
190200.0	500.0	1295.7210412562083	0.0	0	615.202605712926	1495.7210412562417	1	0	1	0.36125351964036656
191200.0	500.0	1295.7210412562085	0.0	0	644.0448560095101	1495.7210412562417	1	0	1	0.36125351964036656
192200.0	1000.0	1295.7210412562042	0.0	0	130.42577545534004	1495.7210412562417	1	0	1	0.36125351964036656
193200.0	1000.0	1295.7210412562154	0.0	0	215.15394607867347	1495.7210412562417	1	0	1	1.054400700200312
194200.0	1000.0	1295.721041256228	0.0	0	406.99136562042986	1495.7210412562417	1	0	1	1.054400700200312
195200.0	1000.0	1295.7210412562213	0.0	0	155.31756752700312	1495.7210412562417	1	0	1	1.054400700200312
196963.24381912628	1000.0	532.4772221299604	0.0	0	0.0	1495.7210412562708	1	0	1	1.054400700200309
197712.29700216826	500.0	783.424039087998	0.0	0	0.0	1495.7210412562417	1	0	1	-0.33189366091957884
198367.0391905308	500.0	1128.6818507254138	0.0	0	0.0	1495.7210412562417	1	0	1	0.36125351964036656
199200.0	500.0	1295.721041256197	0.0	0	429.8447888986848	1495.7210412562417	1	0	1	0.36125351964036656
200200.0	500.0	1295.7210412562356	0.0	0	497.0711414575926	1495.7210412562708	1	0	1	0.36125351964036423
201200.0	500.0	1295.7210412562258	0.0	0	613.4083860646933	1495.7210412562708	1	0	1	0.3612535196403637
202200.0	500.0	1295.7210412562454	0.0	0	738.7186503761914	1495.7210412563	1	0	1	0.36125351964036073
203200.0	500.0	1295.7210412562256	0.0	0	745.211070760648	1495.7210412562708	1	0	1	0.3612535196403637
204200.0	500.0	1295.7210412562274	0.0	0	684.6810486342292	1495.7210412562708	1	0	1	0.3612535196403637
205200.0	500.0	1295.7210412562451	0.0	0	479.6247023346368	1495.7210412563	1	0	1	0.36125351964036073
206200.0	500.0	1295.721041256252	0.0	0	102.42375742990407	1495.7210412563	1	0	1	0.36125351964036073
207200.0	500.0	1295.721041256273	0.0	0	81.38637539706542	1495.721041256329	1	0	1	0.3612535196403578
208200.0	500.0	1295.7210412562501	0.0	0	395.4682629650342	1495.721041256329	1	0	1	0.3612535196403578
209200.0	500.0	1295.7210412562795	0.0	0	420.2897608616331	1495.721041256329	1	0	1	0.3612535196403578
210200.0	500.0	1295.7210412562736	0.0	0	424.6782865548157	1495.721041256329	1	0	1	0.3612535196403578
211200.0	500.0	1295.7210412562831	0.0	0	183.56717328706873	1495.721041256329	1	0	1	0.3612535196403578
212200.0	500.0	1295.7210412563136	0.0	0	363.2822709820466	1495.721041256329	1	0	1	0.3612535196403578
213200.0	500.0	1295.7210412563345	0.0	0	533.1713572009467	1495.721041256329	1	0	1	0.3612535196403578
214200.0	500.0	1295.7210412563365	0.0	0	495.77597094798693	1495.7210412563581	1	0	1	0.3612535196403549
215200.0	500.0	1295.7210412563472	0.0	0	294.82950927730417	1495.7210412563581	1	0	1	0.3612535196403549
216200.0	500.0	1295.7210412563525	0.0	0	637.6563981075597	1495.7210412563581	1	0	1	0.3612535196403549
217200.0	500.0	1295.7210412563677	0.0	0	472.3849045437528	1495.7210412563581	1	0	1	0.3612535196403549
218200.0	500.0	1295.7210412563584	0.0	0	621.0653658032534	1495.7210412563581	1	0	1	0.3612535196403549
219200.0	500.0	1295.721041256337	0.0	0	608.9218176829454	1495.7210412563581	1	0	1	0.3612535196403549
220200.0	500.0	1295.7210412563268	0.0	0	616.4219416718988	1495.721041256329	1	0	1	0.3612535196403578
221200.0	500.0	1295.7210412563572	0.0	0	627.9973004833155	1495.721041256329	1	0	1	0.3612535196403578
222335.07027951832	1000.0	1160.650761738037	0.0	0	0.0	1495.7210412563581	1	0	1	0.361253519640355
223200.0	500.0	1295.7210412563204	0.0	0	470.7008284032636	1495.721041256329	1	0	1	-0.3318936609195877
224200.0	500.0	1295.7210412563018	0.0	0	569.029425138986	1495.721041256329	1	0	1	0.3612535196403578
225200.0	500.0	1295.7210412563177	0.0	0	646.3474778766686	1495.721041256329	1	0	1	0.3612535196403578
226200.0	500.0	1295.7210412563215	0.0	0	561.2172254150792	1495.721041256329	1	0	1	0.3612535196403578
227200.0	500.0	1295.7210412563345	0.0	0	555.2155392239802	1495.7210412563581	1	0	1	0.36125351964035546
228200.0	500.0	1295.7210412563588	0.0	0	509.78630420035915	1495.7210412563581	1	0	1	0.3612535196403549
229200.0	500.0	1295.7210412563759	0.0	0	644.0501183987071	1495.721041256329	1	0	1	0.3612535196403578
230200.0	500.0	1295.7210412563745	0.0	0	632.2692639331799	1495.721041256329	1	0	1	0.3612535196403578
231200.0	500.0	1295.7210412564114	0.0	0	641.9265252933837	1495.721041256329	1	0	1	0.3612535196403578
232200.0	500.0	1295.7210412564039	0.0	0	730.9142473394459	1495.7210412563	1	0	1	0.36125351964036073
233200.0	1000.0	1295.721041256397	0.0	0	156.75882533821277	1495.7210412562708	1	0	1	0.3612535196403638
234200.0	1000.0	1295.7210412564125	0.0	0	517.3059058280196	1495.7210412562708	1	0	1	1.054400700200309
235200.0	1000.0	1295.7210412563977	0.0	0	267.8316540750093	1495.7210412562708	1	0	1	1.054400700200309
236200.0	1000.0	1295.7210412563918	0.0	0	145.32488053262932	1495.7210412562708	1	0	1	1.054400700200309
237200.0	1000.0	1295.721041256363	0.0	0	25.428712306485977	1495.7210412562417	1	0	1	1.054400700200312
238717.8999145148	1000.0	777.8211267415699	0.0	0	0.0	1495.7210412562126	1	0	1	1.0544007002003133
239891.06959421936	1000.0	604.6514470370012	0.0	0	0.0	1495.7210412562126	1	0	1	1.054400700200315
240876.7458265854	1000.0	618.9752146709632	0.0	0	0.0	1495.7210412562126	1	0	1	1.054400700200315
241637.6065619441	1000.0	858.1144793122777	0.0	0	0.0	1495.7210412562126	1	0	1	1.0544007002003168
242200.0	500.0	1295.7210412563577	0.0	0	42.60902531383908	1495.7210412561835	1	0	1	-0.3318936609195729
243200.0	500.0	1295.7210412563838	0.0	0	622.1816087872721	1495.7210412561835	1	0	1	0.3612535196403724
244200.0	500.0	1295.7210412564148	0.0	0	572.5387802763726	1495.7210412562126	1	0	1	0.36125351964036945
245200.0	500.0	1295.7210412564011	0.0	0	605.8494593304931	1495.7210412562126	1	0	1	0.36125351964036945
246200.0	500.0	1295.7210412564318	0.0	0	583.8545730345359	1495.7210412562126	1	0	1	0.36125351964036945
247200.0	500.0	1295.72104125644	0.0	0	366.2763193475548	1495.7210412562126	1	0	1	0.36125351964036945
248200.0	500.0	1295.7210412564348	0.0	0	398.24107397100306	1495.7210412562417	1	0	1	0.36125351964036656
249200.0	500.0	1295.7210412564325	0.0	0	404.2713845137623	1495.7210412562417	1	0	1	0.36125351964036656
250200.0	500.0	1295.721041256418	0.0	0	521.7791394343367	1495.7210412562417	1	0	1	0.36125351964036656
251200.0	500.0	1295.7210412564177	0.0	0	647.1957416468649	1495.7210412562417	1	0	1	0.36125351964036656
252200.0	500.0	1295.721041256421	0.0	0	285.6840561403951	1495.7210412562417	1	0	1	0.36125351964036656
253200.0	500.0	1295.721041256424	0.0	0	186.00513148732716	1495.7210412562417	1	0	1	0.36125351964036656
254200.0	500.0	1295.7210412564064	0.0	0	374.31395562703256	1495.7210412562417	1	0	1	0.36125351964036656
255200.0	500.0	1295.7210412563966	0.0	0	488.2543789516203	1495.7210412562417	1	0	1	0.36125351964036656
256200.0	500.0	1295.7210412563884	0.0	0	628.0028654478956	1495.7210412562417	1	0	1	0.36125351964036656
257200.0	500.0	1295.7210412563893	0.0	0	735.1233060736267	1495.7210412562417	1	0	1	0.36125351964036656
258200.0	500.0	1295.7210412563606	0.0	0	666.669790685206	1495.7210412562126	1	0	1	0.36125351964036945
259200.0	500.0	1295.7210412563832	0.0	0	569.3015709532483	1495.7210412562126	1	0	1	0.36125351964036945
260200.0	500.0	1295.7210412564011	0.0	0	578.0303640875209	1495.7210412562126	1	0	1	0.36125351964036945
261200.0	500.0	1295.7210412564027	0.0	0	608.5160623971315	1495.7210412562126	1	0	1	0.36125351964036945
262200.0	500.0	1295.7210412563854	0.0	0	514.7076365210232	1495.7210412562126	1	0	1	0.36125351964036945
263200.0	500.0	1295.7210412564186	0.0	0	117.73696715623373	1495.7210412562417	1	0	1	0.36125351964036945
264200.0	500.0	1295.721041256419	0.0	0	261.1235678935773	1495.7210412562126	1	0	1	0.36125351964036945
265200.0	500.0	1295.7210412564525	0.0	0	512.1675342266681	1495.7210412561544	1	0	1	0.3612535196403741
266200.0	500.0	1295.7210412564168	0.0	0	566.4300112081692	1495.7210412561544	1	0	1	0.36125351964037533
267200.0	500.0	1295.7210412563843	0.0	0	566.900906058785	1495.7210412561544	1	0	1	0.36125351964037533
268200.0	500.0	1295.721041256338	0.0	0	564.5074044484063	1495.7210412561544	1	0	1	0.36125351964037533
269200.0	500.0	1295.7210412563215	0.0	0	492.9042471590801	1495.7210412561544	1	0	1	0.3612535196403741
270200.0	500.0	1295.7210412563547	0.0	0	715.1878594676964	1495.7210412561544	1	0	1	0.36125351964037533
271200.0	500.0	1295.7210412563331	0.0	0	457.58167802594835	1495.7210412561544	1	0	1	0.36125351964037533
272200.0	500.0	1295.7210412563472	0.0	0	255.7912871845765	1495.7210412562126	1	0	1	0.36125351964037067
273200.0	500.0	1295.7210412563686	0.0	0	431.0700976451626	1495.7210412562126	1	0	1	0.36125351964036945
274200.0	500.0	1295.7210412563136	0.0	0	449.718876944622	1495.7210412562126	1	0	1	0.36125351964036945
275200.0	500.0	1295.721041256325	0.0	0	577.6566006564535	1495.7210412562126	1	0	1	0.36125351964036945
276200.0	500.0	1295.7210412562324	0.0	0	630.9214521677932	1495.7210412562126	1	0	1	0.36125351964036945
277200.0	500.0	1295.7210412562868	0.0	0	558.0964605627232	1495.7210412562126	1	0	1	0.36125351964036945
278200.0	500.0	1295.7210412563031	0.0	0	600.1130823509302	1495.7210412562126	1	0	1	0.36125351964036945
279200.0	500.0	1295.7210412563577	0.0	0	697.1032668596017	1495.7210412562126	1	0	1	0.36125351964036945
280200.0	500.0	1295.7210412563218	0.0	0	606.2324674630654	1495.7210412562126	1	0	1	0.36125351964036945
281200.0	500.0	1295.7210412563575	0.0	0	472.0345409711008	1495.7210412562126	1	0	1	0.36125351964036945
282200.0	500.0	1295.7210412563902	0.0	0	541.2076608049101	1495.7210412562126	1	0	1	0.36125351964036945
283200.0	500.0	1295.721041256396	0.0	0	347.51994494051905	1495.7210412561544	1	0	1	0.36125351964037533
284200.0	500.0	1295.7210412564377	0.0	0	395.5153900954174	1495.7210412560962	1	0	1	0.3612535196403811
285200.0	500.0	1295.7210412564712	0.0	0	446.7332863576594	1495.7210412560962	1	0	1	0.3612535196403811
286200.0	500.0	1295.7210412565075	0.0	0	365.8677452082047	1495.7210412561544	1	0	1	0.36125351964037533
287200.0	500.0	1295.7210412564705	0.0	0	478.3317475740914	1495.7210412561544	1	0	1	0.36125351964037533
288200.0	500.0	1295.7210412564664	0.0	0	432.4334015143104	1495.7210412562126	1	0	1	0.36125351964036945
289200.0	500.0	1295.7210412564655	0.0	0	683.249074167572	1495.7210412562126	1	0	1	0.36125351964036945
290200.0	500.0	1295.7210412564712	0.0	0	556.5601466925	1495.7210412562126	1	0	1	0.36125351964036945
291200.0	500.0	1295.7210412564827	0.0	0	621.3580016471678	1495.7210412562708	1	0	1	0.3612535196403637
292200.0	500.0	1295.7210412565225	0.0	0	697.0000371750793	1495.7210412562708	1	0	1	0.3612535196403637
293200.0	500.0	1295.7210412564832	0.0	0	625.4094856907031	1495.7210412562708	1	0	1	0.3612535196403637
294200.0	500.0	1295.721041256533	0.0	0	588.4052503787098	1495.7210412562708	1	0	1	0.3612535196403637
295200.0	500.0	1295.7210412565544	0.0	0	621.2882466138108	1495.7210412562126	1	0	1	0.36125351964036945
296200.0	500.0	1295.721041256517	0.0	0	668.5509161796654	1495.7210412562126	1	0	1	0.36125351964036945
297244.0852362329	1000.0	1251.6358050235451	0.0	0	0.0	1495.7210412562126	1	0	1	0.3612535196403696
298200.0	1000.0	1295.7210412564395	0.0	0	20.62150573253166	1495.7210412562126	1	0	1	1.054400700200315
299200.0	1000.0	1295.7210412564746	0.0	0	320.17624371597776	1495.7210412562126	1	0	1	1.054400700200315
300200.0	1000.0	1295.7210412564855	0.0	0	309.2994547431008	1495.7210412562126	1	0	1	1.054400700200315
1.24	1.1	0.87	0.68	1.44	1.11	0.79	1.22	1.22	1.45	1.0	1.41	1.55	1.48	1.38	1.29	1.04	0.78	0.93	0.73	1.1	1.25	1.19	1.26	0.87	0.92	0.7	1.1	1.23	1.2	0.87	1.23	1.69	1.6	1.4	1.36	1.34	1.36	1.45	1.39	0.8	0.44	0.47	0.98	1.25	1.24	1.83	2.48	1.6	1.26	0.8	0.61	0.56	0.88	1.15	1.14	0.74	1.43	1.1	0.76	1.09	1.27	1.44	1.48	1.63	1.48	1.23	0.65	1.29	1.19	1.18	1.27	1.34	1.42	1.27	1.24	1.82	1.36	1.63	2.02	1.3	1.7	1.02	0.74	0.98	1.27	0.95	1.17	1.52	1.36	1.47	0.95	1.0	1.02	1.05	1.17	1.26	0.83	0.86	1.24	1.0	1.58	1.55	1.24	1.25	1.9	1.17	0.71	0.74	0.79	1.11	1.44	1.2	1.18	1.52	1.26	1.27	0.61	1.02	1.3	1.09	0.98	1.32	1.9	1.81	1.45	0.93	0.98	0.79	0.95	0.67	0.75	0.93	1.32	1.95	1.18	1.27	1.62	1.31	1.45	1.31	1.2	0.67	1.53	1.23	1.23	1.22	1.12	1.4	1.17	1.24	1.1	0.87	0.68	1.44	1.11	0.79	1.22	1.22	1.45	1.0	1.41	1.55	1.48	1.38	1.29	1.04	0.78	0.93	0.73	1.1	1.25	1.19	1.26	0.87	0.92	0.7	1.1	1.23	1.2	0.87	1.23	1.69	1.6	1.4	1.36	1.34	1.36	1.45	1.39	0.8	0.44	0.47	0.98	1.25	1.24	1.83	2.48	1.6	1.26	0.8	0.61	0.56	0.88	1.15	1.14	0.74	1.43	1.1	0.76	1.09	1.27	1.44	1.48	1.63	1.48	1.23	0.65	1.29	1.19	1.18	1.27	1.34	1.42	1.27	1.24	1.82	1.36	1.63	2.02	1.3	1.7	1.02	0.74	0.98	1.27	0.95	1.17	1.52	1.36	1.47	0.95	1.0	1.02	1.05	1.17	1.26	0.83	0.86	1.24	1.0	1.58	1.55	1.24	1.25	1.9	1.17	0.71	0.74	0.79	1.11	1.44	1.2	1.18	1.52	1.26	1.27	0.61	1.02	1.3	1.09	0.98	1.32	1.9	1.81	1.45	0.93	0.98	0.79	0.95	0.67	0.75	0.93	1.32	1.95	1.18	1.27	1.62	1.31	1.45	1.31	1.2	0.67	1.53	1.23	1.23	1.22	1.12
1.0	2.0	3.0	4.0	5.0	6.0	7.0	8.0	9.0	10.0	11.0	12.0	13.0	14.0	15.0	16.0	17.0	18.0	19.0	20.0	21.0	22.0	23.0	24.0	25.0	26.0	27.0	28.0	29.0	30.0	31.0	32.0	33.0	34.0	35.0	36.0	37.0	38.0	39.0	40.0	41.0	42.0	43.0	44.0	45.0	46.0	47.0	48.0	49.0	50.0	51.0	52.0	53.0	54.0	55.0	56.0	57.0	58.0	59.0	60.0	61.0	62.0	63.0	64.0	65.0	66.0	67.0	68.0	69.0	70.0	71.0	72.0	73.0	74.0	75.0	76.0	77.0	78.0	79.0	80.0	81.0	82.0	83.0	84.0	85.0	86.0	87.0	88.0	89.0	90.0	91.0	92.0	93.0	94.0	95.0	96.0	97.0	98.0	99.0	100.0	101.0	102.0	103.0	104.0	105.0	106.0	107.0	108.0	109.0	110.0	111.0	112.0	113.0	114.0	115.0	116.0	117.0	118.0	119.0	120.0	121.0	122.0	123.0	124.0	125.0	126.0	127.0	128.0	129.0	130.0	131.0	132.0	133.0	134.0	135.0	136.0	137.0	138.0	139.0	140.0	141.0	142.0	143.0	144.0	145.0	146.0	147.0	148.0	149.0	149.0	150.0	151.0	152.0	153.0	154.0	155.0	156.0	157.0	158.0	159.0	160.0	161.0	162.0	163.0	164.0	165.0	166.0	167.0	168.0	169.0	170.0	171.0	172.0	173.0	174.0	175.0	176.0	177.0	178.0	179.0	180.0	181.0	182.0	183.0	184.0	185.0	186.0	187.0	188.0	189.0	190.0	191.0	192.0	193.0	194.0	195.0	196.0	197.0	198.0	199.0	200.0	201.0	202.0	203.0	204.0	205.0	206.0	207.0	208.0	209.0	210.0	211.0	212.0	213.0	214.0	215.0	216.0	217.0	218.0	219.0	220.0	221.0	222.0	223.0	224.0	225.0	226.0	227.0	228.0	229.0	230.0	231.0	232.0	233.0	234.0	235.0	236.0	237.0	238.0	239.0	240.0	241.0	242.0	243.0	244.0	245.0	246.0	247.0	248.0	249.0	250.0	251.0	252.0	253.0	254.0	255.0	256.0	257.0	258.0	259.0	260.0	261.0	262.0	263.0	264.0	265.0	266.0	267.0	268.0	269.0	270.0	271.0	272.0	273.0	274.0	275.0	276.0	277.0	278.0	279.0	280.0	281.0	282.0	283.0	284.0	285.0	286.0	287.0	288.0	289.0	290.0	291.0	292.0	293.0	294.0	295.0	296.0	297.0
5485.3706671250575
