3023.288018344534	300.0	2000.0	224.58307576380378	0	0.0	3023.288018344534	1	0	1	-1.6448178950966201
3357.535887579218	300.0	2632.3273438418482	0.0	0	0.0	2989.8632314210668	1	0	2	-0.6997589056604067
4200.0	300.0	2705.6168201789883	0.0	0	471.59507952415515	2905.6168201789887	1	0	2	-0.4943079572715535
5200.0	300.0	2605.6168201789887	0.0	0	571.5375585221864	2805.6168201789883	1	0	2	-0.48447614817288276
6200.0	300.0	2505.6168201789887	0.0	0	561.8544542236923	2705.6168201789887	1	0	2	-0.47452405442095436
7200.0	300.0	2405.61682017899	0.0	0	707.7427156315998	2605.6168201789897	1	0	2	-0.46456168201789916
8200.0	300.0	2305.6168201789906	0.0	0	731.4520801943027	2505.6168201789897	1	0	2	-0.45456168201789915
9200.0	300.0	2205.616820178991	0.0	0	741.5915550444133	2405.6168201789887	1	0	2	-0.44456168201789925
10200.0	300.0	2105.6168201789915	0.0	0	755.7281457079534	2305.6168201789906	1	0	2	-0.43456168201789924
11200.0	300.0	2005.6168201789915	0.0	0	736.679985919538	2205.6168201789897	1	0	2	-0.42456168201789923
12200.0	300.0	1905.6168201789908	0.0	0	770.3957158534577	2105.616820178988	1	0	2	-0.414561682017899
13200.0	300.0	1805.616820178992	0.0	0	716.0606702798141	2005.6168201789878	1	0	2	-0.404561682017899
14200.0	300.0	1705.6168201789908	0.0	0	829.2233491026109	1905.6168201789824	1	0	2	-0.39456168201789876
15200.0	300.0	1605.6168201789903	0.0	0	857.8027112254913	1805.6168201789824	1	0	2	-0.3845616820178984
16200.0	300.0	1505.6168201789897	0.0	0	838.2440133852779	1705.616820178977	1	0	2	-0.3745616820178981
17200.0	300.0	1405.6168201789867	0.0	0	866.8511006348745	1605.616820178975	1	0	2	-0.3645616820178978
18200.0	300.0	1305.616820178986	0.0	0	816.686961076899	1505.616820178977	1	0	2	-0.35456168201789784
19200.0	300.0	1205.6168201789878	0.0	0	814.8841332668126	1405.6168201789733	1	0	2	-0.34456168201789755
20200.0	300.0	1205.616820178989	0.0	0	854.4352673584362	1405.6168201789733	1	0	1	-0.3405616820178975
21200.0	500.0	1205.6168201789903	0.0	0	830.0700971322221	1405.616820178977	1	0	1	-0.1405616820178977
22200.0	500.0	1205.6168201789949	0.0	0	854.4136440288494	1405.616820178977	1	0	1	0.370263941748093
23200.0	1000.0	1205.616820178995	0.0	0	465.0212058796351	1405.616820178977	1	0	1	0.3702639417480932
24200.0	1000.0	1205.6168201789949	0.0	0	433.4098518680621	1405.616820178977	1	0	1	1.0634111223080385
25200.0	1000.0	1205.6168201789924	0.0	0	374.80620874236774	1405.616820178977	1	0	1	1.0634111223080385
26200.0	1000.0	1205.6168201789947	0.0	0	287.8125014193356	1405.616820178977	1	0	1	1.0634111223080385
27200.0	1000.0	1205.6168201789949	0.0	0	354.05762361527013	1405.6168201789806	1	0	1	1.063411122308038
28200.0	1000.0	1205.6168201789903	0.0	0	501.0542006977703	1405.616820178977	1	0	1	1.0634111223080385
29200.0	1000.0	1205.61682017899	0.0	0	492.92068637371995	1405.616820178977	1	0	1	1.0634111223080385
30200.0	1000.0	1205.616820178992	0.0	0	626.6185406763543	1405.616820178977	1	0	1	1.0634111223080385
31200.0	1000.0	1205.6168201789903	0.0	0	611.5590764689223	1405.616820178977	1	0	1	1.0634111223080385
32200.0	1000.0	1205.6168201789942	0.0	0	376.8572130780449	1405.616820178977	1	0	1	1.0634111223080385
33200.0	1000.0	1205.616820178996	0.0	0	522.0224850445957	1405.6168201789733	1	0	1	1.0634111223080387
34200.0	1000.0	1205.616820179004	0.0	0	521.0797968334882	1405.6168201789842	1	0	1	1.0634111223080387
35200.0	1000.0	1205.6168201790065	0.0	0	715.0713498866899	1405.616820178977	1	0	1	1.0634111223080385
36200.0	1000.0	1205.6168201790044	0.0	0	673.7198898671413	1405.616820178977	1	0	1	1.0634111223080385
37200.0	1000.0	1205.6168201790042	0.0	0	437.46611835114163	1405.616820178977	1	0	1	1.0634111223080385
38200.0	1000.0	1205.6168201790003	0.0	0	365.3641611418643	1405.616820178977	1	0	1	1.0634111223080385
39200.0	1000.0	1205.616820178995	0.0	0	348.4391785307889	1405.616820178977	1	0	1	1.0634111223080385
40200.0	1000.0	1205.6168201789903	0.0	0	402.3615981809562	1405.6168201789696	1	0	1	1.0634111223080391
41200.0	1000.0	1205.6168201789894	0.0	0	457.9535212769406	1405.6168201789696	1	0	1	1.0634111223080391
42200.0	1000.0	1205.6168201789897	0.0	0	311.89662780553044	1405.6168201789696	1	0	1	1.0634111223080391
43200.0	1000.0	1205.6168201789922	0.0	0	318.8070485657372	1405.6168201789696	1	0	1	1.0634111223080391
44200.0	1000.0	1205.6168201789928	0.0	0	545.2731315089331	1405.6168201789696	1	0	1	1.0634111223080391
45200.0	1000.0	1205.616820178991	0.0	0	569.5390304255052	1405.616820178977	1	0	1	1.0634111223080385
46200.0	1000.0	1205.616820178983	0.0	0	621.1962518984219	1405.616820178977	1	0	1	1.0634111223080385
47200.0	1000.0	1205.6168201789856	0.0	0	664.635256651818	1405.616820178977	1	0	1	1.0634111223080385
48200.0	1000.0	1205.6168201789917	0.0	0	347.35735326277063	1405.616820178977	1	0	1	1.0634111223080385
49200.0	1000.0	1205.6168201789878	0.0	0	497.94763452737243	1405.616820178977	1	0	1	1.0634111223080385
50200.0	1000.0	1205.616820178989	0.0	0	517.357127351177	1405.616820178977	1	0	1	1.0634111223080385
51200.0	1000.0	1205.6168201789933	0.0	0	476.8559436470896	1405.616820178977	1	0	1	1.0634111223080385
52200.0	1000.0	1205.6168201789908	0.0	0	388.86504876195977	1405.616820178977	1	0	1	1.0634111223080385
53200.0	1000.0	1205.6168201789865	0.0	0	235.758129744303	1405.6168201789842	1	0	1	1.0634111223080378
54200.0	1000.0	1205.616820178993	0.0	0	355.9166425684816	1405.6168201789842	1	0	1	1.0634111223080378
55200.0	1000.0	1205.6168201789974	0.0	0	467.244110004729	1405.6168201789842	1	0	1	1.0634111223080378
56200.0	1000.0	1205.6168201789976	0.0	0	486.07617429699894	1405.6168201789842	1	0	1	1.0634111223080378
57200.0	1000.0	1205.6168201789937	0.0	0	188.6978600704315	1405.6168201789842	1	0	1	1.0634111223080378
58200.0	1000.0	1205.6168201789974	0.0	0	188.83648979686404	1405.6168201789842	1	0	1	1.0634111223080378
59200.0	1000.0	1205.6168201789972	0.0	0	211.10932684506406	1405.6168201789842	1	0	1	1.0634111223080378
60200.0	1000.0	1205.616820178996	0.0	0	130.18354514193925	1405.6168201789842	1	0	1	1.0634111223080378
61200.0	1000.0	1205.6168201789937	0.0	0	471.0423857237038	1405.6168201789915	1	0	1	1.0634111223080371
62200.0	1000.0	1205.6168201789976	0.0	0	585.6600197751832	1405.6168201789915	1	0	1	1.0634111223080371
63200.0	1000.0	1205.6168201789967	0.0	0	586.7451436199553	1405.6168201789915	1	0	1	1.0634111223080371
64200.0	1000.0	1205.6168201790035	0.0	0	578.2950390433325	1405.6168201789915	1	0	1	1.0634111223080371
65200.0	1000.0	1205.6168201790053	0.0	0	422.75812290504837	1405.6168201789988	1	0	1	1.0634111223080362
66200.0	1000.0	1205.6168201790001	0.0	0	417.48635990009643	1405.6168201789915	1	0	1	1.0634111223080362
67200.0	1000.0	1205.616820179002	0.0	0	465.2181450293283	1405.6168201789842	1	0	1	1.0634111223080376
68200.0	1000.0	1205.616820179016	0.0	0	480.3792817707581	1405.6168201789842	1	0	1	1.0634111223080378
69200.0	1000.0	1205.6168201790092	0.0	0	358.41937158406654	1405.6168201789842	1	0	1	1.0634111223080378
70200.0	1000.0	1205.6168201790167	0.0	0	264.7205825917772	1405.6168201789842	1	0	1	1.0634111223080378
71200.0	1000.0	1205.6168201790083	0.0	0	264.94376481344807	1405.6168201789842	1	0	1	1.0634111223080378
72200.0	1000.0	1205.6168201790156	0.0	0	277.0651750919933	1405.6168201789988	1	0	1	1.0634111223080362
73200.0	1000.0	1205.6168201790188	0.0	0	269.2130382129835	1405.6168201789842	1	0	1	1.0634111223080378
74200.0	1000.0	1205.616820179026	0.0	0	237.80782359662408	1405.6168201789842	1	0	1	1.0634111223080378
75200.0	1000.0	1205.6168201790165	0.0	0	324.05042765323014	1405.6168201789988	1	0	1	1.0634111223080362
76200.0	1000.0	1205.6168201790204	0.0	0	419.2299099879019	1405.6168201789988	1	0	1	1.0634111223080362
77200.0	1000.0	1205.616820179024	0.0	0	349.03638550026517	1405.6168201789842	1	0	1	1.0634111223080378
78200.0	1000.0	1205.6168201790272	0.0	0	409.7026700712304	1405.6168201789842	1	0	1	1.0634111223080378
79200.0	1000.0	1205.6168201790188	0.0	0	442.81326730863657	1405.6168201789842	1	0	1	1.0634111223080378
80200.0	1000.0	1205.6168201790313	0.0	0	239.22357266428298	1405.6168201789842	1	0	1	1.0634111223080378
81200.0	1000.0	1205.616820179036	0.0	0	145.56571339131915	1405.6168201789696	1	0	1	1.0634111223080391
82200.0	1000.0	1205.616820179034	0.0	0	450.43793677614303	1405.6168201789696	1	0	1	1.0634111223080391
83200.0	1000.0	1205.6168201790308	0.0	0	389.7678441268654	1405.616820178955	1	0	1	1.0634111223080407
84200.0	1000.0	1205.6168201790229	0.0	0	162.68156231699686	1405.616820178955	1	0	1	1.0634111223080407
85200.0	1000.0	1205.6168201790224	0.0	0	386.31957655485894	1405.616820178955	1	0	1	1.0634111223080407
86200.0	1000.0	1205.616820179023	0.0	0	568.2170661091805	1405.616820178955	1	0	1	1.0634111223080407
87200.0	1000.0	1205.6168201790274	0.0	0	620.3096119970287	1405.616820178955	1	0	1	1.0634111223080407
88200.0	1000.0	1205.6168201790172	0.0	0	505.4239780049247	1405.616820178955	1	0	1	1.0634111223080407
89200.0	1000.0	1205.616820179023	0.0	0	537.3334762869636	1405.616820178955	1	0	1	1.0634111223080407
90200.0	1000.0	1205.6168201790292	0.0	0	662.3734401934635	1405.6168201789696	1	0	1	1.0634111223080391
91200.0	1000.0	1205.6168201790315	0.0	0	604.7742460599547	1405.6168201789696	1	0	1	1.0634111223080391
92200.0	1000.0	1205.616820179024	0.0	0	424.5333352537273	1405.6168201789696	1	0	1	1.0634111223080391
93200.0	1000.0	1205.6168201790374	0.0	0	566.9598127588397	1405.6168201789696	1	0	1	1.0634111223080391
94200.0	1000.0	1205.6168201790333	0.0	0	648.26313965398	1405.6168201789842	1	0	1	1.0634111223080378
95200.0	1000.0	1205.616820179035	0.0	0	533.6772163143469	1405.6168201789696	1	0	1	1.0634111223080391
96414.1964967162	2000.0	991.420323462833	0.0	0	0.0	1405.6168201789696	1	0	1	1.0634111223080391
97200.0	1000.0	1205.61682017905	0.0	0	281.59217371563136	1405.6168201789696	1	0	1	0.370263941748094
98200.0	1000.0	1205.6168201790488	0.0	0	545.1380936172791	1405.6168201789696	1	0	1	1.0634111223080391
99200.0	1000.0	1205.6168201790417	0.0	0	542.9512071148201	1405.616820178955	1	0	1	1.0634111223080407
100200.0	1000.0	1205.6168201790406	0.0	0	510.00962940584577	1405.616820178955	1	0	1	1.0634111223080407
101200.0	1000.0	1205.6168201790294	0.0	0	525.0071715599915	1405.616820178955	1	0	1	1.0634111223080407
102200.0	1000.0	1205.6168201790213	0.0	0	548.1846798189072	1405.616820178955	1	0	1	1.0634111223080407
103200.0	1000.0	1205.6168201790274	0.0	0	469.926023345266	1405.616820178955	1	0	1	1.0634111223080407
104200.0	1000.0	1205.6168201790222	0.0	0	429.5502748617	1405.616820178955	1	0	1	1.0634111223080407
105200.0	1000.0	1205.6168201790033	0.0	0	663.1901593455987	1405.616820178955	1	0	1	1.0634111223080407
106200.0	1000.0	1205.6168201790017	0.0	0	449.955211974986	1405.616820178955	1	0	1	1.0634111223080407
107200.0	1000.0	1205.6168201789865	0.0	0	574.0744405788137	1405.6168201789405	1	0	1	1.063411122308042
108200.0	1000.0	1205.6168201789897	0.0	0	369.2849672186858	1405.6168201789405	1	0	1	1.063411122308042
109200.0	1000.0	1205.616820178977	0.0	0	483.38119255384663	1405.616820178926	1	0	1	1.0634111223080436
110200.0	1000.0	1205.6168201789897	0.0	0	281.9487012744503	1405.616820178926	1	0	1	1.0634111223080436
111200.0	1000.0	1205.6168201789915	0.0	0	364.08427672693506	1405.616820178926	1	0	1	1.0634111223080436
112200.0	1000.0	1205.6168201789776	0.0	0	355.27721058769384	1405.616820178926	1	0	1	1.0634111223080436
113200.0	1000.0	1205.6168201789746	0.0	0	164.72103865355894	1405.616820178926	1	0	1	1.0634111223080436
114200.0	1000.0	1205.6168201789649	0.0	0	279.19486332499946	1405.6168201789114	1	0	1	1.063411122308045
115200.0	1000.0	1205.6168201789687	0.0	0	300.54002373894036	1405.6168201789114	1	0	1	1.063411122308045
116200.0	1000.0	1205.616820178974	0.0	0	329.6973926534556	1405.616820178897	1	0	1	1.0634111223080465
117200.0	1000.0	1205.616820178964	0.0	0	508.01379801222356	1405.6168201788823	1	0	1	1.063411122308048
118200.0	1000.0	1205.6168201789583	0.0	0	568.3906905123004	1405.6168201788678	1	0	1	1.0634111223080494
119200.0	1000.0	1205.6168201789542	0.0	0	439.6473190414108	1405.6168201788678	1	0	1	1.0634111223080494
120200.0	1000.0	1205.6168201789408	0.0	0	285.96501748860464	1405.6168201788678	1	0	1	1.0634111223080494
121200.0	1000.0	1205.6168201789378	0.0	0	324.3389500356134	1405.6168201788678	1	0	1	1.0634111223080494
122200.0	1000.0	1205.6168201789226	0.0	0	323.2283595793997	1405.6168201788532	1	0	1	1.063411122308051
123200.0	1000.0	1205.6168201789212	0.0	0	450.7709444576176	1405.6168201788532	1	0	1	1.063411122308051
124200.0	1000.0	1205.6168201789208	0.0	0	552.1530144996068	1405.6168201788532	1	0	1	1.063411122308051
125200.0	1000.0	1205.616820178916	0.0	0	648.2707970859337	1405.6168201788532	1	0	1	1.063411122308051
126200.0	1000.0	1205.6168201789121	0.0	0	267.479775256681	1405.6168201788532	1	0	1	1.063411122308051
127200.0	1000.0	1205.616820178898	0.0	0	400.1972126078326	1405.6168201788532	1	0	1	1.063411122308051
128200.0	1000.0	1205.616820178914	0.0	0	629.7340829492314	1405.6168201788532	1	0	1	1.063411122308051
129200.0	1000.0	1205.6168201789078	0.0	0	567.7221816860401	1405.6168201788532	1	0	1	1.063411122308051
130200.0	1000.0	1205.6168201789178	0.0	0	586.9749375870451	1405.6168201788678	1	0	1	1.0634111223080494
131200.0	1000.0	1205.6168201789178	0.0	0	560.4847467115469	1405.6168201788678	1	0	1	1.0634111223080494
132200.0	2000.0	1205.6168201788935	0.0	0	112.3327727035794	1405.6168201788532	1	0	1	1.0634111223080498
133200.0	1000.0	1205.6168201788698	0.0	0	195.45519267817144	1405.6168201788387	1	0	1	0.3702639417481072
134200.0	1000.0	1205.6168201788537	0.0	0	268.2982887821563	1405.6168201788387	1	0	1	1.0634111223080525
135200.0	1000.0	1205.6168201788164	0.0	0	481.13940508197993	1405.6168201788387	1	0	1	1.0634111223080525
136200.0	1000.0	1205.6168201788169	0.0	0	539.1125399155135	1405.6168201788387	1	0	1	1.0634111223080525
137200.0	1000.0	1205.6168201788314	0.0	0	629.937358098483	1405.6168201788096	1	0	1	1.0634111223080553
138200.0	1000.0	1205.6168201788587	0.0	0	795.3045665335958	1405.6168201788387	1	0	1	1.0634111223080525
139200.0	1000.0	1205.6168201788746	0.0	0	635.9093259126821	1405.6168201788387	1	0	1	1.0634111223080525
140200.0	1000.0	1205.6168201788414	0.0	0	668.8149704130192	1405.6168201788387	1	0	1	1.0634111223080525
141200.0	1000.0	1205.616820178845	0.0	0	670.9527839786897	1405.6168201788387	1	0	1	1.0634111223080525
142200.0	1000.0	1205.6168201788087	0.0	0	528.093826349359	1405.6168201788387	1	0	1	1.0634111223080525
143200.0	1000.0	1205.6168201788125	0.0	0	371.79513847705675	1405.6168201788387	1	0	1	1.0634111223080525
144291.69269138473	2000.0	1113.924128794081	0.0	0	0.0	1405.6168201788096	1	0	1	1.0634111223080551
145622.18788017187	2000.0	783.4289400069268	0.0	0	0.0	1405.6168201788096	1	0	1	1.7565583028680005
146200.0	1000.0	1205.6168201787975	0.0	0	129.34365513344528	1405.6168201788387	1	0	1	0.3702639417481072
147200.0	1000.0	1205.6168201788207	0.0	0	485.126763883105	1405.6168201788387	1	0	1	1.0634111223080525
148200.0	1000.0	1205.61682017879	0.0	0	306.17325130914105	1405.6168201788096	1	0	1	1.0634111223080553
149200.0	1000.0	1205.616820178784	0.0	0	306.52632356385584	1405.6168201788096	1	0	1	1.0634111223080553
150200.0	1000.0	1205.6168201787914	0.0	0	316.35735527359066	1405.6168201788096	1	0	1	1.0634111223080553
151200.0	1000.0	1205.6168201787884	0.0	0	460.22167832165724	1405.6168201788096	1	0	1	1.0634111223080553
152200.0	1000.0	1205.6168201787814	0.0	0	301.85585369955515	1405.6168201787805	1	0	1	1.0634111223080582
153200.0	1000.0	1205.6168201787448	0.0	0	52.430480121431174	1405.6168201787805	1	0	1	1.0634111223080582
154200.0	1000.0	1205.6168201787166	0.0	0	70.38533015461871	1405.6168201787805	1	0	1	1.0634111223080582
155200.0	1000.0	1205.6168201787257	0.0	0	133.87883442809107	1405.6168201787805	1	0	1	1.0634111223080582
156200.0	1000.0	1205.6168201786927	0.0	0	197.36177212040639	1405.6168201787514	1	0	1	1.0634111223080611
157200.0	1000.0	1205.616820178716	0.0	0	388.1574008939788	1405.6168201787514	1	0	1	1.0634111223080611
158200.0	1000.0	1205.6168201787093	0.0	0	236.9992973244225	1405.6168201787514	1	0	1	1.0634111223080611
159200.0	1000.0	1205.6168201786966	0.0	0	301.5811945560854	1405.6168201787223	1	0	1	1.063411122308064
160200.0	500.0	1205.6168201786927	0.0	0	630.0809334339574	1405.6168201787514	1	0	1	-0.3228832388118297
161200.0	500.0	1205.6168201786982	0.0	0	609.2342153424979	1405.6168201787514	1	0	1	0.3702639417481156
162200.0	1000.0	1205.6168201787168	0.0	0	331.98920454559266	1405.6168201787223	1	0	1	0.3702639417481186
163200.0	1000.0	1205.6168201786843	0.0	0	547.9996802085661	1405.6168201787223	1	0	1	1.063411122308064
164200.0	1000.0	1205.6168201786884	0.0	0	616.2564897593693	1405.6168201787223	1	0	1	1.063411122308064
165200.0	1000.0	1205.616820178679	0.0	0	574.0652059714484	1405.6168201787514	1	0	1	1.0634111223080611
166200.0	1000.0	1205.616820178671	0.0	0	584.6106871371449	1405.6168201787514	1	0	1	1.0634111223080611
167200.0	1000.0	1205.616820178655	0.0	0	352.81815397684113	1405.6168201787514	1	0	1	1.0634111223080611
168200.0	1000.0	1205.6168201786681	0.0	0	642.5450860657147	1405.6168201787805	1	0	1	1.0634111223080582
169200.0	1000.0	1205.6168201786595	0.0	0	645.9146586730203	1405.6168201787805	1	0	1	1.0634111223080582
170200.0	1000.0	1205.616820178639	0.0	0	598.9899248876027	1405.6168201787805	1	0	1	1.0634111223080582
171200.0	1000.0	1205.6168201786222	0.0	0	598.398775581416	1405.6168201787805	1	0	1	1.0634111223080582
172200.0	1000.0	1205.6168201786277	0.0	0	384.6135574931104	1405.6168201787805	1	0	1	1.0634111223080582
173200.0	1000.0	1205.6168201786084	0.0	0	198.56205258643604	1405.6168201787514	1	0	1	1.0634111223080611
174200.0	1000.0	1205.61682017862	0.0	0	382.30339081629063	1405.6168201787514	1	0	1	1.0634111223080611
175200.0	1000.0	1205.6168201786086	0.0	0	487.4969799957762	1405.6168201787514	1	0	1	1.0634111223080611
176200.0	1000.0	1205.616820178605	0.0	0	409.3617810214346	1405.6168201787514	1	0	1	1.0634111223080611
177200.0	1000.0	1205.6168201786213	0.0	0	492.4968956509256	1405.6168201787514	1	0	1	1.0634111223080611
178200.0	1000.0	1205.6168201785983	0.0	0	669.8260833216773	1405.6168201787514	1	0	1	1.0634111223080611
179200.0	1000.0	1205.6168201786104	0.0	0	595.9606626256427	1405.6168201787223	1	0	1	1.063411122308064
180200.0	1000.0	1205.6168201786068	0.0	0	408.4405382855912	1405.6168201787223	1	0	1	1.063411122308064
181200.0	1000.0	1205.6168201785674	0.0	0	487.9642387664062	1405.6168201787223	1	0	1	1.063411122308064
182200.0	1000.0	1205.6168201785645	0.0	0	545.2336828091065	1405.6168201787514	1	0	1	1.0634111223080611
183200.0	1000.0	1205.6168201785322	0.0	0	490.2636939303193	1405.6168201787514	1	0	1	1.0634111223080611
184200.0	1000.0	1205.6168201785488	0.0	0	594.3378781463543	1405.6168201787514	1	0	1	1.0634111223080611
185200.0	1000.0	1205.6168201785822	0.0	0	718.8901379915478	1405.6168201787805	1	0	1	1.0634111223080582
186200.0	1000.0	1205.616820178563	0.0	0	518.1915726485313	1405.6168201787805	1	0	1	1.0634111223080582
187200.0	1000.0	1205.6168201785576	0.0	0	468.40739691336057	1405.6168201787805	1	0	1	1.0634111223080576
188200.0	1000.0	1205.6168201785492	0.0	0	486.8241935406113	1405.6168201787805	1	0	1	1.0634111223080582
189200.0	1000.0	1205.6168201785754	0.0	0	414.36452353949426	1405.6168201787805	1	0	1	1.0634111223080582
190200.0	1000.0	1205.616820178589	0.0	0	426.51128408202203	1405.6168201787805	1	0	1	1.0634111223080582
191200.0	1000.0	1205.6168201785747	0.0	0	471.3310808678507	1405.6168201787805	1	0	1	1.0634111223080582
192200.0	1000.0	1205.6168201785808	0.0	0	393.22264865622856	1405.6168201787805	1	0	1	1.0634111223080582
193200.0	1000.0	1205.6168201785943	0.0	0	424.44348315312527	1405.6168201788387	1	0	1	1.063411122308053
194200.0	1000.0	1205.6168201785886	0.0	0	502.0771310532582	1405.6168201788387	1	0	1	1.0634111223080525
195200.0	1000.0	1205.61682017859	0.0	0	717.9707225673483	1405.6168201788387	1	0	1	1.0634111223080525
196200.0	1000.0	1205.6168201785708	0.0	0	583.3761291473929	1405.6168201788387	1	0	1	1.0634111223080525
197200.0	1000.0	1205.6168201785918	0.0	0	350.09036808862584	1405.6168201788387	1	0	1	1.0634111223080525
198200.0	1000.0	1205.6168201785947	0.0	0	483.4531611621496	1405.6168201788387	1	0	1	1.0634111223080525
199200.0	1000.0	1205.6168201785783	0.0	0	514.2213016031019	1405.6168201788387	1	0	1	1.0634111223080525
200200.0	1000.0	1205.6168201785677	0.0	0	376.16785810669535	1405.6168201788387	1	0	1	1.0634111223080525
201200.0	1000.0	1205.6168201785697	0.0	0	438.2172474053514	1405.6168201788387	1	0	1	1.0634111223080525
202200.0	1000.0	1205.6168201785588	0.0	0	175.39922416192712	1405.6168201788387	1	0	1	1.0634111223080525
203200.0	1000.0	1205.6168201785601	0.0	0	452.39202289946843	1405.6168201788387	1	0	1	1.0634111223080525
204200.0	1000.0	1205.6168201785665	0.0	0	385.64578680470004	1405.6168201788096	1	0	1	1.063411122308055
205200.0	1000.0	1205.6168201785888	0.0	0	360.0701574369741	1405.6168201788096	1	0	1	1.0634111223080553
206200.0	1000.0	1205.6168201785783	0.0	0	503.8753175421152	1405.6168201787805	1	0	1	1.0634111223080582
207200.0	1000.0	1205.616820178585	0.0	0	30.97044080856722	1405.6168201787805	1	0	1	1.0634111223080582
208200.0	1000.0	1205.616820178561	0.0	0	488.01380195718957	1405.6168201787805	1	0	1	1.0634111223080582
209200.0	1000.0	1205.6168201785727	0.0	0	407.1768790491624	1405.6168201787805	1	0	1	1.0634111223080582
210200.0	1000.0	1205.6168201786063	0.0	0	174.25180079299025	1405.6168201787805	1	0	1	1.0634111223080582
211200.0	1000.0	1205.6168201786247	0.0	0	586.7963176043704	1405.6168201787805	1	0	1	1.0634111223080582
212200.0	1000.0	1205.6168201786097	0.0	0	620.3988093931112	1405.6168201787805	1	0	1	1.0634111223080582
213200.0	1000.0	1205.6168201785936	0.0	0	500.8201162648038	1405.6168201787805	1	0	1	1.0634111223080582
214200.0	1000.0	1205.6168201786109	0.0	0	484.08967338249204	1405.6168201787805	1	0	1	1.0634111223080582
215200.0	1000.0	1205.6168201785995	0.0	0	178.86200731815188	1405.6168201787514	1	0	1	1.0634111223080611
216200.0	1000.0	1205.6168201785977	0.0	0	322.6849851386505	1405.6168201787805	1	0	1	1.0634111223080582
217200.0	1000.0	1205.6168201786068	0.0	0	529.0145268056658	1405.6168201787805	1	0	1	1.0634111223080582
218200.0	1000.0	1205.6168201785983	0.0	0	411.18845038613654	1405.6168201787805	1	0	1	1.0634111223080582
219200.0	1000.0	1205.6168201785995	0.0	0	559.2870854364301	1405.6168201787805	1	0	1	1.0634111223080582
220200.0	1000.0	1205.6168201785913	0.0	0	437.29075697791995	1405.6168201787805	1	0	1	1.0634111223080582
221200.0	1000.0	1205.616820178598	0.0	0	297.2624989525648	1405.6168201787805	1	0	1	1.0634111223080582
222200.0	1000.0	1205.6168201785954	0.0	0	506.0007494111196	1405.6168201787514	1	0	1	1.0634111223080611
223200.0	1000.0	1205.6168201786086	0.0	0	309.51460264838533	1405.6168201787805	1	0	1	1.0634111223080582
224200.0	1000.0	1205.6168201786302	0.0	0	365.9721140518086	1405.6168201788096	1	0	1	1.0634111223080553
225200.0	1000.0	1205.6168201785736	0.0	0	324.12686003005365	1405.6168201787805	1	0	1	1.0634111223080582
226200.0	1000.0	1205.6168201785708	0.0	0	483.9994599809579	1405.6168201787805	1	0	1	1.0634111223080582
227200.0	1000.0	1205.616820178582	0.0	0	516.2477312100527	1405.6168201788096	1	0	1	1.0634111223080553
228200.0	1000.0	1205.6168201785633	0.0	0	446.8415520663548	1405.6168201788096	1	0	1	1.0634111223080553
229200.0	1000.0	1205.616820178568	0.0	0	222.5770263025188	1405.6168201788096	1	0	1	1.0634111223080553
230200.0	1000.0	1205.616820178573	0.0	0	425.5321910334751	1405.6168201788387	1	0	1	1.063411122308053
231200.0	1000.0	1205.6168201785945	0.0	0	263.98129134083865	1405.6168201788096	1	0	1	1.0634111223080553
232200.0	1000.0	1205.6168201785886	0.0	0	296.6725066721265	1405.6168201788096	1	0	1	1.0634111223080553
233200.0	1000.0	1205.616820178608	0.0	0	323.7093972193834	1405.6168201788096	1	0	1	1.0634111223080553
234200.0	1000.0	1205.6168201786068	0.0	0	444.9884443550545	1405.6168201788096	1	0	1	1.0634111223080553
235200.0	1000.0	1205.6168201785977	0.0	0	383.072334422759	1405.6168201788387	1	0	1	1.063411122308053
236200.0	1000.0	1205.6168201786084	0.0	0	354.8098340862489	1405.6168201788096	1	0	1	1.063411122308055
237200.0	1000.0	1205.6168201786043	0.0	0	605.9928886484995	1405.6168201788387	1	0	1	1.0634111223080525
238200.0	1000.0	1205.616820178598	0.0	0	535.0963494157477	1405.6168201788387	1	0	1	1.0634111223080525
239200.0	1000.0	1205.6168201786252	0.0	0	445.9313729967689	1405.6168201788678	1	0	1	1.06341112230805
240200.0	1000.0	1205.616820178618	0.0	0	507.8195007139002	1405.6168201788678	1	0	1	1.0634111223080494
241200.0	1000.0	1205.616820178632	0.0	0	456.86330866839853	1405.6168201788678	1	0	1	1.0634111223080494
242200.0	1000.0	1205.6168201786231	0.0	0	548.873679926066	1405.6168201788678	1	0	1	1.0634111223080494
243200.0	1000.0	1205.616820178641	0.0	0	616.4037885137077	1405.616820178897	1	0	1	1.0634111223080465
244200.0	1000.0	1205.6168201786143	0.0	0	631.3038812955201	1405.616820178897	1	0	1	1.0634111223080465
245271.58225718836	2000.0	1134.0345629902597	0.0	0	0.0	1405.616820178926	1	0	1	1.0634111223080436
246200.0	1000.0	1205.6168201786304	0.0	0	455.4200008363405	1405.616820178897	1	0	1	0.3702639417481013
247200.0	1000.0	1205.616820178632	0.0	0	344.8258068251307	1405.616820178897	1	0	1	1.0634111223080465
248200.0	1000.0	1205.6168201786386	0.0	0	427.6886287063244	1405.616820178897	1	0	1	1.0634111223080465
249200.0	1000.0	1205.6168201786204	0.0	0	438.716908321192	1405.616820178897	1	0	1	1.0634111223080465
250200.0	1000.0	1205.616820178613	0.0	0	433.7851587088953	1405.616820178897	1	0	1	1.0634111223080465
251200.0	1000.0	1205.6168201786286	0.0	0	397.75599214597605	1405.616820178897	1	0	1	1.0634111223080465
252200.0	1000.0	1205.6168201786193	0.0	0	358.12269757839385	1405.616820178926	1	0	1	1.063411122308044
253200.0	1000.0	1205.6168201786757	0.0	0	484.1166476815124	1405.616820178955	1	0	1	1.0634111223080407
254200.0	1000.0	1205.6168201787048	0.0	0	666.0625659472425	1405.616820178926	1	0	1	1.0634111223080436
255200.0	1000.0	1205.6168201787011	0.0	0	518.3102028671128	1405.616820178926	1	0	1	1.0634111223080436
256200.0	1000.0	1205.616820178704	0.0	0	517.0523036881641	1405.616820178926	1	0	1	1.0634111223080436
257200.0	1000.0	1205.6168201786581	0.0	0	427.8907716749818	1405.616820178926	1	0	1	1.0634111223080436
258200.0	1000.0	1205.616820178635	0.0	0	186.56972947274335	1405.616820178926	1	0	1	1.0634111223080436
259200.0	1000.0	1205.616820178615	0.0	0	367.66931427278905	1405.616820178926	1	0	1	1.0634111223080436
260200.0	1000.0	1205.616820178635	0.0	0	430.4479016882542	1405.616820178955	1	0	1	1.0634111223080407
261200.0	1000.0	1205.6168201786263	0.0	0	191.4511938325304	1405.616820178926	1	0	1	1.0634111223080436
262200.0	1000.0	1205.616820178599	0.0	0	424.2339175414527	1405.616820178926	1	0	1	1.0634111223080436
263200.0	1000.0	1205.6168201785401	0.0	0	223.65226781344973	1405.6168201788678	1	0	1	1.0634111223080454
264200.0	1000.0	1205.616820178537	0.0	0	487.55214174761204	1405.6168201788678	1	0	1	1.0634111223080494
265200.0	1000.0	1205.6168201785545	0.0	0	390.53283708251547	1405.6168201788678	1	0	1	1.0634111223080494
266200.0	1000.0	1205.6168201785586	0.0	0	465.6284222371178	1405.6168201788678	1	0	1	1.0634111223080494
267200.0	1000.0	1205.6168201785663	0.0	0	454.5081252914388	1405.616820178926	1	0	1	1.0634111223080436
268200.0	1000.0	1205.6168201785217	0.0	0	413.80158820340876	1405.616820178926	1	0	1	1.0634111223080436
269200.0	1000.0	1205.6168201785044	0.0	0	313.0794186932617	1405.616820178926	1	0	1	1.0634111223080436
270200.0	1000.0	1205.616820178487	0.0	0	100.32369878777536	1405.6168201788678	1	0	1	1.0634111223080494
271200.0	1000.0	1205.6168201784967	0.0	0	329.4329233990866	1405.6168201788678	1	0	1	1.0634111223080494
272200.0	1000.0	1205.6168201785617	0.0	0	465.6582167817978	1405.6168201788678	1	0	1	1.0634111223080494
273200.0	1000.0	1205.6168201785968	0.0	0	654.5640370564652	1405.6168201788678	1	0	1	1.0634111223080494
274200.0	1000.0	1205.6168201786097	0.0	0	553.3825687341159	1405.616820178926	1	0	1	1.0634111223080436
275200.0	1000.0	1205.6168201786036	0.0	0	545.065846317797	1405.616820178926	1	0	1	1.0634111223080436
276200.0	1000.0	1205.6168201785988	0.0	0	392.2737144039129	1405.616820178926	1	0	1	1.0634111223080436
277200.0	1000.0	1205.6168201785683	0.0	0	452.15953457535943	1405.616820178926	1	0	1	1.0634111223080436
278200.0	1000.0	1205.6168201785838	0.0	0	416.2896355538978	1405.616820178926	1	0	1	1.0634111223080425
279200.0	1000.0	1205.616820178657	0.0	0	477.98460770573	1405.6168201789842	1	0	1	1.0634111223080378
280200.0	1000.0	1205.6168201786725	0.0	0	567.9159455705085	1405.6168201789842	1	0	1	1.0634111223080378
281335.31661269924	2000.0	1070.3002074793276	0.0	0	0.0	1405.6168201789842	1	0	1	1.0634111223080378
282221.8921595092	1000.0	1183.7246606693548	0.0	0	0.0	1405.616820178926	1	0	1	0.37026394174809846
283200.0	1000.0	1205.6168201785088	0.0	0	415.6050536960247	1405.6168201789842	1	0	1	1.063411122308039
284200.0	1000.0	1205.6168201784562	0.0	0	451.8562815354089	1405.616820178926	1	0	1	1.0634111223080425
285200.0	1000.0	1205.6168201784035	0.0	0	525.6022552291979	1405.616820178926	1	0	1	1.0634111223080436
286200.0	1000.0	1205.6168201784353	0.0	0	662.9680149701308	1405.616820178926	1	0	1	1.0634111223080436
287200.0	1000.0	1205.6168201784415	0.0	0	750.0641129820142	1405.616820178926	1	0	1	1.0634111223080436
288200.0	1000.0	1205.6168201784355	0.0	0	698.7529078460066	1405.616820178926	1	0	1	1.0634111223080436
289200.0	1000.0	1205.6168201784053	0.0	0	616.7193242258509	1405.616820178926	1	0	1	1.0634111223080436
290200.0	1000.0	1205.6168201784023	0.0	0	689.3951264824718	1405.616820178926	1	0	1	1.0634111223080436
291200.0	1000.0	1205.6168201783569	0.0	0	585.735091563256	1405.6168201789842	1	0	1	1.0634111223080378
292200.0	1000.0	1205.6168201783394	0.0	0	368.9360311993514	1405.616820178926	1	0	1	1.0634111223080436
293352.4040014831	2000.0	1053.2128186952305	0.0	0	0.0	1405.616820178926	1	0	1	1.0634111223080436
295001.56997069746	2000.0	404.04684948089744	0.0	0	0.0	1405.6168201789842	1	0	1	1.756558302867983
295771.44980670034	1000.0	634.1670134779785	0.0	0	0.0	1405.6168201789842	1	0	1	0.37026394174809263
296403.9039783243	1000.0	1001.7128418539381	0.0	0	0.0	1405.6168201789842	1	0	1	1.0634111223080378
297200.0	1000.0	1205.616820178234	0.0	0	306.5074737886316	1405.6168201789842	1	0	1	1.0634111223080378
298200.0	1000.0	1205.6168201782584	0.0	0	281.1874280202901	1405.6168201789842	1	0	1	1.0634111223080378
299200.0	1000.0	1205.6168201782823	0.0	0	405.3591545087984	1405.6168201790424	1	0	1	1.0634111223080331
300200.0	1000.0	1205.616820178294	0.0	0	539.7593341707252	1405.6168201790424	1	0	1	1.063411122308032
1.23	0.83	1.0	0.9	1.44	2.15	1.27	1.48	1.88	1.37	1.66	1.85	2.59	3.43	1.85	1.91	2.86	3.0	3.85	3.19	1.34	1.8	2.02	1.75	1.88	2.51	3.34	2.92	1.73	2.22	1.99	2.7	3.2	2.9	1.51	1.78	2.18	2.43	1.69	1.92	2.19	2.1	2.75	3.71	2.51	1.52	1.96	1.62	1.96	1.55	1.61	1.34	1.66	2.05	1.33	1.41	1.81	1.23	1.95	2.07	2.48	1.45	1.62	1.62	2.21	2.33	1.96	1.92	1.59	1.73	1.84	1.77	1.71	2.1	1.71	2.28	1.31	1.36	1.69	2.06	1.31	1.44	1.89	2.1	2.36	3.26	2.31	2.64	2.58	2.24	2.27	3.02	2.37	1.44	2.07	2.13	2.04	1.99	1.88	1.66	2.2	2.77	2.24	1.73	2.39	1.83	1.63	1.61	1.84	1.52	1.78	1.68	1.95	1.96	2.09	2.06	1.89	1.55	1.07	2.65	2.47	2.81	2.02	1.76	2.62	2.06	2.22	2.4	2.78	1.23	1.22	1.97	2.63	3.64	4.58	4.04	2.75	3.67	3.86	1.62	2.31	1.84	1.04	1.88	1.62	1.62	1.91	2.14	2.58	2.51	1.23	0.83	1.0	0.9	1.44	2.15	1.27	1.48	1.88	1.37	1.66	1.85	2.59	3.43	1.85	1.91	2.86	3.0	3.85	3.19	1.34	1.8	2.02	1.75	1.88	2.51	3.34	2.92	1.73	2.22	1.99	2.7	3.2	2.9	1.51	1.78	2.18	2.43	1.69	1.92	2.19	2.1	2.75	3.71	2.51	1.52	1.96	1.62	1.96	1.55	1.61	1.34	1.66	2.05	1.33	1.41	1.81	1.23	1.95	2.07	2.48	1.45	1.62	1.62	2.21	2.33	1.96	1.92	1.59	1.73	1.84	1.77	1.71	2.1	1.71	2.28	1.31	1.36	1.69	2.06	1.31	1.44	1.89	2.1	2.36	3.26	2.31	2.64	2.58	2.24	2.27	3.02	2.37	1.44	2.07	2.13	2.04	1.99	1.88	1.66	2.2	2.77	2.24	1.73	2.39	1.83	1.63	1.61	1.84	1.52	1.78	1.68	1.95	1.96	2.09	2.06	1.89	1.55	1.07	2.65	2.47	2.81	2.02	1.76	2.62	2.06	2.22	2.4	2.78	1.23	1.22	1.97	2.63	3.64	4.58	4.04	2.75	3.67	3.86	1.62	2.31	1.84	1.04	1.88	1.62	1.62	1.91	2.14	2.58	2.51	1.23
1.0	2.0	3.0	4.0	5.0	6.0	7.0	8.0	9.0	10.0	11.0	12.0	13.0	14.0	15.0	16.0	17.0	18.0	19.0	20.0	21.0	22.0	23.0	24.0	25.0	26.0	27.0	28.0	29.0	30.0	31.0	32.0	33.0	34.0	35.0	36.0	37.0	38.0	39.0	40.0	41.0	42.0	43.0	44.0	45.0	46.0	47.0	48.0	49.0	50.0	51.0	52.0	53.0	54.0	55.0	56.0	57.0	58.0	59.0	60.0	61.0	62.0	63.0	64.0	65.0	66.0	67.0	68.0	69.0	70.0	71.0	72.0	73.0	74.0	75.0	76.0	77.0	78.0	79.0	80.0	81.0	82.0	83.0	84.0	85.0	86.0	87.0	88.0	89.0	90.0	91.0	92.0	93.0	94.0	95.0	96.0	97.0	98.0	99.0	100.0	101.0	102.0	103.0	104.0	105.0	106.0	107.0	108.0	109.0	110.0	111.0	112.0	113.0	114.0	115.0	116.0	117.0	118.0	119.0	120.0	121.0	122.0	123.0	124.0	125.0	126.0	127.0	128.0	129.0	130.0	131.0	132.0	133.0	134.0	135.0	136.0	137.0	138.0	139.0	140.0	141.0	142.0	143.0	144.0	145.0	146.0	147.0	148.0	149.0	149.0	150.0	151.0	152.0	153.0	154.0	155.0	156.0	157.0	158.0	159.0	160.0	161.0	162.0	163.0	164.0	165.0	166.0	167.0	168.0	169.0	170.0	171.0	172.0	173.0	174.0	175.0	176.0	177.0	178.0	179.0	180.0	181.0	182.0	183.0	184.0	185.0	186.0	187.0	188.0	189.0	190.0	191.0	192.0	193.0	194.0	195.0	196.0	197.0	198.0	199.0	200.0	201.0	202.0	203.0	204.0	205.0	206.0	207.0	208.0	209.0	210.0	211.0	212.0	213.0	214.0	215.0	216.0	217.0	218.0	219.0	220.0	221.0	222.0	223.0	224.0	225.0	226.0	227.0	228.0	229.0	230.0	231.0	232.0	233.0	234.0	235.0	236.0	237.0	238.0	239.0	240.0	241.0	242.0	243.0	244.0	245.0	246.0	247.0	248.0	249.0	250.0	251.0	252.0	253.0	254.0	255.0	256.0	257.0	258.0	259.0	260.0	261.0	262.0	263.0	264.0	265.0	266.0	267.0	268.0	269.0	270.0	271.0	272.0	273.0	274.0	275.0	276.0	277.0	278.0	279.0	280.0	281.0	282.0	283.0	284.0	285.0	286.0	287.0	288.0	289.0	290.0	291.0	292.0	293.0	294.0	295.0	296.0	297.0	298.0	298.0	299.0
2553.8816792548646
