5900.259119795647	300.0	2000.0	111.47841239877354	0	0.0	5900.259119795647	1	0	1	-1.2569272363974386
5994.627806964221	300.0	2896.1944441145693	0.0	0	0.0	5890.82225107879	1	0	2	-0.9892289603852392
6098.537216103075	300.0	3781.894094061831	0.0	0	0.0	5880.431310164905	1	0	2	-0.7882141324396079
6211.91243633354	300.0	4657.181351808319	0.0	0	0.0	5869.0937881418595	1	0	2	-0.7871343822210661
6327.30523091575	300.0	5530.249277767889	0.0	0	0.0	5857.554508683639	1	0	2	-0.7859696477738225
7200.0	300.0	5570.2850317752145	0.0	0	751.7348217442532	5770.2850317752145	1	0	2	-0.781021347219532
8200.0	300.0	5470.285031775214	0.0	0	887.781926823639	5670.285031775215	1	0	2	-0.7710285031775217
9200.0	300.0	5370.285031775215	0.0	0	859.8937620466331	5570.285031775216	1	0	2	-0.7610285031775218
10200.0	300.0	5270.285031775215	0.0	0	893.4210423188997	5470.285031775216	1	0	2	-0.751028503177522
11200.0	300.0	5170.285031775214	0.0	0	816.5073929052433	5370.2850317752145	1	0	2	-0.7410285031775217
12200.0	300.0	5070.2850317752145	0.0	0	875.7417112379644	5270.285031775215	1	0	2	-0.7310285031775219
13200.0	300.0	4970.285031775211	0.0	0	849.5748208579589	5170.285031775213	1	0	2	-0.7210285031775217
14200.0	300.0	4870.285031775211	0.0	0	876.9705600501566	5070.285031775213	1	0	2	-0.7110285031775215
15200.0	300.0	4770.285031775213	0.0	0	831.5886996900063	4970.285031775213	1	0	2	-0.7010285031775214
16200.0	300.0	4670.285031775213	0.0	0	835.6175051188002	4870.285031775213	1	0	2	-0.6910285031775214
17200.0	300.0	4570.285031775211	0.0	0	885.5753244016742	4770.285031775211	1	0	2	-0.6810285031775215
18200.0	300.0	4470.2850317752145	0.0	0	856.3676956054005	4670.285031775216	1	0	2	-0.6710285031775217
19200.0	300.0	4370.285031775217	0.0	0	839.4824493967026	4570.285031775218	1	0	2	-0.661028503177522
20200.0	300.0	4270.285031775218	0.0	0	833.4349670316624	4470.285031775218	1	0	2	-0.651028503177522
21200.0	300.0	4170.285031775221	0.0	0	817.4191674011527	4370.28503177522	1	0	2	-0.6410285031775222
22200.0	300.0	4070.2850317752254	0.0	0	802.1128971316721	4270.285031775216	1	0	2	-0.6310285031775221
23200.0	300.0	3970.285031775228	0.0	0	801.8309364659763	4170.28503177522	1	0	2	-0.6210285031775221
24200.0	300.0	3870.2850317752327	0.0	0	832.6950605060265	4070.2850317752236	1	0	2	-0.6110285031775224
25200.0	300.0	3770.2850317752386	0.0	0	809.4076648725168	3970.2850317752273	1	0	2	-0.6010285031775228
26200.0	300.0	3670.2850317752404	0.0	0	788.016436851849	3870.285031775238	1	0	2	-0.5910285031775238
27200.0	300.0	3570.285031775241	0.0	0	680.9066822425011	3770.285031775238	1	0	2	-0.5810285031775241
28200.0	300.0	3470.2850317752427	0.0	0	796.2607388477372	3670.285031775238	1	0	2	-0.5710285031775242
29200.0	300.0	3370.2850317752414	0.0	0	853.6503950384176	3570.285031775238	1	0	2	-0.5610285031775242
30200.0	300.0	3270.2850317752436	0.0	0	858.7893835162213	3470.285031775242	1	0	2	-0.5510285031775243
31200.0	300.0	3170.285031775245	0.0	0	893.0809139944067	3370.285031775242	1	0	2	-0.5410285031775244
32200.0	300.0	3070.2850317752464	0.0	0	884.7351430863273	3270.285031775242	1	0	2	-0.5310285031775243
33200.0	300.0	2970.285031775244	0.0	0	791.0991494355767	3170.285031775238	1	0	2	-0.5210285031775242
34200.0	300.0	2870.285031775248	0.0	0	667.6788253416744	3070.285031775242	1	0	2	-0.5110285031775242
35200.0	300.0	2770.285031775243	0.0	0	680.5597161343394	2970.285031775242	1	0	2	-0.5010285031775246
36200.0	300.0	2670.2850317752427	0.0	0	632.460503161863	2870.2850317752454	1	0	2	-0.4910285031775246
37200.0	300.0	2570.285031775244	0.0	0	768.0026865619875	2770.2850317752527	1	0	2	-0.481028503177526
38200.0	300.0	2470.285031775238	0.0	0	860.0842857207099	2670.2850317752454	1	0	2	-0.47102850317752537
39200.0	300.0	2370.285031775228	0.0	0	834.3628061577328	2570.285031775231	1	0	2	-0.46102850317752403
40200.0	300.0	2270.285031775227	0.0	0	885.7785846196275	2470.2850317752236	1	0	2	-0.4510285031775229
41200.0	300.0	2170.285031775223	0.0	0	819.8285164565459	2370.2850317752236	1	0	2	-0.4410285031775226
42200.0	300.0	2070.285031775221	0.0	0	887.2043490690849	2270.2850317752236	1	0	2	-0.4310285031775226
43200.0	300.0	1970.2850317752177	0.0	0	871.4749297932794	2170.285031775231	1	0	2	-0.4210285031775233
44200.0	300.0	1870.2850317752068	0.0	0	895.1842871496629	2070.2850317752236	1	0	2	-0.411028503177523
45200.0	300.0	1770.2850317752002	0.0	0	878.8588946518212	1970.2850317752236	1	0	2	-0.4010285031775226
46200.0	300.0	1670.2850317751968	0.0	0	910.4522417982662	1870.2850317752163	1	0	2	-0.391028503177522
47200.0	300.0	1570.2850317752038	0.0	0	878.0892173688553	1770.2850317752236	1	0	2	-0.38102850317752196
48200.0	300.0	1470.2850317752084	0.0	0	840.2267971349283	1670.285031775231	1	0	2	-0.3710285031775233
49200.0	300.0	1370.285031775212	0.0	0	760.9025403534688	1570.285031775231	1	0	2	-0.3610285031775233
50200.0	300.0	1270.2850317752107	0.0	0	768.3456342626378	1470.285031775231	1	0	2	-0.3510285031775229
51200.0	300.0	1270.2850317752063	0.0	0	850.2747257469528	1470.285031775231	1	0	1	-0.3470285031775233
52200.0	500.0	1270.2850317752077	0.0	0	836.3474646738687	1470.285031775231	1	0	1	-0.14702850317752303
53200.0	500.0	1270.2850317752059	0.0	0	788.240894186878	1470.285031775231	1	0	1	0.36379712058846764
54200.0	1000.0	1270.2850317752066	0.0	0	645.4525242635063	1470.2850317752236	1	0	1	0.36379712058846847
55200.0	1000.0	1270.285031775207	0.0	0	536.0497282821234	1470.2850317752236	1	0	1	1.0569443011484139
56200.0	1000.0	1270.2850317751997	0.0	0	726.9655016219403	1470.2850317752236	1	0	1	1.0569443011484139
57200.0	1000.0	1270.2850317751934	0.0	0	647.4752672330578	1470.2850317752236	1	0	1	1.0569443011484139
58200.0	1000.0	1270.28503177519	0.0	0	417.61601530325424	1470.2850317752163	1	0	1	1.056944301148414
59664.5240234865	2000.0	805.7610082886946	0.0	0	0.0	1470.2850317752163	1	0	1	1.0569443011484143
60676.80923489669	2000.0	793.475796878505	0.0	0	0.0	1470.2850317752163	1	0	1	1.7500914817083597
61630.20953171784	2000.0	840.0755000573544	0.0	0	0.0	1470.285031775209	1	0	1	1.7500914817083604
62811.22054405724	2000.0	659.064487717951	0.0	0	0.0	1470.285031775209	1	0	1	1.7500914817083604
63278.48449899596	1000.0	1191.8005327792384	0.0	0	0.0	1470.285031775209	1	0	1	0.36379712058847014
64200.0	1000.0	1270.285031775202	0.0	0	563.0226595009153	1470.2850317752163	1	0	1	1.0569443011484145
65200.0	1000.0	1270.285031775198	0.0	0	487.47640455709916	1470.285031775209	1	0	1	1.0569443011484152
66200.0	1000.0	1270.285031775188	0.0	0	415.1801439082774	1470.2850317751945	1	0	1	1.0569443011484156
67200.0	1000.0	1270.2850317751822	0.0	0	679.3643231351307	1470.2850317751872	1	0	1	1.056944301148417
68200.0	1000.0	1270.2850317752027	0.0	0	532.6693327031098	1470.2850317751872	1	0	1	1.0569443011484174
69200.0	1000.0	1270.2850317752016	0.0	0	736.9986650495266	1470.2850317751872	1	0	1	1.0569443011484174
70200.0	1000.0	1270.2850317751968	0.0	0	637.2040093611868	1470.2850317751872	1	0	1	1.0569443011484174
71390.62884789906	2000.0	1079.6561838761431	0.0	0	0.0	1470.2850317751727	1	0	1	1.0569443011484188
72200.0	1000.0	1270.2850317752002	0.0	0	274.8097406878078	1470.2850317751727	1	0	1	0.36379712058847374
73200.0	2000.0	1270.2850317751968	0.0	0	120.17584437089681	1470.2850317751727	1	0	1	1.0569443011484188
74200.0	2000.0	1270.2850317751993	0.0	0	349.70477818945074	1470.2850317751727	1	0	1	1.7500914817083641
75200.0	2000.0	1270.2850317751838	0.0	0	344.6112444923783	1470.2850317751727	1	0	1	1.7500914817083641
76200.0	2000.0	1270.2850317751836	0.0	0	319.1027547277481	1470.2850317751727	1	0	1	1.7500914817083641
77200.0	2000.0	1270.2850317751845	0.0	0	565.0738325635612	1470.2850317751727	1	0	1	1.7500914817083641
78200.0	2000.0	1270.2850317751809	0.0	0	323.2134985746525	1470.2850317751581	1	0	1	1.7500914817083655
79700.21101365822	2000.0	770.0740181169608	0.0	0	0.0	1470.2850317751727	1	0	1	1.7500914817083641
80259.35839979086	1000.0	1210.9266319843264	0.0	0	0.0	1470.2850317751727	1	0	1	0.36379712058847374
81200.0	1000.0	1270.285031775175	0.0	0	344.1098360862379	1470.2850317751727	1	0	1	1.056944301148419
82200.0	1000.0	1270.2850317751613	0.0	0	687.5443519957917	1470.2850317751727	1	0	1	1.056944301148419
83200.0	2000.0	1270.2850317751659	0.0	0	558.2391519977245	1470.2850317751727	1	0	1	1.0569443011484188
84200.0	2000.0	1270.2850317751825	0.0	0	215.05990731317434	1470.2850317751872	1	0	1	1.7500914817083626
85200.0	2000.0	1270.2850317751754	0.0	0	152.90590074089414	1470.2850317751872	1	0	1	1.7500914817083626
86200.0	2000.0	1270.285031775169	0.0	0	310.6644602634042	1470.2850317751872	1	0	1	1.7500914817083626
87200.0	2000.0	1270.285031775163	0.0	0	392.0177534177783	1470.2850317751872	1	0	1	1.7500914817083626
88200.0	2000.0	1270.285031775156	0.0	0	425.2117178284825	1470.2850317751872	1	0	1	1.7500914817083626
89200.0	2000.0	1270.2850317751415	0.0	0	606.1629347387352	1470.2850317751872	1	0	1	1.7500914817083626
90200.0	2000.0	1270.2850317751297	0.0	0	670.7419644920446	1470.2850317751872	1	0	1	1.7500914817083626
91200.0	2000.0	1270.28503177514	0.0	0	610.9748264268273	1470.2850317751872	1	0	1	1.7500914817083626
92200.0	2000.0	1270.2850317751452	0.0	0	506.0238493129	1470.2850317751872	1	0	1	1.7500914817083626
93200.0	2000.0	1270.2850317751497	0.0	0	100.21971571978065	1470.2850317751872	1	0	1	1.7500914817083626
94200.0	2000.0	1270.2850317751438	0.0	0	203.58129111258313	1470.2850317751727	1	0	1	1.7500914817083641
95200.0	2000.0	1270.2850317751406	0.0	0	309.82339583412977	1470.2850317751727	1	0	1	1.7500914817083641
96257.1659895427	2000.0	1213.1190422324553	0.0	0	0.0	1470.2850317751727	1	0	1	1.7500914817083641
97200.0	2000.0	1270.2850317751631	0.0	0	235.79475664098572	1470.2850317751872	1	0	1	1.7500914817083626
98268.20752156984	2000.0	1202.0775102053278	0.0	0	0.0	1470.2850317751872	1	0	1	1.7500914817083626
99604.41174521673	2000.0	865.8732865584298	0.0	0	0.0	1470.2850317751872	1	0	1	1.7500914817083626
100200.0	1000.0	1270.2850317751622	0.0	0	60.95244414774061	1470.2850317751872	1	0	1	0.36379712058847236
101200.0	1000.0	1270.2850317751515	0.0	0	462.8152033545048	1470.2850317751727	1	0	1	1.056944301148419
102200.0	2000.0	1270.2850317751574	0.0	0	72.7535642208095	1470.2850317751581	1	0	1	1.0569443011484203
103200.0	2000.0	1270.2850317751431	0.0	0	367.63196537992917	1470.2850317751581	1	0	1	1.7500914817083655
104540.05022153667	2000.0	930.2348102384686	0.0	0	0.0	1470.2850317751727	1	0	1	1.7500914817083641
105263.59699603176	1000.0	1206.688035743372	0.0	0	0.0	1470.2850317751581	1	0	1	0.36379712058847524
106200.0	1000.0	1270.2850317751231	0.0	0	182.02114955165598	1470.2850317751581	1	0	1	1.0569443011484205
107200.0	1000.0	1270.28503177513	0.0	0	452.6965679471032	1470.2850317751581	1	0	1	1.0569443011484205
108200.0	1000.0	1270.2850317751297	0.0	0	105.06620283321536	1470.2850317751436	1	0	1	1.0569443011484219
109200.0	1000.0	1270.2850317751188	0.0	0	423.2798041348724	1470.2850317751436	1	0	1	1.0569443011484219
110200.0	1000.0	1270.2850317751177	0.0	0	603.7670883179235	1470.2850317751436	1	0	1	1.0569443011484219
111200.0	1000.0	1270.285031775116	0.0	0	581.9629328415613	1470.285031775129	1	0	1	1.0569443011484234
112200.0	1000.0	1270.2850317750963	0.0	0	676.1619542647531	1470.285031775129	1	0	1	1.0569443011484234
113200.0	1000.0	1270.285031775102	0.0	0	582.9633698286052	1470.2850317751145	1	0	1	1.0569443011484247
114200.0	1000.0	1270.2850317751029	0.0	0	556.1826971156697	1470.285031775129	1	0	1	1.0569443011484234
115200.0	1000.0	1270.2850317750986	0.0	0	613.5912791680312	1470.285031775129	1	0	1	1.0569443011484234
116200.0	1000.0	1270.2850317750879	0.0	0	667.6777468359942	1470.2850317751436	1	0	1	1.0569443011484219
117200.0	1000.0	1270.2850317750822	0.0	0	601.2014125625865	1470.2850317751436	1	0	1	1.0569443011484219
118200.0	1000.0	1270.285031775082	0.0	0	357.91900351397635	1470.2850317751581	1	0	1	1.0569443011484205
119200.0	2000.0	1270.2850317750663	0.0	0	372.0578033356578	1470.2850317751581	1	0	1	1.0569443011484203
120200.0	2000.0	1270.285031775078	0.0	0	376.4097956968326	1470.2850317751581	1	0	1	1.7500914817083655
121200.0	2000.0	1270.2850317750629	0.0	0	247.7711615134467	1470.2850317751727	1	0	1	1.7500914817083641
122511.07823545246	2000.0	959.2067963226092	0.0	0	0.0	1470.2850317751727	1	0	1	1.7500914817083641
123722.44061593707	2000.0	747.8444158379987	0.0	0	0.0	1470.2850317751727	1	0	1	1.7500914817083641
124381.36976437566	1000.0	1088.9152673994117	0.0	0	0.0	1470.2850317751727	1	0	1	0.36379712058847374
125200.0	1000.0	1270.2850317750745	0.0	0	188.72606756970345	1470.2850317751727	1	0	1	1.056944301148419
126200.0	1000.0	1270.2850317750945	0.0	0	469.2829132519837	1470.2850317751872	1	0	1	1.0569443011484174
127200.0	1000.0	1270.2850317750897	0.0	0	470.38029961448046	1470.2850317751872	1	0	1	1.0569443011484174
128200.0	1000.0	1270.2850317750872	0.0	0	704.8375649951195	1470.2850317751872	1	0	1	1.0569443011484174
129200.0	1000.0	1270.2850317750829	0.0	0	583.9229311098607	1470.2850317751872	1	0	1	1.0569443011484174
130200.0	1000.0	1270.285031775094	0.0	0	243.53108918828366	1470.2850317751872	1	0	1	1.0569443011484174
131200.0	1000.0	1270.2850317751036	0.0	0	437.3543813140277	1470.2850317752018	1	0	1	1.056944301148416
132200.0	1000.0	1270.2850317751006	0.0	0	521.6168478168547	1470.2850317752018	1	0	1	1.056944301148416
133200.0	1000.0	1270.2850317750988	0.0	0	380.5650998464844	1470.2850317752163	1	0	1	1.0569443011484159
134200.0	1000.0	1270.2850317751363	0.0	0	627.7616765057319	1470.2850317752454	1	0	1	1.0569443011484116
135200.0	1000.0	1270.285031775132	0.0	0	515.1638311881397	1470.2850317752163	1	0	1	1.0569443011484145
136200.0	1000.0	1270.2850317751027	0.0	0	376.06316472101025	1470.2850317751872	1	0	1	1.0569443011484174
137200.0	1000.0	1270.2850317750879	0.0	0	498.0658985089394	1470.2850317751872	1	0	1	1.0569443011484174
138200.0	1000.0	1270.2850317751117	0.0	0	300.43635433440795	1470.2850317751872	1	0	1	1.0569443011484174
139200.0	1000.0	1270.285031775092	0.0	0	558.5606755243498	1470.2850317752163	1	0	1	1.0569443011484145
140200.0	1000.0	1270.2850317750924	0.0	0	683.4959035828069	1470.2850317752163	1	0	1	1.0569443011484145
141200.0	1000.0	1270.2850317750967	0.0	0	678.6970792096981	1470.2850317752163	1	0	1	1.0569443011484145
142200.0	1000.0	1270.2850317750945	0.0	0	561.5234620984702	1470.2850317752163	1	0	1	1.0569443011484145
143200.0	1000.0	1270.285031775088	0.0	0	654.7677058807167	1470.2850317752163	1	0	1	1.0569443011484145
144200.0	1000.0	1270.285031775062	0.0	0	764.7689432474435	1470.2850317751872	1	0	1	1.0569443011484174
145200.0	1000.0	1270.2850317750476	0.0	0	689.6003169968317	1470.2850317752163	1	0	1	1.0569443011484145
146200.0	1000.0	1270.2850317750438	0.0	0	425.2117209675198	1470.2850317751872	1	0	1	1.0569443011484174
147200.0	1000.0	1270.2850317750638	0.0	0	548.6580262192001	1470.2850317751872	1	0	1	1.0569443011484174
148200.0	1000.0	1270.285031775042	0.0	0	574.612849854544	1470.2850317751872	1	0	1	1.0569443011484174
149200.0	2000.0	1270.2850317750583	0.0	0	92.51655792514794	1470.2850317751872	1	0	1	1.0569443011484174
150200.0	2000.0	1270.285031775023	0.0	0	229.25158587677288	1470.2850317751872	1	0	1	1.7500914817083626
151200.0	2000.0	1270.2850317750006	0.0	0	473.0833377497911	1470.2850317751872	1	0	1	1.7500914817083626
152200.0	2000.0	1270.2850317749997	0.0	0	377.03367091031396	1470.2850317751581	1	0	1	1.7500914817083655
153200.0	2000.0	1270.2850317750188	0.0	0	591.9767567903618	1470.2850317751872	1	0	1	1.7500914817083626
154200.0	2000.0	1270.285031775013	0.0	0	612.5280682772864	1470.2850317751872	1	0	1	1.7500914817083626
155200.0	2000.0	1270.2850317749997	0.0	0	268.85777758201584	1470.2850317751872	1	0	1	1.7500914817083626
156200.0	2000.0	1270.2850317749956	0.0	0	579.7918746442592	1470.2850317752163	1	0	1	1.7500914817083597
157200.0	2000.0	1270.285031774971	0.0	0	530.103249320091	1470.2850317752163	1	0	1	1.7500914817083597
158200.0	2000.0	1270.2850317749705	0.0	0	307.68445881298976	1470.2850317752163	1	0	1	1.7500914817083597
159357.1668451475	3000.0	1113.1181866274705	0.0	0	0.0	1470.2850317751872	1	0	1	1.7500914817083628
160200.0	3000.0	1270.2850317749558	0.0	0	52.295458159584086	1470.2850317751872	1	0	1	2.1555565898165274
161422.30954798055	3000.0	1047.9754837943829	0.0	0	0.0	1470.2850317751581	1	0	1	2.15555658981653
162200.0	2000.0	1270.2850317749305	0.0	0	120.7958680067095	1470.285031775129	1	0	1	1.344626373600204
163200.0	2000.0	1270.2850317749335	0.0	0	191.80795107540325	1470.285031775129	1	0	1	1.7500914817083686
164200.0	2000.0	1270.2850317749462	0.0	0	169.36156028241385	1470.285031775129	1	0	1	1.7500914817083686
165200.0	2000.0	1270.285031774977	0.0	0	325.62848939807736	1470.285031775129	1	0	1	1.7500914817083686
166200.0	2000.0	1270.2850317750017	0.0	0	494.9016652070568	1470.285031775129	1	0	1	1.7500914817083686
167200.0	2000.0	1270.2850317750083	0.0	0	496.2567207494867	1470.2850317751581	1	0	1	1.7500914817083655
168200.0	2000.0	1270.285031774981	0.0	0	270.32308690814534	1470.285031775129	1	0	1	1.7500914817083686
169200.0	2000.0	1270.2850317749628	0.0	0	69.93528205825714	1470.2850317751581	1	0	1	1.7500914817083655
170415.28938367777	2000.0	1054.9956480972005	0.0	0	0.0	1470.2850317751581	1	0	1	1.7500914817083655
171267.07119146115	2000.0	1203.2138403138515	0.0	0	0.0	1470.2850317751581	1	0	1	1.7500914817083655
172326.70977927744	2000.0	1143.575252497552	0.0	0	0.0	1470.285031775129	1	0	1	1.7500914817083686
173200.0	2000.0	1270.2850317750033	0.0	0	113.35929921019124	1470.2850317751581	1	0	1	1.7500914817083655
174814.66289824888	2000.0	655.6221335261052	0.0	0	0.0	1470.2850317751872	1	0	1	1.7500914817083626
175554.74988412776	1000.0	915.5351476472617	0.0	0	0.0	1470.2850317751872	1	0	1	0.36379712058847236
176216.6181850462	1000.0	1253.6668467288357	0.0	0	0.0	1470.2850317751872	1	0	1	1.0569443011484174
177200.0	1000.0	1270.2850317750115	0.0	0	555.7255236411584	1470.2850317751872	1	0	1	1.0569443011484174
178200.0	1000.0	1270.285031775025	0.0	0	668.7315755101445	1470.2850317751872	1	0	1	1.0569443011484174
179200.0	1000.0	1270.285031775019	0.0	0	709.0520886256127	1470.2850317751581	1	0	1	1.0569443011484205
180200.0	1000.0	1270.2850317750103	0.0	0	757.2630278005672	1470.2850317751581	1	0	1	1.0569443011484205
181200.0	1000.0	1270.2850317750256	0.0	0	758.9496570171032	1470.2850317751581	1	0	1	1.0569443011484205
182200.0	1000.0	1270.2850317750072	0.0	0	342.71525687607937	1470.2850317751581	1	0	1	1.0569443011484205
183327.86650269234	1000.0	1142.4185290826906	0.0	0	0.0	1470.2850317751581	1	0	1	1.0569443011484205
184276.0319785136	1000.0	1194.2530532614157	0.0	0	0.0	1470.2850317751872	1	0	1	1.0569443011484174
185329.4611398456	1000.0	1140.8238919294217	0.0	0	0.0	1470.2850317752163	1	0	1	1.0569443011484145
186200.0	1000.0	1270.285031775054	0.0	0	137.06683431213605	1470.2850317752163	1	0	1	1.0569443011484145
187200.0	1000.0	1270.2850317750392	0.0	0	632.460427773709	1470.2850317751872	1	0	1	1.0569443011484174
188200.0	1000.0	1270.2850317750244	0.0	0	649.2342923253018	1470.2850317751581	1	0	1	1.0569443011484205
189200.0	1000.0	1270.285031775032	0.0	0	682.2777884870884	1470.2850317751581	1	0	1	1.0569443011484205
190200.0	1000.0	1270.2850317749896	0.0	0	569.973625714716	1470.2850317751581	1	0	1	1.0569443011484205
191200.0	1000.0	1270.2850317749915	0.0	0	681.9008497741597	1470.2850317751872	1	0	1	1.0569443011484174
192200.0	1000.0	1270.285031775007	0.0	0	671.7053485492361	1470.2850317751872	1	0	1	1.0569443011484174
193200.0	1000.0	1270.2850317750087	0.0	0	781.400760210614	1470.2850317751581	1	0	1	1.0569443011484205
194200.0	1000.0	1270.2850317750147	0.0	0	729.9058060704556	1470.2850317751581	1	0	1	1.0569443011484205
195200.0	2000.0	1270.2850317750274	0.0	0	386.6606555643375	1470.2850317751872	1	0	1	1.0569443011484174
196200.0	2000.0	1270.2850317750144	0.0	0	274.62786774299457	1470.2850317751581	1	0	1	1.7500914817083655
197341.45870141475	2000.0	1128.8263303602644	0.0	0	0.0	1470.2850317751872	1	0	1	1.7500914817083626
198339.00297687895	2000.0	1131.2820548960722	0.0	0	0.0	1470.2850317751581	1	0	1	1.7500914817083655
199296.7787392315	2000.0	1173.5062925435159	0.0	0	0.0	1470.2850317751581	1	0	1	1.7500914817083655
200200.0	2000.0	1270.2850317750158	0.0	0	265.0468037449755	1470.2850317751872	1	0	1	1.7500914817083626
201200.0	2000.0	1270.2850317749765	0.0	0	544.9587227134907	1470.2850317751872	1	0	1	1.7500914817083626
202200.0	2000.0	1270.285031774996	0.0	0	291.37201435599127	1470.2850317751872	1	0	1	1.7500914817083626
203200.0	2000.0	1270.2850317749796	0.0	0	190.4790015213366	1470.2850317751872	1	0	1	1.7500914817083626
204200.0	2000.0	1270.285031774982	0.0	0	475.5248398252006	1470.2850317751872	1	0	1	1.7500914817083626
205200.0	2000.0	1270.2850317749599	0.0	0	364.41076453909045	1470.2850317751872	1	0	1	1.7500914817083626
206200.0	2000.0	1270.2850317749596	0.0	0	453.1004206779471	1470.2850317752163	1	0	1	1.7500914817083597
207200.0	2000.0	1270.285031774959	0.0	0	156.15582224255195	1470.2850317752163	1	0	1	1.7500914817083597
208391.96986146495	2000.0	1078.3151703100232	0.0	0	0.0	1470.2850317752163	1	0	1	1.7500914817083597
209276.9848534162	2000.0	1193.3001783588038	0.0	0	0.0	1470.2850317752454	1	0	1	1.7500914817083568
210294.3532364122	2000.0	1175.9317953628217	0.0	0	0.0	1470.2850317752454	1	0	1	1.7500914817083568
211200.0	2000.0	1270.285031775028	0.0	0	1.5710240952321328	1470.2850317752163	1	0	1	1.7500914817083597
212200.0	1000.0	1270.2850317750065	0.0	0	351.38467168973875	1470.2850317752163	1	0	1	0.36379712058846936
213200.0	1000.0	1270.285031775007	0.0	0	565.6508151133021	1470.2850317752163	1	0	1	1.0569443011484145
214200.0	1000.0	1270.285031775009	0.0	0	628.0100772797014	1470.2850317752454	1	0	1	1.0569443011484116
215200.0	1000.0	1270.2850317749958	0.0	0	522.0467265343759	1470.2850317752454	1	0	1	1.0569443011484116
216200.0	1000.0	1270.2850317750017	0.0	0	669.2601131973497	1470.2850317752454	1	0	1	1.0569443011484116
217200.0	1000.0	1270.2850317749987	0.0	0	657.0329439867637	1470.2850317752454	1	0	1	1.0569443011484116
218200.0	1000.0	1270.285031775014	0.0	0	578.7676324821659	1470.2850317752454	1	0	1	1.0569443011484116
219200.0	1000.0	1270.2850317749917	0.0	0	544.5895107050019	1470.2850317752454	1	0	1	1.0569443011484116
220472.1265878579	2000.0	998.1584439171035	0.0	0	0.0	1470.2850317752745	1	0	1	1.0569443011484085
221200.0	1000.0	1270.2850317750044	0.0	0	117.84266786518856	1470.2850317753037	1	0	1	0.3637971205884607
222200.0	2000.0	1270.2850317750153	0.0	0	180.499471192481	1470.2850317753328	1	0	1	1.0569443011484028
223200.0	2000.0	1270.285031775031	0.0	0	195.87391799499164	1470.2850317753619	1	0	1	1.750091481708345
224200.0	2000.0	1270.2850317750342	0.0	0	86.30815742249251	1470.2850317753328	1	0	1	1.750091481708348
225200.0	2000.0	1270.2850317750315	0.0	0	446.70051251430414	1470.2850317753328	1	0	1	1.750091481708348
226200.0	2000.0	1270.2850317750629	0.0	0	441.8554887213686	1470.2850317753037	1	0	1	1.750091481708351
227200.0	2000.0	1270.2850317750351	0.0	0	240.39686834739405	1470.2850317753328	1	0	1	1.750091481708349
228688.1859214294	2000.0	782.0991103456467	0.0	0	0.0	1470.2850317753328	1	0	1	1.750091481708348
229258.73882014366	1000.0	1211.5462116314045	0.0	0	0.0	1470.2850317753328	1	0	1	0.3637971205884577
230200.0	1000.0	1270.2850317750538	0.0	0	501.2408644267998	1470.2850317753328	1	0	1	1.056944301148403
231200.0	1000.0	1270.2850317750538	0.0	0	696.1350315701566	1470.2850317753619	1	0	1	1.0569443011484
232200.0	1000.0	1270.2850317750147	0.0	0	669.2960260364925	1470.2850317753619	1	0	1	1.0569443011484
233200.0	2000.0	1270.2850317750103	0.0	0	482.7771765634243	1470.2850317753619	1	0	1	1.0569443011484
234200.0	2000.0	1270.2850317750042	0.0	0	104.16604077783995	1470.2850317753328	1	0	1	1.750091481708348
235200.0	2000.0	1270.285031774984	0.0	0	124.28439366168459	1470.2850317753328	1	0	1	1.750091481708348
236200.0	2000.0	1270.2850317749987	0.0	0	338.1082008651283	1470.2850317753328	1	0	1	1.750091481708348
237200.0	2000.0	1270.2850317750144	0.0	0	328.18426381860627	1470.2850317753328	1	0	1	1.750091481708348
238200.0	2000.0	1270.2850317750122	0.0	0	640.4133554608852	1470.2850317753619	1	0	1	1.750091481708345
239200.0	2000.0	1270.2850317750115	0.0	0	503.9944101731526	1470.2850317753328	1	0	1	1.750091481708348
240200.0	2000.0	1270.2850317750147	0.0	0	494.8586749379756	1470.2850317753328	1	0	1	1.750091481708348
241200.0	2000.0	1270.2850317750076	0.0	0	373.8521266814787	1470.2850317753328	1	0	1	1.750091481708348
242200.0	2000.0	1270.2850317749817	0.0	0	190.56624368808116	1470.2850317752745	1	0	1	1.750091481708353
243200.0	2000.0	1270.2850317749999	0.0	0	202.6857233651681	1470.2850317753328	1	0	1	1.7500914817083486
244200.0	2000.0	1270.2850317750058	0.0	0	30.538081733015133	1470.2850317753328	1	0	1	1.750091481708348
245200.0	2000.0	1270.2850317750165	0.0	0	296.74548648731434	1470.2850317753619	1	0	1	1.750091481708345
246281.99792168732	2000.0	1188.2871100877192	0.0	0	0.0	1470.285031775391	1	0	1	1.7500914817083422
247372.4956823315	2000.0	1097.7893494435389	0.0	0	0.0	1470.285031775391	1	0	1	1.7500914817083422
248420.52880960124	2000.0	1049.756222173846	0.0	0	0.0	1470.285031775391	1	0	1	1.7500914817083422
249200.0	1000.0	1270.2850317750815	0.0	0	214.53669053842896	1470.285031775391	1	0	1	0.3637971205884519
250200.0	1000.0	1270.2850317751065	0.0	0	626.5367453038925	1470.285031775391	1	0	1	1.0569443011483972
251200.0	1000.0	1270.2850317750754	0.0	0	484.2277550344297	1470.28503177542	1	0	1	1.0569443011483943
252200.0	2000.0	1270.2850317750413	0.0	0	299.90539798440295	1470.28503177542	1	0	1	1.056944301148394
253518.13216081038	2000.0	952.1528709646566	0.0	0	0.0	1470.28503177542	1	0	1	1.7500914817083393
254420.21117826202	1000.0	1050.0738535129694	0.0	0	0.0	1470.28503177542	1	0	1	0.36379712058844904
255200.0	1000.0	1270.285031774984	0.0	0	265.3338611389627	1470.285031775391	1	0	1	1.0569443011483972
256200.0	1000.0	1270.2850317749721	0.0	0	468.69265576207545	1470.285031775391	1	0	1	1.0569443011483972
257200.0	1000.0	1270.2850317749815	0.0	0	380.3684056143684	1470.285031775391	1	0	1	1.0569443011483972
258200.0	1000.0	1270.285031774974	0.0	0	254.39440954072052	1470.2850317753619	1	0	1	1.0569443011484
259200.0	1000.0	1270.2850317749617	0.0	0	446.97011125987046	1470.2850317753328	1	0	1	1.0569443011484019
260200.0	1000.0	1270.2850317749417	0.0	0	541.5791246460867	1470.2850317753037	1	0	1	1.0569443011484059
261200.0	1000.0	1270.285031774953	0.0	0	584.5713836169161	1470.2850317753037	1	0	1	1.0569443011484059
262200.0	1000.0	1270.2850317749119	0.0	0	531.7989079067775	1470.2850317752745	1	0	1	1.0569443011484088
263200.0	1000.0	1270.285031774932	0.0	0	696.6099841952673	1470.2850317753328	1	0	1	1.0569443011484048
264200.0	1000.0	1270.2850317748846	0.0	0	644.6677733286051	1470.2850317753037	1	0	1	1.0569443011484054
265200.0	1000.0	1270.2850317748637	0.0	0	625.7094919891679	1470.2850317752454	1	0	1	1.0569443011484116
266200.0	1000.0	1270.2850317748557	0.0	0	682.7586691232864	1470.2850317753037	1	0	1	1.0569443011484059
267200.0	1000.0	1270.2850317748707	0.0	0	418.5975677581155	1470.2850317753619	1	0	1	1.0569443011484
268200.0	2000.0	1270.2850317749264	0.0	0	113.53330648515839	1470.2850317753619	1	0	1	1.0569443011484
269200.0	2000.0	1270.2850317749485	0.0	0	345.735932074429	1470.2850317753619	1	0	1	1.750091481708345
270200.0	2000.0	1270.2850317749735	0.0	0	215.3807768780389	1470.28503177542	1	0	1	1.7500914817083415
271563.333934372	2000.0	906.9510974029081	0.0	0	0.0	1470.28503177542	1	0	1	1.7500914817083393
272461.91848712566	2000.0	1008.3665446492162	0.0	0	0.0	1470.28503177542	1	0	1	1.7500914817083393
273200.0	1000.0	1270.2850317748312	0.0	0	187.70520687155658	1470.28503177542	1	0	1	0.36379712058844904
274200.0	1000.0	1270.2850317747664	0.0	0	384.159950471716	1470.28503177542	1	0	1	1.0569443011483943
275200.0	1000.0	1270.28503177468	0.0	0	365.8020380020025	1470.28503177542	1	0	1	1.0569443011483943
276200.0	1000.0	1270.2850317746816	0.0	0	446.3456690207822	1470.28503177542	1	0	1	1.0569443011483943
277200.0	1000.0	1270.2850317746468	0.0	0	599.4766531374189	1470.28503177542	1	0	1	1.0569443011483943
278200.0	1000.0	1270.285031774661	0.0	0	472.0335154653876	1470.28503177542	1	0	1	1.0569443011483943
279200.0	1000.0	1270.2850317745979	0.0	0	506.95042443135753	1470.2850317753619	1	0	1	1.0569443011484
280200.0	1000.0	1270.285031774633	0.0	0	241.80923958297353	1470.2850317753619	1	0	1	1.0569443011484
281200.0	1000.0	1270.2850317746136	0.0	0	452.98628396814456	1470.2850317753619	1	0	1	1.0569443011484
282200.0	1000.0	1270.2850317745178	0.0	0	439.9924636306241	1470.2850317753619	1	0	1	1.0569443011484
283200.0	1000.0	1270.285031774469	0.0	0	549.5189350899891	1470.2850317753619	1	0	1	1.0569443011484
284200.0	1000.0	1270.2850317744737	0.0	0	635.219435500796	1470.2850317753619	1	0	1	1.0569443011484
285200.0	1000.0	1270.2850317744333	0.0	0	506.24108805233845	1470.2850317753619	1	0	1	1.0569443011484
286200.0	1000.0	1270.28503177444	0.0	0	123.52204326645005	1470.2850317753037	1	0	1	1.0569443011484048
287200.0	1000.0	1270.2850317744228	0.0	0	497.3248193159234	1470.2850317753037	1	0	1	1.0569443011484059
288200.0	1000.0	1270.2850317743794	0.0	0	406.85168351390166	1470.2850317753037	1	0	1	1.0569443011484059
289200.0	1000.0	1270.2850317743591	0.0	0	588.0175280850381	1470.2850317753037	1	0	1	1.0569443011484059
290200.0	1000.0	1270.2850317743098	0.0	0	582.7052404730348	1470.2850317752454	1	0	1	1.0569443011484116
291200.0	1000.0	1270.2850317743287	0.0	0	604.3939637931762	1470.2850317752454	1	0	1	1.0569443011484116
292200.0	1000.0	1270.2850317743018	0.0	0	634.233100183541	1470.2850317752454	1	0	1	1.0569443011484116
293200.0	1000.0	1270.285031774307	0.0	0	770.5421627728501	1470.2850317752454	1	0	1	1.0569443011484116
294200.0	1000.0	1270.2850317742946	0.0	0	711.9080337870982	1470.2850317751872	1	0	1	1.0569443011484174
295200.0	1000.0	1270.2850317743453	0.0	0	588.1450466293609	1470.2850317751872	1	0	1	1.0569443011484174
296200.0	1000.0	1270.285031774364	0.0	0	472.4490395404864	1470.2850317751872	1	0	1	1.0569443011484174
297200.0	1000.0	1270.2850317743544	0.0	0	474.2389229760156	1470.2850317751872	1	0	1	1.0569443011484174
298200.0	2000.0	1270.2850317744246	0.0	0	12.961558404844254	1470.2850317751872	1	0	1	1.0569443011484174
299200.0	2000.0	1270.2850317744208	0.0	0	451.85724464419764	1470.2850317751872	1	0	1	1.7500914817083626
300200.0	2000.0	1270.2850317743714	0.0	0	287.28850570943905	1470.285031775129	1	0	1	1.7500914817083677
4.47	4.3	3.74	3.01	2.68	3.15	2.97	2.5	3.05	2.99	2.81	3.68	3.54	1.8	2.26	2.21	2.37	2.34	1.98	1.38	1.11	1.81	2.55	3.64	4.39	5.18	3.35	1.03	1.02	1.1	1.32	2.26	2.95	2.94	2.56	3.01	3.98	4.14	4.05	4.73	3.48	2.14	2.02	1.67	2.44	3.24	4.05	2.99	3.07	2.97	3.44	3.1	1.49	1.59	1.91	2.49	1.83	2.22	2.61	2.34	2.54	2.64	3.36	3.24	1.93	1.95	2.33	2.75	2.51	3.07	3.92	4.14	2.05	1.3	2.03	2.88	3.9	3.46	2.76	3.08	3.24	3.79	4.55	5.43	6.17	4.32	2.66	2.65	3.23	2.41	2.47	2.41	2.35	1.76	2.15	2.7	2.93	2.04	0.78	1.46	1.89	1.37	1.54	1.83	2.58	2.85	3.06	2.99	3.29	3.79	3.66	2.1	2.27	2.81	2.57	1.87	1.49	2.22	1.9	1.75	2.24	3.04	2.64	1.51	1.87	1.81	1.98	2.42	3.09	2.39	1.56	1.68	1.83	2.73	2.87	3.26	3.45	4.29	3.9	2.21	1.89	1.97	2.54	2.61	3.34	4.1	5.0	5.48	3.22	4.15	4.47	4.3	3.74	3.01	2.68	3.15	2.97	2.5	3.05	2.99	2.81	3.68	3.54	1.8	2.26	2.21	2.37	2.34	1.98	1.38	1.11	1.81	2.55	3.64	4.39	5.18	3.35	1.03	1.02	1.1	1.32	2.26	2.95	2.94	2.56	3.01	3.98	4.14	4.05	4.73	3.48	2.14	2.02	1.67	2.44	3.24	4.05	2.99	3.07	2.97	3.44	3.1	1.49	1.59	1.91	2.49	1.83	2.22	2.61	2.34	2.54	2.64	3.36	3.24	1.93	1.95	2.33	2.75	2.51	3.07	3.92	4.14	2.05	1.3	2.03	2.88	3.9	3.46	2.76	3.08	3.24	3.79	4.55	5.43	6.17	4.32	2.66	2.65	3.23	2.41	2.47	2.41	2.35	1.76	2.15	2.7	2.93	2.04	0.78	1.46	1.89	1.37	1.54	1.83	2.58	2.85	3.06	2.99	3.29	3.79	3.66	2.1	2.27	2.81	2.57	1.87	1.49	2.22	1.9	1.75	2.24	3.04	2.64	1.51	1.87	1.81	1.98	2.42	3.09	2.39	1.56	1.68	1.83	2.73	2.87	3.26	3.45	4.29	3.9	2.21	1.89	1.97	2.54	2.61	3.34	4.1	5.0
1.0	2.0	3.0	4.0	5.0	6.0	7.0	8.0	9.0	10.0	11.0	12.0	13.0	14.0	15.0	16.0	17.0	18.0	19.0	20.0	21.0	22.0	23.0	24.0	25.0	26.0	27.0	28.0	29.0	30.0	31.0	32.0	33.0	34.0	35.0	36.0	37.0	38.0	39.0	40.0	41.0	42.0	43.0	44.0	45.0	46.0	47.0	48.0	49.0	50.0	51.0	52.0	53.0	54.0	55.0	56.0	57.0	58.0	59.0	60.0	61.0	62.0	63.0	64.0	65.0	66.0	67.0	68.0	69.0	70.0	71.0	72.0	73.0	74.0	75.0	76.0	77.0	78.0	79.0	80.0	81.0	82.0	83.0	84.0	85.0	86.0	87.0	88.0	89.0	90.0	91.0	92.0	93.0	94.0	95.0	96.0	97.0	98.0	99.0	100.0	101.0	102.0	103.0	104.0	105.0	106.0	107.0	108.0	109.0	110.0	111.0	112.0	113.0	114.0	115.0	116.0	117.0	118.0	119.0	120.0	121.0	122.0	123.0	124.0	125.0	126.0	127.0	128.0	129.0	130.0	131.0	132.0	133.0	134.0	135.0	136.0	137.0	138.0	139.0	140.0	141.0	142.0	143.0	144.0	145.0	146.0	147.0	148.0	149.0	149.0	150.0	151.0	152.0	153.0	154.0	155.0	156.0	157.0	158.0	159.0	160.0	161.0	162.0	163.0	164.0	165.0	166.0	167.0	168.0	169.0	170.0	171.0	172.0	173.0	174.0	175.0	176.0	177.0	178.0	179.0	180.0	181.0	182.0	183.0	184.0	185.0	186.0	187.0	188.0	189.0	190.0	191.0	192.0	193.0	194.0	195.0	196.0	197.0	198.0	199.0	200.0	201.0	202.0	203.0	204.0	205.0	206.0	207.0	208.0	209.0	210.0	211.0	212.0	213.0	214.0	215.0	216.0	217.0	218.0	219.0	220.0	221.0	222.0	223.0	224.0	225.0	226.0	227.0	228.0	229.0	230.0	231.0	232.0	233.0	234.0	235.0	236.0	237.0	238.0	239.0	240.0	241.0	242.0	243.0	244.0	245.0	246.0	247.0	248.0	249.0	250.0	251.0	252.0	253.0	254.0	255.0	256.0	257.0	258.0	259.0	260.0	261.0	262.0	263.0	264.0	265.0	266.0	267.0	268.0	269.0	270.0	271.0	272.0	273.0	274.0	275.0	276.0	277.0	278.0	279.0	280.0	281.0	282.0	283.0	284.0	285.0	286.0	287.0	288.0	289.0	290.0	291.0	292.0	293.0	294.0	295.0	296.0
5663.273431749998
