2995.266039904155	300.0	2000.0	161.48366393475138	0	0.0	2995.266039904155	1	0	1	-1.2651976485837468
3200.0	300.0	2774.7926438945706	0.0	0	70.6819829759479	2974.7926438945706	1	0	2	-0.6983137434581725
4200.0	300.0	2674.792643894569	0.0	0	891.6293428783406	2874.79264389457	1	0	2	-0.4914792643894572
5200.0	300.0	2574.792643894569	0.0	0	877.25514649445	2774.7926438945706	1	0	2	-0.4814792643894574
6200.0	300.0	2474.7926438945688	0.0	0	889.3228045165333	2674.79264389457	1	0	2	-0.4714792643894573
7200.0	300.0	2374.7926438945697	0.0	0	888.1699599748481	2574.7926438945697	1	0	2	-0.4614792643894573
8200.0	300.0	2274.7926438945697	0.0	0	875.5246543522353	2474.7926438945688	1	0	2	-0.45147926438945696
9200.0	300.0	2174.7926438945665	0.0	0	847.8871499164161	2374.792643894568	1	0	2	-0.44147926438945706
10200.0	300.0	2074.792643894568	0.0	0	822.2613357462742	2274.7926438945697	1	0	2	-0.43147926438945705
11200.0	300.0	1974.7926438945665	0.0	0	881.104241308898	2174.7926438945706	1	0	2	-0.4214792643894572
12200.0	300.0	1874.7926438945656	0.0	0	906.5999381292477	2074.7926438945688	1	0	2	-0.4114792643894572
13200.0	300.0	1774.7926438945663	0.0	0	889.2623697253584	1974.7926438945688	1	0	2	-0.401479264389457
14200.0	300.0	1674.792643894569	0.0	0	890.9336293040651	1874.7926438945706	1	0	2	-0.3914792643894572
15200.0	300.0	1574.7926438945683	0.0	0	829.4884292065472	1774.7926438945688	1	0	2	-0.38147926438945723
16200.0	300.0	1474.7926438945683	0.0	0	866.5353951375218	1674.7926438945688	1	0	2	-0.3714792643894571
17200.0	300.0	1374.7926438945667	0.0	0	830.5489112444011	1574.7926438945688	1	0	2	-0.3614792643894571
18200.0	300.0	1274.792643894569	0.0	0	800.204013924922	1474.7926438945724	1	0	2	-0.3514792643894573
19200.0	300.0	1274.7926438945658	0.0	0	834.8576023139431	1474.7926438945724	1	0	1	-0.3474792643894575
20200.0	500.0	1274.7926438945656	0.0	0	792.1952683899872	1474.7926438945724	1	0	1	-0.14747926438945724
21200.0	1000.0	1274.7926438945697	0.0	0	475.393733450077	1474.7926438945724	1	0	1	0.3633463593765336
22200.0	1000.0	1274.7926438945701	0.0	0	661.0420437725916	1474.792643894576	1	0	1	1.0564935399364785
23200.0	1000.0	1274.7926438945738	0.0	0	712.7706974135872	1474.792643894576	1	0	1	1.0564935399364785
24200.0	1000.0	1274.7926438945697	0.0	0	752.875824242823	1474.7926438945797	1	0	1	1.056493539936478
25200.0	1000.0	1274.7926438945692	0.0	0	709.3869499681496	1474.7926438945797	1	0	1	1.056493539936478
26585.170308978744	2000.0	889.6223349158251	0.0	0	0.0	1474.7926438945797	1	0	1	1.0564935399364783
27434.360174788064	2000.0	1040.432469106506	0.0	0	0.0	1474.7926438945797	1	0	1	1.7496407204964235
28562.56675634229	2000.0	912.2258875522803	0.0	0	0.0	1474.7926438945797	1	0	1	1.7496407204964235
29528.705748973094	2000.0	946.0868949214766	0.0	0	0.0	1474.7926438945797	1	0	1	1.7496407204964235
30200.0	2000.0	1274.792643894567	0.0	0	98.64945480662209	1474.7926438945833	1	0	1	1.7496407204964228
31200.0	2000.0	1274.7926438945656	0.0	0	422.99018564604194	1474.7926438945833	1	0	1	1.7496407204964228
32200.0	2000.0	1274.792643894565	0.0	0	129.6818353242088	1474.7926438945797	1	0	1	1.7496407204964235
33210.56010168812	2000.0	1264.2325422064525	0.0	0	0.0	1474.792643894587	1	0	1	1.749640720496423
34200.0	1000.0	1274.79264389457	0.0	0	462.33851164045336	1474.7926438945797	1	0	1	0.3633463593765328
35200.0	1000.0	1274.792643894569	0.0	0	634.7624531501133	1474.7926438945797	1	0	1	1.056493539936478
36200.0	1000.0	1274.7926438945694	0.0	0	728.9238737134219	1474.7926438945724	1	0	1	1.056493539936479
37200.0	2000.0	1274.7926438945683	0.0	0	385.1993699890445	1474.7926438945724	1	0	1	1.0564935399364788
38200.0	2000.0	1274.7926438945706	0.0	0	422.25050210140034	1474.7926438945724	1	0	1	1.749640720496424
39200.0	2000.0	1274.79264389456	0.0	0	593.1364614858612	1474.7926438945724	1	0	1	1.749640720496424
40200.0	2000.0	1274.7926438945601	0.0	0	428.095286263233	1474.7926438945797	1	0	1	1.7496407204964235
41200.0	2000.0	1274.7926438945585	0.0	0	327.2440138889797	1474.7926438945797	1	0	1	1.7496407204964235
42926.95048876939	2000.0	547.8421551251716	0.0	0	0.0	1474.7926438945797	1	0	1	1.7496407204964235
43975.85729041841	2000.0	549.3302269453148	50.394873469160416	0	0.0	1525.1875173637382	1	0	1	1.442231992334545
44675.98755085263	2000.0	849.1999665110935	0.0	0	0.0	1525.1875173637382	1	0	1	1.7446012331495075
45637.60408318985	2000.0	791.4217809401443	0.0	0	0.0	1429.0258641300024	1	0	2	1.3518762450060717
47391.884121444265	2000.0	200.0	162.8582573142646	0	0.0	1591.8841214442655	1	0	1	0.56709295530639
47906.39073276984	1000.0	782.6030837413565	97.10969506693598	0	0.0	1688.9938165112035	1	0	1	-0.2407319282867453
48362.77169019803	1000.0	1280.5840305703496	0.0	0	0.0	1643.3557207683843	1	0	2	0.6385276769213295
49200.0	1000.0	1359.6328897881838	0.0	0	378.1857928829704	1559.6328897881904	1	0	2	0.8445469278739406
50200.0	1000.0	1259.6328897881813	0.0	0	632.6493265622194	1459.632889788183	1	0	2	0.8540151173006896
51200.0	1000.0	1259.6328897881797	0.0	0	677.2643331641666	1459.632889788183	1	0	1	0.8580095153471178
52200.0	1000.0	1259.63288978817	0.0	0	231.96830978689832	1459.6328897881758	1	0	1	1.0580095153471185
53200.0	1000.0	1259.6328897881672	0.0	0	229.25133850759448	1459.6328897881685	1	0	1	1.0580095153471194
54200.0	1000.0	1259.6328897881722	0.0	0	433.19323653647734	1459.6328897881685	1	0	1	1.0580095153471194
55200.0	1000.0	1259.632889788176	0.0	0	359.8989688066649	1459.6328897881685	1	0	1	1.0580095153471194
56200.0	1000.0	1259.6328897881754	0.0	0	257.00480183590844	1459.6328897881685	1	0	1	1.0580095153471194
57200.0	1000.0	1259.6328897881813	0.0	0	537.6650505252328	1459.6328897881685	1	0	1	1.0580095153471194
58200.0	1000.0	1259.6328897881876	0.0	0	498.12782020587474	1459.6328897881685	1	0	1	1.0580095153471194
59200.0	1000.0	1259.6328897881874	0.0	0	470.92381530725834	1459.6328897881685	1	0	1	1.0580095153471194
60200.0	1000.0	1259.6328897881892	0.0	0	470.9003195324185	1459.6328897881758	1	0	1	1.0580095153471185
61200.0	1000.0	1259.632889788195	0.0	0	177.63954258066224	1459.6328897881758	1	0	1	1.0580095153471185
62200.0	1000.0	1259.6328897881979	0.0	0	443.61540368112765	1459.6328897881758	1	0	1	1.0580095153471185
63200.0	1000.0	1259.632889788198	0.0	0	198.78001842229423	1459.6328897881758	1	0	1	1.0580095153471185
64200.0	1000.0	1259.632889788209	0.0	0	538.1418262582447	1459.632889788183	1	0	1	1.0580095153471178
65200.0	1000.0	1259.6328897882029	0.0	0	604.1558263812258	1459.632889788183	1	0	1	1.0580095153471178
66200.0	1000.0	1259.6328897882056	0.0	0	726.1538875684855	1459.6328897881758	1	0	1	1.058009515347119
67200.0	1000.0	1259.6328897882017	0.0	0	736.7471067355946	1459.6328897881613	1	0	1	1.0580095153471192
68200.0	1000.0	1259.6328897882013	0.0	0	685.3194225656771	1459.6328897881613	1	0	1	1.05800951534712
69200.0	1000.0	1259.6328897882036	0.0	0	587.7833012437477	1459.6328897881613	1	0	1	1.05800951534712
70200.0	1000.0	1259.6328897882074	0.0	0	724.1038481936994	1459.6328897881758	1	0	1	1.0580095153471185
71200.0	1000.0	1259.6328897882065	0.0	0	751.4403547455295	1459.6328897881758	1	0	1	1.0580095153471185
72200.0	2000.0	1259.6328897882026	0.0	0	530.6571167319198	1459.6328897881758	1	0	1	1.0580095153471185
73359.15751059422	2000.0	1100.4753791939802	0.0	0	0.0	1459.6328897881758	1	0	1	1.7511566959070637
74200.0	2000.0	1259.6328897881976	0.0	0	106.92274667567108	1459.6328897881758	1	0	1	1.7511566959070637
75285.12112374845	2000.0	1174.5117660397405	0.0	0	0.0	1459.6328897881904	1	0	1	1.7511566959070624
76519.6202833661	2000.0	940.0126064221131	0.0	0	0.0	1459.6328897881904	1	0	1	1.7511566959070624
77200.0	1000.0	1259.6328897882072	0.0	0	272.41091601179505	1459.6328897881904	1	0	1	0.36486233478717206
78200.0	1000.0	1259.6328897881992	0.0	0	644.384265594199	1459.6328897881904	1	0	1	1.0580095153471165
79200.0	1000.0	1259.6328897882079	0.0	0	660.2254002913542	1459.6328897881904	1	0	1	1.0580095153471172
80200.0	1000.0	1259.6328897882004	0.0	0	587.5472085025249	1459.6328897881904	1	0	1	1.0580095153471172
81200.0	1000.0	1259.6328897881945	0.0	0	414.6406888934289	1459.6328897881758	1	0	1	1.0580095153471185
82200.0	1000.0	1259.6328897881974	0.0	0	414.8507951316569	1459.6328897881758	1	0	1	1.0580095153471185
83200.0	1000.0	1259.6328897881958	0.0	0	544.1416988835699	1459.6328897881758	1	0	1	1.0580095153471185
84200.0	1000.0	1259.6328897881951	0.0	0	367.83405220665736	1459.6328897881904	1	0	1	1.0580095153471172
85200.0	1000.0	1259.6328897881979	0.0	0	576.2748222495429	1459.6328897881904	1	0	1	1.0580095153471172
86200.0	1000.0	1259.6328897882006	0.0	0	549.7661095027433	1459.6328897881758	1	0	1	1.0580095153471185
87200.0	1000.0	1259.632889788205	0.0	0	546.623746539175	1459.6328897881758	1	0	1	1.0580095153471185
88200.0	1000.0	1259.6328897881835	0.0	0	698.6489926769136	1459.6328897881758	1	0	1	1.0580095153471185
89200.0	1000.0	1259.6328897881915	0.0	0	612.6770097084227	1459.6328897881904	1	0	1	1.0580095153471172
90200.0	1000.0	1259.6328897881897	0.0	0	571.0540833692794	1459.6328897881904	1	0	1	1.0580095153471172
91200.0	1000.0	1259.6328897881808	0.0	0	446.1419802692544	1459.6328897881904	1	0	1	1.0580095153471172
92200.0	1000.0	1259.6328897881808	0.0	0	641.8341418906639	1459.6328897881904	1	0	1	1.0580095153471172
93200.0	1000.0	1259.6328897881892	0.0	0	560.1565502985904	1459.6328897881758	1	0	1	1.0580095153471185
94334.33235418638	2000.0	1125.3005356018064	0.0	0	0.0	1459.6328897881613	1	0	1	1.0580095153471198
95440.16759273884	2000.0	1019.4652970493369	0.0	0	0.0	1459.6328897881613	1	0	1	1.7511566959070652
96312.98939579421	2000.0	1146.6434939939818	0.0	0	0.0	1459.6328897881613	1	0	1	1.7511566959070652
97251.23373364467	2000.0	1208.3991561435319	0.0	0	0.0	1459.6328897881613	1	0	1	1.7511566959070652
98200.0	2000.0	1259.6328897882051	0.0	0	279.7562983236421	1459.6328897881613	1	0	1	1.7511566959070652
99200.0	2000.0	1259.6328897882065	0.0	0	237.42464043281507	1459.6328897881613	1	0	1	1.7511566959070652
100200.0	2000.0	1259.6328897882092	0.0	0	210.72487340733642	1459.6328897881613	1	0	1	1.7511566959070652
101200.0	2000.0	1259.6328897882079	0.0	0	150.3396455608745	1459.6328897881613	1	0	1	1.7511566959070652
102209.65310163044	2000.0	1249.9797881577813	0.0	0	0.0	1459.6328897881758	1	0	1	1.7511566959070637
103200.0	2000.0	1259.6328897882122	0.0	0	70.08805565044167	1459.6328897881613	1	0	1	1.7511566959070652
104200.0	2000.0	1259.6328897882163	0.0	0	210.43188572283543	1459.6328897881613	1	0	1	1.7511566959070652
105369.76119182227	2000.0	1089.8716979659544	0.0	0	0.0	1459.6328897881613	1	0	1	1.7511566959070652
106766.36706904386	2000.0	693.2658207443521	0.0	0	0.0	1459.6328897881613	1	0	1	1.7511566959070652
107734.5808692125	2000.0	725.0520205757234	0.0	0	0.0	1459.6328897881613	1	0	1	1.7511566959070652
108200.0	1000.0	1259.6328897882051	0.0	0	38.230760474762064	1459.6328897881613	1	0	1	0.36486233478717484
109200.0	1000.0	1259.6328897882127	0.0	0	694.4123482831055	1459.6328897881613	1	0	1	1.05800951534712
110200.0	1000.0	1259.6328897882229	0.0	0	614.1349431061972	1459.6328897881613	1	0	1	1.05800951534712
111200.0	1000.0	1259.632889788223	0.0	0	612.071277797033	1459.6328897881613	1	0	1	1.05800951534712
112200.0	1000.0	1259.632889788232	0.0	0	607.3158530526416	1459.6328897881613	1	0	1	1.05800951534712
113200.0	1000.0	1259.632889788238	0.0	0	349.4961628576857	1459.6328897881613	1	0	1	1.05800951534712
114200.0	1000.0	1259.6328897882343	0.0	0	511.63539535558084	1459.6328897881758	1	0	1	1.0580095153471185
115200.0	1000.0	1259.6328897882465	0.0	0	744.4479337042285	1459.6328897881758	1	0	1	1.0580095153471185
116200.0	1000.0	1259.6328897882322	0.0	0	796.6401869743859	1459.6328897881758	1	0	1	1.0580095153471185
117200.0	2000.0	1259.6328897882158	0.0	0	575.2573311258748	1459.6328897881613	1	0	1	1.0580095153471198
118200.0	2000.0	1259.6328897882124	0.0	0	406.8299602159532	1459.6328897881467	1	0	1	1.7511566959070666
119202.19644283167	2000.0	1257.436446956538	0.0	0	0.0	1459.6328897881322	1	0	1	1.7511566959070681
120629.4248693962	2000.0	830.2080203920094	0.0	0	0.0	1459.6328897881322	1	0	1	1.7511566959070681
121697.27004590911	2000.0	762.3628438790828	0.0	0	0.0	1459.6328897881322	1	0	1	1.7511566959070681
122310.40885331036	1000.0	1149.2240364778243	0.0	0	0.0	1459.6328897881322	1	0	1	0.3648623347871779
123200.0	1000.0	1259.6328897881992	0.0	0	482.591734539179	1459.6328897881467	1	0	1	1.0580095153471216
124200.0	1000.0	1259.632889788212	0.0	0	635.7801670500776	1459.6328897881613	1	0	1	1.05800951534712
125200.0	1000.0	1259.6328897882138	0.0	0	453.3909981123579	1459.6328897881613	1	0	1	1.05800951534712
126200.0	1000.0	1259.6328897882133	0.0	0	526.642053213669	1459.6328897881467	1	0	1	1.0580095153471216
127200.0	1000.0	1259.6328897882045	0.0	0	623.9147502503765	1459.6328897881467	1	0	1	1.0580095153471216
128200.0	1000.0	1259.6328897881974	0.0	0	517.9455150996364	1459.6328897881467	1	0	1	1.0580095153471216
129200.0	1000.0	1259.632889788206	0.0	0	267.7252288362215	1459.6328897881467	1	0	1	1.0580095153471216
130200.0	1000.0	1259.6328897882024	0.0	0	546.8246912346949	1459.6328897881467	1	0	1	1.0580095153471216
131200.0	1000.0	1259.6328897881992	0.0	0	550.1810267117253	1459.6328897881467	1	0	1	1.0580095153471216
132200.0	1000.0	1259.6328897881883	0.0	0	680.6153706978366	1459.6328897881176	1	0	1	1.058009515347124
133200.0	1000.0	1259.6328897881926	0.0	0	644.1677185821463	1459.632889788103	1	0	1	1.0580095153471258
134200.0	1000.0	1259.6328897881774	0.0	0	708.8955033985258	1459.632889788103	1	0	1	1.0580095153471258
135200.0	1000.0	1259.6328897881967	0.0	0	708.3506279333087	1459.632889788103	1	0	1	1.0580095153471258
136200.0	1000.0	1259.632889788178	0.0	0	647.5399431386031	1459.632889788103	1	0	1	1.0580095153471258
137200.0	1000.0	1259.6328897881974	0.0	0	691.2801871636184	1459.632889788103	1	0	1	1.0580095153471258
138200.0	1000.0	1259.6328897882315	0.0	0	672.7234047158854	1459.6328897881322	1	0	1	1.058009515347123
139200.0	2000.0	1259.632889788223	0.0	0	375.6780601781211	1459.6328897881322	1	0	1	1.058009515347123
140200.0	2000.0	1259.6328897882559	0.0	0	111.75085538590793	1459.6328897881613	1	0	1	1.7511566959070652
141200.0	2000.0	1259.6328897882454	0.0	0	138.17964623428998	1459.6328897881613	1	0	1	1.7511566959070652
142357.73899946708	3000.0	1101.893890321187	0.0	0	0.0	1459.6328897881904	1	0	1	1.7511566959070626
143285.36897729023	3000.0	1174.2639124980456	0.0	0	0.0	1459.6328897881904	1	0	1	2.156621804015227
144200.0	3000.0	1259.6328897882693	0.0	0	120.50780909642344	1459.6328897881904	1	0	1	2.156621804015227
145355.8910399168	3000.0	1103.7418498714217	0.0	0	0.0	1459.6328897881904	1	0	1	2.156621804015227
147139.2210316491	3000.0	320.41185813912784	0.0	0	0.0	1459.6328897881904	1	0	1	2.156621804015227
147864.07388738962	2000.0	637.7038158432337	42.14481344459625	0	0.0	1501.7777032328013	1	0	1	1.0886082257868592
148531.95750019842	2000.0	903.0318417535195	0.0	0	0.0	1434.9893419519067	1	0	2	1.3519012166341566
149200.0	2000.0	1234.989341951945	0.0	0	6.878505885717459	1434.9893419519067	1	0	1	1.5536210506906905
150200.0	2000.0	1234.989341951925	0.0	0	284.72967786321533	1434.9893419519067	1	0	1	1.7536210506906906
151200.0	2000.0	1234.9893419519108	0.0	0	384.2816701148695	1434.9893419519067	1	0	1	1.7536210506906906
152200.0	2000.0	1234.98934195187	0.0	0	210.9964206550212	1434.9893419519067	1	0	1	1.7536210506906906
153200.0	2000.0	1234.9893419518658	0.0	0	211.45707737101475	1434.9893419518776	1	0	1	1.7536210506906935
154200.0	2000.0	1234.9893419518698	0.0	0	470.8461742551008	1434.9893419519067	1	0	1	1.7536210506906906
155200.0	2000.0	1234.9893419518585	0.0	0	507.8250073545787	1434.9893419518776	1	0	1	1.7536210506906935
156200.0	2000.0	1234.9893419518894	0.0	0	324.84959984608577	1434.9893419518776	1	0	1	1.7536210506906935
157200.0	2000.0	1234.989341951893	0.0	0	259.84632804626017	1434.9893419518776	1	0	1	1.7536210506906935
158200.0	2000.0	1234.9893419518667	0.0	0	234.76168540670187	1434.9893419518776	1	0	1	1.7536210506906935
159200.0	2000.0	1234.9893419518692	0.0	0	12.156642015994294	1434.9893419518776	1	0	1	1.7536210506906935
160200.0	2000.0	1234.9893419518655	0.0	0	362.44398665078916	1434.9893419518485	1	0	1	1.7536210506906966
161200.0	2000.0	1234.989341951891	0.0	0	564.3751928145648	1434.9893419518485	1	0	1	1.7536210506906966
162200.0	2000.0	1234.9893419518778	0.0	0	609.7670763703063	1434.9893419518194	1	0	1	1.7536210506906993
163200.0	2000.0	1234.989341951859	0.0	0	464.90127430672874	1434.9893419518194	1	0	1	1.7536210506906993
164200.0	2000.0	1234.9893419518542	0.0	0	405.15857384729316	1434.9893419518485	1	0	1	1.7536210506906966
165200.0	2000.0	1234.9893419518503	0.0	0	174.84724883848685	1434.9893419518485	1	0	1	1.7536210506906966
166200.0	2000.0	1234.9893419518314	0.0	0	52.2599165008869	1434.9893419518776	1	0	1	1.7536210506906935
167200.0	2000.0	1234.989341951831	0.0	0	293.92024271865375	1434.9893419518776	1	0	1	1.7536210506906935
168200.0	2000.0	1234.9893419518526	0.0	0	206.18845143498038	1434.9893419518776	1	0	1	1.7536210506906935
169200.0	2000.0	1234.9893419518667	0.0	0	175.00652196782175	1434.9893419519067	1	0	1	1.7536210506906915
170200.0	2000.0	1234.9893419518307	0.0	0	200.46691641316283	1434.9893419518776	1	0	1	1.7536210506906929
171200.0	2000.0	1234.9893419518178	0.0	0	144.8325145706185	1434.9893419518776	1	0	1	1.7536210506906935
172200.0	2000.0	1234.9893419518423	0.0	0	453.22717644667136	1434.9893419518776	1	0	1	1.7536210506906935
173200.0	2000.0	1234.989341951852	0.0	0	405.49552556010894	1434.9893419518776	1	0	1	1.7536210506906935
174200.0	2000.0	1234.9893419518346	0.0	0	360.3320405659324	1434.9893419518776	1	0	1	1.7536210506906935
175312.5654100844	2000.0	1122.423931867444	0.0	0	0.0	1434.9893419518776	1	0	1	1.7536210506906935
176520.23302568114	2000.0	914.7563162706998	0.0	0	0.0	1434.9893419518776	1	0	1	1.7536210506906935
177451.99873204026	2000.0	982.9906099115683	0.0	0	0.0	1434.9893419518776	1	0	1	1.7536210506906935
178253.90092624995	2000.0	1181.088415701879	0.0	0	0.0	1434.9893419518776	1	0	1	1.7536210506906935
179200.0	2000.0	1234.9893419518314	0.0	0	372.8949116548174	1434.9893419518776	1	0	1	1.7536210506906935
180215.64866812082	2000.0	1219.3406738310057	0.0	0	0.0	1434.9893419518485	1	0	1	1.7536210506906955
181474.6825444825	2000.0	960.3067974693679	0.0	0	0.0	1434.9893419518485	1	0	1	1.7536210506906966
182649.82471860092	2000.0	785.1646233509642	0.0	0	0.0	1434.9893419518485	1	0	1	1.7536210506906966
183200.0	1000.0	1234.9893419518403	0.0	0	111.26387098277337	1434.9893419518194	1	0	1	0.36732668957080905
184200.0	2000.0	1234.9893419518519	0.0	0	455.6613529891765	1434.9893419517903	1	0	1	1.0604738701307572
185200.0	2000.0	1234.9893419518326	0.0	0	316.5003447283525	1434.9893419517612	1	0	1	1.7536210506907053
186200.0	2000.0	1234.9893419518291	0.0	0	475.27484140358865	1434.9893419517612	1	0	1	1.7536210506907053
187200.0	2000.0	1234.9893419518464	0.0	0	529.4257810421113	1434.9893419517903	1	0	1	1.7536210506907024
188200.0	2000.0	1234.9893419518644	0.0	0	574.5584708586102	1434.9893419517903	1	0	1	1.7536210506907024
189200.0	2000.0	1234.9893419518692	0.0	0	488.7345434369345	1434.9893419518194	1	0	1	1.7536210506906993
190200.0	2000.0	1234.9893419518655	0.0	0	201.2102439260052	1434.9893419518194	1	0	1	1.7536210506906993
191543.4952930783	2000.0	891.4940488735722	0.0	0	0.0	1434.9893419518194	1	0	1	1.7536210506906993
192386.04902990875	2000.0	1048.9403120430886	0.0	0	0.0	1434.9893419518194	1	0	1	1.7536210506906993
193200.0	2000.0	1234.9893419518207	0.0	0	92.48460474368767	1434.9893419518194	1	0	1	1.7536210506906993
194200.0	2000.0	1234.9893419518005	0.0	0	266.52644792507635	1434.9893419518485	1	0	1	1.7536210506906966
195200.0	2000.0	1234.9893419517875	0.0	0	238.10610151846777	1434.9893419518776	1	0	1	1.7536210506906935
196200.0	1000.0	1234.989341951779	0.0	0	137.77746829815442	1434.9893419518776	1	0	1	0.3673266895708032
197200.0	1000.0	1234.9893419517666	0.0	0	536.2236454340164	1434.9893419519067	1	0	1	1.0604738701307455
198200.0	1000.0	1234.9893419517698	0.0	0	668.6778515809274	1434.9893419519067	1	0	1	1.0604738701307455
199200.0	1000.0	1234.9893419517364	0.0	0	599.1588243200094	1434.9893419519067	1	0	1	1.0604738701307455
200200.0	1000.0	1234.9893419517032	0.0	0	718.6554064084485	1434.9893419518776	1	0	1	1.0604738701307483
201200.0	1000.0	1234.9893419516948	0.0	0	160.68526623831713	1434.9893419518776	1	0	1	1.0604738701307483
202200.0	1000.0	1234.989341951699	0.0	0	62.30842051457148	1434.9893419518485	1	0	1	1.0604738701307512
203200.0	1000.0	1234.9893419516602	0.0	0	330.06878166427487	1434.9893419518194	1	0	1	1.060473870130753
204200.0	1000.0	1234.989341951649	0.0	0	458.65920093862223	1434.9893419518194	1	0	1	1.0604738701307541
205200.0	1000.0	1234.989341951638	0.0	0	121.90337056826684	1434.9893419518485	1	0	1	1.0604738701307512
206200.0	1000.0	1234.9893419516168	0.0	0	403.8417655598896	1434.9893419518194	1	0	1	1.0604738701307541
207200.0	1000.0	1234.989341951618	0.0	0	489.3013065434061	1434.9893419518194	1	0	1	1.0604738701307541
208200.0	1000.0	1234.9893419516072	0.0	0	643.3778334495437	1434.9893419518194	1	0	1	1.0604738701307541
209200.0	1000.0	1234.9893419515824	0.0	0	348.73043453443097	1434.9893419518485	1	0	1	1.0604738701307512
210200.0	1000.0	1234.9893419515613	0.0	0	69.95660971489269	1434.9893419518485	1	0	1	1.0604738701307512
211200.0	1000.0	1234.9893419515572	0.0	0	293.9637850798608	1434.9893419518194	1	0	1	1.060473870130753
212200.0	1000.0	1234.9893419515836	0.0	0	315.32081814084086	1434.9893419518194	1	0	1	1.0604738701307541
213200.0	1000.0	1234.989341951567	0.0	0	375.1983098873752	1434.9893419518194	1	0	1	1.0604738701307541
214200.0	1000.0	1234.9893419515709	0.0	0	545.3482990602788	1434.9893419518194	1	0	1	1.0604738701307541
215200.0	1000.0	1234.9893419515581	0.0	0	638.5285561125202	1434.9893419518194	1	0	1	1.0604738701307541
216200.0	1000.0	1234.9893419515658	0.0	0	610.6458412692882	1434.9893419518194	1	0	1	1.0604738701307541
217200.0	1000.0	1234.989341951579	0.0	0	558.3479948077002	1434.9893419518194	1	0	1	1.0604738701307541
218200.0	1000.0	1234.9893419515997	0.0	0	642.1845395089767	1434.9893419518194	1	0	1	1.0604738701307541
219200.0	1000.0	1234.9893419516147	0.0	0	798.8583064559207	1434.9893419518485	1	0	1	1.0604738701307512
220200.0	1000.0	1234.9893419515793	0.0	0	778.0266150940733	1434.9893419518485	1	0	1	1.0604738701307512
221200.0	2000.0	1234.989341951573	0.0	0	506.66855395774473	1434.9893419518485	1	0	1	1.0604738701307515
222200.0	2000.0	1234.989341951552	0.0	0	125.42577280811383	1434.9893419518485	1	0	1	1.7536210506906977
223267.30253770604	2000.0	1167.6868042455003	0.0	0	0.0	1434.9893419518194	1	0	1	1.7536210506906993
224320.27995911907	2000.0	1114.7093828324732	0.0	0	0.0	1434.9893419518194	1	0	1	1.7536210506906993
225256.62352274064	2000.0	1178.3658192109042	0.0	0	0.0	1434.9893419518485	1	0	1	1.7536210506906966
226410.7352334139	2000.0	1024.2541085376708	0.0	0	0.0	1434.9893419518776	1	0	1	1.7536210506906935
227200.0	1000.0	1234.9893419515759	0.0	0	264.38334247501916	1434.9893419518776	1	0	1	0.3673266895708032
228200.0	1000.0	1234.9893419515838	0.0	0	414.10671198242926	1434.9893419518776	1	0	1	1.0604738701307483
229200.0	1000.0	1234.9893419515706	0.0	0	382.4401830359129	1434.9893419518776	1	0	1	1.0604738701307483
230200.0	1000.0	1234.9893419515652	0.0	0	382.4971857202472	1434.9893419518485	1	0	1	1.0604738701307512
231200.0	1000.0	1234.9893419515906	0.0	0	582.4277565335506	1434.9893419518485	1	0	1	1.0604738701307512
232200.0	1000.0	1234.989341951578	0.0	0	581.849545523175	1434.9893419518485	1	0	1	1.0604738701307512
233200.0	1000.0	1234.9893419515736	0.0	0	323.51820122631034	1434.9893419518485	1	0	1	1.0604738701307512
234200.0	1000.0	1234.9893419515934	0.0	0	510.24798198006465	1434.9893419518776	1	0	1	1.0604738701307483
235200.0	1000.0	1234.989341951572	0.0	0	550.9758794360678	1434.9893419518776	1	0	1	1.0604738701307483
236200.0	1000.0	1234.9893419515713	0.0	0	573.9000895669742	1434.9893419519067	1	0	1	1.0604738701307455
237200.0	1000.0	1234.9893419515818	0.0	0	716.9674897421501	1434.9893419519067	1	0	1	1.0604738701307455
238200.0	1000.0	1234.9893419516009	0.0	0	661.1156651919009	1434.9893419519067	1	0	1	1.0604738701307455
239200.0	1000.0	1234.9893419515977	0.0	0	473.8635705774359	1434.9893419519067	1	0	1	1.0604738701307455
240200.0	1000.0	1234.9893419515972	0.0	0	530.622308085527	1434.9893419519067	1	0	1	1.0604738701307455
241200.0	1000.0	1234.989341951607	0.0	0	583.2553043136722	1434.9893419519067	1	0	1	1.0604738701307455
242200.0	1000.0	1234.9893419516063	0.0	0	635.1840453406912	1434.9893419519067	1	0	1	1.0604738701307455
243200.0	2000.0	1234.9893419515993	0.0	0	171.3239218754752	1434.9893419519358	1	0	1	1.0604738701307426
244200.0	2000.0	1234.9893419516475	0.0	0	214.96805433937698	1434.9893419519358	1	0	1	1.7536210506906877
245200.0	2000.0	1234.9893419516711	0.0	0	163.37973927066196	1434.9893419519358	1	0	1	1.7536210506906877
246200.0	2000.0	1234.9893419516563	0.0	0	201.05511063270387	1434.9893419519067	1	0	1	1.7536210506906893
247200.0	2000.0	1234.9893419516438	0.0	0	25.813843101641396	1434.9893419518776	1	0	1	1.7536210506906929
248200.0	2000.0	1234.9893419516234	0.0	0	289.6170552353433	1434.9893419518776	1	0	1	1.7536210506906935
249200.0	2000.0	1234.9893419516347	0.0	0	315.9436624000664	1434.9893419518776	1	0	1	1.7536210506906935
250200.0	2000.0	1234.9893419516418	0.0	0	270.7753113087092	1434.9893419518776	1	0	1	1.7536210506906935
251200.0	2000.0	1234.9893419516332	0.0	0	130.8485840470821	1434.9893419518776	1	0	1	1.7536210506906935
252200.0	2000.0	1234.9893419516534	0.0	0	426.68899152817903	1434.9893419518776	1	0	1	1.7536210506906935
253200.0	2000.0	1234.9893419516693	0.0	0	430.26799369888613	1434.9893419519067	1	0	1	1.7536210506906906
254206.38177463372	2000.0	1228.6075673179648	0.0	0	0.0	1434.9893419518776	1	0	1	1.7536210506906929
255208.72593965643	2000.0	1226.2634022952266	0.0	0	0.0	1434.9893419518485	1	0	1	1.7536210506906962
256429.82463100099	2000.0	1005.1647109506522	0.0	0	0.0	1434.9893419518194	1	0	1	1.7536210506906993
257200.0	1000.0	1234.9893419516175	0.0	0	256.4504771675274	1434.9893419518194	1	0	1	0.36732668957080905
258200.0	1000.0	1234.9893419516125	0.0	0	517.6520207262074	1434.9893419518194	1	0	1	1.0604738701307541
259200.0	1000.0	1234.9893419516723	0.0	0	545.9671317009779	1434.9893419518485	1	0	1	1.0604738701307512
260200.0	1000.0	1234.9893419516548	0.0	0	617.1843006081181	1434.9893419518194	1	0	1	1.0604738701307541
261200.0	1000.0	1234.9893419516695	0.0	0	589.2044373352546	1434.9893419518194	1	0	1	1.0604738701307541
262200.0	1000.0	1234.9893419516952	0.0	0	295.5533531711844	1434.9893419518194	1	0	1	1.0604738701307541
263200.0	1000.0	1234.989341951761	0.0	0	656.9897010111599	1434.9893419519067	1	0	1	1.0604738701307483
264200.0	1000.0	1234.9893419516793	0.0	0	624.3811328366282	1434.9893419519067	1	0	1	1.0604738701307455
265200.0	1000.0	1234.9893419517168	0.0	0	714.5464060649392	1434.989341951965	1	0	1	1.06047387013074
266200.0	2000.0	1234.9893419517055	0.0	0	583.6313979033148	1434.989341951965	1	0	1	1.0604738701307397
267200.0	2000.0	1234.9893419517286	0.0	0	409.2605055147433	1434.9893419519067	1	0	1	1.7536210506906906
268200.0	2000.0	1234.989341951639	0.0	0	132.95861181017244	1434.9893419519067	1	0	1	1.7536210506906906
269608.497758704	2000.0	826.4915832476432	0.0	0	0.0	1434.9893419519067	1	0	1	1.7536210506906906
270868.5505079388	2000.0	566.4388340128526	0.0	0	0.0	1434.9893419519067	1	0	1	1.7536210506906906
271438.1356042102	1000.0	996.8537377415159	0.0	0	0.0	1434.9893419519067	1	0	1	0.3673266895708004
272200.0	1000.0	1234.9893419516834	0.0	0	219.81165580981178	1434.9893419519067	1	0	1	1.0604738701307455
273200.0	1000.0	1234.9893419517464	0.0	0	556.3744278649683	1434.9893419519067	1	0	1	1.0604738701307455
274200.0	1000.0	1234.9893419517737	0.0	0	423.68914204492467	1434.9893419519067	1	0	1	1.0604738701307455
275200.0	1000.0	1234.9893419517375	0.0	0	641.1860594251775	1434.9893419519067	1	0	1	1.0604738701307455
276200.0	1000.0	1234.9893419517286	0.0	0	524.3898621564149	1434.9893419518485	1	0	1	1.0604738701307512
277200.0	1000.0	1234.9893419516638	0.0	0	400.1271794763743	1434.9893419518485	1	0	1	1.0604738701307512
278200.0	1000.0	1234.9893419516925	0.0	0	128.104181193572	1434.9893419518485	1	0	1	1.0604738701307512
279200.0	1000.0	1234.989341951763	0.0	0	414.5011567713809	1434.9893419518485	1	0	1	1.0604738701307512
280200.0	1000.0	1234.9893419517932	0.0	0	438.8301746195648	1434.9893419519067	1	0	1	1.0604738701307455
281200.0	1000.0	1234.9893419517527	0.0	0	588.3265867897426	1434.9893419519067	1	0	1	1.0604738701307455
282200.0	1000.0	1234.9893419517218	0.0	0	637.0413853126229	1434.9893419518485	1	0	1	1.0604738701307512
283200.0	1000.0	1234.9893419517014	0.0	0	626.7324565452873	1434.9893419518485	1	0	1	1.0604738701307512
284200.0	1000.0	1234.9893419516964	0.0	0	622.7589558094623	1434.9893419518485	1	0	1	1.0604738701307512
285200.0	1000.0	1234.989341951759	0.0	0	700.09251203842	1434.9893419518485	1	0	1	1.0604738701307512
286200.0	1000.0	1234.989341951726	0.0	0	732.2194788581692	1434.9893419517903	1	0	1	1.0604738701307572
287200.0	2000.0	1234.9893419516989	0.0	0	520.6645946227945	1434.9893419517903	1	0	1	1.0604738701307572
288200.0	2000.0	1234.9893419517311	0.0	0	506.3449856204097	1434.9893419517903	1	0	1	1.7536210506907024
289200.0	2000.0	1234.9893419516502	0.0	0	355.5065325478208	1434.9893419517903	1	0	1	1.7536210506907024
290200.0	2000.0	1234.989341951572	0.0	0	400.3973682721262	1434.989341951732	1	0	1	1.7536210506907082
291200.0	2000.0	1234.9893419515724	0.0	0	420.974984633096	1434.9893419516739	1	0	1	1.7536210506907142
292200.0	2000.0	1234.989341951524	0.0	0	477.53753560007317	1434.9893419516739	1	0	1	1.7536210506907142
293200.0	2000.0	1234.9893419515552	0.0	0	579.2925558861461	1434.989341951732	1	0	1	1.7536210506907082
294200.0	2000.0	1234.989341951585	0.0	0	527.1296696368954	1434.989341951732	1	0	1	1.7536210506907082
295623.9316425134	3000.0	811.0576994382254	0.0	0	0.0	1434.9893419517903	1	0	1	1.7536210506907026
296712.5904169853	2000.0	722.3989249663841	0.0	0	0.0	1434.9893419517903	1	0	1	1.3481559425825378
297428.95543823467	2000.0	1006.0339037170239	0.0	0	0.0	1434.9893419517903	1	0	1	1.7536210506907024
298253.75583627535	2000.0	1181.233505676385	0.0	0	0.0	1434.9893419517903	1	0	1	1.7536210506907024
299200.0	2000.0	1234.9893419517684	0.0	0	214.50110261840746	1434.9893419517903	1	0	1	1.7536210506907024
300200.0	2000.0	1234.989341951728	0.0	0	273.26237528643105	1434.989341951732	1	0	1	1.7536210506907057
3.22	3.35	3.67	4.24	2.94	2.49	2.1	2.9	3.74	4.53	4.11	2.65	3.5	3.02	2.4	2.54	2.99	2.71	2.76	3.17	4.19	4.12	2.35	1.41	2.58	2.36	2.92	3.29	1.89	2.17	2.25	2.95	3.81	4.24	4.43	4.9	5.1	3.9	1.6	1.3	1.9	2.8	2.86	1.51	1.6	2.28	3.12	3.46	2.1	1.1	1.7	2.33	1.52	1.59	2.4	3.05	1.9	0.95	1.46	1.45	1.95	2.97	3.52	4.02	2.85	3.32	4.24	4.81	4.39	2.82	2.04	2.27	1.76	1.52	2.22	2.31	2.53	1.95	2.09	2.19	2.07	1.85	2.11	2.86	3.37	2.79	2.65	1.91	2.69	2.77	2.15	2.17	2.43	2.77	2.86	2.44	2.99	3.66	2.27	3.12	2.9	3.0	1.69	1.58	1.69	2.61	2.95	3.14	3.14	1.54	2.53	3.13	4.03	5.07	3.86	2.77	2.65	1.48	1.98	2.13	2.65	2.35	2.32	2.9	2.33	1.23	1.73	2.13	3.14	3.81	3.8	3.52	3.31	4.19	4.32	3.73	2.72	3.12	2.98	3.76	4.58	4.75	2.53	2.09	2.18	2.79	2.94	2.97	2.84	2.97	3.22	3.35	3.67	4.24	2.94	2.49	2.1	2.9	3.74	4.53	4.11	2.65	3.5	3.02	2.4	2.54	2.99	2.71	2.76	3.17	4.19	4.12	2.35	1.41	2.58	2.36	2.92	3.29	1.89	2.17	2.25	2.95	3.81	4.24	4.43	4.9	5.1	3.9	1.6	1.3	1.9	2.8	2.86	1.51	1.6	2.28	3.12	3.46	2.1	1.1	1.7	2.33	1.52	1.59	2.4	3.05	1.9	0.95	1.46	1.45	1.95	2.97	3.52	4.02	2.85	3.32	4.24	4.81	4.39	2.82	2.04	2.27	1.76	1.52	2.22	2.31	2.53	1.95	2.09	2.19	2.07	1.85	2.11	2.86	3.37	2.79	2.65	1.91	2.69	2.77	2.15	2.17	2.43	2.77	2.86	2.44	2.99	3.66	2.27	3.12	2.9	3.0	1.69	1.58	1.69	2.61	2.95	3.14	3.14	1.54	2.53	3.13	4.03	5.07	3.86	2.77	2.65	1.48	1.98	2.13	2.65	2.35	2.32	2.9	2.33	1.23	1.73	2.13	3.14	3.81	3.8	3.52	3.31	4.19	4.32	3.73	2.72	3.12	2.98	3.76	4.58	4.75	2.53	2.09	2.18	2.79	2.94	2.97	2.84	2.97	3.22
1.0	2.0	3.0	4.0	5.0	6.0	7.0	8.0	9.0	10.0	11.0	12.0	13.0	14.0	15.0	16.0	17.0	18.0	19.0	20.0	21.0	22.0	23.0	24.0	25.0	26.0	27.0	28.0	29.0	30.0	31.0	32.0	33.0	34.0	35.0	36.0	37.0	38.0	39.0	40.0	41.0	42.0	43.0	44.0	45.0	46.0	47.0	48.0	49.0	50.0	51.0	52.0	53.0	54.0	55.0	56.0	57.0	58.0	59.0	60.0	61.0	62.0	63.0	64.0	65.0	66.0	67.0	68.0	69.0	70.0	71.0	72.0	73.0	74.0	75.0	76.0	77.0	78.0	79.0	80.0	81.0	82.0	83.0	84.0	85.0	86.0	87.0	88.0	89.0	90.0	91.0	92.0	93.0	94.0	95.0	96.0	97.0	98.0	99.0	100.0	101.0	102.0	103.0	104.0	105.0	106.0	107.0	108.0	109.0	110.0	111.0	112.0	113.0	114.0	115.0	116.0	117.0	118.0	119.0	120.0	121.0	122.0	123.0	124.0	125.0	126.0	127.0	128.0	129.0	130.0	131.0	132.0	133.0	134.0	135.0	136.0	137.0	138.0	139.0	140.0	141.0	142.0	143.0	144.0	145.0	146.0	147.0	148.0	149.0	149.0	150.0	151.0	152.0	153.0	154.0	155.0	156.0	157.0	158.0	159.0	160.0	161.0	162.0	163.0	164.0	165.0	166.0	167.0	168.0	169.0	170.0	171.0	172.0	173.0	174.0	175.0	176.0	177.0	178.0	179.0	180.0	181.0	182.0	183.0	184.0	185.0	186.0	187.0	188.0	189.0	190.0	191.0	192.0	193.0	194.0	195.0	196.0	197.0	198.0	199.0	200.0	201.0	202.0	203.0	204.0	205.0	206.0	207.0	208.0	209.0	210.0	211.0	212.0	213.0	214.0	215.0	216.0	217.0	218.0	219.0	220.0	221.0	222.0	223.0	224.0	225.0	226.0	227.0	228.0	229.0	230.0	231.0	232.0	233.0	234.0	235.0	236.0	237.0	238.0	239.0	240.0	241.0	242.0	243.0	244.0	245.0	246.0	247.0	248.0	249.0	250.0	251.0	252.0	253.0	254.0	255.0	256.0	257.0	258.0	259.0	260.0	261.0	262.0	263.0	264.0	265.0	266.0	267.0	268.0	269.0	270.0	271.0	272.0	273.0	274.0	275.0	276.0	277.0	278.0	279.0	280.0	281.0	282.0	283.0	284.0	285.0	286.0	287.0	288.0	289.0	290.0	291.0	292.0	293.0	294.0	295.0	296.0	297.0	298.0	298.0	299.0
2688.8070084909446
