2884.0406142028673	300.0	2000.0	109.85281142090008	0	0.0	2884.0406142028673	1	0	1	-0.9457934625069243
3200.0	300.0	2652.4446756231546	0.0	0	240.9619819792847	2852.4446756231546	1	0	2	-0.6871974906816285
4200.0	300.0	2552.4446756231555	0.0	0	918.894484722487	2752.4446756231546	1	0	2	-0.47924446756231565
5200.0	300.0	2452.4446756231555	0.0	0	864.584567908717	2652.4446756231546	1	0	2	-0.4692444675623157
6200.0	300.0	2352.4446756231564	0.0	0	859.7387799157332	2552.4446756231555	1	0	2	-0.4592444675623158
7200.0	300.0	2252.444675623156	0.0	0	825.0954868957515	2452.4446756231564	1	0	2	-0.44924446756231584
8200.0	300.0	2152.4446756231546	0.0	0	781.9744430928458	2352.4446756231564	1	0	2	-0.43924446756231594
9200.0	300.0	2052.444675623153	0.0	0	839.5090515169795	2252.4446756231555	1	0	2	-0.4292444675623158
10200.0	300.0	1952.444675623153	0.0	0	874.6773097226232	2152.4446756231555	1	0	2	-0.41924446756231565
11200.0	300.0	1852.4446756231528	0.0	0	849.3865608619362	2052.444675623152	1	0	2	-0.40924446756231553
12200.0	300.0	1752.4446756231523	0.0	0	845.5213437132588	1952.4446756231519	1	0	2	-0.39924446756231546
13200.0	300.0	1652.4446756231546	0.0	0	828.2794499135198	1852.4446756231555	1	0	2	-0.38924446756231557
14200.0	300.0	1552.4446756231537	0.0	0	855.679748475397	1752.4446756231519	1	0	2	-0.3792444675623155
15200.0	300.0	1452.444675623154	0.0	0	776.0060594382467	1652.4446756231519	1	0	2	-0.3692444675623154
16200.0	300.0	1352.4446756231537	0.0	0	744.9361584180406	1552.4446756231537	1	0	2	-0.35924446756231554
17200.0	300.0	1252.4446756231519	0.0	0	807.5340313649394	1452.4446756231519	1	0	2	-0.34924446756231536
18200.0	300.0	1252.444675623149	0.0	0	637.1138419408635	1452.4446756231482	1	0	1	-0.3452444675623151
19200.0	500.0	1252.4446756231478	0.0	0	621.7503402601396	1452.4446756231482	1	0	1	-0.1452444675623148
20200.0	500.0	1252.4446756231494	0.0	0	756.3690411583011	1452.4446756231482	1	0	1	0.3655811562036759
21200.0	500.0	1252.4446756231512	0.0	0	762.0001126518255	1452.4446756231482	1	0	1	0.3655811562036759
22200.0	500.0	1252.4446756231503	0.0	0	724.2177856495073	1452.4446756231482	1	0	1	0.3655811562036759
23200.0	1000.0	1252.4446756231519	0.0	0	537.3285269599182	1452.4446756231446	1	0	1	0.36558115620367637
24200.0	1000.0	1252.4446756231514	0.0	0	344.2901201324821	1452.4446756231482	1	0	1	1.0587283367636213
25200.0	1000.0	1252.4446756231516	0.0	0	392.1866296134249	1452.4446756231482	1	0	1	1.0587283367636213
26200.0	1000.0	1252.4446756231491	0.0	0	446.14669799861804	1452.4446756231446	1	0	1	1.0587283367636218
27200.0	1000.0	1252.4446756231505	0.0	0	494.77247958454245	1452.4446756231446	1	0	1	1.0587283367636218
28200.0	1000.0	1252.4446756231505	0.0	0	535.5016462335334	1452.444675623141	1	0	1	1.0587283367636222
29200.0	1000.0	1252.4446756231464	0.0	0	448.34159804446244	1452.444675623141	1	0	1	1.0587283367636222
30200.0	1000.0	1252.4446756231491	0.0	0	469.1558006900523	1452.4446756231446	1	0	1	1.0587283367636218
31200.0	1000.0	1252.4446756231482	0.0	0	466.2660478785838	1452.4446756231482	1	0	1	1.0587283367636213
32200.0	1000.0	1252.4446756231505	0.0	0	536.4784056505741	1452.4446756231482	1	0	1	1.0587283367636213
33200.0	1000.0	1252.4446756231546	0.0	0	594.0123205419004	1452.4446756231519	1	0	1	1.0587283367636213
34200.0	2000.0	1252.4446756231548	0.0	0	216.40523761714576	1452.4446756231555	1	0	1	1.0587283367636207
35200.0	2000.0	1252.4446756231555	0.0	0	183.23497563989076	1452.4446756231482	1	0	1	1.7518755173235665
36200.0	2000.0	1252.4446756231582	0.0	0	13.965911196006346	1452.4446756231482	1	0	1	1.7518755173235665
37506.61969097302	2000.0	945.8249846501426	0.0	0	0.0	1452.4446756231482	1	0	1	1.7518755173235665
38200.0	2000.0	1252.4446756231619	0.0	0	31.374400644010166	1452.4446756231482	1	0	1	1.7518755173235665
39200.0	2000.0	1252.4446756231623	0.0	0	146.15166420072637	1452.4446756231482	1	0	1	1.7518755173235665
40248.761139125934	2000.0	1203.6835364972312	0.0	0	0.0	1452.444675623141	1	0	1	1.7518755173235672
41222.567324751995	2000.0	1229.8773508711738	0.0	0	0.0	1452.4446756231482	1	0	1	1.7518755173235665
42200.0	1000.0	1252.4446756231769	0.0	0	375.93109691903373	1452.4446756231482	1	0	1	0.36558115620367615
43200.0	1000.0	1252.444675623176	0.0	0	563.1622537218354	1452.4446756231482	1	0	1	1.0587283367636213
44200.0	1000.0	1252.4446756231762	0.0	0	527.3970958118589	1452.4446756231482	1	0	1	1.0587283367636213
45200.0	1000.0	1252.4446756231703	0.0	0	655.4356742859527	1452.444675623141	1	0	1	1.0587283367636222
46200.0	1000.0	1252.4446756231703	0.0	0	653.7298102512432	1452.444675623141	1	0	1	1.0587283367636222
47200.0	1000.0	1252.4446756231716	0.0	0	474.7698847206484	1452.444675623141	1	0	1	1.0587283367636222
48200.0	1000.0	1252.4446756231678	0.0	0	571.0279835656111	1452.444675623141	1	0	1	1.0587283367636222
49200.0	1000.0	1252.4446756231705	0.0	0	481.2398156728741	1452.444675623141	1	0	1	1.0587283367636222
50200.0	1000.0	1252.444675623173	0.0	0	394.34166314335744	1452.444675623141	1	0	1	1.0587283367636222
51200.0	1000.0	1252.4446756231678	0.0	0	547.6024532684169	1452.444675623141	1	0	1	1.0587283367636222
52200.0	1000.0	1252.4446756231737	0.0	0	490.5177462471984	1452.4446756231482	1	0	1	1.0587283367636213
53200.0	1000.0	1252.444675623167	0.0	0	437.1130367443184	1452.4446756231482	1	0	1	1.0587283367636213
54200.0	1000.0	1252.4446756231769	0.0	0	477.656925571835	1452.4446756231482	1	0	1	1.0587283367636213
55200.0	1000.0	1252.444675623183	0.0	0	580.1066336771473	1452.4446756231482	1	0	1	1.0587283367636213
56200.0	1000.0	1252.4446756231853	0.0	0	592.0166457625019	1452.4446756231482	1	0	1	1.0587283367636213
57200.0	1000.0	1252.4446756231837	0.0	0	294.64419644917507	1452.4446756231482	1	0	1	1.0587283367636213
58200.0	1000.0	1252.4446756231816	0.0	0	308.2612648531722	1452.4446756231482	1	0	1	1.0587283367636213
59200.0	1000.0	1252.4446756231835	0.0	0	390.075209586641	1452.4446756231482	1	0	1	1.0587283367636213
60200.0	1000.0	1252.4446756231846	0.0	0	213.11625716500566	1452.444675623141	1	0	1	1.0587283367636222
61200.0	1000.0	1252.444675623187	0.0	0	301.5147954082495	1452.444675623141	1	0	1	1.0587283367636222
62200.0	1000.0	1252.4446756231778	0.0	0	607.9138464326315	1452.444675623141	1	0	1	1.0587283367636222
63200.0	1000.0	1252.4446756231882	0.0	0	557.471372929489	1452.444675623141	1	0	1	1.0587283367636222
64200.0	1000.0	1252.4446756231928	0.0	0	397.9184580556539	1452.444675623141	1	0	1	1.0587283367636222
65200.0	1000.0	1252.444675623189	0.0	0	575.6304855171475	1452.4446756231337	1	0	1	1.0587283367636229
66200.0	1000.0	1252.444675623196	0.0	0	670.7096216919235	1452.4446756231482	1	0	1	1.0587283367636218
67200.0	1000.0	1252.4446756232014	0.0	0	760.1844900785654	1452.4446756231482	1	0	1	1.0587283367636215
68200.0	1000.0	1252.4446756231775	0.0	0	636.1491913622885	1452.4446756231482	1	0	1	1.0587283367636213
69200.0	1000.0	1252.4446756231666	0.0	0	556.7823685922631	1452.4446756231482	1	0	1	1.0587283367636213
70200.0	1000.0	1252.4446756231687	0.0	0	515.9625862834218	1452.4446756231482	1	0	1	1.0587283367636213
71200.0	1000.0	1252.444675623172	0.0	0	645.5934198437608	1452.4446756231628	1	0	1	1.05872833676362
72200.10108673271	2000.0	1252.3435888904569	0.0	0	0.0	1452.4446756231628	1	0	1	1.05872833676362
73380.94900811902	2000.0	1071.4956675041396	0.0	0	0.0	1452.4446756231628	1	0	1	1.751875517323565
74494.104129334	2000.0	958.3405462891574	0.0	0	0.0	1452.4446756231628	1	0	1	1.751875517323565
75200.0	1000.0	1252.4446756231532	0.0	0	208.99985337887483	1452.4446756231628	1	0	1	0.36558115620367476
76200.0	1000.0	1252.4446756231432	0.0	0	427.55703796558373	1452.4446756231628	1	0	1	1.05872833676362
77200.0	1000.0	1252.444675623148	0.0	0	626.5084787800297	1452.4446756231628	1	0	1	1.05872833676362
78200.0	1000.0	1252.4446756231655	0.0	0	590.2244087807048	1452.4446756231628	1	0	1	1.05872833676362
79200.0	1000.0	1252.4446756231582	0.0	0	556.1748760474875	1452.4446756231482	1	0	1	1.0587283367636213
80200.0	1000.0	1252.444675623157	0.0	0	670.9392976876698	1452.4446756231482	1	0	1	1.0587283367636213
81200.0	1000.0	1252.444675623176	0.0	0	631.8950020123011	1452.4446756231482	1	0	1	1.0587283367636213
82200.0	1000.0	1252.4446756231669	0.0	0	552.8450850657246	1452.4446756231337	1	0	1	1.0587283367636229
83200.0	1000.0	1252.4446756231775	0.0	0	382.64125299653097	1452.4446756231337	1	0	1	1.0587283367636229
84200.0	1000.0	1252.4446756231791	0.0	0	549.8847821303498	1452.4446756231337	1	0	1	1.0587283367636229
85200.0	2000.0	1252.4446756231785	0.0	0	411.47703256909153	1452.4446756231482	1	0	1	1.0587283367636213
86200.0	2000.0	1252.4446756231669	0.0	0	101.56873581910622	1452.4446756231482	1	0	1	1.7518755173235665
87511.12607932955	2000.0	941.3185962935949	0.0	0	0.0	1452.4446756231482	1	0	1	1.7518755173235665
88200.0	2000.0	1252.4446756231457	0.0	0	0.27349933360528667	1452.4446756231482	1	0	1	1.7518755173235665
89200.0	2000.0	1252.4446756231382	0.0	0	200.83666750675184	1452.4446756231482	1	0	1	1.7518755173235665
90200.0	2000.0	1252.444675623132	0.0	0	567.5423527851672	1452.4446756231482	1	0	1	1.7518755173235665
91200.0	2000.0	1252.4446756231364	0.0	0	171.67710410614382	1452.4446756231628	1	0	1	1.751875517323565
92200.0	2000.0	1252.4446756231168	0.0	0	199.18763081284123	1452.4446756231628	1	0	1	1.751875517323565
93200.0	2000.0	1252.444675623097	0.0	0	99.34981879945553	1452.4446756231482	1	0	1	1.7518755173235665
94200.0	2000.0	1252.4446756230975	0.0	0	34.04344580939505	1452.4446756231482	1	0	1	1.7518755173235665
95245.28314734115	2000.0	1207.1615282819669	0.0	0	0.0	1452.4446756231482	1	0	1	1.7518755173235665
96325.25068744355	2000.0	1127.1939881795809	0.0	0	0.0	1452.4446756231482	1	0	1	1.7518755173235665
97370.49291869986	2000.0	1081.9517569232708	0.0	0	0.0	1452.4446756231628	1	0	1	1.751875517323565
98200.0	1000.0	1252.44467562314	0.0	0	142.8736158564716	1452.4446756231773	1	0	1	0.3655811562036734
99200.0	1000.0	1252.4446756231534	0.0	0	297.8991070493212	1452.4446756231773	1	0	1	1.0587283367636187
100200.0	1000.0	1252.4446756231596	0.0	0	660.818742687683	1452.4446756231919	1	0	1	1.058728336763617
101200.0	1000.0	1252.444675623162	0.0	0	554.8769263146241	1452.4446756232064	1	0	1	1.0587283367636156
102200.0	1000.0	1252.4446756231648	0.0	0	569.5410183676868	1452.4446756232064	1	0	1	1.0587283367636156
103200.0	1000.0	1252.4446756231766	0.0	0	654.125697135707	1452.4446756232064	1	0	1	1.0587283367636156
104200.0	1000.0	1252.4446756231944	0.0	0	662.3301336743316	1452.4446756232064	1	0	1	1.0587283367636156
105200.0	1000.0	1252.4446756231987	0.0	0	569.830826743404	1452.4446756232064	1	0	1	1.0587283367636156
106200.0	1000.0	1252.4446756232096	0.0	0	625.8296099028084	1452.4446756232064	1	0	1	1.0587283367636156
107200.0	1000.0	1252.4446756232135	0.0	0	544.8929208347545	1452.4446756232064	1	0	1	1.0587283367636156
108200.0	2000.0	1252.444675623195	0.0	0	270.33296792236797	1452.4446756231919	1	0	1	1.0587283367636169
109200.0	2000.0	1252.4446756231966	0.0	0	217.6422080774064	1452.4446756231919	1	0	1	1.751875517323562
110200.0	2000.0	1252.4446756231841	0.0	0	324.45990730522317	1452.4446756231919	1	0	1	1.751875517323562
111200.0	2000.0	1252.4446756231855	0.0	0	379.5108020848711	1452.4446756231773	1	0	1	1.7518755173235636
112200.0	2000.0	1252.4446756231746	0.0	0	479.9818684677739	1452.4446756231773	1	0	1	1.7518755173235636
113200.0	2000.0	1252.444675623185	0.0	0	580.6053383512335	1452.4446756231773	1	0	1	1.7518755173235636
114200.0	2000.0	1252.444675623181	0.0	0	431.6521725431958	1452.4446756231773	1	0	1	1.7518755173235636
115200.0	2000.0	1252.4446756231685	0.0	0	163.45689129644597	1452.4446756231628	1	0	1	1.751875517323565
116200.0	2000.0	1252.444675623166	0.0	0	171.7182876241859	1452.4446756231628	1	0	1	1.751875517323565
118499.23611107617	2000.0	200.0	246.79143545300917	0	0.0	1699.2361110761703	1	0	1	0.2640513878538583
119480.92905662647	2000.0	517.9403078780772	299.63325342836794	0	0.0	1998.8693645045423	1	0	1	-0.10056647213478076
119992.11536527026	1000.0	1006.75399923427	0.0	0	0.0	1998.8693645045569	1	0	1	0.3109386873155353
120434.25048266798	1000.0	1520.405370096766	0.0	0	0.0	1954.6558527647576	1	0	2	0.6073633607577111
121200.0	500.0	1678.0809010315616	0.0	0	497.3638217968255	1878.0809010315716	1	0	2	-0.5737251118635489
122200.0	500.0	1578.0809010315566	0.0	0	780.2830455082294	1778.080901031586	1	0	2	0.12901753366283314
123200.0	500.0	1478.0809010315656	0.0	0	768.7150153657567	1678.0809010316007	1	0	2	0.13901753366283165
124200.0	500.0	1378.0809010315593	0.0	0	782.8799258496729	1578.0809010316007	1	0	2	0.1490175336628305
125200.0	500.0	1278.0809010315602	0.0	0	731.9812450602913	1478.0809010316007	1	0	2	0.1590175336628305
126200.0	500.0	1278.0809010315672	0.0	0	653.0500432614645	1478.0809010316007	1	0	1	0.16301753366283048
127200.0	500.0	1278.0809010315631	0.0	0	780.1306100603397	1478.0809010316007	1	0	1	0.3630175336628306
128200.0	500.0	1278.0809010315627	0.0	0	777.5723609267297	1478.0809010316007	1	0	1	0.3630175336628306
129200.0	1000.0	1278.0809010315577	0.0	0	653.28218014515	1478.0809010316007	1	0	1	0.3630175336628308
130200.0	1000.0	1278.0809010315581	0.0	0	525.1614975160337	1478.0809010316007	1	0	1	1.0561647142227761
131200.0	1000.0	1278.0809010315518	0.0	0	621.3010038412613	1478.0809010316007	1	0	1	1.0561647142227761
132200.0	1000.0	1278.0809010315272	0.0	0	670.9664914785535	1478.080901031586	1	0	1	1.0561647142227764
133200.0	1000.0	1278.080901031508	0.0	0	543.2205185855855	1478.080901031586	1	0	1	1.056164714222778
134268.2615743754	2000.0	1209.8193266560816	0.0	0	0.0	1478.0809010316152	1	0	1	1.0561647142227748
135200.0	1000.0	1278.080901031468	0.0	0	291.3349084312795	1478.0809010316152	1	0	1	0.3630175336628295
136200.0	2000.0	1278.0809010314922	0.0	0	66.07496050972259	1478.0809010316152	1	0	1	1.0561647142227748
137200.0	2000.0	1278.080901031513	0.0	0	318.5200982882816	1478.0809010316443	1	0	1	1.7493118947827169
138200.0	2000.0	1278.080901031533	0.0	0	296.52398149177316	1478.0809010316734	1	0	1	1.7493118947827142
139200.0	2000.0	1278.0809010315243	0.0	0	481.76960230615805	1478.0809010316734	1	0	1	1.7493118947827142
140200.0	2000.0	1278.080901031539	0.0	0	164.07808193657547	1478.0809010316734	1	0	1	1.7493118947827142
141200.0	2000.0	1278.0809010315493	0.0	0	340.5067238800402	1478.0809010316734	1	0	1	1.7493118947827142
142268.40074779288	2000.0	1209.6801532386821	0.0	0	0.0	1478.0809010316734	1	0	1	1.7493118947827142
143200.0	2000.0	1278.0809010315822	0.0	0	256.95089783368167	1478.0809010316734	1	0	1	1.7493118947827142
144200.0	2000.0	1278.0809010315672	0.0	0	131.6754911050084	1478.0809010316734	1	0	1	1.7493118947827142
145200.0	2000.0	1278.0809010315493	0.0	0	15.658435570716392	1478.0809010316734	1	0	1	1.7493118947827142
146328.4360692791	2000.0	1149.6448317524284	0.0	0	0.0	1478.0809010316734	1	0	1	1.7493118947827142
147283.0198202475	2000.0	1195.061080784043	0.0	0	0.0	1478.0809010316734	1	0	1	1.7493118947827142
148200.0	2000.0	1278.0809010315224	0.0	0	119.87558115235879	1478.0809010316734	1	0	1	1.7493118947827142
149200.0	2000.0	1278.0809010315347	0.0	0	386.6024742766749	1478.0809010316443	1	0	1	1.7493118947827169
150396.27139252072	2000.0	1081.8095085108253	0.0	0	0.0	1478.0809010316443	1	0	1	1.7493118947827169
151502.1245701286	2000.0	975.9563309029277	0.0	0	0.0	1478.0809010316443	1	0	1	1.7493118947827169
152200.0	1000.0	1278.08090103152	0.0	0	360.72644158176263	1478.0809010316443	1	0	1	0.3630175336628266
153200.0	1000.0	1278.0809010315106	0.0	0	800.2204552835028	1478.0809010316734	1	0	1	1.0561647142227688
154200.0	1000.0	1278.0809010315168	0.0	0	582.0469112534192	1478.0809010316734	1	0	1	1.0561647142227688
155200.0	1000.0	1278.0809010315215	0.0	0	475.45257674742606	1478.0809010316734	1	0	1	1.0561647142227688
156200.0	1000.0	1278.0809010315263	0.0	0	556.802949049219	1478.0809010316443	1	0	1	1.0561647142227717
157200.0	1000.0	1278.0809010315015	0.0	0	301.8195391621557	1478.0809010316152	1	0	1	1.0561647142227735
158200.0	1000.0	1278.08090103149	0.0	0	339.91474169353023	1478.0809010316152	1	0	1	1.0561647142227746
159200.0	1000.0	1278.0809010314754	0.0	0	667.8928061663173	1478.0809010316152	1	0	1	1.0561647142227746
160200.0	1000.0	1278.0809010314906	0.0	0	624.2554484520224	1478.080901031586	1	0	1	1.0561647142227777
161200.0	1000.0	1278.0809010314908	0.0	0	625.7456261710322	1478.080901031586	1	0	1	1.0561647142227777
162200.0	1000.0	1278.0809010314736	0.0	0	510.51404853892745	1478.080901031586	1	0	1	1.0561647142227777
163200.0	1000.0	1278.0809010314977	0.0	0	421.4038092404662	1478.080901031586	1	0	1	1.0561647142227777
164200.0	2000.0	1278.0809010314726	0.0	0	12.174676667520544	1478.080901031557	1	0	1	1.05616471422278
165200.0	1000.0	1278.080901031481	0.0	0	482.4255275889591	1478.080901031557	1	0	1	0.3630175336628354
166200.0	1000.0	1278.0809010314845	0.0	0	178.51572289672913	1478.080901031528	1	0	1	1.0561647142227824
167224.04825645484	1000.0	1254.0326445766561	0.0	0	0.0	1478.080901031528	1	0	1	1.0561647142227835
168200.0	1000.0	1278.0809010314788	0.0	0	183.80971248820424	1478.080901031528	1	0	1	1.0561647142227835
169200.0	1000.0	1278.0809010314981	0.0	0	606.9121007678332	1478.080901031528	1	0	1	1.0561647142227835
170200.0	1000.0	1278.080901031506	0.0	0	607.8253102973686	1478.080901031528	1	0	1	1.0561647142227835
171200.0	1000.0	1278.0809010314772	0.0	0	673.1575053957058	1478.080901031528	1	0	1	1.0561647142227835
172200.0	1000.0	1278.0809010314374	0.0	0	437.31370570795843	1478.0809010314988	1	0	1	1.0561647142227863
173200.0	1000.0	1278.0809010314597	0.0	0	493.6960878369864	1478.0809010314988	1	0	1	1.0561647142227863
174200.0	1000.0	1278.0809010314624	0.0	0	628.5658543450991	1478.0809010314988	1	0	1	1.0561647142227863
175200.0	1000.0	1278.0809010314144	0.0	0	540.4913362180814	1478.0809010314988	1	0	1	1.0561647142227863
176200.0	1000.0	1278.0809010314072	0.0	0	527.5528849377297	1478.0809010314697	1	0	1	1.0561647142227892
177200.0	1000.0	1278.0809010314117	0.0	0	624.0277154028881	1478.0809010314406	1	0	1	1.0561647142227921
178200.0	1000.0	1278.0809010314451	0.0	0	561.1784256770916	1478.0809010314406	1	0	1	1.0561647142227921
179200.0	1000.0	1278.0809010314356	0.0	0	427.5752294527483	1478.0809010314406	1	0	1	1.0561647142227921
180200.0	1000.0	1278.0809010314479	0.0	0	500.45427102869144	1478.0809010314406	1	0	1	1.0561647142227921
181200.0	1000.0	1278.0809010314654	0.0	0	643.6963836632494	1478.0809010314406	1	0	1	1.0561647142227921
182200.0	1000.0	1278.0809010314747	0.0	0	500.61524780408945	1478.0809010314406	1	0	1	1.0561647142227921
183200.0	2000.0	1278.0809010315074	0.0	0	157.3820760968083	1478.0809010314115	1	0	1	1.0561647142227943
184200.0	2000.0	1278.0809010315024	0.0	0	280.46467713508173	1478.0809010314406	1	0	1	1.749311894782737
185218.48504990214	2000.0	1259.5958511293416	0.0	0	0.0	1478.0809010314406	1	0	1	1.749311894782737
186402.3640098626	2000.0	1075.7168911688784	0.0	0	0.0	1478.0809010314406	1	0	1	1.749311894782737
187316.54822645398	2000.0	1161.5326745775287	0.0	0	0.0	1478.0809010314697	1	0	1	1.7493118947827344
188200.0	2000.0	1278.080901031467	0.0	0	268.289068632148	1478.0809010314115	1	0	1	1.749311894782739
189200.0	2000.0	1278.0809010314613	0.0	0	289.8447041466716	1478.0809010314115	1	0	1	1.7493118947827402
190200.0	2000.0	1278.080901031478	0.0	0	131.17404417743091	1478.0809010314406	1	0	1	1.749311894782737
191200.0	2000.0	1278.0809010314567	0.0	0	120.82999462875887	1478.0809010314406	1	0	1	1.749311894782737
192200.0	1000.0	1278.0809010314658	0.0	0	500.8592704613693	1478.0809010314406	1	0	1	0.36301753366284695
193200.0	1000.0	1278.0809010314724	0.0	0	661.3697944291926	1478.0809010314115	1	0	1	1.056164714222795
194200.0	1000.0	1278.0809010314667	0.0	0	565.4306234823598	1478.0809010314115	1	0	1	1.056164714222795
195200.0	1000.0	1278.0809010314206	0.0	0	654.4627643302665	1478.0809010314115	1	0	1	1.056164714222795
196467.8957762721	2000.0	1010.1851247593116	0.0	0	0.0	1478.0809010313824	1	0	1	1.0561647142227977
197974.1667434516	2000.0	503.91415757980985	0.0	0	0.0	1478.0809010313824	1	0	1	1.749311894782743
198464.58802703672	1000.0	1013.4928739946922	0.0	0	0.0	1478.0809010314115	1	0	1	0.3630175336628499
199200.0	1000.0	1278.0809010314397	0.0	0	161.32560787943657	1478.0809010314406	1	0	1	1.0561647142227921
200200.0	1000.0	1278.0809010314615	0.0	0	632.5159444207675	1478.0809010314697	1	0	1	1.0561647142227892
201200.0	1000.0	1278.0809010314802	0.0	0	462.8119622442755	1478.0809010314988	1	0	1	1.0561647142227863
202200.0	1000.0	1278.080901031459	0.0	0	550.8572249698045	1478.0809010314988	1	0	1	1.0561647142227863
203200.0	1000.0	1278.0809010314756	0.0	0	416.90934194330475	1478.0809010314697	1	0	1	1.0561647142227892
204200.0	1000.0	1278.08090103147	0.0	0	508.13535187166417	1478.0809010314697	1	0	1	1.0561647142227892
205200.0	1000.0	1278.0809010314629	0.0	0	463.1179255231982	1478.0809010314406	1	0	1	1.0561647142227921
206200.0	1000.0	1278.0809010314497	0.0	0	282.63063315226464	1478.0809010314406	1	0	1	1.0561647142227921
207200.0	1000.0	1278.0809010314638	0.0	0	232.8895995405328	1478.0809010314406	1	0	1	1.0561647142227921
208200.0	1000.0	1278.0809010314535	0.0	0	427.09854787847144	1478.0809010314406	1	0	1	1.0561647142227921
209200.0	1000.0	1278.0809010314695	0.0	0	153.41549361715443	1478.0809010314115	1	0	1	1.056164714222794
210200.0	1000.0	1278.0809010314663	0.0	0	370.4162796125747	1478.0809010314406	1	0	1	1.0561647142227921
211200.0	1000.0	1278.0809010315036	0.0	0	404.263666604209	1478.0809010314406	1	0	1	1.0561647142227921
212200.0	1000.0	1278.0809010314945	0.0	0	501.68306387990015	1478.0809010314406	1	0	1	1.0561647142227921
213200.0	1000.0	1278.0809010315306	0.0	0	501.1814604488318	1478.0809010314406	1	0	1	1.0561647142227921
214200.0	1000.0	1278.0809010315284	0.0	0	601.6223093224398	1478.0809010314697	1	0	1	1.0561647142227892
215200.0	1000.0	1278.0809010315224	0.0	0	716.5041454760649	1478.0809010314697	1	0	1	1.0561647142227892
216200.0	1000.0	1278.0809010315168	0.0	0	710.4163680406346	1478.0809010314697	1	0	1	1.0561647142227892
217200.0	1000.0	1278.080901031517	0.0	0	622.6510615750449	1478.0809010314697	1	0	1	1.0561647142227892
218200.0	1000.0	1278.0809010315022	0.0	0	566.8739109033777	1478.0809010314697	1	0	1	1.0561647142227892
219200.0	1000.0	1278.0809010314829	0.0	0	525.3301306123612	1478.0809010314697	1	0	1	1.0561647142227892
220200.0	1000.0	1278.0809010314615	0.0	0	439.0253482319531	1478.0809010314697	1	0	1	1.0561647142227892
221200.0	2000.0	1278.080901031476	0.0	0	396.1443066546926	1478.0809010314697	1	0	1	1.0561647142227892
222259.1177329013	2000.0	1218.9631681301646	0.0	0	0.0	1478.0809010314697	1	0	1	1.7493118947827344
223568.41502794667	2000.0	909.6658730847944	0.0	0	0.0	1478.0809010314988	1	0	1	1.7493118947827313
224200.0	1000.0	1278.080901031496	0.0	0	249.13405477188644	1478.0809010314988	1	0	1	0.3630175336628412
225200.0	1000.0	1278.0809010315218	0.0	0	490.1973746516742	1478.080901031528	1	0	1	1.0561647142227835
226200.0	1000.0	1278.0809010315188	0.0	0	556.0288533902494	1478.080901031557	1	0	1	1.0561647142227806
227200.0	1000.0	1278.080901031504	0.0	0	591.0920123294345	1478.080901031557	1	0	1	1.0561647142227806
228200.0	1000.0	1278.0809010314745	0.0	0	372.27677300866344	1478.080901031528	1	0	1	1.0561647142227835
229200.0	1000.0	1278.0809010315036	0.0	0	542.6185895268572	1478.080901031528	1	0	1	1.0561647142227835
230200.0	1000.0	1278.0809010314954	0.0	0	557.913951956667	1478.080901031528	1	0	1	1.0561647142227835
231200.0	1000.0	1278.0809010314788	0.0	0	578.5552233401686	1478.080901031528	1	0	1	1.0561647142227835
232200.0	1000.0	1278.0809010315033	0.0	0	624.1239057617786	1478.080901031528	1	0	1	1.0561647142227835
233200.0	1000.0	1278.0809010314813	0.0	0	608.5606383802951	1478.0809010314988	1	0	1	1.0561647142227863
234200.0	2000.0	1278.0809010314654	0.0	0	106.2155135870853	1478.0809010314988	1	0	1	1.0561647142227861
235200.0	2000.0	1278.0809010314788	0.0	0	405.8708342029131	1478.0809010314988	1	0	1	1.7493118947827313
236200.0	2000.0	1278.0809010314726	0.0	0	20.462095204158686	1478.080901031528	1	0	1	1.7493118947827284
237200.0	2000.0	1278.0809010314679	0.0	0	79.0628061995667	1478.080901031528	1	0	1	1.7493118947827284
238200.0	2000.0	1278.0809010314726	0.0	0	452.4591802848445	1478.080901031528	1	0	1	1.7493118947827284
239200.0	2000.0	1278.0809010314886	0.0	0	517.5537371306273	1478.080901031528	1	0	1	1.7493118947827284
240200.0	2000.0	1278.0809010314829	0.0	0	281.94815771857975	1478.0809010314988	1	0	1	1.7493118947827313
241200.0	2000.0	1278.0809010314647	0.0	0	182.21544870513026	1478.0809010314697	1	0	1	1.7493118947827344
242200.0	2000.0	1278.0809010314715	0.0	0	200.37117235167534	1478.0809010314697	1	0	1	1.7493118947827344
243200.0	2000.0	1278.0809010314906	0.0	0	113.87994499361957	1478.0809010314697	1	0	1	1.7493118947827344
244216.55248524644	2000.0	1261.5284157850633	0.0	0	0.0	1478.0809010314988	1	0	1	1.7493118947827313
245200.0	2000.0	1278.080901031505	0.0	0	162.35653117427137	1478.0809010314697	1	0	1	1.7493118947827344
246200.0	2000.0	1278.0809010315027	0.0	0	134.379297960666	1478.0809010314988	1	0	1	1.7493118947827324
247696.99196945428	2000.0	781.0889315772465	0.0	0	0.0	1478.0809010314988	1	0	1	1.7493118947827313
248226.7652464398	1000.0	1251.3156545917504	0.0	0	0.0	1478.080901031528	1	0	1	0.36301753366283823
249200.0	1000.0	1278.0809010315777	0.0	0	546.3348795704078	1478.080901031528	1	0	1	1.0561647142227835
250200.0	1000.0	1278.0809010315727	0.0	0	615.1893786269648	1478.080901031528	1	0	1	1.0561647142227835
251200.0	1000.0	1278.0809010315493	0.0	0	546.3594492036791	1478.080901031557	1	0	1	1.0561647142227806
252200.0	1000.0	1278.0809010315456	0.0	0	717.9091406753287	1478.080901031557	1	0	1	1.0561647142227806
253200.0	1000.0	1278.0809010315606	0.0	0	564.7997942734219	1478.080901031557	1	0	1	1.0561647142227806
254200.0	1000.0	1278.0809010315825	0.0	0	592.9416656173416	1478.080901031586	1	0	1	1.0561647142227777
255200.0	1000.0	1278.0809010316134	0.0	0	577.4011896041338	1478.080901031586	1	0	1	1.0561647142227777
256200.0	2000.0	1278.0809010316098	0.0	0	165.9646328664967	1478.080901031586	1	0	1	1.0561647142227775
257200.0	2000.0	1278.0809010315957	0.0	0	345.59405707463156	1478.0809010316152	1	0	1	1.74931189478272
258200.0	2000.0	1278.0809010315777	0.0	0	224.8447230864258	1478.080901031586	1	0	1	1.7493118947827226
259200.0	2000.0	1278.0809010315672	0.0	0	436.55244038888486	1478.080901031586	1	0	1	1.7493118947827226
260200.0	2000.0	1278.0809010315954	0.0	0	403.40887835397734	1478.080901031586	1	0	1	1.7493118947827226
261200.0	2000.0	1278.080901031552	0.0	0	567.4411172003602	1478.080901031557	1	0	1	1.7493118947827258
262200.0	2000.0	1278.0809010315438	0.0	0	432.8195630435366	1478.080901031557	1	0	1	1.7493118947827258
263200.0	2000.0	1278.0809010315334	0.0	0	369.0469216663623	1478.080901031557	1	0	1	1.749311894782725
264200.0	2000.0	1278.0809010315722	0.0	0	133.7219929517014	1478.080901031557	1	0	1	1.7493118947827258
265424.7912746918	2000.0	1053.2896263397647	0.0	0	0.0	1478.0809010316152	1	0	1	1.74931189478272
266961.47021121846	2000.0	516.610689813112	0.0	0	0.0	1478.0809010316152	1	0	1	1.74931189478272
268426.6239706731	2000.0	378.1804820931087	326.72355173468026	0	0.0	1804.8044527662569	1	0	1	-0.24370177079882588
268990.26574294386	1000.0	814.5387098223503	0.0	0	0.0	1804.8044527662569	1	0	1	0.3303451784893654
269513.33626651193	1000.0	1239.1611338974644	0.0	0	0.0	1752.4974004094256	1	0	2	0.6274488396840722
270200.0	1000.0	1483.8310270606155	0.0	0	316.183754732192	1683.8310270606307	1	0	2	0.8325310521551217
271200.0	1000.0	1383.83102706069	0.0	0	717.4683249244117	1583.8310270606307	1	0	2	0.841589701619873
272200.0	1000.0	1283.831027060702	0.0	0	519.181523025909	1483.8310270606307	1	0	2	0.8516263769161836
273200.0	1000.0	1283.8310270606917	0.0	0	442.1259177145548	1483.8310270606307	1	0	1	0.855589701619873
274200.0	1000.0	1283.8310270606962	0.0	0	420.21054412657395	1483.8310270605725	1	0	1	1.055589701619879
275200.0	1000.0	1283.8310270607444	0.0	0	523.8758641682216	1483.8310270605725	1	0	1	1.055589701619879
276200.0	1000.0	1283.8310270607249	0.0	0	631.8841979407007	1483.8310270605143	1	0	1	1.0555897016198847
277200.0	1000.0	1283.831027060818	0.0	0	582.1751146884635	1483.8310270605143	1	0	1	1.0555897016198847
278200.0	1000.0	1283.8310270608438	0.0	0	579.2955153201474	1483.831027060456	1	0	1	1.0555897016198905
279200.0	1000.0	1283.8310270608943	0.0	0	557.5729209508863	1483.8310270605143	1	0	1	1.0555897016198847
280200.0	1000.0	1283.8310270609395	0.0	0	575.4953217449365	1483.8310270605725	1	0	1	1.055589701619879
281200.0	2000.0	1283.8310270609454	0.0	0	278.04788717685733	1483.8310270606307	1	0	1	1.0555897016198754
282200.0	2000.0	1283.831027060962	0.0	0	345.2433230257593	1483.8310270606307	1	0	1	1.7487368821798182
283648.2851811525	2000.0	835.5458459084566	0.0	0	0.0	1483.8310270605725	1	0	1	1.7487368821798241
284800.49718874146	2000.0	683.3338383195307	0.0	0	0.0	1483.8310270605143	1	0	1	1.74873688217983
285523.0307366255	2000.0	960.8002904355354	0.0	0	0.0	1483.8310270605725	1	0	1	1.7487368821798241
286303.53645900416	2000.0	1180.2945680568694	0.0	0	0.0	1483.8310270605725	1	0	1	1.7487368821798241
287200.0	2000.0	1283.8310270609857	0.0	0	163.84510880464222	1483.8310270605725	1	0	1	1.7487368821798241
288200.0	2000.0	1283.8310270609843	0.0	0	269.8473029192537	1483.8310270605725	1	0	1	1.748736882179822
289200.0	2000.0	1283.83102706106	0.0	0	250.49902840179857	1483.8310270606307	1	0	1	1.7487368821798182
290200.0	2000.0	1283.8310270610923	0.0	0	96.96186648739967	1483.8310270606307	1	0	1	1.7487368821798182
291200.0	2000.0	1283.8310270610655	0.0	0	26.089836950413883	1483.8310270606307	1	0	1	1.7487368821798182
292200.0	2000.0	1283.831027061016	0.0	0	219.3455042244168	1483.8310270606307	1	0	1	1.7487368821798182
293200.0	2000.0	1283.8310270610243	0.0	0	318.5099723403109	1483.8310270605725	1	0	1	1.748736882179822
294200.0	2000.0	1283.8310270610914	0.0	0	281.42969697975786	1483.8310270605143	1	0	1	1.74873688217983
295200.0	2000.0	1283.8310270611275	0.0	0	88.90217181429034	1483.831027060456	1	0	1	1.7487368821798344
296200.0	2000.0	1283.8310270611307	0.0	0	229.24466624530032	1483.8310270605143	1	0	1	1.74873688217983
297200.0	2000.0	1283.8310270610848	0.0	0	90.86876217502868	1483.8310270605143	1	0	1	1.74873688217983
298300.12072414596	2000.0	1183.7103029151247	0.0	0	0.0	1483.831027060456	1	0	1	1.7487368821798357
299200.0	2000.0	1283.8310270611285	0.0	0	18.363280285324436	1483.8310270605143	1	0	1	1.74873688217983
300512.88263242407	2000.0	970.948394637066	0.0	0	0.0	1483.8310270605143	1	0	1	1.74873688217983
5.12	3.42	2.18	2.78	1.95	1.68	2.68	3.13	3.02	2.62	2.11	2.17	1.74	1.68	1.07	1.46	2.06	3.14	3.08	1.86	1.48	2.25	2.41	2.98	2.56	2.7	2.19	2.53	2.55	2.39	2.72	2.98	1.93	1.87	2.28	3.24	2.86	2.05	1.9	2.35	2.9	2.54	2.54	2.04	2.09	1.7	1.82	2.19	2.18	2.36	2.26	2.34	2.22	1.95	1.44	2.03	1.77	1.24	1.93	2.44	2.36	2.24	3.0	3.65	4.32	2.86	2.22	2.33	2.76	2.75	1.33	1.74	2.54	2.73	2.4	1.95	2.48	2.75	3.34	2.15	2.33	2.88	3.22	1.93	2.28	3.12	3.97	3.53	2.88	2.49	1.91	2.86	2.25	2.31	1.38	1.74	2.33	2.72	3.06	3.31	3.56	2.97	3.17	3.29	2.83	3.57	3.32	4.12	4.83	5.03	4.69	3.43	2.49	1.47	1.14	1.07	1.7	2.61	3.39	3.01	2.57	2.12	1.61	2.47	2.95	2.86	2.64	3.43	2.56	3.08	1.82	1.85	2.33	2.37	2.66	3.35	3.23	2.81	2.58	2.39	2.78	2.81	1.99	2.27	2.53	3.13	1.62	1.81	2.0	5.35	5.12	3.42	2.18	2.78	1.95	1.68	2.68	3.13	3.02	2.62	2.11	2.17	1.74	1.68	1.07	1.46	2.06	3.14	3.08	1.86	1.48	2.25	2.41	2.98	2.56	2.7	2.19	2.53	2.55	2.39	2.72	2.98	1.93	1.87	2.28	3.24	2.86	2.05	1.9	2.35	2.9	2.54	2.54	2.04	2.09	1.7	1.82	2.19	2.18	2.36	2.26	2.34	2.22	1.95	1.44	2.03	1.77	1.24	1.93	2.44	2.36	2.24	3.0	3.65	4.32	2.86	2.22	2.33	2.76	2.75	1.33	1.74	2.54	2.73	2.4	1.95	2.48	2.75	3.34	2.15	2.33	2.88	3.22	1.93	2.28	3.12	3.97	3.53	2.88	2.49	1.91	2.86	2.25	2.31	1.38	1.74	2.33	2.72	3.06	3.31	3.56	2.97	3.17	3.29	2.83	3.57	3.32	4.12	4.83	5.03	4.69	3.43	2.49	1.47	1.14	1.07	1.7	2.61	3.39	3.01	2.57	2.12	1.61	2.47	2.95	2.86	2.64	3.43	2.56	3.08	1.82	1.85	2.33	2.37	2.66	3.35	3.23	2.81	2.58	2.39	2.78	2.81	1.99	2.27	2.53	3.13	1.62	1.81	2.0	5.35	5.12
1.0	2.0	3.0	4.0	5.0	6.0	7.0	8.0	9.0	10.0	11.0	12.0	13.0	14.0	15.0	16.0	17.0	18.0	19.0	20.0	21.0	22.0	23.0	24.0	25.0	26.0	27.0	28.0	29.0	30.0	31.0	32.0	33.0	34.0	35.0	36.0	37.0	38.0	39.0	40.0	41.0	42.0	43.0	44.0	45.0	46.0	47.0	48.0	49.0	50.0	51.0	52.0	53.0	54.0	55.0	56.0	57.0	58.0	59.0	60.0	61.0	62.0	63.0	64.0	65.0	66.0	67.0	68.0	69.0	70.0	71.0	72.0	73.0	74.0	75.0	76.0	77.0	78.0	79.0	80.0	81.0	82.0	83.0	84.0	85.0	86.0	87.0	88.0	89.0	90.0	91.0	92.0	93.0	94.0	95.0	96.0	97.0	98.0	99.0	100.0	101.0	102.0	103.0	104.0	105.0	106.0	107.0	108.0	109.0	110.0	111.0	112.0	113.0	114.0	115.0	116.0	117.0	118.0	119.0	120.0	121.0	122.0	123.0	124.0	125.0	126.0	127.0	128.0	129.0	130.0	131.0	132.0	133.0	134.0	135.0	136.0	137.0	138.0	139.0	140.0	141.0	142.0	143.0	144.0	145.0	146.0	147.0	148.0	149.0	149.0	150.0	151.0	152.0	153.0	154.0	155.0	156.0	157.0	158.0	159.0	160.0	161.0	162.0	163.0	164.0	165.0	166.0	167.0	168.0	169.0	170.0	171.0	172.0	173.0	174.0	175.0	176.0	177.0	178.0	179.0	180.0	181.0	182.0	183.0	184.0	185.0	186.0	187.0	188.0	189.0	190.0	191.0	192.0	193.0	194.0	195.0	196.0	197.0	198.0	199.0	200.0	201.0	202.0	203.0	204.0	205.0	206.0	207.0	208.0	209.0	210.0	211.0	212.0	213.0	214.0	215.0	216.0	217.0	218.0	219.0	220.0	221.0	222.0	223.0	224.0	225.0	226.0	227.0	228.0	229.0	230.0	231.0	232.0	233.0	234.0	235.0	236.0	237.0	238.0	239.0	240.0	241.0	242.0	243.0	244.0	245.0	246.0	247.0	248.0	249.0	250.0	251.0	252.0	253.0	254.0	255.0	256.0	257.0	258.0	259.0	260.0	261.0	262.0	263.0	264.0	265.0	266.0	267.0	268.0	269.0	270.0	271.0	272.0	273.0	274.0	275.0	276.0	277.0	278.0	279.0	280.0	281.0	282.0	283.0	284.0	285.0	286.0	287.0	288.0	289.0	290.0	291.0	292.0	293.0	294.0	295.0	296.0	297.0	298.0	298.0	299.0
2694.104723835435
