3940.5151704265713	300.0	2000.0	374.23031131233137	0	0.0	3940.5151704265713	1	0	2	-3.030905068710209
4808.334648412095	1000.0	2132.180522014476	0.0	0	0.0	3940.5151704265704	1	0	1	-0.5940515170426574
6152.253245861514	1000.0	1653.8700648201143	0.0	0	0.0	3806.123310681628	1	0	2	0.41980710694397233
6774.832979885341	1000.0	1969.032357393904	0.0	0	0.0	3743.865337279245	1	0	2	0.6281394841714711
7606.745058631571	1000.0	2053.9290707730524	0.0	0	0.0	3660.674129404623	1	0	2	0.6359312457533528
8206.39262327767	1000.0	2394.316749662343	0.0	0	0.0	3600.709372940012	1	0	2	0.6424503692825506
10973.438137275018	2000.0	350.56668426526187	0.0	0	0.0	3324.0048215402767	1	0	2	0.6641156310680909
12372.267680438765	1000.0	308.67898946233686	356.94184836082115	0	0.0	3680.946669901099	1	0	1	-2.1989201333890462
13016.175998039269	500.0	651.191008918505	46.19197165156393	0	0.0	3667.3670069577693	1	0	2	-1.2278085298269545
13716.199734183365	500.0	881.1648991599992	0.0	0	0.0	3597.364633343357	1	0	2	-0.05080365323590817
14501.925457550327	500.0	1016.8666034563414	0.0	0	0.0	3518.7920610066612	1	0	2	-0.04262635301948087
15691.924936801397	1000.0	826.8671242052707	0.0	0	0.0	3518.7920610066594	1	0	1	-0.04105358233467532
16622.13412650196	1000.0	896.6579345047099	0.0	0	0.0	3518.7920610066594	1	0	1	0.8520935982252702
17327.903802372253	1000.0	1190.8882586344166	0.0	0	0.0	3518.792061006663	1	0	1	0.8520935982252699
18104.54741161136	1000.0	1414.2446493953107	0.0	0	0.0	3518.792061006663	1	0	1	0.8520935982252699
18867.70153012141	1000.0	1574.7751190342578	0.0	0	0.0	3442.47664915566	1	0	2	0.4577517448460881
19996.446973639628	1000.0	1333.1551311642177	0.0	0	0.0	3329.602104803842	1	0	2	0.6680404083491819
21276.87718983489	1000.0	924.6818933494332	0.0	0	0.0	3201.5590831843183	1	0	2	0.6806705099586603
22378.833729738824	1000.0	822.7253534454981	0.0	0	0.0	3201.5590831843183	1	0	1	0.6838168960075042
23170.939458056528	1000.0	1030.619625127798	0.0	0	0.0	3201.5590831843183	1	0	1	0.8838168960075043
24484.269891871987	1000.0	717.2891913123385	0.0	0	0.0	3201.5590831843183	1	0	1	0.8838168960075043
25311.173558515875	1000.0	890.3855246684526	0.0	0	0.0	3201.5590831843183	1	0	1	0.8838168960075043
25927.814041272854	1000.0	1273.745041911478	0.0	0	0.0	3201.5590831843183	1	0	1	0.8838168960075043
26587.203934268968	1000.0	1614.3551489153645	0.0	0	0.0	3201.5590831843183	1	0	1	0.8838168960075043
27274.58629739322	1000.0	1926.972785791111	0.0	0	0.0	3201.559083184322	1	0	1	0.8838168960075039
28902.287413075443	2000.0	1136.5015585406707	0.0	0	0.0	3038.7889716161008	1	0	2	0.4952422634483333
29668.94128701045	1000.0	1369.8476846056644	0.0	0	0.0	3038.7889716161008	1	0	1	0.006946726604380671
30803.418523279328	1000.0	1235.3704483367887	0.0	0	0.0	3038.7889716161008	1	0	1	0.900093907164326
31756.46466743503	1000.0	1282.324304181088	0.0	0	0.0	3038.788971616097	1	0	1	0.9000939071643265
32525.7037528237	1000.0	1436.161310253547	0.0	0	0.0	2961.865063077228	1	0	2	0.5054630762908818
33898.87120368969	1000.0	925.6771143009605	0.0	0	0.0	2824.5483179906296	1	0	2	0.7181138459748577
35157.53510656558	1000.0	667.0132114250728	0.0	0	0.0	2824.548317990633	1	0	1	0.7215179725268726
36774.95649410165	1000.0	200.0	150.40817611100314	0	0.0	2974.956494101636	1	0	1	0.015642214838914592
37734.48167849134	500.0	563.2623382169776	380.6727645869394	0	0.0	3297.7440167083187	1	0	2	-3.198123647817108
38524.149757625004	500.0	694.6274511699537	0.0	0	0.0	3218.777208794956	1	0	2	-0.013030880983900497
39029.56162334848	500.0	1138.6743988741232	0.0	0	0.0	3168.2360222226052	1	0	2	-0.007283495969247378
40785.02244492709	1000.0	383.2135772955155	0.0	0	0.0	3168.2360222226052	1	0	1	-0.00599797845626987
41454.083706364036	500.0	647.2461897148688	0.0	0	0.0	3101.329896078896	1	0	2	-0.8941285960775511
42071.292911174714	500.0	968.3160644231216	0.0	0	0.0	3039.6089755978246	1	0	2	0.005335832230425934
43762.4348003287	1000.0	277.17417526913323	0.0	0	0.0	3039.6089755978246	1	0	1	0.006864726206208205
44911.94603187476	1000.0	358.37998882023925	230.71704509716525	0	0.0	3270.326020695	1	0	1	-0.507362068326555
45697.85915043777	500.0	493.875558400921	0.0	0	0.0	3191.7347088386887	1	0	2	-0.9038173928023727
46495.70728335417	500.0	616.2426121928847	0.0	0	0.0	3111.9498955470553	1	0	2	-0.0020711148405187854
47389.14866183564	1000.0	722.8012337114055	0.0	0	0.0	3111.9498955470553	1	0	1	-0.0003693657887149371
48520.3819251932	1000.0	591.5679703538401	0.0	0	0.0	3111.9498955470553	1	0	1	0.8927778147712306
49835.78610496704	1000.0	390.5700208716367	114.40623029163498	0	0.0	3226.356125838691	1	0	1	0.1948998099922572
51037.40568890555	1000.0	212.3757719077873	23.425334974668488	0	0.0	3249.781460813356	1	0	1	0.7384426483965898
51930.567187145694	500.0	471.9887307976707	220.0823699582193	0	0.0	3402.555917943362	1	0	2	-2.245481306029319
52634.350389117986	500.0	697.8272086281465	0.0	0	0.0	3332.1775977461293	1	0	2	-0.023892382903084305
53409.089189350336	1000.0	923.088408395788	0.0	0	0.0	3332.1775977461293	1	0	1	-0.022392136008622276
54102.49666080197	1000.0	1229.6809369441544	0.0	0	0.0	3332.1775977461293	1	0	1	0.8707550445513232
55619.5720971952	1000.0	712.6055005509179	0.0	0	0.0	3332.1775977461293	1	0	1	0.8707550445513232
56790.20493559957	1000.0	541.9726621465459	0.0	0	0.0	3332.1775977461293	1	0	1	0.8707550445513232
57856.62095770869	1000.0	475.5566400374296	0.0	0	0.0	3332.177597746122	1	0	1	0.870755044551324
58955.2045834112	1000.0	439.2394048118067	62.26639047689372	0	0.0	3394.4439882230145	1	0	1	0.4909300626422725
59449.403369081956	500.0	895.6207405739727	0.0	0	0.0	3345.0241096559403	1	0	2	-0.9177685340202006
60130.77159068696	1000.0	1214.252518968967	0.0	0	0.0	3345.0241096559403	1	0	1	-0.023676787199603533
60914.12149542862	1000.0	1430.9026142273117	0.0	0	0.0	3345.0241096559475	1	0	1	0.8694703933603415
61444.03017037601	1000.0	1900.9939392799185	0.0	0	0.0	3345.0241096559475	1	0	1	0.8694703933603415
62585.79528492922	2000.0	1645.0523132713924	0.0	0	0.0	3230.8475982006275	1	0	2	0.47806109362044197
63939.31579349919	2000.0	1156.1797538444298	0.0	0	0.0	3095.495547343642	1	0	2	1.3844362781790405
64763.46447291771	1000.0	1249.6162064840526	0.0	0	0.0	3013.080679401777	1	0	2	0.0067974822225511655
65777.81317972609	1000.0	1235.2674996756705	0.0	0	0.0	3013.08067940177	1	0	1	0.7026647363857585
67445.87653947022	1000.0	567.2041399315417	0.0	0	0.0	3013.080679401777	1	0	1	0.9026647363857587
68542.03843501478	1000.0	471.04224438699947	0.0	0	0.0	3013.080679401799	1	0	1	0.9026647363857572
69071.3945610564	500.0	888.7505057412017	0.0	0	0.0	2960.145066797617	1	0	2	-0.8796106313710057
70514.67035866316	1000.0	445.47470813443954	0.0	0	0.0	2960.1450667976314	1	0	1	0.01481111708622751
71376.5931821703	1000.0	583.5518846273106	0.0	0	0.0	2960.1450667976314	1	0	1	0.9079582976461731
72743.95487802447	1000.0	366.87276938286004	150.68258060972403	0	0.0	3110.8276474073646	1	0	1	-0.0112054440731445
73650.80541776009	500.0	369.3371756736952	0.0	0	0.0	3020.1425934338185	1	0	2	-0.8875927030924967
74499.96516336569	500.0	592.584572083415	143.02101506899658	0	0.0	3092.5497354491235	1	0	2	-0.8582985474535594
75164.27078138903	500.0	861.8483922577541	0.0	0	0.0	3026.1191736468027	1	0	2	0.006627127676784222
76270.2387216501	1000.0	755.8804519966807	0.0	0	0.0	3026.1191736468027	1	0	1	0.008213706401310417
77302.59942983706	1000.0	723.5197438097013	0.0	0	0.0	3026.119173646817	1	0	1	0.9013608869612544
78016.35626569272	1000.0	1009.762907954036	0.0	0	0.0	3026.119173646817	1	0	1	0.9013608869612544
78843.06617661077	1000.0	1183.0529970359794	0.0	0	0.0	3026.119173646817	1	0	1	0.9013608869612544
79958.5913306158	1000.0	1067.5278430309559	0.0	0	0.0	3026.1191736468318	1	0	1	0.901360886961253
81177.20299482155	1000.0	848.9161788252147	0.0	0	0.0	3026.1191736468318	1	0	1	0.901360886961253
82293.59876897311	1000.0	732.5204046736544	0.0	0	0.0	3026.1191736468318	1	0	1	0.901360886961253
83571.8944335427	1000.0	454.2247401040531	0.0	0	0.0	3026.119173646817	1	0	1	0.9013608869612544
84700.74377945204	1000.0	475.6520831914165	150.27668899671107	0	0.0	3176.3958626435196	1	0	1	-0.015326915918682238
85700.3128351256	1000.0	491.90433864603426	15.82131112818496	0	0.0	3192.2171737717144	1	0	1	0.7898232201796549
86664.49155987258	1000.0	527.7256138990598	0.0	0	0.0	3192.2171737717144	1	0	1	0.8847510869487647
88068.51915829277	1000.0	200.0	76.3019845211364	0	0.0	3268.5191582928383	1	0	1	0.4248270976140711
89350.88881970316	500.0	308.1740274150636	471.6187772422839	0	0.0	3659.062847118228	1	0	2	-3.7810656270496508
90288.8365255631	500.0	465.5389813131642	171.9158457673196	0	0.0	3754.375506876313	1	0	2	-1.0984945695906403
90904.40069936456	500.0	788.4183901315691	0.0	0	0.0	3692.8190894961735	1	0	2	-0.060012979817737455
91472.86343276399	500.0	1163.1093833922027	0.0	0	0.0	3635.9728161562234	1	0	2	-0.053798221763348614
92312.8701137766	1000.0	1323.1027023795948	0.0	0	0.0	3635.9728161562234	1	0	1	-0.05277165784963178
93350.26967336175	1000.0	1285.7031427944685	0.0	0	0.0	3635.972816156238	1	0	1	0.8403755227103125
94160.39107757853	1000.0	1475.581738577677	0.0	0	0.0	3635.972816156238	1	0	1	0.8403755227103125
94863.51731202874	1000.0	1772.455504127482	0.0	0	0.0	3635.972816156238	1	0	1	0.8403755227103125
95582.17895115142	1000.0	1981.9277010925207	0.0	0	0.0	3564.1066522439505	1	0	2	0.44554981368254004
96786.76159891361	1000.0	1656.8867885541008	0.0	0	0.0	3443.648387467707	1	0	2	0.6564079065117467
97743.06875157541	1000.0	1604.9489206261242	0.0	0	0.0	3348.017672201546	1	0	2	0.6668870343040485
98943.40001640053	1000.0	1284.584529318496	0.0	0	0.0	3227.9845457190386	1	0	2	0.6773220317910686
100281.22756166718	1000.0	946.7569840518393	0.0	0	0.0	3227.984545719053	1	0	1	0.6811743497540307
101057.52815063875	1000.0	1170.4563950802685	0.0	0	0.0	3227.984545719053	1	0	1	0.8811743497540309
101669.54530739196	1000.0	1558.4392383270642	0.0	0	0.0	3227.984545719053	1	0	1	0.8811743497540309
102198.57716436005	1000.0	1976.504195662178	0.0	0	0.0	3175.0813600222464	1	0	2	0.485218488570703
104565.11724847538	2000.0	373.31010313532033	0.0	0	0.0	2938.427351610735	1	0	2	0.702870062463154
105372.73799364363	1000.0	589.2954522529799	23.606094285918914	0	0.0	2962.0334458966536	1	0	1	-0.1270142865391882
106090.45280830689	1000.0	871.580637589722	0.0	0	0.0	2962.0334458966536	1	0	1	0.9077694597362708
106892.35851528768	1000.0	1069.6749306089246	0.0	0	0.0	2962.033445896639	1	0	1	0.9077694597362723
108256.61931637177	1000.0	705.4141295248284	0.0	0	0.0	2962.033445896639	1	0	1	0.9077694597362723
109077.56744065207	1000.0	884.4660052445186	0.0	0	0.0	2962.033445896639	1	0	1	0.9077694597362723
110159.56309844794	1000.0	802.4703474486553	0.0	0	0.0	2962.033445896639	1	0	1	0.9077694597362723
111387.62925343285	1000.0	574.4041924637395	0.0	0	0.0	2962.033445896639	1	0	1	0.9077694597362723
112607.29788981433	1000.0	431.1211583172877	76.38560223502805	0	0.0	3038.419048131662	1	0	1	0.4418172861026016
113905.54386737227	1000.0	376.10196706625516	243.22678630690103	0	0.0	3281.6458344385173	1	0	1	-0.5835524969593214
114287.28690252168	500.0	956.1846284018951	0.0	0	0.0	3243.471530923576	1	0	2	-0.9075965737996383
115292.80254881711	1000.0	950.6689821064749	0.0	0	0.0	3243.4715309235908	1	0	1	-0.01352152932636852
116844.42073052199	1000.0	399.0508004015883	0.0	0	0.0	3243.4715309235908	1	0	1	0.879625651233577
117545.7149749991	1000.0	716.0820922299993	18.32553630551967	0	0.0	3261.7970672290976	1	0	1	0.7678398797699083
118154.12523328241	1000.0	1107.6718339466775	0.0	0	0.0	3261.7970672290976	1	0	1	0.8777930976030264
119659.38888468182	1000.0	602.408182547257	0.0	0	0.0	3261.7970672290976	1	0	1	0.8777930976030264
120342.03562226643	500.0	851.4967712041826	0.0	0	0.0	3193.532393470625	1	0	2	-0.903353369095043
121164.31729289074	500.0	946.9869335174263	0.0	0	0.0	3111.3042264081887	1	0	2	-0.0024264437161485575
123526.24890370818	1000.0	200.0	614.9446773000121	0	0.0	3726.248903708183	1	0	1	-3.7356967287813627
124367.07717100182	500.0	559.703872543693	258.74087869699133	0	0.0	3926.7810435455176	1	0	2	-2.5292733102686267
124860.04699298221	500.0	1017.4370683652639	0.0	0	0.0	3877.4840613474953	1	0	2	-0.07816908313792326
125288.56495217461	500.0	1546.0673132536203	0.0	0	0.0	3834.632265428256	1	0	2	-0.07359242600883949
126320.26202063482	1000.0	1411.2005379473972	0.0	0	0.0	3731.462558582236	1	0	2	-0.06496602444864494
127308.97825158054	1000.0	1323.6126839071167	0.0	0	0.0	3632.590935487664	1	0	2	0.6381197231893438
128580.81649637436	1000.0	924.5906146339294	0.0	0	0.0	3505.4071110083023	1	0	2	0.6497735461193279
129683.86548008538	1000.0	821.5416309229095	0.0	0	0.0	3505.4071110082878	1	0	1	0.6534320932251072
130890.8406561575	1000.0	614.5664548507984	0.0	0	0.0	3505.4071110082878	1	0	1	0.8534320932251074
132271.0346197622	1000.0	246.7355375379943	12.363046291898229	0	0.0	3517.7701573001978	1	0	1	0.7780175108445264
132770.18554369026	500.0	738.3442572901233	36.97703279362767	0	0.0	3508.5298009803664	1	0	2	-1.1562258433903316
133825.07820501327	1000.0	683.4515959671089	0.0	0	0.0	3508.5298009803664	1	0	1	-0.04002735633204518
134628.83472237244	1000.0	879.695078607953	0.0	0	0.0	3508.529800980381	1	0	1	0.8531198242278987
135616.22342410317	1000.0	892.3063768772042	0.0	0	0.0	3508.529800980352	1	0	1	0.8531198242279009
137383.94529024468	1000.0	200.0	75.41548926430264	0	0.0	3583.94529024465	1	0	1	0.39832144564446637
138031.56198814267	500.0	628.9399019190162	128.4711541880043	0	0.0	3660.501890061627	1	0	2	-1.7208895721454063
138564.44420965444	500.0	1042.7694582560569	0.0	0	0.0	3607.2136679104296	1	0	2	-0.05101591525435223
139415.25329449528	1000.0	1191.9603734152015	0.0	0	0.0	3607.2136679104296	1	0	1	-0.0498957430250524
140230.20430078876	1000.0	1377.0093671217135	0.0	0	0.0	3607.2136679104005	1	0	1	0.8432514375348961
141189.58100973378	1000.0	1417.6326581767075	0.0	0	0.0	3607.2136679104005	1	0	1	0.8432514375348961
142372.8629305209	1000.0	1116.022545310862	0.0	0	0.0	3488.8854758316884	1	0	2	0.45196720574967375
143312.96028928072	1000.0	1081.9154506750406	0.0	0	0.0	3394.8757399556634	1	0	2	0.6620637162404222
143972.0844773475	1000.0	1356.8788438015608	0.0	0	0.0	3328.963321149	1	0	2	0.6693532287152548
144943.82286075805	1000.0	1287.966622049969	0.0	0	0.0	3231.7894828079734	1	0	2	0.6778801137289276
145953.0635966468	1000.0	1278.7258861612202	0.0	0	0.0	3231.7894828079734	1	0	1	0.6807938560451388
146831.9591851883	1000.0	1399.8302976197515	0.0	0	0.0	3231.7894828079734	1	0	1	0.8807938560451389
147507.47829092623	1000.0	1724.3111918817967	0.0	0	0.0	3231.7894828080025	1	0	1	0.8807938560451358
148456.50377191606	1000.0	1680.3831627930122	0.0	0	0.0	3136.8869347090367	1	0	2	0.48744679326849444
150040.2435448541	1000.0	1096.643389854958	0.0	0	0.0	3136.8869347090076	1	0	1	0.6902841108550353
151318.96243915363	1000.0	817.9244955554306	0.0	0	0.0	3136.8869347090076	1	0	1	0.8902841108550354
152178.706280363	1000.0	958.1806543461026	0.0	0	0.0	3136.8869347090076	1	0	1	0.8902841108550354
153652.98397494707	1000.0	483.9029597620017	0.0	0	0.0	3136.8869347089785	1	0	1	0.8902841108550372
154825.8985018797	1000.0	367.6737549639961	56.68532213464471	0	0.0	3193.5722568436177	1	0	1	0.5445036458337061
155810.75509148528	1000.0	542.7872349351553	159.97006957669566	0	0.0	3353.5423264204	1	0	1	-0.09120184577627766
156508.14328078812	1000.0	845.3990456323029	0.0	0	0.0	3353.5423264204	1	0	1	0.8686185716838962
157344.74010221034	1000.0	1008.8022242100618	0.0	0	0.0	3353.542326420371	1	0	1	0.8686185716838968
158933.31480568988	1000.0	420.2275207304974	0.0	0	0.0	3353.542326420342	1	0	1	0.8686185716839021
159515.0404468501	500.0	780.3293154542512	0.0	0	0.0	3295.369762304297	1	0	2	-0.9132476716451896
160688.60158879773	1000.0	606.7681735066315	0.0	0	0.0	3295.369762304297	1	0	1	-0.018711352464439057
162078.69641287607	1000.0	216.67334942829143	0.0	0	0.0	3295.3697623043263	1	0	1	0.8744358280955036
162868.16909827094	500.0	547.8960921847157	181.4933606280028	0	0.0	3416.0651904555853	1	0	2	-2.01493690084626
163500.6045607599	500.0	852.2170834468645	0.0	0	0.0	3352.821644206706	1	0	2	-0.025656665232445905
164600.4138839275	1000.0	752.4077602792566	0.0	0	0.0	3352.821644206735	1	0	1	-0.02445654065468278
165663.3095490532	1000.0	689.5120951535739	0.0	0	0.0	3352.821644206735	1	0	1	0.8686906399052627
166652.93958962744	1000.0	699.8820545793473	0.0	0	0.0	3352.821644206764	1	0	1	0.8686906399052603
167301.08228275314	1000.0	1051.7393614536143	0.0	0	0.0	3352.821644206735	1	0	1	0.8686906399052627
168015.47525178135	1000.0	1337.3463924253908	0.0	0	0.0	3352.821644206735	1	0	1	0.8686906399052627
169452.71341097847	1000.0	900.1082332282732	0.0	0	0.0	3352.821644206735	1	0	1	0.8686906399052627
170784.5987164906	1000.0	568.222927716131	0.0	0	0.0	3352.821644206735	1	0	1	0.8686906399052627
171494.99464415474	1000.0	857.8270000520023	0.0	0	0.0	3352.821644206764	1	0	1	0.8686906399052609
172554.38087199526	1000.0	798.4407722114843	0.0	0	0.0	3352.821644206735	1	0	1	0.8686906399052616
173400.99623767714	1000.0	951.825406529611	0.0	0	0.0	3352.821644206706	1	0	1	0.8686906399052639
174193.6884793018	1000.0	1159.1331649049146	0.0	0	0.0	3352.821644206677	1	0	1	0.8686906399052685
174978.7928920297	1000.0	1374.0287521770551	0.0	0	0.0	3352.821644206706	1	0	1	0.8686906399052656
175597.8470573702	1000.0	1754.9745868365983	0.0	0	0.0	3352.821644206706	1	0	1	0.8686906399052656
176939.24216055195	2000.0	1279.4399733366783	0.0	0	0.0	3218.6821338885347	1	0	2	0.47856294297336976
177924.0436680042	1000.0	1294.638465884457	0.0	0	0.0	3218.6821338885347	1	0	1	-0.011042589622862586
178825.06076531525	1000.0	1393.6213685733846	0.0	0	0.0	3218.6821338885347	1	0	1	0.8821045909370827
179704.9110156337	1000.0	1513.771118254954	0.0	0	0.0	3218.682133888564	1	0	1	0.8821045909370797
180524.12814342717	1000.0	1612.6322776821205	0.0	0	0.0	3136.760421109182	1	0	2	0.48829405588734404
181446.65589862328	1000.0	1597.8517469663984	0.0	0	0.0	3044.5076455895905	1	0	2	0.6967697852588619
182976.2830514465	1000.0	915.261878860854	0.0	0	0.0	2891.5449303071946	1	0	2	0.7108076045373135
183942.87113456323	1000.0	948.6737957441221	0.0	0	0.0	2891.5449303071946	1	0	1	0.7148183112952166
185120.51086972692	1000.0	771.0340605804372	0.0	0	0.0	2891.5449303071946	1	0	1	0.9148183112952167
186765.0704172088	1000.0	348.990248750116	222.5157356515541	0	0.0	3114.0606659587647	1	0	1	-0.4419194673598463
187219.12766152344	500.0	849.5272800039816	0.0	0	0.0	3068.6549415272893	1	0	2	-0.8903054354435824
188453.82413958863	1000.0	614.8308019387728	0.0	0	0.0	3068.6549415272602	1	0	1	0.00396012961326464
190249.26968435748	1000.0	200.0	380.6147428300763	0	0.0	3449.2696843574813	1	0	1	-1.415932226356881
191129.25249134487	500.0	508.83398517614927	251.6500662384427	0	0.0	3638.0864765210426	1	0	2	-2.458276454851619
191738.1407253642	500.0	839.0569277548703	0.0	0	0.0	3577.197653119074	1	0	2	-0.04849963522948801
192386.93965012996	500.0	1125.3781105125515	0.0	0	0.0	3512.3177606425015	1	0	2	-0.04189595189954455
194024.95064627856	1000.0	487.36711436394245	0.0	0	0.0	3512.3177606425306	1	0	1	-0.04040615229826239
194727.3453355048	500.0	714.7329562150948	0.0	0	0.0	3442.078291719925	1	0	2	-0.9284521633859558
195491.86423480848	500.0	873.762166981044	0.0	0	0.0	3365.6264017895446	1	0	2	-0.027343504872256397
196729.97848031382	1000.0	635.6479214756985	0.0	0	0.0	3365.6264017895737	1	0	1	-0.025737016412966718
198089.2405071766	1000.0	276.3858946129059	0.0	0	0.0	3365.6264017895737	1	0	1	0.8674101641469788
199062.3022783199	1000.0	535.0743300969611	231.75020662735005	0	0.0	3597.3766084169038	1	0	1	-0.5462660962798549
200686.6984159405	1000.0	200.0	289.3218075236346	0	0.0	3886.69841594054	1	0	1	-0.9162336719241387
201447.65843372917	500.0	654.618523151102	265.1586751987402	0	0.0	4102.27695688032	1	0	2	-2.584922773752023
202043.37475641907	500.0	999.3305681922353	0.0	0	0.0	4042.7053246113646	1	0	2	-0.09491317038549642
202969.87623057602	1000.0	1072.829094035325	0.0	0	0.0	4042.7053246113937	1	0	1	-0.09344490869514888
204160.17493433566	1000.0	882.530390275683	0.0	0	0.0	4042.705324611423	1	0	1	0.7997022718647939
205234.46615963994	1000.0	808.2391649714323	0.0	0	0.0	4042.705324611423	1	0	1	0.7997022718647939
206321.2671675282	1000.0	721.4381570831486	0.0	0	0.0	4042.705324611423	1	0	1	0.7997022718647939
207523.7480928076	1000.0	518.9572318037295	0.0	0	0.0	4042.705324611423	1	0	1	0.7997022718647939
208087.05663884894	500.0	899.3178311582896	0.0	0	0.0	3986.3744700072857	1	0	2	-0.9824050709385007
208717.37564742716	1000.0	1268.998822580074	0.0	0	0.0	3986.3744700072857	1	0	1	-0.08781182323473802
209521.8139620357	1000.0	1384.1166765106973	0.0	0	0.0	3905.930638546415	1	0	2	0.4115762849394952
209994.27420213813	1000.0	1864.410412397984	0.0	0	0.0	3858.6846145361487	1	0	2	0.6169529912304523
211522.42150010422	2000.0	1183.448384635332	0.0	0	0.0	3705.869884739601	1	0	2	0.6289856232578952
212060.93554826442	1000.0	1591.0829316591091	0.0	0	0.0	3652.0184799236013	1	0	2	-0.05563372521013937
212827.95055999784	1000.0	1747.366418752368	0.0	0	0.0	3575.316978750314	1	0	2	0.6444183121922397
214816.93274235452	2000.0	559.4860181599913	0.0	0	0.0	3376.4187605146144	1	0	2	0.6601588380057637
216004.1442668374	1000.0	372.7519351084853	0.4774414313468327	0	0.0	3376.896201945987	1	0	1	-0.02972864501668898
216582.98868583512	500.0	736.0230742109752	0.0	0	0.0	3319.011760046211	1	0	2	-0.9155570661936722
217744.4447093924	1000.0	574.5670506536622	0.0	0	0.0	3319.0117600461526	1	0	1	-0.021075552238625228
219066.73595164044	1000.0	252.27580840562243	0.0	0	0.0	3319.0117600461526	1	0	1	0.8720716283213209
219622.56347611896	500.0	706.212265569709	59.40612190043867	0	0.0	3328.7757416887616	1	0	2	-1.2729704925713432
220655.05858506504	1000.0	673.7171566236295	0.0	0	0.0	3328.7757416887034	1	0	1	-0.022051950402880938
221576.65552727247	500.0	659.9605201954435	0.0	0	0.0	3236.61604746792	1	0	2	-0.9078237464283175
223351.96221825905	1000.0	200.0	315.346170791155	0	0.0	3551.962218259083	1	0	1	-1.9186977388279063
224247.15815822076	500.0	524.7697655578575	219.96570551957794	0	0.0	3771.927923778654	1	0	1	-1.8793085822892879
224824.2863506007	500.0	889.9287539399029	0.0	0	0.0	3714.2151045406354	1	0	2	-0.26212053457946427
225871.84994981746	1000.0	842.3651547231708	0.0	0	0.0	3714.2151045406354	1	0	1	-0.06059588668807292
226710.9298302444	1000.0	1003.2852742962502	0.0	0	0.0	3714.2151045406354	1	0	1	0.8325512938718727
227871.23504948145	1000.0	842.980055059194	0.0	0	0.0	3714.2151045406354	1	0	1	0.8325512938718727
229065.29856206337	1000.0	648.9165424772696	0.0	0	0.0	3714.2151045406645	1	0	1	0.8325512938718698
230118.6011712072	1000.0	595.6139333334502	0.0	0	0.0	3714.2151045406645	1	0	1	0.8325512938718698
231031.98941261513	1000.0	682.2256919255393	0.0	0	0.0	3714.2151045406645	1	0	1	0.8325512938718698
232217.69592159303	1000.0	496.51918294764005	0.0	0	0.0	3714.2151045406645	1	0	1	0.8325512938718698
232859.73966500364	500.0	790.2710651959565	0.0	0	0.0	3650.010730199603	1	0	2	-0.9490913145603014
233294.39033680118	500.0	1312.155326218686	0.0	0	0.0	3606.545663019904	1	0	2	-0.050827060017340775
234064.90496759416	1000.0	1464.5892323463813	0.0	0	0.0	3529.4941999406146	1	0	2	-0.04403691600805676
234715.55212084175	1000.0	1748.8773637740264	0.0	0	0.0	3464.42948461583	1	0	2	0.6558742446684045
235560.02216662772	1000.0	1819.9603134094586	0.0	0	0.0	3379.982480037288	1	0	2	0.6635710216077855
237447.39893659847	1000.0	743.8458664416156	0.0	0	0.0	3191.244803040201	1	0	2	0.6782110400030348
238303.4320746666	500.0	802.2094145666572	0.0	0	0.0	3105.641489233356	1	0	2	-0.6950679211828765
239246.86877884093	500.0	858.7727103923025	0.0	0	0.0	3105.641489233356	1	0	1	0.0002614748426549296
240011.03267703834	500.0	1018.1924223751871	0.0	0	0.0	3029.2250994136557	1	0	2	-0.19394800865056658
240922.82078764398	1000.0	1106.404311769551	0.0	0	0.0	3029.2250994136557	1	0	1	0.007903113824624941
241617.5651963836	1000.0	1411.6599030299788	0.0	0	0.0	3029.225099413685	1	0	1	0.9010502943845677
242748.12457829196	1000.0	1281.100521121667	0.0	0	0.0	3029.225099413714	1	0	1	0.9010502943845646
243708.30990222434	1000.0	1320.9151971893114	0.0	0	0.0	3029.225099413685	1	0	1	0.9010502943845677
244647.10364959852	1000.0	1382.1214498151323	0.0	0	0.0	3029.225099413685	1	0	1	0.9010502943845677
245751.33466172664	1000.0	1277.890437687002	0.0	0	0.0	3029.225099413685	1	0	1	0.9010502943845677
246562.7513706978	1000.0	1466.4737287158162	0.0	0	0.0	3029.2250994136557	1	0	1	0.9010502943845705
248300.15625748085	1000.0	555.3283532544788	0.0	0	0.0	2855.4846107353806	1	0	2	0.5131101768702901
249118.77913804332	1000.0	736.7054726919968	0.0	0	0.0	2855.4846107354097	1	0	1	0.7184243432523951
250035.28802498168	1000.0	820.1965857536509	0.0	0	0.0	2855.4846107354388	1	0	1	0.9184243432523922
250791.87788798238	1000.0	1063.606722752971	0.0	0	0.0	2855.4846107354388	1	0	1	0.9184243432523922
251265.7867532436	1000.0	1589.6978574917596	0.0	0	0.0	2855.4846107354388	1	0	1	0.9184243432523922
252138.30035497763	1000.0	1717.184255757698	0.0	0	0.0	2855.4846107354388	1	0	1	0.9184243432523922
253704.49385604647	1000.0	1150.990754688874	0.0	0	0.0	2855.484610735468	1	0	1	0.9184243432523895
254589.195878553	1000.0	1266.2887321823207	0.0	0	0.0	2855.4846107354388	1	0	1	0.9184243432523922
255186.16050135292	1000.0	1609.6276471024298	0.0	0	0.0	2795.788148455438	1	0	2	0.5229249743543394
255823.47631377287	1000.0	1908.5802534404984	0.0	0	0.0	2732.05656721344	1	0	2	0.7291916051216161
258034.84694642693	2000.0	476.0725575210569	0.0	0	0.0	2510.919503948069	1	0	2	0.7475374199736712
258891.6048133454	1000.0	619.3146906026213	0.0	0	0.0	2510.9195039480983	1	0	1	0.059733673371180906
260198.70572892117	1000.0	312.2137750268406	0.0	0	0.0	2510.9195039480983	1	0	1	0.9528808539311263
260825.74313898716	500.0	685.1763649608152	0.0	0	0.0	2510.9195039480983	1	0	1	-0.4334135071887646
262223.288604999	1000.0	316.83762830778016	29.206729358813732	0	0.0	2540.126233306917	1	0	1	0.0815726242824168
262976.6955677306	1000.0	586.062341067629	22.631675491457145	0	0.0	2562.7579087983177	1	0	1	0.8119069604973609
264010.5639958052	1000.0	552.1939129929951	0.0	0	0.0	2562.7579087983177	1	0	1	0.9476970134461062
265462.23574256146	1000.0	243.26956880118064	142.7474025643412	0	0.0	2705.5053113627364	1	0	1	0.07732814864907858
266203.0487989161	500.0	636.8130266040451	134.35651415751528	0	0.0	2839.861825520289	1	0	1	-1.2724468242910751
266944.3984438519	1000.0	895.463381668269	0.0	0	0.0	2839.861825520289	1	0	1	0.22683944121396182
268237.5329661866	1000.0	602.3288593336258	0.0	0	0.0	2839.861825520289	1	0	1	0.9199866217739072
269639.15694866347	1000.0	333.38830067190173	132.68342381518164	0	0.0	2972.545249335468	1	0	1	0.11061773650129958
270274.44755329523	500.0	698.0976960401333	0.0	0	0.0	2972.545249335468	1	0	1	-0.4795760817275013
271361.7029403903	500.0	502.1167702355715	0.0	0	0.0	2863.819710625976	1	0	2	-0.17774114697506446
272038.1415815763	500.0	825.6781290495758	0.0	0	0.0	2863.819710625976	1	0	1	0.024443652703392965
273738.3068562926	1000.0	289.2138197932987	163.70096546000013	0	0.0	3027.5206760860165	1	0	1	-0.7724991110097459
274319.46660611744	500.0	680.0469451972997	27.371682010342766	0	0.0	2999.5135513148853	1	0	2	-1.0479305869067788
275247.9222674971	1000.0	751.5912838175808	0.0	0	0.0	2999.5135513148853	1	0	1	0.010874268634502027
276233.1380563152	1000.0	766.375494999473	0.0	0	0.0	2999.5135513148853	1	0	1	0.9040214491944476
277271.9511138646	1000.0	727.5624374500647	0.0	0	0.0	2999.5135513149435	1	0	1	0.9040214491944418
278697.83866185375	1000.0	301.67488946098035	0.0	0	0.0	2999.5135513149435	1	0	1	0.9040214491944418
279949.5331376283	1000.0	315.23689736513273	265.25648367868763	0	0.0	3264.7700349934166	1	0	1	-0.7140431012455313
280683.3996996885	500.0	553.6675377153654	41.53078056040256	0	0.0	3237.067237403884	1	0	2	-1.1572295271850754
281450.5677623923	500.0	709.7826687412199	0.0	0	0.0	3160.3504311335855	1	0	2	-0.0068548509223888
282531.6213621546	1000.0	628.7290689788899	0.0	0	0.0	3160.3504311335855	1	0	1	-0.005209419347367905
283126.77111961326	1000.0	1033.5793115202298	0.0	0	0.0	3160.3504311335273	1	0	1	0.8879377612125834
284151.02266243676	1000.0	1009.3277686967418	0.0	0	0.0	3160.350431133469	1	0	1	0.8879377612125893
285405.7860903172	1000.0	754.564340816326	0.0	0	0.0	3160.350431133469	1	0	1	0.8879377612125893
287122.2173782111	1000.0	200.0	161.86694707757638	0	0.0	3322.217378211033	1	0	1	-0.09497505583757347
287620.34254124167	500.0	737.4701207565921	77.64345462740306	0	0.0	3357.8126619982067	1	0	2	-1.3851431096384614
288345.0851106326	1000.0	1012.7275513656421	0.0	0	0.0	3357.8126619982067	1	0	1	-0.02495564243383025
288868.77110414807	1000.0	1489.0415578501195	0.0	0	0.0	3357.8126619982067	1	0	1	0.8681915381261154
289578.3340739523	1000.0	1779.4785880458996	0.0	0	0.0	3357.8126619982067	1	0	1	0.8681915381261154
290409.30616326863	1000.0	1865.409289797886	0.0	0	0.0	3274.715453066572	1	0	2	0.47412410215735357
291150.3262385384	1000.0	2050.2872070011317	0.0	0	0.0	3200.6134455396095	1	0	2	0.6821049797532899
292046.3801006249	1000.0	2064.6279587059134	0.0	0	0.0	3111.008059330925	1	0	2	0.6904939659465132
292685.85803736077	1000.0	2361.202228296574	0.0	0	0.0	3047.060265657434	1	0	2	0.6976508253095526
294019.1599989839	2000.0	1894.5700705111403	0.0	0	0.0	2913.7300694950973	1	0	2	0.7083817928109974
294800.66212420363	1000.0	2034.917732769493	0.0	0	0.0	2835.5798569731414	1	0	2	0.02542539579716771
296707.16337426665	2000.0	937.7663577001441	0.0	0	0.0	2644.929731966695	1	0	2	0.7338280089271516
297553.41468783474	1000.0	1091.5150441320307	0.0	0	0.0	2644.929731966695	1	0	1	0.0463326505693214
299411.2610233501	1000.0	233.66870861664765	0.0	0	0.0	2644.929731966695	1	0	1	0.9394798311292667
300080.63815602136	500.0	639.4702644174058	75.17868847205756	0	0.0	2720.1084204387153	1	0	1	-0.9054045296701716
300801.45397999865	500.0	846.5728580423714	0.0	0	0.0	2648.0268380410853	1	0	2	-0.15559774705881396
302129.3035997659	1000.0	518.7232382751968	0.0	0	0.0	2648.0268380411435	1	0	1	0.046022939961876175
0.82	0.97	0.98	1.31	1.48	1.01	0.63	0.85	1.05	0.83	0.68	1.04	0.87	1.12	1.22	1.04	0.89	0.83	1.25	1.02	1.07	1.01	1.59	1.73	1.44	1.23	0.85	1.11	1.41	0.85	0.94	0.86	0.82	0.43	0.87	0.79	0.75	0.73	0.74	0.73	0.85	0.86	0.73	1.02	1.16	0.92	1.01	0.7	0.6	1.02	1.32	0.67	0.78	1.16	0.9	0.95	1.39	1.76	1.64	1.52	1.71	1.01	0.8	0.72	0.97	0.95	0.74	1.09	0.6	0.94	0.49	0.71	1.01	1.31	1.3	1.11	0.92	1.03	0.97	0.95	0.87	1.27	1.17	1.01	0.46	0.5	0.53	0.65	1.09	1.15	1.02	1.22	1.09	0.97	0.97	0.63	1.09	1.27	1.71	1.08	0.54	1.23	1.44	1.31	0.87	1.3	1.2	0.68	0.71	1.01	1.05	1.11	0.68	0.94	1.37	0.81	0.56	0.63	0.37	0.72	0.52	0.93	1.14	1.02	0.89	0.79	1.02	0.92	0.79	1.18	1.3	1.12	0.78	0.66	0.7	1.44	1.63	1.39	1.15	1.4	1.56	0.97	1.29	1.51	1.1	0.58	0.75	0.64	0.98	0.54	0.82	0.97	0.98	1.31	1.48	1.01	0.63	0.85	1.05	0.83	0.68	1.04	0.87	1.12	1.22	1.04	0.89	0.83	1.25	1.02	1.07	1.01	1.59	1.73	1.44	1.23	0.85	1.11	1.41	0.85	0.94	0.86	0.82	0.43	0.87	0.79	0.75	0.73	0.74	0.73	0.85	0.86	0.73	1.02	1.16	0.92	1.01	0.7	0.6	1.02	1.32	0.67	0.78	1.16	0.9	0.95	1.39	1.76	1.64	1.52	1.71	1.01	0.8	0.72	0.97	0.95	0.74	1.09	0.6	0.94	0.49	0.71	1.01	1.31	1.3	1.11	0.92	1.03	0.97	0.95	0.87	1.27	1.17	1.01	0.46	0.5	0.53	0.65	1.09	1.15	1.02	1.22	1.09	0.97	0.97	0.63	1.09	1.27	1.71	1.08	0.54	1.23	1.44	1.31	0.87	1.3	1.2	0.68	0.71	1.01	1.05	1.11	0.68	0.94	1.37	0.81	0.56	0.63	0.37	0.72	0.52	0.93	1.14	1.02	0.89	0.79	1.02	0.92	0.79	1.18	1.3	1.12	0.78	0.66	0.7	1.44	1.63	1.39	1.15	1.4	1.56	0.97	1.29	1.51	1.1	0.58	0.75	0.64	0.98	0.54	0.82	0.97
1.0	2.0	3.0	4.0	5.0	6.0	7.0	8.0	9.0	10.0	11.0	12.0	13.0	14.0	15.0	16.0	17.0	18.0	19.0	20.0	21.0	22.0	23.0	24.0	25.0	26.0	27.0	28.0	29.0	30.0	31.0	32.0	33.0	34.0	35.0	36.0	37.0	38.0	39.0	40.0	41.0	42.0	43.0	44.0	45.0	46.0	47.0	48.0	49.0	50.0	51.0	52.0	53.0	54.0	55.0	56.0	57.0	58.0	59.0	60.0	61.0	62.0	63.0	64.0	65.0	66.0	67.0	68.0	69.0	70.0	71.0	72.0	73.0	74.0	75.0	76.0	77.0	78.0	79.0	80.0	81.0	82.0	83.0	84.0	85.0	86.0	87.0	88.0	89.0	90.0	91.0	92.0	93.0	94.0	95.0	96.0	97.0	98.0	99.0	100.0	101.0	102.0	103.0	104.0	105.0	106.0	107.0	108.0	109.0	110.0	111.0	112.0	113.0	114.0	115.0	116.0	117.0	118.0	119.0	120.0	121.0	122.0	123.0	124.0	125.0	126.0	127.0	128.0	129.0	130.0	131.0	132.0	133.0	134.0	135.0	136.0	137.0	138.0	139.0	140.0	141.0	142.0	143.0	144.0	145.0	146.0	147.0	148.0	149.0	149.0	150.0	151.0	152.0	153.0	154.0	155.0	156.0	157.0	158.0	159.0	160.0	161.0	162.0	163.0	164.0	165.0	166.0	167.0	168.0	169.0	170.0	171.0	172.0	173.0	174.0	175.0	176.0	177.0	178.0	179.0	180.0	181.0	182.0	183.0	184.0	185.0	186.0	187.0	188.0	189.0	190.0	191.0	192.0	193.0	194.0	195.0	196.0	197.0	198.0	199.0	200.0	201.0	202.0	203.0	204.0	205.0	206.0	207.0	208.0	209.0	210.0	211.0	212.0	213.0	214.0	215.0	216.0	217.0	218.0	219.0	220.0	221.0	222.0	223.0	224.0	225.0	226.0	227.0	228.0	229.0	230.0	231.0	232.0	233.0	234.0	235.0	236.0	237.0	238.0	239.0	240.0	241.0	242.0	243.0	244.0	245.0	246.0	247.0	248.0	249.0	250.0	251.0	252.0	253.0	254.0	255.0	256.0	257.0	258.0	259.0	260.0	261.0	262.0	263.0	264.0	265.0	266.0	267.0	268.0	269.0	270.0	271.0	272.0	273.0	274.0	275.0	276.0	277.0	278.0	279.0	280.0	281.0	282.0	283.0	284.0	285.0	286.0	287.0	288.0	289.0	290.0	291.0	292.0	293.0	294.0	295.0	296.0	297.0	298.0	298.0	299.0	300.0
3251.850191463582
