4650.715351219933	300.0	2000.0	328.03995195846034	0	0.0	4650.715351219933	1	0	2	-2.825372736468738
5258.510975562247	1000.0	2331.424813223454	0.0	0	0.0	4589.935788785701	1	0	2	-0.6604085243061555
5896.454375768786	1000.0	2629.687072996262	0.0	0	0.0	4526.141448765047	1	0	2	0.549775288628964
8534.408513696322	2000.0	727.9375212759719	0.0	0	0.0	4262.346034972294	1	0	2	0.5684951097261657
9210.088786265318	500.0	984.6892214500745	0.0	0	0.0	4194.778007715392	1	0	2	-1.496231990569966
9885.757178635095	1000.0	1309.0208290802962	0.0	0	0.0	4194.778007715389	1	0	1	-0.10865217700554858
10708.324936118932	1000.0	1404.1962958480742	0.0	0	0.0	4112.521231967004	1	0	2	0.39046911441125165
11548.96296830639	1000.0	1479.494460441869	0.0	0	0.0	4028.4574287482565	1	0	2	0.5991434003355003
12353.640774780353	1000.0	1594.3488733205097	0.0	0	0.0	3947.98964810086	1	0	2	0.607218034173542
13427.895320899977	1000.0	1412.6688725889212	0.0	0	0.0	3840.564193488899	1	0	2	0.6172489397249847
14313.214183514323	1000.0	1438.8181237131425	0.0	0	0.0	3752.0323072274678	1	0	2	0.6264452926303041
14958.59488483304	1000.0	1728.8993522625526	0.0	0	0.0	3687.494237095596	1	0	2	0.6336189786081003
15618.06138528887	1000.0	2003.4862017611408	0.0	0	0.0	3621.547587050014	1	0	2	0.6402314797437407
16218.333469978897	1000.0	2343.1869086021106	0.0	0	0.0	3561.5203785810118	1	0	2	0.6464882243649057
17405.498333934604	2000.0	2037.3055582508366	0.0	0	0.0	3442.8038921854422	1	0	2	0.6573836994884916
18502.528375145124	2000.0	1830.572512919262	0.0	0	0.0	3333.100888064386	1	0	2	1.3603888897102157
19856.280642608042	2000.0	1341.445018710053	0.0	0	0.0	3197.7256613180944	1	0	2	1.373979514322622
21352.7299058263	2000.0	695.3508291699677	0.0	0	0.0	3048.080734996267	1	0	2	1.3878627079515624
22353.77793107598	1000.0	694.3028039202895	0.0	0	0.0	3048.080734996267	1	0	1	0.006017550266364191
23197.037048124992	1000.0	851.0436868712828	0.0	0	0.0	3048.080734996267	1	0	1	0.8991647308263095
23866.762646028994	1000.0	1181.3180889672783	0.0	0	0.0	3048.080734996267	1	0	1	0.8991647308263095
24467.81030669862	1000.0	1580.2704282976536	0.0	0	0.0	3048.080734996267	1	0	1	0.8991647308263095
25339.997869965267	2000.0	1620.864108704335	0.0	0	0.0	2960.8619786695926	1	0	2	0.5055013241736499
27009.013564843444	2000.0	784.9468443383425	0.0	0	0.0	2793.9604091817746	1	0	2	1.413353662039571
28125.61491754828	1000.0	668.345491633506	0.0	0	0.0	2793.9604091817746	1	0	1	0.03142958284781344
28752.48945255727	1000.0	1041.470956624515	0.0	0	0.0	2793.9604091817782	1	0	1	0.9245767634077584
29475.09943331094	1000.0	1318.86097587084	0.0	0	0.0	2793.9604091817782	1	0	1	0.9245767634077584
30059.435894087193	1000.0	1734.5245150945884	0.0	0	0.0	2793.9604091817782	1	0	1	0.9245767634077584
30993.97237904694	2000.0	1706.5343816388715	0.0	0	0.0	2700.5067606858065	1	0	2	0.5315802591975507
32978.20315670185	2000.0	523.8805262184676	0.0	0	0.0	2502.0836829203145	1	0	2	1.4416519348643784
33499.25728950107	1000.0	1002.8263934192499	0.0	0	0.0	2502.0836829203145	1	0	1	0.06061725547395935
34017.510363870475	1000.0	1484.5733190498431	0.0	0	0.0	2502.0836829203145	1	0	1	0.9537644360339047
35791.52639900425	2000.0	710.5572839160702	0.0	0	0.0	2502.083682920318	1	0	1	0.9537644360339047
36706.841463871344	1000.0	795.2422190489846	0.0	0	0.0	2502.083682920318	1	0	1	0.2606172554739592
37400.08084235547	1000.0	1102.002840564864	0.0	0	0.0	2502.0836829203254	1	0	1	0.9537644360339037
38413.30554057499	1000.0	1088.7781423453475	0.0	0	0.0	2502.0836829203326	1	0	1	0.9537644360339028
39437.14094510427	1000.0	1064.942737816061	0.0	0	0.0	2502.0836829203326	1	0	1	0.9537644360339028
40623.93130380022	1000.0	878.1523791201128	0.0	0	0.0	2502.0836829203254	1	0	1	0.9537644360339037
41672.59238658727	1000.0	829.4912963330621	0.0	0	0.0	2502.083682920318	1	0	1	0.953764436033904
42432.67848171246	1000.0	1069.4052012078762	0.0	0	0.0	2502.083682920318	1	0	1	0.9537644360339044
42996.726508921274	1000.0	1505.357173999067	0.0	0	0.0	2502.083682920318	1	0	1	0.9537644360339044
43882.33883629337	2000.0	1619.7448466269705	0.0	0	0.0	2502.083682920318	1	0	1	0.9537644360339045
46045.589567211195	2000.0	240.16904261735675	0.0	0	0.0	2285.758609828532	1	0	2	1.2631273423710199
46591.25260709593	1000.0	730.5165511276992	36.01054839508575	0	0.0	2321.769158223615	1	0	1	-0.1374145824268852
47115.74351876278	1000.0	1206.0256394608568	0.0	0	0.0	2321.769158223615	1	0	1	0.9717958885035747
47806.437804396766	1000.0	1515.3313538268717	0.0	0	0.0	2321.769158223615	1	0	1	0.9717958885035747
50117.4107007155	2000.0	204.35845750813348	0.0	0	0.0	2321.7691582236075	1	0	1	0.9717958885035753
51026.76288701504	1000.0	530.3971049008251	235.39083369222368	0	0.0	2557.1599919158325	1	0	1	-1.1572353775789341
51983.26215764187	1000.0	573.8978342739963	0.0	0	0.0	2557.1599919158325	1	0	1	0.948256805134353
52709.45814974825	1000.0	847.7018421676199	0.0	0	0.0	2557.1599919158325	1	0	1	0.948256805134353
53324.684657302205	1000.0	1232.4753346136667	0.0	0	0.0	2557.1599919158325	1	0	1	0.948256805134353
53926.72065396599	1000.0	1630.439337949874	0.0	0	0.0	2557.1599919158252	1	0	1	0.9482568051343536
54965.01934257784	2000.0	1592.1406493380316	0.0	0	0.0	2557.1599919158252	1	0	1	0.9482568051343536
55711.89831097904	2000.0	1770.5737840967174	0.0	0	0.0	2482.4720950757182	1	0	2	1.247017809836515
56830.30768615626	2000.0	1540.3234714017733	0.0	0	0.0	2370.6311575579894	1	0	2	1.4571035065694458
58455.5948583172	2000.0	752.5075820247422	0.0	0	0.0	2208.1024403418996	1	0	2	1.4720769427182492
59510.91775286548	2000.0	697.1846874764548	0.0	0	0.0	2208.102440341907	1	0	1	1.4763097408516903
60232.26153966837	2000.0	975.840900673568	0.0	0	0.0	2208.102440341914	1	0	1	1.67630974085169
61101.47346716146	1000.0	1106.6289731804857	0.0	0	0.0	2208.102440341914	1	0	1	0.2900153797317996
63097.26362120045	2000.0	200.0	89.16118085850667	0	0.0	2297.263621200451	1	0	1	0.44635075203050584
63784.98636871271	1000.0	629.0173553191408	116.74010283139609	0	0.0	2414.003724031849	1	0	1	-0.4310153656255704
64371.72567843323	1000.0	1042.2780455986258	0.0	0	0.0	2414.003724031856	1	0	1	0.9625724319227507
64979.853163727435	1000.0	1434.1505603044234	0.0	0	0.0	2414.003724031856	1	0	1	0.9625724319227507
65800.83899198091	1000.0	1613.1647320509478	0.0	0	0.0	2414.0037240318634	1	0	1	0.9625724319227501
67388.32692956063	2000.0	1025.6767944712342	0.0	0	0.0	2414.003724031878	1	0	1	0.9625724319227486
68386.55347309478	1000.0	1027.4502509370964	0.0	0	0.0	2414.003724031878	1	0	1	0.26942525136280326
69076.18241536255	1000.0	1337.8213086693322	0.0	0	0.0	2414.003724031878	1	0	1	0.9625724319227484
70207.76015609849	1000.0	1206.2435679333848	0.0	0	0.0	2414.003724031878	1	0	1	0.9625724319227484
71038.21845940726	1000.0	1375.7852646246076	0.0	0	0.0	2414.0037240318925	1	0	1	0.9625724319227469
71815.37650394338	1000.0	1598.627220088481	0.0	0	0.0	2414.0037240318925	1	0	1	0.9625724319227469
72507.27087812813	1000.0	1906.7328459037392	0.0	0	0.0	2414.003724031907	1	0	1	0.9625724319227456
73648.71692421794	2000.0	1765.286799813935	0.0	0	0.0	2414.003724031907	1	0	1	0.9625724319227454
74713.78829544561	2000.0	1593.7082914634836	0.0	0	0.0	2307.496586909154	1	0	2	1.2634696161325971
75661.04792789168	2000.0	1551.7226957728158	0.0	0	0.0	2212.770623664561	1	0	2	1.4737504893871873
76375.62955969725	2000.0	1765.6829007866872	0.0	0	0.0	2141.3124604839977	1	0	2	1.4809142335547478
77866.81158639322	2000.0	1125.3826714211275	0.0	0	0.0	1992.194257814408	1	0	2	1.49383559460141
79297.8736895774	2000.0	551.2143579185233	0.0	0	0.0	1849.088047495985	1	0	2	1.5084911938465186
79976.32803668566	1000.0	872.7600108102672	0.0	0	0.0	1849.088047495985	1	0	1	0.12591681901639235
80861.6197688006	2000.0	987.4682786953196	0.0	0	0.0	1849.088047495985	1	0	1	1.0190639995763375
81860.93755286076	2000.0	988.1504946351853	0.0	0	0.0	1849.0880474959995	1	0	1	1.7122111801362814
82722.74405099939	2000.0	1126.3439964965632	0.0	0	0.0	1849.0880474959995	1	0	1	1.7122111801362814
84170.88015692821	2000.0	678.2078905677383	0.0	0	0.0	1849.0880474959995	1	0	1	1.7122111801362814
84986.79616725979	1000.0	862.291880236168	0.0	0	0.0	1849.0880474959995	1	0	1	0.325916819016391
85518.21893066299	1000.0	1330.8691168329658	0.0	0	0.0	1849.0880474959995	1	0	1	1.0190639995763362
86441.30017569855	2000.0	1407.7878717974065	0.0	0	0.0	1849.0880474959995	1	0	1	1.0190639995763362
87755.62129898748	2000.0	1093.4667485084801	0.0	0	0.0	1849.0880474959995	1	0	1	1.7122111801362814
88831.89123618978	2000.0	1017.1968113061713	0.0	0	0.0	1849.0880474959995	1	0	1	1.7122111801362814
90364.86292920298	2000.0	484.22511829296207	0.0	0	0.0	1849.0880474959995	1	0	1	1.7122111801362814
91426.98828672142	2000.0	449.79454476537444	27.69478399085375	0	0.0	1876.782831486853	1	0	1	1.5432729977920734
92183.46787848111	1000.0	693.3149530056858	0.0	0	0.0	1876.782831486853	1	0	1	0.3231473406173057
92914.50223302051	1000.0	962.2805984662779	0.0	0	0.0	1876.782831486853	1	0	1	1.016294521177251
93933.4250925485	1000.0	943.3577389382913	0.0	0	0.0	1876.7828314868675	1	0	1	1.0162945211772496
94685.63840733595	1000.0	1191.1444241508361	0.0	0	0.0	1876.7828314868675	1	0	1	1.0162945211772496
96218.15090645352	2000.0	658.6319250332506	0.0	0	0.0	1876.782831486853	1	0	1	1.016294521177251
97492.68132543156	1000.0	384.1015060552032	0.0	0	0.0	1876.782831486853	1	0	1	0.3231473406173057
98714.48929973338	1000.0	493.70809196223126	331.4145602088445	0	0.0	2208.197391695605	1	0	1	-1.005334296096691
99538.39121894649	1000.0	669.806172749141	0.0	0	0.0	2208.1973916955903	1	0	1	0.9831530651563771
100381.34914208898	1000.0	826.848249606657	0.0	0	0.0	2208.1973916955903	1	0	1	0.9831530651563771
100857.27487376648	1000.0	1350.922517929149	0.0	0	0.0	2208.197391695576	1	0	1	0.9831530651563786
101817.66226369808	2000.0	1390.5351279975455	0.0	0	0.0	2208.1973916955612	1	0	1	0.9831530651563799
102859.59743345634	2000.0	1348.599958239299	0.0	0	0.0	2208.1973916955612	1	0	1	1.676300245716325
103789.25756784617	2000.0	1325.9738104104858	0.0	0	0.0	2115.231378256576	1	0	2	1.2832021652086296
104855.46696992934	2000.0	1153.1434681190142	0.0	0	0.0	2008.610438048272	1	0	2	1.4935002630708003
106146.85285047654	2000.0	861.7575875718018	0.0	0	0.0	2008.610438048272	1	0	1	1.496258941081054
106900.50465006211	2000.0	1108.1057879862246	0.0	0	0.0	2008.610438048272	1	0	1	1.6962589410810542
107982.96406356465	2000.0	1025.646374483678	0.0	0	0.0	2008.610438048272	1	0	1	1.6962589410810542
108913.94879404212	2000.0	1094.6616440061905	0.0	0	0.0	2008.610438048272	1	0	1	1.6962589410810542
109771.2039100372	2000.0	1237.4065280110995	0.0	0	0.0	2008.6104380482575	1	0	1	1.6962589410810556
111239.57498389886	2000.0	769.0354541494415	0.0	0	0.0	2008.6104380482575	1	0	1	1.6962589410810556
111845.05177254765	1000.0	1163.558665500639	0.0	0	0.0	2008.6104380482575	1	0	1	0.3099645799611652
112454.68826698688	1000.0	1553.9221710614274	0.0	0	0.0	2008.6104380482575	1	0	1	1.0031117605211104
113818.46987272774	2000.0	1190.1405653205597	0.0	0	0.0	2008.6104380482575	1	0	1	1.0031117605211104
114732.55989261322	1000.0	1276.050545435084	0.0	0	0.0	2008.6104380482575	1	0	1	0.3099645799611652
115552.73189585564	1000.0	1455.878542192652	0.0	0	0.0	2008.6104380482575	1	0	1	1.0031117605211104
117061.45770906702	2000.0	947.1527289812743	0.0	0	0.0	2008.6104380482575	1	0	1	1.0031117605211104
117827.72824578869	1000.0	1180.8821922596103	0.0	0	0.0	2008.6104380482575	1	0	1	0.3099645799611652
118379.76222158333	1000.0	1628.848216464967	0.0	0	0.0	2008.610438048243	1	0	1	1.003111760521112
119277.15599968644	2000.0	1731.4544383618731	0.0	0	0.0	2008.610438048243	1	0	1	1.0031117605211117
120340.70276826396	2000.0	1561.5529929266154	0.0	0	0.0	1902.2557611905067	1	0	2	1.304007385850754
122068.94392962332	2000.0	660.4877154313201	0.0	0	0.0	1729.4316450545593	1	0	2	1.5193897773722922
122905.37422775789	1000.0	824.05741729675	0.0	0	0.0	1729.4316450545593	1	0	1	0.13788245926053494
123710.23018636141	1000.0	1019.2014586932297	0.0	0	0.0	1729.4316450545593	1	0	1	1.0310296398204803
124934.0149521296	2000.0	795.4166929250463	0.0	0	0.0	1729.431645054574	1	0	1	1.0310296398204788
125896.96952017662	1000.0	832.4621248780328	0.0	0	0.0	1729.431645054574	1	0	1	0.3378824592605336
126584.50495631737	1000.0	1144.926688737285	0.0	0	0.0	1729.431645054574	1	0	1	1.0310296398204788
127482.9376125731	1000.0	1246.494032481528	0.0	0	0.0	1729.4316450545593	1	0	1	1.0310296398204803
128428.24692589186	2000.0	1301.1847191627783	0.0	0	0.0	1729.4316450545448	1	0	1	1.0310296398204817
129408.16312776672	2000.0	1321.2685172879162	0.0	0	0.0	1729.4316450545448	1	0	1	1.724176820380427
130353.5806510619	2000.0	1470.3927463222708	0.0	0	0.0	1823.973397384063	1	0	0	1.3178256488276014
131658.8802591098	2000.0	1165.0931382743895	0.0	0	0.0	1823.973397384092	1	0	1	1.5147226451474738
132829.16177466622	2000.0	994.8116227179955	0.0	0	0.0	1823.9733973841066	1	0	1	1.7147226451474709
133775.82886466623	2000.0	1048.1445327180024	0.0	0	0.0	1823.9733973841066	1	0	1	1.7147226451474706
134612.0737950051	2000.0	1211.899602379136	0.0	0	0.0	1823.9733973841066	1	0	1	1.7147226451474706
135999.85597894638	2000.0	962.8956368319775	0.0	0	0.0	1962.751615778223	1	0	0	1.3049246160649224
137403.08359683026	2000.0	559.6680189480735	0.0	0	0.0	1962.751615778252	1	0	1	1.5008448233080562
138127.51952696854	1000.0	835.2320888098086	0.0	0	0.0	1962.751615778252	1	0	1	0.31455046218816585
138853.3003977894	1000.0	1109.451217988946	0.0	0	0.0	1962.751615778252	1	0	1	1.007697642748111
139847.5484278185	1000.0	1115.2031879598655	0.0	0	0.0	1962.751615778252	1	0	1	1.007697642748111
140549.1241294799	1000.0	1413.6274862984653	0.0	0	0.0	1962.751615778252	1	0	1	1.007697642748111
141391.77254785423	2000.0	1570.9790679241337	0.0	0	0.0	1962.751615778252	1	0	1	1.007697642748111
142506.8665948095	2000.0	1455.885020968872	0.0	0	0.0	1962.751615778252	1	0	1	1.7008448233080562
143780.6229801381	1000.0	1182.128635640259	0.0	0	0.0	1962.751615778223	1	0	1	0.31455046218816873
144331.59677588628	1000.0	1631.1548398920895	0.0	0	0.0	1962.751615778223	1	0	1	1.007697642748114
145200.0	2000.0	1762.7516157783343	0.0	0	150.49834724067478	1962.751615778223	1	0	1	1.0076976427481137
146200.0	2000.0	1762.7516157783211	0.0	0	9.405120521696517	1962.751615778223	1	0	1	1.7008448233080589
148138.59924756762	2000.0	630.2924434539374	0.0	0	0.0	1768.8916910214466	1	0	2	1.3144463296989841
148875.18370091784	1000.0	893.7079901037021	0.0	0	0.0	1768.8916910214466	1	0	1	0.13393645466384624
149502.8000222549	1000.0	1266.091668766625	0.0	0	0.0	1768.8916910214466	1	0	1	1.0270836352237915
150573.65793262396	2000.0	1195.2337583975557	0.0	0	0.0	1768.8916910214175	1	0	1	1.0270836352237944
151451.58328969465	2000.0	1317.3084013268203	0.0	0	0.0	1768.8916910214175	1	0	1	1.7202308157837396
152200.0	2000.0	1643.7333620520099	0.0	0	49.015189182857284	1843.7333620519785	1	0	0	1.3147430054247495
153860.21994014955	3000.0	983.5134219024469	0.0	0	0.0	1843.7333620519785	1	0	1	1.5127466486806835
154852.0915385872	2000.0	991.6418234647513	0.0	0	0.0	1843.7333620520076	1	0	1	1.307281540572516
156808.64512635555	2000.0	200.0	164.91176430358945	0	0.0	2008.6451263556082	1	0	1	0.7199778275730718
158306.6562273017	1000.0	355.64765029803584	653.6587512441889	0	0.0	2662.303877599712	1	0	1	-3.6767978307899964
159470.05535972904	1000.0	387.8353307929457	195.58681292226737	0	0.0	2857.8906905220065	1	0	1	-0.2553371422598689
160356.13959318877	1000.0	574.0856768618848	72.33457952866678	0	0.0	2930.2252700506942	1	0	1	0.47694280014886614
161471.4085976371	1000.0	458.81667241356047	0.0	0	0.0	2930.2252700507233	1	0	1	0.9109502773208639
162262.59325142516	1000.0	667.6320186255255	0.0	0	0.0	2930.2252700507233	1	0	1	0.9109502773208639
162995.53689132034	1000.0	934.6883787303539	0.0	0	0.0	2930.2252700507233	1	0	1	0.9109502773208639
163672.71895777935	1000.0	1257.506312271353	0.0	0	0.0	2930.2252700507233	1	0	1	0.9109502773208639
164418.23939578372	1000.0	1511.985874266981	0.0	0	0.0	2930.2252700507233	1	0	1	0.9109502773208639
165273.407435935	1000.0	1656.81783411571	0.0	0	0.0	2930.2252700507233	1	0	1	0.9109502773208639
166237.4925226813	2000.0	1596.3242386947547	0.0	0	0.0	2833.8167613760743	1	0	2	0.5182327350022868
167380.3529211444	2000.0	1339.1778003853608	0.0	0	0.0	2719.5307215297944	1	0	2	1.4217315257468501
168093.64187180463	1000.0	1625.88884972515	0.0	0	0.0	2719.5307215298235	1	0	1	0.038872551613010814
169483.58554918424	2000.0	1096.950804607615	0.0	0	0.0	2580.53635379186	1	0	2	0.5419503546453196
170390.2782177965	1000.0	1190.2581359953754	0.0	0	0.0	2580.53635379186	1	0	1	0.05277198838680469
171332.22255463953	1000.0	1248.3137991522979	0.0	0	0.0	2580.536353791831	1	0	1	0.9459191689467519
172261.17343626212	1000.0	1319.3629175297156	0.0	0	0.0	2580.536353791831	1	0	1	0.945919168946753
172886.10998365455	1000.0	1694.4263701372759	0.0	0	0.0	2580.536353791831	1	0	1	0.945919168946753
174206.4484920367	2000.0	1242.0540109168599	0.0	0	0.0	2448.5025029535464	1	0	2	0.5556174279858164
175747.2500001953	2000.0	547.1723519424395	0.0	0	0.0	2294.4223521377426	1	0	2	1.4633785611944172
176600.72998798432	1000.0	693.6923641534044	0.0	0	0.0	2294.4223521377426	1	0	1	0.0813833885522166
177660.26949196038	1000.0	634.1528601773603	0.0	0	0.0	2294.4223521377426	1	0	1	0.974530569112162
178285.90168854754	1000.0	1008.5206635901898	0.0	0	0.0	2294.4223521377717	1	0	1	0.9745305691121597
179007.65051763877	1000.0	1286.77183449894	0.0	0	0.0	2294.4223521377717	1	0	1	0.9745305691121591
179465.43983405325	1000.0	1828.982518084442	0.0	0	0.0	2294.4223521377717	1	0	1	0.9745305691121591
181019.8582273141	2000.0	1274.5641248235715	0.0	0	0.0	2294.4223521377717	1	0	1	0.9745305691121589
181696.360084854	1000.0	1598.062267283663	0.0	0	0.0	2294.4223521378008	1	0	1	0.28138338855221096
182364.44513625058	1000.0	1929.9772158871042	0.0	0	0.0	2294.4223521378008	1	0	1	0.9745305691121562
183310.5937365552	2000.0	1889.2137555520212	0.0	0	0.0	2199.8074921073276	1	0	2	0.5813701257758767
185276.72603322475	2000.0	726.4682292155275	0.0	0	0.0	2003.1942624403746	1	0	2	1.4906560627623504
186025.34745912824	1000.0	977.8468033120448	0.0	0	0.0	2003.1942624403746	1	0	1	0.11050619752195345
186821.10213575105	1000.0	1182.092126689256	0.0	0	0.0	2003.1942624403746	1	0	1	1.0036533780818988
187525.05659915393	1000.0	1478.137663286372	0.0	0	0.0	2003.1942624403746	1	0	1	1.0036533780818988
189087.17420042734	1000.0	916.0200620129879	0.0	0	0.0	2003.1942624403746	1	0	1	1.0036533780818988
190375.3644644845	1000.0	627.8297979558098	0.0	0	0.0	2003.1942624404037	1	0	1	1.003653378081896
191220.83871936076	1000.0	782.3555430795703	0.0	0	0.0	2003.1942624404037	1	0	1	1.003653378081896
191979.84485859465	1000.0	1023.3494038456505	0.0	0	0.0	2003.1942624404328	1	0	1	1.0036533780818928
192493.4889565184	1000.0	1509.7053059219475	0.0	0	0.0	2003.194262440462	1	0	1	1.00365337808189
193866.8860778342	2000.0	1136.3081846061627	0.0	0	0.0	2003.1942624404328	1	0	1	1.0036533780818928
194811.7085882011	1000.0	1191.4856742393026	0.0	0	0.0	2003.1942624404037	1	0	1	0.31050619752195063
195688.73677665528	1000.0	1314.4574857850764	0.0	0	0.0	2003.1942624404037	1	0	1	1.003653378081896
196351.41828713572	1000.0	1651.7759753046691	0.0	0	0.0	2003.1942624404037	1	0	1	1.0036533780818964
197842.99111725396	2000.0	1160.2031451864634	0.0	0	0.0	2003.1942624404328	1	0	1	1.0036533780818935
198580.34864545942	1000.0	1422.8456169810172	0.0	0	0.0	2003.1942624404328	1	0	1	0.31050619752194775
199675.88234906516	1000.0	1327.3119133753094	0.0	0	0.0	2003.1942624404328	1	0	1	1.0036533780818928
200608.74185324027	1000.0	1394.4524092001925	0.0	0	0.0	2003.1942624404328	1	0	1	1.0036533780818928
201319.70851150568	1000.0	1683.485750934764	0.0	0	0.0	2003.1942624404328	1	0	1	1.0036533780818928
202876.80249356863	2000.0	1126.3917688718334	0.0	0	0.0	2003.1942624404037	1	0	1	1.0036533780818957
203535.37599333178	1000.0	1467.8182691087075	0.0	0	0.0	2003.1942624404328	1	0	1	0.31050619752194775
204539.63890631573	2000.0	1463.5553561247418	0.0	0	0.0	2003.1942624404328	1	0	1	1.0036533780818928
205672.79887339356	2000.0	1443.7113857546856	0.0	0	0.0	2116.510259148199	1	0	0	1.2889088900754233
207080.83166731047	2000.0	1035.6785918378018	0.0	0	0.0	2116.510259148228	1	0	1	1.4854689589710586
207594.25701772294	1000.0	1522.253241425328	0.0	0	0.0	2116.510259148228	1	0	1	0.2991745978511682
208473.68270846794	2000.0	1642.8275506803343	0.0	0	0.0	2116.5102591482573	1	0	1	0.9923217784111111
209578.20790885406	2000.0	1648.7548703328348	0.0	0	0.0	2226.962779186928	1	0	0	1.277771312261534
210649.91351451082	2000.0	1577.0492646760845	0.0	0	0.0	2226.962779186957	1	0	1	1.4744237069671855
212662.83283057413	2000.0	362.83801700644364	0.0	0	0.0	2025.6708475806226	1	0	2	1.2898949767420298
213451.94177599344	1000.0	573.72907158713	0.0	0	0.0	2025.6708475806226	1	0	1	0.1082585390079292
214349.42906002552	1000.0	676.2417875550414	0.0	0	0.0	2025.6708475806518	1	0	1	1.0014057195678723
215171.43548904205	1000.0	854.23535853852	0.0	0	0.0	2025.6708475806518	1	0	1	1.0014057195678734
216370.2170231838	1000.0	655.4538243967597	0.0	0	0.0	2025.6708475806226	1	0	1	1.0014057195678727
217029.16445000208	1000.0	996.5063975785025	0.0	0	0.0	2025.6708475806226	1	0	1	1.001405719567874
217597.54389344118	1000.0	1428.1269541394167	0.0	0	0.0	2025.6708475805935	1	0	1	1.001405719567877
219364.685563113	2000.0	660.9852844676142	0.0	0	0.0	2025.6708475805935	1	0	1	1.001405719567877
219924.56695811846	1000.0	1101.1038894621547	0.0	0	0.0	2025.6708475805644	1	0	1	0.30825853900793454
220560.1759914298	1000.0	1465.494856150824	0.0	0	0.0	2025.6708475805935	1	0	1	1.001405719567877
221329.92157278484	1000.0	1695.749274795807	0.0	0	0.0	2025.6708475805935	1	0	1	1.001405719567877
222525.02152353487	2000.0	1500.6493240457792	0.0	0	0.0	2025.6708475805935	1	0	1	1.001405719567877
224104.65089975338	2000.0	921.0199478272624	0.0	0	0.0	2025.6708475805935	1	0	1	1.694552900127822
225020.01288730503	2000.0	1005.6579602756057	0.0	0	0.0	2025.6708475805644	1	0	1	1.6945529001278248
226432.0193429116	2000.0	593.6515046690397	0.0	0	0.0	2025.6708475805644	1	0	1	1.6945529001278248
226982.6733410754	1000.0	1042.9975065052747	0.0	0	0.0	2025.6708475805644	1	0	1	0.30825853900793454
228199.24250181718	2000.0	826.4283457634895	0.0	0	0.0	2025.6708475805644	1	0	1	1.0014057195678796
229160.78956055897	2000.0	864.881287021731	0.0	0	0.0	2025.6708475805935	1	0	1	1.694552900127822
230038.00312368342	2000.0	987.6677238972673	0.0	0	0.0	2025.6708475805644	1	0	1	1.6945529001278248
231230.19934988176	2000.0	795.4714976989667	0.0	0	0.0	2025.6708475805644	1	0	1	1.6945529001278248
232007.37354028405	2000.0	1018.2973072966654	0.0	0	0.0	2025.6708475805644	1	0	1	1.6945529001278248
233486.02124722736	2000.0	539.6496003533399	0.0	0	0.0	2025.6708475805353	1	0	1	1.6945529001278279
234334.22511590397	1000.0	691.4457316767456	0.0	0	0.0	2025.6708475805062	1	0	1	0.30825853900793987
235303.55805329402	2000.0	722.1127942867118	0.0	0	0.0	2025.6708475805062	1	0	1	1.0014057195678854
236208.55337114554	2000.0	817.1174764352002	0.0	0	0.0	2025.6708475804771	1	0	1	1.6945529001278337
237601.17935019813	2000.0	424.4914973825893	0.0	0	0.0	2025.6708475804771	1	0	1	1.6945529001278337
238314.16414086404	1000.0	711.506706716652	0.0	0	0.0	2025.6708475804771	1	0	1	0.30825853900794337
238940.27526488222	1000.0	1085.395582698482	0.0	0	0.0	2025.6708475804771	1	0	1	1.0014057195678885
239912.4649536668	2000.0	1113.2058939139238	0.0	0	0.0	2025.6708475804771	1	0	1	1.0014057195678885
241040.38114504726	2000.0	985.2897025334617	0.0	0	0.0	2025.670847580448	1	0	1	1.6945529001278365
241625.03253642836	1000.0	1400.638311152387	0.0	0	0.0	2025.670847580419	1	0	1	0.3082585390079492
243162.43676311825	2000.0	863.2340844624856	0.0	0	0.0	2025.670847580419	1	0	1	1.0014057195678943
243855.69925056846	1000.0	1169.9715970122688	0.0	0	0.0	2025.6708475803898	1	0	1	0.30825853900795197
244655.98651065855	1000.0	1369.684336922214	0.0	0	0.0	2025.670847580419	1	0	1	1.0014057195678943
246086.0492380298	1000.0	939.6216095509482	0.0	0	0.0	2025.670847580419	1	0	1	1.0014057195678943
247356.9653390379	1000.0	668.7055085428703	0.0	0	0.0	2025.6708475803898	1	0	1	1.001405719567896
248207.670334671	1000.0	818.0005129097478	0.0	0	0.0	2025.6708475803898	1	0	1	1.0014057195678971
249021.06822755674	1000.0	1004.602620024025	0.0	0	0.0	2025.6708475803898	1	0	1	1.0014057195678971
249777.05849959468	1000.0	1248.612347986115	0.0	0	0.0	2025.6708475803898	1	0	1	1.0014057195678971
251134.47090422845	2000.0	891.1999433523774	0.0	0	0.0	2025.6708475803898	1	0	1	1.0014057195678971
252021.2735381992	2000.0	1004.3973093816696	0.0	0	0.0	2025.6708475803607	1	0	1	1.6945529001278454
253142.59189617488	2000.0	883.0789514059919	0.0	0	0.0	2025.6708475803898	1	0	1	1.6945529001278448
253774.8992393512	1000.0	1250.7716082296765	0.0	0	0.0	2025.670847580419	1	0	1	0.3082585390079492
255104.21053776803	2000.0	921.4603098128582	0.0	0	0.0	2025.670847580448	1	0	1	1.0014057195678938
256032.78841886803	2000.0	992.8824287128956	0.0	0	0.0	2025.670847580448	1	0	1	1.6945529001278365
257161.8130041272	2000.0	863.8578434537288	0.0	0	0.0	2025.670847580419	1	0	1	1.6945529001278394
258509.5370198621	2000.0	516.133827718849	0.0	0	0.0	2025.670847580448	1	0	1	1.6945529001278365
259054.2318544748	1000.0	971.438993106151	0.0	0	0.0	2025.670847580448	1	0	1	0.30825853900794614
260545.87012784323	2000.0	479.80071973772357	0.0	0	0.0	2025.670847580419	1	0	1	1.0014057195678943
261070.33172102988	1000.0	955.3391265510487	0.0	0	0.0	2025.670847580419	1	0	1	0.3082585390079492
261705.67237394312	1000.0	1319.998473637847	0.0	0	0.0	2025.670847580448	1	0	1	1.0014057195678914
262906.94008685614	2000.0	1118.7307607248651	0.0	0	0.0	2025.6708475804771	1	0	1	1.001405719567889
263498.05136190203	1000.0	1527.6194856789778	0.0	0	0.0	2025.670847580448	1	0	1	0.30825853900794503
265291.4974475961	2000.0	734.1733999848896	0.0	0	0.0	2025.670847580419	1	0	1	1.0014057195678896
266040.71052370593	1000.0	984.9603238750655	0.0	0	0.0	2025.670847580419	1	0	1	0.3082585390079492
267000.70058330207	1000.0	1024.970264278931	0.0	0	0.0	2025.6708475803607	1	0	1	1.0014057195679
267757.03450712806	1000.0	1268.6363404529056	0.0	0	0.0	2025.6708475803025	1	0	1	1.0014057195679058
269075.9577800629	2000.0	949.7130675180093	0.0	0	0.0	2025.6708475803025	1	0	1	1.001405719567906
270634.2411202039	2000.0	391.42972737702183	0.0	0	0.0	2025.670847580419	1	0	1	1.6945529001278417
271502.7008572601	1000.0	572.5728385200463	49.602848199179846	0	0.0	2075.2736957796733	1	0	1	0.005681164992945853
272056.58678374934	1000.0	1018.6869120308071	0.0	0	0.0	2075.2736957796733	1	0	1	0.9964454347479689
272721.2361435582	1000.0	1354.0375522219035	0.0	0	0.0	2075.2736957796733	1	0	1	0.9964454347479689
274195.28511040827	2000.0	879.988585371941	0.0	0	0.0	2075.2736957797315	1	0	1	0.9964454347479678
274794.04339140723	1000.0	1281.2303043729075	0.0	0	0.0	2075.2736957796733	1	0	1	0.3032982541880237
275416.9123809762	1000.0	1658.3613148039785	0.0	0	0.0	2075.273695779615	1	0	1	0.9964454347479746
276959.1127814868	2000.0	1116.160914293312	0.0	0	0.0	2075.273695779615	1	0	1	0.9964454347479748
277443.6841804585	1000.0	1631.589515321638	0.0	0	0.0	2075.273695779615	1	0	1	0.3032982541880296
278241.9166163052	2000.0	1833.3570794749196	0.0	0	0.0	2075.273695779615	1	0	1	0.9964454347479748
279200.0	2000.0	1779.4653574106217	0.0	0	240.27117815852398	1979.4653574100812	1	0	2	1.2957522018959204
280426.36072853254	2000.0	1430.4685560248445	0.0	0	0.0	1856.8292845567921	1	0	2	1.5080346459459044
281723.4789501845	2000.0	1003.6385122077339	0.0	0	0.0	1727.1174623916158	1	0	2	1.5212747853330892
282802.2057692766	2000.0	924.9116931156085	0.0	0	0.0	1727.1174623915576	1	0	1	1.5244082386467253
283862.20090714935	2000.0	864.9165552427844	0.0	0	0.0	1727.1174623914994	1	0	1	1.7244082386467312
285272.743128753	2000.0	454.37433363919996	0.0	0	0.0	1727.1174623914994	1	0	1	1.7244082386467312
286246.14551999496	1000.0	542.7285484345787	61.756606037337065	0	0.0	1788.8740684288205	1	0	1	-0.038601419300913375
287148.9043414985	1000.0	639.969726931083	0.0	0	0.0	1788.8740684288787	1	0	1	1.025085397483053
287853.4946129951	1000.0	935.3794554345058	0.0	0	0.0	1788.8740684288787	1	0	1	1.0250853974830483
288718.98082391586	1000.0	1069.8932445138341	0.0	0	0.0	1788.8740684288787	1	0	1	1.0250853974830483
289318.93560857064	1000.0	1469.9384598590025	0.0	0	0.0	1788.8740684288787	1	0	1	1.0250853974830483
290514.8621583218	2000.0	1274.0119101078376	0.0	0	0.0	1788.8740684288787	1	0	1	1.0250853974830485
291821.23229561944	2000.0	967.6417728101841	0.0	0	0.0	1788.8740684288787	1	0	1	1.7182325780429935
293028.7332024937	1000.0	760.1408659359039	0.0	0	0.0	1788.8740684288787	1	0	1	0.3319382169231032
293692.34935263835	1000.0	1096.5247157911954	0.0	0	0.0	1788.8740684289369	1	0	1	1.0250853974830425
294706.533268863	2000.0	1082.340799566583	0.0	0	0.0	1788.8740684289369	1	0	1	1.0250853974830425
295630.74299508246	2000.0	1158.1310733470893	0.0	0	0.0	1788.8740684289369	1	0	1	1.7182325780429877
296418.91202586255	1000.0	1369.9620425670298	0.0	0	0.0	1788.874068428995	1	0	1	0.33193821692309156
297658.14559048036	1000.0	1130.728477949198	0.0	0	0.0	1788.874068428995	1	0	1	1.0250853974830367
298580.3024405727	1000.0	1208.5716278568343	0.0	0	0.0	1788.874068428995	1	0	1	1.0250853974830367
299503.34135125036	2000.0	1285.5327171792417	0.0	0	0.0	1788.8740684290533	1	0	1	1.025085397483031
300466.46078732057	2000.0	1322.4132811089999	0.0	0	0.0	1788.8740684290533	1	0	1	1.7182325780429761
1.31	1.73	1.36	0.6	0.7	1.17	1.02	1.09	1.23	1.25	1.47	1.47	1.81	2.57	1.55	1.56	1.38	1.01	1.4	1.8	1.98	1.55	1.41	1.05	1.32	1.59	1.88	1.15	1.26	1.82	1.42	0.65	1.26	1.41	0.95	0.7	0.87	1.59	1.68	1.83	1.2	1.19	1.55	1.47	1.27	1.0	1.27	1.27	1.46	1.49	1.99	2.54	1.96	1.33	1.85	2.46	1.56	1.31	1.04	1.66	1.38	1.46	1.02	1.22	1.6	1.08	1.61	1.18	1.95	1.83	1.73	2.32	1.75	1.49	1.8	1.9	2.26	1.86	2.19	1.27	1.19	2.07	2.39	1.81	1.49	1.81	1.91	1.45	1.42	1.18	1.81	1.08	0.87	0.8	1.14	1.23	1.69	1.89	2.06	1.54	1.69	1.9	2.21	1.97	1.97	1.75	0.85	1.53	1.99	1.42	1.34	1.52	1.41	1.42	1.81	2.15	1.63	1.38	1.47	1.81	1.44	1.41	1.42	1.61	2.07	2.73	1.55	1.42	1.89	1.93	2.58	1.6	1.24	1.53	1.34	1.17	1.66	1.99	0.96	0.7	2.15	2.28	1.34	0.94	1.1	1.7	2.33	2.7	3.36	1.03	1.31	1.73	1.36	0.6	0.7	1.17	1.02	1.09	1.23	1.25	1.47	1.47	1.81	2.57	1.55	1.56	1.38	1.01	1.4	1.8	1.98	1.55	1.41	1.05	1.32	1.59	1.88	1.15	1.26	1.82	1.42	0.65	1.26	1.41	0.95	0.7	0.87	1.59	1.68	1.83	1.2	1.19	1.55	1.47	1.27	1.0	1.27	1.27	1.46	1.49	1.99	2.54	1.96	1.33	1.85	2.46	1.56	1.31	1.04	1.66	1.38	1.46	1.02	1.22	1.6	1.08	1.61	1.18	1.95	1.83	1.73	2.32	1.75	1.49	1.8	1.9	2.26	1.86	2.19	1.27	1.19	2.07	2.39	1.81	1.49	1.81	1.91	1.45	1.42	1.18	1.81	1.08	0.87	0.8	1.14	1.23	1.69	1.89	2.06	1.54	1.69	1.9	2.21	1.97	1.97	1.75	0.85	1.53	1.99	1.42	1.34	1.52	1.41	1.42	1.81	2.15	1.63	1.38	1.47	1.81	1.44	1.41	1.42	1.61	2.07	2.73	1.55	1.42	1.89	1.93	2.58	1.6	1.24	1.53	1.34	1.17	1.66	1.99	0.96	0.7	2.15	2.28	1.34	0.94	1.1	1.7	2.33	2.7	3.36	1.03
1.0	2.0	3.0	4.0	5.0	6.0	7.0	8.0	9.0	10.0	11.0	12.0	13.0	14.0	15.0	16.0	17.0	18.0	19.0	20.0	21.0	22.0	23.0	24.0	25.0	26.0	27.0	28.0	29.0	30.0	31.0	32.0	33.0	34.0	35.0	36.0	37.0	38.0	39.0	40.0	41.0	42.0	43.0	44.0	45.0	46.0	47.0	48.0	49.0	50.0	51.0	52.0	53.0	54.0	55.0	56.0	57.0	58.0	59.0	60.0	61.0	62.0	63.0	64.0	65.0	66.0	67.0	68.0	69.0	70.0	71.0	72.0	73.0	74.0	75.0	76.0	77.0	78.0	79.0	80.0	81.0	82.0	83.0	84.0	85.0	86.0	87.0	88.0	89.0	90.0	91.0	92.0	93.0	94.0	95.0	96.0	97.0	98.0	99.0	100.0	101.0	102.0	103.0	104.0	105.0	106.0	107.0	108.0	109.0	110.0	111.0	112.0	113.0	114.0	115.0	116.0	117.0	118.0	119.0	120.0	121.0	122.0	123.0	124.0	125.0	126.0	127.0	128.0	129.0	130.0	131.0	132.0	133.0	134.0	135.0	136.0	137.0	138.0	139.0	140.0	141.0	142.0	143.0	144.0	145.0	146.0	147.0	148.0	149.0	149.0	150.0	151.0	152.0	153.0	154.0	155.0	156.0	157.0	158.0	159.0	160.0	161.0	162.0	163.0	164.0	165.0	166.0	167.0	168.0	169.0	170.0	171.0	172.0	173.0	174.0	175.0	176.0	177.0	178.0	179.0	180.0	181.0	182.0	183.0	184.0	185.0	186.0	187.0	188.0	189.0	190.0	191.0	192.0	193.0	194.0	195.0	196.0	197.0	198.0	199.0	200.0	201.0	202.0	203.0	204.0	205.0	206.0	207.0	208.0	209.0	210.0	211.0	212.0	213.0	214.0	215.0	216.0	217.0	218.0	219.0	220.0	221.0	222.0	223.0	224.0	225.0	226.0	227.0	228.0	229.0	230.0	231.0	232.0	233.0	234.0	235.0	236.0	237.0	238.0	239.0	240.0	241.0	242.0	243.0	244.0	245.0	246.0	247.0	248.0	249.0	250.0	251.0	252.0	253.0	254.0	255.0	256.0	257.0	258.0	259.0	260.0	261.0	262.0	263.0	264.0	265.0	266.0	267.0	268.0	269.0	270.0	271.0	272.0	273.0	274.0	275.0	276.0	277.0	278.0	279.0	280.0	281.0	282.0	283.0	284.0	285.0	286.0	287.0	288.0	289.0	290.0	291.0	292.0	293.0	294.0	295.0	296.0	297.0	298.0	298.0
4082.355362812287
