5933.564651727808	300.0	2000.0	266.85722540944016	0	0.0	5933.564651727808	1	0	2	-2.588477935584027
6881.891300305775	1000.0	1956.8406865642364	0.0	0	0.0	5838.7319868700115	1	0	2	-0.7863094694930847
8314.399857075512	1000.0	1381.081274117526	0.0	0	0.0	5695.481131193038	1	0	2	0.43074307980987747
8955.429529856987	1000.0	1675.9486340579042	0.0	0	0.0	5631.378163914891	1	0	2	0.4393646495033757
9970.771813861402	1000.0	1559.0721216530471	0.0	0	0.0	5529.843935514448	1	0	2	0.4484291453174599
11143.105345215256	1000.0	1269.5052371638094	0.0	0	0.0	5412.610582379065	1	0	2	0.45887949134185446
12436.206461946118	1000.0	847.0940087598614	0.0	0	0.0	5283.300470705979	1	0	2	0.472493515131935
13754.309163831964	1000.0	418.4952777475107	19.37658278371083	0	0.0	5172.804441579474	1	0	2	0.368375099046627
14329.656135821597	500.0	785.6136085589156	0.0	0	0.0	5115.269744380512	1	0	2	-0.8952606442052738
14731.82525253663	500.0	1343.227580172381	0.0	0	0.0	5075.0528327090105	1	0	2	-0.19756765170941304
15332.275645473992	1000.0	1682.7321479412817	0.0	0	0.0	5015.007793415272	1	0	2	-0.19231579165892224
16835.940728499496	1000.0	1028.700556613227	0.0	0	0.0	4864.6412851127225	1	0	2	0.5140635320114202
18032.957026155967	1000.0	711.9826291911073	0.0	0	0.0	4744.939655347072	1	0	2	0.5264733077151177
18972.980476022167	1000.0	771.9591793249065	0.0	0	0.0	4744.939655347071	1	0	1	0.529478838791229
19665.808383207725	1000.0	1079.1312721393483	0.0	0	0.0	4744.939655347071	1	0	1	0.729478838791229
20887.441935889652	1000.0	735.3343641892334	0.0	0	0.0	4622.776300078882	1	0	2	0.3383305612591696
21364.63343335928	500.0	1210.423716972645	0.0	0	0.0	4575.057150331915	1	0	2	-0.8409563521229895
22367.428640111975	1000.0	1107.348989544679	0.0	0	0.0	4474.777629656644	1	0	2	-0.13913823711279494
24074.35036933614	1000.0	229.73508739810057	0.0	0	0.0	4304.085456734236	1	0	2	0.5691188323175618
24980.103255885548	500.0	510.1873723952543	251.6186001831849	0	0.0	4490.2906282808035	1	0	2	-2.343297689689179
25498.265423897396	500.0	940.2089875822265	0.0	0	0.0	4438.474411479623	1	0	2	-0.13413917974221268
26467.57939036729	1000.0	970.8950211123301	0.0	0	0.0	4438.474411479619	1	0	1	-0.13302181738197139
27397.05703609774	1000.0	1041.417375381875	0.0	0	0.0	4438.474411479616	1	0	1	0.7601253631779745
28639.97534840245	1000.0	798.4990630771681	0.0	0	0.0	4438.474411479619	1	0	1	0.7601253631779742
29960.801219822588	1000.0	477.67319165703464	0.0	0	0.0	4438.474411479623	1	0	1	0.7601253631779739
30807.973205801107	500.0	545.7840070806674	0.0	0	0.0	4353.757212881774	1	0	2	-1.0198158409892577
31355.12867720591	500.0	943.9129885353851	0.0	0	0.0	4299.04166574129	1	0	2	-0.12043142698528583
31952.57988552469	500.0	1286.7166593847246	0.0	0	0.0	4239.296544909408	1	0	2	-0.11463067401693976
32799.20472807676	1000.0	1355.4293325774536	0.0	0	0.0	4154.6340606542035	1	0	2	-0.10624349408794218
33472.44648616688	1000.0	1614.8633986783068	0.0	0	0.0	4087.309884845181	1	0	2	0.5935698949576027
34256.6150136329	1000.0	1752.2780184656779	0.0	0	0.0	4008.8930320985746	1	0	2	0.6010714934064316
35363.086908083205	1000.0	1535.1589345703417	0.0	0	0.0	3898.2458426535413	1	0	2	0.6112338269029043
36276.06932046389	1000.0	1530.8782809515817	0.0	0	0.0	3806.9476014154643	1	0	2	0.6209090199563765
37809.822293865036	1000.0	843.750010210321	0.0	0	0.0	3653.572304075351	1	0	2	0.6342734849979355
38571.66679064473	500.0	1005.7210637526524	0.0	0	0.0	3577.387854397384	1	0	2	-0.7415801773430323
39351.32599903223	1000.0	1226.061855365147	0.0	0	0.0	3577.387854397377	1	0	1	-0.046913161673747095
40444.149733894454	1000.0	1023.9557470167114	0.0	0	0.0	3468.1054809111665	1	0	2	0.45424091542247946
42023.27832744382	1000.0	286.9142941124103	0.0	0	0.0	3310.192621556227	1	0	2	0.6688740560093016
42643.991589100835	500.0	662.8845446805356	53.41348944621251	0	0.0	3306.876133781363	1	0	2	-1.0350400338565657
43530.405827856484	500.0	687.8288820493292	0.0	0	0.0	3218.2347099058024	1	0	2	-0.01307732572527319
44730.04800033207	1000.0	488.18670957374763	0.0	0	0.0	3218.2347099058024	1	0	1	-0.01099784722458974
45407.31500079111	1000.0	810.9197091147025	0.0	0	0.0	3218.2347099058024	1	0	1	0.8821493333353558
46145.70136195406	1000.0	1072.5333479517558	0.0	0	0.0	3218.234709905795	1	0	1	0.8821493333353567
47366.831970871244	1000.0	851.402739034568	0.0	0	0.0	3218.234709905795	1	0	1	0.8821493333353565
49103.40792147527	1000.0	235.4082194620785	120.58143103153137	0	0.0	3338.816140937328	1	0	1	0.1469257926105365
49634.25417391148	500.0	758.6710094825432	54.10904245667072	0	0.0	3392.9251833939998	1	0	1	-0.8462683298733791
50531.37518218457	1000.0	861.5500012094572	0.0	0	0.0	3392.9251833939998	1	0	1	0.1715331054265907
51858.5562895145	1000.0	534.3688938795451	0.0	0	0.0	3392.9251833939998	1	0	1	0.8646802859865361
53172.36083846376	1000.0	339.634274492645	119.069929562367	0	0.0	3511.995112956407	1	0	1	0.13835371565609358
53933.428051591334	500.0	598.247821036533	87.07952816747945	0	0.0	3531.675872627864	1	0	2	-1.459772833194925
54637.503236002274	500.0	823.7651181845007	0.0	0	0.0	3461.2683541867736	1	0	2	-0.03706436708691946
55433.02160280159	500.0	948.6949147052428	0.0	0	0.0	3381.7165175068294	1	0	2	-0.029340889513741197
56904.16429980339	1000.0	477.55221770344735	0.0	0	0.0	3381.7165175068294	1	0	1	-0.02734602798469249
58122.19310859242	500.0	427.5447435066219	263.47655951918716	0	0.0	3549.737852099046	1	0	2	-2.5207554562563708
58757.84452998074	500.0	728.3281799794702	0.0	0	0.0	3486.172709960214	1	0	2	-0.039058264584215005
59637.09948891812	1000.0	849.073221042105	0.0	0	0.0	3486.172709960214	1	0	1	-0.03779164723003087
60604.63269463013	1000.0	881.5400153300932	0.0	0	0.0	3486.172709960214	1	0	1	0.8553555333299148
62335.00962119077	1000.0	200.0	48.83691123056411	0	0.0	3535.0096211907658	1	0	1	0.5609117710984752
62835.68057420561	500.0	716.1635757342525	60.81965822779972	0	0.0	3551.844149939854	1	0	2	-1.3037173324389164
63537.8843024547	1000.0	1013.9598474851617	0.0	0	0.0	3551.8441499398614	1	0	1	-0.04435879122799563
63927.193794281186	1000.0	1624.650355658681	0.0	0	0.0	3551.8441499398614	1	0	1	0.8487883893319501
64554.901170462195	1000.0	1996.9429794776763	0.0	0	0.0	3551.8441499398614	1	0	1	0.8487883893319501
66547.90461960487	2000.0	804.6391854207133	0.0	0	0.0	3352.543805025576	1	0	2	0.4615163193820157
67334.88186478171	1000.0	1017.6619402438815	0.0	0	0.0	3352.543805025576	1	0	1	-0.024428756736566748
68577.9665995732	1000.0	774.5772054523799	0.0	0	0.0	3352.543805025569	1	0	1	0.8687184238233787
69382.19465239244	1000.0	970.3491526331438	0.0	0	0.0	3352.543805025576	1	0	1	0.8687184238233786
70092.7534323649	1000.0	1259.7903726606692	0.0	0	0.0	3352.543805025576	1	0	1	0.8687184238233786
70704.85671218799	1000.0	1647.6870928375843	0.0	0	0.0	3352.543805025576	1	0	1	0.8687184238233786
71388.30934552742	1000.0	1964.2344594981537	0.0	0	0.0	3352.5438050255616	1	0	1	0.86871842382338
75004.78161105898	2000.0	200.0	1103.5318478059698	0	0.0	4204.781611058977	1	0	2	-6.177806614330258
75441.95965074417	300.0	773.9758457621144	49.883354014375556	0	0.0	4215.935496506281	1	0	2	-2.8190421184492522
76565.74487044573	500.0	537.8121040904076	0.0	0	0.0	4103.556974536128	1	0	2	-0.612411958024467
77232.12625851408	500.0	804.7925772152164	0.0	0	0.0	4036.9188357292733	1	0	2	-0.09463378104599787
78351.96316131721	1000.0	684.9556744120874	0.0	0	0.0	4036.9188357292733	1	0	1	-0.09286625980693686
79161.62895907534	1000.0	875.2898766539547	0.0	0	0.0	4036.9188357292587	1	0	1	0.8002809207530103
80097.43009081863	1000.0	939.4887449106822	0.0	0	0.0	4036.9188357292587	1	0	1	0.8002809207530103
81056.21201653924	1000.0	980.7068191900527	0.0	0	0.0	4036.918835729244	1	0	1	0.8002809207530117
81991.66730506878	1000.0	1045.2515306605185	0.0	0	0.0	4036.9188357292296	1	0	1	0.8002809207530132
83160.04438644544	1000.0	760.0367411462083	0.0	0	0.0	3920.0811275915767	1	0	2	0.40836327566016567
84278.1622270039	1000.0	641.9189005877674	0.0	0	0.0	3920.081127591562	1	0	1	0.6119646915667798
84976.60718010862	500.0	873.6294521725774	0.0	0	0.0	3850.236632281085	1	0	2	-0.9691631183508281
85602.40389864714	500.0	1185.253061780219	0.0	0	0.0	3787.656960427237	1	0	2	-0.06925553632812148
86696.94577050561	1000.0	1090.711189921738	0.0	0	0.0	3787.656960427237	1	0	1	-0.06794007227673315
87555.71424618793	1000.0	1231.9427142394275	0.0	0	0.0	3787.6569604272518	1	0	1	0.8252071082832111
88637.45890846035	1000.0	1042.0235857397731	0.0	0	0.0	3679.4824942000123	1	0	2	0.43346186478557164
89314.15257198531	1000.0	1297.6605558623137	0.0	0	0.0	3611.8131278475194	1	0	2	0.6412226213796565
90023.68969315219	1000.0	1517.1697225787466	0.0	0	0.0	3540.8594157308253	1	0	2	0.6481146246455185
90763.32681687908	1000.0	1703.568886479185	0.0	0	0.0	3466.8957033581537	1	0	2	0.655502021493087
91330.05555797419	1000.0	2080.1672712745635	0.0	0	0.0	3410.222829248625	1	0	2	0.661536674894561
92486.7052066432	2000.0	1807.8526577386397	0.0	0	0.0	3294.5578643817134	1	0	2	0.6714451982647045
93802.09155577276	2000.0	1360.9276736961176	0.0	0	0.0	3163.0192294687586	1	0	2	1.3771284629688203
94927.26553992585	1000.0	1123.2362911277105	0.0	0	0.0	3050.5018310534215	1	0	2	0.002527526897438487
95744.44928566192	1000.0	1224.3341708180417	0.0	0	0.0	2968.783456479825	1	0	2	0.7047841616931814
96726.02710224382	1000.0	1242.7563542361352	0.0	0	0.0	2968.783456479825	1	0	1	0.7070944586779535
97584.75607440106	1000.0	1384.0273820789055	0.0	0	0.0	2968.783456479825	1	0	1	0.9070944586779537
98246.89513910405	1000.0	1721.8883173759264	0.0	0	0.0	2968.783456479825	1	0	1	0.9070944586779537
99586.96478095133	1000.0	1381.8186755286326	0.0	0	0.0	2968.783456479825	1	0	1	0.9070944586779537
100707.76894177841	1000.0	1261.0145147015378	0.0	0	0.0	2968.7834564798104	1	0	1	0.9070944586779551
101884.8908274989	1000.0	1083.8926289810547	0.0	0	0.0	2968.7834564798104	1	0	1	0.9070944586779551
103117.74478214358	1000.0	851.0386743363786	0.0	0	0.0	2968.7834564798104	1	0	1	0.9070944586779551
103894.52767109829	1000.0	1074.2557853816697	0.0	0	0.0	2968.7834564798104	1	0	1	0.9070944586779551
104409.43649944238	1000.0	1559.3469570375619	0.0	0	0.0	2968.7834564798104	1	0	1	0.9070944586779551
104984.00426487655	1000.0	1984.7791916033889	0.0	0	0.0	2968.7834564798104	1	0	1	0.9070944586779551
106827.96205672824	2000.0	956.4256205665401	0.0	0	0.0	2784.3876772946533	1	0	2	0.5195229423123316
107859.82821993383	1000.0	924.5594573609468	0.0	0	0.0	2784.387677294668	1	0	1	0.03238685603652397
109153.1348093883	1000.0	631.2528679064851	0.0	0	0.0	2784.387677294668	1	0	1	0.9255340365964694
109874.7382579991	1000.0	909.6494192956953	0.0	0	0.0	2784.387677294668	1	0	1	0.9255340365964694
110813.96062592494	1000.0	970.4270513698287	0.0	0	0.0	2784.3876772946533	1	0	1	0.9255340365964708
111982.10637590819	1000.0	802.2813013865841	0.0	0	0.0	2784.387677294668	1	0	1	0.9255340365964694
113226.09241036864	1000.0	558.2952669261354	0.0	0	0.0	2784.387677294668	1	0	1	0.9255340365964694
114025.60878231714	1000.0	758.7788949776526	0.0	0	0.0	2784.3876772946824	1	0	1	0.9255340365964679
114868.38324656758	1000.0	916.0044307272213	0.0	0	0.0	2784.3876772946824	1	0	1	0.9255340365964679
115863.90600577746	1000.0	920.4816715173448	0.0	0	0.0	2784.387677294697	1	0	1	0.9255340365964665
116557.09230626363	1000.0	1227.2953710311824	0.0	0	0.0	2784.387677294697	1	0	1	0.9255340365964665
117750.16371897729	1000.0	1034.2239583175055	0.0	0	0.0	2784.387677294697	1	0	1	0.9255340365964665
118864.90254242827	1000.0	919.4851348665168	0.0	0	0.0	2784.3876772947115	1	0	1	0.9255340365964649
119742.96524327448	1000.0	1041.4224340203195	0.0	0	0.0	2784.3876772947115	1	0	1	0.9255340365964649
120394.48598910554	1000.0	1389.9016881892562	0.0	0	0.0	2784.3876772947115	1	0	1	0.9255340365964649
121467.11258226233	1000.0	1317.2750950324562	0.0	0	0.0	2784.3876772947115	1	0	1	0.9255340365964649
122923.1870057909	1000.0	861.2006715038958	0.0	0	0.0	2784.3876772947115	1	0	1	0.9255340365964649
124234.71688749817	1000.0	549.6707897966153	0.0	0	0.0	2784.3876772947115	1	0	1	0.9255340365964649
124984.79054885078	1000.0	799.597128444006	0.0	0	0.0	2784.3876772947115	1	0	1	0.9255340365964649
125603.16447691234	1000.0	1181.2232003824497	0.0	0	0.0	2784.3876772947115	1	0	1	0.9255340365964649
126458.92740477683	1000.0	1325.4602725179811	0.0	0	0.0	2784.387677294726	1	0	1	0.9255340365964636
127187.6685615282	1000.0	1596.719115766598	0.0	0	0.0	2784.387677294726	1	0	1	0.9255340365964636
128066.14779667804	1000.0	1718.2398806167728	0.0	0	0.0	2784.3876772947115	1	0	1	0.9255340365964649
128784.50911104375	1000.0	1999.8785662510518	0.0	0	0.0	2784.387677294697	1	0	1	0.9255340365964665
130293.3990138536	2000.0	1340.0996731602072	0.0	0	0.0	2633.498687013722	1	0	2	0.5362348508178478
131178.71310337202	1000.0	1454.785583641778	0.0	0	0.0	2633.498687013722	1	0	1	0.0474757550646186
131858.59364962566	1000.0	1774.9050373881253	0.0	0	0.0	2633.4986870136927	1	0	1	0.9406229356245664
132561.70615474132	1000.0	2071.792532272427	0.0	0	0.0	2633.4986870136636	1	0	1	0.9406229356245687
133316.2706248054	1000.0	2241.771615201938	0.0	0	0.0	2558.0422400072566	1	0	2	0.546125354700075
134376.72318313294	1000.0	2075.273801041576	0.0	0	0.0	2451.996984174417	1	0	2	0.7557668898053911
135438.05370409484	1000.0	2013.9432800796753	0.0	0	0.0	2451.996984174417	1	0	1	0.7587731059084943
136356.96543699398	1000.0	2095.031547180519	0.0	0	0.0	2451.996984174446	1	0	1	0.9587731059084916
137411.43794677273	1000.0	2040.5590374017816	0.0	0	0.0	2451.996984174446	1	0	1	0.9587731059084916
139249.47665151194	1000.0	1018.7164621886541	0.0	0	0.0	2268.193113700516	1	0	2	0.5727889132187252
140279.43067824517	1000.0	988.7624354554142	0.0	0	0.0	2268.1931137004867	1	0	1	0.7771534929558874
141346.01770760355	1000.0	922.175406097027	0.0	0	0.0	2268.1931137004867	1	0	1	0.9771534929558876
142558.06288302346	1000.0	710.1302306770921	0.0	0	0.0	2268.1931137004867	1	0	1	0.9771534929558876
143380.16424982194	1000.0	888.0288638786274	0.0	0	0.0	2268.1931137004576	1	0	1	0.9771534929558905
144841.50180538394	1000.0	426.6913083166195	0.0	0	0.0	2268.1931137004576	1	0	1	0.9771534929558905
145952.0923178802	1000.0	435.28382707648603	119.18303125612687	0	0.0	2387.3761449565645	1	0	1	0.25013700229351843
146828.34121534214	1000.0	559.0349296145353	0.0	0	0.0	2387.3761449565645	1	0	1	0.9652351898302797
148305.48735637285	1000.0	200.0	118.11121141619353	0	0.0	2505.4873563727597	1	0	1	0.25209271797204624
149253.14996612197	500.0	479.7593718052832	227.42198155439755	0	0.0	2732.909337927151	1	0	1	-1.8201443799130552
149844.53807211382	500.0	829.2324552142583	0.0	0	0.0	2673.770527327986	1	0	2	-0.15801128960416094
151070.0029627816	1000.0	603.7675645464601	0.0	0	0.0	2673.770527327986	1	0	1	0.04344857103319205
152154.15918331634	1000.0	519.6113440117631	0.0	0	0.0	2673.770527327986	1	0	1	0.9365957515931376
153168.50359403418	500.0	403.83249222211464	0.0	0	0.0	2572.3360862561676	1	0	2	-0.8422918562439375
153871.2103940983	500.0	659.779190701812	26.294707772918514	0	0.0	2530.9895848000015	1	0	2	-0.10159696535460068
154617.68288028328	500.0	838.6594558983168	0.0	0	0.0	2456.342336181435	1	0	2	0.06369667600370879
155380.60032158034	1000.0	1075.7420146012512	0.0	0	0.0	2456.342336181435	1	0	1	0.0651913901478472
156354.4032166055	1000.0	1101.9391195761013	0.0	0	0.0	2456.342336181435	1	0	1	0.9583385707077927
157793.37115432756	1000.0	662.9711818540147	0.0	0	0.0	2456.342336181435	1	0	1	0.9583385707077938
158454.7886336482	1000.0	1001.5537025333717	0.0	0	0.0	2456.342336181435	1	0	1	0.9583385707077905
159148.82316065917	1000.0	1307.5191755223743	0.0	0	0.0	2456.342336181435	1	0	1	0.9583385707077927
160108.58758906135	1000.0	1347.7547471201826	0.0	0	0.0	2456.3423361814057	1	0	1	0.9583385707077956
161259.1623360117	1000.0	1197.1800001698136	0.0	0	0.0	2456.3423361813766	1	0	1	0.9583385707077985
162576.70718181808	1000.0	879.6351543634701	0.0	0	0.0	2456.3423361813766	1	0	1	0.9583385707077985
163487.07691955374	1000.0	969.2654166277702	0.0	0	0.0	2456.3423361813766	1	0	1	0.9583385707077985
164101.7595432761	1000.0	1354.5827929053858	0.0	0	0.0	2456.3423361813766	1	0	1	0.9583385707077985
165464.74518796516	1000.0	991.5971482163011	0.0	0	0.0	2456.3423361813766	1	0	1	0.9583385707077985
166251.67281994634	1000.0	1204.6695162351434	0.0	0	0.0	2456.3423361813766	1	0	1	0.9583385707077985
166898.73875372062	1000.0	1557.6035824608432	0.0	0	0.0	2456.3423361813766	1	0	1	0.9583385707077985
167546.77174741827	1000.0	1909.5705887631989	0.0	0	0.0	2456.3423361813766	1	0	1	0.9583385707077985
168275.01561529146	1000.0	2181.326720890017	0.0	0	0.0	2456.3423361813766	1	0	1	0.9583385707077985
170801.88856462142	2000.0	401.7664766270703	0.0	0	0.0	2203.655041248363	1	0	2	0.5764654812173422
171857.2376868827	1000.0	379.5256711857461	33.10831681997439	0	0.0	2236.763358068303	1	0	1	-0.111500612960686
173626.50934408247	1000.0	200.0	589.745986014025	0	0.0	2826.509344082471	1	0	1	-2.6085073376781343
174541.01116796103	500.0	541.2439530196643	315.63269026009425	0	0.0	3082.2551209806697	1	0	2	-2.7862772563862785
175066.4268460739	500.0	963.2867070954666	0.0	0	0.0	3029.713553169364	1	0	2	0.006540899027520711
175822.67419471766	1000.0	1207.0393584516912	0.0	0	0.0	3029.713553169393	1	0	1	0.007854268449051238
176563.42237548396	1000.0	1466.2911776853896	0.0	0	0.0	3029.713553169393	1	0	1	0.9010014490089968
177737.92859155594	1000.0	1291.7849616134126	0.0	0	0.0	3029.713553169422	1	0	1	0.901001449008994
179031.94937195702	1000.0	997.7641812123543	0.0	0	0.0	3029.713553169451	1	0	1	0.9010014490089924
180757.3341808093	1000.0	272.37937236008236	0.0	0	0.0	3029.713553169451	1	0	1	0.901001449008991
181394.16647123915	500.0	683.2110307469673	47.663948816743414	0	0.0	3077.3775019862223	1	0	1	-0.7760429998930374
182019.65174268678	1000.0	1057.7257592993262	0.0	0	0.0	3077.3775019862223	1	0	1	0.20308787356736857
182673.52150690008	1000.0	1403.8559950860156	0.0	0	0.0	3077.3775019862223	1	0	1	0.896235054127314
183413.77839547722	1000.0	1663.59910650887	0.0	0	0.0	3077.3775019862223	1	0	1	0.896235054127314
184592.9092357257	1000.0	1484.4682662604018	0.0	0	0.0	3077.3775019862223	1	0	1	0.896235054127314
185790.49096482847	1000.0	1286.8865371576248	0.0	0	0.0	3077.3775019862805	1	0	1	0.8962350541273099
187144.8044689387	1000.0	932.5730330473942	0.0	0	0.0	3077.3775019862514	1	0	1	0.8962350541273105
187954.75275859478	1000.0	1122.6247433913077	0.0	0	0.0	3077.3775019862514	1	0	1	0.8962350541273111
189110.42046250158	1000.0	966.9570394844673	0.0	0	0.0	3077.3775019862514	1	0	1	0.8962350541273111
189876.27841461913	1000.0	1201.099087366954	0.0	0	0.0	3077.3775019862805	1	0	1	0.8962350541273085
191077.27726999932	1000.0	1000.1002319867517	0.0	0	0.0	3077.3775019862514	1	0	1	0.8962350541273111
192532.53253779732	1000.0	544.8449641887677	0.0	0	0.0	3077.3775019862514	1	0	1	0.8962350541273111
193861.53831237127	1000.0	337.2351412268529	121.39595161202885	0	0.0	3198.773453598318	1	0	1	0.1557197492939324
194729.97471479338	1000.0	610.0310781488557	141.23233934413275	0	0.0	3340.005792942451	1	0	1	0.022578188966894452
195721.2529819823	1000.0	618.7528109598974	0.0	0	0.0	3340.005792942422	1	0	1	0.8699722250316939
196959.88871722485	1000.0	380.11707571736895	0.0	0	0.0	3340.005792942422	1	0	1	0.8699722250316927
197713.25379774626	500.0	627.0543123624692	68.76256838058714	0	0.0	3340.308110108919	1	0	2	-1.330589974106856
198383.02193326334	500.0	890.3093632936553	0.0	0	0.0	3273.331296557182	1	0	2	-0.018283748115528214
199180.25758102062	1000.0	1093.073715536375	0.0	0	0.0	3273.331296557153	1	0	1	-0.01650750588972466
200097.18152009914	1000.0	1176.149776457823	0.0	0	0.0	3273.331296557153	1	0	1	0.8766396746702209
201419.02883486068	1000.0	854.3024616962946	0.0	0	0.0	3273.331296557124	1	0	1	0.8766396746702237
203325.66202703974	1000.0	200.0	252.33073048280596	0	0.0	3525.6620270398853	1	0	1	-0.6557094480255359
204084.72269953357	500.0	545.8243892712986	164.35557183137462	0	0.0	3630.547088805033	1	0	2	-1.9335774017560006
204767.75115860457	500.0	794.49308429317	0.0	0	0.0	3562.2442428978975	1	0	2	-0.04688473649619039
205866.9986804313	1000.0	695.2455624664549	0.0	0	0.0	3562.2442428978975	1	0	1	-0.04539880052379924
206982.3412842436	500.0	508.98110244699666	36.92036743096364	0	0.0	3491.3223866907647	1	0	2	-1.155203253314097
207705.08139090482	500.0	713.9669851196643	0.0	0	0.0	3419.0483760246716	1	0	2	-0.03244280896267804
208674.2948959975	1000.0	744.7534800269923	0.0	0	0.0	3419.0483760247007	1	0	1	-0.031079213836478436
209733.51281876155	1000.0	685.5355572629769	0.0	0	0.0	3419.0483760247007	1	0	1	0.8620679667234661
210947.15255958439	1000.0	471.8958164401476	0.0	0	0.0	3419.04837602473	1	0	1	0.8620679667234638
211456.02727389592	500.0	912.1336306974678	0.0	0	0.0	3368.160904593591	1	0	2	-0.9203630849281462
212027.93526461287	1000.0	1340.22563998052	0.0	0	0.0	3368.160904593591	1	0	1	-0.025990466693368575
212756.80962307175	1000.0	1611.3512815216604	0.0	0	0.0	3368.160904593591	1	0	1	0.867156713866577
213692.06306475823	2000.0	1582.5724956665201	0.0	0	0.0	3274.63556042494	1	0	2	0.47400238904848796
215217.6805605141	2000.0	904.3932503350526	0.0	0	0.0	3122.073810849368	1	0	2	1.3797337715864983
216098.19972790466	1000.0	1023.8740829444828	0.0	0	0.0	3122.073810849368	1	0	1	-0.0013817573189459642
217130.82639748475	1000.0	991.2474133643868	0.0	0	0.0	3122.0738108493388	1	0	1	0.8917654232410023
217876.56039150458	1000.0	1245.5134193445695	0.0	0	0.0	3122.0738108493388	1	0	1	0.8917654232410023
218624.50991126546	1000.0	1497.5638995836864	0.0	0	0.0	3122.0738108493388	1	0	1	0.8917654232410023
219369.7452632657	1000.0	1752.3285475834423	0.0	0	0.0	3122.0738108493388	1	0	1	0.8917654232410023
221597.11617939925	2000.0	302.2205398365238	0.0	0	0.0	2899.3367192359874	1	0	2	0.5060507505852687
223256.5760646719	1000.0	200.0	557.2393454361315	0	0.0	3456.5760646721465	1	0	1	-3.3671706095274345
224446.8607594696	500.0	393.39683905936846	383.6815338570838	0	0.0	3840.2575985292497	1	0	1	-2.8684365197893826
225672.52275810993	500.0	400.1403941610502	322.7015941873067	0	0.0	4072.6631522712414	1	0	2	-2.234436923415255
226325.36179751926	500.0	682.0174508107563	0.0	0	0.0	4007.3792483302823	1	0	2	-0.09147987505410576
226864.06476075345	500.0	1089.4441912531424	0.0	0	0.0	3953.5089520068723	1	0	2	-0.08582102141970781
227895.9054772968	1000.0	1057.60347470981	0.0	0	0.0	3953.5089520068723	1	0	1	-0.08452527143469668
229079.28324139732	1000.0	874.2257106092732	0.0	0	0.0	3953.5089520068723	1	0	1	0.8086219091252489
229946.7966006285	1000.0	1006.7123513780696	0.0	0	0.0	3953.508952006843	1	0	1	0.8086219091252518
230956.99862057762	1000.0	996.5103314289231	0.0	0	0.0	3953.508952006843	1	0	1	0.8086219091252518
231569.9189046257	1000.0	1383.5900473808786	0.0	0	0.0	3953.508952006843	1	0	1	0.8086219091252518
232884.65455884245	1000.0	937.3808277424573	0.0	0	0.0	3822.035386585194	1	0	2	0.4179238465229176
233536.19126986695	500.0	1220.6904456155435	0.0	0	0.0	3756.8817154827993	1	0	2	-0.7594466604487295
234697.98487167913	1000.0	942.7174836221313	0.0	0	0.0	3640.7023553015897	1	0	2	-0.0558795593924693
235683.2790770664	1000.0	858.8938576961473	0.0	0	0.0	3542.1729347628716	1	0	2	0.646718202065127
236689.0641554692	1000.0	853.108779293365	0.0	0	0.0	3542.1729347628716	1	0	1	0.6497555108496489
237405.15853854583	1000.0	1137.0143962167408	0.0	0	0.0	3542.1729347628716	1	0	1	0.8497555108496491
238490.59534581433	1000.0	1051.5775889482488	0.0	0	0.0	3542.1729347629007	1	0	1	0.849755510849646
239135.0235128247	1000.0	1407.1494219378735	0.0	0	0.0	3542.1729347629007	1	0	1	0.849755510849646
239668.76321536634	1000.0	1820.0357491420687	0.0	0	0.0	3488.798964508751	1	0	2	0.45378673810759246
241240.09388902917	2000.0	1091.5720081129873	0.0	0	0.0	3331.6658971424913	1	0	2	0.6668925196573842
242020.63994393655	1000.0	1232.9713477148582	0.0	0	0.0	3253.6112916517304	1	0	2	-0.01675840406315493
242807.8717124583	1000.0	1367.0164023409536	0.0	0	0.0	3174.8881147996	1	0	2	0.6841536191732175
243546.72679500547	1000.0	1554.2758115390302	0.0	0	0.0	3101.0026065448765	1	0	2	0.6918160292935476
245005.030839539	1000.0	950.1413625521266	0.0	0	0.0	2955.1722020914895	1	0	2	0.7043123804570577
245966.20836279716	1000.0	988.963839293953	0.0	0	0.0	2955.1722020914603	1	0	1	0.70845558411679
246695.61625736667	1000.0	1259.5559447244573	0.0	0	0.0	2955.1722020914603	1	0	1	0.9084555841167902
247567.96551063913	1000.0	1387.206691451999	0.0	0	0.0	2955.1722020914312	1	0	1	0.9084555841167931
248602.19156715125	1000.0	1352.9806349398411	0.0	0	0.0	2955.1722020914312	1	0	1	0.9084555841167931
249664.29410868813	1000.0	1290.8780934029462	0.0	0	0.0	2955.172202091402	1	0	1	0.908455584116796
250589.83694831346	1000.0	1365.3352537776118	0.0	0	0.0	2955.172202091373	1	0	1	0.9084555841167966
251722.3884414905	1000.0	1232.7837606006005	0.0	0	0.0	2955.172202091373	1	0	1	0.9084555841167989
252626.82296119706	1000.0	1328.349240894064	0.0	0	0.0	2955.172202091402	1	0	1	0.908455584116796
253304.63272715677	1000.0	1650.539474934359	0.0	0	0.0	2955.172202091402	1	0	1	0.908455584116796
253982.48433573425	1000.0	1972.687866356867	0.0	0	0.0	2955.172202091402	1	0	1	0.908455584116796
256023.33731751368	2000.0	727.7495863995296	0.0	0	0.0	2751.0869039135287	1	0	2	0.521952078391936
257493.23341045834	1000.0	257.85349345487566	0.0	0	0.0	2751.0869039135287	1	0	1	0.03571693337463788
257981.1502017594	500.0	769.9367021538476	0.0	0	0.0	2751.0869039135287	1	0	1	-0.45743024718530756
259218.08510837462	1000.0	533.0017955386052	0.0	0	0.0	2751.0869039134996	1	0	1	0.23571693337464084
260702.72497562744	1000.0	213.72568122941715	165.36375294361372	0	0.0	2916.450656857138	1	0	1	-0.0796957401722902
261354.83410312308	500.0	621.2673088979319	113.51060719425317	0	0.0	2976.101412021322	1	0	2	-1.562709693526407
261866.67110155156	500.0	1058.2466106265958	0.0	0	0.0	2924.9177121784596	1	0	2	0.017072654861944543
262687.48446637735	1000.0	1237.4332458007768	0.0	0	0.0	2924.9177121784305	1	0	1	0.018333852548145235
263618.66067754827	1000.0	1306.2570346298955	0.0	0	0.0	2924.9177121784596	1	0	1	0.9114810331080886
264432.5132620964	1000.0	1492.4044500817297	0.0	0	0.0	2924.9177121784014	1	0	1	0.9114810331080931
265314.10696315294	1000.0	1610.8107490252373	0.0	0	0.0	2924.9177121784887	1	0	1	0.9114810331080891
266378.2277617897	1000.0	1546.6899503885104	0.0	0	0.0	2924.917712178547	1	0	1	0.9114810331080815
267233.8774767368	1000.0	1691.0402354414011	0.0	0	0.0	2924.917712178547	1	0	1	0.9114810331080815
267905.73170853074	1000.0	2019.186003647421	0.0	0	0.0	2924.917712178547	1	0	1	0.9114810331080815
268475.4322434336	1000.0	2392.51541525433	0.0	0	0.0	2867.9476586882956	1	0	2	0.5156666328956132
269841.4671809659	2000.0	1889.876983968808	0.0	0	0.0	2731.344164934999	1	0	2	0.7270282017568004
271558.53936461353	1000.0	1001.0975819564073	0.0	0	0.0	2559.636946570303	1	0	2	0.04916032013574176
272662.1694160747	1000.0	897.4675304952187	0.0	0	0.0	2559.636946570303	1	0	1	0.7480091096689057
273649.49281280756	1000.0	910.1441337624357	0.0	0	0.0	2559.636946570303	1	0	1	0.9480091096689058
274422.5424072483	1000.0	1137.0945393218058	0.0	0	0.0	2559.636946570303	1	0	1	0.9480091096689058
275288.45107439713	1000.0	1271.185872172969	0.0	0	0.0	2559.636946570303	1	0	1	0.9480091096689058
275885.84683412674	1000.0	1673.7901124433486	0.0	0	0.0	2559.636946570361	1	0	1	0.9480091096689001
277040.10102503013	2000.0	1519.5359215399471	0.0	0	0.0	2559.636946570303	1	0	1	0.9480091096689047
277751.9385415436	1000.0	1807.698405026506	0.0	0	0.0	2559.636946570303	1	0	1	0.25486192910896066
278411.9848804717	1000.0	2147.652066098414	0.0	0	0.0	2559.636946570303	1	0	1	0.9480091096689058
280024.320083978	2000.0	1374.0833422415071	0.0	0	0.0	2398.403426219593	1	0	2	0.559765177396053
281155.24260610534	1000.0	1243.160820114176	0.0	0	0.0	2398.403426219651	1	0	1	0.07098528114402564
282238.4325894638	1000.0	1159.9708367557641	0.0	0	0.0	2398.403426219651	1	0	1	0.964132461703971
283477.5694547051	1000.0	920.8339715144174	0.0	0	0.0	2398.403426219651	1	0	1	0.964132461703971
284719.318597365	1000.0	679.0848288545194	0.0	0	0.0	2398.403426219651	1	0	1	0.9641324617039687
286047.48426522006	1000.0	350.9191609994891	0.0	0	0.0	2398.403426219709	1	0	1	0.9641324617039653
287881.80174634786	1000.0	200.0	683.398320128316	0	0.0	3081.801746347861	1	0	1	-3.1928799491299564
288755.7630352596	500.0	573.1586014454247	247.11989035720896	0	0.0	3328.921636705054	1	0	1	-1.9979330626077143
289418.67501507327	500.0	843.955423650419	0.0	0	0.0	3262.630438723718	1	0	2	-0.2172035757166069
290643.5376351196	1000.0	619.0928036040667	0.0	0	0.0	3262.630438723718	1	0	1	-0.015437420106381161
291785.0721287898	1000.0	477.55830993389225	0.0	0	0.0	3262.630438723776	1	0	1	0.8777097604535611
292964.9236533116	1000.0	297.70678541206405	0.0	0	0.0	3262.630438723718	1	0	1	0.8777097604535621
293708.6968367987	500.0	649.9796393225326	154.93032340570315	0	0.0	3358.676476121298	1	0	2	-1.8493174449006933
294584.5658188114	1000.0	774.110657309793	0.0	0	0.0	3358.67647612124	1	0	1	-0.025042023846136796
295406.68268985284	1000.0	951.9937862683609	0.0	0	0.0	3358.67647612124	1	0	1	0.8681051567138122
296617.1398296245	1000.0	741.5366464967173	0.0	0	0.0	3358.676476121298	1	0	1	0.868105156713811
297496.92999078444	500.0	773.7674692208227	0.0	0	0.0	3270.697460005409	1	0	2	-0.9115077644823883
298725.61147278827	1000.0	545.0859872170274	0.0	0	0.0	3270.697460005409	1	0	1	-0.01624412223455035
299518.5350506963	500.0	672.8700515182438	0.0	0	0.0	3191.4051022146596	1	0	2	-0.9034210635617629
300224.4822304796	1000.0	966.9228717349881	0.0	0	0.0	3191.4051022146596	1	0	1	-0.008314886455475456
301321.17464645015	1000.0	870.230455764427	0.0	0	0.0	3191.4051022146014	1	0	1	0.8848322941044761
302253.10139292304	500.0	845.111034644233	0.0	0	0.0	3098.212427567225	1	0	2	-0.8945867591439941
1.14	0.95	0.89	1.22	1.45	0.79	1.09	0.61	1.17	1.42	0.81	1.0	1.24	1.22	1.01	0.92	0.9	0.71	0.73	0.74	1.15	1.16	1.04	0.89	0.68	0.73	0.95	1.78	1.52	0.94	1.14	0.75	0.65	1.18	1.26	0.86	0.81	0.75	0.95	1.18	1.4	0.73	0.63	0.83	0.98	0.89	0.75	0.7	0.75	0.74	1.0	0.38	0.6	0.98	1.24	0.73	0.81	1.39	2.05	1.68	0.82	1.02	0.96	1.31	1.82	1.37	0.65	0.64	0.46	0.57	0.44	0.94	0.94	1.11	0.91	1.31	1.4	0.96	0.73	0.85	1.3	0.89	1.12	1.29	1.51	1.46	1.67	1.4	1.15	0.97	0.81	1.36	1.49	0.94	0.88	1.22	0.83	1.24	1.58	1.56	0.78	0.72	0.9	1.0	1.07	0.83	0.82	1.1	1.14	1.17	1.6	1.07	1.16	1.37	1.29	1.19	0.57	0.83	1.16	1.47	1.4	1.46	1.11	1.34	1.08	0.86	1.22	1.12	0.97	0.97	1.12	0.89	0.59	0.74	0.86	0.8	0.98	0.93	0.7	1.03	1.19	0.95	0.61	0.66	0.76	1.15	0.59	0.46	0.67	1.05	1.14	0.95	0.89	1.22	1.45	0.79	1.09	0.61	1.17	1.42	0.81	1.0	1.24	1.22	1.01	0.92	0.9	0.71	0.73	0.74	1.15	1.16	1.04	0.89	0.68	0.73	0.95	1.78	1.52	0.94	1.14	0.75	0.65	1.18	1.26	0.86	0.81	0.75	0.95	1.18	1.4	0.73	0.63	0.83	0.98	0.89	0.75	0.7	0.75	0.74	1.0	0.38	0.6	0.98	1.24	0.73	0.81	1.39	2.05	1.68	0.82	1.02	0.96	1.31	1.82	1.37	0.65	0.64	0.46	0.57	0.44	0.94	0.94	1.11	0.91	1.31	1.4	0.96	0.73	0.85	1.3	0.89	1.12	1.29	1.51	1.46	1.67	1.4	1.15	0.97	0.81	1.36	1.49	0.94	0.88	1.22	0.83	1.24	1.58	1.56	0.78	0.72	0.9	1.0	1.07	0.83	0.82	1.1	1.14	1.17	1.6	1.07	1.16	1.37	1.29	1.19	0.57	0.83	1.16	1.47	1.4	1.46	1.11	1.34	1.08	0.86	1.22	1.12	0.97	0.97	1.12	0.89	0.59	0.74	0.86	0.8	0.98	0.93	0.7	1.03	1.19	0.95	0.61	0.66	0.76	1.15	0.59	0.46	0.67	1.05
1.0	2.0	3.0	4.0	5.0	6.0	7.0	8.0	9.0	10.0	11.0	12.0	13.0	14.0	15.0	16.0	17.0	18.0	19.0	20.0	21.0	22.0	23.0	24.0	25.0	26.0	27.0	28.0	29.0	30.0	31.0	32.0	33.0	34.0	35.0	36.0	37.0	38.0	39.0	40.0	41.0	42.0	43.0	44.0	45.0	46.0	47.0	48.0	49.0	50.0	51.0	52.0	53.0	54.0	55.0	56.0	57.0	58.0	59.0	60.0	61.0	62.0	63.0	64.0	65.0	66.0	67.0	68.0	69.0	70.0	71.0	72.0	73.0	74.0	75.0	76.0	77.0	78.0	79.0	80.0	81.0	82.0	83.0	84.0	85.0	86.0	87.0	88.0	89.0	90.0	91.0	92.0	93.0	94.0	95.0	96.0	97.0	98.0	99.0	100.0	101.0	102.0	103.0	104.0	105.0	106.0	107.0	108.0	109.0	110.0	111.0	112.0	113.0	114.0	115.0	116.0	117.0	118.0	119.0	120.0	121.0	122.0	123.0	124.0	125.0	126.0	127.0	128.0	129.0	130.0	131.0	132.0	133.0	134.0	135.0	136.0	137.0	138.0	139.0	140.0	141.0	142.0	143.0	144.0	145.0	146.0	147.0	148.0	149.0	149.0	150.0	151.0	152.0	153.0	154.0	155.0	156.0	157.0	158.0	159.0	160.0	161.0	162.0	163.0	164.0	165.0	166.0	167.0	168.0	169.0	170.0	171.0	172.0	173.0	174.0	175.0	176.0	177.0	178.0	179.0	180.0	181.0	182.0	183.0	184.0	185.0	186.0	187.0	188.0	189.0	190.0	191.0	192.0	193.0	194.0	195.0	196.0	197.0	198.0	199.0	200.0	201.0	202.0	203.0	204.0	205.0	206.0	207.0	208.0	209.0	210.0	211.0	212.0	213.0	214.0	215.0	216.0	217.0	218.0	219.0	220.0	221.0	222.0	223.0	224.0	225.0	226.0	227.0	228.0	229.0	230.0	231.0	232.0	233.0	234.0	235.0	236.0	237.0	238.0	239.0	240.0	241.0	242.0	243.0	244.0	245.0	246.0	247.0	248.0	249.0	250.0	251.0	252.0	253.0	254.0	255.0	256.0	257.0	258.0	259.0	260.0	261.0	262.0	263.0	264.0	265.0	266.0	267.0	268.0	269.0	270.0	271.0	272.0	273.0	274.0	275.0	276.0	277.0	278.0	279.0	280.0	281.0	282.0	283.0	284.0	285.0	286.0	287.0	288.0	289.0	290.0	291.0	292.0	293.0	294.0	295.0	296.0	297.0	298.0	298.0
5431.175504538681
