4646.174264082849	300.0	2000.0	156.61016688754535	0	0.0	4646.174264082849	1	0	2	-1.8009141806550262
5620.110787719486	3000.0	1928.669823999698	0.0	0	0.0	4548.780611719185	1	0	2	-0.6578742727158813
6677.360820303064	2000.0	1765.6947881577628	0.0	0	0.0	4443.055608460827	1	0	2	0.8444925103463625
7776.725332229904	2000.0	1556.3938250382396	0.0	0	0.0	4333.119157268143	1	0	2	1.2612014058840308
8478.426726783333	2000.0	1784.5222910294658	0.0	0	0.0	4262.949017812798	1	0	2	1.269253054441398
9221.22750564213	2000.0	1967.4414342847897	0.0	0	0.0	4188.668939926918	1	0	2	1.2762866759665878
10287.338753740656	2000.0	1794.7190613764128	0.0	0	0.0	4082.0578151170675	1	0	2	1.286080510696955
11023.608478619937	2000.0	1984.8223640092006	0.0	0	0.0	4008.4308426291354	1	0	2	1.294560291533897
12035.22146423467	3000.0	1872.0480798329927	0.0	0	0.0	3907.26954406766	1	0	2	1.3036219852355544
13311.357674672321	2000.0	1468.2982483515784	0.0	0	0.0	3779.655923023898	1	0	2	0.9099965355931079
14309.196706666447	2000.0	1370.6753131580394	0.0	0	0.0	3679.872019824483	1	0	2	1.3266091972636587
16072.365279853662	2000.0	431.18988265210123	0.0	0	0.0	3503.5551625057597	1	0	2	1.3412116926310453
17095.54361104622	1000.0	494.32580253139963	86.31425107185834	0	0.0	3589.869413577617	1	0	1	-0.5660468240229207
17947.896910261028	1000.0	641.9725033165935	0.0	0	0.0	3589.869413577617	1	0	1	0.8449858629681747
18846.88240877705	1000.0	742.9870048005718	0.0	0	0.0	3589.8694135776186	1	0	1	0.8449858629681745
19998.300161211817	1000.0	591.56925236581	0.0	0	0.0	3589.869413577624	1	0	1	0.8449858629681741
20728.744862226187	1000.0	861.124551351437	0.0	0	0.0	3589.8694135776204	1	0	1	0.8449858629681741
21379.370138977778	1000.0	1210.4992745998434	0.0	0	0.0	3589.8694135776204	1	0	1	0.8449858629681741
21929.14444254379	1000.0	1660.7249710338315	0.0	0	0.0	3589.8694135776204	1	0	1	0.8449858629681741
22883.635385940335	2000.0	1610.7849332976307	0.0	0	0.0	3494.420319237961	1	0	2	0.45191220977512503
24308.6326811582	2000.0	1043.2879085579789	0.0	0	0.0	3351.9205897161773	1	0	2	1.357492697193298
25132.716105155967	1000.0	1219.2044845602127	0.0	0	0.0	3351.9205897161773	1	0	1	-0.02436643520562698
25955.35343728446	1000.0	1396.5671524317206	0.0	0	0.0	3351.9205897161773	1	0	1	0.8687807453543184
26754.019914735058	1000.0	1518.0340272360656	0.0	0	0.0	3272.053941971124	1	0	2	0.47492646139464434
27491.603456692425	1000.0	1706.6921310829616	0.0	0	0.0	3198.295587775385	1	0	2	0.6823288419965006
28858.473567556466	2000.0	1203.1350091325148	0.0	0	0.0	3061.6085766889773	1	0	2	0.6944330424759904
29581.974602483806	2000.0	1407.2838707124367	0.0	0	0.0	2989.2584731962343	1	0	2	1.39648904925242
30198.580001573388	2000.0	1729.0179317138964	0.0	0	0.0	2927.597933287274	1	0	2	1.4027987532566273
31523.259737127373	2000.0	1271.870222604512	0.0	0	0.0	2795.129959731872	1	0	2	1.4136550897975149
32483.474094465077	1000.0	1311.6558652668075	0.0	0	0.0	2795.129959731872	1	0	1	0.03131262779280358
33423.608651346985	1000.0	1371.5213083848953	0.0	0	0.0	2795.1299597318684	1	0	1	0.9244598083527492
33945.092953952124	1000.0	1850.0370057797568	0.0	0	0.0	2795.1299597318684	1	0	1	0.9244598083527491
35398.683555091964	2000.0	1251.087344525935	0.0	0	0.0	2649.770899617888	1	0	2	0.5356243514602701
36437.1744588035	2000.0	1108.7473504432471	0.0	0	0.0	2545.9218092467345	1	0	2	1.439978791286578
37527.35206324463	2000.0	909.5519855579988	0.0	0	0.0	2436.904048802615	1	0	2	1.450430455523353
38154.37291150125	1000.0	1282.5311373013783	0.0	0	0.0	2436.904048802615	1	0	1	0.06713521888572921
38699.65960611547	1000.0	1737.2444426871593	0.0	0	0.0	2436.904048802622	1	0	1	0.960282399445674
39957.992384867306	2000.0	1353.078386060142	0.0	0	0.0	2311.070770927443	1	0	2	0.5692505595188393
40660.699942998705	1000.0	1650.3708279287428	0.0	0	0.0	2311.070770927443	1	0	1	0.07971854667324663
41999.52972992832	2000.0	1177.658062306175	0.0	0	0.0	2177.187792234494	1	0	2	0.5824315404153376
43200.57274367397	2000.0	856.5107471859667	0.0	0	0.0	2057.0834908599427	1	0	2	1.4885574404348603
43962.732127987605	2000.0	1094.3513628723285	0.0	0	0.0	2057.0834908599427	1	0	1	1.4914116357998868
44775.627807971454	2000.0	1281.455682888484	0.0	0	0.0	2057.0834908599427	1	0	1	1.691411635799887
46226.43437354312	2000.0	830.6491173168217	0.0	0	0.0	2057.0834908599427	1	0	1	1.691411635799887
48148.749706358656	2000.0	200.0	291.66621549872167	0	0.0	2348.749706358656	1	0	1	-0.0764087628201538
48660.62171670591	1000.0	754.5732877389439	66.44529808619149	0	0.0	2415.195004444846	1	0	1	-0.1293656651956426
49456.732238453464	1000.0	958.4627659913842	0.0	0	0.0	2415.195004444846	1	0	1	0.9624533038814516
50206.0883170895	1000.0	1209.1066873553486	0.0	0	0.0	2415.195004444846	1	0	1	0.9624533038814516
50996.91010997708	1000.0	1418.2848944677717	0.0	0	0.0	2415.195004444846	1	0	1	0.9624533038814516
52031.31722552684	2000.0	1383.877778918008	0.0	0	0.0	2415.195004444846	1	0	1	0.9624533038814517
52751.65048846976	1000.0	1663.5445159750864	0.0	0	0.0	2415.195004444846	1	0	1	0.2693061233215064
54031.121865169014	2000.0	1384.0731392758323	0.0	0	0.0	2415.1950044448386	1	0	1	0.9624533038814522
54994.30988580802	2000.0	1324.5663165729252	0.0	0	0.0	2318.8762023809395	1	0	2	1.2629011377840587
55866.69000298457	2000.0	1364.9481876787124	0.0	0	0.0	2231.6381906632814	1	0	2	1.4718573630492255
56435.59228478737	2000.0	1739.155677695632	0.0	0	0.0	2174.7479624830085	1	0	2	1.4783668578639613
57909.8919570808	3000.0	1117.4260381728698	0.0	0	0.0	2027.3179952536739	1	0	2	1.4895546333550969
59648.404627914686	2000.0	378.913367338985	0.0	0	0.0	2027.3179952536739	1	0	1	1.088923077252349
60832.81651597578	1000.0	308.4496121783061	113.94813290041134	0	0.0	2141.266128154093	1	0	1	-0.38698978645188614
62329.683989200916	1000.0	206.44854008495622	394.8664011317817	0	0.0	2536.1325292858673	1	0	1	-1.41881278593429
63074.71507805346	500.0	572.7028507827966	168.89864403239454	0	0.0	2647.4179288362575	1	0	2	-1.8624009843629326
63724.981403603066	500.0	857.4098926782295	0.0	0	0.0	2582.3912962812974	1	0	2	0.05127237823640062
64441.60689329097	1000.0	1140.784402990328	0.0	0	0.0	2582.39129628129	1	0	1	0.052586494137861706
65102.3358319702	1000.0	1480.055464311093	0.0	0	0.0	2582.39129628129	1	0	1	0.9457336746978072
66021.49387835861	2000.0	1560.8974179226823	0.0	0	0.0	2582.39129628129	1	0	1	0.9457336746978068
67945.44519395921	2000.0	444.55097076202844	0.0	0	0.0	2389.9961647212185	1	0	2	1.2526115961912445
69115.50900723484	1000.0	350.5976861569867	76.11052867059135	0	0.0	2466.1066933918046	1	0	1	-0.39244821759673787
69965.28117160047	1000.0	603.2359304438106	102.41040865244827	0	0.0	2568.517102044265	1	0	1	0.33265864220682007
70514.75666821987	1000.0	1053.760433824391	0.0	0	0.0	2568.517102044265	1	0	1	0.9471210941215097
71083.94569044691	1000.0	1484.5714115973412	0.0	0	0.0	2568.517102044265	1	0	1	0.9471210941215097
71907.91616901598	2000.0	1660.6009330282618	0.0	0	0.0	2568.517102044265	1	0	1	0.9471210941215096
73282.35299152421	2000.0	1148.7204282692062	0.0	0	0.0	2431.073419793436	1	0	2	1.2502060457321593
74036.58869711263	2000.0	1319.0611521219466	0.0	0	0.0	2355.6498492346	1	0	2	1.4596936351967564
75043.77333235869	2000.0	1211.1580533512765	0.0	0	0.0	2254.931385709977	1	0	2	1.469249500210707
75799.42335006915	2000.0	1379.943033869765	0.0	0	0.0	2179.366383938919	1	0	2	1.4770901014376554
77040.73385174626	2000.0	1014.5014820249215	0.0	0	0.0	2055.2353337711975	1	0	2	1.487807553060724
78303.85617146963	2000.0	751.3791623015608	0.0	0	0.0	2055.235333771212	1	0	1	1.4915964515087599
79110.70683040429	1000.0	944.5285033669046	0.0	0	0.0	2055.235333771212	1	0	1	0.30530209038886974
80122.67534655472	1000.0	932.5599872164803	0.0	0	0.0	2055.235333771212	1	0	1	0.9984492709488149
81131.6917433456	1000.0	923.5435904255946	0.0	0	0.0	2055.235333771212	1	0	1	0.9984492709488149
81885.45156830703	1000.0	1169.7837654641542	0.0	0	0.0	2055.2353337711975	1	0	1	0.9984492709488164
82468.155885908	1000.0	1587.0794478631944	0.0	0	0.0	2055.2353337711975	1	0	1	0.9984492709488164
83559.70498439734	1000.0	1495.5303493738693	0.0	0	0.0	2055.235333771212	1	0	1	0.9984492709488149
84417.66828654303	1000.0	1637.5670472281734	0.0	0	0.0	2055.235333771212	1	0	1	0.9984492709488149
85581.90354927273	2000.0	1473.3317844984695	0.0	0	0.0	2055.235333771212	1	0	1	0.9984492709488149
86920.2199952245	2000.0	1001.1836939515093	0.0	0	0.0	1921.4036891760188	1	0	2	1.301163661194141
87553.48268966333	1000.0	1367.920999512676	0.0	0	0.0	1921.4036891760188	1	0	1	0.11868525484838882
88659.07256282236	2000.0	1262.3311263536423	0.0	0	0.0	1921.4036891760334	1	0	1	1.0118324354083326
89853.59180581626	2000.0	1067.811883359725	0.0	0	0.0	1921.4036891760334	1	0	1	1.704979615968278
90956.09100923328	2000.0	965.3126799427173	0.0	0	0.0	1921.4036891760334	1	0	1	1.704979615968278
91722.40030701681	2000.0	1199.0033821591906	0.0	0	0.0	1921.4036891760334	1	0	1	1.704979615968278
92658.84463136726	2000.0	1356.2034902437856	0.0	0	0.0	2015.0481216110784	1	0	0	1.2980590727834858
93729.33084387149	2000.0	1285.7172777395408	0.0	0	0.0	2015.0481216110638	1	0	1	1.4956151727247748
94655.59648225343	3000.0	1359.4516393576084	0.0	0	0.0	2015.0481216110638	1	0	1	1.6956151727247752
95937.5530733924	3000.0	1205.6907073325515	0.0	0	0.0	2143.243780724966	1	0	0	1.691727731078041
97155.64178679396	2000.0	987.6019939310029	0.0	0	0.0	2143.243780724966	1	0	1	1.0773304987052201
98250.13680979695	1000.0	893.1069709279974	0.0	0	0.0	2143.243780724966	1	0	1	0.29650124569349445
98947.17762599632	1000.0	1196.0661547286336	0.0	0	0.0	2143.243780724966	1	0	1	0.9896484262534395
99802.50551462939	1000.0	1340.738266095551	0.0	0	0.0	2143.243780724966	1	0	1	0.9896484262534395
100347.63081248777	1000.0	1795.6129682371698	0.0	0	0.0	2143.2437807249808	1	0	1	0.9896484262534382
102231.2625547342	2000.0	911.9812259907394	0.0	0	0.0	2143.2437807249808	1	0	1	0.989648426253438
102933.51715755693	1000.0	1209.7266231680246	0.0	0	0.0	2143.2437807249953	1	0	1	0.29650124569349146
103543.05349338359	1000.0	1600.1902873413544	0.0	0	0.0	2143.2437807249808	1	0	1	0.9896484262534382
104927.85501044491	2000.0	1215.3887702800307	0.0	0	0.0	2143.2437807249808	1	0	1	0.989648426253438
105746.91774366988	1000.0	1396.3260370550493	0.0	0	0.0	2143.2437807249808	1	0	1	0.2965012456934929
106535.70377090455	1000.0	1607.5400098203643	0.0	0	0.0	2143.2437807249808	1	0	1	0.9896484262534382
107804.74106519227	1000.0	1338.5027155326368	0.0	0	0.0	2143.2437807249808	1	0	1	0.9896484262534382
108564.78902995479	1000.0	1578.454750770113	0.0	0	0.0	2143.2437807249808	1	0	1	0.9896484262534382
109633.29948041528	1000.0	1509.944300309612	0.0	0	0.0	2143.2437807249808	1	0	1	0.9896484262534382
110340.10299309688	1000.0	1803.140787628006	0.0	0	0.0	2143.2437807249808	1	0	1	0.9896484262534382
111302.7385972059	2000.0	1840.505183518991	0.0	0	0.0	2143.2437807249808	1	0	1	0.989648426253438
112352.2253451931	2000.0	1686.0697607330635	0.0	0	0.0	2038.295105926256	1	0	2	1.2906541353804708
114277.72149249935	2000.0	568.0239986961858	0.0	0	0.0	1845.7454911956447	1	0	2	1.50566416347392
116100.35949949296	1000.0	314.57386185404084	569.1878701514615	0	0.0	2414.9333613469935	1	0	1	-3.345794933277478
116837.69743329784	1000.0	691.3451638413184	114.10923579216515	0	0.0	2529.0425971391523	1	0	1	0.26641312985903
117526.66915435661	1000.0	1002.373442782549	0.0	0	0.0	2529.0425971391523	1	0	1	0.951068544612021
117912.67011413	1000.0	1616.3724830091526	0.0	0	0.0	2529.0425971391523	1	0	1	0.951068544612021
119413.78367378654	2000.0	1115.2589233525946	0.0	0	0.0	2529.042597139138	1	0	1	0.9510685446120223
119890.95907880946	1000.0	1638.0835183296663	0.0	0	0.0	2529.042597139138	1	0	1	0.2579213640520772
120773.75818647197	2000.0	1667.0044999009078	0.0	0	0.0	2440.76268637288	1	0	2	0.5576808189929932
122022.95243001527	2000.0	1292.8908320032615	0.0	0	0.0	2315.8432620185195	1	0	2	1.462316502886244
122969.25215692072	2000.0	1251.9611324072876	0.0	0	0.0	2221.2132893279777	1	0	2	1.4726211497907395
124258.36999730748	2000.0	833.9315079818374	0.0	0	0.0	2092.301505289288	1	0	2	1.484331272608727
124841.38318425951	1000.0	1250.9183210298281	0.0	0	0.0	2092.3015052893024	1	0	1	0.1015954732370607
125985.1663839201	2000.0	1107.135121369243	0.0	0	0.0	2092.301505289317	1	0	1	0.9947426537970043
126642.5530279818	1000.0	1449.7484773075425	0.0	0	0.0	2092.3015052893024	1	0	1	0.3015954732370608
127972.37207863443	2000.0	1119.9294266549148	0.0	0	0.0	2092.3015052893024	1	0	1	0.9947426537970058
128919.37183376288	2000.0	1172.9296715264773	0.0	0	0.0	2092.3015052893024	1	0	1	1.6878898343569508
130307.75547893571	2000.0	784.5460263536394	0.0	0	0.0	2092.3015052893024	1	0	1	1.6878898343569508
130870.26307748101	1000.0	1222.0384278083366	0.0	0	0.0	2092.3015052893024	1	0	1	0.3015954732370608
131816.3603328675	2000.0	1275.9411724218091	0.0	0	0.0	2092.3015052892733	1	0	1	0.9947426537970083
132733.32593401006	2000.0	1358.975571279235	0.0	0	0.0	2092.301505289259	1	0	1	1.687889834356954
133524.84811357164	2000.0	1646.6056096737823	0.0	0	0.0	2171.4537232453586	1	0	0	1.28191919843855
134699.2496535525	2000.0	1589.6442236909822	0.0	0	0.0	2288.8938772434485	1	0	0	1.4717917516978607
136124.31197771963	2000.0	1164.5818995238637	0.0	0	0.0	2288.8938772434485	1	0	1	1.4682305971615364
136986.63790339426	1000.0	1302.255973849232	0.0	0	0.0	2288.8938772434485	1	0	1	0.2819362360416462
137744.75158555736	1000.0	1544.1422916861359	0.0	0	0.0	2288.8938772434194	1	0	1	0.9750834166015943
138728.7190360774	1000.0	1560.1748411661135	0.0	0	0.0	2288.8938772434194	1	0	1	0.9750834166015943
139692.7326929223	1000.0	1596.1611843212295	0.0	0	0.0	2288.8938772434194	1	0	1	0.9750834166015943
140470.7047178134	1000.0	1818.1891594301478	0.0	0	0.0	2288.8938772434194	1	0	1	0.9750834166015943
141359.59579728238	1000.0	1929.2980799611914	0.0	0	0.0	2288.8938772433903	1	0	1	0.9750834166015971
142278.41508440138	2000.0	1918.5968641302834	0.0	0	0.0	2197.0119485314644	1	0	2	0.5819092039883453
143464.44311198234	2000.0	1613.9660337912276	0.0	0	0.0	2078.4091457733593	1	0	2	1.4862833315187816
144598.2210192656	2000.0	1366.8103357796626	0.0	0	0.0	1965.0313550450082	1	0	2	1.4976515257987382
145679.068953051	2000.0	1177.8776086157252	0.0	0	0.0	1856.9465616664675	1	0	2	1.508381391524479
146860.96029806175	2000.0	877.7971291039063	0.0	0	0.0	1738.7574271654303	1	0	2	1.5198258312276411
148305.2333667319	2000.0	433.52406043377096	0.0	0	0.0	1738.7574271654303	1	0	1	1.5232442421693382
149158.99618906033	1000.0	579.7612381053582	0.0	0	0.0	1738.7574271654303	1	0	1	0.33694988104944806
150138.6165289203	1000.0	600.1408982453702	0.0	0	0.0	1738.7574271654012	1	0	1	1.030097061609396
151057.41842434037	1000.0	681.3390028252735	0.0	0	0.0	1738.757427165372	1	0	1	1.030097061609399
151746.33705108866	1000.0	992.4203760770013	0.0	0	0.0	1738.757427165372	1	0	1	1.030097061609399
152415.6463456729	1000.0	1323.1110814927818	0.0	0	0.0	1738.757427165372	1	0	1	1.030097061609399
153450.46854631862	2000.0	1288.2888808470395	0.0	0	0.0	1738.757427165372	1	0	1	1.030097061609399
154200.0	2000.0	1613.710572533802	0.0	0	132.91814778343542	1813.7105725335132	1	0	0	1.3184107998282406
155200.0	2000.0	1713.7105725337883	0.0	0	79.8505773023644	1913.7105725335132	1	0	0	1.5089899134939657
156520.18137626848	3000.0	1525.5473338921909	0.0	0	0.0	2045.728710160416	1	0	0	1.4960260531481229
157890.47634725686	3000.0	1292.2818600026349	0.0	0	0.0	2182.758207259234	1	0	0	1.8875381604901362
158578.26418574154	2000.0	1673.2728053664378	0.0	0	0.0	2251.5369911077432	1	0	0	1.0682297453580036
159235.78441262298	2000.0	2081.5046011731465	0.0	0	0.0	2317.289013795904	1	0	0	1.4670587137129703
160200.0	3000.0	2117.289013796095	0.0	0	154.85352696638438	2317.289013795904	1	0	1	1.465391083506291
161789.99802186387	3000.0	1368.2911897458555	0.0	0	0.0	2158.2892116095754	1	0	2	1.6822374007366383
162690.73292363048	2000.0	1377.4827978025708	0.0	0	0.0	2068.2157214329054	1	0	2	1.0826284267911537
164389.7618637121	3000.0	848.3567517291094	0.0	0	0.0	2238.1186154410534	1	0	0	1.078213892172877
165792.32297224968	2000.0	445.7956431915212	0.0	0	0.0	2238.1186154410243	1	0	1	1.0678430152336142
166796.50776256574	1000.0	563.4245128276432	121.8136599521917	0	0.0	2359.932275393192	1	0	1	-0.45604956348647857
167353.77780845918	1000.0	1006.1544669341899	0.0	0	0.0	2359.932275393163	1	0	1	0.9679795767866199
168455.15018158776	1000.0	904.7820938056338	0.0	0	0.0	2359.932275393163	1	0	1	0.9679795767866199
169367.46117644536	1000.0	992.4710989480344	0.0	0	0.0	2359.932275393192	1	0	1	0.9679795767866193
170219.20586332434	1000.0	1140.726412069058	0.0	0	0.0	2359.932275393192	1	0	1	0.9679795767866171
170798.28633603547	1000.0	1561.6459393579494	0.0	0	0.0	2359.932275393192	1	0	1	0.9679795767866171
171549.90551590893	2000.0	1810.0267594844536	0.0	0	0.0	2359.932275393163	1	0	1	0.9679795767866181
173310.78898821908	2000.0	873.0549399433057	0.0	0	0.0	2183.843928162183	1	0	2	1.2736082687041612
174687.24766626587	1000.0	496.5962618965192	0.0	0	0.0	2183.843928162183	1	0	1	0.09244123094977258
175594.9394827011	1000.0	588.9044454612956	0.0	0	0.0	2183.8439281622123	1	0	1	0.9855884115097149
176433.78866454237	1000.0	750.0552636200008	0.0	0	0.0	2183.8439281622123	1	0	1	0.9855884115097149
177090.32650209355	1000.0	1093.5174260688364	0.0	0	0.0	2183.8439281622123	1	0	1	0.9855884115097149
178394.4150618012	2000.0	789.4288663611843	0.0	0	0.0	2183.843928162183	1	0	1	0.985588411509718
179211.0687293325	2000.0	972.7751988298901	0.0	0	0.0	2183.843928162183	1	0	1	1.6787355920696632
180237.5199301723	2000.0	946.3239979900916	0.0	0	0.0	2183.843928162183	1	0	1	1.6787355920696632
182479.8910880033	2000.0	200.0	496.047159840914	0	0.0	2679.891088003089	1	0	1	-1.3319880112721993
183245.28511807983	1000.0	586.5286692909397	151.9226993675228	0	0.0	2831.8137873706	1	0	1	-0.6838919511762056
184001.48580768917	1000.0	830.3279796815693	0.0	0	0.0	2831.813787370629	1	0	1	0.9207914255888733
184581.1957204412	1000.0	1250.618066929542	0.0	0	0.0	2831.813787370571	1	0	1	0.920791425588878
185377.20115174426	1000.0	1454.612635626504	0.0	0	0.0	2831.8137873706	1	0	1	0.9207914255888785
186898.68764345895	2000.0	933.1261439117819	0.0	0	0.0	2831.8137873706	1	0	1	0.9207914255888761
187652.9309515628	1000.0	1178.8828358079334	0.0	0	0.0	2831.8137873706	1	0	1	0.22764424502893096
188275.5070019695	1000.0	1556.3067854012284	0.0	0	0.0	2831.8137873706	1	0	1	0.9207914255888762
189579.972403005	2000.0	1251.841384365749	0.0	0	0.0	2831.8137873706	1	0	1	0.9207914255888778
190670.7597694123	2000.0	1051.9752813176951	0.0	0	0.0	2722.7350507298834	1	0	2	1.2220717501828857
191502.39668736604	1000.0	1220.338363363947	0.0	0	0.0	2722.7350507298543	1	0	1	0.03855211869300529
192473.1131012225	2000.0	1249.621949507502	0.0	0	0.0	2722.7350507298543	1	0	1	0.9316992992529507
193568.13440432143	2000.0	1045.098516098673	0.0	0	0.0	2613.2329204199486	1	0	2	1.2325983298637282
194507.39786608357	2000.0	1105.8350543365461	0.0	0	0.0	2613.2329204199486	1	0	1	1.4357966928438861
195622.29079269525	2000.0	990.9421277248838	0.0	0	0.0	2613.2329204199777	1	0	1	1.6357966928438854
196285.9555553441	1000.0	1327.2773650760323	0.0	0	0.0	2613.2329204199777	1	0	1	0.24950233172399328
197026.11714226732	1000.0	1587.1157781527725	0.0	0	0.0	2613.2329204199486	1	0	1	0.9426495122839412
197665.812713619	1000.0	1947.4202068011093	0.0	0	0.0	2613.2329204199486	1	0	1	0.9426495122839412
198622.43295269366	2000.0	1895.1379438189751	0.0	0	0.0	2517.5708965125086	1	0	2	0.549600873045871
199914.7590497873	2000.0	1473.579237015953	0.0	0	0.0	2388.338286803104	1	0	2	1.4550372170305228
200931.33949791497	2000.0	1355.3407440755009	0.0	0	0.0	2286.6802419903397	1	0	2	1.4653565074190147
201521.81187279779	1000.0	1764.8683691926767	0.0	0	0.0	2286.6802419903106	1	0	1	0.08215759956695862
202878.46265397684	2000.0	1272.5525098957405	0.0	0	0.0	2151.0151638724783	1	0	2	0.5853591493462059
203960.37697302707	2000.0	1082.446758940498	0.0	0	0.0	2042.8237319674809	1	0	2	1.4903592107647905
205017.77472318872	2000.0	919.3092337626795	0.0	0	0.0	1937.0839569513046	1	0	2	1.5008243792586915
205669.456811674	2000.0	1267.627145277378	0.0	0	0.0	1937.0839569513046	1	0	1	1.5034115891907507
207158.10171399906	3000.0	778.9822429523143	0.0	0	0.0	1937.0839569513046	1	0	1	1.703411589190751
208455.9990770349	2000.0	481.08487991646024	0.0	0	0.0	1937.0839569512755	1	0	1	1.297946481082589
209610.01039043043	1000.0	391.9487587661291	64.87519224519025	0	0.0	2001.959149196482	1	0	1	-0.07862144462479875
211355.3937902143	1000.0	200.0	553.434641017765	0	0.0	2555.3937902142934	1	0	1	-2.369847415252748
211974.2385099272	500.0	671.1439986230689	138.06653664298884	0	0.0	2645.382508550276	1	0	2	-1.6767598918196926
212619.26016395746	500.0	961.6201791897936	0.0	0	0.0	2580.8803431472625	1	0	2	0.05150720847565033
213457.0131933715	1000.0	1123.8671497757528	0.0	0	0.0	2580.8803431472625	1	0	1	0.05273758945126439
214253.27358837303	1000.0	1327.6067547742098	0.0	0	0.0	2580.8803431472625	1	0	1	0.94588477001121
215558.0230710573	2000.0	1022.8572720899376	0.0	0	0.0	2580.8803431472916	1	0	1	0.9458847700112069
216681.75916076152	1000.0	899.1211823857255	0.0	0	0.0	2580.8803431472625	1	0	1	0.2527375894512648
217331.96997141934	1000.0	1248.910371727884	0.0	0	0.0	2580.8803431472625	1	0	1	0.94588477001121
218474.85481751242	1000.0	1106.025525634833	0.0	0	0.0	2580.8803431472916	1	0	1	0.9458847700112089
219091.2164136146	1000.0	1489.6639295326422	0.0	0	0.0	2580.8803431472916	1	0	1	0.9458847700112071
219733.65956355442	1000.0	1847.2207795928177	0.0	0	0.0	2580.8803431472916	1	0	1	0.9458847700112071
220497.5244033718	2000.0	2006.9694557937207	0.0	0	0.0	2504.493859165552	1	0	2	0.5516539966626377
221637.40379784835	2000.0	1753.1021218695041	0.0	0	0.0	2390.5059197178634	1	0	2	1.4547075488444374
222779.46568358532	2000.0	1496.8340475587995	0.0	0	0.0	2276.2997311441286	1	0	2	1.4667830179299801
223731.7896352708	2000.0	1449.2777007047619	0.0	0	0.0	2181.0673359755892	1	0	2	1.476823481090148
224886.38561141476	2000.0	1179.2221269464421	0.0	0	0.0	2065.607738361199	1	0	2	1.4873921982712528
226364.9823997162	2000.0	552.7656598148603	0.0	0	0.0	1917.7480595310335	1	0	2	1.5005861039548556
227081.53995823793	1000.0	836.2081012930904	0.0	0	0.0	1917.7480595310335	1	0	1	0.11905081781288757
227850.63578673577	1000.0	1067.1122727952477	0.0	0	0.0	1917.7480595310335	1	0	1	1.0121979983728329
228723.26621054971	1000.0	1194.481848981302	0.0	0	0.0	1917.7480595310335	1	0	1	1.0121979983728329
229831.45652865586	1000.0	1086.2915308751826	0.0	0	0.0	1917.7480595310335	1	0	1	1.0121979983728329
230575.8102042584	1000.0	1341.937855272629	0.0	0	0.0	1917.7480595310335	1	0	1	1.0121979983728329
231200.0	1000.0	1717.7480595310105	0.0	0	60.79424588140682	1917.7480595310335	1	0	1	1.0121979983728329
232532.430640771	2000.0	1385.3174187600093	0.0	0	0.0	1917.7480595310335	1	0	1	1.0121979983728326
233336.16752565728	1000.0	1581.5805338737534	0.0	0	0.0	1917.7480595310335	1	0	1	0.3190508178128877
234200.0	1000.0	1717.7480595310114	0.0	0	373.4124162912776	1917.7480595310335	1	0	1	1.0121979983728329
235393.54080651168	2000.0	1404.8531723681594	0.0	0	0.0	1798.3939788798743	1	0	2	0.6211352522025924
236628.30329287428	2000.0	1170.0906860055536	0.0	0	0.0	1798.3939788798452	1	0	1	1.517280586997895
238168.91296417709	2000.0	629.4810147027482	0.0	0	0.0	1798.3939788798452	1	0	1	1.7172805869978969
238609.6208890659	1000.0	1188.773089813927	0.0	0	0.0	1798.3939788798452	1	0	1	0.3309862258780065
239643.96557377797	2000.0	1154.4284051018947	0.0	0	0.0	1798.3939788798743	1	0	1	1.0241334064379486
240626.59114138476	2000.0	1171.8028374951077	0.0	0	0.0	1798.3939788798743	1	0	1	1.7172805869978938
241212.87988147174	2000.0	1644.1429714168476	0.0	0	0.0	1857.0228528885928	1	0	0	1.3129117891750053
242443.4298654819	3000.0	1536.6479858077046	0.0	0	0.0	1980.0778512895631	1	0	0	1.5023193836933246
243294.53817143015	3000.0	1685.539679859464	0.0	0	0.0	1980.0778512895631	1	0	1	1.9045773078650898
244272.39662436582	3000.0	1707.6812269237607	0.0	0	0.0	1980.077851289534	1	0	1	2.1045773078650925
245517.44998845144	3000.0	1462.6278628381554	0.0	0	0.0	1980.077851289505	1	0	1	2.1045773078650956
246951.55243819422	2000.0	1028.525413095378	0.0	0	0.0	1980.077851289505	1	0	1	1.2936470916487663
247687.6482963583	1000.0	1292.42955493128	0.0	0	0.0	1980.077851289534	1	0	1	0.31281783863703827
248941.76180995078	2000.0	1038.3160413388239	0.0	0	0.0	1980.0778512895631	1	0	1	1.0059650191969798
249868.0850306194	1000.0	1111.992820670193	0.0	0	0.0	1980.0778512895631	1	0	1	0.3128178386370347
250675.86375114587	1000.0	1304.2141001437212	0.0	0	0.0	1980.0778512896213	1	0	1	1.0059650191969751
251575.86291352406	1000.0	1404.214937765549	0.0	0	0.0	1980.0778512896795	1	0	1	1.0059650191969687
252765.4344273568	2000.0	1214.6434239327723	0.0	0	0.0	1980.0778512896795	1	0	1	1.0059650191969682
253348.06873357715	1000.0	1632.0091177124607	0.0	0	0.0	1980.0778512896795	1	0	1	0.31281783863702306
255201.14403207233	2000.0	778.93381921726	0.0	0	0.0	1980.0778512896213	1	0	1	1.005965019196973
256453.05400364354	1000.0	527.0238476460659	0.0	0	0.0	1980.0778512896213	1	0	1	0.3128178386370289
257699.93890208928	1000.0	341.3572513836715	61.21830218332019	0	0.0	2041.2961534729693	1	0	1	0.6325333758787182
258500.9498429864	1000.0	596.3710222004274	56.02471171384764	0	0.0	2097.3208651868335	1	0	1	0.658092447524167
259330.14640015236	1000.0	767.1744650344832	0.0	0	0.0	2097.3208651868044	1	0	1	0.9942407178072556
260032.92938691593	1000.0	1064.391478270903	0.0	0	0.0	2097.3208651868335	1	0	1	0.9942407178072528
261169.66461551728	2000.0	927.6562496695559	0.0	0	0.0	2097.3208651868044	1	0	1	0.9942407178072556
262362.3879528837	2000.0	734.9329123031279	0.0	0	0.0	2097.3208651868335	1	0	1	1.6873878983672022
264727.0509834997	2000.0	200.0	829.7301183127744	0	0.0	2927.0509834996774	1	0	1	-3.3474576625807657
265209.0558048389	500.0	772.3508909704204	54.35571230962998	0	0.0	2981.4066958093317	1	0	1	-1.499743680792613
266131.28464645013	1000.0	850.1220493591734	0.0	0	0.0	2981.4066958093317	1	0	1	0.21268495418505762
266709.0434207226	1000.0	1272.3632750866846	0.0	0	0.0	2981.4066958093317	1	0	1	0.9058321347450029
267723.8376456748	2000.0	1257.5690501344868	0.0	0	0.0	2981.40669580939	1	0	1	0.9058321347449971
268388.41860033316	1000.0	1592.9880954761343	0.0	0	0.0	2981.4066958093317	1	0	1	0.21268495418505312
269708.104992359	2000.0	1141.3330642476649	0.0	0	0.0	2849.438056606741	1	0	2	0.5159121032879761
270655.12911572296	2000.0	1099.6065285473346	0.0	0	0.0	2754.735644270375	1	0	2	1.4193737998928686
271883.5129163426	2000.0	748.3843478656823	0.0	0	0.0	2631.8972642083536	1	0	2	1.4307194749691337
273242.6937705887	2000.0	389.2034936195874	0.0	0	0.0	2631.8972642083536	1	0	1	1.4339302584650457
274078.6872296659	1000.0	553.2100345423827	0.0	0	0.0	2631.8972642082954	1	0	1	0.2476358973451616
274654.51398259675	1000.0	977.3832816115463	0.0	0	0.0	2631.8972642082954	1	0	1	0.9407830779051067
275448.8133264441	1000.0	1183.083937764143	0.0	0	0.0	2631.8972642082954	1	0	1	0.9407830779051067
275962.53566430777	1000.0	1669.3615999004965	0.0	0	0.0	2631.8972642082954	1	0	1	0.9407830779051067
277320.21175461303	2000.0	1311.6855095951905	0.0	0	0.0	2631.8972642082954	1	0	1	0.9407830779051065
277875.41716864915	1000.0	1756.4800955590213	0.0	0	0.0	2631.8972642082954	1	0	1	0.2476358973451616
279557.5504725557	2000.0	906.133461261831	0.0	0	0.0	2463.683933817607	1	0	2	0.553424147015106
280507.6124099989	2000.0	861.0653300743003	0.0	0	0.0	2368.677740073297	1	0	2	1.4580581455633381
281295.236258494	2000.0	994.6790967296103	0.0	0	0.0	2289.915355223755	1	0	2	1.4662857738421469
282266.841587954	2000.0	1023.0737672696054	0.0	0	0.0	2289.9153552236967	1	0	1	1.4681284493635114
283351.83768315904	2000.0	938.0776720645717	0.0	0	0.0	2289.9153552236967	1	0	1	1.6681284493635116
285099.07438538165	2000.0	200.0	9.15903015799276	0	0.0	2299.0743853817694	1	0	1	1.6129756667602573
285805.8088382111	1000.0	618.2589437486517	124.99339657805126	0	0.0	2424.0677819597186	1	0	1	-0.48154153389828863
286878.30612501496	1000.0	545.7616569448815	0.0	0	0.0	2424.0677819596604	1	0	1	0.9615660261299701
287744.636230858	1000.0	679.4315511018672	0.0	0	0.0	2424.0677819596604	1	0	1	0.9615660261299701
288731.65374111105	1000.0	692.4140408487706	0.0	0	0.0	2424.0677819596604	1	0	1	0.9615660261299701
289571.2021071183	1000.0	852.8656748414664	0.0	0	0.0	2424.0677819596604	1	0	1	0.9615660261299701
290434.2076706537	1000.0	989.8601113061575	0.0	0	0.0	2424.0677819596604	1	0	1	0.9615660261299701
290934.49882296874	1000.0	1489.5689589911162	0.0	0	0.0	2424.0677819596604	1	0	1	0.9615660261299701
291892.3044668108	2000.0	1531.7633151490677	0.0	0	0.0	2424.0677819596604	1	0	1	0.9615660261299701
292849.6247572292	2000.0	1478.7109956888494	0.0	0	0.0	2328.335752917861	1	0	2	1.2619055172053744
293548.2257339492	2000.0	1710.249921296823	0.0	0	0.0	2258.4756552458857	1	0	2	1.4693553383448996
294327.3110087607	2000.0	1853.2561190042186	0.0	0	0.0	2180.567127764807	1	0	2	1.4770049358167134
295497.66155374225	2000.0	1565.8705195245186	0.0	0	0.0	2063.5320732666296	1	0	2	1.487563580337468
296674.8468039138	2000.0	1270.966744335841	0.0	0	0.0	1945.8135482495418	1	0	2	1.4989567928861498
298082.53904422297	2000.0	722.5052799957698	0.0	0	0.0	1805.0443242186448	1	0	2	1.5123829348537299
299099.8666527846	1000.0	705.1776714341281	0.0	0	0.0	1805.044324218703	1	0	1	0.13032119134412062
299780.84499970864	1000.0	1024.1993245100098	0.0	0	0.0	1805.0443242187612	1	0	1	1.02346837190406
300807.9615683915	1000.0	997.082755827156	0.0	0	0.0	1805.0443242188194	1	0	1	1.0234683719040543
3.31	1.93	1.92	2.17	2.84	2.59	2.95	2.56	1.97	2.43	1.7	1.22	1.18	1.56	1.11	1.0	1.54	2.2	1.59	1.17	0.92	1.15	1.54	1.75	1.91	2.47	1.71	1.03	1.11	1.52	1.96	1.64	1.76	1.6	1.53	1.46	1.71	1.63	1.95	2.31	1.89	1.68	1.26	1.45	1.66	1.54	1.75	1.32	1.56	1.64	2.1	2.73	3.27	1.75	1.14	0.93	0.66	0.74	0.78	1.24	1.75	1.78	1.19	1.23	0.95	1.39	1.85	2.27	1.68	2.02	2.36	2.27	1.55	1.11	1.38	1.25	1.15	1.46	1.17	1.44	2.09	1.91	1.56	1.42	1.7	2.28	2.22	2.59	2.28	2.75	2.41	1.98	1.23	1.19	1.41	1.47	1.26	0.89	1.85	1.55	1.42	1.19	0.95	1.0	1.02	1.48	1.97	1.97	1.74	1.0	0.49	0.95	1.54	2.24	1.58	1.76	2.0	2.11	2.04	1.49	1.45	1.46	1.58	1.61	1.66	1.49	1.8	2.17	2.29	2.22	1.47	1.52	1.27	1.2	0.82	1.26	1.42	1.9	2.14	2.51	2.36	2.15	1.98	1.55	1.14	1.2	1.24	1.39	1.95	3.01	3.31	1.93	1.92	2.17	2.84	2.59	2.95	2.56	1.97	2.43	1.7	1.22	1.18	1.56	1.11	1.0	1.54	2.2	1.59	1.17	0.92	1.15	1.54	1.75	1.91	2.47	1.71	1.03	1.11	1.52	1.96	1.64	1.76	1.6	1.53	1.46	1.71	1.63	1.95	2.31	1.89	1.68	1.26	1.45	1.66	1.54	1.75	1.32	1.56	1.64	2.1	2.73	3.27	1.75	1.14	0.93	0.66	0.74	0.78	1.24	1.75	1.78	1.19	1.23	0.95	1.39	1.85	2.27	1.68	2.02	2.36	2.27	1.55	1.11	1.38	1.25	1.15	1.46	1.17	1.44	2.09	1.91	1.56	1.42	1.7	2.28	2.22	2.59	2.28	2.75	2.41	1.98	1.23	1.19	1.41	1.47	1.26	0.89	1.85	1.55	1.42	1.19	0.95	1.0	1.02	1.48	1.97	1.97	1.74	1.0	0.49	0.95	1.54	2.24	1.58	1.76	2.0	2.11	2.04	1.49	1.45	1.46	1.58	1.61	1.66	1.49	1.8	2.17	2.29	2.22	1.47	1.52	1.27	1.2	0.82	1.26	1.42	1.9	2.14	2.51	2.36	2.15	1.98	1.55	1.14	1.2	1.24	1.39	1.95	3.01
1.0	2.0	3.0	4.0	5.0	6.0	7.0	8.0	9.0	10.0	11.0	12.0	13.0	14.0	15.0	16.0	17.0	18.0	19.0	20.0	21.0	22.0	23.0	24.0	25.0	26.0	27.0	28.0	29.0	30.0	31.0	32.0	33.0	34.0	35.0	36.0	37.0	38.0	39.0	40.0	41.0	42.0	43.0	44.0	45.0	46.0	47.0	48.0	49.0	50.0	51.0	52.0	53.0	54.0	55.0	56.0	57.0	58.0	59.0	60.0	61.0	62.0	63.0	64.0	65.0	66.0	67.0	68.0	69.0	70.0	71.0	72.0	73.0	74.0	75.0	76.0	77.0	78.0	79.0	80.0	81.0	82.0	83.0	84.0	85.0	86.0	87.0	88.0	89.0	90.0	91.0	92.0	93.0	94.0	95.0	96.0	97.0	98.0	99.0	100.0	101.0	102.0	103.0	104.0	105.0	106.0	107.0	108.0	109.0	110.0	111.0	112.0	113.0	114.0	115.0	116.0	117.0	118.0	119.0	120.0	121.0	122.0	123.0	124.0	125.0	126.0	127.0	128.0	129.0	130.0	131.0	132.0	133.0	134.0	135.0	136.0	137.0	138.0	139.0	140.0	141.0	142.0	143.0	144.0	145.0	146.0	147.0	148.0	149.0	149.0	150.0	151.0	152.0	153.0	154.0	155.0	156.0	157.0	158.0	159.0	160.0	161.0	162.0	163.0	164.0	165.0	166.0	167.0	168.0	169.0	170.0	171.0	172.0	173.0	174.0	175.0	176.0	177.0	178.0	179.0	180.0	181.0	182.0	183.0	184.0	185.0	186.0	187.0	188.0	189.0	190.0	191.0	192.0	193.0	194.0	195.0	196.0	197.0	198.0	199.0	200.0	201.0	202.0	203.0	204.0	205.0	206.0	207.0	208.0	209.0	210.0	211.0	212.0	213.0	214.0	215.0	216.0	217.0	218.0	219.0	220.0	221.0	222.0	223.0	224.0	225.0	226.0	227.0	228.0	229.0	230.0	231.0	232.0	233.0	234.0	235.0	236.0	237.0	238.0	239.0	240.0	241.0	242.0	243.0	244.0	245.0	246.0	247.0	248.0	249.0	250.0	251.0	252.0	253.0	254.0	255.0	256.0	257.0	258.0	259.0	260.0	261.0	262.0	263.0	264.0	265.0	266.0	267.0	268.0	269.0	270.0	271.0	272.0	273.0	274.0	275.0	276.0	277.0	278.0	279.0	280.0	281.0	282.0	283.0	284.0	285.0	286.0	287.0	288.0	289.0	290.0	291.0	292.0	293.0	294.0	295.0	296.0	297.0	298.0	298.0
4366.484532353974
