2994.705004525396	300.0	2000.0	162.0062676579043	0	0.0	2994.705004525396	1	0	2	-1.6682419358274587
3885.9283949685296	2000.0	2019.6542705125532	0.0	0	0.0	2905.5826654810826	1	0	2	-0.4930080094415628
4518.307629527852	2000.0	2324.0371124972985	0.0	0	0.0	2842.3447420251505	1	0	2	1.4112152523099577
5200.0	2000.0	2574.1755049779367	0.0	0	38.144151340231474	2774.1755049779363	1	0	2	1.4177092312799817
6629.571208888588	3000.0	2001.6471752004882	0.0	0	0.0	2631.218384089077	1	0	2	1.4300503150801518
8573.140514042258	3000.0	863.7209395314524	0.0	0	0.0	2436.8614535737106	1	0	2	1.8532111983823207
9473.505073172511	1000.0	963.3563804011999	0.0	0	0.0	2436.8614535737124	1	0	1	-0.33832562969954516
10323.83459313593	1000.0	1113.0268604377818	0.0	0	0.0	2436.8614535737142	1	0	1	0.9602866589685647
10978.354455526174	1000.0	1458.5069980475375	0.0	0	0.0	2436.8614535737142	1	0	1	0.9602866589685648
12736.011749876174	2000.0	700.8497036975384	0.0	0	0.0	2436.861453573716	1	0	1	0.9602866589685646
13439.036866604138	1000.0	997.8245869695716	0.0	0	0.0	2436.861453573716	1	0	1	0.2671394784086194
13888.975770518178	1000.0	1547.8856830555312	0.0	0	0.0	2436.861453573716	1	0	1	0.9602866589685646
14957.835445689112	2000.0	1479.0260078845984	0.0	0	0.0	2436.861453573716	1	0	1	0.9602866589685646
15731.150946816244	2000.0	1783.0420568701786	0.0	0	0.0	2514.193003686427	1	0	0	1.2476755285554055
16549.703672850344	3000.0	1882.6340582326677	0.0	0	0.0	2432.3377310830165	1	0	2	1.0518633167899072
17395.03976286659	3000.0	1952.7643592148013	0.0	0	0.0	2347.8041220813957	1	0	2	1.8655401052396496
18635.303619277907	3000.0	1588.4741171623496	0.0	0	0.0	2223.777736440261	1	0	2	1.8764705063997853
20267.87729232068	3000.0	792.6430768152953	0.0	0	0.0	2060.520369135982	1	0	2	1.8926521720196816
21081.85453536085	3000.0	1060.0635580791445	0.0	0	0.0	2141.918093439999	1	0	0	1.4903246381362958
22227.66772244311	3000.0	914.2503709968831	0.0	0	0.0	2141.918093439999	1	0	1	1.8883932836500463
23157.801005650817	3000.0	984.1170877891743	0.0	0	0.0	2141.9180934399956	1	0	1	2.0883932836500465
24088.62061974414	3000.0	1053.297473695852	0.0	0	0.0	2141.918093439992	1	0	1	2.088393283650047
24715.06947459559	3000.0	1426.8486188443962	0.0	0	0.0	2141.9180934399883	1	0	1	2.0883932836500474
25938.327523766766	3000.0	1325.9163745903368	0.0	0	0.0	2264.243898357101	1	0	0	1.6797593011690306
27587.492414745488	2000.0	676.7514836116171	0.0	0	0.0	2264.243898357101	1	0	1	1.0652304869420066
28183.96994310964	1000.0	1080.2739552474632	0.0	0	0.0	2264.243898357101	1	0	1	0.2844012339302809
28805.1891212579	1000.0	1459.0547770992073	0.0	0	0.0	2264.2438983570974	1	0	1	0.9775484144902264
29592.25583888178	1000.0	1671.988059475323	0.0	0	0.0	2264.2438983570974	1	0	1	0.9775484144902264
30200.0	1000.0	2064.2438983571055	0.0	0	3.827796257664886	2264.2438983570974	1	0	1	0.9775484144902264
31937.96780162097	2000.0	1326.2760967361357	0.0	0	0.0	2264.2438983570974	1	0	1	0.9775484144902266
32835.43513620811	2000.0	1339.0620286902847	0.0	0	0.0	2174.497164898381	1	0	2	1.2774698314655328
33542.48088303739	2000.0	1561.3117071780732	0.0	0	0.0	2103.7925902154457	1	0	2	1.4848894474746537
35101.21377568884	2000.0	846.7055252614771	0.0	0	0.0	1947.9193009502997	1	0	2	1.4983573908226564
36280.14305916976	2000.0	667.7762417805609	0.0	0	0.0	1947.9193009502924	1	0	1	1.5023280547908517
37704.03934806736	2000.0	243.87995288296293	0.0	0	0.0	1947.9193009502924	1	0	1	1.702328054790852
38295.17391697114	1000.0	710.2466150522389	57.501231073061774	0	0.0	2005.4205320233523	1	0	1	-0.03472381587471479
39027.12880956239	1000.0	978.2917224609942	0.0	0	0.0	2005.4205320233523	1	0	1	1.003430751123601
40049.22709463942	2000.0	956.1934373839622	0.0	0	0.0	2005.4205320233596	1	0	1	1.0034307511236
40912.40779249787	2000.0	1093.0127395255172	0.0	0	0.0	2005.4205320233523	1	0	1	1.696577931683546
41582.101644765935	2000.0	1490.2882724842586	0.0	0	0.0	2072.3899172501624	1	0	0	1.291693572549398
42655.93930663298	3000.0	1416.4506106172096	0.0	0	0.0	2072.3899172501624	1	0	1	1.4898809931608654
43779.38001137221	3000.0	1293.009905877979	0.0	0	0.0	2072.389917250155	1	0	1	2.0953461012690306
44849.92270152245	3000.0	1222.46721572773	0.0	0	0.0	2072.389917250155	1	0	1	2.0953461012690306
46523.05207865362	3000.0	549.3378385965635	0.0	0	0.0	2072.389917250155	1	0	1	2.0953461012690306
47718.69538804342	2000.0	381.8680275884517	28.173498381696106	0	0.0	2100.5634156318556	1	0	1	1.1125575449243545
48249.24634322621	1000.0	851.3170724056646	0.0	0	0.0	2100.5634156318556	1	0	1	0.3007692822028054
49338.92623348545	2000.0	761.637182146422	0.0	0	0.0	2100.5634156318556	1	0	1	0.9939164627627506
50249.60504103047	2000.0	850.9583746014024	0.0	0	0.0	2100.5634156318556	1	0	1	1.6870636433226958
50896.91572722537	2000.0	1203.6476884064923	0.0	0	0.0	2100.5634156318556	1	0	1	1.6870636433226958
51929.41491637683	3000.0	1171.1484992550345	0.0	0	0.0	2100.5634156318556	1	0	1	1.6870636433226958
52793.078682908505	3000.0	1307.4847327233647	0.0	0	0.0	2100.563415631863	1	0	1	2.09252875143086
54279.077098189235	3000.0	821.48631744263	0.0	0	0.0	2100.563415631863	1	0	1	2.09252875143086
55431.87893193499	2000.0	668.6844836968762	0.0	0	0.0	2100.563415631863	1	0	1	1.2815985352145303
56670.60332839232	2000.0	429.96008723955333	0.0	0	0.0	2100.56341563187	1	0	1	1.6870636433226944
58925.99285682318	2000.0	200.0	1025.4294411912933	0	0.0	3125.992856823177	1	0	1	-4.555297783780873
59613.20052016887	1000.0	660.7092381908574	147.91690153654855	0	0.0	3273.909758359725	1	0	1	-0.7040667612892726
60120.50687822746	1000.0	1153.4028801322565	0.0	0	0.0	3273.909758359725	1	0	1	0.8765818284899638
60821.47747666722	1000.0	1452.4322816924944	0.0	0	0.0	3273.909758359725	1	0	1	0.8765818284899638
62038.20723550637	2000.0	1235.7025228533346	0.0	0	0.0	3273.9097583597177	1	0	1	0.8765818284899642
63062.17595669576	2000.0	1109.3369295450025	0.0	0	0.0	3171.512886240773	1	0	2	1.1776345959248193
63912.92094099297	2000.0	1173.5174468180737	0.0	0	0.0	3086.4383878110457	1	0	2	1.3864346181632812
64538.07662297161	2000.0	1485.846196641569	0.0	0	0.0	3023.9228196131808	1	0	2	1.3930904990542297
66320.66707564775	3000.0	524.9966986978081	0.0	0	0.0	2845.663774345572	1	0	2	1.4075175248616072
67195.46538765419	1000.0	650.1983866913836	0.0	0	0.0	2845.663774345594	1	0	1	-0.37920586177673193
67804.33671561674	1000.0	1041.3270587288405	0.0	0	0.0	2845.6637743456013	1	0	1	0.919406426891376
68835.35420511343	2000.0	1010.3095692321452	0.0	0	0.0	2845.663774345594	1	0	1	0.9194064268913767
69693.78408117694	2000.0	1151.8796931686306	0.0	0	0.0	2845.6637743456085	1	0	1	1.6125536074513205
70469.95413592331	2000.0	1298.0926329476358	0.0	0	0.0	2768.046768870976	1	0	2	1.2184085516868133
71229.30723637267	2000.0	1462.8042224533376	0.0	0	0.0	2692.111458826039	1	0	2	1.425823835687836
72116.95966972345	2000.0	1486.3865457674692	0.0	0	0.0	2603.3462154909503	1	0	2	1.4343612858642412
73043.11919388601	2000.0	1467.6110691886422	0.0	0	0.0	2510.7302630746854	1	0	2	1.4438950283109846
74192.01920627023	2000.0	1203.8210555660044	0.0	0	0.0	2395.8402618362597	1	0	2	1.4547377770816439
75261.15525044038	2000.0	1027.7714069788356	0.0	0	0.0	2288.9266574192443	1	0	2	1.4655265161791746
76207.75587376142	2000.0	986.5107213257002	0.0	0	0.0	2194.266595087145	1	0	2	1.4747750177922327
77204.48389627298	2000.0	989.782698814129	0.0	0	0.0	2194.266595087145	1	0	1	1.4776933253771665
78060.45555879331	2000.0	1133.8110362937953	0.0	0	0.0	2194.2665950871306	1	0	1	1.6776933253771684
78871.6258692283	2000.0	1403.7577569023256	0.0	0	0.0	2275.3836261306424	1	0	0	1.2722352728523016
80029.31465276737	2000.0	1246.0689733632455	0.0	0	0.0	2275.3836261306424	1	0	1	1.469581622272817
80948.01052450605	2000.0	1419.242688798432	0.0	0	0.0	2367.253213304517	1	0	0	1.2627907108718497
81927.63017464848	2000.0	1537.5850036702377	0.0	0	0.0	2465.2151783187437	1	0	0	1.4528521584336733
82863.62003717043	2000.0	1695.1941274004637	0.0	0	0.0	2558.8141645709256	1	0	0	1.4436295989186783
83818.73466342903	2000.0	1835.5909637677087	0.0	0	0.0	2654.325627196784	1	0	0	1.434155300595013
85053.95713665968	3000.0	1476.8462432139904	0.0	0	0.0	2530.803379873716	1	0	2	1.0404629232048015
86024.82332934823	2000.0	1408.8934312565643	0.0	0	0.0	2433.7167606048315	1	0	2	1.0453383051437939
87465.03647399864	2000.0	824.658972141116	0.0	0	0.0	2289.6954461397836	1	0	2	1.4648566488647035
88222.19352717795	2000.0	1067.5019189617942	0.0	0	0.0	2289.6954461397836	1	0	1	1.4681504402719028
89346.84224738434	2000.0	942.8531987554123	0.0	0	0.0	2289.6954461397836	1	0	1	1.668150440271903
90512.73585792074	2000.0	776.9595882190094	0.0	0	0.0	2289.6954461397836	1	0	1	1.668150440271903
91195.99722250935	1000.0	1093.6982236303747	0.0	0	0.0	2289.6954461397836	1	0	1	0.2818560791520126
92891.81472330114	2000.0	397.88072283858605	0.0	0	0.0	2289.695446139798	1	0	1	0.9750032597119564
93420.23349578313	1000.0	869.4619503566136	0.0	0	0.0	2289.6954461398127	1	0	1	0.28185607915200966
94068.14171226455	1000.0	1221.5537338752144	0.0	0	0.0	2289.6954461398127	1	0	1	0.9750032597119549
94926.97190141154	2000.0	1362.7235447282355	0.0	0	0.0	2289.6954461398127	1	0	1	0.9750032597119548
96082.44579175604	2000.0	1091.70226534929	0.0	0	0.0	2174.1480571053835	1	0	2	1.276816697442222
97124.32835068835	2000.0	1154.0079623102092	0.0	0	0.0	2278.33631299861	1	0	0	1.0720405209611348
97776.27749877295	2000.0	1502.0588142255788	0.0	0	0.0	2278.3363129985955	1	0	1	1.4692863535860217
98944.9803412663	3000.0	1333.355971732231	0.0	0	0.0	2278.3363129985955	1	0	1	1.6692863535860218
99669.94281998945	3000.0	1608.3934930091023	0.0	0	0.0	2278.3363129985955	1	0	1	2.0747514616941864
100834.44634215537	3000.0	1327.4396186265799	0.0	0	0.0	2161.8859607819613	1	0	2	1.6833630531245043
102273.21884382918	3000.0	744.789866785384	0.0	0	0.0	2018.0087106145802	1	0	2	1.89629792954554
103167.40844932052	2000.0	850.6002612940682	0.0	0	0.0	2018.0087106145802	1	0	1	1.0898540057162585
104524.59295016022	3000.0	629.134210538327	0.0	0	0.0	2153.7271606985305	1	0	0	1.284990861709443
105604.60526553933	3000.0	657.1231266971171	0.0	0	0.0	2261.7283922364295	1	0	0	1.8793267638137496
106778.25144312425	2000.0	483.4769491122005	0.0	0	0.0	2261.7283922364295	1	0	1	1.0654820375540737
108068.68764847575	2000.0	263.22270834193876	70.18196458123873	0	0.0	2331.910356817665	1	0	1	1.2428371617166825
108779.17687331863	1000.0	646.041649923733	93.30816642468886	0	0.0	2425.218523242351	1	0	1	-0.2915452271063774
109566.6191584901	2000.0	858.5993647522687	0.0	0	0.0	2425.218523242351	1	0	1	0.9614509520017012
110422.52404123405	2000.0	1002.6944820083065	0.0	0	0.0	2425.218523242351	1	0	1	1.6545981325616463
111320.20929361421	2000.0	1105.0092296281384	0.0	0	0.0	2425.218523242351	1	0	1	1.6545981325616463
112049.51608280803	2000.0	1375.7024404343197	0.0	0	0.0	2425.218523242351	1	0	1	1.6545981325616463
112755.64783642201	2000.0	1740.1838621817417	0.0	0	0.0	2495.831698603739	1	0	0	1.2493302716986188
113288.88566344188	2000.0	2260.269817863861	0.0	0	0.0	2549.1554813057155	1	0	0	1.4434728894149964
114819.28788063397	3000.0	1576.8273789525622	0.0	0	0.0	2396.1152595865133	1	0	2	1.0524969004637754
116040.57858284784	2000.0	1233.4076065172928	0.0	0	0.0	2273.9861893651105	1	0	2	1.061570981082658
117203.31575102653	2000.0	954.3967215207447	0.0	0	0.0	2157.712472547253	1	0	2	1.4775733886697364
118141.53055087583	1000.0	1016.1819216714614	0.0	0	0.0	2157.712472547253	1	0	1	0.09505437651126564
119307.15338468751	1000.0	850.5590878597995	0.0	0	0.0	2157.712472547253	1	0	1	0.9882015570712109
120138.37720949926	1000.0	1019.3352630480545	0.0	0	0.0	2157.712472547253	1	0	1	0.9882015570712109
120859.13837599073	1000.0	1298.5740965565922	0.0	0	0.0	2157.712472547253	1	0	1	0.9882015570712109
121641.40637863579	1000.0	1516.3060939115235	0.0	0	0.0	2157.712472547253	1	0	1	0.9882015570712109
122778.79612162377	2000.0	1378.9163509235348	0.0	0	0.0	2157.712472547253	1	0	1	0.9882015570712107
123435.78064605358	2000.0	1656.2333740507354	0.0	0	0.0	2092.014020104267	1	0	2	1.286255199321737
124200.0	2000.0	1815.592084709679	0.0	0	10.82163671546732	2015.5920847096422	1	0	2	1.4935392559469272
125725.76118889457	2000.0	1137.2547769256585	0.0	0	0.0	1863.0159658201883	1	0	2	1.5048240883684603
126791.7965870494	1000.0	1071.219378770832	0.0	0	0.0	1863.0159658201737	1	0	1	0.12452402718397343
127787.08265595122	1000.0	1075.9333098690115	0.0	0	0.0	1863.0159658201737	1	0	1	1.017671207743919
128883.12179518575	2000.0	979.8941706344746	0.0	0	0.0	1863.0159658201737	1	0	1	1.0176712077439187
129862.20942229262	2000.0	1000.8065435275994	0.0	0	0.0	1863.0159658201737	1	0	1	1.710818388303864
130753.8747135742	2000.0	1198.307781374178	0.0	0	0.0	1952.182494948327	1	0	0	1.3040157685021425
131470.1767959798	3000.0	1482.0056989685522	0.0	0	0.0	1952.1824949482834	1	0	1	1.501901735391051
132200.0	3000.0	1825.1648153503504	0.0	0	241.61288149273605	2025.1648153503193	1	0	0	1.702808280812608
133249.7530815221	6000.0	1775.411733828249	0.0	0	0.0	2025.1648153503193	1	0	1	1.9000686114590137
134371.9896663555	6000.0	1653.1751489948285	0.0	0	0.0	2025.1648153503193	1	0	1	2.793215792018959
136110.8670601027	6000.0	914.2977552476375	0.0	0	0.0	2025.1648153503193	1	0	1	2.793215792018959
137088.89464093518	3000.0	936.2701744151655	0.0	0	0.0	2025.1648153503484	1	0	1	1.4069214308990663
137817.40151462163	3000.0	1280.6139880973637	0.0	0	0.0	2098.0155027189758	1	0	0	1.6946835412864047
139056.42568582008	3000.0	1041.5898168988942	0.0	0	0.0	2098.0155027189758	1	0	1	1.8927835427221487
139841.7598553128	2000.0	1256.2556474061885	0.0	0	0.0	2098.0155027189758	1	0	1	1.281853326505819
140787.76326129498	3000.0	1404.8525820221982	0.0	0	0.0	2192.6158433171804	1	0	0	1.2805234748881016
142036.06967216008	3000.0	1156.5461711570615	0.0	0	0.0	2192.6158433171513	1	0	1	1.8833235086623312
143152.3766403032	3000.0	1040.239203013932	0.0	0	0.0	2192.6158433171513	1	0	1	2.083323508662331
143976.92870148763	3000.0	1298.1423479479454	0.0	0	0.0	2275.071049435588	1	0	0	1.677373263972408
145183.61259340108	3000.0	1091.4584560344865	0.0	0	0.0	2275.071049435588	1	0	1	1.8750779880504869
146269.2791617652	3000.0	1005.7918876703569	0.0	0	0.0	2275.071049435588	1	0	1	2.075077988050487
147052.30014342564	3000.0	1222.7709060099346	0.0	0	0.0	2275.071049435559	1	0	1	2.07507798805049
148109.7943180799	3000.0	1165.2767313556851	0.0	0	0.0	2275.07104943553	1	0	1	2.075077988050493
148862.0447052822	3000.0	1413.0263441533994	0.0	0	0.0	2275.071049435559	1	0	1	2.07507798805049
149464.05656443126	3000.0	1871.2156709192307	0.0	0	0.0	2335.2722353504796	1	0	0	1.6706384106234395
150452.17486330966	6000.0	1883.0973720408676	0.0	0	0.0	2335.2722353504796	1	0	1	1.8690578694589983
152730.983719493	6000.0	604.2885158575389	0.0	0	0.0	2335.2722353505087	1	0	1	2.76220505001894
153745.47525441874	2000.0	589.7969809317914	0.0	0	0.0	2335.272235350538	1	0	1	0.5649804726827179
154378.2816377712	2000.0	956.9905975793378	0.0	0	0.0	2335.272235350538	1	0	1	1.6635927613508275
156193.14679770655	3000.0	200.0	57.874562356016725	0	0.0	2393.1467977065768	1	0	1	1.3151878959676044
156766.03382405374	1000.0	693.3771312626084	66.26415760982144	0	0.0	2459.410955316358	1	0	1	-0.5381655255327399
157741.06576769933	1000.0	718.3451876170071	0.0	0	0.0	2459.410955316329	1	0	1	0.9580317087943009
158620.03422545778	1000.0	839.3767298585437	0.0	0	0.0	2459.4109553163	1	0	1	0.9580317087943062
159307.5851474288	1000.0	1151.8258078875479	0.0	0	0.0	2459.4109553163	1	0	1	0.9580317087943062
160185.40666686243	1000.0	1274.0042884539396	0.0	0	0.0	2459.4109553162707	1	0	1	0.9580317087943091
160920.07294323988	1000.0	1539.338012076455	0.0	0	0.0	2459.4109553162707	1	0	1	0.9580317087943091
161895.80257401697	1000.0	1563.6083812993522	0.0	0	0.0	2459.4109553162707	1	0	1	0.9580317087943091
163049.9788440384	2000.0	1409.4321112779194	0.0	0	0.0	2459.4109553162707	1	0	1	0.9580317087943091
163922.2059559649	2000.0	1449.9822881587886	0.0	0	0.0	2372.188244123623	1	0	2	1.2579123154810208
164517.8463965944	2000.0	1794.77780346635	0.0	0	0.0	2312.6242000606726	1	0	2	1.4643808395910534
165616.8369763957	3000.0	1585.8881656849455	0.0	0	0.0	2202.7251420805696	1	0	2	1.4741998537967773
166350.39279418063	3000.0	1778.9767661214842	0.0	0	0.0	2129.3695603020606	1	0	2	1.8878335128902208
167588.81010426773	3000.0	1416.7177250256464	0.0	0	0.0	2005.5278292933071	1	0	2	1.8987291444014585
168996.5872222368	3000.0	1008.9406070565594	0.0	0	0.0	2005.5278292933071	1	0	1	1.9020323100647152
169933.3106584282	3000.0	1165.8895144842609	0.0	0	0.0	2099.2001729123876	1	0	0	1.6949493481902353
170807.1603392934	3000.0	1292.0398336191001	0.0	0	0.0	2099.2001729123876	1	0	1	1.8926650757028074
171715.6462367607	3000.0	1383.5539361518074	0.0	0	0.0	2099.2001729123585	1	0	1	2.092665075702808
172654.26819104073	3000.0	1538.7941772997694	0.0	0	0.0	2193.0623683403537	1	0	0	1.6858475953331362
173377.71431404888	3000.0	1887.6926665924454	0.0	0	0.0	2265.406980641157	1	0	0	1.8779689106769029
174340.67444182147	3000.0	2021.0285515971216	0.0	0	0.0	2361.7029934184684	1	0	0	1.8695010451685223
176176.58428385976	3000.0	1368.7096937626648	0.0	0	0.0	2545.293977622263	1	0	0	1.8537638824609863
177250.60017972637	2000.0	1294.6937978960896	0.0	0	0.0	2545.293977622263	1	0	1	1.0371254790154905
178838.6597982319	2000.0	547.8282175400007	0.0	0	0.0	2386.488015771698	1	0	2	1.2541860427863
179431.85394889014	1000.0	954.6340668817855	0.0	0	0.0	2386.488015771698	1	0	1	0.07217682218882104
180175.27224102837	1000.0	1211.2157747435613	0.0	0	0.0	2386.488015771727	1	0	1	0.9653240027487635
180999.2062365361	1000.0	1387.28177923586	0.0	0	0.0	2386.488015771756	1	0	1	0.9653240027487613
181940.44610630893	2000.0	1446.0419094630408	0.0	0	0.0	2386.488015771756	1	0	1	0.9653240027487605
183490.7227528678	2000.0	895.7652629042218	0.0	0	0.0	2386.488015771756	1	0	1	1.6584711833087056
184106.93026375375	1000.0	1279.5577520182999	0.0	0	0.0	2386.488015771727	1	0	1	0.27217682218881833
185176.34521596122	2000.0	1210.1427998108384	0.0	0	0.0	2386.488015771698	1	0	1	0.9653240027487664
186455.00118719516	2000.0	931.4868285769115	0.0	0	0.0	2386.488015771698	1	0	1	1.6584711833087116
187121.11759349168	1000.0	1265.370422280345	0.0	0	0.0	2386.488015771698	1	0	1	0.2721768221888212
188471.82075144598	2000.0	914.6672643260531	0.0	0	0.0	2386.488015771669	1	0	1	0.9653240027487694
189264.33844122133	2000.0	1122.1495745507073	0.0	0	0.0	2386.488015771669	1	0	1	1.6584711833087145
189918.2257553143	2000.0	1468.262260457721	0.0	0	0.0	2386.488015771669	1	0	1	1.6584711833087145
190633.74954283406	2000.0	1824.2908516899488	0.0	0	0.0	2458.0403945236176	1	0	0	1.2532162550534112
191929.52643191663	3000.0	1528.5139626073742	0.0	0	0.0	2458.0403945236176	1	0	1	1.4513159454335196
192933.57746741208	3000.0	1424.0578235624012	0.0	0	0.0	2357.6352909740817	1	0	2	1.664252475846742
193657.44308149893	3000.0	1627.8056480668297	0.0	0	0.0	2285.2487295653555	1	0	2	1.8722589589953391
194605.48600574583	3000.0	1584.958431395255	0.0	0	0.0	2190.444437140686	1	0	2	1.881242780074949
196331.66546191464	3000.0	686.161029609561	0.0	0	0.0	2017.826491523796	1	0	2	1.895590481384249
197280.10168383722	2000.0	737.724807686993	0.0	0	0.0	2017.826491523796	1	0	1	1.089872227625337
198321.0208731473	2000.0	696.8056183769113	0.0	0	0.0	2017.826491523796	1	0	1	1.6953373357335018
199028.10684240895	2000.0	989.7196491152861	0.0	0	0.0	2017.826491523796	1	0	1	1.6953373357335018
199705.83322499218	2000.0	1311.9932665320312	0.0	0	0.0	2017.826491523767	1	0	1	1.6953373357335022
200200.0	2000.0	1867.2431690250173	0.0	0	16.78650300789741	2067.2431690245285	1	0	0	1.2916993886781833
201200.0	3000.0	1967.2431690250035	0.0	0	24.184119561337866	2167.2431690245285	1	0	0	1.4828624162705977
202200.0	3000.0	1867.2431690250055	0.0	0	369.3784927953966	2067.2431690244994	1	0	2	1.492120509573656
203877.2524576444	3000.0	1022.2654656161793	0.0	0	0.0	1899.5179232600494	1	0	2	1.9068267886296975
205113.3407936029	2000.0	909.785963253511	0.0	0	0.0	2023.1267568558978	1	0	0	0.6926418592619774
206587.08980914194	2000.0	436.0369477144551	0.0	0	0.0	2023.1267568558978	1	0	1	1.4948073092002916
207665.15487585336	1000.0	463.43372633719696	105.46184533419489	0	0.0	2128.5886021900515	1	0	1	-0.3348043084581859
208335.90266047875	1000.0	792.6859417118216	0.0	0	0.0	2128.5886021900806	1	0	1	0.9911139441069281
209075.50253751763	1000.0	1053.0860646729159	0.0	0	0.0	2128.5886021900806	1	0	1	0.9911139441069281
210008.18203603305	2000.0	1120.4065661575128	0.0	0	0.0	2128.5886021901097	1	0	1	0.9911139441069252
211042.8487798955	2000.0	1085.7398222950712	0.0	0	0.0	2128.5886021901388	1	0	1	1.6842611246668673
211985.25047027186	2000.0	1143.3381319186847	0.0	0	0.0	2128.5886021901388	1	0	1	1.6842611246668673
212702.06118298107	2000.0	1498.208490480388	0.0	0	0.0	2200.2696734610654	1	0	0	1.278961839266953
213477.3009943298	3000.0	1722.9686791316203	0.0	0	0.0	2200.2696734610654	1	0	1	1.477093017539775
215675.32339297922	3000.0	305.14404061724105	0.0	0	0.0	1980.4674335961463	1	0	2	1.698565811920874
216618.69993525403	1000.0	519.9122559662482	158.14475762380903	0	0.0	2138.6121912199596	1	0	1	-1.257369249207024
217357.51287744896	1000.0	781.0993137713605	0.0	0	0.0	2138.6121912199596	1	0	1	0.9901115852039402
218017.3431049554	1000.0	1121.2690862649474	0.0	0	0.0	2138.6121912199305	1	0	1	0.9901115852039432
218983.72929784548	2000.0	1154.8828933748641	0.0	0	0.0	2138.6121912199305	1	0	1	0.9901115852039429
219720.5927371736	2000.0	1491.7057979795502	0.0	0	0.0	2212.298535152717	1	0	0	1.277829658685025
220783.01321556792	2000.0	1535.5273674246441	0.0	0	0.0	2318.5405829921365	1	0	0	1.4683776606166643
222156.06202954863	2000.0	1162.4785534439382	0.0	0	0.0	2318.5405829921656	1	0	1	1.4652659265866648
223017.85801285136	2000.0	1214.5029718109236	0.0	0	0.0	2232.360984661849	1	0	2	1.2718548883663505
223656.27539576346	2000.0	1576.0855888987949	0.0	0	0.0	2232.36098466182	1	0	1	1.473883886419699
224397.10566472486	2000.0	1761.1722930412834	0.0	0	0.0	2158.277957765764	1	0	2	1.2793865598634655
225596.05592647358	2000.0	1442.3270051177017	0.0	0	0.0	2038.3829315909243	1	0	2	1.489821192948453
226365.27057220772	2000.0	1596.1908948101498	0.0	0	0.0	1961.461467017507	1	0	2	1.4990299559862748
227832.8300475928	3000.0	1275.3873669635698	0.0	0	0.0	2108.217414556042	1	0	0	1.0908279621757822
229167.87047016324	2000.0	940.3469443931564	0.0	0	0.0	2108.217414556042	1	0	1	1.0808331353221123
229935.7666387332	2000.0	1172.4507758231903	0.0	0	0.0	2108.217414556071	1	0	1	1.6862982434302753
231090.86036033122	2000.0	1017.3570542252016	0.0	0	0.0	2108.217414556071	1	0	1	1.6862982434302742
231862.28840050937	2000.0	1245.929014047032	0.0	0	0.0	2108.217414556042	1	0	1	1.6862982434302771
232706.24336212495	2000.0	1486.369548593008	0.0	0	0.0	2192.6129107176093	1	0	0	1.2801117272665665
233671.55577075938	3000.0	1617.5883808220465	0.0	0	0.0	2289.144151581102	1	0	0	1.4707778341111606
234854.91401359602	3000.0	1434.2301379854334	0.0	0	0.0	2289.144151581102	1	0	1	1.873670677835936
235887.6430015103	2000.0	1298.2282512796726	0.0	0	0.0	2185.8712527895987	1	0	2	0.8706454758509026
236872.87103148847	2000.0	1214.4774183036866	0.0	0	0.0	2087.3484497917525	1	0	2	1.4860729586036372
238078.32856443	2000.0	888.474132067999	0.0	0	0.0	1966.802696497587	1	0	2	1.4975074844310667
239483.46241301484	2000.0	483.3402834831469	0.0	0	0.0	1966.802696497587	1	0	1	1.5004397152361224
240186.52856507318	1000.0	780.2741314247949	0.0	0	0.0	1966.802696497558	1	0	1	0.3141453541162353
241220.90666714517	2000.0	745.8960293527925	0.0	0	0.0	1966.802696497558	1	0	1	1.0072925346761803
241901.9235021986	1000.0	1064.8791942993846	0.0	0	0.0	1966.8026964975288	1	0	1	0.31414535411623806
243128.85751858682	2000.0	837.9451779111148	0.0	0	0.0	1966.8026964975288	1	0	1	1.0072925346761832
243876.11589266118	2000.0	1090.6868038367543	0.0	0	0.0	1966.8026964975288	1	0	1	1.7004397152361284
244857.90388173674	2000.0	1108.8988147611988	0.0	0	0.0	1966.8026964975288	1	0	1	1.7004397152361284
245544.79720658678	2000.0	1490.694822396191	0.0	0	0.0	2035.492028982524	1	0	0	1.295160857047906
246408.4052377756	2000.0	1713.4475943262369	0.0	0	0.0	2121.852832101402	1	0	0	1.487078261273254
247200.0	2000.0	2001.0123083242845	0.0	0	145.40427889319835	2201.012308323843	1	0	0	1.4795957533595485
248200.0	3000.0	2101.012308324296	0.0	0	126.33621144649806	2301.012308323814	1	0	0	1.4700063892949462
249371.63430436354	3000.0	1812.2145735244067	0.0	0	0.0	2183.848877887416	1	0	2	1.4810616660830025
250250.75704279623	3000.0	1845.1795612484675	0.0	0	0.0	2095.9366040442255	1	0	2	1.8907313142286948
251319.22440123433	3000.0	1669.8654669665539	0.0	0	0.0	1989.089868200419	1	0	2	1.9001989650980395
252260.0963683665	3000.0	1823.0806965476036	0.0	0	0.0	2083.177064913645	1	0	0	1.4965098789340896
253200.0	3000.0	1883.1770649140785	0.0	0	74.76462316972902	2083.177064913645	1	0	1	1.8942673865026816
254741.1370017852	3000.0	1187.926362950379	0.0	0	0.0	1929.0633647351642	1	0	2	1.7052577118283523
256170.827757587	3000.0	901.2046827287795	0.0	0	0.0	2072.032440315379	1	0	0	1.4992079196301573
257137.18987246396	2000.0	934.8425678518051	0.0	0	0.0	2072.032440315379	1	0	1	1.0844516327461788
258152.97787756505	2000.0	919.0545627507249	0.0	0	0.0	2072.032440315379	1	0	1	1.6899167408543434
259182.76216001707	2000.0	889.2702802986994	0.0	0	0.0	2072.032440315379	1	0	1	1.6899167408543434
260709.98004669615	2000.0	362.05239361963197	0.0	0	0.0	2072.032440315379	1	0	1	1.6899167408543434
261565.51654751066	2000.0	540.0886352210067	33.57274241588988	0	0.0	2105.605182731262	1	0	1	1.4851230121174157
262259.7529389683	2000.0	845.8522437633397	0.0	0	0.0	2105.605182731204	1	0	1	1.6865594666127568
263346.87263989914	2000.0	758.7325428324349	0.0	0	0.0	2105.6051827311458	1	0	1	1.6865594666127637
264751.1257564113	2000.0	354.4794263202787	0.0	0	0.0	2105.6051827311167	1	0	1	1.6865594666127688
265468.6080629339	1000.0	636.997119797665	0.0	0	0.0	2105.6051827311167	1	0	1	0.3002651054928793
266318.493873114	1000.0	787.1113096175371	0.0	0	0.0	2105.6051827311167	1	0	1	0.9934122860528245
267694.1668993382	1000.0	411.43828339330975	0.0	0	0.0	2105.6051827311167	1	0	1	0.9934122860528292
268255.5867228724	1000.0	850.01845985906	0.0	0	0.0	2105.6051827310584	1	0	1	0.9934122860528304
269156.17433243385	1000.0	949.4308502975991	0.0	0	0.0	2105.6051827310584	1	0	1	0.9934122860528304
270027.7777641031	1000.0	1077.827418628332	0.0	0	0.0	2105.6051827310584	1	0	1	0.9934122860528304
270661.3316823709	1000.0	1444.273500360474	0.0	0	0.0	2105.6051827310584	1	0	1	0.9934122860528304
271809.2754356862	2000.0	1296.3297470451778	0.0	0	0.0	2105.6051827310584	1	0	1	0.9934122860528302
272579.633730675	2000.0	1448.935622557537	0.0	0	0.0	2028.5693532321602	1	0	2	1.2922517783851881
273702.98670231213	2000.0	1213.2473537567005	0.0	0	0.0	1916.2340560685261	1	0	2	1.502660482685823
275847.4236163405	2000.0	200.0	131.18956027163213	0	0.0	2047.4236163402093	1	0	1	0.7118589825882584
276499.3153858214	1000.0	654.144738006621	106.03650748751866	0	0.0	2153.460123827739	1	0	1	-0.34073943354189473
277106.7697750833	1000.0	1046.6903487447375	0.0	0	0.0	2153.460123827739	1	0	1	0.9886267919431623
277764.3091568247	1000.0	1389.1509670033442	0.0	0	0.0	2153.460123827739	1	0	1	0.9886267919431623
278813.21547664114	2000.0	1340.244647186873	0.0	0	0.0	2153.4601238276227	1	0	1	0.9886267919431704
279690.3814957702	2000.0	1550.7952299706865	0.0	0	0.0	2241.1767257404863	1	0	0	1.2753071372558304
280721.5120142111	3000.0	1519.6647115297633	0.0	0	0.0	2241.1767257404863	1	0	1	1.4730023123118328
281316.92159259226	3000.0	1864.714175310465	0.0	0	0.0	2181.635767902364	1	0	2	1.6829377783543267
282200.0	6000.0	1981.6357679027242	0.0	0	3.973205972230062	2181.635767902364	1	0	1	1.8844215162038096
283200.0	3000.0	2081.635767902735	0.0	0	548.3644578703097	2281.635767902364	1	0	0	0.9852743356438648
284600.5676070326	6000.0	1681.0681608701525	0.0	0	0.0	2281.6357679024222	1	0	1	1.8744215162038036
286048.89492204395	6000.0	1232.7408458588463	0.0	0	0.0	2281.6357679024222	1	0	1	2.7675686967637487
286731.13882697746	3000.0	1618.7213314186629	0.0	0	0.0	2349.8601583957206	1	0	0	0.9762766126807036
287608.05869330803	3000.0	1829.493451721175	0.0	0	0.0	2437.552145028778	1	0	0	1.8611985718746582
289135.28815424285	3000.0	1454.9869368798484	0.0	0	0.0	2590.275091122254	1	0	0	1.8464770751384836
290357.5289302848	3000.0	1110.522083233745	0.0	0	0.0	2468.0510135180666	1	0	2	1.4523963334277923
291381.70468601084	3000.0	1188.7639030802707	0.0	0	0.0	2570.468589090684	1	0	0	1.4479536663715558
292071.742389936	3000.0	1498.7261991551468	0.0	0	0.0	2570.468589090684	1	0	1	1.845538234084978
292926.8052634753	3000.0	1729.1696129697325	0.0	0	0.0	2655.974876444554	1	0	0	1.6394635093079641
294191.954130188	3000.0	1464.020746257099	0.0	0	0.0	2655.974876444612	1	0	1	1.836987605349585
295109.46409550647	3000.0	1638.2617774704904	0.0	0	0.0	2747.7258729764726	1	0	0	1.6300147949358792
296266.9385575492	3000.0	1596.5347616320385	0.0	0	0.0	2863.4733191807754	1	0	0	1.8190878890103221
297109.35624971834	3000.0	1838.358838679796	0.0	0	0.0	2947.7150883977883	1	0	0	1.8099440601882715
297743.9801493365	3000.0	2140.27254909986	0.0	0	0.0	2884.25269843603	1	0	2	1.4126215884990712
298555.1835385191	3000.0	2247.948820998987	0.0	0	0.0	2803.132359517738	1	0	2	1.8202149279460276
299200.0	3000.0	2538.650713369943	0.0	0	112.12662927777274	2738.6507133695995	1	0	2	1.8265233734375417
300200.0	3000.0	2438.650713369944	0.0	0	408.9342024499201	2638.650713369716	1	0	2	1.834894316346316
2.47	2.53	2.9	2.27	1.44	1.25	1.46	1.47	1.56	1.2	1.76	2.36	2.97	3.65	4.26	2.92	2.02	2.5	3.19	3.83	4.31	4.38	2.4	1.55	1.51	1.34	1.26	1.34	1.47	1.91	2.18	1.48	1.9	2.15	1.05	1.48	2.04	2.69	3.23	3.04	3.36	3.82	2.73	1.96	1.63	1.91	2.1	2.77	3.31	3.82	3.56	1.37	2.11	1.9	1.11	1.17	1.48	1.97	1.98	2.21	2.92	3.23	1.55	1.58	1.49	1.76	2.29	2.69	2.33	1.67	2.2	2.42	2.43	1.86	2.64	2.61	1.38	2.41	2.07	2.53	2.46	2.9	2.12	1.56	1.98	2.22	2.32	1.6	1.85	1.34	1.56	2.25	2.26	2.56	2.43	2.95	3.43	3.07	3.36	2.14	2.54	3.13	2.48	2.31	2.2	1.67	2.41	1.75	1.8	2.41	2.84	1.88	1.34	1.66	1.09	0.89	1.39	1.54	1.68	1.85	2.36	2.24	0.83	1.09	1.27	1.84	2.4	3.01	3.7	5.87	8.44	4.37	4.34	3.24	3.9	3.46	1.93	3.73	2.94	3.43	4.05	2.92	2.53	3.09	3.68	4.24	5.03	4.48	3.73	2.18	2.47	2.53	2.9	2.27	1.44	1.25	1.46	1.47	1.56	1.2	1.76	2.36	2.97	3.65	4.26	2.92	2.02	2.5	3.19	3.83	4.31	4.38	2.4	1.55	1.51	1.34	1.26	1.34	1.47	1.91	2.18	1.48	1.9	2.15	1.05	1.48	2.04	2.69	3.23	3.04	3.36	3.82	2.73	1.96	1.63	1.91	2.1	2.77	3.31	3.82	3.56	1.37	2.11	1.9	1.11	1.17	1.48	1.97	1.98	2.21	2.92	3.23	1.55	1.58	1.49	1.76	2.29	2.69	2.33	1.67	2.2	2.42	2.43	1.86	2.64	2.61	1.38	2.41	2.07	2.53	2.46	2.9	2.12	1.56	1.98	2.22	2.32	1.6	1.85	1.34	1.56	2.25	2.26	2.56	2.43	2.95	3.43	3.07	3.36	2.14	2.54	3.13	2.48	2.31	2.2	1.67	2.41	1.75	1.8	2.41	2.84	1.88	1.34	1.66	1.09	0.89	1.39	1.54	1.68	1.85	2.36	2.24	0.83	1.09	1.27	1.84	2.4	3.01	3.7	5.87	8.44	4.37	4.34	3.24	3.9	3.46	1.93	3.73	2.94	3.43	4.05	2.92	2.53	3.09	3.68	4.24	5.03	4.48	3.73	2.18	2.47	2.53
1.0	2.0	3.0	4.0	5.0	6.0	7.0	8.0	9.0	10.0	11.0	12.0	13.0	14.0	15.0	16.0	17.0	18.0	19.0	20.0	21.0	22.0	23.0	24.0	25.0	26.0	27.0	28.0	29.0	30.0	31.0	32.0	33.0	34.0	35.0	36.0	37.0	38.0	39.0	40.0	41.0	42.0	43.0	44.0	45.0	46.0	47.0	48.0	49.0	50.0	51.0	52.0	53.0	54.0	55.0	56.0	57.0	58.0	59.0	60.0	61.0	62.0	63.0	64.0	65.0	66.0	67.0	68.0	69.0	70.0	71.0	72.0	73.0	74.0	75.0	76.0	77.0	78.0	79.0	80.0	81.0	82.0	83.0	84.0	85.0	86.0	87.0	88.0	89.0	90.0	91.0	92.0	93.0	94.0	95.0	96.0	97.0	98.0	99.0	100.0	101.0	102.0	103.0	104.0	105.0	106.0	107.0	108.0	109.0	110.0	111.0	112.0	113.0	114.0	115.0	116.0	117.0	118.0	119.0	120.0	121.0	122.0	123.0	124.0	125.0	126.0	127.0	128.0	129.0	130.0	131.0	132.0	133.0	134.0	135.0	136.0	137.0	138.0	139.0	140.0	141.0	142.0	143.0	144.0	145.0	146.0	147.0	148.0	149.0	149.0	150.0	151.0	152.0	153.0	154.0	155.0	156.0	157.0	158.0	159.0	160.0	161.0	162.0	163.0	164.0	165.0	166.0	167.0	168.0	169.0	170.0	171.0	172.0	173.0	174.0	175.0	176.0	177.0	178.0	179.0	180.0	181.0	182.0	183.0	184.0	185.0	186.0	187.0	188.0	189.0	190.0	191.0	192.0	193.0	194.0	195.0	196.0	197.0	198.0	199.0	200.0	201.0	202.0	203.0	204.0	205.0	206.0	207.0	208.0	209.0	210.0	211.0	212.0	213.0	214.0	215.0	216.0	217.0	218.0	219.0	220.0	221.0	222.0	223.0	224.0	225.0	226.0	227.0	228.0	229.0	230.0	231.0	232.0	233.0	234.0	235.0	236.0	237.0	238.0	239.0	240.0	241.0	242.0	243.0	244.0	245.0	246.0	247.0	248.0	249.0	250.0	251.0	252.0	253.0	254.0	255.0	256.0	257.0	258.0	259.0	260.0	261.0	262.0	263.0	264.0	265.0	266.0	267.0	268.0	269.0	270.0	271.0	272.0	273.0	274.0	275.0	276.0	277.0	278.0	279.0	280.0	281.0	282.0	283.0	284.0	285.0	286.0	287.0	288.0	289.0	290.0	291.0	292.0	293.0	294.0	295.0	296.0	297.0	298.0	298.0	299.0	300.0
2660.864564949323
