5644.07992114825	300.0	2000.0	193.29786638831092	0	0.0	5644.07992114825	1	0	2	-2.119791726397057
6150.023456335388	1000.0	2443.4621112941472	0.0	0	0.0	5593.485567629536	1	0	2	-0.7606183159227706
7135.315178445665	2000.0	2359.641216972843	0.0	0	0.0	5494.956395418508	1	0	2	0.45210477553777906
7971.80088870259	2000.0	2439.506935690225	0.0	0	0.0	5411.307824392815	1	0	2	1.1539629779090141
8906.478509269637	2000.0	2411.361553066474	0.0	0	0.0	5317.84006233611	1	0	2	1.163041983512429
9565.68376083928	2000.0	2686.235776339865	0.0	0	0.0	5251.919537179146	1	0	2	1.1703663321893667
10170.910378699493	2000.0	3020.4864966936275	0.0	0	0.0	5191.39687539312	1	0	2	1.1765322547720207
11320.771640055731	3000.0	2755.6391092017666	0.0	0	0.0	5076.410749257499	1	0	2	1.186212380775819
13297.40065298674	3000.0	1581.3471949776592	0.0	0	0.0	4878.7478479644	1	0	2	1.6083071970818155
13929.997838796571	1000.0	1948.7500091678285	0.0	0	0.0	4878.7478479644	1	0	1	-0.5825142691386136
14706.143887460668	2000.0	2094.9893556373218	0.0	0	0.0	4801.133243097989	1	0	2	0.32207130773592646
15832.734480494628	2000.0	1855.7397032999659	0.0	0	0.0	4688.474183794591	1	0	2	1.2256970797670173
16798.969032527282	2000.0	1792.8816960640456	0.0	0	0.0	4591.850728591327	1	0	2	1.2353997047150216
17466.33935898007	2000.0	2058.774336965979	0.0	0	0.0	4525.113695946049	1	0	2	1.2430064970372112
18678.407890259372	2000.0	1725.498952558744	0.0	0	0.0	4403.906842818118	1	0	2	1.2533238628934735
19557.04560424934	2000.0	1758.9974671697835	0.0	0	0.0	4316.043071419124	1	0	2	1.2630909378319157
20514.91866082552	2000.0	1705.3371049359891	0.0	0	0.0	4220.255765761511	1	0	2	1.2727768591555888
21365.605658381664	2000.0	1769.5814076242273	0.0	0	0.0	4135.187066005892	1	0	2	1.2815319827106069
22092.702071613927	2000.0	1969.7753530687412	0.0	0	0.0	4062.4774246826673	1	0	2	1.2890485954364734
22953.4471632999	2000.0	2022.9557522141718	0.0	0	0.0	3976.4029155140743	1	0	2	1.2974019836979167
24459.700470117445	3000.0	1366.077114714875	0.0	0	0.0	3825.7775848323217	1	0	2	1.31068006932059
25457.05367860793	2000.0	1268.9885853753422	0.0	0	0.0	3726.0422639832723	1	0	2	0.9164765289548051
26003.07245879581	2000.0	1668.3679271686713	0.0	0	0.0	3671.440385964481	1	0	2	1.3285888804712134
27631.61163419559	3000.0	876.9748342289188	0.0	0	0.0	3508.58646842451	1	0	2	1.3413955310712555
28365.80434519547	1000.0	1142.7821232290362	0.0	0	0.0	3508.58646842451	1	0	1	-0.4454981311846247
29552.434845748863	2000.0	837.488572620304	0.0	0	0.0	3389.9234183691697	1	0	2	0.4625197929569967
30412.85585225762	2000.0	891.0254654606748	0.0	0	0.0	3303.8813177182965	1	0	2	1.3646170685046994
31101.089472026884	2000.0	1133.9684837144846	0.0	0	0.0	3235.0579557413657	1	0	2	1.3719328723874757
31755.664267274908	2000.0	1413.9362089416636	0.0	0	0.0	3169.6004762165685	1	0	2	1.378671543146405
32739.90856643965	3000.0	1331.2674798604407	0.0	0	0.0	3071.1760463000865	1	0	2	1.387457005728192
33880.898749006126	3000.0	1076.1782790373231	0.0	0	0.0	2957.0770280434444	1	0	2	1.8027174962249366
35551.60705523587	2000.0	238.3991421846053	0.0	0	0.0	2790.0061974204764	1	0	2	1.0085835872820232
36000.99692498461	1000.0	789.009272435855	0.0	0	0.0	2790.00619742048	1	0	1	0.03182500402394284
37207.338571503766	2000.0	582.667625916702	0.0	0	0.0	2790.00619742048	1	0	1	0.9249721845838881
37737.9602282225	1000.0	1052.0459691979672	0.0	0	0.0	2790.00619742048	1	0	1	0.23182500402394302
38813.038180899355	2000.0	976.9680165211086	0.0	0	0.0	2790.00619742048	1	0	1	0.9249721845838881
39675.88924917779	2000.0	1114.1169482426797	0.0	0	0.0	2790.00619742048	1	0	1	1.6181193651438333
41380.18579637442	2000.0	409.820401046058	0.0	0	0.0	2790.0061974204873	1	0	1	1.6181193651438326
42354.61895367501	1000.0	522.8990931845858	87.51184943911346	0	0.0	2877.518046859601	1	0	1	-0.3019972775546498
42904.92169546964	1000.0	972.5963513899596	0.0	0	0.0	2877.518046859601	1	0	1	0.9162209996399762
43443.52958319319	1000.0	1433.9884636664133	0.0	0	0.0	2877.518046859608	1	0	1	0.9162209996399753
44220.04869669452	2000.0	1735.1212615152137	0.0	0	0.0	2955.1699582097353	1	0	0	0.5105621547824788
45377.05162470955	3000.0	1578.1183335001815	0.0	0	0.0	2955.169958209728	1	0	1	1.4016029890649087
46645.27832108906	3000.0	1183.0689674827288	0.0	0	0.0	2828.3472885717856	1	0	2	1.616306623934559
47289.38255958298	2000.0	1474.5543051394204	0.0	0	0.0	2763.936864722389	1	0	2	1.0135710565890905
48614.48499956542	3000.0	1281.9621091552217	0.0	0	0.0	2896.4471087206402	1	0	0	1.0115604224245967
49819.58947316793	2000.0	1076.8576355527143	0.0	0	0.0	2896.4471087206475	1	0	1	1.002010165905652
51343.30383543708	1000.0	553.1432732835565	0.0	0	0.0	2896.4471087206475	1	0	1	0.22118091289392627
52583.55992041974	1000.0	467.86238174879156	154.97519344789316	0	0.0	3051.4223021685393	1	0	1	-0.03102058657827661
53532.373823180875	1000.0	524.5413071991005	5.4928282114397575	0	0.0	3056.915130379981	1	0	1	0.8653243220192994
54247.260901120986	1000.0	809.6542292589797	0.0	0	0.0	3056.915130379981	1	0	1	0.8982812912879381
54951.53994043707	1000.0	1105.3751899428946	0.0	0	0.0	3056.915130379981	1	0	1	0.8982812912879381
55679.745443089705	1000.0	1377.1696872902548	0.0	0	0.0	3056.915130379988	1	0	1	0.8982812912879373
56183.44365257106	1000.0	1873.4714778088958	0.0	0	0.0	3056.915130379988	1	0	1	0.8982812912879373
57170.77884055756	2000.0	1787.402771023752	0.0	0	0.0	2958.1816115813417	1	0	2	0.5056922808418836
58036.682287596435	2000.0	1834.9089792809898	0.0	0	0.0	2871.591266877447	1	0	2	1.4076819778341787
58668.5691748451	2000.0	2139.833403307456	0.0	0	0.0	2808.402578152578	1	0	2	1.4146444530423214
59671.16378789049	3000.0	2036.9793289575252	0.0	0	0.0	2708.143116848034	1	0	2	1.4241318412851016
60942.08374455081	3000.0	1638.9673766311748	0.0	0	0.0	2581.0511211819976	1	0	2	1.8409393324793641
61830.857049854625	3000.0	1661.3167407969831	0.0	0	0.0	2492.1737906516355	1	0	2	1.8511718846144087
62502.7828873831	3000.0	1922.1983195156572	0.0	0	0.0	2424.9812068987885	1	0	2	1.8585198148223232
63262.388168886566	3000.0	2086.6325098618436	0.0	0	0.0	2349.020678748435	1	0	2	1.8657117671034547
64200.0	3000.0	2055.2594956370626	0.0	0	309.8500265431212	2255.259495637096	1	0	2	1.8735493165332682
65200.0	3000.0	1955.2594956370644	0.0	0	153.4061793077417	2155.259495637096	1	0	2	1.8837331200377587
66200.0	3000.0	1855.2594956370613	0.0	0	47.3838366955315	2055.2594956370885	1	0	2	1.8941654462282027
67533.85239354901	3000.0	1388.0218627331546	0.0	0	0.0	1921.8742562822008	1	0	2	1.9072345620365883
68257.03011767984	3000.0	1592.526366189242	0.0	0	0.0	1849.5564838691207	1	0	2	1.915788930080358
69256.44479663533	3000.0	1493.1702193381986	0.0	0	0.0	1749.6150159735698	1	0	2	1.9251549185057215
70578.96937801571	3000.0	1038.3931798197937	0.0	0	0.0	1617.3625578355422	1	0	2	1.9369474373384323
71476.35081619307	2000.0	1141.011741642431	0.0	0	0.0	1617.3625578355422	1	0	1	1.1299186209941623
73172.32394267133	3000.0	614.6359278119962	0.0	0	0.0	1786.959870483377	1	0	0	1.322591212761469
74097.01081773762	2000.0	689.9490527456903	0.0	0	0.0	1786.959870483377	1	0	1	1.1129588897293792
74898.01107498378	2000.0	888.9487954995336	0.0	0	0.0	1786.9598704833625	1	0	1	1.718423997837545
75705.14027037453	2000.0	1162.5325196478548	0.0	0	0.0	1867.6727900224214	1	0	0	1.3122277360357693
76776.03602727152	3000.0	1091.6367627508587	0.0	0	0.0	1867.6727900224214	1	0	1	1.5103527058836392
77694.61810930372	3000.0	1173.0546807186593	0.0	0	0.0	1867.6727900224068	1	0	1	2.1158178139918054
79686.27426743325	3000.0	380.5641384020768	0.0	0	0.0	2066.8384058353695	1	0	0	1.7020607069325049
80427.99332761628	1000.0	641.6011994689684	2.7561212499253998	0	0.0	2069.594527085297	1	0	1	-0.31813566455025594
81589.58650372038	2000.0	480.00802336487607	0.0	0	0.0	2069.594527085297	1	0	1	0.9970133516174065
82362.84033420007	2000.0	706.7541928851836	0.0	0	0.0	2069.594527085297	1	0	1	1.6901605321773516
82979.52922559346	2000.0	1151.7341906311244	0.0	0	0.0	2131.263416224625	1	0	0	1.2855057747518799
84282.89789878453	3000.0	848.3655174400623	0.0	0	0.0	2131.2634162246104	1	0	1	1.4839936432634206
85082.9504568163	2000.0	1048.3129594083005	0.0	0	0.0	2131.263416224625	1	0	1	1.2785285351552544
85824.14074805616	2000.0	1307.1226681684336	0.0	0	0.0	2131.263416224625	1	0	1	1.683993643263419
86762.44190965816	3000.0	1462.6516227266254	0.0	0	0.0	2225.0935323848244	1	0	0	1.276779480215427
88318.19613617343	3000.0	906.8973962113531	0.0	0	0.0	2225.093532384839	1	0	1	1.8800757397555623
90011.73796997491	2000.0	213.35556240986944	0.0	0	0.0	2225.093532384839	1	0	1	1.2691455235392328
91112.11532912137	1000.0	465.5916081761546	352.6134049127202	0	0.0	2577.7069372975093	1	0	1	-1.862625499440081
91695.09516472653	1000.0	882.6117725710047	0.0	0	0.0	2577.7069372975093	1	0	1	0.9462021105961853
92357.21270486843	1000.0	1220.4942324291114	0.0	0	0.0	2577.7069372975093	1	0	1	0.9462021105961853
93193.37022348389	2000.0	1384.3367138136741	0.0	0	0.0	2577.706937297524	1	0	1	0.9462021105961838
94045.50200914142	2000.0	1446.991749590369	0.0	0	0.0	2492.4937587317545	1	0	2	1.2454861105970125
95116.33250146489	2000.0	1269.0782080345425	0.0	0	0.0	2385.410709499396	1	0	2	1.4556160312630189
96268.75722598312	2000.0	1001.4110110644996	0.0	0	0.0	2270.16823704759	1	0	2	1.4671688507057634
97072.96407994167	1000.0	1197.2041571059567	0.0	0	0.0	2270.16823704759	1	0	1	0.08380880006123176
97777.07558983649	1000.0	1493.0926472111441	0.0	0	0.0	2270.16823704759	1	0	1	0.9769559806211772
98353.84564924068	1000.0	1916.3225878069443	0.0	0	0.0	2270.1682370476046	1	0	1	0.9769559806211757
99538.67339679344	2000.0	1731.494840254169	0.0	0	0.0	2270.1682370476046	1	0	1	0.9769559806211758
100816.12349015044	2000.0	1326.2997375614611	0.0	0	0.0	2142.423227711901	1	0	2	1.2793490126257323
101665.19694408032	2000.0	1392.3189382385676	0.0	0	0.0	2057.5158823188976	1	0	2	1.4895458901709058
102508.68627309367	2000.0	1633.178542126555	0.0	0	0.0	2141.8648152202513	1	0	0	1.0849337859781643
103440.51390181457	3000.0	1701.35091340563	0.0	0	0.0	2141.8648152202513	1	0	1	1.4829335033638564
105463.96218618205	3000.0	677.9026290381518	0.0	0	0.0	2141.8648152202513	1	0	1	2.088398611472021
106548.2769850122	2000.0	593.5878302080105	0.0	0	0.0	2141.8648152202513	1	0	1	1.2774683952556916
107613.55224997678	2000.0	528.3125652434276	0.0	0	0.0	2141.8648152202513	1	0	1	1.6829335033638562
108504.2951571071	2000.0	637.569658113114	0.0	0	0.0	2141.864815220237	1	0	1	1.6829335033638575
109297.6247371835	2000.0	844.2400780367085	0.0	0	0.0	2141.864815220237	1	0	1	1.6829335033638575
110262.30328205584	3000.0	879.5615331643787	0.0	0	0.0	2141.864815220237	1	0	1	1.6829335033638577
111126.21712961976	3000.0	1015.6476856004563	0.0	0	0.0	2141.864815220222	1	0	1	2.088398611472024
112124.89319971812	3000.0	1016.9716155020908	0.0	0	0.0	2141.864815220222	1	0	1	2.088398611472024
113510.82868957728	3000.0	631.0361256429449	0.0	0	0.0	2141.864815220222	1	0	1	2.088398611472024
114691.26048176602	1000.0	477.49980571376966	26.895472259553117	0	0.0	2168.7602874797885	1	0	1	-0.27288834664747097
115347.64164573247	1000.0	821.1186417473297	0.0	0	0.0	2168.760287479803	1	0	1	0.9870967755779558
115938.1893092068	1000.0	1230.5709782730078	0.0	0	0.0	2168.760287479803	1	0	1	0.9870967755779558
116912.3995866361	2000.0	1256.3607008437127	0.0	0	0.0	2168.7602874798176	1	0	1	0.9870967755779544
117798.87278607785	2000.0	1369.887501401978	0.0	0	0.0	2168.760287479803	1	0	1	1.680243956137901
118641.37747943727	2000.0	1611.6332773785052	0.0	0	0.0	2253.01075681574	1	0	0	1.2742263424473035
119971.78133577277	3000.0	1414.2698066765588	0.0	0	0.0	2386.051142449287	1	0	0	1.462220246205236
121940.2384741421	3000.0	642.6583821441859	0.0	0	0.0	2582.8968562862283	1	0	0	1.8491349044765601
122704.20794562402	2000.0	878.688910662273	0.0	0	0.0	2582.896856286243	1	0	1	1.0333651911490924
123452.90212104206	2000.0	1129.99473524424	0.0	0	0.0	2582.8968562862574	1	0	1	1.6388302992572557
124102.71890110523	2000.0	1480.1779551810782	0.0	0	0.0	2582.8968562862574	1	0	1	1.6388302992572557
124936.28995341549	3000.0	1646.6069028708364	0.0	0	0.0	2582.8968562862574	1	0	1	1.6388302992572559
125806.74073600127	3000.0	1689.11104202646	0.0	0	0.0	2495.8517780276743	1	0	2	1.6508737899477532
126571.4568717496	3000.0	1847.9232927033001	0.0	0	0.0	2419.3801644528285	1	0	2	1.8587503101780576
127357.7718258844	3000.0	1982.9768431550144	0.0	0	0.0	2340.7486690393416	1	0	2	1.8663822086232567
128253.39229741012	3000.0	1997.7943244767298	0.0	0	0.0	2251.1866218867654	1	0	2	1.8752263029820941
129200.0	3000.0	1956.5258516278682	0.0	0	177.20386787841562	2156.525851627768	1	0	2	1.8838169891711782
130200.0	3000.0	1856.5258516278575	0.0	0	219.5026430250582	2056.5258516277536	1	0	2	1.8934291094243887
131636.02493568137	3000.0	1276.8984223783482	0.0	0	0.0	1912.9233580596192	1	0	2	1.9073540044337522
132970.56809075797	3000.0	1075.8095828093917	0.0	0	0.0	2046.3776735672582	1	0	0	1.5010930833023026
133963.64104969692	3000.0	1182.0439197643238	0.0	0	0.0	2145.6849694611446	1	0	0	1.8905748040851127
135057.3947006504	3000.0	1088.2902688108588	0.0	0	0.0	2145.6849694611155	1	0	1	1.8880165960479347
136050.32885893327	3000.0	1095.3561105279846	0.0	0	0.0	2145.6849694610864	1	0	1	2.0880165960479373
138376.13730925522	3000.0	200.0	430.45233979398137	0	0.0	2576.137309255224	1	0	1	-0.5081863549742904
139004.52351167944	1000.0	677.6268168425177	106.01301926674228	0	0.0	2682.150328521966	1	0	1	-0.7989326327948238
140175.4191525231	1000.0	506.73117599887723	0.0	0	0.0	2682.150328521966	1	0	1	0.9357577714737396
140701.04796567193	1000.0	981.1023628500739	0.0	0	0.0	2682.150328521966	1	0	1	0.9357577714737396
141326.85621636317	1000.0	1355.2941121588517	0.0	0	0.0	2682.150328521966	1	0	1	0.9357577714737396
142016.84863042302	1000.0	1665.3016980990074	0.0	0	0.0	2682.150328521966	1	0	1	0.9357577714737396
143128.8578051847	2000.0	1442.0916058611801	0.0	0	0.0	2570.9494110458472	1	0	2	0.5438367299314406
143712.65827951516	1000.0	1858.2911315307433	0.0	0	0.0	2570.9494110458472	1	0	1	0.053730682661406126
145197.57551304364	2000.0	1224.882174649394	0.0	0	0.0	2422.4576876929787	1	0	2	0.5571019634547338
146193.63092327083	1000.0	1228.8267644221976	0.0	0	0.0	2422.4576876929495	1	0	1	0.06857985499669578
147076.63081255593	1000.0	1345.8268751371177	0.0	0	0.0	2422.4576876929495	1	0	1	0.9617270355566412
147645.26431146605	1000.0	1777.19337622701	0.0	0	0.0	2422.4576876929495	1	0	1	0.9617270355566412
149667.7436033164	2000.0	754.7140843766676	0.0	0	0.0	2422.4576876929495	1	0	1	0.9617270355566412
150481.2062479898	1000.0	941.2514397032614	0.0	0	0.0	2422.4576876929204	1	0	1	0.268579854996699
151338.7725777367	1000.0	1083.6851099563714	0.0	0	0.0	2422.4576876928913	1	0	1	0.9617270355566471
152211.47810065508	2000.0	1210.9795870379974	0.0	0	0.0	2422.4576876929204	1	0	1	0.961727035556644
153452.62153832542	2000.0	969.836149367658	0.0	0	0.0	2422.4576876929204	1	0	1	1.654874216116589
154450.93601311953	2000.0	971.5216745735288	0.0	0	0.0	2422.4576876929204	1	0	1	1.654874216116589
155427.65170841684	2000.0	994.8059792761866	0.0	0	0.0	2422.4576876929204	1	0	1	1.654874216116589
156221.98900834948	2000.0	1200.468679343529	0.0	0	0.0	2422.4576876928913	1	0	1	1.6548742161165921
157050.17953702607	2000.0	1372.2781506669533	0.0	0	0.0	2422.4576876928913	1	0	1	1.6548742161165921
157883.41444368285	2000.0	1539.0432440101686	0.0	0	0.0	2422.4576876928913	1	0	1	1.6548742161165921
158560.40400556978	2000.0	1929.7526383119136	0.0	0	0.0	2490.156643881579	1	0	0	1.249688749099191
159349.5467551557	2000.0	2219.5241636845785	0.0	0	0.0	2569.0709188401815	1	0	0	1.4422965519159845
160334.83013057214	3000.0	2135.712450726477	0.0	0	0.0	2470.542581298534	1	0	2	1.0473855865753334
162067.22831708542	3000.0	1230.0744455618362	0.0	0	0.0	2297.3027626471885	1	0	2	1.8673534089650607
163176.32256135915	2000.0	1120.980201288071	0.0	0	0.0	2297.3027626471594	1	0	1	1.0619246005130005
164106.15656013947	2000.0	1098.1628026297435	0.0	0	0.0	2204.319362769136	1	0	2	1.2742722692959514
165264.59004812036	2000.0	939.7293146488776	0.0	0	0.0	2204.319362769136	1	0	1	1.4766880486089675
166398.20654056137	2000.0	806.1128222078742	0.0	0	0.0	2204.319362769107	1	0	1	1.6766880486089684
167327.4327425056	2000.0	876.8866202636407	0.0	0	0.0	2204.319362769078	1	0	1	1.6766880486089737
168407.34568979518	2000.0	796.9736729740695	0.0	0	0.0	2204.319362769078	1	0	1	1.6766880486089737
169672.87132235675	2000.0	531.4480404125264	0.0	0	0.0	2204.319362769078	1	0	1	1.6766880486089737
170309.15780188452	2000.0	895.1615608847562	0.0	0	0.0	2204.319362769049	1	0	1	1.6766880486089741
171177.24051337474	2000.0	1027.0788493945543	0.0	0	0.0	2204.319362769049	1	0	1	1.6766880486089764
171905.80243060357	2000.0	1371.3731238886073	0.0	0	0.0	2277.175554491929	1	0	0	1.271095793026035
173535.1451701867	3000.0	742.0303843054522	0.0	0	0.0	2277.175554491929	1	0	1	1.4694024294366888
174212.5938917593	2000.0	1064.5816627328863	0.0	0	0.0	2277.175554491929	1	0	1	1.2639373213285237
175028.68245736387	2000.0	1330.1019536887502	0.0	0	0.0	2358.7844110523874	1	0	0	1.263372840156394
176697.9903614604	3000.0	660.7940495922198	0.0	0	0.0	2358.7844110524165	1	0	1	1.4612415437806414
177534.9643724044	1000.0	823.8200386481878	0.0	0	0.0	2358.7844110523874	1	0	1	-0.130517925447413
178383.24707864656	2000.0	975.537332406049	0.0	0	0.0	2358.7844110523874	1	0	1	0.9680943632206975
179128.82138666938	2000.0	1229.9630243832237	0.0	0	0.0	2358.7844110523874	1	0	1	1.6612415437806427
179693.2485082045	2000.0	1721.9786150016039	0.0	0	0.0	2415.2271232059284	1	0	0	1.256920804257351
180826.07677614572	3000.0	1589.1503470603502	0.0	0	0.0	2415.2271232058993	1	0	1	1.4555972725652917
181439.80225047847	3000.0	1914.0523252942835	0.0	0	0.0	2353.854575772566	1	0	2	1.6656462399027996
182202.401913314	3000.0	2075.1926961751933	0.0	0	0.0	2277.594609489024	1	0	2	1.8729058617959349
183991.09074564185	3000.0	1107.634980614554	0.0	0	0.0	2098.7257262562052	1	0	2	1.8876359767511501
185469.50961218216	2000.0	629.2161140742073	0.0	0	0.0	2098.7257262562052	1	0	1	1.081782304152096
186560.9406886734	2000.0	537.7850375829605	0.0	0	0.0	2098.7257262562052	1	0	1	1.6872474122602608
187213.37512370752	2000.0	885.3506025488418	0.0	0	0.0	2098.7257262562052	1	0	1	1.6872474122602608
188662.18263190307	2000.0	436.54309435328184	0.0	0	0.0	2098.7257262562052	1	0	1	1.6872474122602608
189266.89281566226	1000.0	831.8329105940979	0.0	0	0.0	2098.7257262562343	1	0	1	0.30095305114036763
190304.81796231182	1000.0	793.907763944539	0.0	0	0.0	2098.7257262562343	1	0	1	0.9941002317003128
191281.3502796802	1000.0	817.3754465761792	0.0	0	0.0	2098.7257262562052	1	0	1	0.9941002317003134
191805.81519999442	1000.0	1292.910526261945	0.0	0	0.0	2098.725726256176	1	0	1	0.9941002317003187
192491.1884830765	2000.0	1607.5372431799128	0.0	0	0.0	2098.725726256176	1	0	1	0.9941002317003186
193200.0	2000.0	1969.6068779487482	0.0	0	102.85201527448953	2169.6068779485067	1	0	0	1.282435850821081
194374.9515041156	3000.0	1794.6553738331306	0.0	0	0.0	2169.6068779485067	1	0	1	1.480159297091031
195412.51772339153	3000.0	1653.3325326295992	0.0	0	0.0	2065.8502560209017	1	0	2	1.693228826083156
196833.51938546076	3000.0	1090.2307043534338	0.0	0	0.0	1923.7500898139842	1	0	2	1.9068369624077413
197919.71697115336	3000.0	1004.0331186608229	0.0	0	0.0	1923.7500898139842	1	0	1	1.9102100840126472
199837.04349830246	2000.0	200.0	113.29340848825277	0	0.0	2037.043498302286	1	0	1	0.6172535486970328
201499.27396155638	1000.0	240.15546925782104	702.3859325117414	0	0.0	2739.429430814198	1	0	1	-3.9726478900942404
201895.74707061984	500.0	843.6823601943411	0.0	0	0.0	2739.429430814198	1	0	1	-0.45626449987537454
202606.09277356684	1000.0	1133.3366572473144	0.0	0	0.0	2739.429430814169	1	0	1	0.2368826806845733
203319.66537767535	1000.0	1419.7640531387979	0.0	0	0.0	2739.42943081414	1	0	1	0.9300298612445222
203946.32531444257	1000.0	1793.104116371573	0.0	0	0.0	2739.42943081414	1	0	1	0.9300298612445222
205049.02268936532	2000.0	1580.1370039565445	0.0	0	0.0	2629.1596933218534	1	0	2	0.5381913979608046
205761.7127905711	2000.0	1796.177892630192	0.0	0	0.0	2557.8906832013454	1	0	2	1.4397523596934736
206484.35552112063	2000.0	2001.270889025701	0.0	0	0.0	2485.6264101463894	1	0	2	1.4468812025550744
207205.97779063758	2000.0	2207.4863925570467	0.0	0	0.0	2413.4641831947083	1	0	2	1.4538199662015638
208200.0	2000.0	2114.061962258404	0.0	0	297.95714316001977	2314.0619622585073	1	0	2	1.4620678840876893
209300.221483074	3000.0	1903.81833087698	0.0	0	0.0	2204.0398139510944	1	0	2	1.4738904229861618
210579.22950389975	3000.0	1496.909507968645	0.0	0	0.0	2076.1390118685085	1	0	2	1.8919407287507224
211656.68487895594	3000.0	1311.708595406844	0.0	0	0.0	1968.393474362936	1	0	2	1.9032114120780799
212539.80713575057	3000.0	1340.2741129327683	0.0	0	0.0	1880.0812486834766	1	0	2	1.9124572297347573
213375.60792151373	3000.0	1588.0534057459045	0.0	0	0.0	1963.6613272597897	1	0	0	1.5084398010959863
214200.0	3000.0	1846.1005351082686	0.0	0	56.94779233308509	2046.1005351084168	1	0	0	1.9004576322689095
216435.3959565371	6000.0	610.7045785711639	0.0	0	0.0	2046.100535108446	1	0	1	1.897975039483202
217122.17313230614	3000.0	923.9274028021327	0.0	0	0.0	2046.100535108446	1	0	1	1.4048278589232566
218091.9055537312	3000.0	954.1949813770881	0.0	0	0.0	2046.1005351084168	1	0	1	2.0979750394832046
219131.95627297496	3000.0	914.1442621333097	0.0	0	0.0	2046.1005351084168	1	0	1	2.0979750394832046
221056.09408269468	3000.0	200.0	19.533074016042093	0	0.0	2256.09408269485	1	0	0	1.565484170478029
221869.49122467166	2000.0	607.2423957177259	220.6395376946784	0	0.0	2476.7336203893647	1	0	1	-0.27985571142929017
222963.57756802745	2000.0	513.1560523619283	0.0	0	0.0	2476.7336203893938	1	0	1	1.6494466228469418
223600.35628178073	2000.0	876.3773386086378	0.0	0	0.0	2476.7336203893938	1	0	1	1.6494466228469418
224231.04536240842	2000.0	1245.688257980938	0.0	0	0.0	2476.7336203893938	1	0	1	1.6494466228469418
225354.48155692016	3000.0	1122.25206346917	0.0	0	0.0	2476.7336203893938	1	0	1	1.6494466228469422
226020.69995526542	3000.0	1456.0336651239418	0.0	0	0.0	2476.7336203893938	1	0	1	2.054911730955107
227617.08561554295	3000.0	700.0094388186446	0.0	0	0.0	2317.09505436162	1	0	2	1.6661954983354617
228979.3828003281	2000.0	337.7122540334759	0.0	0	0.0	2317.09505436162	1	0	1	1.0599453713415545
229690.29265411978	1000.0	688.0017442029066	61.199343961079066	0	0.0	2378.2943983227015	1	0	1	-0.09419987983275338
230654.78409204356	2000.0	723.5103062791748	0.0	0	0.0	2378.2943983227015	1	0	1	0.9661433644936659
231336.10185420886	2000.0	1042.192544113887	0.0	0	0.0	2378.2943983227306	1	0	1	1.6592905450536084
232163.96678450413	2000.0	1297.1141068481456	0.0	0	0.0	2461.0808913522633	1	0	0	1.2530802911018197
233566.94429269343	3000.0	894.1365986588291	0.0	0	0.0	2461.080891352205	1	0	1	1.4510118957506593
234572.64446339407	2000.0	888.4364279581657	0.0	0	0.0	2461.080891352205	1	0	1	1.2455467876424962
235429.90453275476	2000.0	1031.1763585974543	0.0	0	0.0	2461.080891352205	1	0	1	1.6510118957506608
236272.15999454193	3000.0	1273.1464429890298	0.0	0	0.0	2545.306437530933	1	0	0	1.2448463042711038
237327.42049241287	3000.0	1217.885945118085	0.0	0	0.0	2545.3064375309623	1	0	1	1.84805444924095
239156.95877349007	2000.0	388.3476640409181	0.0	0	0.0	2545.3064375309623	1	0	1	1.2371242330246206
239826.04919722312	1000.0	719.2572403078957	0.0	0	0.0	2545.3064375309623	1	0	1	0.25629498001289475
240641.70973180365	1000.0	903.5967057273285	0.0	0	0.0	2545.3064375309623	1	0	1	0.9494421605728399
241360.3933352106	1000.0	1184.9131023204027	0.0	0	0.0	2545.3064375309914	1	0	1	0.9494421605728388
242157.9606554036	2000.0	1387.3457821273719	0.0	0	0.0	2545.3064375309914	1	0	1	0.9494421605728369
242985.92457690244	2000.0	1559.3818606285704	0.0	0	0.0	2545.3064375309914	1	0	1	1.642589341132782
243951.81121319282	2000.0	1690.0838879672285	0.0	0	0.0	2641.8951011599565	1	0	0	1.2356668698157476
246465.36346510766	3000.0	427.8868612438962	0.0	0	0.0	2893.2503263514664	1	0	0	1.4146227733014798
247336.25381777875	1000.0	566.811240275201	9.814731702419294	0	0.0	2903.0650580538786	1	0	1	-0.443834380362077
247751.4832278531	1000.0	1151.5818302008615	0.0	0	0.0	2903.0650580538786	1	0	1	0.9136662985205484
248721.74674751615	2000.0	1181.3183105378555	0.0	0	0.0	2903.0650580538786	1	0	1	0.9136662985205481
250032.84611920582	2000.0	870.2189388481797	0.0	0	0.0	2903.0650580538786	1	0	1	1.6068134790804933
250755.9642344516	2000.0	1147.1008236024256	0.0	0	0.0	2903.0650580538786	1	0	1	1.6068134790804933
251612.3079552341	2000.0	1290.7571028198922	0.0	0	0.0	2903.0650580539077	1	0	1	1.6068134790804907
252534.46805033906	2000.0	1460.8130172254566	0.0	0	0.0	2995.281067564414	1	0	0	1.2001590976654586
253986.8208675683	2000.0	863.2249182732892	0.0	0	0.0	2850.045785841503	1	0	2	1.0072138173200564
254657.9934356423	1000.0	1192.0523501992893	0.0	0	0.0	2850.045785841503	1	0	1	0.025821045181840474
255703.52115608312	2000.0	1146.5246297584836	0.0	0	0.0	2850.045785841503	1	0	1	0.9189682257417857
256635.5153971973	2000.0	1214.5303886443235	0.0	0	0.0	2850.045785841503	1	0	1	1.612115406301731
257461.8925622229	2000.0	1470.7909401212694	0.0	0	0.0	2932.6835023440653	1	0	0	1.2059213699171885
258283.69076573028	3000.0	1648.9927366138866	0.0	0	0.0	2932.6835023440653	1	0	1	1.4038516346514749
259097.97247799262	3000.0	1753.28285312531	0.0	0	0.0	2851.2553311178344	1	0	2	1.6153272597235984
259759.49298578632	3000.0	2025.6102945522603	0.0	0	0.0	2785.1032803384587	1	0	2	1.8224590569538832
260836.5824428657	3000.0	1840.8118917649488	0.0	0	0.0	2677.394334630575	1	0	2	1.8322650437227062
261964.73068699517	3000.0	1599.8488232225263	0.0	0	0.0	2564.579510217649	1	0	2	1.841689684308055
264042.53523737204	2000.0	314.2638178079027	0.0	0	0.0	2356.799055179901	1	0	2	1.051585130245086
264738.94400347065	1000.0	668.5722283953688	50.717176686007065	0	0.0	2407.5162318659713	1	0	1	-0.23422905953664708
265370.70980971487	1000.0	1036.806422151161	0.0	0	0.0	2407.5162318659713	1	0	1	0.963221181139339
266233.3034790742	2000.0	1174.212752791807	0.0	0	0.0	2407.5162318659713	1	0	1	0.963221181139339
267075.90938338503	2000.0	1331.6068484809523	0.0	0	0.0	2407.5162318659713	1	0	1	1.6563683616992841
267784.6744244522	2000.0	1693.7183115205403	0.0	0	0.0	2478.3927359727095	1	0	0	1.2512507453587267
268965.99610913236	3000.0	1512.3966268403744	0.0	0	0.0	2478.3927359727095	1	0	1	1.4492807112886106
269812.6185851885	2000.0	1581.111903178639	0.0	0	0.0	2393.7304883670877	1	0	2	0.8501219460813589
270609.00516274764	2000.0	1705.086667863568	0.0	0	0.0	2314.0918306111125	1	0	2	1.4638809859837065
271374.66240153165	2000.0	1862.8637052011284	0.0	0	0.0	2237.5261067326646	1	0	2	1.4716351002985166
272200.0	2000.0	1954.9923468860036	0.0	0	90.93552679452114	2154.992346885905	1	0	2	1.4790900745810114
273200.0	3000.0	1854.9923468859981	0.0	0	105.22902016661828	2054.992346885905	1	0	2	1.4885716106866076
274200.0	3000.0	1754.9923468860213	0.0	0	20.69181394315092	1954.9923468859633	1	0	2	1.9043091965498684
275317.3016973193	3000.0	1525.9604798347673	0.0	0	0.0	1843.2621771540726	1	0	2	1.9156043474194595
276200.0	3000.0	1554.9923468860827	0.0	0	192.93442533304915	1754.9923468860798	1	0	2	1.923830894064368
277200.0	3000.0	1454.9923468860238	0.0	0	259.0877985364059	1654.9923468860216	1	0	2	1.9335467239168522
278200.0	3000.0	1554.9923468860516	0.0	0	216.2265475015156	1754.9923468860216	1	0	0	1.5306188640063247
279459.10054674395	3000.0	1421.801854816459	0.0	0	0.0	1880.9024015604518	1	0	0	1.9180105024459217
280992.976952662	3000.0	887.9254488984683	0.0	0	0.0	1880.90240156051	1	0	1	1.914494852837995
281669.9643352976	2000.0	1210.938066262899	0.0	0	0.0	1880.90240156051	1	0	1	1.3035646366216658
282561.77645883977	3000.0	1319.1259427206917	0.0	0	0.0	1880.9024015605683	1	0	1	1.7090297447298246
283557.3548705418	3000.0	1323.547531018685	0.0	0	0.0	1880.9024015605683	1	0	1	2.114494852837989
284673.7726428109	3000.0	1207.1297587495492	0.0	0	0.0	1880.9024015605683	1	0	1	2.114494852837989
286379.127187317	3000.0	501.775214243414	0.0	0	0.0	1880.90240156051	1	0	1	2.1144948528379905
287598.65700255637	1000.0	470.47534722988905	188.22994822588043	0	0.0	2069.132349786407	1	0	1	-1.2309324086760962
288450.90746339253	1000.0	618.2248863937305	0.0	0	0.0	2069.1323497863486	1	0	1	0.9970595693472979
289117.195974121	1000.0	951.9363756652656	0.0	0	0.0	2069.1323497863486	1	0	1	0.9970595693473014
289722.2133254147	1000.0	1346.9190243715939	0.0	0	0.0	2069.1323497863486	1	0	1	0.9970595693473014
291132.18859110936	2000.0	936.9437586769066	0.0	0	0.0	2069.1323497863486	1	0	1	0.9970595693473013
291865.14212104154	1000.0	1203.9902287447471	0.0	0	0.0	2069.1323497862904	1	0	1	0.30391238878736204
292482.7239204287	1000.0	1586.4084293576263	0.0	0	0.0	2069.1323497863486	1	0	1	0.9970595693473026
294049.4673637808	2000.0	1019.6649860056003	0.0	0	0.0	2069.1323497863486	1	0	1	0.9970595693473013
294703.544176685	1000.0	1365.5881731013922	0.0	0	0.0	2069.1323497863486	1	0	1	0.3039123887873562
295674.69978311396	1000.0	1394.4325666723541	0.0	0	0.0	2069.1323497862904	1	0	1	0.9970595693473061
296723.9697554536	1000.0	1345.1625943327222	0.0	0	0.0	2069.1323497862904	1	0	1	0.9970595693473072
297248.07208745467	1000.0	1821.0602623316	0.0	0	0.0	2069.1323497862904	1	0	1	0.9970595693473072
298979.82319265447	2000.0	916.1340466117608	0.0	0	0.0	1895.9572392663104	1	0	2	0.6095876330899008
299998.478156159	1000.0	897.4790831071981	0.0	0	0.0	1895.9572392663104	1	0	1	0.12122989983935983
300607.21510574175	1000.0	1288.742133524392	0.0	0	0.0	1895.9572392663104	1	0	1	1.014377080399305
2.14	1.91	1.91	2.42	2.98	3.15	2.17	1.22	1.63	2.06	2.33	2.34	2.26	1.91	1.81	2.32	2.92	3.09	2.07	2.5	3.09	2.15	1.41	1.99	2.78	3.22	3.81	3.9	1.77	1.37	1.98	1.85	2.37	2.07	1.54	1.16	0.9	2.35	2.97	2.95	2.77	2.48	3.13	2.06	0.83	0.89	0.71	1.15	1.15	1.73	1.71	2.32	2.5	2.46	3.13	3.08	3.29	3.65	4.08	4.83	3.73	2.84	3.43	3.28	2.59	1.95	2.19	2.48	2.44	2.86	3.5	3.72	2.2	2.02	1.48	2.15	2.78	3.39	2.46	2.27	2.51	3.06	2.36	1.38	0.95	1.3	1.88	2.4	2.47	2.12	1.26	1.42	1.25	1.95	1.99	2.05	2.65	3.1	2.41	1.45	1.91	2.46	2.99	3.53	3.45	3.67	3.92	1.56	0.97	1.47	1.66	2.27	2.85	2.65	2.06	1.82	2.12	2.66	2.73	3.1	3.5	3.92	3.74	4.17	3.2	2.44	2.22	2.68	3.29	3.8	3.38	1.36	0.95	1.25	1.17	1.55	1.63	1.38	1.59	1.15	1.3	1.1	1.48	0.95	0.96	1.49	2.09	2.1	2.63	2.71	2.14	1.91	1.91	2.42	2.98	3.15	2.17	1.22	1.63	2.06	2.33	2.34	2.26	1.91	1.81	2.32	2.92	3.09	2.07	2.5	3.09	2.15	1.41	1.99	2.78	3.22	3.81	3.9	1.77	1.37	1.98	1.85	2.37	2.07	1.54	1.16	0.9	2.35	2.97	2.95	2.77	2.48	3.13	2.06	0.83	0.89	0.71	1.15	1.15	1.73	1.71	2.32	2.5	2.46	3.13	3.08	3.29	3.65	4.08	4.83	3.73	2.84	3.43	3.28	2.59	1.95	2.19	2.48	2.44	2.86	3.5	3.72	2.2	2.02	1.48	2.15	2.78	3.39	2.46	2.27	2.51	3.06	2.36	1.38	0.95	1.3	1.88	2.4	2.47	2.12	1.26	1.42	1.25	1.95	1.99	2.05	2.65	3.1	2.41	1.45	1.91	2.46	2.99	3.53	3.45	3.67	3.92	1.56	0.97	1.47	1.66	2.27	2.85	2.65	2.06	1.82	2.12	2.66	2.73	3.1	3.5	3.92	3.74	4.17	3.2	2.44	2.22	2.68	3.29	3.8	3.38	1.36	0.95	1.25	1.17	1.55	1.63	1.38	1.59	1.15	1.3	1.1	1.48	0.95	0.96	1.49	2.09	2.1
1.0	2.0	3.0	4.0	5.0	6.0	7.0	8.0	9.0	10.0	11.0	12.0	13.0	14.0	15.0	16.0	17.0	18.0	19.0	20.0	21.0	22.0	23.0	24.0	25.0	26.0	27.0	28.0	29.0	30.0	31.0	32.0	33.0	34.0	35.0	36.0	37.0	38.0	39.0	40.0	41.0	42.0	43.0	44.0	45.0	46.0	47.0	48.0	49.0	50.0	51.0	52.0	53.0	54.0	55.0	56.0	57.0	58.0	59.0	60.0	61.0	62.0	63.0	64.0	65.0	66.0	67.0	68.0	69.0	70.0	71.0	72.0	73.0	74.0	75.0	76.0	77.0	78.0	79.0	80.0	81.0	82.0	83.0	84.0	85.0	86.0	87.0	88.0	89.0	90.0	91.0	92.0	93.0	94.0	95.0	96.0	97.0	98.0	99.0	100.0	101.0	102.0	103.0	104.0	105.0	106.0	107.0	108.0	109.0	110.0	111.0	112.0	113.0	114.0	115.0	116.0	117.0	118.0	119.0	120.0	121.0	122.0	123.0	124.0	125.0	126.0	127.0	128.0	129.0	130.0	131.0	132.0	133.0	134.0	135.0	136.0	137.0	138.0	139.0	140.0	141.0	142.0	143.0	144.0	145.0	146.0	147.0	148.0	149.0	149.0	150.0	151.0	152.0	153.0	154.0	155.0	156.0	157.0	158.0	159.0	160.0	161.0	162.0	163.0	164.0	165.0	166.0	167.0	168.0	169.0	170.0	171.0	172.0	173.0	174.0	175.0	176.0	177.0	178.0	179.0	180.0	181.0	182.0	183.0	184.0	185.0	186.0	187.0	188.0	189.0	190.0	191.0	192.0	193.0	194.0	195.0	196.0	197.0	198.0	199.0	200.0	201.0	202.0	203.0	204.0	205.0	206.0	207.0	208.0	209.0	210.0	211.0	212.0	213.0	214.0	215.0	216.0	217.0	218.0	219.0	220.0	221.0	222.0	223.0	224.0	225.0	226.0	227.0	228.0	229.0	230.0	231.0	232.0	233.0	234.0	235.0	236.0	237.0	238.0	239.0	240.0	241.0	242.0	243.0	244.0	245.0	246.0	247.0	248.0	249.0	250.0	251.0	252.0	253.0	254.0	255.0	256.0	257.0	258.0	259.0	260.0	261.0	262.0	263.0	264.0	265.0	266.0	267.0	268.0	269.0	270.0	271.0	272.0	273.0	274.0	275.0	276.0	277.0	278.0	279.0	280.0	281.0	282.0	283.0	284.0	285.0	286.0	287.0	288.0	289.0	290.0	291.0	292.0	293.0	294.0	295.0	296.0	297.0
5268.994954656605
