4847.51934411706	300.0	2000.0	231.66836933157262	0	0.0	4847.51934411706	1	0	2	-2.269771837788995
6231.966632668709	1000.0	1477.1079825931854	0.0	0	0.0	4709.074615261895	1	0	2	-0.6745106627796875
7143.869500073891	1000.0	1474.0148284474851	0.0	0	0.0	4617.884328521376	1	0	2	0.5397618128863957
7959.436574561099	1000.0	1576.891046511556	0.0	0	0.0	4536.327621072656	1	0	2	0.5484025035115911
9021.869946968412	1000.0	1408.2143368635102	0.0	0	0.0	4430.084283831923	1	0	2	0.5578374147630801
10424.514195619286	1000.0	865.3056633475511	0.0	0	0.0	4289.819858966837	1	0	2	0.5710155068693324
11555.904251498208	500.0	620.7766018807347	0.0	0	0.0	4176.6808533789435	1	0	2	-0.8021779847255475
12087.873207532964	500.0	1035.6107502425016	0.0	0	0.0	4123.4839577754665	1	0	2	-0.10286424983287927
12680.050419072468	500.0	1384.2158175490488	0.0	0	0.0	4064.266236621519	1	0	2	-0.09690318623400285
13389.72525990725	1000.0	1603.5734926307869	0.0	0	0.0	3993.2987525380413	1	0	2	-0.09027163817248363
14075.220002646916	1000.0	1849.5292756171552	0.0	0	0.0	3924.7492782640766	1	0	2	0.6097428676492322
14940.704599501949	1000.0	1897.4962190766191	0.0	0	0.0	3838.200818578569	1	0	2	0.6177980580173401
16517.954263514606	1000.0	1162.521588662696	0.0	0	0.0	3680.4758521773038	1	0	2	0.6324430994101835
17287.1860425058	1000.0	1393.2898096715032	0.0	0	0.0	3680.4758521773038	1	0	1	0.6359252191082054
18291.191963875728	1000.0	1288.8832961645803	0.0	0	0.0	3580.0752600403102	1	0	2	0.4433185771656748
19071.632757010797	1000.0	1430.3984237160048	0.0	0	0.0	3502.0311807268045	1	0	2	0.651846566069156
20154.40773846915	1000.0	1239.345944111819	0.0	0	0.0	3393.753682580973	1	0	2	0.6619606871009495
20944.792690626608	1000.0	1369.9224967386153	0.0	0	0.0	3314.7151873652256	1	0	2	0.6706339103536801
21755.919893679307	1000.0	1477.6825733806477	0.0	0	0.0	3233.602467059962	1	0	2	0.6783375584176696
22689.16987583609	1000.0	1544.432591223868	0.0	0	0.0	3233.602467059962	1	0	1	0.6806125576199398
24012.2335189276	1000.0	1221.368948132358	0.0	0	0.0	3233.602467059958	1	0	1	0.8806125576199403
24845.61026456653	1000.0	1387.992202493425	0.0	0	0.0	3233.602467059958	1	0	1	0.8806125576199403
25535.372699709515	1000.0	1629.253523836138	0.0	0	0.0	3164.6262235456597	1	0	2	0.48564065674091367
26469.099898244804	1000.0	1602.1536054473238	0.0	0	0.0	3071.2535036921363	1	0	2	0.6942883057856424
27824.541303822127	1000.0	1111.1680593122703	0.0	0	0.0	2935.7093631344032	1	0	2	0.7065745291289652
30041.107012649667	1000.0	200.0	305.39764951527184	0	0.0	3241.1070126496743	1	0	1	-1.1305876228514893
31752.83159218544	500.0	322.0916818725177	833.8162614082917	0	0.0	4074.923274057961	1	0	1	-5.59002925530024
32636.73354091727	500.0	619.2157776422825	244.9238539770734	0	0.0	4255.949318559557	1	0	2	-1.7860567328782435
33323.503799352016	500.0	863.7684933640519	0.0	0	0.0	4187.272292716072	1	0	2	-0.10968795460572527
34011.838738359846	500.0	1106.6000604554376	0.0	0	0.0	4118.4387988152885	1	0	2	-0.10287592453361247
35077.41928740495	1000.0	1041.0195114103337	0.0	0	0.0	4118.4387988152885	1	0	1	-0.10101825611553852
36150.36805797281	1000.0	968.0707408424645	0.0	0	0.0	4118.438798815278	1	0	1	0.792128924444408
37140.46510074743	1000.0	977.9736980678455	0.0	0	0.0	4118.438798815281	1	0	1	0.7921289244444084
38001.07051343009	1000.0	1117.368285385186	0.0	0	0.0	4118.438798815281	1	0	1	0.792128924444408
38798.78652274251	1000.0	1319.652276072766	0.0	0	0.0	4118.4387988152885	1	0	1	0.7921289244444073
39278.213217369324	1000.0	1792.2829119832656	0.0	0	0.0	4070.4961293526067	1	0	2	0.3957372192160835
40020.35015102236	1000.0	1975.9322849649225	0.0	0	0.0	3996.2824359872975	1	0	2	0.6025435204380957
41326.88800905557	2000.0	1538.7406411283878	0.0	0	0.0	3865.6286501839786	1	0	2	0.6138076172425235
42222.05864187472	1000.0	1554.0529450273184	0.0	0	0.0	3776.1115869020578	1	0	2	-0.0690486341476976
42929.49537773553	1000.0	1775.8725355804254	0.0	0	0.0	3705.367913315982	1	0	2	0.63157091463519
43924.213238152275	1000.0	1681.6828891220005	0.0	0	0.0	3605.896127274289	1	0	2	0.6404679329989443
44604.30589272349	1000.0	1933.580969093661	0.0	0	0.0	3537.8868618171546	1	0	2	0.6485444305079877
45653.62593269917	1000.0	1779.3289251204085	0.0	0	0.0	3432.9548578195827	1	0	2	0.6579912462885986
46270.99386022199	1000.0	2100.224204845296	0.0	0	0.0	3371.218065067289	1	0	2	0.6652621616562518
47114.26883402093	1000.0	2172.621733666464	0.0	0	0.0	3286.890567687391	1	0	2	0.6730531125694788
49048.7059162318	2000.0	1044.7409432344996	0.0	0	0.0	3093.4468594662976	1	0	2	0.6882576960402986
50175.65486599422	1000.0	917.7919934720762	0.0	0	0.0	3093.446859466305	1	0	1	0.0014809378193603728
50883.42953442183	1000.0	1210.0173250444627	0.0	0	0.0	3093.446859466305	1	0	1	0.8946281183793057
51669.702554917174	1000.0	1423.7443045491284	0.0	0	0.0	3093.446859466305	1	0	1	0.8946281183793057
52733.1418985819	1000.0	1360.3049608843978	0.0	0	0.0	3093.446859466305	1	0	1	0.8946281183793057
53269.78666314747	1000.0	1823.6601963188239	0.0	0	0.0	3093.446859466305	1	0	1	0.8946281183793057
53997.430331719675	1000.0	2096.016527746613	0.0	0	0.0	3093.446859466305	1	0	1	0.8946281183793057
55470.29919006811	1000.0	1475.8607835633416	0.0	0	0.0	2946.1599736314747	1	0	2	0.5051970208551384
56387.73718747831	1000.0	1558.4227861531347	0.0	0	0.0	2946.1599736314674	1	0	1	0.7093568069627892
57784.61146740464	1000.0	1021.8610782341623	0.0	0	0.0	2806.472545638826	1	0	2	0.5202346729649399
59016.84418575602	1000.0	789.628359882774	0.0	0	0.0	2806.4725456388187	1	0	1	0.7233255497620541
60580.18141920033	1000.0	307.04408490205395	80.75295846359649	0	0.0	2887.225504102389	1	0	1	0.4330859437790023
61282.498013009965	500.0	621.3635153221829	16.636024229764303	0	0.0	2903.8615283321487	1	0	1	-0.5725238550057555
62482.89701706421	1000.0	420.96451126793926	0.0	0	0.0	2903.861528332156	1	0	1	0.22043947093277513
63819.37283528651	1000.0	225.85957756744094	141.37088452178853	0	0.0	3045.2324128539403	1	0	1	0.051224255909810945
64629.491054185324	500.0	633.1522799594989	271.29340289159364	0	0.0	3262.643334144821	1	0	2	-2.538020293399063
65341.97210962019	500.0	849.4231189811468	0.0	0	0.0	3191.39522860133	1	0	2	-0.010045118764106215
67069.1727580543	1000.0	200.0	77.77752945296947	0	0.0	3269.1727580542793	1	0	1	-0.47754005112321596
67741.47003158902	500.0	623.9745142115089	148.6377409997267	0	0.0	3365.4445458005284	1	0	2	-1.8123869022537296
68760.95173642063	500.0	502.5446388967593	0.0	0	0.0	3263.4963753173797	1	0	2	-0.0180458249755545
69634.30964133565	500.0	541.8509434902195	0.0	0	0.0	3176.160584825877	1	0	2	-0.009257923432509793
70485.1386239203	500.0	605.9390626471197	0.0	0	0.0	3091.077686567427	1	0	2	-0.00045677674565616777
71290.3932340371	500.0	720.1589915186355	0.0	0	0.0	3010.5522255557444	1	0	2	0.007722682609521067
72549.1659794196	1000.0	461.38624613614195	0.0	0	0.0	3010.5522255557444	1	0	1	0.009770401210416113
73474.72766357029	1000.0	535.8245619854607	0.0	0	0.0	3010.552225555759	1	0	1	0.9029175817703603
74067.59938435601	500.0	883.6656691211515	0.0	0	0.0	2951.265053477182	1	0	2	-0.8789160410607615
75416.95930583567	1000.0	534.3057476414829	0.0	0	0.0	2951.265053477182	1	0	1	0.015699118418272484
76780.42395513714	1000.0	333.9085359546772	163.0674376146826	0	0.0	3114.33249109186	1	0	1	-0.08586507047134531
77657.45721106911	500.0	457.1637334830849	79.99252641232431	0	0.0	3114.62094455224	1	0	2	-1.376316463920647
78367.00671856233	500.0	676.6592752405152	0.0	0	0.0	3043.665993802875	1	0	2	0.0046878902196519565
79065.57870160753	500.0	908.2300938907782	0.0	0	0.0	2973.808795498335	1	0	2	0.011780615375555858
81203.77383636904	1000.0	222.894422397523	452.85946326824444	0	0.0	3426.6682587665564	1	0	1	-2.748997981720132
81787.02222798213	500.0	680.3760976652952	90.04991458378501	0	0.0	3467.3983256474166	1	0	2	-1.4707966689306817
82673.78097934829	500.0	704.941471162528	0.0	0	0.0	3378.722450510817	1	0	2	-0.02938523832623126
83309.2327332042	500.0	1005.9445419210183	0.0	0	0.0	3315.177275125214	1	0	2	-0.022171324388231828
84299.88248060254	1000.0	1015.294794522692	0.0	0	0.0	3315.177275125214	1	0	1	-0.020692103746530743
85036.58757078162	1000.0	1278.5897043436087	0.0	0	0.0	3315.177275125214	1	0	1	0.8724550768134148
85866.12535089745	1000.0	1449.051924227781	0.0	0	0.0	3315.177275125214	1	0	1	0.8724550768134148
86729.16374952109	1000.0	1499.7096857417769	0.0	0	0.0	3228.873435262838	1	0	2	0.47911127672030024
87352.02864818805	1000.0	1814.5582972081243	0.0	0	0.0	3166.586945396135	1	0	2	0.6856668879871279
88029.54417236168	1000.0	2069.2912206171304	0.0	0	0.0	3098.83539297877	1	0	2	0.6923864172902648
89294.47857116922	1000.0	1677.8633819288352	0.0	0	0.0	2972.341953098032	1	0	2	0.7035898800327649
90350.80294918112	1000.0	1515.906566115756	0.0	0	0.0	2866.709515296854	1	0	2	0.7144870460789496
91122.12572917552	1000.0	1667.451508121926	0.0	0	0.0	2789.577237297417	1	0	2	0.7230119371796091
92205.13831341093	1000.0	1476.1376654629612	0.0	0	0.0	2681.2759788738767	1	0	2	0.7329375886019506
93306.70089444431	1000.0	1374.5750844295992	0.0	0	0.0	2681.2759788738913	1	0	1	0.7358452064385469
94293.72512113213	1000.0	1387.5508577417984	0.0	0	0.0	2681.2759788738913	1	0	1	0.9358452064385471
94887.06952433163	1000.0	1794.2064545422943	0.0	0	0.0	2681.2759788738767	1	0	1	0.9358452064385485
95785.50800139575	1000.0	1895.7679774781711	0.0	0	0.0	2681.2759788738767	1	0	1	0.9358452064385485
97305.10843551607	1000.0	1376.1675433578662	0.0	0	0.0	2681.2759788738767	1	0	1	0.9358452064385485
98568.74634718715	1000.0	1112.5296316867857	0.0	0	0.0	2681.2759788738767	1	0	1	0.9358452064385485
99703.7464109815	1000.0	977.5295678924077	0.0	0	0.0	2681.2759788738767	1	0	1	0.9358452064385485
100929.1962139576	1000.0	752.0797649162969	0.0	0	0.0	2681.275978873862	1	0	1	0.9358452064385501
102347.20547717837	1000.0	334.0705016955347	0.0	0	0.0	2681.275978873862	1	0	1	0.9358452064385501
103811.25985118405	1000.0	309.21867876766305	439.2025510778085	0	0.0	3120.478529951666	1	0	1	-1.7432903551360814
104441.5246197316	500.0	687.5301042357023	65.09333715486275	0	0.0	3129.0547239672596	1	0	2	-1.2871171450644414
105261.81313878788	1000.0	867.24158517943	0.0	0	0.0	3129.054723967274	1	0	1	-0.0020798486307367914
106119.09268863025	1000.0	1009.96203533707	0.0	0	0.0	3129.054723967274	1	0	1	0.8910673319292086
107188.49064170592	1000.0	940.5640822613925	0.0	0	0.0	3129.054723967274	1	0	1	0.8910673319292086
108490.95689019044	1000.0	638.0978337768983	0.0	0	0.0	3129.054723967274	1	0	1	0.8910673319292086
109034.54427760489	500.0	1094.510446362453	0.0	0	0.0	3129.0547239672887	1	0	1	-0.4952270291906835
110399.39009665608	1000.0	729.6646273112847	0.0	0	0.0	3129.0547239672887	1	0	1	0.1979201513692619
111692.20390833821	1000.0	436.85081562914394	0.0	0	0.0	3129.0547239672887	1	0	1	0.8910673319292073
112717.7024660304	1000.0	466.8969924637531	55.54473452681191	0	0.0	3184.5994584941072	1	0	1	0.5522444513156539
113907.85077777234	1000.0	392.89280530964186	116.14412458782806	0	0.0	3300.7435830819886	1	0	1	0.177033698490769
114599.78806423678	500.0	631.7617901987564	0.0	0	0.0	3231.549854435536	1	0	2	-0.9074079432828044
116111.59715580357	1000.0	200.0	80.04730136802749	0	0.0	3311.597155803567	1	0	1	-0.49758604635322634
116872.68118251201	500.0	601.0396691421272	216.57463501947944	0	0.0	3473.7208516541286	1	0	2	-2.2309705071335832
118477.44303688373	1000.0	222.08179497597195	225.80398020556635	0	0.0	3699.524831859686	1	0	1	-1.4104923476943032
118999.1393307779	500.0	688.9262999760356	37.00948025784575	0	0.0	3688.0656307539175	1	0	2	-1.1745822168082392
119552.60842482452	500.0	1080.1102965247567	0.0	0	0.0	3632.718721349258	1	0	2	-0.05388742104783488
120689.38431224485	1000.0	943.3344091044282	0.0	0	0.0	3632.7187213492434	1	0	1	-0.05244624836893369
121884.6656598969	1000.0	748.0530614523918	0.0	0	0.0	3632.7187213492434	1	0	1	0.8407009321910118
122728.85005490258	500.0	819.4502269461378	0.0	0	0.0	3548.3002818486566	1	0	2	-0.9391978752965343
123502.39532185685	500.0	968.5504332964479	0.0	0	0.0	3470.945755153225	1	0	2	-0.038340657380946316
124217.00651688028	500.0	1182.4781187706565	0.0	0	0.0	3399.4846356508497	1	0	2	-0.030933525015929844
125797.46985875744	1000.0	602.0147768934978	0.0	0	0.0	3399.484635650864	1	0	1	-0.029122839799095968
126913.44246891848	1000.0	522.1005426592639	36.058375926820844	0	0.0	3435.5430115776835	1	0	1	0.6440682476072426
128173.48811077229	1000.0	273.66513266040215	11.610231854959153	0	0.0	3447.153243432651	1	0	1	0.7895960888529161
128716.17233637863	500.0	696.0922346832172	17.61795471799067	0	0.0	3412.264571061809	1	0	2	-1.0306473852004499
129901.03026417902	1000.0	511.2343068828235	0.0	0	0.0	3412.264571061809	1	0	1	-0.030400833340190447
130566.74732456788	1000.0	845.5172464939628	0.0	0	0.0	3412.2645710618235	1	0	1	0.8627463472197539
131342.53390760673	1000.0	1069.730663455132	0.0	0	0.0	3412.2645710618526	1	0	1	0.862746347219753
132133.53556815482	1000.0	1278.7290029070625	0.0	0	0.0	3412.2645710618817	1	0	1	0.8627463472197492
133406.02316415877	1000.0	1006.2414069031224	0.0	0	0.0	3412.2645710618817	1	0	1	0.8627463472197472
134752.78871887116	1000.0	659.4758521906898	0.0	0	0.0	3412.2645710618526	1	0	1	0.8627463472197504
136385.93916477507	1000.0	255.43750530313673	229.11209901635453	0	0.0	3641.3766700782	1	0	1	-0.5326184166208644
136747.62284441755	500.0	893.7538256606801	0.0	0	0.0	3641.376670078229	1	0	1	-0.5464592238017774
137770.88256616975	1000.0	870.4941039084621	0.0	0	0.0	3641.376670078229	1	0	1	0.14668795675816781
138723.2461928349	1000.0	918.1304772432915	0.0	0	0.0	3641.376670078229	1	0	1	0.8398351373181132
139498.2538565993	1000.0	1143.1228134788632	0.0	0	0.0	3641.3766700782	1	0	1	0.8398351373181162
140481.95611773423	1000.0	1061.0503262304578	0.0	0	0.0	3543.006443964754	1	0	2	0.44725190928946396
141521.17994060743	1000.0	917.9041210699193	0.0	0	0.0	3439.0840616774512	1	0	2	0.6575023528394819
142467.47850459506	1000.0	971.6055570823078	0.0	0	0.0	3439.0840616774512	1	0	1	0.6600643981581908
144143.38611335764	1000.0	295.6979483197348	0.0	0	0.0	3439.084061677422	1	0	1	0.860064398158194
145131.92572047055	500.0	440.280195137746	210.8871042201831	0	0.0	3572.205915608298	1	0	2	-2.2073974310435958
146025.8929866411	500.0	500.1755396680159	39.32667028897259	0	0.0	3526.068526309129	1	0	2	-0.28001726844061825
146566.02623758136	500.0	906.0289636336989	0.0	0	0.0	3472.0552012151165	1	0	2	-0.037683857941184035
147398.55010452948	1000.0	1073.5050966855981	0.0	0	0.0	3472.0552012151165	1	0	1	-0.036379896355521135
148241.70302622192	1000.0	1230.3521749931592	0.0	0	0.0	3472.0552012151165	1	0	1	0.8567672842044245
148846.37483571307	1000.0	1625.6803655019899	0.0	0	0.0	3472.0552012151165	1	0	1	0.8567672842044245
149689.79350734298	1000.0	1782.2616938720726	0.0	0	0.0	3472.0552012151456	1	0	1	0.8567672842044216
150441.8012737536	1000.0	1955.0531508203949	0.0	0	0.0	3396.8544245740923	1	0	2	0.46249491672526566
151775.211336128	2000.0	1488.3020822085616	0.0	0	0.0	3263.5134183366317	1	0	2	0.6742528452365617
152581.46008044347	1000.0	1601.428463461575	0.0	0	0.0	3182.8885439051373	1	0	2	-0.009575913043052275
153302.4490878013	1000.0	1808.3405553679636	0.0	0	0.0	3110.7896431693516	1	0	2	0.6911553839584981
154044.0964229464	1000.0	1992.5284867083728	0.0	0	0.0	3036.6249096548418	1	0	2	0.6983362311011843
155486.58144078325	1000.0	1405.7949670878625	0.0	0	0.0	2892.3764078711683	1	0	2	0.7111469786916806
156468.58364576972	1000.0	1423.7927621014142	0.0	0	0.0	2892.3764078712265	1	0	1	0.714735163538815
157864.98404081358	1000.0	887.7523275531751	0.0	0	0.0	2752.7363683668664	1	0	2	0.5243983089855031
158819.24730602204	1000.0	933.4890623446996	0.0	0	0.0	2752.7363683668664	1	0	1	0.7286991674892493
160525.55882421776	1000.0	227.177544149008	0.0	0	0.0	2752.7363683668373	1	0	1	0.9286991674892525
161319.36135084287	500.0	618.0504931138183	184.67547558990736	0	0.0	2937.411843956739	1	0	1	-1.584115594729073
161938.61366821214	1000.0	998.7981757445523	0.0	0	0.0	2937.411843956739	1	0	1	0.21708443937031688
162887.834177892	1000.0	1049.5776660646832	0.0	0	0.0	2937.411843956739	1	0	1	0.9102316199302622
164137.77829273074	1000.0	799.6335512259043	0.0	0	0.0	2937.41184395671	1	0	1	0.9102316199302651
165547.59647782205	1000.0	389.81536613458064	0.0	0	0.0	2937.411843956739	1	0	1	0.910231619930264
166270.4899345652	1000.0	666.9219093914442	0.0	0	0.0	2937.4118439567683	1	0	1	0.9102316199302616
167056.09994942872	1000.0	881.3118945279181	0.0	0	0.0	2937.4118439567974	1	0	1	0.9102316199302564
168143.69724456704	1000.0	793.7145993895851	0.0	0	0.0	2937.4118439567974	1	0	1	0.9102316199302564
168788.6178891943	1000.0	1148.7939547622705	0.0	0	0.0	2937.4118439567974	1	0	1	0.9102316199302564
169451.9408830381	1000.0	1485.4709609184729	0.0	0	0.0	2937.4118439567974	1	0	1	0.9102316199302564
170096.80300200105	1000.0	1840.608841955545	0.0	0	0.0	2937.4118439567974	1	0	1	0.9102316199302564
171270.8724991291	2000.0	1549.1323951147097	0.0	0	0.0	2820.004894244019	1	0	2	0.5188630287263366
172392.19449246456	1000.0	1315.678202445708	0.0	0	0.0	2707.872694910504	1	0	2	0.03748971080521318
173561.61098359886	1000.0	1146.2617113114418	0.0	0	0.0	2707.872694910533	1	0	1	0.7331855348348827
174225.391699686	1000.0	1482.4809952243343	0.0	0	0.0	2707.872694910533	1	0	1	0.9331855348348829
175165.52276095425	1000.0	1542.3499339560944	0.0	0	0.0	2707.872694910533	1	0	1	0.9331855348348829
176030.7111729225	1000.0	1677.1615219878606	0.0	0	0.0	2707.872694910533	1	0	1	0.9331855348348829
177095.87792523362	1000.0	1611.9947696767667	0.0	0	0.0	2707.872694910533	1	0	1	0.9331855348348829
178558.63288185757	1000.0	1149.2398130528316	0.0	0	0.0	2707.872694910562	1	0	1	0.93318553483488
180760.6184961331	1000.0	200.0	252.74580122269305	0	0.0	2960.618496133102	1	0	1	-0.5996677448390383
181565.1976945051	500.0	640.4700646744623	245.04926304648552	0	0.0	3205.667759179574	1	0	1	-1.9731839109908256
182156.75954625595	500.0	989.7520277484722	0.0	0	0.0	3146.5115740044275	1	0	2	-0.20532320189057057
183304.77812352055	1000.0	841.7334504838676	0.0	0	0.0	3146.5115740043984	1	0	1	-0.0038255336344493185
184035.32882862643	1000.0	1111.1827453779658	0.0	0	0.0	3146.5115740043984	1	0	1	0.8893216469254963
184806.0496039679	1000.0	1340.4619700365276	0.0	0	0.0	3146.5115740044275	1	0	1	0.8893216469254934
185901.49541208296	1000.0	1245.016161921505	0.0	0	0.0	3146.5115740044566	1	0	1	0.8893216469254905
186621.28689208507	1000.0	1525.2246819193717	0.0	0	0.0	3146.5115740044566	1	0	1	0.8893216469254905
187380.69674236284	1000.0	1765.8148316415816	0.0	0	0.0	3146.5115740044566	1	0	1	0.8893216469254905
188144.55702903826	1000.0	2001.9545449661573	0.0	0	0.0	3146.5115740044566	1	0	1	0.8893216469254905
189333.4792308208	2000.0	1694.1401230053464	0.0	0	0.0	3027.6193538261577	1	0	2	0.4982142505806059
190850.05409445183	2000.0	1025.907773011269	0.0	0	0.0	2875.9618674631056	1	0	2	1.4055123601550688
191445.93219941357	1000.0	1430.0296680495383	0.0	0	0.0	2875.9618674631056	1	0	1	0.023229437019680277
192157.41043534587	1000.0	1647.4036085240089	0.0	0	0.0	2804.8140438698756	1	0	2	0.5215546120899693
193343.4736556324	1000.0	1461.3403882374719	0.0	0	0.0	2804.8140438698465	1	0	1	0.7234913999389514
194240.02050459993	1000.0	1564.7935392699287	0.0	0	0.0	2804.8140438698465	1	0	1	0.9234913999389516
195059.6091838468	1000.0	1745.204860023048	0.0	0	0.0	2804.8140438698465	1	0	1	0.9234913999389516
195894.7892950861	1000.0	1910.0247487837087	0.0	0	0.0	2804.8140438698465	1	0	1	0.9234913999389516
196464.13584921428	1000.0	2340.6781946555366	0.0	0	0.0	2804.8140438698465	1	0	1	0.9234913999389516
197799.1987325259	2000.0	1872.109023012743	0.0	0	0.0	2671.307755538699	1	0	2	0.5321514675613663
199197.54242233152	1000.0	1473.765333207126	0.0	0	0.0	2671.307755538699	1	0	1	0.043694848212120996
200112.40237745678	1000.0	1558.9053780818697	0.0	0	0.0	2671.307755538699	1	0	1	0.9368420287720663
201291.23422226982	1000.0	1380.07353326883	0.0	0	0.0	2671.307755538699	1	0	1	0.9368420287720663
201815.91749803053	1000.0	1855.390257508075	0.0	0	0.0	2671.307755538699	1	0	1	0.9368420287720663
203799.00647959943	2000.0	673.9923777822742	0.0	0	0.0	2472.9988573817827	1	0	2	0.5505730899743
204952.34486270096	1000.0	520.6539946807068	0.0	0	0.0	2472.9988573817536	1	0	1	0.06352573802781553
206187.26553302843	1000.0	325.42440157910863	39.691077225856134	0	0.0	2512.6899346076243	1	0	1	0.714557347510037
206925.2077787689	500.0	592.0030370350767	71.19555070042401	0	0.0	2517.21081580405	1	0	2	-1.2630614264025675
208101.02335673312	1000.0	416.18745907083144	0.0	0	0.0	2517.210815804021	1	0	1	0.05910454218558847
209207.25546674014	500.0	339.23953023396774	127.18853833713754	0	0.0	2546.4949969741574	1	0	2	-1.6031202980971389
209896.76512540877	500.0	623.8446630971104	39.15068854418598	0	0.0	2520.6097885059135	1	0	2	-0.1778549216964012
210723.28824068737	1000.0	797.3215478185244	0.0	0	0.0	2520.6097885059135	1	0	1	0.0587646449153994
211838.11709695478	1000.0	682.4926915511254	0.0	0	0.0	2520.6097885059135	1	0	1	0.9519118254753449
213903.33658353685	1000.0	200.0	582.7267950309426	0	0.0	3103.336583536875	1	0	1	-2.5955711729685147
214485.5722337137	500.0	693.3021358159591	121.60122819135495	0	0.0	3178.874369529687	1	0	2	-1.6312212722605592
215150.50388493514	500.0	961.877319472377	0.0	0	0.0	3112.3812044075457	1	0	2	-0.0020774664749630897
216449.39481826816	1000.0	662.9863861393244	0.0	0	0.0	3112.3812044075166	1	0	1	-0.00041249667476100926
217500.4596947339	500.0	506.81502202702734	0.0	0	0.0	3007.274716760934	1	0	2	-0.8853111156039299
218110.26891379902	500.0	836.0248810553671	0.0	0	0.0	2946.2937948543986	1	0	2	0.014616781637257
219658.20186200365	1000.0	288.091932850743	0.0	0	0.0	2946.2937948543986	1	0	1	0.016196244280551886
220170.4291421152	500.0	775.864652739183	0.0	0	0.0	2946.2937948543986	1	0	1	-0.47695093627939444
221719.6494237936	1000.0	264.19851578453466	37.55414472376455	0	0.0	2983.847939578118	1	0	1	-0.012577921912005408
222143.85663254527	500.0	797.5705861577103	0.0	0	0.0	2941.427218703	1	0	2	-0.8775434490610651
223440.68782377237	1000.0	500.7393949306071	0.0	0	0.0	2941.427218703	1	0	1	0.016682901895690494
224640.22180030483	1000.0	328.34462385223014	27.13920545407774	0	0.0	2968.566424157092	1	0	1	0.7442809291857605
225192.00101372402	500.0	721.3874890911596	0.0	0	0.0	2913.3885028152145	1	0	2	-0.8750679356606245
225652.18794665192	500.0	1215.1818628704277	0.0	0	0.0	2867.369809522381	1	0	2	0.022993372180386135
227065.4087577599	1000.0	801.9610517624415	0.0	0	0.0	2867.369809522381	1	0	1	0.024088642813752614
229584.08991500968	1000.0	200.0	916.7201054873394	0	0.0	3784.089915009681	1	0	1	-4.649620502892606
230244.33119786278	500.0	675.6817204184408	135.92300327151509	0	0.0	3920.0129182811943	1	0	1	-1.3898608682511644
230802.44910902219	500.0	1061.7520181431432	0.0	0	0.0	3864.2011271653173	1	0	2	-0.2770008362390727
231677.6466605852	500.0	1099.034711423833	0.0	0	0.0	3776.681372009014	1	0	2	-0.06930494215625058
232814.9754639762	1000.0	961.7059080328132	0.0	0	0.0	3776.681372009014	1	0	1	-0.06684251343491093
233916.82732772833	1000.0	859.8540442807247	0.0	0	0.0	3776.681372009014	1	0	1	0.8263046671250347
235045.71270595986	1000.0	730.9686660492024	0.0	0	0.0	3776.681372008985	1	0	1	0.8263046671250376
235872.34663491658	1000.0	904.3347370924815	0.0	0	0.0	3776.681372008985	1	0	1	0.8263046671250376
236424.21705923724	1000.0	1352.4643127718236	0.0	0	0.0	3776.681372008985	1	0	1	0.8263046671250376
237315.71548125672	1000.0	1371.8160485503813	0.0	0	0.0	3687.53152980702	1	0	2	0.43284279699786143
238356.1440442436	1000.0	1227.344629264809	0.0	0	0.0	3583.488673508371	1	0	2	0.6429720079791063
239413.22058358963	1000.0	1064.5604359842114	0.0	0	0.0	3477.7810195737984	1	0	2	0.6535265178950911
240254.37903400013	1000.0	1139.286140532659	0.0	0	0.0	3393.66517453274	1	0	2	0.6623628878552933
241389.54568455243	1000.0	1004.1194899803569	0.0	0	0.0	3393.66517453274	1	0	1	0.6646062868726621
242155.36490152782	1000.0	1238.3002730049616	0.0	0	0.0	3393.66517453274	1	0	1	0.8646062868726623
242907.34712179637	1000.0	1486.318052736434	0.0	0	0.0	3393.66517453274	1	0	1	0.8646062868726623
243854.66684692266	1000.0	1444.2663550975183	0.0	0	0.0	3298.9332020201255	1	0	2	0.4716786804837964
244733.95567161083	1000.0	1477.0486479405179	0.0	0	0.0	3211.0043195513135	1	0	2	0.6800472361438843
246888.5390106221	1000.0	322.4653089292559	0.0	0	0.0	3211.0043195513717	1	0	1	0.6828723723707999
247443.4466310839	500.0	771.8037001960574	4.2460117286073	0	0.0	3215.250331279967	1	0	1	-0.5293226602935951
248402.63296467823	1000.0	812.6173666017555	0.0	0	0.0	3215.2503312799963	1	0	1	0.18930059063799287
249405.75784570002	1000.0	809.4924855799414	0.0	0	0.0	3215.250331279967	1	0	1	0.8824477711979395
250774.6135526626	1000.0	440.6367786173561	0.0	0	0.0	3215.250331279967	1	0	1	0.8824477711979395
252163.27149915352	1000.0	254.1939607694783	202.21512864303358	0	0.0	3417.465459922998	1	0	1	-0.35106451352456514
252944.36111321996	500.0	566.5609399468874	155.968686045924	0	0.0	3510.922053166869	1	0	2	-1.8712015973490819
253412.3356840259	500.0	1051.7889120603809	0.0	0	0.0	3464.1245960862725	1	0	2	-0.03654705940012887
254181.97566027776	1000.0	1282.1489358085273	0.0	0	0.0	3464.1245960862725	1	0	1	-0.03558683584263661
255058.159930967	1000.0	1405.964665119285	0.0	0	0.0	3464.1245960862725	1	0	1	0.8575603447173088
256022.90339551962	1000.0	1441.2212005666418	0.0	0	0.0	3464.1245960862725	1	0	1	0.8575603447173088
257801.22869464994	1000.0	662.8959014363484	0.0	0	0.0	3464.1245960862725	1	0	1	0.8575603447173088
259411.18598288955	1000.0	225.87630578071656	172.93769258401008	0	0.0	3637.0622886702768	1	0	1	-0.1926615521653828
259805.5932179966	500.0	831.4690706736652	0.0	0	0.0	3637.0622886702768	1	0	1	-0.5460277856609824
260915.3354110895	1000.0	721.7268775807672	0.0	0	0.0	3637.0622886702768	1	0	1	0.14711939489896306
261743.51251627452	1000.0	893.5497723957465	0.0	0	0.0	3637.0622886702477	1	0	1	0.8402665754589114
262794.3668063637	1000.0	842.6954823065932	0.0	0	0.0	3637.0622886702477	1	0	1	0.8402665754589118
263804.86430782155	1000.0	832.1979808487412	0.0	0	0.0	3637.062288670306	1	0	1	0.840266575458909
265272.0491246579	1000.0	365.0131640123592	0.0	0	0.0	3637.0622886702185	1	0	1	0.8402665754589103
266003.8480819961	500.0	617.7986741615816	52.513057473861124	0	0.0	3621.6467561576283	1	0	2	-1.261290886376048
266707.79038938426	500.0	843.4621360345878	0.0	0	0.0	3551.252525418764	1	0	2	-0.04615799711258392
267272.5076028649	500.0	1222.2732012058946	0.0	0	0.0	3494.780804070644	1	0	2	-0.040089405914279716
268428.1289888814	1000.0	1066.651815189306	0.0	0	0.0	3494.7808040707023	1	0	1	-0.038652456641075084
269840.4003929532	1000.0	654.3804111176156	0.0	0	0.0	3494.7808040707605	1	0	1	0.8544947239188624
270381.62216667685	500.0	1059.0364600215482	0.0	0	0.0	3440.658626698365	1	0	2	-0.9277242291247422
271960.2401056223	1000.0	480.41852107617683	0.0	0	0.0	3440.658626698423	1	0	1	-0.03324023890385169
272653.31417155615	500.0	718.0370485488942	0.0	0	0.0	3371.3512201049016	1	0	2	-0.9214162530535445
273628.9419494236	500.0	644.846492894675	0.0	0	0.0	3273.7884423180367	1	0	2	-0.018858627294437103
274358.1027084805	500.0	842.7696579320624	0.0	0	0.0	3200.87236641231	1	0	2	-0.011126293576972174
275026.9413114869	500.0	1107.047194624979	0.0	0	0.0	3133.9885061116074	1	0	2	-0.004321090479674827
276035.94884562324	1000.0	1098.0396604885832	0.0	0	0.0	3133.9885061116074	1	0	1	-0.0025732268451700846
277146.43155748467	1000.0	987.5569486271651	0.0	0	0.0	3133.988506111549	1	0	1	0.8905739537147812
278260.213149398	1000.0	873.7753567138249	0.0	0	0.0	3133.988506111491	1	0	1	0.8905739537147871
279480.508612624	1000.0	653.4798934877618	0.0	0	0.0	3133.988506111491	1	0	1	0.8905739537147871
280200.73186077725	1000.0	933.2566453345287	0.0	0	0.0	3133.988506111491	1	0	1	0.8905739537147871
281652.0392043326	1000.0	481.9493017791321	0.0	0	0.0	3133.988506111549	1	0	1	0.8905739537147812
282296.86457355204	500.0	772.641395637739	0.0	0	0.0	3069.505969189515	1	0	2	-0.8907899017761656
283265.38341574825	1000.0	804.1225534414689	0.0	0	0.0	3069.5059691894567	1	0	1	0.0038750268470449933
284704.9712267163	1000.0	364.53474247339267	0.0	0	0.0	3069.5059691894567	1	0	1	0.8970222074069906
285410.19743076403	500.0	656.1179315107955	61.21092135448612	0	0.0	3066.3153622745886	1	0	2	-1.2576540748823968
286191.6561730321	1000.0	874.6591892426801	0.0	0	0.0	3066.3153622745886	1	0	1	0.004194087538531621
287267.1148117924	1000.0	799.2005504823712	0.0	0	0.0	3066.3153622745303	1	0	1	0.8973412680984785
288039.92514179414	1000.0	1026.3902204806268	0.0	0	0.0	3066.3153622745303	1	0	1	0.8973412680984831
288847.45045819413	1000.0	1218.8649040806408	0.0	0	0.0	3066.315362274472	1	0	1	0.8973412680984889
289987.7146015865	1000.0	1078.6007606882924	0.0	0	0.0	3066.315362274472	1	0	1	0.8973412680984889
290983.6813969586	1000.0	1082.6339653162363	0.0	0	0.0	3066.3153622745303	1	0	1	0.8973412680984831
291978.50614346203	1000.0	1087.809218812803	0.0	0	0.0	3066.3153622745886	1	0	1	0.8973412680984773
293629.2683925833	1000.0	437.0469696916095	0.0	0	0.0	3066.3153622745886	1	0	1	0.8973412680984773
294317.36984020006	500.0	748.9455220748077	0.0	0	0.0	3066.3153622745886	1	0	1	-0.48895309302141365
294952.7363867322	500.0	1050.0423208894993	0.0	0	0.0	3002.7787076213863	1	0	2	-0.19100449152661747
296185.2848681472	1000.0	817.49383947446	0.0	0	0.0	3002.7787076213863	1	0	1	0.010547753003852078
297026.4686346141	1000.0	976.3100730076249	0.0	0	0.0	3002.7787076214445	1	0	1	0.9036949335637917
297832.1034000018	1000.0	1170.675307619866	0.0	0	0.0	3002.7787076214445	1	0	1	0.9036949335637917
298591.3209457537	1000.0	1411.4577618679805	0.0	0	0.0	3002.7787076214445	1	0	1	0.9036949335637917
299373.0119559566	1000.0	1629.7667516651086	0.0	0	0.0	3002.7787076214445	1	0	1	0.9036949335637917
300296.7367609057	1000.0	1706.0419467159622	0.0	0	0.0	3002.7787076214445	1	0	1	0.9036949335637917
301131.16231563385	1000.0	1871.6163919878743	0.0	0	0.0	3002.7787076215027	1	0	1	0.9036949335637858
1.11	0.87	0.94	0.96	0.7	1.0	0.47	0.81	1.3	1.32	0.98	0.72	1.1	1.27	1.01	1.22	1.69	1.37	0.76	1.0	1.32	1.25	0.93	0.79	0.67	0.46	0.27	0.58	0.88	0.88	1.17	1.15	1.17	1.23	1.66	1.47	1.49	1.33	1.53	1.08	1.34	1.34	1.45	1.45	0.86	0.93	1.23	1.04	1.49	1.19	0.88	0.86	0.66	0.78	0.66	0.56	0.96	0.94	0.88	0.51	0.76	0.82	0.73	0.57	0.78	0.68	0.8	0.74	0.94	0.74	1.07	0.72	0.86	0.59	0.54	0.36	0.75	0.74	0.68	0.92	1.33	1.19	1.54	1.15	0.85	1.11	1.19	1.25	0.97	1.17	1.4	0.72	0.44	0.71	0.97	1.15	0.75	0.92	0.72	0.87	1.32	1.14	0.75	0.59	0.71	0.71	0.98	1.0	1.12	1.02	0.85	0.74	0.92	0.73	0.98	0.88	0.72	0.75	0.76	0.67	0.74	0.74	1.27	1.03	1.07	0.97	1.37	1.03	0.64	0.81	0.75	0.72	1.2	1.29	1.34	1.15	1.1	1.16	0.63	0.66	0.59	0.66	0.92	1.34	1.64	1.37	1.36	1.51	1.4	1.04	1.11	0.87	0.94	0.96	0.7	1.0	0.47	0.81	1.3	1.32	0.98	0.72	1.1	1.27	1.01	1.22	1.69	1.37	0.76	1.0	1.32	1.25	0.93	0.79	0.67	0.46	0.27	0.58	0.88	0.88	1.17	1.15	1.17	1.23	1.66	1.47	1.49	1.33	1.53	1.08	1.34	1.34	1.45	1.45	0.86	0.93	1.23	1.04	1.49	1.19	0.88	0.86	0.66	0.78	0.66	0.56	0.96	0.94	0.88	0.51	0.76	0.82	0.73	0.57	0.78	0.68	0.8	0.74	0.94	0.74	1.07	0.72	0.86	0.59	0.54	0.36	0.75	0.74	0.68	0.92	1.33	1.19	1.54	1.15	0.85	1.11	1.19	1.25	0.97	1.17	1.4	0.72	0.44	0.71	0.97	1.15	0.75	0.92	0.72	0.87	1.32	1.14	0.75	0.59	0.71	0.71	0.98	1.0	1.12	1.02	0.85	0.74	0.92	0.73	0.98	0.88	0.72	0.75	0.76	0.67	0.74	0.74	1.27	1.03	1.07	0.97	1.37	1.03	0.64	0.81	0.75	0.72	1.2	1.29	1.34	1.15	1.1	1.16	0.63	0.66	0.59	0.66	0.92	1.34	1.64	1.37	1.36	1.51	1.4	1.04	1.11
1.0	2.0	3.0	4.0	5.0	6.0	7.0	8.0	9.0	10.0	11.0	12.0	13.0	14.0	15.0	16.0	17.0	18.0	19.0	20.0	21.0	22.0	23.0	24.0	25.0	26.0	27.0	28.0	29.0	30.0	31.0	32.0	33.0	34.0	35.0	36.0	37.0	38.0	39.0	40.0	41.0	42.0	43.0	44.0	45.0	46.0	47.0	48.0	49.0	50.0	51.0	52.0	53.0	54.0	55.0	56.0	57.0	58.0	59.0	60.0	61.0	62.0	63.0	64.0	65.0	66.0	67.0	68.0	69.0	70.0	71.0	72.0	73.0	74.0	75.0	76.0	77.0	78.0	79.0	80.0	81.0	82.0	83.0	84.0	85.0	86.0	87.0	88.0	89.0	90.0	91.0	92.0	93.0	94.0	95.0	96.0	97.0	98.0	99.0	100.0	101.0	102.0	103.0	104.0	105.0	106.0	107.0	108.0	109.0	110.0	111.0	112.0	113.0	114.0	115.0	116.0	117.0	118.0	119.0	120.0	121.0	122.0	123.0	124.0	125.0	126.0	127.0	128.0	129.0	130.0	131.0	132.0	133.0	134.0	135.0	136.0	137.0	138.0	139.0	140.0	141.0	142.0	143.0	144.0	145.0	146.0	147.0	148.0	149.0	149.0	150.0	151.0	152.0	153.0	154.0	155.0	156.0	157.0	158.0	159.0	160.0	161.0	162.0	163.0	164.0	165.0	166.0	167.0	168.0	169.0	170.0	171.0	172.0	173.0	174.0	175.0	176.0	177.0	178.0	179.0	180.0	181.0	182.0	183.0	184.0	185.0	186.0	187.0	188.0	189.0	190.0	191.0	192.0	193.0	194.0	195.0	196.0	197.0	198.0	199.0	200.0	201.0	202.0	203.0	204.0	205.0	206.0	207.0	208.0	209.0	210.0	211.0	212.0	213.0	214.0	215.0	216.0	217.0	218.0	219.0	220.0	221.0	222.0	223.0	224.0	225.0	226.0	227.0	228.0	229.0	230.0	231.0	232.0	233.0	234.0	235.0	236.0	237.0	238.0	239.0	240.0	241.0	242.0	243.0	244.0	245.0	246.0	247.0	248.0	249.0	250.0	251.0	252.0	253.0	254.0	255.0	256.0	257.0	258.0	259.0	260.0	261.0	262.0	263.0	264.0	265.0	266.0	267.0	268.0	269.0	270.0	271.0	272.0	273.0	274.0	275.0	276.0	277.0	278.0	279.0	280.0	281.0	282.0	283.0	284.0	285.0	286.0	287.0	288.0	289.0	290.0	291.0	292.0	293.0	294.0	295.0	296.0	297.0	298.0	298.0	299.0
4262.678076956652
