5958.8803721338345	300.0	2000.0	336.5963303480198	0	0.0	5958.8803721338345	1	0	2	-3.007549360073258
6594.431937524066	1000.0	2300.8932780707455	0.0	0	0.0	5895.325215594811	1	0	2	-0.7911196900139801
7420.493669735756	1000.0	2392.225372637886	0.0	0	0.0	5812.719042373642	1	0	2	0.42059696667521973
8038.570537428489	1000.0	2712.3408181758805	0.0	0	0.0	5750.9113556043685	1	0	2	0.42733647854684376
8627.344675637853	1000.0	3064.6892661455813	0.0	0	0.0	5692.033941783433	1	0	2	0.4333039197201854
9666.996772497152	2000.0	2921.0719596003532	0.0	0	0.0	5588.068732097505	1	0	2	0.4425434732015162
10717.302114587219	2000.0	2765.736083301281	0.0	0	0.0	5483.038197888499	1	0	2	1.1455317240143477
11871.224516719276	2000.0	2496.421440956017	0.0	0	0.0	5367.645957675292	1	0	2	1.1572977778436522
13104.460086489938	2000.0	2139.8623142082897	0.0	0	0.0	5244.322400698227	1	0	2	1.169301594718915
14643.262361699179	2000.0	1447.1798114781277	0.0	0	0.0	5090.442173177305	1	0	2	1.1841889509041614
15294.015259337744	1000.0	1731.351624075706	0.0	0	0.0	5025.36688341345	1	0	2	-0.1933761189505619
15969.024231353305	1000.0	1988.841754858589	0.0	0	0.0	4957.865986211895	1	0	2	0.506485673294673
16412.99601042734	1000.0	2500.472797877151	0.0	0	0.0	4913.468808304491	1	0	2	0.511542046329617
17803.960881235504	2000.0	1970.4114399881737	0.0	0	0.0	4774.372321223675	1	0	2	0.5227368607274789
19062.25253405486	2000.0	1586.2906218868823	0.0	0	0.0	4648.543155941741	1	0	2	1.2291367035266112
20391.504748066654	2000.0	1124.1131864739084	0.0	0	0.0	4515.61793454056	1	0	2	1.2419907213182177
21117.093263446146	1000.0	1325.9658195564677	0.0	0	0.0	4443.059083002612	1	0	2	-0.13537138806961124
22237.85610237039	1000.0	1093.1266967397978	0.0	0	0.0	4330.982799110192	1	0	2	0.5675659397901369
23244.937079210267	1000.0	985.3376222159319	0.0	0	0.0	4230.274701426202	1	0	2	0.5783452391664463
24022.116866451233	1000.0	1130.439856250866	0.0	0	0.0	4152.556722702102	1	0	2	0.5868165498345639
24721.7674785603	1000.0	1360.8241829308952	0.0	0	0.0	4082.5916614911985	1	0	2	0.5939623990749923
25689.166058804778	1000.0	1296.6857446619663	0.0	0	0.0	3985.851803466743	1	0	2	0.6027402937215635
26755.362531666848	1000.0	1123.8696245136887	0.0	0	0.0	3879.232156180533	1	0	2	0.6128773194226629
27481.894272984675	1000.0	1324.6847090640817	0.0	0	0.0	3806.578982048748	1	0	2	0.6216600697858398
28063.21240341883	1000.0	1685.2347655865124	0.0	0	0.0	3748.447169005336	1	0	2	0.6276571728291838
28675.110686373806	1000.0	2012.1466543360389	0.0	0	0.0	3687.257340709828	1	0	2	0.6335555141699225
29592.7283683015	1000.0	2002.7672042155718	0.0	0	0.0	3595.4955725170585	1	0	2	0.64220047711154
31169.370912398797	2000.0	1268.4604057085462	0.0	0	0.0	3437.8313181073318	1	0	2	0.6561568574986463
31897.31790856224	1000.0	1467.7187099287569	0.0	0	0.0	3365.0366184909835	1	0	2	-0.027696253379142
32579.666520550887	1000.0	1717.135236741245	0.0	0	0.0	3296.80175729212	1	0	2	0.6729311619365954
33456.527142019964	2000.0	1752.5885531252666	0.0	0	0.0	3209.1156951452213	1	0	2	0.6806158960015205
34626.84150648175	2000.0	1465.2427522173	0.0	0	0.0	3092.08425869904	1	0	2	1.3842879898153577
35617.6509812606	1000.0	1474.4332774384452	0.0	0	0.0	3092.0842586990366	1	0	1	0.001617197896086997
36387.44051345151	1000.0	1704.6437452475368	0.0	0	0.0	3092.084258699033	1	0	1	0.8947643784560328
37075.17548648706	1000.0	2016.908772211978	0.0	0	0.0	3092.0842586990257	1	0	1	0.8947643784560335
37924.95562759992	2000.0	2082.1506169878307	0.0	0	0.0	3007.106244587725	1	0	2	0.50128292854197
38995.95413413033	2000.0	1904.052259804387	0.0	0	0.0	2900.0063939346874	1	0	2	1.4043853730155014
40300.676452906635	2000.0	1468.857709150451	0.0	0	0.0	2769.5341620570616	1	0	2	1.4169007215602787
41191.53388101324	2000.0	1488.9145382331917	0.0	0	0.0	2680.4484192464006	1	0	2	1.426928365766748
42457.67153100413	2000.0	1096.1631232432123	0.0	0	0.0	2553.8346542473155	1	0	2	1.4385613495674776
43503.74517823574	2000.0	945.482111288435	0.0	0	0.0	2449.2272895241404	1	0	2	1.449437104187781
44720.94639700031	2000.0	728.2808925238662	0.0	0	0.0	2449.2272895241476	1	0	1	1.4521972559334664
45856.644368993424	2000.0	592.5829205307558	0.0	0	0.0	2449.2272895241476	1	0	1	1.6521972559334666
47117.357204413056	2000.0	331.8700851111181	0.0	0	0.0	2449.2272895241476	1	0	1	1.6521972559334666
47788.75160295622	1000.0	660.47568656795	0.0	0	0.0	2449.2272895241476	1	0	1	0.2659028948135762
48339.95706550866	1000.0	1109.2702240155124	0.0	0	0.0	2449.2272895241476	1	0	1	0.9590500753735214
49397.715207486435	2000.0	1051.5120820377383	0.0	0	0.0	2449.2272895241476	1	0	1	0.9590500753735214
49967.64204982056	1000.0	1481.5852397036147	0.0	0	0.0	2449.2272895241476	1	0	1	0.2659028948135762
51343.54744911986	2000.0	1105.6798404043095	0.0	0	0.0	2449.2272895241404	1	0	1	0.959050075373522
51781.87031131844	1000.0	1667.3569782057223	0.0	0	0.0	2449.227289524133	1	0	1	0.26590289481357776
52640.64188812177	2000.0	1722.7082437220586	0.0	0	0.0	2363.350131843792	1	0	2	0.5656503234762722
54080.951070899995	2000.0	1138.3681426660162	0.0	0	0.0	2219.3192135659847	1	0	2	1.4708919763759432
54871.55084940963	1000.0	1347.7683641563817	0.0	0	0.0	2219.3192135659847	1	0	1	0.08889370240939243
56126.13859348073	2000.0	1093.1806200852802	0.0	0	0.0	2219.3192135659847	1	0	1	0.9820408829693377
57467.79470642582	2000.0	751.5245071401955	0.0	0	0.0	2219.3192135659847	1	0	1	1.6751880635292828
58183.42830659868	1000.0	1035.8909069673387	0.0	0	0.0	2219.319213565992	1	0	1	0.2888937024093918
59260.8305368983	2000.0	958.4886766677254	0.0	0	0.0	2219.319213565992	1	0	1	0.9820408829693369
59935.77137545663	2000.0	1283.5478381093974	0.0	0	0.0	2219.319213565992	1	0	1	1.6751880635292822
60896.1528072863	2000.0	1419.2045494626916	0.0	0	0.0	2315.3573567489584	1	0	0	1.2678177565512492
62257.67364015789	3000.0	1057.6837165911084	0.0	0	0.0	2315.3573567489584	1	0	1	1.4655842492109856
64294.66440145576	2000.0	200.0	179.3070447067667	0	0.0	2494.664401455724	1	0	1	0.1776422066199526
64943.274848736626	1000.0	664.6940193114572	113.30446659232436	0	0.0	2607.9688680480467	1	0	1	-0.4297980625927596
65805.74009204464	1000.0	802.2287760034328	0.0	0	0.0	2607.968868048032	1	0	1	0.943175917521132
66549.27079371313	1000.0	1058.6980743349436	0.0	0	0.0	2607.9688680480394	1	0	1	0.9431759175211326
68228.22923568572	2000.0	379.7396323623416	0.0	0	0.0	2607.9688680480176	1	0	1	0.9431759175211338
69008.36638806805	1000.0	610.1089396358539	10.50645965583169	0	0.0	2618.47532770384	1	0	1	0.18593933306061694
69707.20585974518	1000.0	911.2694679587031	0.0	0	0.0	2618.4753277038253	1	0	1	0.9421252715555537
70705.23014768092	2000.0	913.2451800229659	0.0	0	0.0	2618.4753277038253	1	0	1	0.9421252715555536
71497.68556767475	2000.0	1120.7897600291315	0.0	0	0.0	2618.4753277038253	1	0	1	1.6352724521154989
72236.11407118589	2000.0	1382.3612565179897	0.0	0	0.0	2618.4753277038253	1	0	1	1.6352724521154989
72987.04721930588	2000.0	1556.3347935860186	0.0	0	0.0	2543.382012891845	1	0	2	1.2408515800111801
74097.23567793745	2000.0	1335.1274890912769	0.0	0	0.0	2432.363167028685	1	0	2	1.4509294029348274
75421.67457508281	2000.0	878.2447022313748	0.0	0	0.0	2299.919277314126	1	0	2	1.4637491373802902
76781.24511739958	2000.0	518.6741599146071	0.0	0	0.0	2299.919277314126	1	0	1	1.4671280571544685
77328.32507884013	1000.0	971.5941984740642	0.0	0	0.0	2299.919277314126	1	0	1	0.2808336960345784
78452.153511542	2000.0	847.7657657722036	0.0	0	0.0	2299.9192773141112	1	0	1	0.973980876594525
79052.94388398028	1000.0	1246.9753933339377	0.0	0	0.0	2299.9192773141112	1	0	1	0.28083369603457986
79712.37745176323	1000.0	1587.5418255509908	0.0	0	0.0	2299.9192773141112	1	0	1	0.973980876594525
80753.08342794633	2000.0	1546.8358493678816	0.0	0	0.0	2299.9192773141112	1	0	1	0.973980876594525
81561.87684464178	2000.0	1657.1630910028928	0.0	0	0.0	2219.0399356445705	1	0	2	1.2734769603461238
82671.7881186654	3000.0	1547.251816979265	0.0	0	0.0	2219.039935644556	1	0	1	1.4752159913214258
83601.85189047095	3000.0	1617.1880451737106	0.0	0	0.0	2219.039935644556	1	0	1	2.0806810994295906
85264.40620752913	3000.0	1120.8891598213536	0.0	0	0.0	2385.29536735038	1	0	0	1.6689615538198241
86397.15419242783	2000.0	988.141174922643	0.0	0	0.0	2385.29536735038	1	0	1	1.053125340042679
87566.65660501066	2000.0	818.6387623398061	0.0	0	0.0	2385.29536735038	1	0	1	1.6585904481508433
88181.45958398291	1000.0	1203.8357833675577	0.0	0	0.0	2385.29536735038	1	0	1	0.272296087030953
88855.40582492489	1000.0	1529.8895424255875	0.0	0	0.0	2385.29536735038	1	0	1	0.9654432675908982
89492.44130419886	1000.0	1892.8540631516216	0.0	0	0.0	2385.29536735038	1	0	1	0.9654432675908982
91022.92356223063	2000.0	1362.37180511985	0.0	0	0.0	2385.29536735038	1	0	1	0.9654432675908983
92485.3942212788	2000.0	753.6540801668734	0.0	0	0.0	2239.048301445553	1	0	2	1.2687977427388377
93132.91237228233	1000.0	1106.1359291633426	0.0	0	0.0	2239.0483014455676	1	0	1	0.08692079362143412
93841.12974483869	1000.0	1397.918556606977	0.0	0	0.0	2239.0483014455676	1	0	1	0.9800679741813795
94780.6724830976	2000.0	1458.375818348059	0.0	0	0.0	2239.0483014455676	1	0	1	0.9800679741813794
95800.9372709036	2000.0	1438.1110305420666	0.0	0	0.0	2239.0483014455676	1	0	1	1.6732151547413245
96661.39810977891	2000.0	1663.6962755542963	0.0	0	0.0	2325.094385333112	1	0	0	1.2668242895227844
97325.52164252603	2000.0	2065.9850960818903	0.0	0	0.0	2391.5067386078154	1	0	0	1.4596167002365765
98262.29622906975	3000.0	2035.533050883797	0.0	0	0.0	2297.829279953454	1	0	2	1.064864098892449
99373.59036749335	3000.0	1813.1094986178261	0.0	0	0.0	2186.6998661110847	1	0	2	1.8809635063416026
101942.7497349601	3000.0	200.0	193.60527781418818	0	0.0	2142.749734960016	1	0	2	0.7337837983176525
102625.56036452443	1000.0	734.9222281672646	217.73285773159887	0	0.0	2360.482592691609	1	0	1	-1.6370848900009283
103364.75672965302	1000.0	995.7258630386572	0.0	0	0.0	2360.482592691609	1	0	1	0.9679245450567753
104300.24651043101	1000.0	1060.23608226066	0.0	0	0.0	2360.482592691609	1	0	1	0.9679245450567753
105767.35317579073	1000.0	593.129416900929	0.0	0	0.0	2360.482592691609	1	0	1	0.9679245450567753
106616.37812444477	1000.0	744.1044682468778	0.0	0	0.0	2360.482592691609	1	0	1	0.9679245450567753
107679.55269333869	1000.0	680.9298993529794	0.0	0	0.0	2360.4825926916237	1	0	1	0.9679245450567739
109222.31949492841	1000.0	200.0	61.83690223672784	0	0.0	2422.3194949283497	1	0	1	0.5956663935916723
109944.38171842338	500.0	633.6930036661898	155.75522716117396	0	0.0	2578.074722089528	1	0	1	-1.3746603919699507
111009.06161992019	1000.0	572.2874860791939	3.27438390980069	0	0.0	2581.349105999325	1	0	1	0.23304440970725415
111738.81916946589	1000.0	842.5299365334881	0.0	0	0.0	2581.349105999325	1	0	1	0.9458378937260037
112321.107839658	1000.0	1260.2412663413645	0.0	0	0.0	2581.3491059993103	1	0	1	0.9458378937260052
113185.85298611317	2000.0	1395.4961198862045	0.0	0	0.0	2581.3491059993103	1	0	1	0.945837893726005
114373.07219588596	2000.0	1089.5549891361084	0.0	0	0.0	2462.6271850220073	1	0	2	1.2479517468473695
116018.65534955042	2000.0	429.0207501794689	136.0065727947815	0	0.0	2447.6760997298843	1	0	2	0.6337077598444605
116786.15808742672	1000.0	661.5180123031721	0.0	0	0.0	2447.6760997298843	1	0	1	0.06605801379300247
117351.46927959792	1000.0	1096.2068201319576	0.0	0	0.0	2447.6760997298843	1	0	1	0.9592051943529478
117727.40527957106	1000.0	1720.2708201588098	0.0	0	0.0	2447.6760997298843	1	0	1	0.9592051943529478
118672.96540316973	2000.0	1774.710696560146	0.0	0	0.0	2447.6760997298843	1	0	1	0.9592051943529478
119682.55731889566	2000.0	1664.159589261613	0.0	0	0.0	2346.716908157294	1	0	2	1.2596396879625695
120608.97720565279	2000.0	1645.0977138287708	0.0	0	0.0	2254.0749194815726	1	0	2	1.4694296076835167
121365.69349992191	2000.0	1812.7097901327388	0.0	0	0.0	2178.4032900546736	1	0	2	1.4771993928464289
122200.0	2000.0	1894.9726400468571	0.0	0	219.03233009138785	2094.972640046879	1	0	2	1.4845653120385434
123432.52675979746	3000.0	1539.193204269643	0.0	0	0.0	1971.719964067117	1	0	2	1.4965029767821194
124625.76354765939	3000.0	1345.9564164077135	0.0	0	0.0	1971.719964067117	1	0	1	1.9054130965873342
125694.17003604569	3000.0	1277.5499280214212	0.0	0	0.0	1971.719964067117	1	0	1	2.1054130965873346
126460.797974449	3000.0	1510.9219896181012	0.0	0	0.0	1971.7199640671024	1	0	1	2.105413096587336
127200.0	3000.0	1771.7199640671095	0.0	0	48.431164432433434	1971.719964067117	1	0	1	2.1054130965873346
129267.1681990114	3000.0	497.8349451545541	0.0	0	0.0	1765.0031441659667	1	0	2	1.7196043787038982
130172.14187727035	1000.0	592.8612668956137	0.0	0	0.0	1765.0031441659667	1	0	1	-0.2711397987587705
130818.32647059612	1000.0	946.6766735698303	0.0	0	0.0	1765.0031441659667	1	0	1	1.0274724899093397
131553.54558838462	2000.0	1211.4575557813482	0.0	0	0.0	1765.0031441659812	1	0	1	1.0274724899093381
132804.99710835956	2000.0	960.0060358064	0.0	0	0.0	1765.0031441659812	1	0	1	1.7206196704692835
134233.20417941568	2000.0	531.7989647502415	0.0	0	0.0	1765.0031441659667	1	0	1	1.7206196704692847
136075.5299274714	1000.0	200.0	510.52678330544467	0	0.0	2275.529927471449	1	0	1	-2.770093151637317
136521.24780496702	500.0	833.2436136509729	78.96149114661978	0	0.0	2354.4914186180686	1	0	1	-0.8915396455354803
137386.44866979914	1000.0	968.0427488188187	0.0	0	0.0	2354.4914186180686	1	0	1	0.275376481904184
137931.8098661707	1000.0	1422.6815524472484	0.0	0	0.0	2354.4914186180686	1	0	1	0.9685236624641294
138914.37264252306	2000.0	1440.1187760948678	0.0	0	0.0	2354.4914186180686	1	0	1	0.9685236624641294
140586.20500263688	2000.0	768.2864159810521	0.0	0	0.0	2354.4914186180686	1	0	1	1.6616708430240745
141726.38400361934	2000.0	628.1074149985749	0.0	0	0.0	2354.4914186180686	1	0	1	1.6616708430240745
142387.47009155172	2000.0	967.0213270661774	0.0	0	0.0	2354.4914186180686	1	0	1	1.6616708430240745
143107.45174692466	2000.0	1247.0396716932567	0.0	0	0.0	2354.4914186180977	1	0	1	1.6616708430240714
144254.91237379276	3000.0	1214.325107511967	0.0	0	0.0	2469.237481304939	1	0	0	1.25336528453635
145359.30936777854	3000.0	1220.3678129247878	0.0	0	0.0	2579.6771807035257	1	0	0	1.847449924479592
146431.55245822622	3000.0	1255.3490315218635	0.0	0	0.0	2686.9014897482703	1	0	0	1.8365558992524846
147571.67122482276	2000.0	1001.2183882656309	0.0	0	0.0	2572.8896130885696	1	0	2	0.6308050585597211
148612.0151794932	1000.0	960.874433595219	0.0	0	0.0	2572.8896130885696	1	0	1	0.0535366624571339
149670.3591650283	1000.0	902.530448060158	0.0	0	0.0	2572.8896130885696	1	0	1	0.9466838430170792
150691.97645034498	1000.0	880.9131627434372	0.0	0	0.0	2572.8896130885696	1	0	1	0.9466838430170792
151825.51167463063	1000.0	747.3779384578032	0.0	0	0.0	2572.8896130885696	1	0	1	0.9466838430170792
152639.65743146863	1000.0	933.2321816197867	0.0	0	0.0	2572.8896130885696	1	0	1	0.9466838430170792
153429.4004051074	1000.0	1143.4892079810543	0.0	0	0.0	2572.8896130885696	1	0	1	0.9466838430170792
154193.76367553233	1000.0	1379.1259375561206	0.0	0	0.0	2572.8896130885696	1	0	1	0.9466838430170792
155139.93865782674	1000.0	1432.9509552616992	0.0	0	0.0	2572.8896130885405	1	0	1	0.9466838430170821
156104.8611296647	1000.0	1468.028483423748	0.0	0	0.0	2572.8896130885696	1	0	1	0.9466838430170792
156911.47759453513	1000.0	1661.4120185533286	0.0	0	0.0	2572.8896130885987	1	0	1	0.9466838430170763
157803.37219341885	2000.0	1680.3279597812457	0.0	0	0.0	2483.7001532002178	1	0	2	0.553524591198043
158909.99616884763	2000.0	1463.0415868096175	0.0	0	0.0	2373.037755657366	1	0	2	1.4570019607078533
159978.4063428119	2000.0	1287.790395448903	0.0	0	0.0	2266.1967382609437	1	0	2	1.4670432753160065
160997.64118312133	2000.0	1166.6320711085398	0.0	0	0.0	2164.2732542300073	1	0	2	1.4781934807737267
162604.66788055442	2000.0	398.9027039321539	0.0	0	0.0	2003.5705844867043	1	0	2	1.4926300836877404
163194.6059557289	1000.0	808.9646287576486	0.0	0	0.0	2003.5705844867043	1	0	1	0.1104685653173203
163935.90658576827	1000.0	1067.6639987183041	0.0	0	0.0	2003.5705844867043	1	0	1	1.0036157458772657
164480.55828122477	1000.0	1523.0123032618094	0.0	0	0.0	2003.5705844867043	1	0	1	1.0036157458772645
165380.7416402149	2000.0	1622.8289442716928	0.0	0	0.0	2003.5705844867043	1	0	1	1.0036157458772657
166765.32572672577	2000.0	1238.2448577608327	0.0	0	0.0	2003.5705844867043	1	0	1	1.6967629264372108
167765.65474409625	2000.0	1237.9158403903452	0.0	0	0.0	2003.5705844867043	1	0	1	1.6967629264372108
168857.99450119326	2000.0	1145.5760832933358	0.0	0	0.0	2003.5705844867043	1	0	1	1.6967629264372108
169612.87948948867	1000.0	1390.6910949979367	0.0	0	0.0	2003.5705844867043	1	0	1	0.31046856531732053
171901.5338726796	2000.0	200.0	97.96328819298827	0	0.0	2101.533872679691	1	0	1	0.4131461459422455
172594.15566567797	1000.0	643.8416697642225	136.46346276259388	0	0.0	2237.9973354422837	1	0	1	-0.5317548863538006
173338.7708855398	1000.0	899.22644990242	0.0	0	0.0	2237.9973354422837	1	0	1	0.9801730707817078
174272.77872145307	1000.0	965.2186139891427	0.0	0	0.0	2237.9973354422546	1	0	1	0.9801730707817108
175114.55603766083	1000.0	1123.4412977814068	0.0	0	0.0	2237.9973354422546	1	0	1	0.9801730707817108
176087.98269430926	1000.0	1150.0146411329692	0.0	0	0.0	2237.9973354422546	1	0	1	0.9801730707817108
176974.24387950578	1000.0	1263.753455936468	0.0	0	0.0	2237.9973354422546	1	0	1	0.9801730707817108
177760.63060530653	1000.0	1477.3667301357084	0.0	0	0.0	2237.9973354422837	1	0	1	0.9801730707817078
178526.14228463257	1000.0	1711.8550508096757	0.0	0	0.0	2237.9973354422837	1	0	1	0.9801730707817078
179849.0369775656	2000.0	1388.9603578766526	0.0	0	0.0	2237.9973354422837	1	0	1	0.9801730707817066
180974.6977626873	2000.0	1263.2995727549614	0.0	0	0.0	2237.9973354422837	1	0	1	1.6733202513416527
181547.04355985826	1000.0	1690.953775584004	0.0	0	0.0	2237.9973354422546	1	0	1	0.287025890221765
182357.2177846953	2000.0	1880.7795507469962	0.0	0	0.0	2237.9973354422837	1	0	1	0.9801730707817077
183451.50509804976	2000.0	1677.0635060570587	0.0	0	0.0	2128.568604106782	1	0	2	1.2813519683600172
185363.65946219856	2000.0	573.6937054933782	0.0	0	0.0	1937.3531676919083	1	0	2	1.4987333559237896
185973.28843028302	1000.0	964.064737408909	0.0	0	0.0	1937.3531676919083	1	0	1	0.11709030699680006
186520.63229352605	1000.0	1416.7208741659053	0.0	0	0.0	1937.3531676919374	1	0	1	1.0102374875567435
187395.8291539767	2000.0	1541.5240137152648	0.0	0	0.0	1937.3531676919374	1	0	1	1.0102374875567424
188261.97441349653	2000.0	1588.7642282434344	0.0	0	0.0	1850.7386417399393	1	0	2	1.309967573402824
189268.87773098698	2000.0	1481.170579003956	0.0	0	0.0	1750.0483099909034	1	0	2	1.5196246847598693
190200.0	2000.0	1456.9360830895805	0.0	0	157.7153496374085	1656.9360830895603	1	0	2	1.5282765429117386
191530.78281090705	2000.0	993.0749910918123	0.0	0	0.0	1523.85780199882	1	0	2	1.5414112558785957
192518.6196585152	2000.0	1005.2381434836881	0.0	0	0.0	1523.857801998849	1	0	1	1.544734204685998
193447.3844692704	2000.0	1076.4733327285157	0.0	0	0.0	1523.8578019988781	1	0	1	1.744734204685996
194200.0	2000.0	1323.8578019989118	0.0	0	72.53794225450838	1523.8578019988781	1	0	1	1.7447342046859935
195200.0	2000.0	1423.8578019989056	0.0	0	167.21393957283	1623.8578019988781	1	0	0	1.3380476331622444
196458.55822885246	2000.0	1291.1553960316712	0.0	0	0.0	1749.7136248841125	1	0	0	1.5256866902003727
197999.4826340888	2000.0	750.230990795334	0.0	0	0.0	1749.7136248841125	1	0	1	1.52214862239747
199284.90335277826	2000.0	464.81027210588996	0.0	0	0.0	1749.7136248840834	1	0	1	1.722148622397473
199888.06905989491	1000.0	861.6445649892678	0.0	0	0.0	1749.7136248841125	1	0	1	0.3358542612775798
200628.62265947816	1000.0	1121.0909654059933	0.0	0	0.0	1749.7136248841125	1	0	1	1.029001441837525
201657.7635558724	2000.0	1091.9500690117586	0.0	0	0.0	1749.7136248841416	1	0	1	1.029001441837523
202758.14829286747	2000.0	991.5653320166963	0.0	0	0.0	1749.7136248841416	1	0	1	1.7221486223974671
204295.655334984	2000.0	454.0582899001947	0.0	0	0.0	1749.7136248841416	1	0	1	1.7221486223974671
204793.59560434497	1000.0	956.1180205392284	0.0	0	0.0	1749.7136248841416	1	0	1	0.3358542612775769
206052.1409582002	2000.0	697.5726666839844	0.0	0	0.0	1749.7136248841416	1	0	1	1.029001441837522
207015.58951787162	2000.0	734.124107012611	0.0	0	0.0	1749.7136248841416	1	0	1	1.7221486223974671
207814.13395663383	2000.0	935.579668250392	0.0	0	0.0	1749.7136248841416	1	0	1	1.7221486223974671
208570.67574875228	2000.0	1179.0378761319316	0.0	0	0.0	1749.7136248841416	1	0	1	1.7221486223974671
209494.47146842323	2000.0	1255.2421564609763	0.0	0	0.0	1749.7136248841416	1	0	1	1.7221486223974671
210310.69555190796	2000.0	1520.6404813246966	0.0	0	0.0	1831.3360332325683	1	0	0	1.3161035779959236
211926.6473294236	3000.0	904.6887038090756	0.0	0	0.0	1831.3360332325392	1	0	1	1.5139863815626278
212774.000073187	1000.0	1057.3359600457136	0.0	0	0.0	1831.33603323251	1	0	1	-0.07777308766542523
213620.40917630718	1000.0	1210.9268569255164	0.0	0	0.0	1831.33603323251	1	0	1	1.0208392010026852
214456.9310837825	1000.0	1374.4049494501924	0.0	0	0.0	1831.33603323251	1	0	1	1.0208392010026852
215389.30740915946	2000.0	1442.0286240732494	0.0	0	0.0	1831.33603323251	1	0	1	1.020839201002685
216239.8371646355	2000.0	1591.4988685971923	0.0	0	0.0	1831.33603323251	1	0	1	1.7139863815626302
217864.55626620675	2000.0	804.3078568688225	0.0	0	0.0	1668.8641230754147	1	0	2	1.3265249511118666
218993.44336353245	2000.0	675.4207595431185	0.0	0	0.0	1668.8641230753856	1	0	1	1.5302335725783425
220087.7449619901	2000.0	581.1191610854639	0.0	0	0.0	1668.8641230753856	1	0	1	1.7302335725783426
221182.7394873665	2000.0	486.1246357090665	0.0	0	0.0	1668.8641230753856	1	0	1	1.7302335725783426
222104.7515969464	2000.0	564.1125261291819	0.0	0	0.0	1668.8641230754147	1	0	1	1.73023357257834
223257.64782593588	2000.0	411.2162971396799	0.0	0	0.0	1668.8641230754438	1	0	1	1.7302335725783369
224584.8493297245	2000.0	260.6601892565169	176.64539590543046	0	0.0	1845.5095189808926	1	0	1	0.6526966575552093
225262.59592537655	1000.0	647.2172263592993	64.30363275486644	0	0.0	1909.8131517357542	1	0	1	-0.06597748793678324
225970.78756579873	1000.0	939.0255859371182	0.0	0	0.0	1909.8131517357833	1	0	1	1.0129914891523577
227131.5344155194	2000.0	778.2787362164686	0.0	0	0.0	1909.8131517357833	1	0	1	1.0129914891523577
227901.70641756718	1000.0	1008.1067341686723	0.0	0	0.0	1909.8131517357833	1	0	1	0.31984430859241264
228621.9480316235	1000.0	1287.8651201123532	0.0	0	0.0	1909.8131517357833	1	0	1	1.0129914891523577
229789.74867495592	2000.0	1120.0644767799206	0.0	0	0.0	1909.8131517357833	1	0	1	1.0129914891523577
230489.7882301669	2000.0	1420.0249215689503	0.0	0	0.0	1909.8131517358124	1	0	1	1.706138669712302
231290.58157161242	2000.0	1699.3109142680057	0.0	0	0.0	1989.8924858804094	1	0	0	1.300329627450583
232349.06746635726	3000.0	1640.8250195231396	0.0	0	0.0	1989.8924858803803	1	0	1	1.4981307362978433
233909.97642464854	3000.0	923.8251654026997	0.0	0	0.0	1833.80159005124	1	0	2	1.714661770116539
234884.13266639158	2000.0	949.668923659634	0.0	0	0.0	1833.80159005124	1	0	1	1.1082747177725927
235696.05540452353	2000.0	1137.7461855277093	0.0	0	0.0	1833.8015900512983	1	0	1	1.713739825880752
236978.92783286015	2000.0	854.8737571910525	0.0	0	0.0	1833.8015900512983	1	0	1	1.7137398258807515
238070.07101946638	1000.0	763.730570584806	0.0	0	0.0	1833.8015900512692	1	0	1	0.3274454647608641
238776.5818855662	1000.0	1057.2197044849863	0.0	0	0.0	1833.80159005124	1	0	1	1.0205926453208123
239552.44819632598	1000.0	1281.353393725217	0.0	0	0.0	1833.80159005124	1	0	1	1.0205926453208123
240596.25482890688	2000.0	1237.5467611443148	0.0	0	0.0	1833.80159005124	1	0	1	1.020592645320812
241660.82965989513	1000.0	1172.971930156079	0.0	0	0.0	1833.8015900512692	1	0	1	0.3274454647608641
242521.72054495482	1000.0	1312.0810450963652	0.0	0	0.0	1833.8015900512692	1	0	1	1.0205926453208094
243362.94296904744	2000.0	1470.8586210037643	0.0	0	0.0	1833.8015900512692	1	0	1	1.0205926453208092
244255.8494018561	2000.0	1577.952188195084	0.0	0	0.0	1833.8015900512692	1	0	1	1.7137398258807544
245243.9167813132	2000.0	1491.0780707922854	0.0	0	0.0	1734.994852105563	1	0	2	1.3210114499629513
246200.0	2000.0	1439.386530236812	0.0	0	177.186878712615	1639.386530236894	1	0	2	1.5298914492600582
247200.0	3000.0	1439.386530236827	0.0	0	95.15399386337958	1639.386530236894	1	0	1	1.5331813318621919
248200.0	3000.0	1539.3865302367988	0.0	0	285.477649722161	1739.3865302368067	1	0	0	1.732232029544672
250598.12080165837	3000.0	381.0778087442542	0.0	0	0.0	1979.1986104026146	1	0	0	1.9121022371937868
251253.589836049	1000.0	725.608774353642	0.0	0	0.0	1979.1986104026146	1	0	1	-0.2925593453824351
251947.4765105162	1000.0	1031.7220998864937	0.0	0	0.0	1979.1986104026146	1	0	1	1.0060529432856748
252718.706900868	1000.0	1260.4917095346934	0.0	0	0.0	1979.1986104026146	1	0	1	1.0060529432856748
253276.02646337156	1000.0	1703.172147031173	0.0	0	0.0	1979.1986104026146	1	0	1	1.0060529432856748
255683.0625953025	2000.0	296.1360151002015	0.0	0	0.0	1979.1986104026437	1	0	1	1.0060529432856717
256307.05893670337	1000.0	677.0600213425057	4.920347643170089	0	0.0	1984.1189580458158	1	0	1	0.2828916421023888
257253.2805999053	1000.0	730.838358140601	0.0	0	0.0	1984.1189580458158	1	0	1	1.0055609085213546
258725.34349277147	1000.0	258.77546527442394	0.0	0	0.0	1984.1189580458158	1	0	1	1.0055609085213546
259455.97619564243	500.0	661.6725029712932	133.5297405678326	0	0.0	2117.648698613659	1	0	1	-1.1952648700623143
260241.83653462617	1000.0	875.8121639875877	0.0	0	0.0	2117.648698613688	1	0	1	0.29906075390462195
260818.5829775943	1000.0	1299.0657210194192	0.0	0	0.0	2117.648698613688	1	0	1	0.9922079344645673
262094.89277753694	2000.0	1022.7559210767615	0.0	0	0.0	2117.648698613688	1	0	1	0.9922079344645673
263320.70152464055	2000.0	796.947173973137	0.0	0	0.0	2117.648698613659	1	0	1	1.6853551150245125
265005.8280294916	2000.0	469.6171606156813	357.79649149356067	0	0.0	2475.4451901072753	1	0	1	-0.49720348308621065
265532.4288133938	1000.0	943.016376713512	0.0	0	0.0	2475.4451901072753	1	0	1	0.26328110475526345
266233.50740028627	1000.0	1241.9377898210291	0.0	0	0.0	2475.445190107217	1	0	1	0.9564282853152145
266771.9312102745	1000.0	1703.5139798327557	0.0	0	0.0	2475.445190107217	1	0	1	0.9564282853152145
267726.3251228798	2000.0	1653.6806759669316	0.0	0	0.0	2380.005798846716	1	0	2	0.5636081713047314
268575.80230771325	2000.0	1719.2557726500536	0.0	0	0.0	2295.058080363262	1	0	2	1.465245103173209
269789.23011736583	2000.0	1384.4851820322397	0.0	0	0.0	2173.715299397998	1	0	2	1.476713850849948
270792.93359554006	2000.0	1280.4113560406263	0.0	0	0.0	2073.344951580628	1	0	2	1.48746891732553
271596.17622498237	2000.0	1557.4929895426023	0.0	0	0.0	2153.669214524911	1	0	0	1.0839592874104271
272476.17872474855	3000.0	1677.4904897764175	0.0	0	0.0	2153.669214524911	1	0	1	1.481753063433395
273802.0636632904	3000.0	1351.6055512345565	0.0	0	0.0	2153.669214524911	1	0	1	2.087218171541555
274740.70808153495	3000.0	1412.9611329899928	0.0	0	0.0	2153.669214524911	1	0	1	2.087218171541555
275508.0082099595	3000.0	1645.6610045654352	0.0	0	0.0	2153.669214524911	1	0	1	2.087218171541555
276528.93570057757	3000.0	1522.6407648855006	0.0	0	0.0	2051.576465463033	1	0	2	1.694063689951225
279126.90138417395	3000.0	200.0	275.32491871087933	0	0.0	2326.901384174009	1	0	1	0.234809071517874
279720.48259711114	1000.0	740.2584705497552	133.83968348689223	0	0.0	2460.741067660856	1	0	1	-0.943751692029613
280596.3594103418	2000.0	864.3816573191198	0.0	0	0.0	2460.741067660856	1	0	1	0.9578986975598505
281531.11391822976	2000.0	929.6271494312244	0.0	0	0.0	2460.741067660798	1	0	1	1.6510458781198014
282191.9567636825	2000.0	1268.7843039785068	0.0	0	0.0	2460.7410676607396	1	0	1	1.6510458781198074
284207.38157071563	2000.0	253.3594969454075	0.0	0	0.0	2460.741067660798	1	0	1	1.651045878119805
285571.26199148037	1000.0	366.48738302427165	477.0083068436225	0	0.0	2937.749374504434	1	0	1	-2.6446931568439056
286368.3473240649	1000.0	582.1299950607463	12.727944621041331	0	0.0	2950.4773191255517	1	0	1	0.8325574046871378
287022.1700515763	1000.0	928.307267549337	0.0	0	0.0	2950.4773191255517	1	0	1	0.908925072413381
287615.15806818707	1000.0	1335.3192509385053	0.0	0	0.0	2950.4773191255517	1	0	1	0.908925072413381
288227.9641770479	1000.0	1722.5131420776463	0.0	0	0.0	2950.4773191255517	1	0	1	0.908925072413381
289689.50072540226	2000.0	1114.8229388878	0.0	0	0.0	2804.323664290132	1	0	2	0.5203635346472056
290712.5777886195	2000.0	989.4381693488288	0.0	0	0.0	2702.0159579683677	1	0	2	1.4244977024930492
291602.4562776698	2000.0	1010.5718313934892	0.0	0	0.0	2613.028109063278	1	0	2	1.4335616724525062
292323.1070422568	2000.0	1217.855990347859	0.0	0	0.0	2540.9630326046026	1	0	2	1.4412882906092641
293201.35966419237	2000.0	1427.4286306058466	0.0	0	0.0	2628.7882947981707	1	0	0	1.036500322400989
294030.22122997866	2000.0	1681.45322139822	0.0	0	0.0	2711.674451376777	1	0	0	1.4279999833792645
295221.1308617637	2000.0	1609.6345527916867	0.0	0	0.0	2830.765414555266	1	0	0	1.4170897381261447
296025.9777185515	2000.0	1724.3030103251187	0.0	0	0.0	2750.2807288764743	1	0	2	1.0198607544920462
297399.6765682083	2000.0	1213.2342757026768	0.0	0	0.0	2612.910843910824	1	0	2	1.431546201988307
298795.6349773003	1000.0	817.2758666107317	0.0	0	0.0	2612.910843910824	1	0	1	0.049534539374908315
299803.64974982693	1000.0	809.2610940841236	0.0	0	0.0	2612.910843910824	1	0	1	0.9426817199348537
300614.3727672221	1000.0	998.538076688913	0.0	0	0.0	2612.910843910824	1	0	1	0.9426817199348537
301548.77380094846	1000.0	1064.1370429625522	0.0	0	0.0	2612.910843910824	1	0	1	0.9426817199348537
1.27	1.31	1.78	2.0	2.46	1.62	1.71	1.34	1.36	1.37	1.93	1.88	1.76	1.66	1.26	1.39	0.8	1.37	1.52	1.45	1.34	1.11	1.52	1.45	1.75	1.61	1.42	1.9	1.44	1.07	1.44	1.84	1.99	2.04	2.12	2.41	1.68	1.99	2.0	2.27	2.31	1.91	1.56	1.64	1.61	1.62	1.91	2.11	1.53	1.55	1.89	1.75	1.91	2.17	2.49	2.72	1.69	0.9	0.94	1.32	1.83	1.9	1.32	1.75	1.8	2.14	2.33	2.18	2.0	1.89	1.65	1.85	1.36	1.49	1.91	2.51	3.24	3.1	2.42	1.75	1.97	1.77	1.44	1.15	1.63	2.02	1.24	1.34	1.9	2.04	2.34	2.85	3.48	3.56	0.98	0.67	1.22	1.84	1.39	0.9	1.07	1.37	1.12	0.65	0.79	1.34	1.97	2.03	2.02	0.58	1.55	1.59	2.2	2.32	1.91	2.35	3.09	2.91	2.05	2.68	3.2	3.39	1.16	1.11	1.49	2.09	2.13	2.34	1.59	0.5	0.65	1.2	1.74	1.66	1.39	2.06	2.58	2.91	2.34	2.19	2.15	2.18	1.17	0.72	0.97	0.94	1.44	1.1	1.09	2.76	1.27	1.31	1.78	2.0	2.46	1.62	1.71	1.34	1.36	1.37	1.93	1.88	1.76	1.66	1.26	1.39	0.8	1.37	1.52	1.45	1.34	1.11	1.52	1.45	1.75	1.61	1.42	1.9	1.44	1.07	1.44	1.84	1.99	2.04	2.12	2.41	1.68	1.99	2.0	2.27	2.31	1.91	1.56	1.64	1.61	1.62	1.91	2.11	1.53	1.55	1.89	1.75	1.91	2.17	2.49	2.72	1.69	0.9	0.94	1.32	1.83	1.9	1.32	1.75	1.8	2.14	2.33	2.18	2.0	1.89	1.65	1.85	1.36	1.49	1.91	2.51	3.24	3.1	2.42	1.75	1.97	1.77	1.44	1.15	1.63	2.02	1.24	1.34	1.9	2.04	2.34	2.85	3.48	3.56	0.98	0.67	1.22	1.84	1.39	0.9	1.07	1.37	1.12	0.65	0.79	1.34	1.97	2.03	2.02	0.58	1.55	1.59	2.2	2.32	1.91	2.35	3.09	2.91	2.05	2.68	3.2	3.39	1.16	1.11	1.49	2.09	2.13	2.34	1.59	0.5	0.65	1.2	1.74	1.66	1.39	2.06	2.58	2.91	2.34	2.19	2.15	2.18	1.17	0.72	0.97	0.94	1.44	1.1	1.09	2.76
1.0	2.0	3.0	4.0	5.0	6.0	7.0	8.0	9.0	10.0	11.0	12.0	13.0	14.0	15.0	16.0	17.0	18.0	19.0	20.0	21.0	22.0	23.0	24.0	25.0	26.0	27.0	28.0	29.0	30.0	31.0	32.0	33.0	34.0	35.0	36.0	37.0	38.0	39.0	40.0	41.0	42.0	43.0	44.0	45.0	46.0	47.0	48.0	49.0	50.0	51.0	52.0	53.0	54.0	55.0	56.0	57.0	58.0	59.0	60.0	61.0	62.0	63.0	64.0	65.0	66.0	67.0	68.0	69.0	70.0	71.0	72.0	73.0	74.0	75.0	76.0	77.0	78.0	79.0	80.0	81.0	82.0	83.0	84.0	85.0	86.0	87.0	88.0	89.0	90.0	91.0	92.0	93.0	94.0	95.0	96.0	97.0	98.0	99.0	100.0	101.0	102.0	103.0	104.0	105.0	106.0	107.0	108.0	109.0	110.0	111.0	112.0	113.0	114.0	115.0	116.0	117.0	118.0	119.0	120.0	121.0	122.0	123.0	124.0	125.0	126.0	127.0	128.0	129.0	130.0	131.0	132.0	133.0	134.0	135.0	136.0	137.0	138.0	139.0	140.0	141.0	142.0	143.0	144.0	145.0	146.0	147.0	148.0	149.0	149.0	150.0	151.0	152.0	153.0	154.0	155.0	156.0	157.0	158.0	159.0	160.0	161.0	162.0	163.0	164.0	165.0	166.0	167.0	168.0	169.0	170.0	171.0	172.0	173.0	174.0	175.0	176.0	177.0	178.0	179.0	180.0	181.0	182.0	183.0	184.0	185.0	186.0	187.0	188.0	189.0	190.0	191.0	192.0	193.0	194.0	195.0	196.0	197.0	198.0	199.0	200.0	201.0	202.0	203.0	204.0	205.0	206.0	207.0	208.0	209.0	210.0	211.0	212.0	213.0	214.0	215.0	216.0	217.0	218.0	219.0	220.0	221.0	222.0	223.0	224.0	225.0	226.0	227.0	228.0	229.0	230.0	231.0	232.0	233.0	234.0	235.0	236.0	237.0	238.0	239.0	240.0	241.0	242.0	243.0	244.0	245.0	246.0	247.0	248.0	249.0	250.0	251.0	252.0	253.0	254.0	255.0	256.0	257.0	258.0	259.0	260.0	261.0	262.0	263.0	264.0	265.0	266.0	267.0	268.0	269.0	270.0	271.0	272.0	273.0	274.0	275.0	276.0	277.0	278.0	279.0	280.0	281.0	282.0	283.0	284.0	285.0	286.0	287.0	288.0	289.0	290.0	291.0	292.0	293.0	294.0	295.0	296.0	297.0	298.0	298.0
5365.604491351524
