3325.4120387071453	300.0	2000.0	114.03734767185493	0	0.0	3325.4120387071453	1	0	2	-1.4146880135440827
4528.800988104445	3000.0	1676.27215566297	0.0	0	0.0	3205.0731437674153	1	0	2	-0.5234766613200009
6180.825591492704	3000.0	859.0450919358855	0.0	0	0.0	3039.8706834285895	1	0	2	1.7929044033065522
7186.396334868896	1000.0	853.4743485596927	0.0	0	0.0	3039.8706834285886	1	0	1	-0.3986265526850326
7839.220580691834	1000.0	1200.6501027367553	0.0	0	0.0	3039.8706834285886	1	0	1	0.8999857359830774
8810.454268323236	2000.0	1229.4164151053533	0.0	0	0.0	3039.8706834285886	1	0	1	0.8999857359830773
9623.820403719072	2000.0	1416.0502797095155	0.0	0	0.0	3039.8706834285867	1	0	1	1.5931329165430226
10416.4905526083	2000.0	1544.1131159313636	0.0	0	0.0	2960.603668539664	1	0	2	1.199188541263576
10946.188860365399	2000.0	1961.4449773985552	0.0	0	0.0	2907.633837763954	1	0	2	1.4050673335624277
12554.955616046032	3000.0	1191.801546149859	0.0	0	0.0	2746.7571621958923	1	0	2	1.4164415226506892
13351.470486613343	1000.0	1395.2866755825505	0.0	0	0.0	2746.7571621958923	1	0	1	-0.3693152005617632
15333.073617453692	2000.0	413.68354474220297	0.0	0	0.0	2746.7571621958923	1	0	1	0.9292970881063469
16193.540968528523	1000.0	632.4808058277152	79.26461216034335	0	0.0	2826.0217743562353	1	0	1	-0.24736422663169255
16660.844755168167	1000.0	1165.1770191880698	0.0	0	0.0	2826.0217743562334	1	0	1	0.9213706268903128
17180.766301329415	1000.0	1645.2554730268191	0.0	0	0.0	2826.02177435623	1	0	1	0.9213706268903131
18138.16327890814	2000.0	1592.1187976902213	0.0	0	0.0	2730.282076598356	1	0	2	0.5286505350142542
18989.95143002586	2000.0	1655.151831460731	0.0	0	0.0	2645.1032614865853	1	0	2	1.4305252959140244
19792.252736217244	3000.0	1772.6203946502058	0.0	0	0.0	2564.873130867447	1	0	2	1.4384441459151742
20700.197218802223	3000.0	1773.8814638067302	0.0	0	0.0	2474.0786826089497	1	0	2	1.8528172651367023
21675.14837399319	3000.0	1701.4351930966684	0.0	0	0.0	2376.5835670898523	1	0	2	1.8623275137360324
22720.05429053757	3000.0	1552.0386848978503	0.0	0	0.0	2272.0929754354183	1	0	2	1.8725598482840589
24297.89503274407	3000.0	816.4138684707025	0.0	0	0.0	2114.308901214765	1	0	2	1.886491420527387
25665.298428735226	2000.0	449.0104724795458	0.0	0	0.0	2114.308901214765	1	0	1	1.08022398665624
26116.025247436606	1000.0	998.2836537781627	0.0	0	0.0	2114.308901214761	1	0	1	0.29939473364451485
27328.484902620778	2000.0	785.8239985939908	0.0	0	0.0	2114.308901214761	1	0	1	0.99254191420446
28130.075942058407	2000.0	984.2329591563622	0.0	0	0.0	2114.308901214765	1	0	1	1.6856890947644048
29289.8229017908	2000.0	824.4859994239702	0.0	0	0.0	2114.3089012147684	1	0	1	1.6856890947644043
30123.16214756171	2000.0	991.1467536530597	0.0	0	0.0	2114.3089012147684	1	0	1	1.6856890947644043
30745.20283944081	2000.0	1431.3101309618662	0.0	0	0.0	2176.5129704026804	1	0	0	1.2810613307992758
31523.12110273888	3000.0	1653.3918676637907	0.0	0	0.0	2176.5129704026804	1	0	1	1.4794686878456136
32556.042351746037	3000.0	1723.762743557349	0.0	0	0.0	2279.8050953033962	1	0	0	1.6776982202590593
34454.54881697115	3000.0	825.2562783322284	0.0	0	0.0	2279.8050953033926	1	0	1	1.8746045834637068
35194.782140695665	2000.0	1085.0229546077148	0.0	0	0.0	2279.805095303389	1	0	1	1.2636743672473778
35983.8169761325	2000.0	1374.8916027145647	0.0	0	0.0	2358.708578847065	1	0	0	1.263317640897588
37027.563618002954	3000.0	1331.1449608441133	0.0	0	0.0	2358.708578847065	1	0	1	1.461249127001175
38087.127349318805	3000.0	1271.581229528263	0.0	0	0.0	2358.708578847065	1	0	1	2.0667142351093397
38800.124824528546	3000.0	1629.8835018394984	0.0	0	0.0	2430.0083263680426	1	0	0	1.6613988504636437
40570.3293165767	3000.0	1036.699458996155	0.0	0	0.0	2607.028775572864	1	0	0	1.8469691118740215
41375.36824432577	2000.0	1231.6605312470879	0.0	0	0.0	2607.028775572864	1	0	1	1.0309519992204303
42281.18864158706	3000.0	1416.4221737119265	0.0	0	0.0	2697.610815298991	1	0	0	1.2297802033370335
43693.78380148572	3000.0	1145.0865298031274	0.0	0	0.0	2838.870331288839	1	0	0	1.823083378162728
44267.136746664284	1000.0	1571.7335846245583	0.0	0	0.0	2838.870331288832	1	0	1	-0.37852651747105703
45515.51323214595	2000.0	1198.5194505947227	0.0	0	0.0	2714.0326827406607	1	0	2	0.5298992360604251
46388.23079215481	2000.0	1238.5301345849755	0.0	0	0.0	2626.760926739771	1	0	2	1.4324869031148413
46921.040467374354	2000.0	1652.4394918434723	0.0	0	0.0	2573.4799592178097	1	0	2	1.438371143920076
47650.691492056416	3000.0	1849.823364693202	0.0	0	0.0	2500.5148567496	1	0	2	1.4451944613950511
48596.02303842487	3000.0	1809.9586636879046	0.0	0	0.0	2405.981702112753	1	0	2	1.8597423002978832
49288.8820076391	3000.0	2047.813797552257	0.0	0	0.0	2336.6958051913243	1	0	2	1.8671537143778476
50225.25996759027	3000.0	2017.7980416059772	0.0	0	0.0	2243.058009196211	1	0	2	1.8754788382648788
51764.71691998888	3000.0	1324.3953939675016	0.0	0	0.0	2089.1123139563497	1	0	2	1.8897357249739146
53116.001439862215	3000.0	1108.239326081497	0.0	0	0.0	2224.2407659436794	1	0	0	1.483665915199608
54273.26962358246	3000.0	1066.6979607332732	0.0	0	0.0	2339.9675843156947	1	0	0	1.8713250278386355
55083.723792337696	3000.0	1337.2892088535634	0.0	0	0.0	2421.0130011912042	1	0	0	1.8626302575579157
55890.646581238194	2000.0	1611.0586988431114	0.0	0	0.0	2501.7052800812526	1	0	0	1.0434156097678862
56881.16123837363	2000.0	1719.5955074212134	0.0	0	0.0	2600.756745794788	1	0	0	1.439484833877805
57663.514419676074	2000.0	1859.0070079885254	0.0	0	0.0	2522.521427664542	1	0	2	1.0429526493634163
58456.9706105071	2000.0	1986.2051980743927	0.0	0	0.0	2443.1758085814436	1	0	2	1.4510840085451446
59648.878194625766	3000.0	1675.1068555438592	0.0	0	0.0	2323.9850501695764	1	0	2	1.461908965801676
60641.686197933	3000.0	1583.0180519058963	0.0	0	0.0	2224.7042498388473	1	0	2	1.8771746310782695
62007.00928629147	3000.0	1081.1626547115898	0.0	0	0.0	2088.1719410030128	1	0	2	1.8899001068503496
63298.54032903501	3000.0	918.7847162423976	0.0	0	0.0	2217.3250452773646	1	0	0	1.4842971622152599
64197.79325796272	2000.0	1019.5317873146798	0.0	0	0.0	2217.3250452773573	1	0	1	1.069922372249981
65190.938834394176	2000.0	1125.7007685263766	0.0	0	0.0	2316.639602920506	1	0	0	1.2679434232961047
65892.14929790779	2000.0	1424.4903050127775	0.0	0	0.0	2316.6396029205207	1	0	1	1.4654560245938297
66432.8716352708	2000.0	1937.8402013860546	0.0	0	0.0	2370.71183665681	1	0	0	1.2612737292807437
67758.73194224051	3000.0	1744.5659251133109	0.0	0	0.0	2503.29786735378	1	0	0	1.4502105159384784
68899.2043136034	3000.0	1604.0935537504074	0.0	0	0.0	2503.2978673537873	1	0	1	1.8522553062586677
70307.87436813829	2000.0	1054.5564937620343	0.0	0	0.0	2362.4308619002986	1	0	2	0.8521172997787645
71219.79381274493	2000.0	1051.445104694732	0.0	0	0.0	2271.238917439623	1	0	2	1.4679710701962658
72132.82718842622	2000.0	1047.108391445303	0.0	0	0.0	2179.9355798714823	1	0	2	1.476936774588251
72782.9899134017	2000.0	1331.9293939722793	0.0	0	0.0	2114.9193073739298	1	0	2	1.4840461697880662
73559.15576368809	2000.0	1633.380128714518	0.0	0	0.0	2192.5358924025495	1	0	0	1.079836000435272
74222.4830062525	3000.0	1970.052886150108	0.0	0	0.0	2192.5358924025495	1	0	1	1.4778663956456266
75200.0	3000.0	1894.7841930278648	0.0	0	323.8752000712411	2094.784193027808	1	0	2	1.6894239806636806
76639.36730646018	3000.0	1311.4801559216878	0.0	0	0.0	1950.8474623817892	1	0	2	1.903275956894555
77859.93129465352	2000.0	1090.9161677283314	0.0	0	0.0	1950.8474623817892	1	0	1	1.0965701305395374
78729.02012328675	2000.0	1221.8273390950903	0.0	0	0.0	1950.8474623817892	1	0	1	1.7020352386477022
79603.47030127888	2000.0	1347.3771611029686	0.0	0	0.0	1950.8474623817892	1	0	1	1.7020352386477022
80453.838477888	2000.0	1582.0458021547713	0.0	0	0.0	2035.8842800427083	1	0	0	1.2962909841283856
81841.43391784768	2000.0	1194.4503621950744	0.0	0	0.0	2035.8842800427083	1	0	1	1.4935315568816105
83392.32257516583	2000.0	643.5617048769261	0.0	0	0.0	2035.8842800427083	1	0	1	1.6935315568816107
84540.47206896162	2000.0	495.4122110811244	0.0	0	0.0	2035.8842800427083	1	0	1	1.6935315568816107
85463.08224831431	2000.0	587.884469169891	15.082437441441925	0	0.0	2050.966717484145	1	0	1	1.6015286884888154
86271.11136349934	2000.0	779.8553539848729	0.0	0	0.0	2050.966717484145	1	0	1	1.692023313137467
87078.03064187692	2000.0	972.9360756072774	0.0	0	0.0	2050.966717484145	1	0	1	1.692023313137467
87720.61078146126	2000.0	1394.6139499813664	0.0	0	0.0	2115.2247314425913	1	0	0	1.2872097831615608
88452.21592194398	3000.0	1663.0088094986672	0.0	0	0.0	2115.224731442606	1	0	1	1.485597511741621
90051.89907402585	3000.0	903.3573422086081	0.0	0	0.0	1955.2564162344206	1	0	2	1.7018240759695626
91803.95341043448	2000.0	200.0	48.696994200039825	0	0.0	2003.9534104344493	1	0	1	0.8002387723445061
92368.36309928137	1000.0	730.565492355671	94.97518120255003	0	0.0	2098.928591637028	1	0	1	-0.2689183226130121
93184.4523529018	2000.0	914.4762387352351	0.0	0	0.0	2098.928591637028	1	0	1	0.9940799451622333
94286.93447485176	2000.0	811.9941167852819	0.0	0	0.0	2098.9285916370427	1	0	1	1.6872271257221771
95026.06995042252	2000.0	1072.8586412145287	0.0	0	0.0	2098.9285916370427	1	0	1	1.6872271257221771
95783.05759332287	2000.0	1391.5697626042074	0.0	0	0.0	2174.6273559270485	1	0	0	1.2815305228700586
97395.0206778511	3000.0	779.6066780759688	0.0	0	0.0	2174.6273559270485	1	0	1	1.4796572492931765
98564.33129776658	2000.0	610.2960581605123	0.0	0	0.0	2174.6273559270485	1	0	1	1.274192141185012
99606.82135639292	2000.0	567.8059995341678	0.0	0	0.0	2174.6273559270485	1	0	1	1.6796572492931765
100345.2652050813	2000.0	829.3621508457832	0.0	0	0.0	2174.6273559270485	1	0	1	1.6796572492931765
101582.2042572059	2000.0	592.4230987211838	0.0	0	0.0	2174.627355927034	1	0	1	1.679657249293178
102524.7845635699	1000.0	649.8427923571735	0.0	0	0.0	2174.627355927034	1	0	1	0.2933628881732877
103251.01934427298	1000.0	923.6080116541057	0.0	0	0.0	2174.627355927034	1	0	1	0.9865100687332329
104012.52119055235	1000.0	1162.1061653747238	0.0	0	0.0	2174.6273559270194	1	0	1	0.9865100687332342
104469.21660718937	1000.0	1705.410748737711	0.0	0	0.0	2174.6273559270194	1	0	1	0.9865100687332342
105484.03917195927	2000.0	1690.588183967815	0.0	0	0.0	2174.6273559270194	1	0	1	0.9865100687332342
106200.0	2000.0	2046.2234387311603	0.0	0	115.48836567348917	2246.2234387311037	1	0	0	1.2748387793019953
107700.10857199851	3000.0	1546.1148667326477	0.0	0	0.0	2246.223438731089	1	0	1	1.4724976410127726
109511.60324105198	3000.0	915.7696645845172	0.0	0	0.0	2427.37290563641	1	0	0	1.6645451785810346
110211.15232686534	2000.0	1216.2205787711584	0.0	0	0.0	2427.37290563641	1	0	1	1.0489175862140758
111115.57446816095	2000.0	1402.2406516051092	0.0	0	0.0	2517.8151197659754	1	0	0	1.2475406552587827
112629.56496478268	3000.0	888.2501549833886	0.0	0	0.0	2517.8151197659754	1	0	1	1.445338472909284
113692.44809081008	2000.0	825.3670289559883	0.0	0	0.0	2517.8151197659754	1	0	1	1.239873364801119
114599.94766551332	2000.0	917.8674542527625	0.0	0	0.0	2517.8151197659754	1	0	1	1.6453384729092837
115536.82872791572	3000.0	980.9863918503522	0.0	0	0.0	2517.8151197659754	1	0	1	1.645338472909284
116856.18276446528	3000.0	661.632355300809	0.0	0	0.0	2517.815119765961	1	0	1	2.05080358101745
118229.00872323284	2000.0	288.8063965332584	0.0	0	0.0	2517.815119765961	1	0	1	1.2398733648011206
119286.97178072782	2000.0	466.1449426917816	235.30160365348848	0	0.0	2753.1167234194436	1	0	1	0.20999869062300602
119843.72814584541	1000.0	909.3885775742015	0.0	0	0.0	2753.1167234194436	1	0	1	0.23551395142404663
120651.59213123444	2000.0	1101.5245921851708	0.0	0	0.0	2753.1167234194436	1	0	1	0.9286611319839918
121899.48013230758	2000.0	853.6365911120408	0.0	0	0.0	2753.1167234194436	1	0	1	1.621808312543937
122510.567886564	1000.0	1242.5488368556425	0.0	0	0.0	2753.1167234194436	1	0	1	0.23551395142404663
123919.64522117817	2000.0	833.4715022414673	0.0	0	0.0	2753.116723419429	1	0	1	0.9286611319839932
124294.07320547018	1000.0	1459.043517949461	0.0	0	0.0	2753.1167234194436	1	0	1	0.23551395142404663
125139.4180471607	2000.0	1613.6986762589454	0.0	0	0.0	2753.116723419429	1	0	1	0.9286611319839932
125819.41078117395	2000.0	1865.7066688443585	0.0	0	0.0	2685.117450018093	1	0	2	1.2267639876637804
126429.16210822354	2000.0	2194.980209089823	0.0	0	0.0	2624.1423173131334	1	0	2	1.4332384009362404
127561.85862842116	3000.0	1949.0140368724417	0.0	0	0.0	2510.8726652933838	1	0	2	1.4428895827507144
129341.41404243276	3000.0	991.503081459681	0.0	0	0.0	2332.9171238922136	1	0	2	1.8640967484590996
130841.4903606399	3000.0	641.4343950732599	0.0	0	0.0	2482.924755712913	1	0	0	1.458099856575798
132629.36150186634	2000.0	200.0	346.4367461531641	0	0.0	2829.361501866093	1	0	1	-1.0599205492974249
133406.78270525028	1000.0	601.5425018061454	178.96370519004546	0	0.0	3008.3252070561866	1	0	1	-0.8637891280798982
134279.14912241488	1000.0	729.1760846415684	0.0	0	0.0	3008.3252070561866	1	0	1	0.9031402836203175
134978.73646870634	1000.0	1029.5887383501286	0.0	0	0.0	3008.3252070561866	1	0	1	0.9031402836203175
135468.21095547423	1000.0	1540.1142515822228	0.0	0	0.0	3008.3252070561866	1	0	1	0.9031402836203175
136891.06120194792	2000.0	974.9789804612121	0.0	0	0.0	2866.0401824088476	1	0	2	0.5132552252842366
137541.93116060697	1000.0	1324.1090218021661	0.0	0	0.0	2866.0401824088185	1	0	1	0.02422160552510899
138652.89679647333	2000.0	1213.1433859357708	0.0	0	0.0	2866.0401824088185	1	0	1	0.9173687860850543
139423.5734283281	2000.0	1365.3990908955639	0.0	0	0.0	2788.9725192233745	1	0	2	1.2164216393536877
140074.51995508606	2000.0	1649.357911461792	0.0	0	0.0	2723.8778665475547	1	0	2	1.4231359855559715
141122.7909043004	3000.0	1496.259867325995	0.0	0	0.0	2619.050771626091	1	0	2	1.4322986262672277
142914.26634098293	3000.0	525.6368869751772	0.0	0	0.0	2439.9032279577805	1	0	2	1.8529243690476118
143943.16266917315	1000.0	496.7405587849206	0.0	0	0.0	2439.9032279577805	1	0	1	-0.33862980713795165
144704.24218303128	1000.0	735.6610449267941	0.0	0	0.0	2439.9032279577805	1	0	1	0.9599824815301582
145354.17628162832	1000.0	1085.726946329756	0.0	0	0.0	2439.9032279577805	1	0	1	0.9599824815301582
146199.1147299864	1000.0	1240.7884979716061	0.0	0	0.0	2439.9032279577805	1	0	1	0.9599824815301582
147112.45013156073	2000.0	1327.4530963972645	0.0	0	0.0	2439.9032279577805	1	0	1	0.959982481530158
148037.51335598237	2000.0	1402.3898719756396	0.0	0	0.0	2439.9032279577805	1	0	1	1.653129662090103
149248.69027466502	2000.0	1191.212953292998	0.0	0	0.0	2439.9032279577805	1	0	1	1.653129662090103
150054.611351551	2000.0	1304.6997687184016	0.0	0	0.0	2359.3111202691507	1	0	2	1.2592548048399745
150970.05411185944	2000.0	1297.712732379088	0.0	0	0.0	2267.7668442383	1	0	2	1.4680986840748063
152083.6264259244	3000.0	1295.4976497206417	0.0	0	0.0	2379.124075644795	1	0	0	1.0621152600802453
152911.57960256404	3000.0	1467.5444730809986	0.0	0	0.0	2379.124075644795	1	0	1	1.864672685429567
153786.1495392352	3000.0	1592.974536409856	0.0	0	0.0	2379.124075644766	1	0	1	2.0646726854295694
155159.70521884412	3000.0	1082.0632888400517	0.0	0	0.0	2241.7685076838825	1	0	2	1.6744378539024747
157011.4003666809	2000.0	200.0	140.72852161852512	0	0.0	2211.4003666806093	1	0	2	0.23078039661041244
157433.79881994842	1000.0	796.0909996567545	18.489452924260718	0	0.0	2229.8898196048685	1	0	1	-0.023100075740060344
158205.1343097838	2000.0	1024.7555098213286	0.0	0	0.0	2229.8898196048394	1	0	1	0.9809838223654521
158884.82951130034	2000.0	1345.0603083048181	0.0	0	0.0	2229.8898196048394	1	0	1	1.6741310029253973
159464.2047761995	2000.0	1823.6225698955561	0.0	0	0.0	2287.8273460947385	1	0	0	1.269666933955608
160262.59620797035	2000.0	2105.0702813017747	0.0	0	0.0	2367.666489271767	1	0	0	1.462440320302184
161217.42749163898	3000.0	2054.7558692662597	0.0	0	9.507150875375373	2272.1833609048917	1	0	2	1.066792562394764
163622.73956781498	3000.0	649.4437930902686	0.0	0	0.0	2272.1833609048626	1	0	1	1.87536675690356
164593.0550061372	1000.0	679.1283547680462	0.0	0	0.0	2272.1833609048626	1	0	1	-0.12185782043265972
165509.01161668776	1000.0	763.1717442175215	0.0	0	0.0	2272.1833609048917	1	0	1	0.976754468235447
166171.48959926693	1000.0	1100.6937616383302	0.0	0	0.0	2272.1833609048917	1	0	1	0.976754468235447
167117.35793504005	2000.0	1154.8254258652387	0.0	0	0.0	2272.1833609048917	1	0	1	0.976754468235447
167806.3605807943	2000.0	1465.8227801109604	0.0	0	0.0	2272.1833609048917	1	0	1	1.6699016487953922
168670.9041381582	2000.0	1687.7335784834638	0.0	0	0.0	2358.6377166413004	1	0	0	1.2635039291421528
169678.6753778313	3000.0	1679.9623388103296	0.0	0	0.0	2358.6377166412713	1	0	1	1.4612562132217546
170872.4591995427	3000.0	1366.8001349277838	0.0	0	0.0	2239.2593344701163	1	0	2	1.6757276807242896
171873.07755094903	3000.0	1266.119948380809	0.0	0	0.0	2139.197499329457	1	0	2	1.886126922188498
173244.04281718138	3000.0	895.1546821484591	0.0	0	0.0	2139.197499329457	1	0	1	1.8886653430611002
174402.68126082057	2000.0	736.5162385092619	0.0	0	0.0	2139.197499329428	1	0	1	1.2777351268447723
175500.93268033216	2000.0	638.2648189976381	0.0	0	0.0	2139.197499329428	1	0	1	1.6832002349529385
176446.02866651613	2000.0	693.1688328136694	0.0	0	0.0	2139.197499329428	1	0	1	1.6832002349529385
177797.32385206225	2000.0	341.87364726751866	0.0	0	0.0	2139.197499329428	1	0	1	1.6832002349529385
178163.03484836416	1000.0	976.162650965612	0.0	0	0.0	2139.197499329428	1	0	1	0.2969058738330482
179094.42084633323	2000.0	1044.7766529965515	0.0	0	0.0	2139.197499329457	1	0	1	0.9900530543929927
179870.33455693143	2000.0	1346.4543134581606	0.0	0	0.0	2216.7888703892822	1	0	0	1.2773750670857198
180498.20172448744	3000.0	1718.587145902146	0.0	0	0.0	2216.7888703892822	1	0	1	1.4754410978469532
181624.6536891842	3000.0	1704.7803776750657	0.0	0	0.0	2329.4340668589575	1	0	0	1.6730001505072032
182999.6892948807	3000.0	1329.7447719785832	0.0	0	0.0	2329.4340668589575	1	0	1	1.8696416863081504
183823.79734574666	2000.0	1423.225916026028	0.0	0	0.0	2247.0232617723814	1	0	2	0.8646843187493671
184558.5540624041	2000.0	1614.9935277028667	0.0	0	0.0	2173.5475901066093	1	0	2	1.4779510320933085
185626.0109716831	3000.0	1547.536618423823	0.0	0	0.0	2173.54759010658	1	0	1	1.4797652258752232
186748.99680415535	3000.0	1424.5507859515694	0.0	0	0.0	2173.5475901066093	1	0	1	2.085230333983385
187877.38624071676	3000.0	1296.161349390119	0.0	0	0.0	2173.5475901066093	1	0	1	2.085230333983385
189240.3907151371	3000.0	933.1568749697927	0.0	0	0.0	2173.5475901066093	1	0	1	2.085230333983385
190102.27005704094	2000.0	1071.2775330659535	0.0	0	0.0	2173.5475901066384	1	0	1	1.2743001177670528
191017.66726382996	2000.0	1155.8803262769397	0.0	0	0.0	2173.5475901066384	1	0	1	1.6797652258752174
192213.56548235368	2000.0	1079.5719296056122	0.0	0	0.0	2293.1374119590328	1	0	0	1.2712860065887215
193792.3660715581	2000.0	500.77134040118784	0.0	0	0.0	2293.1374119590328	1	0	1	1.467806243689978
194342.34836226975	1000.0	950.7890496894762	0.0	0	0.0	2293.137411959062	1	0	1	0.28151188257008486
195348.00180254492	2000.0	945.135609414347	0.0	0	0.0	2293.137411959062	1	0	1	0.97465906313003
196168.6297464578	2000.0	1206.5704598927741	0.0	0	0.0	2375.2002063503023	1	0	0	1.2616487883274279
196861.54513982878	3000.0	1513.655066521771	0.0	0	0.0	2375.200206350273	1	0	1	1.4595999642508541
197584.44674172404	3000.0	1718.4633044370019	0.0	0	0.0	2302.910046160745	1	0	2	1.6705046555069782
198344.3401250836	3000.0	1882.5805827415033	0.0	0	0.0	2226.9207078248146	1	0	2	1.8777042126926227
199200.0	3000.0	1941.354720333462	0.0	0	248.19292874023085	2141.3547203331836	1	0	2	1.8851887670065
200854.07800757405	3000.0	1121.8689120020013	0.0	0	0.0	1975.946919575741	1	0	2	1.9010191601036526
202110.4175234954	3000.0	865.5293960806422	0.0	0	0.0	1975.946919575741	1	0	1	1.9049904010364718
203138.99697180177	2000.0	836.9499477742752	0.0	0	0.0	1975.946919575741	1	0	1	1.2940601848201427
203747.56988255345	2000.0	1228.3770370225648	0.0	0	0.0	1975.946919575741	1	0	1	1.6995252929283073
204870.69736982498	2000.0	1217.562298478209	0.0	0	0.0	2088.259668302955	1	0	0	1.2916006413833483
205695.28298624605	2000.0	1392.9766820571404	0.0	0	0.0	2088.259668302955	1	0	1	1.488294018055586
206557.0338966957	2000.0	1531.225771607463	0.0	0	0.0	2088.259668302955	1	0	1	1.6882940180555859
207365.27470252156	2000.0	1803.8090463642047	0.0	0	0.0	2169.0837488854886	1	0	0	1.2818373388856743
208200.0	2000.0	2052.5562786336177	0.0	0	7.478691939410055	2252.556278633332	1	0	0	1.4740178471516474
209200.0	3000.0	1952.5562786336238	0.0	0	170.709643081791	2152.556278633361	1	0	2	1.0784743484254378
210200.0	3000.0	1852.556278633589	0.0	0	258.5580883847142	2052.556278633303	1	0	2	1.8937151171655653
211365.90279455038	3000.0	1570.0632046281462	0.0	0	0.0	1935.9659991782682	1	0	2	1.906064503284907
212487.7620565375	3000.0	1448.2039426410352	0.0	0	0.0	1935.9659991782682	1	0	1	1.908988493076219
213879.0969739234	3000.0	1196.002516993697	0.0	0	0.0	2075.099490916851	1	0	0	1.6981786385527542
215033.4519827852	3000.0	1157.0830090181053	0.0	0	0.0	2190.534991803055	1	0	0	1.8864094472113122
215919.24145214682	3000.0	1359.8724865926454	0.0	0	0.0	2279.1139387392323	1	0	0	1.8769667614351868
216757.69767927402	3000.0	1521.416259465422	0.0	0	0.0	2279.1139387392323	1	0	1	1.874673699120123
218556.53659410952	3000.0	722.5773446299103	0.0	0	0.0	2279.1139387392323	1	0	1	2.074673699120123
219534.16464943183	1000.0	744.9492893076027	0.0	0	0.0	2279.1139387392614	1	0	1	-0.12255087821609986
220222.49980775945	1000.0	1056.6141309799755	0.0	0	0.0	2279.1139387392614	1	0	1	0.9760614104520088
221034.26426272	2000.0	1244.8496760194498	0.0	0	0.0	2279.1139387392614	1	0	1	0.9760614104520101
221943.31001267096	2000.0	1335.8039260684968	0.0	0	0.0	2279.1139387392614	1	0	1	1.6692085910119552
222803.12860411848	2000.0	1561.9671937657486	0.0	0	0.0	2365.095797884016	1	0	0	1.262672247767012
223691.06932639913	3000.0	1674.026471485098	0.0	0	0.0	2365.095797884016	1	0	1	1.4606104050974797
224944.47363174707	3000.0	1295.2817356023838	0.0	0	0.0	2239.755367349222	1	0	2	1.6745796616300042
226358.0703754426	3000.0	1023.0446662764351	0.0	0	0.0	2381.11504171876	1	0	0	1.4678561726980819
227146.41880114612	2000.0	1234.6962405729048	0.0	0	0.0	2381.11504171876	1	0	1	1.0535433726058407
227803.73646532072	2000.0	1643.1103428157908	0.0	0	0.0	2446.846808136208	1	0	0	1.2542082494404818
228899.21147688117	2000.0	1657.1828324113953	0.0	0	0.0	2556.3943092922564	1	0	0	1.4442663488793153
230204.4559781075	2000.0	1482.46278130772	0.0	0	0.0	2686.918759414897	1	0	0	1.4320813614984327
231618.076515476	2000.0	927.4801902024133	0.0	0	0.0	2545.5567056780856	1	0	2	1.0389412806392673
232331.40791913457	1000.0	1214.1487865438394	0.0	0	0.0	2545.5567056780856	1	0	1	0.05626995319818218
233614.80445297205	2000.0	930.7522527062999	0.0	0	0.0	2545.5567056780565	1	0	1	0.9494171337581305
234597.9545753215	2000.0	947.6021303568832	0.0	0	0.0	2545.5567056780565	1	0	1	1.6425643143180757
235447.9402805469	2000.0	1097.6164251314358	0.0	0	0.0	2545.5567056780274	1	0	1	1.642564314318078
236112.56217468117	2000.0	1499.4567204105965	0.0	0	0.0	2612.01889509146	1	0	0	1.2375655105197376
237058.45768831938	3000.0	1553.561206772381	0.0	0	0.0	2612.0188950914307	1	0	1	1.4359180953767385
237876.4118277998	3000.0	1735.6070672919661	0.0	0	0.0	2612.0188950914307	1	0	1	2.041383203484903
240335.85087800355	3000.0	200.0	154.3417163019352	0	0.0	2535.850878003199	1	0	2	0.7288407198122119
240938.1679279009	1000.0	670.6889980324397	73.00604792980087	0	0.0	2608.8569259330106	1	0	1	-0.7935614645142801
241442.6544882351	1000.0	1166.2024376982336	0.0	0	0.0	2608.8569259330397	1	0	1	0.9430871117326323
242233.95678107548	2000.0	1374.9001448578597	0.0	0	0.0	2608.8569259330397	1	0	1	0.9430871117326323
242887.79923891657	2000.0	1721.0576870167513	0.0	0	0.0	2608.8569259330397	1	0	1	1.6362342922925774
243449.53533529915	2000.0	2215.495200272448	0.0	0	0.0	2665.0305355713353	1	0	0	1.2319360074166248
244345.5075028986	3000.0	2229.925815913057	0.0	0	0.0	2575.4333188113815	1	0	2	1.0371579714636914
245784.72035227227	3000.0	1646.7916816020293	0.0	0	0.0	2431.5120338739653	1	0	2	1.8545438598983517
247317.30323387613	2000.0	960.9505118378177	0.0	0	0.0	2278.2537457135913	1	0	2	1.0602883037323527
248338.39133588638	2000.0	837.7535996265696	0.0	0	0.0	2176.144935512595	1	0	2	1.4774203317453383
249414.87639000645	2000.0	761.2685455065252	0.0	0	0.0	2176.144935512595	1	0	1	1.4795054913346228
250197.49772159892	2000.0	978.6472139140561	0.0	0	0.0	2176.144935512624	1	0	1	1.6795054913346212
250745.3088591202	1000.0	1430.8360763927892	0.0	0	0.0	2176.144935512624	1	0	1	0.29321113021472855
252523.29198434966	2000.0	652.8529511633318	0.0	0	0.0	2176.1449355126533	1	0	1	0.986358310774671
253080.14490285976	1000.0	1096.000032653247	0.0	0	0.0	2176.1449355126533	1	0	1	0.293211130214728
253589.56282459197	1000.0	1586.5821109210437	0.0	0	0.0	2176.1449355126533	1	0	1	0.9863583107746708
254508.57639505735	2000.0	1575.6671834090982	0.0	0	0.0	2084.243578466063	1	0	2	0.5935076845687923
255418.81530134397	2000.0	1574.4043864938176	0.0	0	0.0	1993.2196878374089	1	0	2	1.4956080759451846
256200.0	2000.0	1871.3381577033947	0.0	0	3.045397796231555	2071.338157702994	1	0	0	1.0920835670497961
257498.6825176566	3000.0	1572.6556400468085	0.0	0	0.0	2071.338157702994	1	0	1	1.489986169115582
259298.4845057561	3000.0	952.8338507572416	0.0	0	0.0	2251.3183565129	1	0	0	1.6816336094249464
260648.4978863472	3000.0	737.8218082252038	0.0	0	0.0	2386.3196945719537	1	0	0	1.8676672227184008
261342.0186977977	2000.0	1044.3009967747425	0.0	0	0.0	2386.3196945719537	1	0	1	1.0530229073205215
262326.715582885	2000.0	1059.6041116873953	0.0	0	0.0	2386.3196945719537	1	0	1	1.6584880154286832
263415.80441577133	3000.0	1079.4241620897112	0.0	0	0.0	2495.228577860573	1	0	0	1.2503123958691527
264128.7670576193	2000.0	1437.757784426535	0.0	0	0.0	2566.524842045357	1	0	0	1.0366986720622107
264946.41608308547	3000.0	1701.8736615069047	0.0	0	0.0	2648.2897445918643	1	0	0	1.4343050455616981
266121.7641843213	3000.0	1408.9907501474863	0.0	0	0.0	2530.7549344682484	1	0	2	1.446088671972555
267451.6238157853	2000.0	946.1451555370331	0.0	0	0.0	2397.768971321755	1	0	2	1.0488039113951957
268656.94274882245	2000.0	620.2943291961212	0.0	0	0.0	2277.237078018021	1	0	2	1.4661582481651387
269795.60639999865	2000.0	481.63067801992554	0.0	0	0.0	2277.2370780179626	1	0	1	1.469396277084085
271108.3518371808	2000.0	332.20011486992877	163.31487403215817	0	0.0	2440.5519520500093	1	0	1	0.6731755454879267
271922.3104443054	1000.0	576.7245681581753	58.48306041292358	0	0.0	2499.035012462875	1	0	1	-0.08997623995783788
272520.2252004935	1000.0	978.8098119700164	0.0	0	0.0	2499.0350124628167	1	0	1	0.9540693030796545
273167.27253514546	1000.0	1331.7624773181285	0.0	0	0.0	2499.035012462875	1	0	1	0.9540693030796488
273934.3071239148	2000.0	1564.7278885487954	0.0	0	0.0	2499.035012462875	1	0	1	0.9540693030796488
274584.4410437763	2000.0	1849.5805767012223	0.0	0	0.0	2434.021620476735	1	0	2	1.2520366379151338
275381.96982931637	2000.0	1972.2989126071786	0.0	0	0.0	2354.2687419228023	1	0	2	1.4600022875475798
276422.96689501527	3000.0	1827.2021403383594	0.0	0	0.0	2250.169035352883	1	0	2	1.4693529482032113
277322.29974674387	3000.0	1837.9360034368851	0.0	0	0.0	2160.2357501799706	1	0	2	1.8835286555824164
278698.03473982605	3000.0	1462.2010103546716	0.0	0	0.0	2160.2357501799124	1	0	1	1.8865615179760549
280496.49122856534	3000.0	843.590170489281	0.0	0	0.0	2340.081399053859	1	0	0	1.6744550138095642
281492.754527982	1000.0	847.3268710726095	0.0	0	0.0	2340.081399053859	1	0	1	-0.32864762424755917
282147.0635650891	1000.0	1193.0178339655213	0.0	0	0.0	2340.081399053801	1	0	1	0.9699646644205526
282989.1275413392	1000.0	1350.9538577154021	0.0	0	0.0	2340.081399053801	1	0	1	0.9699646644205562
283551.373151968	1000.0	1788.708247086676	0.0	0	0.0	2340.0813990537426	1	0	1	0.969964664420562
284624.27715313755	2000.0	1608.5138458001804	0.0	0	0.0	2232.790998936747	1	0	2	0.5782338435321503
286224.03266312176	2000.0	848.7827848176239	0.0	0	0.0	2072.8154479383957	1	0	2	1.4858097828204508
287345.7120535233	2000.0	727.1033944161057	0.0	0	0.0	2072.8154479383957	1	0	1	1.4898384400920395
288068.92302289064	2000.0	1003.8924250487132	0.0	0	0.0	2072.8154479383957	1	0	1	1.6898384400920419
288827.48973476875	2000.0	1245.3257131706287	0.0	0	0.0	2072.8154479383957	1	0	1	1.6898384400920419
289842.506262293	3000.0	1230.3091856463307	0.0	0	0.0	2072.8154479383957	1	0	1	1.689838440092042
291082.36920257297	3000.0	990.4462453663757	0.0	0	0.0	2072.8154479383375	1	0	1	2.095303548200208
292926.8763148061	3000.0	330.38984435658097	0.0	0	0.0	2257.2661591616925	1	0	0	1.682198074011419
293835.3985663281	1000.0	573.3365867416808	151.46899390714447	0	0.0	2408.7351530688466	1	0	1	-1.244326963091925
294653.3650826089	1000.0	755.3700704608227	0.0	0	0.0	2408.7351530688466	1	0	1	0.9630992890190515
295524.2341330767	1000.0	884.5010199930658	0.0	0	0.0	2408.7351530689048	1	0	1	0.9630992890190457
296070.9558702851	1000.0	1337.7792827846047	0.0	0	0.0	2408.7351530689048	1	0	1	0.9630992890190457
297053.8845824301	2000.0	1354.8505706395952	0.0	0	0.0	2408.7351530689048	1	0	1	0.9630992890190456
298328.06272572547	2000.0	1080.672427344231	0.0	0	0.0	2408.735153068963	1	0	1	1.6562464695789871
299149.35249893623	2000.0	1259.3826541334493	0.0	0	0.0	2408.735153068963	1	0	1	1.656246469578985
299923.846630379	2000.0	1562.3379358349919	0.0	0	0.0	2486.1845662132255	1	0	0	1.250424714270453
301053.5318391974	3000.0	1432.652727016578	0.0	0	0.0	2486.1845662132255	1	0	1	1.448501528264559
3.37	3.42	1.99	1.3	1.48	1.97	2.56	3.29	3.13	1.09	1.49	1.32	1.1	1.74	2.41	2.94	2.93	3.29	3.3	3.32	2.05	1.81	1.63	2.11	1.96	1.95	2.71	3.36	3.88	2.65	1.67	2.22	2.77	3.01	2.88	3.3	1.83	2.11	2.62	2.37	1.38	1.8	2.51	3.01	3.6	4.29	3.95	2.09	2.35	2.17	2.41	2.77	1.88	2.0	2.49	3.32	3.72	3.13	2.36	2.46	2.03	2.54	2.48	3.13	3.01	1.82	1.09	1.6	2.09	2.81	3.32	3.86	2.22	1.59	2.0	2.36	2.56	1.59	1.59	1.63	1.95	2.02	2.75	2.93	2.97	3.29	1.74	1.31	1.63	1.89	2.34	2.9	2.63	1.24	1.55	1.76	2.41	2.66	1.41	0.97	1.61	2.14	2.77	2.77	2.21	2.1	2.22	2.83	2.48	2.02	2.59	3.15	3.93	2.24	1.61	2.22	2.04	2.09	1.78	1.56	1.62	2.35	2.63	3.45	3.28	1.7	2.54	2.56	1.25	1.38	1.27	1.92	2.14	1.53	1.99	2.61	3.2	3.2	2.73	1.56	1.23	1.47	1.24	1.69	1.73	1.88	2.4	2.95	3.37	2.97	3.37	3.42	1.99	1.3	1.48	1.97	2.56	3.29	3.13	1.09	1.49	1.32	1.1	1.74	2.41	2.94	2.93	3.29	3.3	3.32	2.05	1.81	1.63	2.11	1.96	1.95	2.71	3.36	3.88	2.65	1.67	2.22	2.77	3.01	2.88	3.3	1.83	2.11	2.62	2.37	1.38	1.8	2.51	3.01	3.6	4.29	3.95	2.09	2.35	2.17	2.41	2.77	1.88	2.0	2.49	3.32	3.72	3.13	2.36	2.46	2.03	2.54	2.48	3.13	3.01	1.82	1.09	1.6	2.09	2.81	3.32	3.86	2.22	1.59	2.0	2.36	2.56	1.59	1.59	1.63	1.95	2.02	2.75	2.93	2.97	3.29	1.74	1.31	1.63	1.89	2.34	2.9	2.63	1.24	1.55	1.76	2.41	2.66	1.41	0.97	1.61	2.14	2.77	2.77	2.21	2.1	2.22	2.83	2.48	2.02	2.59	3.15	3.93	2.24	1.61	2.22	2.04	2.09	1.78	1.56	1.62	2.35	2.63	3.45	3.28	1.7	2.54	2.56	1.25	1.38	1.27	1.92	2.14	1.53	1.99	2.61	3.2	3.2	2.73	1.56	1.23	1.47	1.24	1.69	1.73	1.88	2.4	2.95	3.37	2.97	3.37	3.42
1.0	2.0	3.0	4.0	5.0	6.0	7.0	8.0	9.0	10.0	11.0	12.0	13.0	14.0	15.0	16.0	17.0	18.0	19.0	20.0	21.0	22.0	23.0	24.0	25.0	26.0	27.0	28.0	29.0	30.0	31.0	32.0	33.0	34.0	35.0	36.0	37.0	38.0	39.0	40.0	41.0	42.0	43.0	44.0	45.0	46.0	47.0	48.0	49.0	50.0	51.0	52.0	53.0	54.0	55.0	56.0	57.0	58.0	59.0	60.0	61.0	62.0	63.0	64.0	65.0	66.0	67.0	68.0	69.0	70.0	71.0	72.0	73.0	74.0	75.0	76.0	77.0	78.0	79.0	80.0	81.0	82.0	83.0	84.0	85.0	86.0	87.0	88.0	89.0	90.0	91.0	92.0	93.0	94.0	95.0	96.0	97.0	98.0	99.0	100.0	101.0	102.0	103.0	104.0	105.0	106.0	107.0	108.0	109.0	110.0	111.0	112.0	113.0	114.0	115.0	116.0	117.0	118.0	119.0	120.0	121.0	122.0	123.0	124.0	125.0	126.0	127.0	128.0	129.0	130.0	131.0	132.0	133.0	134.0	135.0	136.0	137.0	138.0	139.0	140.0	141.0	142.0	143.0	144.0	145.0	146.0	147.0	148.0	149.0	149.0	150.0	151.0	152.0	153.0	154.0	155.0	156.0	157.0	158.0	159.0	160.0	161.0	162.0	163.0	164.0	165.0	166.0	167.0	168.0	169.0	170.0	171.0	172.0	173.0	174.0	175.0	176.0	177.0	178.0	179.0	180.0	181.0	182.0	183.0	184.0	185.0	186.0	187.0	188.0	189.0	190.0	191.0	192.0	193.0	194.0	195.0	196.0	197.0	198.0	199.0	200.0	201.0	202.0	203.0	204.0	205.0	206.0	207.0	208.0	209.0	210.0	211.0	212.0	213.0	214.0	215.0	216.0	217.0	218.0	219.0	220.0	221.0	222.0	223.0	224.0	225.0	226.0	227.0	228.0	229.0	230.0	231.0	232.0	233.0	234.0	235.0	236.0	237.0	238.0	239.0	240.0	241.0	242.0	243.0	244.0	245.0	246.0	247.0	248.0	249.0	250.0	251.0	252.0	253.0	254.0	255.0	256.0	257.0	258.0	259.0	260.0	261.0	262.0	263.0	264.0	265.0	266.0	267.0	268.0	269.0	270.0	271.0	272.0	273.0	274.0	275.0	276.0	277.0	278.0	279.0	280.0	281.0	282.0	283.0	284.0	285.0	286.0	287.0	288.0	289.0	290.0	291.0	292.0	293.0	294.0	295.0	296.0	297.0	298.0	298.0	299.0	300.0
3058.824327410866
