6634.592273677293	300.0	2000.0	357.5512432919317	0	0.0	6634.592273677293	1	0	2	-3.200007777764168
7816.211969291364	1000.0	1700.218334824522	0.0	0	0.0	6516.4303041158855	1	0	2	-0.854802310322986
8497.164705893696	1000.0	1951.170324561958	0.0	0	0.0	6448.335030455654	1	0	2	0.35745633196294246
9296.819667316042	1000.0	2071.5498669973767	0.0	0	0.0	6368.369534313419	1	0	2	0.3653451306816106
9962.706724737778	1000.0	2339.0741038334686	0.0	0	0.0	6301.780828571247	1	0	2	0.3721769680692811
10518.064941905432	1000.0	2728.180064949049	0.0	0	0.0	6246.245006854481	1	0	2	0.37798023378301093
11034.214064649212	1000.0	3160.4160299308933	0.0	0	0.0	6194.630094580105	1	0	2	0.38299555017460635
11876.986254594663	1000.0	3233.366620990896	0.0	0	0.0	6110.352875585559	1	0	2	0.39086305867795307
12703.483207482199	1000.0	3324.2199728146074	0.0	0	0.0	6027.703180296806	1	0	2	0.398964933181692
14812.251102663313	2000.0	2004.5752881153792	0.0	0	0.0	5816.826390778691	1	0	2	0.41729770623134754
15576.56198759598	1000.0	2163.833314689443	0.0	0	0.0	5740.395302285422	1	0	2	-0.2652002940013479
16299.020304811676	1000.0	2369.12916575218	0.0	0	0.0	5668.149470563854	1	0	2	0.4355541909991007
16723.27255839822	1000.0	2902.451686806981	0.0	0	0.0	5625.7242452052	1	0	2	0.44039308897603424
17465.419183027992	2000.0	3086.090399714235	0.0	0	0.0	5551.509582742225	1	0	2	0.44700931464778026
18319.830631155794	2000.0	3146.237806773654	0.0	0	0.0	5466.068437929447	1	0	2	1.1485691514419414
18800.952035471153	2000.0	3617.0042620267586	0.0	0	0.0	5417.956297497913	1	0	2	1.1540573843020212
20240.592155786555	3000.0	3033.4001296798133	0.0	0	0.0	5273.992285466369	1	0	2	1.1654235997867497
21634.382327395724	2000.0	2500.230940909727	0.0	0	0.0	5134.613268305453	1	0	2	0.7743675457322372
22831.80154591852	2000.0	2183.069800534652	0.0	0	0.0	5014.871346453176	1	0	2	1.1926653525502242
24318.331756035688	2000.0	1547.8865694057663	0.0	0	0.0	4866.218325441456	1	0	2	1.2064623850167515
25111.945164213987	1000.0	1674.9118204096358	0.0	0	0.0	4786.856984623628	1	0	2	-0.1700769404433983
25833.13091519543	1000.0	1881.607494330046	0.0	0	0.0	4714.738409525486	1	0	2	0.530717200974664
26708.05996213738	1000.0	1919.1855426939005	0.0	0	0.0	4627.245504831295	1	0	2	0.5390351373735487
27262.571546908777	1000.0	2309.222799445359	0.0	0	0.0	4571.794346354152	1	0	2	0.5455472568291977
28494.252219444345	2000.0	1954.3740596562384	0.0	0	0.0	4448.626279100594	1	0	2	0.5556583721105149
29822.682962652245	2000.0	1493.1002421275439	0.0	0	0.0	4315.7832047798	1	0	2	1.2621772197756354
30651.79125782421	2000.0	1581.0811174383834	0.0	0	0.0	4232.872375262603	1	0	2	1.2716679702455325
31428.582359995657	2000.0	1726.6109050497935	0.0	0	0.0	4155.193265045455	1	0	2	1.2796185872722765
32225.69473921795	2000.0	1849.7872879052711	0.0	0	0.0	4075.4820271232275	1	0	2	1.2876855175307405
32750.859053932178	2000.0	2272.106541719622	0.0	0	0.0	4022.9655956518036	1	0	2	1.293520660806926
33729.66051655889	2000.0	2195.42493283024	0.0	0	0.0	3925.0854493891347	1	0	2	1.301781921543461
35127.387663042384	2000.0	1657.9250716984052	0.0	0	0.0	3785.3127347407935	1	0	2	1.3151351137486835
36190.19206032238	2000.0	1488.840234690399	0.0	0	0.0	3679.0322950127775	1	0	2	1.3265851982941534
37190.14901050617	2000.0	1388.8875894882265	0.0	0	0.0	3579.0365999943897	1	0	2	1.3365511234827743
38906.4331706995	2000.0	500.97501327556455	0.0	0	0.0	3407.408183975058	1	0	2	1.3501160199454185
39407.19376243889	1000.0	1000.2144215361744	0.0	0	0.0	3407.408183975058	1	0	1	-0.02991519463151493
39887.61502143946	1000.0	1519.7931625356096	0.0	0	0.0	3407.408183975058	1	0	1	0.8632319859284304
40971.60062264333	2000.0	1435.8075613317428	0.0	0	0.0	3407.408183975058	1	0	1	0.8632319859284303
41957.084709285875	1000.0	1450.3234746891926	0.0	0	0.0	3407.408183975058	1	0	1	0.17008480536848525
42569.791102267045	1000.0	1837.6170817080151	0.0	0	0.0	3407.4081839750506	1	0	1	0.8632319859284311
43702.325397901746	2000.0	1591.8293565098488	0.0	0	0.0	3294.1547544115892	1	0	2	0.47198412236745624
44587.677761048966	2000.0	1617.941757047898	0.0	0	0.0	3205.619518096857	1	0	2	1.3743561872723766
45668.97030928188	2000.0	1428.5199539916912	0.0	0	0.0	3097.4902632735684	1	0	2	1.3845781350170396
47204.57445088447	2000.0	739.3553982288497	0.0	0	0.0	2943.929849113316	1	0	2	1.3981028020837096
48165.48773443618	1000.0	778.4421146771351	0.0	0	0.0	2943.929849113316	1	0	1	0.01643263885465912
48950.11008284559	1000.0	993.819766267722	0.0	0	0.0	2943.929849113316	1	0	1	0.9095798194146045
49433.806578275005	1000.0	1510.1232708383038	0.0	0	0.0	2943.929849113316	1	0	1	0.9095798194146045
50492.57946620922	2000.0	1451.3503829040883	0.0	0	0.0	2943.929849113316	1	0	1	0.9095798194146045
51973.96373229709	2000.0	821.8276902074294	0.0	0	0.0	2795.7914225045242	1	0	2	1.2138274342200197
52748.38113789699	1000.0	1047.4102846075339	0.0	0	0.0	2795.7914225045242	1	0	1	0.031246481515538493
53525.09431838945	1000.0	1270.6971041150764	0.0	0	0.0	2795.791422504517	1	0	1	0.9243936620754845
54944.99089830636	2000.0	850.8005241981728	0.0	0	0.0	2795.791422504517	1	0	1	0.9243936620754845
55686.50240065873	1000.0	1109.2890218458056	0.0	0	0.0	2795.791422504517	1	0	1	0.23124648151553928
56251.227706763006	1000.0	1544.5637157415301	0.0	0	0.0	2795.791422504517	1	0	1	0.9243936620754845
57425.205562201736	2000.0	1253.1880747589273	0.0	0	0.0	2678.3936369606454	1	0	2	0.533432630981511
58207.89802882236	2000.0	1392.2263614762337	0.0	0	0.0	2600.1243902985807	1	0	2	1.4350387940248213
59326.56727591411	2000.0	1161.6901896753002	0.0	0	0.0	2488.2574655893914	1	0	2	1.4455871334623995
59984.78749847004	2000.0	1437.6479448637726	0.0	0	0.0	2422.4354433337794	1	0	2	1.4531827227963063
60536.08698647689	2000.0	1941.478405657614	0.0	0	0.0	2477.5653921344783	1	0	0	1.050824236096975
61693.138432239146	3000.0	1668.7218153191327	0.0	0	0.0	2361.8602475582593	1	0	2	1.0575364737038369
62936.80436167382	3000.0	1300.6892929409994	0.0	0	0.0	2237.493654614802	1	0	2	1.8754028584015678
63746.38967612217	2000.0	1410.1454470478184	0.0	0	0.0	2156.535123169975	1	0	2	1.073874219138606
64722.852281560656	2000.0	1336.0365810654844	0.0	0	0.0	2058.888862626125	1	0	2	1.4889538099671205
65883.08622508233	3000.0	1291.8260318959865	0.0	0	0.0	2174.9122569782994	1	0	0	1.0827882369071322
67365.57559040374	3000.0	957.5856031067118	0.0	0	0.0	2323.16119351043	1	0	0	1.8739922642978946
69262.31298839558	2000.0	200.0	139.1517948851522	0	0.0	2462.31298839557	1	0	1	0.21966595892737578
70220.91775204224	1000.0	560.7452287908177	319.3499924374904	0	0.0	2781.6629808330617	1	0	1	-1.6834406289422579
70924.35212443696	1000.0	857.3108563960969	0.0	0	0.0	2781.6629808330617	1	0	1	0.9258065062426312
71642.83995112425	1000.0	1138.8230297088148	0.0	0	0.0	2781.6629808330763	1	0	1	0.9258065062426285
72334.69315182637	1000.0	1446.9698290066904	0.0	0	0.0	2781.6629808330617	1	0	1	0.9258065062426301
73503.55933853769	2000.0	1161.2170236242514	0.0	0	0.0	2664.7763621619524	1	0	2	0.534236184242701
74767.09387939596	2000.0	771.3290286801466	0.0	0	0.0	2538.422908076129	1	0	2	1.4400984201713793
75710.16924095865	2000.0	828.2536671174663	0.0	0	0.0	2538.4229080761434	1	0	1	1.4432776940782668
76927.09621127065	2000.0	611.3266968054686	0.0	0	0.0	2538.4229080761434	1	0	1	1.643277694078267
77579.82558595708	1000.0	958.5973221190336	0.0	0	0.0	2538.4229080761434	1	0	1	0.2569833329583764
78279.07449158734	1000.0	1259.3484164887718	0.0	0	0.0	2538.4229080761434	1	0	1	0.9501305135183219
79110.50060635971	2000.0	1427.922301716405	0.0	0	0.0	2538.4229080761434	1	0	1	0.9501305135183218
80421.60125435812	2000.0	1116.8216537179987	0.0	0	0.0	2538.4229080761434	1	0	1	1.643277694078267
81954.1329378713	2000.0	584.2899702048086	0.0	0	0.0	2538.4229080761434	1	0	1	1.643277694078267
82790.17639042618	1000.0	748.2465176499352	0.0	0	0.0	2538.4229080761434	1	0	1	0.2569833329583767
83337.44699511492	1000.0	1200.97591296119	0.0	0	0.0	2538.422908076129	1	0	1	0.9501305135183233
84117.33862648046	1000.0	1421.0842815956382	0.0	0	0.0	2538.4229080761143	1	0	1	0.9501305135183248
85063.67681053664	2000.0	1474.7460975394697	0.0	0	0.0	2538.4229080761143	1	0	1	0.9501305135183247
86110.04047248502	2000.0	1323.746069396221	0.0	0	0.0	2433.786541881229	1	0	2	1.2510733752142236
86912.98559760235	2000.0	1440.5064317671577	0.0	0	0.0	2353.4920293694886	1	0	2	1.4595258362760586
88714.74228024916	2000.0	458.5740808556655	0.0	0	0.0	2173.3163611048076	1	0	2	1.4762144637785204
89550.83779907477	1000.0	622.4785620300379	0.0	0	0.0	2173.3163611048076	1	0	1	0.09349398765551009
90519.92129544243	1000.0	653.3950656623796	0.0	0	0.0	2173.3163611048076	1	0	1	0.9866411682154554
91505.84843925094	1000.0	667.4679218538679	0.0	0	0.0	2173.3163611048076	1	0	1	0.9866411682154554
92047.13103498412	1000.0	1126.1853261206888	0.0	0	0.0	2173.3163611048076	1	0	1	0.9866411682154554
92803.67042134624	1000.0	1369.645939758582	0.0	0	0.0	2173.3163611048076	1	0	1	0.9866411682154554
94075.2222597532	2000.0	1098.0941013516397	0.0	0	0.0	2173.3163611048076	1	0	1	0.9866411682154554
94855.77992240332	2000.0	1317.5364387015213	0.0	0	0.0	2173.3163611048076	1	0	1	1.6797883487754006
95897.41602135227	2000.0	1171.7367298576776	0.0	0	0.0	2069.152751209913	1	0	2	1.2876637337498789
96567.48676423225	2000.0	1434.658912689693	0.0	0	0.0	2002.1456769219221	1	0	2	1.4952997361061724
97687.82363349122	2000.0	1202.2883565048032	0.0	0	0.0	1890.1119899960177	1	0	2	1.5051849209390538
99109.21478845544	2000.0	780.8972015405838	0.0	0	0.0	1890.1119899960177	1	0	1	1.5081087858862794
99835.86134972691	1000.0	1054.2506402691174	0.0	0	0.0	1890.1119899960177	1	0	1	0.3218144247663892
100911.24363317541	2000.0	978.868356820613	0.0	0	0.0	1890.1119899960177	1	0	1	1.0149616053263344
102387.23171784014	2000.0	502.88027215587715	0.0	0	0.0	1890.1119899960322	1	0	1	1.708108785886278
103653.50660487113	2000.0	306.07447294117105	69.46908781628616	0	0.0	1959.5810778123123	1	0	1	1.2843473502069331
104225.11060189905	1000.0	734.4704759132547	0.0	0	0.0	1959.5810778123123	1	0	1	0.3148675159847598
105040.02840759227	1000.0	919.5526702200451	0.0	0	0.0	1959.5810778123123	1	0	1	1.008014696544705
106052.88774412566	2000.0	906.6933336866422	0.0	0	0.0	1959.5810778123123	1	0	1	1.0080146965447048
106928.93922101568	1000.0	1030.6418567966125	0.0	0	0.0	1959.5810778123123	1	0	1	0.3148675159847598
107706.94031439081	1000.0	1252.6407634214709	0.0	0	0.0	1959.5810778123123	1	0	1	1.008014696544705
108427.4260567383	1000.0	1532.1550210739867	0.0	0	0.0	1959.5810778123123	1	0	1	1.008014696544705
109453.33380482734	2000.0	1506.2472729849424	0.0	0	0.0	1959.5810778123123	1	0	1	1.0080146965447048
110662.53124807698	2000.0	1297.0498297353051	0.0	0	0.0	1959.5810778123268	1	0	1	1.7011618771046486
112336.466470314	2000.0	623.1146074982811	0.0	0	0.0	1959.5810778123414	1	0	1	1.701161877104647
112843.53232606889	1000.0	1116.0487517433994	0.0	0	0.0	1959.5810778123414	1	0	1	0.3148675159847569
114451.01221317331	2000.0	508.5688646389903	0.0	0	0.0	1959.5810778123414	1	0	1	1.008014696544702
115157.98348142918	1000.0	801.5975963831137	0.0	0	0.0	1959.5810778123414	1	0	1	0.3148675159847569
115989.2582084492	1000.0	970.322869363097	0.0	0	0.0	1959.5810778123414	1	0	1	1.008014696544702
117042.21765969748	2000.0	917.3634181148127	0.0	0	0.0	1959.5810778123414	1	0	1	1.008014696544702
118040.91541120625	2000.0	918.665666606017	0.0	0	0.0	1959.5810778123414	1	0	1	1.701161877104647
119272.92450205584	2000.0	686.6565757564107	0.0	0	0.0	1959.581077812356	1	0	1	1.7011618771046457
120175.15695259064	2000.0	784.4241252216231	0.0	0	0.0	1959.581077812356	1	0	1	1.7011618771046457
120840.86098738367	1000.0	1118.7200904285883	0.0	0	0.0	1959.581077812356	1	0	1	0.3148675159847555
121429.36150800802	1000.0	1530.2195698042271	0.0	0	0.0	1959.5810778123705	1	0	1	1.0080146965446992
123158.13473401743	2000.0	801.4463437948264	0.0	0	0.0	1959.5810778123705	1	0	1	1.0080146965446992
123800.44355361197	1000.0	1159.1375242002925	0.0	0	0.0	1959.5810778123705	1	0	1	0.31486751598475393
125023.46474860054	2000.0	936.1163292117106	0.0	0	0.0	1959.5810778123705	1	0	1	1.0080146965446992
125904.32742553689	2000.0	1055.2536522753558	0.0	0	0.0	1959.5810778123705	1	0	1	1.7011618771046444
126880.4270800511	2000.0	1079.1539977611226	0.0	0	0.0	1959.581077812356	1	0	1	1.7011618771046457
127976.40061228024	2000.0	983.1804655319892	0.0	0	0.0	1959.581077812356	1	0	1	1.7011618771046457
129241.38004583743	2000.0	718.2010319748049	0.0	0	0.0	1959.581077812356	1	0	1	1.7011618771046457
130499.91070021843	2000.0	459.6703775938061	0.0	0	0.0	1959.581077812356	1	0	1	1.7011618771046457
131137.39161731442	1000.0	822.1894604977964	0.0	0	0.0	1959.581077812356	1	0	1	0.3148675159847542
131925.60210143187	1000.0	1033.9789763803437	0.0	0	0.0	1959.581077812356	1	0	1	1.0080146965447008
132401.3906947831	1000.0	1558.1903830291337	0.0	0	0.0	1959.581077812385	1	0	1	1.0080146965446986
133706.842840657	2000.0	1252.7382371552535	0.0	0	0.0	1959.581077812385	1	0	1	1.0080146965446977
135081.3542815695	2000.0	878.2267962427441	0.0	0	0.0	1959.5810778124142	1	0	1	1.7011618771046422
135738.9231451968	1000.0	1220.657932615432	0.0	0	0.0	1959.5810778124142	1	0	1	0.31486751598474966
136732.2807010414	2000.0	1227.3003767708628	0.0	0	0.0	1959.5810778124142	1	0	1	1.0080146965446948
137923.1234051568	2000.0	1036.4576726554349	0.0	0	0.0	1959.581077812385	1	0	1	1.7011618771046426
139152.68909829733	2000.0	806.8919795149011	0.0	0	0.0	1959.581077812385	1	0	1	1.7011618771046426
140070.15058563428	1000.0	889.4304921779567	0.0	0	0.0	1959.5810778124142	1	0	1	0.31486751598474966
140769.0844330531	1000.0	1190.4966447591164	0.0	0	0.0	1959.5810778124142	1	0	1	1.0080146965446948
141586.52277044056	1000.0	1373.0583073716525	0.0	0	0.0	1959.5810778124142	1	0	1	1.0080146965446948
142600.24088711923	2000.0	1359.3401906930073	0.0	0	0.0	1959.5810778124142	1	0	1	1.0080146965446948
143918.4918413952	2000.0	1041.0892364170318	0.0	0	0.0	1959.5810778124142	1	0	1	1.70116187710464
144737.07877078504	2000.0	1222.502307027193	0.0	0	0.0	1959.5810778124142	1	0	1	1.70116187710464
145568.68662322208	2000.0	1390.8944545901531	0.0	0	0.0	1959.581077812385	1	0	1	1.7011618771046426
146382.96986792466	2000.0	1658.039534357838	0.0	0	0.0	2041.0094022826524	1	0	0	1.2949056092351845
147200.0	2000.0	1922.71241549006	0.0	0	62.857190116657875	2122.7124154902413	1	0	0	1.4871428454130526
148200.0	2000.0	2022.7124154900425	0.0	0	272.59396626020316	2222.712415490183	1	0	0	1.4785380837858315
149799.25043153993	3000.0	1423.4619839500963	0.0	0	0.0	2222.712415490183	1	0	1	1.4748487433368633
151189.0482873425	2000.0	894.6843425672672	0.0	0	0.0	2083.732629909937	1	0	2	0.8790593241917835
152435.84345393267	1000.0	647.8891759770986	0.0	0	0.0	2083.732629909966	1	0	1	0.10245236077499414
153579.27434505298	1000.0	504.45828485677464	0.0	0	0.0	2083.732629909966	1	0	1	0.9955995413349396
154568.6350901601	1000.0	536.7370607148487	21.63952096521291	0	0.0	2105.3721508751623	1	0	1	0.8635984634471425
155560.9896577073	1000.0	544.382493167642	0.0	0	0.0	2105.3721508751914	1	0	1	0.993435589238417
156768.67940575624	1000.0	366.51300311572066	29.82025799697439	0	0.0	2135.192408872157	1	0	1	0.8115320154568741
157371.7224055266	1000.0	763.470003345346	0.0	0	0.0	2135.192408872157	1	0	1	0.9904535634387204
157903.9329221935	1000.0	1231.259486678423	0.0	0	0.0	2135.192408872128	1	0	1	0.990453563438721
158619.33853071526	1000.0	1515.8538781566406	0.0	0	0.0	2135.192408872128	1	0	1	0.9904535634387234
159445.5619788931	2000.0	1689.6304299788435	0.0	0	0.0	2135.192408872128	1	0	1	0.9904535634387235
160576.40325403534	2000.0	1445.7050273223808	0.0	0	0.0	2022.1082813579123	1	0	2	1.291423379198545
162561.63506294525	2000.0	460.4732184124328	0.0	0	0.0	2022.1082813578832	1	0	1	1.4949091567500927
163468.5715186205	1000.0	560.816734855016	7.279972117859529	0	0.0	2029.388253475714	1	0	1	0.26420696571126245
164256.27277187284	1000.0	773.1154816026869	0.0	0	0.0	2029.388253475743	1	0	1	1.001033978978362
164974.46383435777	1000.0	1054.924419117765	0.0	0	0.0	2029.3882534757722	1	0	1	1.0010339789783607
165378.58790640443	1000.0	1650.8003470710921	0.0	0	0.0	2029.3882534757722	1	0	1	1.0010339789783589
166407.7757265897	2000.0	1621.6125268858457	0.0	0	0.0	2029.3882534757722	1	0	1	1.0010339789783589
167304.58744867615	2000.0	1814.481977008029	0.0	0	0.0	2119.069425684429	1	0	0	1.2872970792174834
168439.55287952832	3000.0	1679.5165461558354	0.0	0	0.0	2119.0694256844	1	0	1	1.485213042317441
170873.36082629798	3000.0	245.7085993861607	0.0	0	0.0	2119.069425684371	1	0	1	2.0906781504256076
171596.49127271128	1000.0	613.4356491805625	90.85749620771935	0	0.0	2209.9269218920963	1	0	1	-0.6607771537776992
172259.25080543055	1000.0	950.6761164612634	0.0	0	0.0	2209.9269218920963	1	0	1	0.9829801121367265
173273.3856672971	2000.0	936.5412545947013	0.0	0	0.0	2209.926921892067	1	0	1	0.9829801121367295
174347.57272199096	2000.0	862.354199900803	0.0	0	0.0	2209.926921892067	1	0	1	1.6761272926966746
175067.96496490794	1000.0	1141.9619569838228	0.0	0	0.0	2209.9269218920963	1	0	1	0.28983293157678314
175944.55655889845	1000.0	1265.3703629933257	0.0	0	0.0	2209.9269218921545	1	0	1	0.982980112136723
176696.05793561533	2000.0	1513.868986276413	0.0	0	0.0	2209.9269218921545	1	0	1	0.9829801121367207
177846.8042109246	2000.0	1248.0480834362083	0.0	0	0.0	2094.8522943611897	1	0	2	1.2846379667477748
178896.2262520475	2000.0	1093.6838382010412	0.0	0	0.0	1989.9100902489154	1	0	2	1.4954715222832948
179577.97470151717	2000.0	1343.7605437843665	0.0	0	0.0	1921.735245301912	1	0	2	1.5033024331913332
180636.84381299728	2000.0	1179.0045211562497	0.0	0	0.0	1815.8483341539104	1	0	2	1.5127964555154363
181329.7373610515	2000.0	1486.1109731020344	0.0	0	0.0	1815.8483341539104	1	0	1	1.5155351514704902
182249.02972743075	3000.0	1566.8186067227655	0.0	0	0.0	1815.8483341539104	1	0	1	1.7155351514704904
183671.89994088697	3000.0	1286.235414612159	0.0	0	0.0	1958.1353554995148	1	0	0	1.710832024108424
184908.65526926576	2000.0	1049.480086233384	0.0	0	0.0	1958.1353554995148	1	0	1	1.0958413412277652
185513.49277151495	2000.0	1444.6425839841577	0.0	0	0.0	1958.1353554995148	1	0	1	1.7013064493359298
186301.58844585324	2000.0	1735.3564770796795	0.0	0	0.0	2036.9449229333259	1	0	0	1.2957193400769813
187836.5907287369	3000.0	1353.8544224843795	0.0	0	0.0	2190.4451512216765	1	0	0	1.4841675693291514
188517.83347616138	1000.0	1672.6116750598737	0.0	0	0.0	2190.4451512216765	1	0	1	-0.3136839994643412
189347.98903285793	2000.0	1759.4405626936407	0.0	0	0.0	2107.4295955520356	1	0	2	0.5909574396432183
191097.04920239162	2000.0	835.4743762065913	0.0	0	0.0	1932.5235785986297	1	0	2	1.4987997344568416
191767.10125910104	1000.0	1165.4223194971582	0.0	0	0.0	1932.5235785986297	1	0	1	0.11757326590612793
192811.88999300063	2000.0	1120.6335855975124	0.0	0	0.0	1932.5235785986297	1	0	1	1.010720446466073
193676.9067793981	2000.0	1255.616799200039	0.0	0	0.0	1932.5235785986006	1	0	1	1.7038676270260211
194602.7013820924	2000.0	1422.4016567751796	0.0	0	0.0	2025.103038868052	1	0	0	1.2969799886965943
196147.46348489347	3000.0	1032.1157642542332	0.0	0	0.0	2179.5792491481698	1	0	0	1.483836747546145
197184.7448985517	1000.0	994.8343505959838	0.0	0	0.0	2179.5792491481407	1	0	1	-0.3125974092569888
198006.22015555584	1000.0	1173.3590935918385	0.0	0	0.0	2179.5792491481698	1	0	1	0.9860148794111208
199036.32491774613	2000.0	1143.2543314015495	0.0	0	0.0	2179.579249148199	1	0	1	0.9860148794111185
200595.64740147014	2000.0	583.9318476775304	0.0	0	0.0	2179.579249148199	1	0	1	1.6791620599710602
201387.79498150985	1000.0	791.784267637811	0.0	0	0.0	2179.579249148228	1	0	1	0.29286769885116826
201815.4980649248	1000.0	1364.0811842228663	0.0	0	0.0	2179.579249148228	1	0	1	0.9860148794111134
203024.45982241968	2000.0	1155.1194267279889	0.0	0	0.0	2179.579249148228	1	0	1	0.9860148794111134
204685.24690464378	2000.0	494.3323445038935	0.0	0	0.0	2179.579249148228	1	0	1	1.6791620599710586
205286.9288215293	1000.0	892.6504276183914	0.0	0	0.0	2179.579249148257	1	0	1	0.29286769885116526
205975.38213056754	1000.0	1204.1971185801194	0.0	0	0.0	2179.579249148228	1	0	1	0.9860148794111134
206780.9817771451	2000.0	1398.5974720025852	0.0	0	0.0	2179.579249148228	1	0	1	0.9860148794111134
207770.70165977962	2000.0	1507.8495776315015	0.0	0	0.0	2278.5512374116806	1	0	0	1.271900153045591
208634.84846165843	2000.0	1730.1174559405786	0.0	0	0.0	2364.965917599533	1	0	0	1.4629123569729932
209785.4966081788	3000.0	1694.5341240722241	0.0	0	0.0	2480.030732251529	1	0	0	1.452134916729933
210925.0352820699	3000.0	1554.9954501811185	0.0	0	0.0	2480.030732251529	1	0	1	1.8545820197688934
212901.04764880764	3000.0	776.5843201171781	0.0	0	0.0	2677.6319689252996	1	0	0	1.6395800468098616
213846.66678737136	2000.0	830.9651815534822	0.0	0	0.0	2677.6319689252996	1	0	1	1.0238916798851867
214635.6058600326	2000.0	1042.0261088922007	0.0	0	0.0	2677.6319689252996	1	0	1	1.6293567879933513
216005.00173533073	2000.0	672.6302335940834	0.0	0	0.0	2677.6319689253287	1	0	1	1.6293567879933484
218290.02777820054	2000.0	200.0	812.3958092757034	0	0.0	3490.0277782005433	1	0	1	-3.278172707264364
219425.88932291945	1000.0	485.7460294956718	421.60757421457316	0	0.0	3911.63535241512	1	0	1	-2.40998335676296
220259.37754661773	1000.0	659.1358386671092	6.878032869713863	0	0.0	3918.5133852848376	1	0	1	0.7708532685791692
220812.12898811977	1000.0	1106.3843971650567	0.0	0	0.0	3918.5133852848376	1	0	1	0.8121214657974524
221321.18127721993	1000.0	1597.3321080648846	0.0	0	0.0	3918.5133852848667	1	0	1	0.8121214657974496
221802.23464032265	1000.0	2116.27874496216	0.0	0	0.0	3918.5133852848667	1	0	1	0.8121214657974496
222651.15434507286	2000.0	2182.4670697369206	0.0	0	0.0	3833.621414809837	1	0	2	0.418414381433859
223674.18936566185	2000.0	2057.128547089056	0.0	0	0.0	3731.3179127509356	1	0	2	1.3215240332193896
224546.50013609522	2000.0	2097.586699612373	0.0	0	0.0	3644.0868357076542	1	0	2	1.3303649073380859
226006.3730100386	2000.0	1491.7265382746514	0.0	0	0.0	3498.099548313301	1	0	2	1.3435167310792
227078.90279042826	2000.0	1311.943779846028	0.0	0	0.0	3390.846570274327	1	0	2	1.3553962155194514
228048.15428541825	2000.0	1245.7671353570724	0.0	0	0.0	3293.921420775354	1	0	2	1.3653088262761486
229314.63915539204	2000.0	852.6337783858771	0.0	0	0.0	3167.2729337779165	1	0	2	1.3769150271224353
230157.5038773205	1000.0	1009.7690564574173	0.0	0	0.0	3167.2729337779165	1	0	1	-0.005901669611800775
231244.37160939648	1000.0	922.9013243814277	0.0	0	0.0	3167.2729337779165	1	0	1	0.8872455109481445
232232.97598105576	1000.0	934.2969527221618	0.0	0	0.0	3167.2729337778874	1	0	1	0.8872455109481474
232845.0032027492	1000.0	1322.269731028697	0.0	0	0.0	3167.2729337778583	1	0	1	0.8872455109481503
233440.2332882004	1000.0	1727.0396455775312	0.0	0	0.0	3167.2729337778874	1	0	1	0.8872455109481474
234611.5904884038	2000.0	1438.5467253537768	0.0	0	0.0	3050.1372137575236	1	0	2	0.49602061342540693
235523.40782363518	2000.0	1435.5476565992567	0.0	0	0.0	2958.955480234348	1	0	2	1.398876632018355
237366.52478213425	2000.0	408.1190022502784	0.0	0	0.0	2774.6437843843887	1	0	2	1.4146575965270174
238070.1709221936	1000.0	704.472862190928	0.0	0	0.0	2774.643784384418	1	0	1	0.033361245327550804
238919.43155510857	1000.0	855.2122292759482	0.0	0	0.0	2774.643784384447	1	0	1	0.9265084258874914
239685.83358875907	1000.0	1088.8101956254573	0.0	0	0.0	2774.643784384447	1	0	1	0.9265084258874914
240634.60805677754	1000.0	1140.035727607003	0.0	0	0.0	2774.643784384447	1	0	1	0.9265084258874914
241352.08765361464	1000.0	1422.5561307699188	0.0	0	0.0	2774.643784384418	1	0	1	0.9265084258874945
242466.38893017411	2000.0	1308.2548542104237	0.0	0	0.0	2774.643784384447	1	0	1	0.9265084258874914
243693.98242535454	2000.0	957.9020095119637	0.0	0	0.0	2651.884434866428	1	0	2	1.2287671719622124
244583.5162179948	2000.0	979.4148376077002	0.0	0	0.0	2562.931055602414	1	0	2	1.4385062879607828
245327.33905005298	2000.0	1235.5920055495103	0.0	0	0.0	2562.9310556023847	1	0	1	1.4408268793256427
246014.56809904246	2000.0	1548.3629565600418	0.0	0	0.0	2562.9310556023847	1	0	1	1.6408268793256429
247184.58256504804	2000.0	1261.3470439539328	0.0	0	0.0	2445.929609001847	1	0	2	1.249054614580265
248577.73852522043	2000.0	868.1910837815541	0.0	0	0.0	2445.929609001847	1	0	1	1.4525270239856964
249127.30511909295	1000.0	1318.6244899090586	0.0	0	0.0	2445.929609001847	1	0	1	0.26623266286580627
250147.24973386576	2000.0	1298.6798751362642	0.0	0	0.0	2445.929609001847	1	0	1	0.9593798434257513
251073.3929377369	2000.0	1372.5366712651312	0.0	0	0.0	2445.929609001847	1	0	1	1.6525270239856966
251814.67721014624	2000.0	1557.1239716148498	0.0	0	0.0	2371.8011817609076	1	0	2	1.2580306123103908
252926.16345371216	2000.0	1334.4891036923343	0.0	0	0.0	2260.6525574043626	1	0	2	1.468038937199843
254105.66860789177	2000.0	1037.0334340947759	0.0	0	0.0	2142.7020419864275	1	0	2	1.4797180630929347
254706.3599388652	1000.0	1436.3421031212895	0.0	0	0.0	2142.7020419863984	1	0	1	0.09655541956735098
256008.18029993802	2000.0	1134.521742048468	0.0	0	0.0	2142.7020419863984	1	0	1	0.9897026001272939
257282.00092796123	2000.0	860.7011140252691	0.0	0	0.0	2142.7020419864275	1	0	1	1.6828497806872398
258539.3715504364	2000.0	603.330491550124	0.0	0	0.0	2142.7020419864275	1	0	1	1.6828497806872387
259288.6529609513	1000.0	854.0490810352076	0.0	0	0.0	2142.7020419863984	1	0	1	0.29655541956735065
259987.7335573806	1000.0	1154.9684846058976	0.0	0	0.0	2142.7020419864275	1	0	1	0.9897026001272935
260942.03374844338	1000.0	1200.6682935431168	0.0	0	0.0	2142.7020419864275	1	0	1	0.9897026001272935
261723.6929952537	1000.0	1419.0090467328096	0.0	0	0.0	2142.7020419864275	1	0	1	0.9897026001272935
263408.55135897326	2000.0	734.15068301328	0.0	0	0.0	2142.7020419864566	1	0	1	0.9897026001272939
264121.8061901436	1000.0	1020.8958518429883	0.0	0	0.0	2142.7020419864857	1	0	1	0.2965554195673436
264868.4152282437	1000.0	1274.2868137428518	0.0	0	0.0	2142.7020419864566	1	0	1	0.9897026001272906
265490.4143588126	1000.0	1652.2876831739468	0.0	0	0.0	2142.7020419864566	1	0	1	0.9897026001272906
266748.46197828674	2000.0	1268.4353017524077	0.0	0	0.0	2016.897280039033	1	0	2	0.5988805842371696
267616.9779048903	2000.0	1313.067782488449	0.0	0	0.0	1930.0456873786752	1	0	2	1.5019197538278921
268644.8300899791	2000.0	1182.4303788907046	0.0	0	0.0	1827.260468869703	1	0	2	1.511652015695887
270247.0467668262	2000.0	580.2137020436707	0.0	0	0.0	1827.260468869761	1	0	1	1.5143939379989084
270785.89184076217	1000.0	1041.3686281077394	0.0	0	0.0	1827.2604688698193	1	0	1	0.32809957687900904
271455.01759053394	1000.0	1372.2428783359912	0.0	0	0.0	1827.2604688698775	1	0	1	1.0212467574389485
272643.0026027916	2000.0	1184.2578660783863	0.0	0	0.0	1827.2604688698775	1	0	1	1.0212467574389483
273909.76135820703	2000.0	917.4991106628702	0.0	0	0.0	1827.2604688699357	1	0	1	1.7143939379988877
274622.06376257294	2000.0	1205.1967062970175	0.0	0	0.0	1827.2604688699357	1	0	1	1.7143939379988877
275780.07594191335	2000.0	1047.1845269566713	0.0	0	0.0	1827.2604688699357	1	0	1	1.7143939379988877
276816.9420623752	2000.0	1010.3184064948206	0.0	0	0.0	1827.260468869994	1	0	1	1.714393937998882
277798.57345213654	2000.0	1028.6870167334857	0.0	0	0.0	1827.260468869994	1	0	1	1.714393937998882
278757.02523210674	2000.0	1070.2352367632473	0.0	0	0.0	1827.260468869994	1	0	1	1.714393937998882
279705.13176875206	2000.0	1122.1287001179498	0.0	0	0.0	1827.2604688699357	1	0	1	1.7143939379988877
281018.460026179	2000.0	808.8004426910104	0.0	0	0.0	1827.2604688699357	1	0	1	1.7143939379988833
281698.7411467744	1000.0	1128.5193220955705	0.0	0	0.0	1827.2604688699357	1	0	1	0.3280995768789975
282837.41703702847	2000.0	989.8434318414402	0.0	0	0.0	1827.2604688698775	1	0	1	1.0212467574389483
284238.8902123589	2000.0	588.3702565109479	0.0	0	0.0	1827.2604688698193	1	0	1	1.7143939379988957
284847.8463996268	1000.0	979.4140692430805	0.0	0	0.0	1827.260468869761	1	0	1	0.3280995768790149
286068.73376923916	2000.0	758.5266996306956	0.0	0	0.0	1827.260468869761	1	0	1	1.0212467574389599
286865.27787552326	2000.0	961.9825933466501	0.0	0	0.0	1827.260468869761	1	0	1	1.714393937998905
288306.1326061906	2000.0	521.1278626793339	0.0	0	0.0	1827.260468869761	1	0	1	1.714393937998905
289093.25403072545	1000.0	734.0064381444446	0.0	0	0.0	1827.260468869703	1	0	1	0.3280995768790183
289857.1114983014	1000.0	970.1489705685171	0.0	0	0.0	1827.260468869703	1	0	1	1.0212467574389659
290413.44559803366	1000.0	1413.8148708361634	0.0	0	0.0	1827.260468869761	1	0	1	1.02124675743896
291496.79142234736	2000.0	1330.4690465224414	0.0	0	0.0	1827.260468869761	1	0	1	1.0212467574389599
292621.42531229416	2000.0	1205.8351565756361	0.0	0	0.0	1827.260468869761	1	0	1	1.714393937998905
293698.8523890269	2000.0	1128.4080798429159	0.0	0	0.0	1827.260468869761	1	0	1	1.714393937998905
294702.4701894038	2000.0	1124.7902794660592	0.0	0	0.0	1827.260468869761	1	0	1	1.714393937998905
295521.6973958492	2000.0	1305.5630730206594	0.0	0	0.0	1827.260468869761	1	0	1	1.714393937998905
296235.87964292115	2000.0	1662.7990506558936	0.0	0	0.0	1898.6786935768905	1	0	0	1.3089668972323556
297281.36432042427	3000.0	1617.3143731527384	0.0	0	0.0	1898.6786935768323	1	0	1	1.5072521155281984
299100.451725408	3000.0	980.1357086673211	0.0	0	0.0	2080.5874340751907	1	0	0	1.699617425128024
300890.9444098726	2000.0	200.0	10.356975797253938	0	0.0	2090.944409872347	1	0	1	1.0212471390707392
302027.6142225163	1000.0	422.8991667121236	359.56897935583606	0	0.0	2450.513389228203	1	0	1	-1.8916395912918458
1.15	1.11	1.42	1.6	2.1	1.26	1.4	0.92	1.16	1.51	2.07	2.61	3.17	2.61	1.55	1.39	1.8	1.83	1.83	1.52	1.41	2.15	1.85	1.73	2.22	2.15	2.87	1.93	1.76	2.24	2.59	2.26	0.94	1.92	1.83	1.2	1.7	2.39	2.66	2.37	1.49	1.14	1.54	2.12	1.87	1.58	1.81	1.8	1.68	1.48	1.74	2.39	2.24	2.77	3.26	2.32	1.92	2.15	2.94	2.47	1.84	2.02	0.46	0.94	1.27	1.91	1.96	1.82	2.11	1.85	1.39	1.63	2.11	1.99	1.87	1.1	1.27	1.69	1.97	2.28	2.54	0.94	1.68	1.58	1.24	1.44	1.78	2.02	2.21	2.32	2.36	1.97	1.49	1.61	1.85	1.7	2.03	1.67	1.75	1.58	1.54	1.59	1.87	1.84	1.44	1.15	1.75	1.41	1.37	1.56	1.69	1.83	2.17	1.86	1.37	1.54	1.32	1.69	2.12	2.19	2.46	2.48	1.64	2.38	1.58	1.17	1.77	2.08	1.85	1.63	2.15	2.11	1.44	1.23	1.36	1.52	1.6	1.67	1.95	2.11	2.56	3.15	1.92	1.38	1.39	0.74	1.11	1.09	1.25	1.2	1.15	1.11	1.42	1.6	2.1	1.26	1.4	0.92	1.16	1.51	2.07	2.61	3.17	2.61	1.55	1.39	1.8	1.83	1.83	1.52	1.41	2.15	1.85	1.73	2.22	2.15	2.87	1.93	1.76	2.24	2.59	2.26	0.94	1.92	1.83	1.2	1.7	2.39	2.66	2.37	1.49	1.14	1.54	2.12	1.87	1.58	1.81	1.8	1.68	1.48	1.74	2.39	2.24	2.77	3.26	2.32	1.92	2.15	2.94	2.47	1.84	2.02	0.46	0.94	1.27	1.91	1.96	1.82	2.11	1.85	1.39	1.63	2.11	1.99	1.87	1.1	1.27	1.69	1.97	2.28	2.54	0.94	1.68	1.58	1.24	1.44	1.78	2.02	2.21	2.32	2.36	1.97	1.49	1.61	1.85	1.7	2.03	1.67	1.75	1.58	1.54	1.59	1.87	1.84	1.44	1.15	1.75	1.41	1.37	1.56	1.69	1.83	2.17	1.86	1.37	1.54	1.32	1.69	2.12	2.19	2.46	2.48	1.64	2.38	1.58	1.17	1.77	2.08	1.85	1.63	2.15	2.11	1.44	1.23	1.36	1.52	1.6	1.67	1.95	2.11	2.56	3.15	1.92	1.38	1.39	0.74	1.11	1.09
1.0	2.0	3.0	4.0	5.0	6.0	7.0	8.0	9.0	10.0	11.0	12.0	13.0	14.0	15.0	16.0	17.0	18.0	19.0	20.0	21.0	22.0	23.0	24.0	25.0	26.0	27.0	28.0	29.0	30.0	31.0	32.0	33.0	34.0	35.0	36.0	37.0	38.0	39.0	40.0	41.0	42.0	43.0	44.0	45.0	46.0	47.0	48.0	49.0	50.0	51.0	52.0	53.0	54.0	55.0	56.0	57.0	58.0	59.0	60.0	61.0	62.0	63.0	64.0	65.0	66.0	67.0	68.0	69.0	70.0	71.0	72.0	73.0	74.0	75.0	76.0	77.0	78.0	79.0	80.0	81.0	82.0	83.0	84.0	85.0	86.0	87.0	88.0	89.0	90.0	91.0	92.0	93.0	94.0	95.0	96.0	97.0	98.0	99.0	100.0	101.0	102.0	103.0	104.0	105.0	106.0	107.0	108.0	109.0	110.0	111.0	112.0	113.0	114.0	115.0	116.0	117.0	118.0	119.0	120.0	121.0	122.0	123.0	124.0	125.0	126.0	127.0	128.0	129.0	130.0	131.0	132.0	133.0	134.0	135.0	136.0	137.0	138.0	139.0	140.0	141.0	142.0	143.0	144.0	145.0	146.0	147.0	148.0	149.0	149.0	150.0	151.0	152.0	153.0	154.0	155.0	156.0	157.0	158.0	159.0	160.0	161.0	162.0	163.0	164.0	165.0	166.0	167.0	168.0	169.0	170.0	171.0	172.0	173.0	174.0	175.0	176.0	177.0	178.0	179.0	180.0	181.0	182.0	183.0	184.0	185.0	186.0	187.0	188.0	189.0	190.0	191.0	192.0	193.0	194.0	195.0	196.0	197.0	198.0	199.0	200.0	201.0	202.0	203.0	204.0	205.0	206.0	207.0	208.0	209.0	210.0	211.0	212.0	213.0	214.0	215.0	216.0	217.0	218.0	219.0	220.0	221.0	222.0	223.0	224.0	225.0	226.0	227.0	228.0	229.0	230.0	231.0	232.0	233.0	234.0	235.0	236.0	237.0	238.0	239.0	240.0	241.0	242.0	243.0	244.0	245.0	246.0	247.0	248.0	249.0	250.0	251.0	252.0	253.0	254.0	255.0	256.0	257.0	258.0	259.0	260.0	261.0	262.0	263.0	264.0	265.0	266.0	267.0	268.0	269.0	270.0	271.0	272.0	273.0	274.0	275.0	276.0	277.0	278.0	279.0	280.0	281.0	282.0	283.0	284.0	285.0	286.0	287.0	288.0	289.0	290.0	291.0	292.0	293.0	294.0	295.0	296.0	297.0
5894.318414768691
