4669.284200574749	300.0	2000.0	142.45966668160688	0	0.0	4669.284200574749	1	0	2	-1.7188760414659374
5210.560765464012	2000.0	2404.5957786218114	0.0	0	0.0	4615.156544085823	1	0	2	-0.6629448168117182
5893.349728061253	3000.0	2653.5279197648465	0.0	0	0.0	4546.877647826099	1	0	2	1.240571875702245
6669.262749480227	3000.0	2800.023596203974	0.0	0	0.0	4469.286345684201	1	0	2	1.6537569556593923
7355.51637001332	3000.0	3045.1446136175728	0.0	0	0.0	4400.660983630893	1	0	2	1.660886739468435
8017.68299670195	3000.0	3316.7613242600796	0.0	0	0.0	4334.444320962029	1	0	2	1.6675102849946088
9324.283849488862	6000.0	2879.500386194478	0.0	0	0.0	4203.78423568334	1	0	2	1.678208938422583
10406.014814373797	3000.0	2689.5963248210514	0.0	0	0.0	4095.61113919485	1	0	2	0.9970667418502461
11008.248191019393	3000.0	3027.1396105108975	0.0	0	0.0	4035.3878015302907	1	0	2	1.6975977190145546
12061.287918081849	3000.0	2868.7959107421966	0.0	0	0.0	3930.0838288240457	1	0	2	1.7064448270006605
12845.741161571592	3000.0	3005.8973429034795	0.0	0	0.0	3851.6385044750714	1	0	2	1.7156121292097373
13735.424582016456	3000.0	3027.24558041413	0.0	0	0.0	3762.670162430586	1	0	2	1.7240653381179838
14726.159764296524	3000.0	2937.436879906054	0.0	0	0.0	3663.5966442025783	1	0	2	1.7326298398461737
15660.70680604278	3000.0	2909.435133985172	0.0	0	0.0	3570.1419400279538	1	0	2	1.743776236439722
16336.909856201315	3000.0	3165.611778810785	0.0	0	0.0	3502.521635012101	1	0	2	1.7506813737279148
17499.30861484471	3000.0	2886.9731443030473	0.0	0	0.0	3386.281759147758	1	0	2	1.760846924493948
18240.671779056407	3000.0	3071.4736636701778	0.0	0	0.0	3312.145442726587	1	0	2	1.7693418663858111
19200.0	3000.0	3016.2126206322205	0.0	0	332.35672159493333	3216.212620632221	1	0	2	1.7772504038866224
20394.252241689774	3000.0	2702.535154773466	0.0	0	0.0	3096.787396463238	1	0	2	1.7899729691955373
21426.793689140453	3000.0	2566.7395625777144	0.0	0	0.0	2993.533251718167	1	0	2	1.8004573073645465
22716.520843390925	3000.0	2148.0396929021945	0.0	0	0.0	2864.56053629312	1	0	2	1.812855178942153
23829.134456627144	3000.0	1924.1647183423554	0.0	0	0.0	2753.2991749694993	1	0	2	1.8248339600784091
24365.860423582115	3000.0	2333.7661546918844	0.0	0	0.0	2699.626578273994	1	0	2	1.8312114123225658
25200.0	3000.0	2416.2126206322096	0.0	0	93.09336909533522	2616.2126206322027	1	0	2	1.8383250092424306
26200.0	3000.0	2316.2126206322105	0.0	0	142.06553590712429	2516.212620632199	1	0	2	1.8478230866312875
27200.0	3000.0	2216.2126206322137	0.0	0	25.334198734770325	2416.212620632199	1	0	2	1.8579115564252509
28230.08088007776	3000.0	2083.12365254668	0.0	0	0.0	2313.204532624426	1	0	2	1.868686706448884
29200.0	3000.0	2016.2126206322205	0.0	0	146.53655631427682	2216.2126206322027	1	0	2	1.8777702116311406
30200.0	3000.0	1916.2126206322223	0.0	0	140.6679171419455	2116.2126206322027	1	0	2	1.8877847064199305
31200.0	3000.0	1816.2126206322232	0.0	0	355.1890046627377	2016.212620632199	1	0	2	1.8972597122551682
32201.19314859231	3000.0	1714.9001571806868	0.0	0	0.0	1916.0933057729708	1	0	2	1.9083386733873207
33221.08975155179	3000.0	1593.0138939252515	0.0	0	0.0	1814.103645477022	1	0	2	1.9183678722752529
34200.0	3000.0	1516.2126206322212	0.0	0	15.432907958922442	1716.2126206321955	1	0	2	1.9283841164734252
35330.01871946331	3000.0	1273.1920292225766	0.0	0	0.0	1603.2107486858586	1	0	2	1.9392017719503603
36200.0	3000.0	1490.2088767395517	0.0	0	178.301935216703	1690.208876739518	1	0	0	1.5367430330148844
37200.0	3000.0	1590.2088767395544	0.0	0	142.22489713371033	1790.2088767395253	1	0	0	1.9270259521378867
38316.14055652464	3000.0	1585.6823758673827	0.0	0	0.0	1901.822932391995	1	0	0	1.915222865155575
39200.0	3000.0	1701.82293239203	0.0	0	104.71556184417568	1901.822932391995	1	0	1	1.9124027997548467
40200.0	3000.0	1601.8229323920302	0.0	0	258.68194621172006	1801.8229323920023	1	0	2	1.718801753113938
41200.0	3000.0	1701.8229323920252	0.0	0	176.0873454456305	1901.822932391995	1	0	0	1.5156903768912233
42200.0	3000.0	1801.8229323920345	0.0	0	128.39397566791013	2001.8229323920023	1	0	0	1.905447258400787
43200.0	3000.0	1901.822932392034	0.0	0	305.8630570747191	2101.822932391995	1	0	0	1.8961950620603165
44200.0	3000.0	1801.8229323920332	0.0	0	236.33882804589666	2001.822932391995	1	0	2	1.4987731892613747
45200.0	3000.0	1701.822932392029	0.0	0	235.96664040454925	1901.8229323920023	1	0	2	1.9088574156253362
46200.0	3000.0	1601.8229323920284	0.0	0	54.17170950034051	1801.8229323920095	1	0	2	1.9196374711128485
47375.143629854785	3000.0	1544.1936655227214	0.0	0	0.0	1919.3372953774815	1	0	0	1.5136481965866113
48399.29358946974	3000.0	1520.0437059077665	0.0	0	0.0	1919.3372953774888	1	0	1	1.9106513634562974
49311.7041186952	3000.0	1698.8742296048586	0.0	0	0.0	2010.5783483000341	1	0	0	1.7039364516980091
50499.523743918115	3000.0	1629.8365669042382	0.0	0	0.0	2129.360310822325	1	0	0	1.8923376950696804
51344.46968701087	3000.0	1869.3852181207667	0.0	0	0.0	2213.8549051316077	1	0	0	1.8833827966978398
52249.437787877665	3000.0	2054.9139273406586	0.0	0	0.0	2304.3517152182903	1	0	0	1.874581675533126
53200.0	3000.0	2009.2954940060986	0.0	0	4.617647939579911	2209.2954940060663	1	0	2	1.4789651014335778
54367.46756226819	3000.0	1725.081175511092	0.0	0	0.0	2092.548737779245	1	0	2	1.8901459106718232
55305.45827186768	3000.0	1693.2913949516478	0.0	0	0.0	1998.7496668192907	1	0	2	1.9003419662423295
56200.0	3000.0	1709.2954940060952	0.0	0	158.56149171927973	1909.295494006059	1	0	2	1.9087302216713378
57200.0	3000.0	1609.2954940060868	0.0	0	299.4454697458277	1809.2954940060445	1	0	2	1.9181288486768762
58221.95680762399	3000.0	1485.1430056197057	0.0	0	0.0	1707.0998132436653	1	0	2	1.9290433434240946
59200.0	3000.0	1409.2954940061009	0.0	0	230.32238358476752	1609.2954940060663	1	0	2	1.9381649105155854
60200.0	3000.0	1509.2954940061034	0.0	0	188.57959233516885	1709.2954940060736	1	0	0	1.5350358693288941
61267.52794113741	3000.0	1548.5203469824369	0.0	0	0.0	1816.0482881198186	1	0	0	1.9238692641148547
62200.0	3000.0	1709.2954940060936	0.0	0	278.25430886884715	1909.2954940060736	1	0	0	1.915077382984484
64227.50041674625	6000.0	681.7950772598522	0.0	0	0.0	1909.2954940060808	1	0	1	1.911655543593438
65775.04616100017	3000.0	394.24095087608043	259.9916178701556	0	0.0	2169.287111876234	1	0	1	-0.16599102840112467
66467.21015837177	3000.0	702.0769535044568	0.0	0	0.0	2169.2871118762196	1	0	1	2.0856563818064235
67146.4588259209	3000.0	1022.8282859553199	0.0	0	0.0	2169.287111876205	1	0	1	2.0856563818064253
67917.75931994268	3000.0	1251.5277919335415	0.0	0	0.0	2169.2871118761977	1	0	1	2.085656381806426
68691.95635983691	3000.0	1554.7504560287284	0.0	0	0.0	2246.706815865633	1	0	0	1.680182331622435
69655.15754971969	3000.0	1687.8693851342366	0.0	0	0.0	2343.026934853915	1	0	0	1.8708656699043675
70530.98023814066	3000.0	1899.628965555357	0.0	0	0.0	2430.6092036960035	1	0	0	1.861802785837341
71200.0	3000.0	2297.5111798819557	0.0	0	41.24787224284955	2497.5111798819416	1	0	0	1.8548781696132814
72200.0	3000.0	2197.5111798819516	0.0	0	121.95184305435396	2397.511179881927	1	0	2	1.4595511229280045
73200.0	3000.0	2097.511179881946	0.0	0	33.364603695008554	2297.511179881927	1	0	2	1.870200220382732
74200.0	3000.0	1997.5111798819712	0.0	0	181.58835928712506	2197.511179881927	1	0	2	1.879539635369701
75200.0	3000.0	1897.5111798819657	0.0	0	196.1142351255403	2097.511179881927	1	0	2	1.889422350938574
76200.0	3000.0	1797.5111798819446	0.0	0	243.50728188127687	1997.511179881898	1	0	2	1.89914184147675
77200.0	3000.0	1697.5111798819587	0.0	0	42.37723580314196	1897.5111798819125	1	0	2	1.9100561533838798
78607.2869072444	6000.0	1290.2242726375569	0.0	0	0.0	1897.5111798819125	1	0	1	1.9128339750058547
80120.2621877154	6000.0	777.248992166562	0.0	0	0.0	1897.5111798819125	1	0	1	2.8059811555658
80869.37717117663	3000.0	1028.1340087053327	0.0	0	0.0	1897.511179881898	1	0	1	1.4196867944459115
81809.192877008	3000.0	1182.2998734571052	0.0	0	0.0	1991.4927504650404	1	0	0	1.7064708192662792
82798.20275535916	3000.0	1193.289995105928	0.0	0	0.0	1991.4927504650404	1	0	1	1.9034358179475421
83738.19718402867	3000.0	1347.2950093033749	0.0	0	0.0	2085.492193332	1	0	0	1.69643380508248
84423.65665250142	3000.0	1730.381487677892	0.0	0	0.0	2154.0381401792547	1	0	0	1.8889278963057285
85885.9306920174	3000.0	1414.3348521135035	0.0	0	0.0	2300.26554413086	1	0	0	1.8761488798343855
86848.10987076601	3000.0	1452.1556733648881	0.0	0	0.0	2300.26554413086	1	0	1	1.87255853858096
87842.32711629776	3000.0	1457.9384278331377	0.0	0	0.0	2300.26554413086	1	0	1	2.07255853858096
88488.1490335643	3000.0	1747.5343188399406	0.0	0	0.0	2235.6833524042013	1	0	2	1.6771769511449393
89519.0400916363	3000.0	1716.6432607679521	0.0	0	0.0	2235.6833524042013	1	0	1	1.8790167577536256
90291.04272622238	3000.0	1867.4403627232762	0.0	0	0.0	2158.483088945606	1	0	2	1.6847915496558985
91400.16390343034	3000.0	1647.4070677945185	0.0	0	0.0	2047.5709712248063	1	0	2	1.8950486832031872
92309.23583231002	3000.0	1647.4279460268672	0.0	0	0.0	1956.6637783368496	1	0	2	1.904438340821506
93200.0	3000.0	1667.5873615678745	0.0	0	180.72495919084758	1867.587361567843	1	0	2	1.9126504842057603
94200.0	3000.0	1567.5873615678781	0.0	0	432.14430812280625	1767.587361567843	1	0	2	1.9220512422568294
95200.0	3000.0	1467.5873615678743	0.0	0	484.6526987187972	1667.5873615678283	1	0	2	1.9319752057013728
96200.0	3000.0	1567.5873615678734	0.0	0	262.7533576486603	1767.5873615678138	1	0	0	1.5295006673221467
97200.0	3000.0	1667.5873615678665	0.0	0	72.29325907872408	1867.5873615678138	1	0	0	1.9187865223255696
98222.11459686735	3000.0	1747.6842243872504	0.0	0	0.0	1969.7988212545315	1	0	0	1.9080113527931808
99200.0	3000.0	1867.5873615678606	0.0	0	234.43415640819876	2067.58736156777	1	0	0	1.8993250179385077
100200.0	3000.0	1967.5873615678602	0.0	0	239.36292280112684	2167.5873615677556	1	0	0	1.8894052636687584
101285.2172125963	3000.0	1990.8918702311923	0.0	0	0.0	2276.1090828274027	1	0	0	1.8776573927715534
102200.0	3000.0	2167.58736156785	0.0	0	322.94065080246946	2367.5873615677556	1	0	0	1.8693135626192383
103486.06009449161	3000.0	1752.9212576270902	0.0	0	0.0	2238.981352118615	1	0	2	1.4753027768213827
104265.5972191132	3000.0	1895.430420543345	0.0	0	0.0	2161.027639656473	1	0	2	1.8845061564893664
105200.0	3000.0	1867.5873615678543	0.0	0	88.70363863205421	2067.5873615677847	1	0	2	1.8929682786490072
106200.0	3000.0	1767.5873615678563	0.0	0	160.6116766007617	1967.5873615677847	1	0	2	1.9025611240434737
107318.45223477342	3000.0	1537.289903317091	0.0	0	0.0	1855.742138090427	1	0	2	1.9142076021208299
108733.49301404937	3000.0	1122.2491240411578	0.0	0	0.0	1855.742138090427	1	0	1	1.9170108791850033
109762.83105473439	3000.0	1092.911083356141	0.0	0	0.0	1855.742138090427	1	0	1	2.1170108791850035
110775.7348061234	3000.0	1080.0073319671299	0.0	0	0.0	1855.742138090427	1	0	1	2.1170108791850035
111489.87178722827	3000.0	1365.870350862273	0.0	0	0.0	1855.742138090427	1	0	1	2.1170108791850035
112665.23872913796	3000.0	1190.5034089525811	0.0	0	0.0	1855.742138090427	1	0	1	2.1170108791850035
113418.44817151243	3000.0	1437.293966578109	0.0	0	0.0	1855.742138090427	1	0	1	2.1170108791850035
114349.24870055834	3000.0	1599.5734904367866	0.0	0	0.0	1948.822190995008	1	0	0	1.7099637167616586
115200.0	3000.0	1833.8973209392977	0.0	0	173.92774268214998	2033.8973209391988	1	0	0	1.9021902418364935
116200.0	3000.0	1733.8973209393057	0.0	0	37.629332558077294	1933.897320939228	1	0	2	1.5065785233224724
117200.0	3000.0	1633.8973209393228	0.0	0	356.65816666743194	1833.8973209392425	1	0	2	1.9153904292400488
118202.25866963645	3000.0	1531.4127843392282	0.0	0	0.0	1733.6714539755922	1	0	2	1.9267890970954717
119672.207165467	3000.0	1208.4591380917268	0.0	0	0.0	1880.6663035586535	1	0	0	1.5182583746422307
120547.35122715238	3000.0	1333.3150764063387	0.0	0	0.0	1880.6663035586535	1	0	1	1.9145184626381808
121483.9518301889	3000.0	1490.3745336734817	0.0	0	0.0	1974.3263638623175	1	0	0	1.707620673912777
122300.39156179997	3000.0	1755.578775223514	0.0	0	0.0	2055.97033702342	1	0	0	1.8992331982626607
123200.0	3000.0	1945.9311808434907	0.0	0	61.98849158298981	2145.9311808434286	1	0	0	1.8906922984860461
124276.9727684746	3000.0	1976.6556892163587	0.0	0	0.0	2253.6284576909093	1	0	0	1.8800663456922335
125795.90457008705	3000.0	1305.830707442677	0.0	0	0.0	2101.735277529675	1	0	2	1.4895679503949104
126788.14849166272	3000.0	1214.362393709443	0.0	0	0.0	2002.5108853721176	1	0	2	1.8999056931720957
127604.56785293877	3000.0	1316.3010963058084	0.0	0	0.0	1920.868949244512	1	0	2	1.908279540516103
128207.34655234868	3000.0	1713.5223968958942	0.0	0	0.0	1920.868949244512	1	0	1	1.9104981980695948
129200.0	3000.0	1621.6036044794682	0.0	0	162.2938202382502	1821.6036044794164	1	0	2	1.7171381850297296
130270.79091075082	3000.0	1443.733602653555	0.0	0	0.0	1714.5245134043216	1	0	2	1.928331953614195
131200.0	3000.0	1514.5245134043716	0.0	0	131.76172091379703	1714.5245134043362	1	0	1	1.9311326416536134
132495.96315205187	6000.0	1218.5613613525084	0.0	0	0.0	1714.5245134043507	1	0	1	2.1311326416536103
133200.0	3000.0	1584.9281981992096	0.0	0	25.92606484441785	1784.9281981991953	1	0	0	1.0327913986912298
134200.0	3000.0	1684.9281981992237	0.0	0	20.907265465531964	1884.9281981992535	1	0	0	1.917019574514076
135200.0	3000.0	1784.9281981992344	0.0	0	308.2636088207946	1984.9281981992535	1	0	0	1.9077023440711884
137629.54140900483	6000.0	355.3867891943909	0.0	0	0.0	1984.9281981992535	1	0	1	1.9040922731741206
138686.80317228287	3000.0	521.2032028384249	223.07817692204804	0	0.0	2208.006375121302	1	0	1	0.05016821338968269
139689.1339577471	3000.0	525.8492463565689	6.976828982358086	0	0.0	2214.983204103686	1	0	1	2.0392257986895292
140586.63110485996	3000.0	628.3520992437324	0.0	0	0.0	2214.983204103686	1	0	1	2.0810867725836775
141141.4086012467	2000.0	1073.5746028569688	0.0	0	0.0	2214.983204103686	1	0	1	1.270156556367348
141926.8854077269	3000.0	1288.0977963767496	0.0	0	0.0	2214.983204103657	1	0	1	1.6756216644755157
142825.0492168938	3000.0	1479.7503681265148	0.0	0	0.0	2304.799585020315	1	0	0	1.674638794132088
143597.55058548844	3000.0	1707.24899953187	0.0	0	0.0	2304.799585020315	1	0	1	1.8721051344920148
144218.91011499078	3000.0	2023.7535170793244	0.0	0	0.0	2242.6636320700927	1	0	2	1.6768187937865853
145200.0	3000.0	1944.5546435691974	0.0	0	75.94887015566928	2144.554643569223	1	0	2	1.8852283352418593
146200.0	3000.0	1844.554643569169	0.0	0	224.56089716788847	2044.5546435692231	1	0	2	1.8945119601651088
147253.62304620186	3000.0	1685.5692927471619	0.0	0	0.0	1939.1923389490985	1	0	2	1.9059569316068752
148454.98340338818	3000.0	1364.0728998422273	0.0	0	0.0	1819.0563032304635	1	0	2	1.9174859426430855
149200.0	3000.0	1619.0563032303976	0.0	0	66.78173444847926	1819.0563032304635	1	0	1	1.9206794626709995
150483.70827148994	3000.0	1463.7188588894464	0.0	0	0.0	1947.4271303794812	1	0	0	1.7108945298132399
151200.0	3000.0	1819.0563032303558	0.0	0	26.86059676806326	2019.0563032304344	1	0	0	1.9025666333012343
152300.950833338	3000.0	1828.2005532261662	0.0	0	0.0	2129.1513865642482	1	0	0	1.8925061199552171
153225.09666709026	3000.0	1996.4693028491622	0.0	0	0.0	2221.5659699395183	1	0	0	1.882902036827414
154200.0	3000.0	1924.0756366484577	0.0	0	327.09954283342813	2124.0756366484857	1	0	2	1.486580645816515
155200.0	3000.0	1824.0756366484552	0.0	0	370.1595371469448	2024.0756366485148	1	0	2	1.896397256608919
156202.00844031532	3000.0	1721.866352301612	0.0	0	0.0	1923.874792616989	1	0	2	1.907623076177384
157200.0	3000.0	1823.6739485854084	0.0	0	439.8700737860345	2023.6739485854923	1	0	0	1.5040043595252242
159381.84837956197	6000.0	641.8255690234274	0.0	0	0.0	2023.6739485854923	1	0	1	1.900217698135497
160181.42730789486	3000.0	842.2466406905381	0.0	0	0.0	2023.6739485854923	1	0	1	1.407070517575552
161413.99961723282	3000.0	732.9315622863891	0.0	0	0.0	2146.931179519277	1	0	0	1.69120536729527
162112.81674948047	3000.0	1034.1144300387105	0.0	0	0.0	2146.931179519277	1	0	1	1.8878919750421186
162901.69689182256	3000.0	1245.2342876966334	0.0	0	0.0	2146.931179519277	1	0	1	2.0878919750421185
164401.7732171823	3000.0	895.1655948728472	0.0	0	0.0	2296.9388120552176	1	0	0	1.6778699914282793
165026.90567976126	2000.0	1270.033132293879	0.0	0	0.0	2296.9388120552176	1	0	1	1.061960995572195
165814.9295906939	3000.0	1560.8116124544943	0.0	0	0.0	2375.7412031485	1	0	0	1.2617949418497425
166806.875786247	3000.0	1668.0600364567015	0.0	0	0.0	2474.9358227038174	1	0	0	1.8575391315768879
167610.52877722873	3000.0	1784.0417463768006	0.0	0	0.0	2394.5705236056237	1	0	2	1.461009275325711
168295.29903060079	3000.0	2030.794467667539	0.0	0	0.0	2326.0934982683975	1	0	2	1.8681677708422644
169200.0	3000.0	2035.6234013283959	0.0	0	32.476835983863566	2235.6234013283974	1	0	2	1.8764544466431503
170517.30386342038	3000.0	1586.5891515659628	0.0	0	0.0	2103.893014986388	1	0	2	1.888642155342133
171957.63964826197	3000.0	1002.2197882401898	0.0	0	0.0	1959.8594365022436	1	0	2	1.903201484385768
172864.57724974124	3000.0	1185.9759469088403	0.0	0	0.0	2050.553196650202	1	0	0	1.4994220450307683
173477.09904946166	3000.0	1634.7063271604638	0.0	0	0.0	2111.8053766222147	1	0	0	1.8930584256511491
174429.1816078791	3000.0	1777.8320245848088	0.0	0	0.0	2207.01363246399	1	0	0	1.884289686705856
175200.0	3000.0	1929.9317932517993	0.0	0	268.8632357061142	2129.9317932518898	1	0	2	1.4865206154121307
176916.1322770219	6000.0	1213.7995162298907	0.0	0	0.0	2129.9317932518898	1	0	1	1.889591913668857
178021.975392467	3000.0	1218.5407123293255	0.0	0	0.0	2240.5161047964357	1	0	0	0.9880908676977016
178776.73857688074	3000.0	1463.7775279155926	0.0	0	0.0	2240.5161047964357	1	0	1	1.8785334825144022
179852.6364407216	3000.0	1495.4694504588233	0.0	0	0.0	2348.1058911805158	1	0	0	1.6704041745366958
180903.981830745	3000.0	1549.2585994377675	0.0	0	0.0	2453.2404301828647	1	0	0	1.8598232737984928
181685.1907784803	3000.0	1846.170546476007	0.0	0	0.0	2531.3613249564078	1	0	0	1.8513794160065151
182399.25080325356	3000.0	2060.7045192253836	0.0	0	0.0	2459.9553224790725	1	0	2	1.454790295212554
183200.0	3000.0	2179.88040280431	0.0	0	109.65000151057029	2379.8804028044397	1	0	2	1.8618953432664354
184200.0	3000.0	2079.880402804311	0.0	0	47.126047514990205	2279.8804028044397	1	0	2	1.871591475067051
185200.0	3000.0	1979.8804028043292	0.0	0	124.36963375416235	2179.8804028044688	1	0	2	1.8816533664287403
186277.49280067452	3000.0	1794.6383220623766	0.0	0	0.0	2072.131122737046	1	0	2	1.8922171368956264
187200.0	3000.0	1779.8804028043228	0.0	0	100.5947471424297	1979.8804028044688	1	0	2	1.9017654193042564
188209.2063520481	3000.0	1669.7534155514163	0.0	0	0.0	1878.9597675997065	1	0	2	1.9122417705124468
189200.0	3000.0	1579.880402804302	0.0	0	165.22528352690279	1779.880402804527	1	0	2	1.921178778524055
190227.61826847884	3000.0	1449.5003074776137	0.0	0	0.0	1677.1185759566724	1	0	2	1.932350493819721
191200.0	3000.0	1574.3567491085817	0.0	0	340.5534642483108	1774.356749108847	1	0	0	1.5288319503369356
192200.0	3000.0	1674.356749108592	0.0	0	159.82064901458216	1874.356749108876	1	0	0	1.9186002009745864
193314.68385963506	3000.0	1671.1412754370317	0.0	0	0.0	1985.825135072373	1	0	0	1.9067867603844588
194356.70528388594	3000.0	1733.3219936112414	0.0	0	0.0	2090.0272774974874	1	0	0	1.8963742229343648
195243.00033047696	3000.0	1935.6564516793132	0.0	0	0.0	2178.656782156613	1	0	0	1.887127127072884
196330.14442804534	3000.0	1957.2267638677665	0.0	0	0.0	2287.3711919134657	1	0	0	1.8768114756087706
197229.99861826634	3000.0	2147.3579926688826	0.0	0	0.0	2377.356610935589	1	0	0	1.8670673504583641
198200.0	3000.0	2080.356472761866	0.0	0	77.57797295242199	2280.3564727622434	1	0	2	1.471470876898136
199628.86420576216	3000.0	1508.605846423471	0.0	0	0.0	2137.470052185963	1	0	2	1.8854128954145268
200438.03945771197	3000.0	1618.5130692786645	0.0	0	0.0	2056.5525269909704	1	0	2	1.8948722987318845
201312.60776571895	3000.0	1656.4879304709884	0.0	0	0.0	1969.0956961902848	1	0	2	1.9036221206765223
202227.0720677969	3000.0	1650.5771981852515	0.0	0	0.0	1877.6492659824726	1	0	2	1.9125847609208795
203203.04708775276	3000.0	1577.0046762338375	0.0	0	0.0	1780.0517639869067	1	0	2	1.9219707959777463
204666.76430626636	3000.0	966.9157358688673	0.0	0	0.0	1633.6800421355583	1	0	2	1.9354252277719963
205772.1265666578	3000.0	861.5534754774378	0.0	0	0.0	1633.6800421355583	1	0	1	1.9392170887804898
206637.13784221775	3000.0	996.5421999174746	0.0	0	0.0	1633.6800421355874	1	0	1	2.139217088780488
207553.06846739666	3000.0	1080.6115747385631	0.0	0	0.0	1633.6800421355292	1	0	1	2.1392170887804913
208200.0	3000.0	1433.6800421351923	0.0	0	26.99572831208934	1633.6800421355292	1	0	1	2.139217088780493
209200.0	3000.0	1533.680042135212	0.0	0	303.11733097437536	1733.6800421355874	1	0	0	1.7329271444150673
210200.0	3000.0	1633.680042135204	0.0	0	64.16962582812994	1833.6800421355583	1	0	0	1.9222551282282605
211200.0	3000.0	1733.6800421352111	0.0	0	520.8123455424211	1933.6800421355874	1	0	0	1.9130682624410846
212551.68694144112	6000.0	1381.9931006940803	0.0	0	0.0	1933.6800421355583	1	0	1	1.9092170887804878
213277.373597179	3000.0	1656.3064449561964	0.0	0	0.0	1933.6800421355292	1	0	1	1.4160699082205481
214802.5772992241	3000.0	1283.6231131155741	0.0	0	0.0	2086.2004123400257	1	0	0	1.6968977625632333
215444.73638929066	3000.0	1705.6799320556813	0.0	0	0.0	2150.416321346711	1	0	0	1.8890636696172023
216272.51847566315	3000.0	1960.6760543204234	0.0	0	0.0	2233.1945299839717	1	0	0	1.8813859283468242
217200.0	3000.0	1940.4463775498862	0.0	0	0.7918221439467743	2140.44637755031	1	0	2	1.4862850426512522
218200.0	3000.0	1840.4463775499016	0.0	0	20.15966932833544	2040.44637755031	1	0	2	1.8958909300743332
219200.0	3000.0	1740.4463775498928	0.0	0	160.71564904396655	1940.4463775502809	1	0	2	1.9051344780676818
220345.70506148614	3000.0	1480.170809915147	0.0	0	0.0	1825.8758714016876	1	0	2	1.9171896492185008
221568.66314062884	3000.0	1134.916922858189	0.0	0	0.0	1703.5800634874322	1	0	2	1.9291817407158869
222371.5567382969	3000.0	1412.3126849569398	0.0	0	0.0	1783.8694232542475	1	0	0	1.5263589113393352
223200.0	3000.0	1666.7137494241692	0.0	0	69.94550302668358	1866.7137494246126	1	0	0	1.9182126228417054
224200.0	3000.0	1766.7137494241786	0.0	0	436.53181562415557	1966.7137494246708	1	0	0	1.9097139885239787
225200.0	3000.0	1866.7137494242047	0.0	0	349.33370106716757	2066.713749424671	1	0	0	1.8996645701992727
226200.0	3000.0	1966.7137494242027	0.0	0	149.48661962416372	2166.713749424671	1	0	0	1.889041561321667
227851.03786005406	6000.0	1315.6758893701722	0.0	0	0.0	2166.713749424671	1	0	1	1.885913718051579
229479.1745487219	6000.0	687.5392007023005	0.0	0	0.0	2166.7137494246126	1	0	1	2.7790608986115273
230077.9733873523	3000.0	1088.740362071873	0.0	0	0.0	2166.7137494246126	1	0	1	1.39276653749164
231027.3673609146	3000.0	1234.2857858658049	0.0	0	0.0	2261.6531467808527	1	0	0	1.679164978208029
231950.05264674875	3000.0	1311.600500031651	0.0	0	0.0	2261.6531467808527	1	0	1	1.8764197783159609
232964.1920502204	3000.0	1297.4610965600043	0.0	0	0.0	2261.6531467808236	1	0	1	2.0764197783159637
234251.8072345936	3000.0	1009.8459121867835	0.0	0	0.0	2261.6531467807945	1	0	1	2.076419778315967
234988.97286080284	2000.0	1272.6802859775726	0.0	0	0.0	2261.6531467807945	1	0	1	1.2654895620996371
235975.4509340837	3000.0	1286.2022126967124	0.0	0	0.0	2261.6531467807945	1	0	1	1.670954670207802
236802.43467530693	3000.0	1459.2184714735135	0.0	0	0.0	2261.6531467808236	1	0	1	2.0764197783159637
238083.9204572724	3000.0	1305.8812677045596	0.0	0	0.0	2389.8017249773256	1	0	0	1.667559868408761
238865.55859780108	3000.0	1602.4069412287442	0.0	0	0.0	2467.9655390301778	1	0	0	1.85755135441666
239886.9458061312	3000.0	1683.158453731643	0.0	0	0.0	2570.1042598631757	1	0	0	1.8481508688497101
241141.68408034707	3000.0	1428.420179515762	0.0	0	0.0	2570.1042598631466	1	0	1	1.8455746670077313
241870.80738922305	3000.0	1626.3845397521743	0.0	0	0.0	2497.191928975546	1	0	2	1.651080164552097
242873.85864161214	3000.0	1523.0281621241677	0.0	0	0.0	2396.886803736619	1	0	2	1.8605792720002496
243430.41454285383	3000.0	1910.8166707582668	0.0	0	0.0	2341.231213612453	1	0	2	1.8670678090742916
244200.0	3000.0	2064.2726678974495	0.0	0	75.35630412006867	2264.272667897807	1	0	2	1.873864434983056
245200.0	3000.0	1964.272667897431	0.0	0	246.8981167130114	2164.272667897778	1	0	2	1.8824912223863877
246200.0	3000.0	1864.2726678974352	0.0	0	10.461595009197481	2064.272667897778	1	0	2	1.8933816657414475
247200.0	3000.0	1764.2726678974657	0.0	0	295.09858615655685	1964.2726678977488	1	0	2	1.9025011346019458
248220.74226035876	3000.0	1641.456181502779	0.0	0	0.0	1862.1984418618376	1	0	2	1.913711373968077
249385.59902759336	3000.0	1360.1137375446908	0.0	0	0.0	1745.7127651383344	1	0	2	1.9248268144359093
250419.36394550023	3000.0	1326.3488196377875	0.0	0	0.0	1745.7127651383053	1	0	1	1.9280138164802154
251200.0	3000.0	1623.7763705879986	0.0	0	70.36364690813934	1823.7763705882826	1	0	0	1.7224977870562532
252406.531625729	3000.0	1537.8979074319216	0.0	0	0.0	1944.429533161223	1	0	0	1.911510717866058
253225.55116076747	3000.0	1718.8783723934534	0.0	0	0.0	1944.429533161223	1	0	1	1.9081421396779241
254454.90119908933	3000.0	1612.4633379037869	0.0	0	0.0	2067.3645369934384	1	0	0	1.6990414685886872
255446.5032340775	3000.0	1620.8613029156159	0.0	0	0.0	2067.3645369934384	1	0	1	1.895848639294702
256534.9088118683	3000.0	1532.4557251248086	0.0	0	0.0	2067.3645369934384	1	0	1	2.095848639294702
257696.65184563067	3000.0	1486.886994738718	0.0	0	0.0	2183.5388403696998	1	0	0	1.6863895036016192
258566.68900858398	3000.0	1616.8498317853873	0.0	0	0.0	2183.5388403696707	1	0	1	1.8842312089570774
259469.1527984715	3000.0	1714.386041897858	0.0	0	0.0	2183.5388403696707	1	0	1	2.084231208957079
260375.812373704	3000.0	1717.0605091421237	0.0	0	0.0	2092.8728828464227	1	0	2	1.6908508587626874
261562.45691732437	3000.0	1411.7515111597265	0.0	0	0.0	1974.208428484446	1	0	2	1.9022555272305595
262361.5830301773	3000.0	1532.712787021559	0.0	0	0.0	1894.2958171991922	1	0	2	1.911161155101858
263386.5754922998	3000.0	1405.221078686898	0.0	0	0.0	1791.7965709870623	1	0	2	1.9207694629933845
264508.84010158543	3000.0	1170.7300084727221	0.0	0	0.0	1679.5701100585866	1	0	2	1.9320800411433088
265511.24802578107	3000.0	1268.5628766966342	0.0	0	0.0	1779.8109024781734	1	0	0	1.5271027729624664
266200.89346857945	3000.0	1578.9174338982464	0.0	0	0.0	1779.8109024781734	1	0	1	1.9246040027462288
267204.0573752247	3000.0	1676.069917917558	0.0	0	0.0	1880.127293142723	1	0	0	1.7172462012448015
268200.0	3000.0	1779.721555619794	0.0	0	52.56388830055948	1979.7215556202573	1	0	0	1.9077021417561808
269200.0	3000.0	1779.7215556198432	0.0	0	232.34937125863507	1979.7215556202573	1	0	1	1.9046129374320202
270200.0	3000.0	1879.7215556198041	0.0	0	64.58435703878058	2079.721555620141	1	0	0	1.6973796071848046
271200.0	3000.0	1979.7215556198196	0.0	0	383.55108339420985	2179.7215556202573	1	0	0	1.8884173335285515
272200.0	3000.0	2079.721555619865	0.0	0	1.734221893188078	2279.7215556203155	1	0	0	1.8773536429122482
273323.5748979448	3000.0	1843.7891678805724	0.0	0	0.0	2167.3640658258228	1	0	2	1.4828255418209046
274723.28431419097	3000.0	1304.1088100098873	0.0	0	0.0	2027.393124201335	1	0	2	1.8969175968737786
275532.0481965735	3000.0	1414.468539389116	0.0	0	0.0	1946.5167359630577	1	0	2	1.9060319816010098
276316.2266995948	3000.0	1551.872186065602	0.0	0	0.0	1868.0988856608747	1	0	2	1.9138337779107948
277226.22710507555	3000.0	1550.8717400368498	0.0	0	0.0	1777.098845112836	1	0	2	1.9226907431936873
278200.0	3000.0	1479.7215556199792	0.0	0	310.83500704879407	1679.721555620432	1	0	2	1.9310708898504827
279200.0	3000.0	1379.7215556199951	0.0	0	10.305466885096394	1579.721555620432	1	0	2	1.9418820233946388
280200.0	3000.0	1379.721555619945	0.0	0	107.69030802458292	1579.721555620432	1	0	1	1.9446129374320025
281200.0	3000.0	1479.721555619918	0.0	0	36.94123337598285	1679.7215556203155	1	0	0	1.73753170557478
282200.0	3000.0	1579.7215556199053	0.0	0	44.519810524070635	1779.7215556203155	1	0	0	1.9272675084017268
283200.0	3000.0	1679.721555619879	0.0	0	7.230864713492338	1879.721555620199	1	0	0	1.9173310983018081
284200.0	3000.0	1779.7215556199303	0.0	0	295.2636758037261	1979.7215556202573	1	0	0	1.9081580770306132
285859.7461998423	6000.0	1119.9753557776412	0.0	0	0.0	1979.7215556203155	1	0	1	1.9046129374320167
287178.5362657658	3000.0	933.0642964464855	0.0	0	0.0	2111.6005622126977	1	0	0	1.0026789538401102
287738.30548460234	2000.0	1373.2950776098476	0.0	0	0.0	2111.6005622126395	1	0	1	1.0804948205564529
288397.71910102403	3000.0	1713.8814611881405	0.0	0	0.0	2111.6005622126977	1	0	1	1.6859599286646116
289200.0	3000.0	1991.828652109805	0.0	0	21.115209683775902	2191.8286521103582	1	0	0	1.6856297943403797
290376.2408411114	3000.0	1697.963726887347	0.0	0	0.0	2074.204567999346	1	0	2	1.4918717621499102
291531.8927260273	3000.0	1426.7466534798896	0.0	0	0.0	1958.6393795077456	1	0	2	1.9036250540659418
292627.95148143853	3000.0	1330.687898068693	0.0	0	0.0	1958.6393795077456	1	0	1	1.9067211550432714
293372.44083759905	3000.0	1660.647477524283	0.0	0	0.0	2033.0883151238668	1	0	0	1.7010549170133442
294617.99663231417	3000.0	1539.6472622807362	0.0	0	0.0	2157.643894595385	1	0	0	1.8903373271364863
295453.2465858683	3000.0	1704.3973087265688	0.0	0	0.0	2157.643894595385	1	0	1	1.8868207035345077
296241.06019003614	3000.0	1837.8023441419423	0.0	0	0.0	2078.8625341785373	1	0	2	1.6928059447779016
297200.4096839513	3000.0	1782.517900835202	0.0	0	0.0	1982.9275847869576	1	0	2	1.9019239441127986
298200.0	3000.0	1682.968553181559	0.0	0	255.38626545289299	1882.9685531820287	1	0	2	1.9108860878570009
299522.75709704164	3000.0	1227.9357464358081	0.0	0	0.0	1750.6928434779402	1	0	2	1.9240482168554505
300561.35026978725	3000.0	1189.3425736902086	0.0	0	0.0	1750.6928434779402	1	0	1	1.9275158086462518
3.75	3.75	4.25	5.54	3.32	2.92	4.24	3.06	3.96	3.83	1.82	3.81	3.12	3.54	3.74	3.28	2.54	2.17	2.73	4.48	3.52	4.85	3.48	3.73	3.72	3.73	3.76	4.1	3.76	3.43	3.75	4.67	3.44	3.02	3.38	3.1	3.39	4.37	3.46	3.09	3.87	3.61	2.99	3.41	3.22	2.44	3.6	4.41	3.29	3.31	2.39	3.19	4.05	3.45	3.9	3.73	3.86	5.8	3.6	3.3	1.81	3.61	4.1	4.63	4.01	4.08	3.7	2.9	3.93	3.41	4.54	3.82	4.55	3.79	5.54	4.29	4.47	3.09	3.64	3.63	2.2	2.83	3.13	3.83	2.5	3.19	3.01	3.38	3.67	4.52	4.71	4.3	3.65	3.87	3.3	3.39	3.75	4.17	1.96	3.89	2.7	2.97	2.68	1.76	3.29	3.66	3.35	3.17	3.72	3.96	3.43	4.27	3.49	3.59	2.48	3.14	3.96	4.05	3.52	3.26	2.17	3.57	4.01	3.98	4.85	2.99	4.63	3.73	3.97	3.74	5.17	3.06	3.81	2.15	3.44	4.1	3.21	3.49	2.69	4.73	3.41	2.9	3.46	2.87	3.43	2.15	3.51	3.3	3.86	2.42	3.75	3.75	4.25	5.54	3.32	2.92	4.24	3.06	3.96	3.83	1.82	3.81	3.12	3.54	3.74	3.28	2.54	2.17	2.73	4.48	3.52	4.85	3.48	3.73	3.72	3.73	3.76	4.1	3.76	3.43	3.75	4.67	3.44	3.02	3.38	3.1	3.39	4.37	3.46	3.09	3.87	3.61	2.99	3.41	3.22	2.44	3.6	4.41	3.29	3.31	2.39	3.19	4.05	3.45	3.9	3.73	3.86	5.8	3.6	3.3	1.81	3.61	4.1	4.63	4.01	4.08	3.7	2.9	3.93	3.41	4.54	3.82	4.55	3.79	5.54	4.29	4.47	3.09	3.64	3.63	2.2	2.83	3.13	3.83	2.5	3.19	3.01	3.38	3.67	4.52	4.71	4.3	3.65	3.87	3.3	3.39	3.75	4.17	1.96	3.89	2.7	2.97	2.68	1.76	3.29	3.66	3.35	3.17	3.72	3.96	3.43	4.27	3.49	3.59	2.48	3.14	3.96	4.05	3.52	3.26	2.17	3.57	4.01	3.98	4.85	2.99	4.63	3.73	3.97	3.74	5.17	3.06	3.81	2.15	3.44	4.1	3.21	3.49	2.69	4.73	3.41	2.9	3.46	2.87	3.43	2.15	3.51	3.3	3.86	2.42
1.0	2.0	3.0	4.0	5.0	6.0	7.0	8.0	9.0	10.0	11.0	12.0	13.0	14.0	15.0	16.0	17.0	18.0	19.0	20.0	21.0	22.0	23.0	24.0	25.0	26.0	27.0	28.0	29.0	30.0	31.0	32.0	33.0	34.0	35.0	36.0	37.0	38.0	39.0	40.0	41.0	42.0	43.0	44.0	45.0	46.0	47.0	48.0	49.0	50.0	51.0	52.0	53.0	54.0	55.0	56.0	57.0	58.0	59.0	60.0	61.0	62.0	63.0	64.0	65.0	66.0	67.0	68.0	69.0	70.0	71.0	72.0	73.0	74.0	75.0	76.0	77.0	78.0	79.0	80.0	81.0	82.0	83.0	84.0	85.0	86.0	87.0	88.0	89.0	90.0	91.0	92.0	93.0	94.0	95.0	96.0	97.0	98.0	99.0	100.0	101.0	102.0	103.0	104.0	105.0	106.0	107.0	108.0	109.0	110.0	111.0	112.0	113.0	114.0	115.0	116.0	117.0	118.0	119.0	120.0	121.0	122.0	123.0	124.0	125.0	126.0	127.0	128.0	129.0	130.0	131.0	132.0	133.0	134.0	135.0	136.0	137.0	138.0	139.0	140.0	141.0	142.0	143.0	144.0	145.0	146.0	147.0	148.0	149.0	149.0	150.0	151.0	152.0	153.0	154.0	155.0	156.0	157.0	158.0	159.0	160.0	161.0	162.0	163.0	164.0	165.0	166.0	167.0	168.0	169.0	170.0	171.0	172.0	173.0	174.0	175.0	176.0	177.0	178.0	179.0	180.0	181.0	182.0	183.0	184.0	185.0	186.0	187.0	188.0	189.0	190.0	191.0	192.0	193.0	194.0	195.0	196.0	197.0	198.0	199.0	200.0	201.0	202.0	203.0	204.0	205.0	206.0	207.0	208.0	209.0	210.0	211.0	212.0	213.0	214.0	215.0	216.0	217.0	218.0	219.0	220.0	221.0	222.0	223.0	224.0	225.0	226.0	227.0	228.0	229.0	230.0	231.0	232.0	233.0	234.0	235.0	236.0	237.0	238.0	239.0	240.0	241.0	242.0	243.0	244.0	245.0	246.0	247.0	248.0	249.0	250.0	251.0	252.0	253.0	254.0	255.0	256.0	257.0	258.0	259.0	260.0	261.0	262.0	263.0	264.0	265.0	266.0	267.0	268.0	269.0	270.0	271.0	272.0	273.0	274.0	275.0	276.0	277.0	278.0	279.0	280.0	281.0	282.0	283.0	284.0	285.0	286.0	287.0	288.0	289.0	290.0	291.0	292.0	293.0	294.0	295.0	296.0	297.0	298.0	298.0
4389.077729083045
