2974.3358325580366	300.0	2000.0	97.40055764954394	0	0.0	2974.3358325580366	1	0	2	-1.280221817986592
3839.141213826735	3000.0	2048.7140806044317	0.0	0	0.0	2887.855294431167	1	0	2	-0.4911503005635509
4660.457469700869	3000.0	2145.2661991428845	0.0	0	0.0	2805.7236688437533	1	0	2	1.8199549519175946
5836.55139001252	3000.0	1851.5628868000686	0.0	0	0.0	2688.1142768125883	1	0	2	1.8310260907987566
6450.654515572633	3000.0	2176.049448683945	0.0	0	0.0	2626.7039642565774	1	0	2	1.8383622934451673
7529.33939203693	3000.0	1989.4960845732185	0.0	0	0.0	2518.8354766101475	1	0	2	1.8479530863397078
8709.315427189593	3000.0	1691.522445905291	0.0	0	0.0	2400.8378730948825	1	0	2	1.8593985360801975
9486.777998272586	3000.0	1836.313617713999	0.0	0	0.0	2323.091615986582	1	0	2	1.8682746835528692
10628.510053438387	3000.0	1580.4083570316188	0.0	0	0.0	2208.9184104700053	1	0	2	1.8788022145392964
11584.7392251482	3000.0	1528.556268150825	0.0	0	0.0	2113.295493299025	1	0	2	1.8886832845398187
12763.43164447607	3000.0	1231.9946068901672	0.0	0	0.0	1995.426251366236	1	0	2	1.9001195081631272
13878.352486064001	3000.0	1005.5816811434422	0.0	0	0.0	1883.9341672074388	1	0	2	1.911082105138619
14803.195650977974	3000.0	1173.222832720865	0.0	0	0.0	1976.4184836988352	1	0	0	1.5072883729038078
16065.631696526767	3000.0	910.7867871720728	0.0	0	0.0	1976.4184836988352	1	0	1	1.9049432446241625
17262.93159661109	3000.0	713.4868870877467	0.0	0	0.0	1976.4184836988334	1	0	1	2.1049432446241627
18196.28456757752	2000.0	780.1339161213164	0.0	0	0.0	1976.4184836988334	1	0	1	1.2940130284078335
19468.46475541625	3000.0	507.9537282825853	0.0	0	0.0	1976.4184836988352	1	0	1	1.6994781365159979
20501.272766040947	2000.0	475.1457176578882	0.0	0	0.0	1976.4184836988352	1	0	1	1.294013028407833
20918.898637001592	1000.0	1057.519846697242	0.0	0	0.0	1976.4184836988352	1	0	1	0.3131837753961075
21374.298197013064	2000.0	1647.660242686918	0.0	0	0.0	2021.9584396999853	1	0	0	0.6028621530823369
22200.0	2000.0	1904.5286199986758	0.0	0	279.2209667249008	2104.5286199986804	1	0	0	1.4899750439337485
23200.0	3000.0	2004.5286199986756	0.0	0	297.856786287688	2204.5286199986804	1	0	0	1.4802817412319422
24200.0	3000.0	2104.528619998673	0.0	0	178.9090409046621	2304.528619998673	1	0	0	1.8752923813942666
25844.83785203592	6000.0	1459.6907679627518	0.0	0	0.0	2304.528619998673	1	0	1	1.8721322309941786
26850.7120430277	3000.0	1554.403996070146	0.0	0	0.0	2405.116039097851	1	0	0	0.9714755911369805
27712.860490184205	3000.0	1778.470393629295	0.0	0	0.0	2491.3308838135017	1	0	0	1.8556900825592455
28451.816679832144	3000.0	2113.4098229461492	0.0	0	0.0	2565.226502778296	1	0	0	1.8478231482831569
29431.393015405847	3000.0	2035.8758538150782	0.0	0	0.0	2467.268869220923	1	0	2	1.4533287488420692
30562.753915933252	3000.0	1791.3788632349324	0.0	0	0.0	2354.1327791681833	1	0	2	1.864010119776139
31857.440516814244	3000.0	1367.223602265844	0.0	0	0.0	2224.6641190800874	1	0	2	1.8773070773590155
32330.592406494732	3000.0	1846.7565236173057	0.0	0	0.0	2177.348930112039	1	0	2	1.8837080875397056
33263.521851121724	3000.0	1820.534134527623	0.0	0	0.0	2084.055985649349	1	0	2	1.8915170283246996
34361.6542756897	3000.0	1612.5884675028508	0.0	0	0.0	1974.2427431925498	1	0	2	1.9021848495540072
35200.0	3000.0	1690.4081707615262	0.0	0	134.2898454020833	1890.4081707615187	1	0	2	1.9106128631079171
36200.0	3000.0	1590.4081707615348	0.0	0	281.2333195385727	1790.408170761526	1	0	2	1.9201109884523078
37200.0	3000.0	1490.4081707615353	0.0	0	308.7095299724024	1690.4081707615187	1	0	2	1.929811197303108
38200.0	3000.0	1490.4081707615328	0.0	0	208.38077142510156	1690.4081707615187	1	0	1	1.9335442759178938
39200.355230293906	3000.0	1490.0529404676272	0.0	0	0.0	1690.4081707615187	1	0	1	2.133544275917894
40200.0	3000.0	1590.3726477321356	0.0	0	123.67451964799693	1790.3726477321252	1	0	0	1.7264974502635555
41200.0	3000.0	1690.372647732135	0.0	0	85.9202958877504	1890.3726477321252	1	0	0	1.9164403958835794
42200.0	3000.0	1790.3726477321331	0.0	0	131.29285855859052	1990.3726477321325	1	0	0	1.9066706632223427
43438.88308994817	6000.0	1551.4895577839654	0.0	0	0.0	1990.3726477321325	1	0	1	1.903547828220833
44200.0	3000.0	1866.4843387373217	0.0	0	13.249166274581512	2066.484338737311	1	0	0	1.005034090647222
45200.0	3000.0	1966.4843387373205	0.0	0	256.9409860103042	2166.4843387373185	1	0	0	1.8894342805082118
46200.0	3000.0	2066.4843387373126	0.0	0	359.4119334993229	2266.484338737304	1	0	0	1.8797352103937257
47200.0	3000.0	2166.4843387373044	0.0	0	172.45904565694218	2366.4843387372966	1	0	0	1.869334278064856
48390.33709095263	3000.0	2095.1809568799436	0.0	0	0.0	2485.518047832571	1	0	0	1.8568270923347694
49200.0	3000.0	2204.55175692784	0.0	0	98.69360801995936	2404.551756927838	1	0	2	1.4595170716591694
50200.0	3000.0	2104.5517569278363	0.0	0	316.1824019097912	2304.551756927838	1	0	2	1.8684385384217594
51200.0	3000.0	2004.5517569278325	0.0	0	200.26371877571364	2204.551756927831	1	0	2	1.878637986687394
52200.0	3000.0	1904.5517569278331	0.0	0	211.81984224745247	2104.551756927831	1	0	2	1.8886705088018836
53200.0	3000.0	1804.5517569278365	0.0	0	294.22011378356547	2004.5517569278309	1	0	2	1.8986089610520258
54200.0	3000.0	1704.5517569278459	0.0	0	359.77291234224685	1904.5517569278381	1	0	2	1.908305220670774
55369.89060773379	3000.0	1534.6611491940594	0.0	0	0.0	1904.5517569278381	1	0	1	1.912129917301262
56249.246195043655	3000.0	1655.3055618841938	0.0	0	0.0	1904.5517569278381	1	0	1	2.1121299173012624
57349.14793150924	3000.0	1555.4038254186087	0.0	0	0.0	1904.5517569278309	1	0	1	2.112129917301263
58200.0	3000.0	1789.6369637769221	0.0	0	77.55321455329249	1989.6369637769094	1	0	0	1.7062962213766797
59200.0	3000.0	1889.6369637769221	0.0	0	24.676447143006953	2089.636963776902	1	0	0	1.8966734668777552
60217.47499317427	3000.0	1973.909469920086	0.0	0	0.0	2191.3844630943277	1	0	0	1.8857158490872403
61200.0	3000.0	1893.1319624117828	0.0	0	174.87635518902243	2093.1319624117605	1	0	2	1.4898646989325997
62245.96563111633	3000.0	1742.5697681838208	0.0	0	0.0	1988.535399300119	1	0	2	1.901339601160467
63200.0	3000.0	1693.1319624117725	0.0	0	299.5370752044837	1893.131962411746	1	0	2	1.9096168408972385
64200.0	3000.0	1593.1319624117739	0.0	0	42.8856913272175	1793.1319624117314	1	0	2	1.9204395948130817
65200.0	3000.0	1493.1319624117725	0.0	0	18.90449243074545	1693.1319624117314	1	0	2	1.93098209871154
66200.0	3000.0	1593.1319624117684	0.0	0	157.0250281400804	1793.131962411724	1	0	0	1.5267309049874112
67200.0	3000.0	1593.1319624117457	0.0	0	53.43724782062054	1793.1319624117023	1	0	1	1.9232718967528752
68945.47981415658	6000.0	847.6521482551451	0.0	0	0.0	1793.1319624116877	1	0	1	2.123271896752877
69524.96658304858	3000.0	1268.165379363155	0.0	0	0.0	1793.1319624116877	1	0	1	1.4301247161929325
70632.78531908806	3000.0	1271.1285169276239	0.0	0	0.0	1903.9138360156358	1	0	0	1.7150435863633116
71373.02142390353	3000.0	1530.8924121121618	0.0	0	0.0	1903.9138360156503	1	0	1	1.9121937093924812
72318.99557137572	3000.0	1679.515679387192	0.0	0	0.0	1998.51125076288	1	0	0	1.7055139342996029
73200.0	3000.0	1886.6116936253293	0.0	0	197.79659169449587	2086.6116936252947	1	0	0	1.8968260660003096
74200.0	3000.0	1986.6116936253118	0.0	0	42.18206484231632	2186.6116936252656	1	0	0	1.8869274413514994
75200.0	3000.0	2086.6116936252947	0.0	0	103.54414278757758	2286.6116936252656	1	0	0	1.8771961655197797
76200.0	3000.0	1986.6116936252997	0.0	0	92.70713426180009	2186.6116936252656	1	0	2	1.4808253645132332
77297.70349021736	3000.0	1779.1378543861906	0.0	0	0.0	2076.841344603512	1	0	2	1.891388708264649
78200.0	3000.0	1786.611693625292	0.0	0	76.17606523493305	1986.611693625251	1	0	2	1.9017995472102527
79205.87136056159	3000.0	1680.1531970075446	0.0	0	0.0	1886.0245575690933	1	0	2	1.9114365983924615
80200.0	3000.0	1586.61169362529	0.0	0	224.59159460832598	1786.6116936252365	1	0	2	1.9204186794895826
81200.0	3000.0	1486.611693625287	0.0	0	314.35693154753244	1686.611693625251	1	0	2	1.93036913267074
82200.0	3000.0	1386.611693625281	0.0	0	141.06159958202625	1586.6116936252365	1	0	2	1.9404465615855941
83200.0	3000.0	1386.6116936252613	0.0	0	40.45846229493327	1586.6116936252365	1	0	1	1.9439239236315222
84200.0	3000.0	1386.6116936252592	0.0	0	224.24783955220482	1586.6116936252365	1	0	1	2.1439239236315224
85200.0	3000.0	1486.6116936252536	0.0	0	293.18348931867513	1686.611693625222	1	0	0	1.737714440848369
86200.0	3000.0	1486.6116936252454	0.0	0	76.01315151894232	1686.611693625222	1	0	1	1.9339239236315242
87320.05016025127	3000.0	1366.5615333739677	0.0	0	0.0	1686.611693625222	1	0	1	2.133923923631524
88200.0	3000.0	1574.6066776001142	0.0	0	280.4164471220138	1774.6066776000953	1	0	0	1.7284619716323504
89200.0	3000.0	1674.6066776001094	0.0	0	133.0596630416403	1874.6066776000953	1	0	0	1.9184156878521361
90200.0	3000.0	1774.6066776000998	0.0	0	237.73884926563187	1974.6066776000516	1	0	0	1.9087037463548127
91200.0	3000.0	1874.6066776000935	0.0	0	270.8644078715297	2074.606677600037	1	0	0	1.8986873699195477
92200.0	3000.0	1974.6066776000948	0.0	0	247.16274470899953	2174.606677600037	1	0	0	1.8887557833821218
93200.0	3000.0	2074.606677600099	0.0	0	71.59241219767136	2274.6066776000225	1	0	0	1.878282477494148
94216.62114880636	3000.0	2159.647643674376	0.0	0	0.0	2376.268792480667	1	0	0	1.8672742127402993
95200.0	3000.0	2077.9309073613813	0.0	0	454.86484579784155	2277.9309073612967	1	0	2	1.470975773779617
96200.0	3000.0	1977.9309073613838	0.0	0	294.4464325630688	2177.9309073612967	1	0	2	1.88111047675353
97200.0	3000.0	1877.9309073613895	0.0	0	53.90079237044847	2077.9309073612967	1	0	2	1.8917390531336782
98200.0	3000.0	1777.930907361401	0.0	0	314.94657924424973	1977.9309073612967	1	0	2	1.901106810130356
99200.0	3000.0	1677.9309073614086	0.0	0	101.47564447871991	1877.9309073612967	1	0	2	1.9117358344332382
101353.41282520417	6000.0	524.5180821572333	0.0	0	0.0	1877.9309073612967	1	0	1	1.9147920022579161
102174.55418187918	3000.0	703.3767254822212	0.0	0	0.0	1877.9309073612967	1	0	1	1.4216448216979716
102990.68033493792	2000.0	887.2505724234827	0.0	0	0.0	1877.9309073613113	1	0	1	1.3038617860415855
103547.73470495001	3000.0	1385.9016394126008	0.0	0	0.0	1933.636344362516	1	0	0	1.305151049786495
104200.0	2000.0	1798.8628738676005	0.0	0	54.62100338554592	1998.8628738675034	1	0	0	1.093705588491926
105200.0	3000.0	1698.8628738675823	0.0	0	2.0810328276565997	1898.8628738674743	1	0	2	1.1040731863039053
106505.28604103881	3000.0	1393.57683282877	0.0	0	0.0	1898.8628738674743	1	0	1	1.9126988056072984
107353.5132822807	3000.0	1630.172315711058	0.0	0	0.0	1983.6855979916436	1	0	0	1.7065337729652095
108245.45266437854	3000.0	1827.426871823024	0.0	0	0.0	2072.8795362014644	1	0	0	1.8977855284575513
109200.0	3000.0	1968.3342697637204	0.0	0	259.6833570750314	2168.334269763611	1	0	0	1.8891543115873315
110200.0	3000.0	1868.3342697637215	0.0	0	66.02335943252547	2068.3342697635962	1	0	2	1.4925644203979038
111200.0	3000.0	1768.3342697637322	0.0	0	89.18894585035741	1968.3342697636108	1	0	2	1.9029957336840857
112200.0	3000.0	1668.3342697637295	0.0	0	431.4045322238235	1868.3342697635962	1	0	2	1.9119261696119858
113200.0	3000.0	1568.334269763731	0.0	0	199.72527221846394	1768.3342697635817	1	0	2	1.9222664957586513
114703.93646712507	6000.0	1064.3978026386735	0.0	0	0.0	1768.3342697635817	1	0	1	1.9257516660176877
115763.12622080657	3000.0	1111.1270243253186	0.0	0	0.0	1874.2532451317238	1	0	0	1.0245271486792564
116516.54347349856	3000.0	1357.7097716333337	0.0	0	0.0	1874.2532451317093	1	0	1	1.9151597684808752
117267.83865838558	3000.0	1681.544105235009	0.0	0	0.0	1949.3827636203932	1	0	0	1.7096750173631854
118200.0	3000.0	1842.5988977820293	0.0	0	131.4595693637384	2042.5988977818633	1	0	0	1.9011822568400683
119200.0	3000.0	1942.5988977820173	0.0	0	253.90365861546888	2142.5988977818633	1	0	0	1.8917051439624193
120200.0	3000.0	1842.5988977820102	0.0	0	286.81622702987806	2042.5988977818633	1	0	2	1.4946353911234669
121200.0	3000.0	1742.5988977820011	0.0	0	346.1772379156755	1942.5988977818488	1	0	2	1.9046667654356924
122200.0	3000.0	1642.5988977820266	0.0	0	390.4426920473197	1842.598897781878	1	0	2	1.9145521059842172
123200.0	3000.0	1742.598897782033	0.0	0	28.23941430846753	1942.598897781907	1	0	0	1.511305046217887
124200.0	3000.0	1842.5988977820275	0.0	0	250.12327525510045	2042.5988977819216	1	0	0	1.9018904071298928
125200.0	3000.0	1942.5988977820098	0.0	0	120.3690099480009	2142.5988977818924	1	0	0	1.8914521047741069
126200.0	3000.0	2042.598897782012	0.0	0	378.4028521783039	2242.5988977818924	1	0	0	1.881998257137362
127416.4624936075	6000.0	1826.1364041745157	0.0	0	0.0	2242.5988977818924	1	0	1	1.8783252032158566
128200.0	3000.0	1964.2451471427696	0.0	0	12.11295971806976	2164.2451471426466	1	0	2	0.9908711443309527
129200.0	3000.0	1864.2451471427821	0.0	0	309.0978014458524	2064.2451471426757	1	0	2	1.8923949465041243
130200.0	3000.0	1764.2451471427898	0.0	0	1.4751513762166724	1964.2451471426903	1	0	2	1.90350483457921
131200.0	3000.0	1664.2451471427885	0.0	0	157.69815268290404	1864.2451471426612	1	0	2	1.9129043851651786
132200.0	3000.0	1564.2451471428174	0.0	0	52.31783641551738	1764.2451471427048	1	0	2	1.9234206364760602
133200.0	3000.0	1464.2451471428142	0.0	0	263.63806612967164	1664.2451471427048	1	0	2	1.9325820314445283
134200.0	3000.0	1364.2451471428512	0.0	0	427.2230302597454	1564.2451471426757	1	0	2	1.9423281883278598
135430.6556508548	3000.0	1256.655061373521	0.0	0	0.0	1687.3107122281217	1	0	0	1.5376443540246403
136582.9512413338	3000.0	1104.3594708945268	0.0	0	0.0	1687.3107122281508	1	0	1	1.933854021771231
137616.99382535435	3000.0	1070.3168868739986	0.0	0	0.0	1687.3107122281508	1	0	1	2.133854021771231
138220.146069244	3000.0	1467.1646429843954	0.0	0	0.0	1687.3107122281508	1	0	1	2.133854021771231
139200.0	3000.0	1585.296105303992	0.0	0	256.4333095768234	1785.2961053038016	1	0	0	1.7277174201873502
140200.0	3000.0	1585.2961053040021	0.0	0	23.49044601843343	1785.2961053038016	1	0	1	1.924055482463666
141200.0	3000.0	1685.2961053039728	0.0	0	261.72300774860196	1885.2961053037434	1	0	0	1.7177099798041624
142200.0	3000.0	1785.2961053039996	0.0	0	43.93124067824101	1985.2961053038307	1	0	0	1.9069523127468413
143268.63953531187	3000.0	1823.520523523317	0.0	0	0.0	2092.1600588350266	1	0	0	1.89612628582974
144200.0	3000.0	1985.2961053040092	0.0	0	61.87228909600526	2185.29610530386	1	0	0	1.8865140946818781
145200.0	3000.0	1885.2961053040128	0.0	0	156.87570597985177	2085.2961053038016	1	0	2	1.4906951987739503
146200.0	3000.0	1785.2961053040315	0.0	0	119.50444040977163	1985.2961053038598	1	0	2	1.9009313247315855
147279.7948550603	3000.0	1597.521764737739	0.0	0	0.0	1877.3166197978426	1	0	2	1.9118115608707824
148200.0	3000.0	1769.33713429202	0.0	0	21.24821116347448	1969.3371342918254	1	0	0	1.5078998938654982
149200.0	3000.0	1869.337134291994	0.0	0	73.87222075316822	2069.3371342917962	1	0	0	1.8982240138755389
150317.4790368697	6000.0	1751.858097422267	0.0	0	0.0	2069.3371342917962	1	0	1	1.8956513795648662
151281.51376544315	3000.0	1691.4198959914947	0.0	0	0.0	1972.9336614344502	1	0	2	1.0092508721292746
152200.0	3000.0	1772.9336614346073	0.0	0	83.50817550849752	1972.9336614344502	1	0	1	1.9052917268506009
153200.0	3000.0	1672.9336614345873	0.0	0	383.13638072126196	1872.933661434421	1	0	2	1.7114605708568176
154462.95361731324	3000.0	1409.9800441213229	0.0	0	0.0	1872.933661434421	1	0	1	1.9152917268506036
155495.03261704216	3000.0	1377.901044392404	0.0	0	0.0	1872.933661434421	1	0	1	2.1152917268506037
156230.522678356	3000.0	1715.9599892099084	0.0	0	0.0	1946.4826675657532	1	0	0	1.7098583948267927
157200.0	3000.0	1843.4303997303286	0.0	0	137.83620330892154	2043.4303997301613	1	0	0	1.9017189118042463
158446.76705592655	3000.0	1596.6633438037677	0.0	0	0.0	2043.4303997301613	1	0	1	1.89824205302103
159464.98992082805	3000.0	1578.4404789022885	0.0	0	0.0	2043.4303997301904	1	0	1	2.098242053021027
160286.62664183506	3000.0	1838.9674299959725	0.0	0	0.0	2125.5940718308266	1	0	0	1.6921580708176123
161336.33184055894	3000.0	1684.2917113997155	0.0	0	0.0	2020.6235519584734	1	0	2	1.497676317852941
162275.95441576446	3000.0	1650.7068786736254	0.0	0	0.0	1926.6612944379158	1	0	2	1.9074764834056803
163228.81110547215	3000.0	1602.564519995132	0.0	0	0.0	1831.3756254671025	1	0	2	1.9169624834506118
164415.39523328558	3000.0	1297.3219794003599	0.0	0	0.0	1712.717212685733	1	0	2	1.9281807096545476
165605.8885258952	3000.0	1106.8286867907364	0.0	0	0.0	1712.717212685704	1	0	1	1.9313133717254756
167093.2019990023	3000.0	619.5152136836466	0.0	0	0.0	1712.717212685733	1	0	1	2.1313133717254744
168184.75917586466	3000.0	527.9580368213242	0.0	0	0.0	1712.7172126857913	1	0	1	2.1313133717254678
169759.2537074752	3000.0	200.0	98.98560180906175	0	0.0	1959.2537074752036	1	0	0	1.1234013802368321
170015.91624762226	1000.0	943.3374598529027	0.0	0	0.0	1959.2537074752036	1	0	1	-0.290564855089694
170502.00218709794	2000.0	1505.8601143247859	0.0	0	0.0	2007.8623014227778	1	0	0	0.6044074266972477
171200.0	3000.0	1877.6620827129339	0.0	0	46.020195839053486	2077.662082712981	1	0	0	1.4913462851125767
172200.0	3000.0	1977.662082712918	0.0	0	375.8402025891701	2177.66208271301	1	0	0	1.888624144296352
173200.0	3000.0	2077.662082712933	0.0	0	338.75882629162516	2277.662082713039	1	0	0	1.8785684336939252
174200.0	3000.0	1977.6620827129084	0.0	0	389.32030092494097	2177.662082712981	1	0	2	1.4809811061094103
175327.53868839683	3000.0	1737.3695254764239	0.0	0	0.0	2064.9082138733356	1	0	2	1.8931819336657232
176200.0	3000.0	1952.1543450335985	0.0	0	177.27244714982226	2152.1543450336903	1	0	0	1.4903289799049164
177200.0	3000.0	1852.1543450335773	0.0	0	237.46029033948435	2052.1543450337194	1	0	2	1.4937129201974262
178213.25742032318	3000.0	1737.5711826780866	0.0	0	0.0	1950.8286030014278	1	0	2	1.9046538926316798
179812.62736068032	3000.0	978.2642482852068	0.0	0	0.0	1790.8916089656705	1	0	2	1.9188232600641646
181056.53840866248	3000.0	858.7443051012635	0.0	0	0.0	1915.2827137638815	1	0	0	1.5133439848215038
181768.48418300913	3000.0	1217.9931081892814	0.0	0	0.0	1986.4772911985638	1	0	0	1.9058678238028655
182583.4640894236	3000.0	1484.5111924162973	0.0	0	0.0	2067.9752818400157	1	0	0	1.8978744655191535
183581.58811479824	3000.0	1486.387167041649	0.0	0	0.0	2067.9752818400157	1	0	1	1.8957875648100444
184387.2252826092	3000.0	1680.749999230692	0.0	0	0.0	2067.9752818400448	1	0	1	2.0957875648100415
185200.0	3000.0	1949.2527535789914	0.0	0	46.129681594640715	2149.252753579145	1	0	0	1.6897405054638632
186200.0	3000.0	1849.2527535789625	0.0	0	113.92101824557176	2049.252753579145	1	0	2	1.4943818851205866
187492.55007958645	3000.0	1427.447666033835	0.0	0	0.0	1919.9977456204651	1	0	2	1.906989835441978
188641.50205412984	3000.0	1278.495691490458	0.0	0	0.0	1919.9977456204651	1	0	1	1.9105853184319992
189662.51727226732	3000.0	1257.4804733529763	0.0	0	0.0	1919.9977456204651	1	0	1	2.1105853184319994
190283.7713520671	3000.0	1698.351801533163	0.0	0	0.0	1982.1231536004343	1	0	0	1.705918797065434
191200.0	3000.0	1873.7460183935589	0.0	0	303.5895937367459	2073.74601839378	1	0	0	1.8986286548062083
193121.64086653874	6000.0	952.1051518547811	0.0	0	0.0	2073.746018393751	1	0	1	1.8952104911546694
194075.59621387138	3000.0	998.1498045221639	0.0	0	0.0	2073.746018393722	1	0	1	1.402063310594729
194752.91339295832	3000.0	1320.8326254352578	0.0	0	0.0	2073.746018393722	1	0	1	2.095210491154674
195603.36643285767	3000.0	1555.4248895258468	0.0	0	0.0	2158.7913223836804	1	0	0	1.6887704032390878
196398.8721697978	3000.0	1839.4697262797354	0.0	0	0.0	2238.341896077676	1	0	0	1.8806769998692767
197400.13145225254	3000.0	1938.3363720704606	0.0	0	0.0	2338.467824323103	1	0	0	1.8711805355400812
198200.0	3000.0	2058.480969548249	0.0	0	30.0619890265516	2258.480969548371	1	0	2	1.4745064714567928
199200.0	3000.0	1958.4809695482672	0.0	0	21.417687444074545	2158.480969548371	1	0	2	1.8840389742491812
200200.0	3000.0	1858.4809695482695	0.0	0	350.5280484064133	2058.480969548371	1	0	2	1.8929242594190323
201200.0	3000.0	1758.4809695482609	0.0	0	55.519354572257726	1958.480969548371	1	0	2	1.9036085578240702
202289.1499997934	3000.0	1560.415969775523	0.0	0	0.0	1849.5659695689974	1	0	2	1.914856985027972
203200.0	3000.0	1558.480969548269	0.0	0	125.60542892073863	1758.4809695483418	1	0	2	1.9235326800787402
204200.0	3000.0	1558.4809695482868	0.0	0	162.27930745342746	1758.480969548371	1	0	1	1.926736996039209
205285.82597884623	3000.0	1472.6549907020556	0.0	0	0.0	1758.480969548371	1	0	1	2.126736996039209
206273.25361276802	3000.0	1485.2273567802667	0.0	0	0.0	1758.480969548371	1	0	1	2.126736996039209
207200.0	3000.0	1651.1556082714678	0.0	0	17.193651587556815	1851.1556082715106	1	0	0	1.7197884471008222
208200.0	3000.0	1751.1556082714553	0.0	0	145.01009240181884	1951.1556082715106	1	0	0	1.9110200273639335
209366.827636288	3000.0	1584.3279719834327	0.0	0	0.0	1951.1556082715106	1	0	1	1.9074695321668949
210434.7563427718	3000.0	1623.192136148021	0.0	0	0.0	2057.9484789198614	1	0	0	1.699857482926558
211445.41587706862	3000.0	1612.5326018511792	0.0	0	0.0	2057.9484789198323	1	0	1	1.8967902451020628
212587.51268216383	3000.0	1584.6454772655056	0.0	0	0.0	2172.158159429324	1	0	0	1.6882857809765772
213405.88816886276	3000.0	1766.2699905665513	0.0	0	0.0	2172.158159429324	1	0	1	1.8853692770511137
214255.32785863552	3000.0	2001.7742697710796	0.0	0	0.0	2257.1021284066082	1	0	0	1.6788731536599026
215614.64101961738	6000.0	1642.4611087891594	0.0	0	0.0	2257.1021284066082	1	0	1	1.8768748801533852
216343.0773866303	3000.0	1841.1811050749957	0.0	0	0.0	2184.2584917054046	1	0	2	0.9893541876342048
218183.94709738894	6000.0	1000.3113943163358	0.0	0	0.0	2184.2584917054046	1	0	1	1.8841592438235053
218948.70006992324	3000.0	1312.0337190354378	0.0	0	0.0	2260.733788958838	1	0	0	0.9855562721868485
219914.92474368776	3000.0	1345.8090452709525	0.0	0	0.0	2260.733788958867	1	0	1	1.876511714098161
221142.86642766648	3000.0	1240.6615296901066	0.0	0	0.0	2383.5279573567095	1	0	0	1.6674961749975865
222148.73342814183	3000.0	1234.7945292147615	0.0	0	0.0	2383.5279573567095	1	0	1	1.8642322972583751
222942.91935408404	3000.0	1520.027195866795	0.0	0	0.0	2462.9465499509824	1	0	0	1.6582493292436322
223759.92501547813	3000.0	1784.7221006121063	0.0	0	0.0	2544.6471160903457	1	0	0	1.850124799824623
224413.6368435879	3000.0	2196.3814553133207	0.0	0	0.0	2610.0182989013556	1	0	0	1.8433492317017617
225200.0	3000.0	2331.3819832600498	0.0	0	67.29718651302392	2531.3819832602167	1	0	2	1.446997829589921
226617.50784177473	3000.0	1772.1233573079053	0.0	0	0.0	2389.6311990827962	1	0	2	1.859016751104026
227563.86029191132	3000.0	1731.1356621576529	0.0	0	0.0	2294.9959540691634	1	0	2	1.8706831197386906
228272.45283269003	3000.0	1951.6838673010864	0.0	0	0.0	2224.1366999913007	1	0	2	1.8783631538784245
229289.1739774524	3000.0	1833.2906080624878	0.0	0	0.0	2122.4645855150884	1	0	2	1.8878960486708323
230274.126536102	3000.0	1749.8427935479042	0.0	0	0.0	2023.9693296501355	1	0	2	1.8980540512629096
231200.0	3000.0	1731.3819832601273	0.0	0	344.0725951663626	1931.381983260304	1	0	2	1.9057647171347825
232200.0	3000.0	1631.38198326012	0.0	0	250.34186286802287	1831.381983260304	1	0	2	1.9158089582174973
233232.61576447843	3000.0	1598.7662187816832	0.0	0	0.0	1831.381983260304	1	0	1	1.9194468946680154
235245.59643315253	6000.0	585.7855501075942	0.0	0	0.0	1831.381983260304	1	0	1	2.1194468946680156
236315.5720582004	3000.0	548.7623636952274	32.95243863551343	0	0.0	1864.3344218958227	1	0	1	1.2252898384314383
237232.2092426634	3000.0	632.1251792322264	0.0	0	0.0	1864.3344218957936	1	0	1	2.1161516508044667
238223.5013274412	3000.0	640.8330944544421	0.0	0	0.0	1864.3344218957645	1	0	1	2.1161516508044693
238834.0629007668	3000.0	1030.271521128835	0.0	0	0.0	1864.3344218957063	1	0	1	2.1161516508044738
239796.0398047645	3000.0	1164.4923075309016	0.0	0	0.0	1960.5321122954774	1	0	0	1.7088988752391834
240616.88753461317	3000.0	1425.7293506670953	0.0	0	0.0	2042.616885280353	1	0	0	1.9004622648271217
241581.99974307392	3000.0	1557.1283630524267	0.0	0	0.0	2139.1281061264162	1	0	0	1.8913860615411644
242554.88164785065	3000.0	1681.5346487533704	0.0	0	0.0	2236.4162966041185	1	0	0	1.8813533096392272
243449.39963964067	3000.0	1876.4684561423558	0.0	0	0.0	2325.8680957831093	1	0	0	1.8723230414893215
244200.0	3000.0	2050.80805974714	0.0	0	181.10276865874766	2250.8080597472726	1	0	2	1.474754430998627
245200.0	3000.0	1950.8080597471694	0.0	0	338.56765011596144	2150.8080597473017	1	0	2	1.8837108634996393
246200.0	3000.0	1850.808059747175	0.0	0	120.1549360092904	2050.808059747331	1	0	2	1.894385885933118
247276.0041994732	3000.0	1667.2034403266528	0.0	0	0.0	1943.2076398000354	1	0	2	1.905560941494271
248200.0	3000.0	1650.808059747146	0.0	0	128.15228480219957	1850.8080597473017	1	0	2	1.9146142146134064
249200.0	3000.0	1550.8080597471928	0.0	0	386.3614233514818	1750.8080597473308	1	0	2	1.9236688186921862
250200.0	3000.0	1550.808059747202	0.0	0	152.64821237538126	1750.8080597473308	1	0	1	1.9275042870193129
251275.81569528367	3000.0	1582.5739339919096	0.0	0	0.0	1858.3896292757127	1	0	0	1.7203411879237136
252200.0	3000.0	1658.389629275588	0.0	0	1.1499654574727174	1858.3896292757127	1	0	1	1.9167461300664748
253200.0	3000.0	1758.3896292755646	0.0	0	234.48239456836018	1958.3896292756835	1	0	0	1.7104220975757303
254200.0	3000.0	1858.3896292755621	0.0	0	52.28484609356383	2058.3896292756544	1	0	0	1.9001647384167875
255425.18237543336	3000.0	1633.207253842177	0.0	0	0.0	2058.3896292756835	1	0	1	1.8967461300664779
256390.55614554233	3000.0	1764.3708607441142	0.0	0	0.0	2154.927006286598	1	0	0	1.689721922255837
257469.02947154967	3000.0	1793.744867337504	0.0	0	0.0	2262.774338887335	1	0	0	1.879068035222534
258200.0	3000.0	2135.8713917322307	0.0	0	17.579922592354706	2335.871391732362	1	0	0	1.8706807126712963
259200.0	3000.0	2035.8713917322398	0.0	0	114.049628059729	2235.871391732362	1	0	2	1.4757820431117095
260200.0	3000.0	1935.871391732234	0.0	0	113.64194980892353	2135.871391732362	1	0	2	1.8862462775068174
261200.0	3000.0	1835.8713917322334	0.0	0	422.80145095981425	2035.871391732333	1	0	2	1.8951628868355261
262897.2908632311	6000.0	1138.580528501117	0.0	0	0.0	2035.871391732333	1	0	1	1.8989979538208117
263691.24824862863	3000.0	1424.0188816433413	0.0	0	0.0	2115.2671302720846	1	0	0	0.9998260453015675
264950.6880274157	3000.0	1290.5230807349503	0.0	0	0.0	2241.2111081507755	1	0	0	1.8815809533680607
265624.48420205794	3000.0	1684.1065235569915	0.0	0	0.0	2308.5907256149803	1	0	0	1.8734212324560124
266688.69198417466	3000.0	1726.3195196519864	0.0	0	0.0	2415.0115038267686	1	0	0	1.86391910145175
267611.8049408895	3000.0	1895.5178586086313	0.0	0	0.0	2507.3227994982153	1	0	0	1.8541443457125248
268452.7553042574	3000.0	1970.472458903921	0.0	0	0.0	2423.2277631614124	1	0	2	1.458099217917387
269531.58519063046	3000.0	1783.7595838934635	0.0	0	0.0	2315.344774524041	1	0	2	1.8682072952951656
270200.0	3000.0	2048.5032935869854	0.0	0	62.31838801392587	2248.5032935871277	1	0	2	1.8757680108665862
271200.0	3000.0	1948.5032935870129	0.0	0	322.11909591115545	2148.503293587186	1	0	2	1.8839511715221835
272257.1351280163	3000.0	1785.654652769033	0.0	0	0.0	2042.789780785446	1	0	2	1.8954003755259772
273227.95611988276	3000.0	1717.751561715984	0.0	0	0.0	1945.7076815988985	1	0	2	1.9058346491322202
274200.0	3000.0	1648.5032935869392	0.0	0	46.57832769182278	1848.5032935870113	1	0	2	1.9150914591206425
275200.0	3000.0	1548.5032935869915	0.0	0	210.65532508608885	1748.5032935870695	1	0	2	1.9244941590782563
276200.0	3000.0	1448.50329358696	0.0	0	246.32506097172154	1648.5032935871277	1	0	2	1.9340538423218927
277200.0	3000.0	1548.5032935869772	0.0	0	308.86195501033217	1748.5032935871277	1	0	0	1.5313303071069628
278221.9569043548	3000.0	1628.7420796676522	0.0	0	0.0	1850.6989840225433	1	0	0	1.9202629952157109
279200.0	3000.0	1748.5032935869542	0.0	0	21.56282207899494	1948.5032935870113	1	0	0	1.910384507686821
280200.0	3000.0	1848.503293586945	0.0	0	103.20070907886839	2048.5032935870113	1	0	0	1.900844222718842
281200.0	3000.0	1948.5032935869342	0.0	0	38.71770223614294	2148.5032935870113	1	0	0	1.8903456950315722
282200.0	3000.0	1848.50329358693	0.0	0	237.88147435343126	2048.5032935870695	1	0	2	1.4942229130678135
283208.6040898359	3000.0	1739.038794767518	0.0	0	0.0	1947.642884603527	1	0	2	1.904800950926036
284200.0	3000.0	1648.5032935869585	0.0	0	93.59044877963606	1848.5032935870695	1	0	2	1.914275640392738
285200.0	3000.0	1648.5032935869635	0.0	0	40.50521439826116	1848.5032935870695	1	0	1	1.917734763635339
286412.98282286304	3000.0	1556.8187530102484	0.0	0	0.0	1969.8015758734546	1	0	0	1.7084401107073033
287439.3562827606	3000.0	1530.4452931126962	0.0	0	0.0	1969.8015758734546	1	0	1	1.9056049354067006
288200.0	3000.0	1845.8659475972784	0.0	0	93.64433808415197	2045.8659475974855	1	0	0	1.7007401518962084
289200.0	3000.0	1945.8659475972472	0.0	0	304.87057129328605	2145.8659475974273	1	0	0	1.8914786855908559
290200.0	3000.0	1845.8659475973295	0.0	0	329.05552197119687	2045.8659475975437	1	0	2	1.494211017163283
291219.61012307426	3000.0	1724.2948122155626	0.0	0	0.0	1943.9049352901056	1	0	2	1.90534149818428
292209.3698102117	3000.0	1734.5351250780725	0.0	0	0.0	1943.9049352901638	1	0	1	1.9081945994650307
293200.0	3000.0	1842.967954268609	0.0	0	196.81765368103515	2042.96795426897	1	0	0	1.7016197457012374
294200.0	3000.0	1942.9679542686151	0.0	0	284.4487580145942	2142.9679542690283	1	0	0	1.8918359469052595
295200.0	3000.0	2042.9679542685888	0.0	0	371.4349708461086	2242.96795426897	1	0	0	1.882077758980828
297058.2791621236	6000.0	1184.688792144923	0.0	0	0.0	2242.96795426897	1	0	1	1.878288297567149
297838.3259945926	3000.0	1404.6419596759597	0.0	0	0.0	2242.9679542690283	1	0	1	1.3851411170072019
298538.1526175707	3000.0	1774.7979989956466	0.0	0	0.0	2312.9506165668136	1	0	0	1.6730962577530524
300766.6785025064	6000.0	546.2721140599799	0.0	0	0.0	2312.9506165668136	1	0	1	1.8712900313373644
301270.19715477835	2000.0	1042.7534617880624	0.0	0	0.0	2312.9506165668136	1	0	1	0.5672126345610904
4.26	3.08	2.2	3.83	3.74	2.97	3.02	3.5	3.17	3.26	2.84	2.63	2.99	3.39	2.72	2.87	2.88	1.46	4.49	4.4	3.89	4.24	3.5	3.64	4.38	3.5	3.01	2.21	2.59	4.84	3.32	3.45	3.13	4.18	3.5	2.8	3.17	3.8	4.17	4.94	3.85	3.15	3.86	3.76	3.26	3.83	4.12	3.72	3.53	3.1	3.79	3.14	2.77	2.64	4.01	4.14	3.14	3.79	2.71	3.95	3.42	3.27	4.6	3.41	5.27	3.65	4.01	3.32	3.44	2.91	4.36	3.89	3.79	3.44	2.27	3.88	3.46	3.7	4.7	3.72	3.13	4.69	3.46	2.95	3.98	4.59	3.94	3.96	4.03	3.27	3.08	4.25	4.63	3.89	3.89	3.92	4.69	2.91	4.34	2.27	4.6	3.57	2.46	3.68	3.58	3.3	4.12	3.31	5.29	4.6	4.3	4.52	3.06	3.76	3.29	3.59	4.2	3.54	4.27	3.97	3.3	3.75	3.63	4.75	4.22	4.0	3.7	3.5	3.46	3.58	4.26	3.73	2.58	2.68	3.29	4.44	2.99	4.41	3.73	3.3	3.35	3.96	4.08	4.37	3.21	3.56	4.78	3.72	2.43	4.07	4.26	3.08	2.2	3.83	3.74	2.97	3.02	3.5	3.17	3.26	2.84	2.63	2.99	3.39	2.72	2.87	2.88	1.46	4.49	4.4	3.89	4.24	3.5	3.64	4.38	3.5	3.01	2.21	2.59	4.84	3.32	3.45	3.13	4.18	3.5	2.8	3.17	3.8	4.17	4.94	3.85	3.15	3.86	3.76	3.26	3.83	4.12	3.72	3.53	3.1	3.79	3.14	2.77	2.64	4.01	4.14	3.14	3.79	2.71	3.95	3.42	3.27	4.6	3.41	5.27	3.65	4.01	3.32	3.44	2.91	4.36	3.89	3.79	3.44	2.27	3.88	3.46	3.7	4.7	3.72	3.13	4.69	3.46	2.95	3.98	4.59	3.94	3.96	4.03	3.27	3.08	4.25	4.63	3.89	3.89	3.92	4.69	2.91	4.34	2.27	4.6	3.57	2.46	3.68	3.58	3.3	4.12	3.31	5.29	4.6	4.3	4.52	3.06	3.76	3.29	3.59	4.2	3.54	4.27	3.97	3.3	3.75	3.63	4.75	4.22	4.0	3.7	3.5	3.46	3.58	4.26	3.73	2.58	2.68	3.29	4.44	2.99	4.41	3.73	3.3	3.35	3.96	4.08	4.37	3.21	3.56	4.78	3.72	2.43	4.07	4.26	3.08
1.0	2.0	3.0	4.0	5.0	6.0	7.0	8.0	9.0	10.0	11.0	12.0	13.0	14.0	15.0	16.0	17.0	18.0	19.0	20.0	21.0	22.0	23.0	24.0	25.0	26.0	27.0	28.0	29.0	30.0	31.0	32.0	33.0	34.0	35.0	36.0	37.0	38.0	39.0	40.0	41.0	42.0	43.0	44.0	45.0	46.0	47.0	48.0	49.0	50.0	51.0	52.0	53.0	54.0	55.0	56.0	57.0	58.0	59.0	60.0	61.0	62.0	63.0	64.0	65.0	66.0	67.0	68.0	69.0	70.0	71.0	72.0	73.0	74.0	75.0	76.0	77.0	78.0	79.0	80.0	81.0	82.0	83.0	84.0	85.0	86.0	87.0	88.0	89.0	90.0	91.0	92.0	93.0	94.0	95.0	96.0	97.0	98.0	99.0	100.0	101.0	102.0	103.0	104.0	105.0	106.0	107.0	108.0	109.0	110.0	111.0	112.0	113.0	114.0	115.0	116.0	117.0	118.0	119.0	120.0	121.0	122.0	123.0	124.0	125.0	126.0	127.0	128.0	129.0	130.0	131.0	132.0	133.0	134.0	135.0	136.0	137.0	138.0	139.0	140.0	141.0	142.0	143.0	144.0	145.0	146.0	147.0	148.0	149.0	149.0	150.0	151.0	152.0	153.0	154.0	155.0	156.0	157.0	158.0	159.0	160.0	161.0	162.0	163.0	164.0	165.0	166.0	167.0	168.0	169.0	170.0	171.0	172.0	173.0	174.0	175.0	176.0	177.0	178.0	179.0	180.0	181.0	182.0	183.0	184.0	185.0	186.0	187.0	188.0	189.0	190.0	191.0	192.0	193.0	194.0	195.0	196.0	197.0	198.0	199.0	200.0	201.0	202.0	203.0	204.0	205.0	206.0	207.0	208.0	209.0	210.0	211.0	212.0	213.0	214.0	215.0	216.0	217.0	218.0	219.0	220.0	221.0	222.0	223.0	224.0	225.0	226.0	227.0	228.0	229.0	230.0	231.0	232.0	233.0	234.0	235.0	236.0	237.0	238.0	239.0	240.0	241.0	242.0	243.0	244.0	245.0	246.0	247.0	248.0	249.0	250.0	251.0	252.0	253.0	254.0	255.0	256.0	257.0	258.0	259.0	260.0	261.0	262.0	263.0	264.0	265.0	266.0	267.0	268.0	269.0	270.0	271.0	272.0	273.0	274.0	275.0	276.0	277.0	278.0	279.0	280.0	281.0	282.0	283.0	284.0	285.0	286.0	287.0	288.0	289.0	290.0	291.0	292.0	293.0	294.0	295.0	296.0	297.0	298.0	298.0	299.0	300.0
2753.29570882001
