2766.653509700944	300.0	2000.0	128.63095305377468	0	0.0	2766.653509700944	1	0	2	-1.4460024983619224
3810.1901489830793	3000.0	1852.1096967896508	0.0	0	0.0	2662.2998457727304	1	0	2	-0.4688026257672535
4848.564145966499	3000.0	1709.8983001078882	0.0	0	0.0	2558.4624460743876	1	0	2	1.8441634848694752
5972.44437091157	3000.0	1473.6300526683099	0.0	0	0.0	2446.07442357988	1	0	2	1.8547497148460501
6835.099889274867	3000.0	1610.9745343050129	0.0	0	0.0	2446.0744235798793	1	0	1	1.857977650636058
7817.825082136693	3000.0	1529.9768221570037	0.0	0	0.0	2347.8019042936958	1	0	2	1.6654300556458477
8715.004660606783	3000.0	1543.0792858399047	0.0	0	0.0	2258.083946446687	1	0	2	1.8743644509704154
9513.48246390228	3000.0	1664.7537022148554	0.0	0	0.0	2178.2361661171362	1	0	2	1.8826467660514412
10609.120216643085	3000.0	1459.5521741999708	0.0	0	0.0	2068.672390843054	1	0	2	1.8929685764427848
11547.072453885849	3000.0	1427.8047132329302	0.0	0	0.0	1974.877167118775	1	0	2	1.9029179576685842
12208.904102013483	3000.0	1699.7899002925312	0.0	0	0.0	1908.6940023060106	1	0	2	1.9100983313568158
13447.076318494259	3000.0	1337.800462163678	0.0	0	0.0	1784.8767806579344	1	0	2	1.9206873774741884
14269.511710629264	3000.0	1515.3650700286723	0.0	0	0.0	1784.8767806579344	1	0	1	1.9240974149282524
15200.0	3000.0	1677.9256095950077	0.0	0	141.86169969077127	1877.9256095950059	1	0	0	1.7179132816042848
16200.0	3000.0	1777.9256095950075	0.0	0	174.8049790077912	1977.925609595004	1	0	0	1.9080300694846621
17200.0	3000.0	1877.9256095950134	0.0	0	104.26694470630173	2077.925609595013	1	0	0	1.897759440639462
18200.0	3000.0	1977.925609595015	0.0	0	493.534692334797	2177.925609595015	1	0	0	1.88866475867647
19327.917771033666	6000.0	1850.0078385613485	0.0	0	0.0	2177.9256095950113	1	0	1	1.8847925320345449
20731.96562085353	6000.0	1445.959988741486	0.0	0	0.0	2177.925609595015	1	0	1	2.777939712594489
22526.692948530188	6000.0	651.2326610648277	0.0	0	0.0	2177.925609595015	1	0	1	2.777939712594489
23360.941288259117	3000.0	816.9843213359002	0.0	0	0.0	2177.925609595015	1	0	1	1.3916453514745997
24202.118294801992	3000.0	975.8073147930214	0.0	0	0.0	2177.925609595015	1	0	1	2.0847925320345446
24868.516331426683	3000.0	1309.4092781683278	0.0	0	0.0	2177.9256095950113	1	0	1	2.084792532034545
25681.21303591895	3000.0	1577.9822441252888	0.0	0	0.0	2259.1952800442377	1	0	0	1.6788281985150006
26764.766819343975	3000.0	1494.4284607002626	0.0	0	0.0	2259.1952800442377	1	0	1	1.8766655649896224
27712.432096186298	3000.0	1451.996656173707	0.0	0	0.0	2164.4287523600033	1	0	2	1.6838149191822087
28381.92449547456	3000.0	1715.5550169566209	0.0	0	0.0	2097.4795124311786	1	0	2	1.8912192675829034
29200.0	3000.0	1815.671961978632	0.0	0	4.195904596559558	2015.6719619786345	1	0	2	1.898738417823668
30200.0	3000.0	1715.671961978635	0.0	0	103.82165093210278	1915.6719619786345	1	0	2	1.9077710043928895
31200.0	3000.0	1615.6719619786368	0.0	0	332.03890786160264	1815.6719619786381	1	0	2	1.91734192567176
32200.0	3000.0	1515.6719619786372	0.0	0	85.84446378498978	1715.6719619786381	1	0	2	1.9282623186975885
33282.93814523205	3000.0	1324.4400022233808	0.0	0	0.0	1607.378147455438	1	0	2	1.9388201255085569
34200.0	3000.0	1407.3781474554323	0.0	0	151.69938132302923	1607.378147455438	1	0	1	1.9418472782485021
35200.0	3000.0	1507.378147455432	0.0	0	208.05321291639848	1707.3781474554344	1	0	0	1.7353152060959134
36200.0	3000.0	1607.3781474554353	0.0	0	294.37194689818716	1807.3781474554416	1	0	0	1.9253390023868366
37200.0	3000.0	1707.3781474554303	0.0	0	215.95332619232795	1907.3781474554416	1	0	0	1.9152620617179268
38559.56504222308	6000.0	1347.8131052323586	0.0	0	0.0	1907.378147455449	1	0	1	1.911847278248501
39653.133594729974	3000.0	1363.601407976158	0.0	0	0.0	2016.7350027061402	1	0	0	1.010556017108482
40707.77467494328	3000.0	1414.4244357841849	0.0	0	0.0	2122.199110727466	1	0	0	1.8928067202686025
41737.9118701704	3000.0	1487.3009600797775	0.0	0	0.0	2225.212830250188	1	0	0	1.8831667176927016
43173.687913254566	3000.0	1051.5249169956182	0.0	0	0.0	2225.212830250188	1	0	1	1.8800638099690272
43757.53275692033	2000.0	1467.6800733298564	0.0	0	0.0	2225.212830250188	1	0	1	1.2691335937526982
44348.04528090945	2000.0	1936.2188017396543	0.0	0	0.0	2284.2640826491042	1	0	0	1.2700890992732736
45200.0	2000.0	2169.459554558152	0.0	0	75.01405720410548	2369.459554558154	1	0	0	1.4629988391638677
46688.88319052896	3000.0	1531.6880449762982	0.0	0	0.0	2220.57123550526	1	0	2	1.0715676690131244
47451.69656660162	3000.0	1692.5933312963762	0.0	0	0.0	2144.289897897994	1	0	2	1.886230896516727
48459.01193917262	3000.0	1584.5464214682747	0.0	0	0.0	2043.5583606408836	1	0	2	1.89558485554804
49253.24185893328	3000.0	1710.8935097315498	0.0	0	0.0	1964.135368664829	1	0	2	1.9042288596576884
50200.0	3000.0	1669.4595545581606	0.0	0	130.00474738846242	1869.4595545581542	1	0	2	1.9125464699245165
51200.0	3000.0	1569.4595545581612	0.0	0	318.3611027316074	1769.4595545581615	1	0	2	1.922034460050294
52200.0	3000.0	1669.459554558156	0.0	0	165.80285685444687	1869.4595545581615	1	0	0	1.518919114378914
53200.0	3000.0	1769.4595545581587	0.0	0	334.5197622905762	1969.4595545581687	1	0	0	1.909367084015078
54288.33753028997	3000.0	1789.9557772971839	0.0	0	0.0	2078.2933075871624	1	0	0	1.8978110105003432
55303.225488764874	3000.0	1876.5566146697772	0.0	0	0.0	2179.782103434649	1	0	0	1.887519079987531
56200.0	3000.0	1979.7821034346493	0.0	0	11.450528044377279	2179.782103434649	1	0	1	1.8846068826505813
57579.408281222124	3000.0	1462.4329940903167	0.0	0	0.0	2041.841275312443	1	0	2	1.6946689923116054
58511.712573982964	3000.0	1436.8982720534034	0.0	0	0.0	1948.6108460363757	1	0	2	1.9052298021723084
59346.74501421907	3000.0	1601.8658318172895	0.0	0	0.0	1948.6108460363757	1	0	1	1.9077240083904083
60588.141945321855	3000.0	1360.468900714505	0.0	0	0.0	1948.6108460363685	1	0	1	2.1077240083904094
61435.116360146116	3000.0	1513.49448589024	0.0	0	0.0	1948.6108460363685	1	0	1	2.1077240083904094
62304.36564319123	3000.0	1644.2452028451205	0.0	0	0.0	1948.6108460363757	1	0	1	2.1077240083904085
63200.0	3000.0	1838.1742817172258	0.0	0	11.60170842846128	2038.174281717249	1	0	0	1.7011735137829262
64200.0	3000.0	1938.1742817172296	0.0	0	111.443965447761	2138.174281717249	1	0	0	1.8917966790361886
65200.0	3000.0	2038.1742817172274	0.0	0	52.838120189619076	2238.174281717249	1	0	0	1.881766965315939
66200.0	3000.0	2138.1742817172308	0.0	0	223.51755192804558	2338.1742817172635	1	0	0	1.872270534978893
67200.0	3000.0	2038.1742817172183	0.0	0	19.23836644196126	2238.1742817172562	1	0	2	1.4760205817872687
68200.0	3000.0	1938.1742817172183	0.0	0	370.917500391879	2138.1742817172635	1	0	2	1.8850708012169741
69200.0	3000.0	1838.1742817172396	0.0	0	157.09236240068276	2038.174281717278	1	0	2	1.895219697175865
70200.0	3000.0	1738.1742817172305	0.0	0	127.55079186099465	1938.1742817172635	1	0	2	1.905449046209933
71405.99620681208	3000.0	1411.578454223953	0.0	0	0.0	1817.5746610360657	1	0	2	1.9177824330636295
72200.0	3000.0	1617.5746610360445	0.0	0	234.20406615166576	1817.5746610360657	1	0	1	1.9208276268904392
73799.31296968911	6000.0	1018.2616913469161	0.0	0	0.0	1817.5746610360657	1	0	1	2.1208276268904394
74817.88444415158	3000.0	999.690216884433	0.0	0	0.0	1817.574661036051	1	0	1	1.4276804463304962
75923.68830205988	3000.0	893.8863589761445	0.0	0	0.0	1817.574661036051	1	0	1	2.120827626890441
76585.89764325635	3000.0	1231.677017779683	0.0	0	0.0	1817.574661036051	1	0	1	2.120827626890441
77747.92099127275	3000.0	1185.8560045649253	0.0	0	0.0	1933.776995837703	1	0	0	1.7119466950366429
78500.33349699213	3000.0	1508.6847494174933	0.0	0	0.0	2009.0182464096579	1	0	0	1.9034953621493667
79200.0	3000.0	1878.9848967104158	0.0	0	160.21469679161964	2078.984896710448	1	0	0	1.8972342180235144
80200.0	3000.0	1978.9848967104017	0.0	0	365.54386897927907	2178.9848967104335	1	0	0	1.8884559101587524
81200.0	3000.0	2078.984896710405	0.0	0	394.2929854009999	2278.984896710448	1	0	0	1.878442531986963
82635.73330355049	6000.0	1643.2515931599298	0.0	0	0.0	2278.984896710448	1	0	1	1.874686603323001
83547.5790598148	3000.0	1822.5904125220457	0.0	0	0.0	2370.1694723368855	1	0	0	0.9746183973569731
84445.95382568237	3000.0	2014.053123241212	0.0	0	0.0	2460.0069489236193	1	0	0	1.858844286286326
86449.00928584383	6000.0	1010.9976630797494	0.0	0	0.0	2460.0069489236193	1	0	1	1.8565843981016839
87356.77281242752	3000.0	1194.0104891544327	0.0	0	0.0	2550.7833015819924	1	0	0	0.956758427334057
88319.23293355145	3000.0	1327.7963801428975	0.0	0	0.0	2647.02931369438	1	0	0	1.8404394128079127
89063.11974499482	3000.0	1658.2982498438632	0.0	0	0.0	2721.417994838732	1	0	0	1.8321062214812915
89817.69742636217	3000.0	1979.178336613271	0.0	0	0.0	2796.8757629754837	1	0	0	1.8250943848673902
90527.2403640088	3000.0	2198.68110520198	0.0	0	0.0	2725.9214692108217	1	0	2	1.4280400384501264
91297.26483491265	3000.0	2351.6541872077564	0.0	0	0.0	2648.919022120448	1	0	2	1.8357795898724043
92348.11519778291	3000.0	2195.718788050482	0.0	0	0.0	2543.8339858334366	1	0	2	1.8457277329941841
93270.1245519655	3000.0	2181.508498449624	0.0	0	0.0	2451.63305041517	1	0	2	1.8550427249306574
94200.0	3000.0	2158.6455056116806	0.0	0	11.964855522979633	2358.6455056117265	1	0	2	1.8639950197466923
95298.27269718001	3000.0	1950.5455387136549	0.0	0	0.0	2248.8182358937047	1	0	2	1.8752052319842147
96492.16017863342	3000.0	1637.2693091149113	0.0	0	0.0	2129.429487748377	1	0	2	1.88622150481841
97524.38395416673	3000.0	1501.8231560282761	0.0	0	0.0	2026.2071101950714	1	0	2	1.897313310402056
98767.26890509663	3000.0	1258.9382050983793	0.0	0	0.0	2026.207110195086	1	0	1	1.8999643819745373
99349.554628135	3000.0	1734.881054363843	0.0	0	0.0	2084.4356824989372	1	0	0	1.69552843890822
100200.0	3000.0	1799.3911453123294	0.0	0	291.2577743657894	1999.391145312431	1	0	2	1.4993345588779874
101200.0	3000.0	1699.3911453123171	0.0	0	369.4407665349281	1899.3911453124165	1	0	2	1.908842597578246
102307.83709418206	3000.0	1480.7703417120445	0.0	0	0.0	1788.6074358942133	1	0	2	1.9206707156950569
103358.65031510653	3000.0	1429.957120787576	0.0	0	0.0	1788.6074358942133	1	0	1	1.9237243494046248
104200.0	3000.0	1672.7424043834508	0.0	0	198.32020772453689	1872.742404383549	1	0	0	1.7182548047040165
105200.0	3000.0	1772.7424043834567	0.0	0	33.56299240063527	1972.7424043835636	1	0	0	1.9080703092507598
106243.69089857874	3000.0	1833.420595662587	0.0	0	0.0	2077.1114942414424	1	0	0	1.8979745810383282
107200.0	3000.0	1972.7424043834685	0.0	0	279.7101508105552	2172.7424043835927	1	0	0	1.8887664817362968
108323.73319201857	3000.0	1736.635893163036	0.0	0	0.0	2060.3690851817228	1	0	2	1.4934073451008427
109200.0	3000.0	1772.7424043834717	0.0	0	223.07077599939657	1972.7424043835927	1	0	2	1.9020809648168178
110200.0	3000.0	1672.742404383465	0.0	0	206.1373576795595	1872.7424043835927	1	0	2	1.911772617712939
111200.0	3000.0	1572.74240438345	0.0	0	162.75956421864976	1772.742404383578	1	0	2	1.9220913003846447
112200.0	3000.0	1472.7424043834624	0.0	0	47.461519432254136	1672.7424043835927	1	0	2	1.9322382776065363
113200.0	3000.0	1372.7424043834578	0.0	0	264.631139831341	1572.742404383578	1	0	2	1.9417702099364433
114200.0	3000.0	1472.74240438346	0.0	0	411.3894059829181	1672.742404383578	1	0	0	1.5391562283500646
115200.0	3000.0	1572.742404383457	0.0	0	169.1657634653966	1772.7424043835636	1	0	0	1.928729154106865
116200.0	3000.0	1672.7424043834528	0.0	0	68.4951871556841	1872.7424043835636	1	0	0	1.9182368356727917
117200.0	3000.0	1772.7424043834446	0.0	0	140.54233002572437	1972.742404383578	1	0	0	1.9084322043702913
119014.91317966378	6000.0	957.8292247196748	0.0	0	0.0	1972.742404383578	1	0	1	1.9053108525556883
119939.7705042504	3000.0	1032.9719001330552	0.0	0	0.0	1972.742404383578	1	0	1	1.4121636719957433
120956.24627391661	3000.0	1118.1437074334663	0.0	0	0.0	2074.3899813502067	1	0	0	1.6985533007049123
121869.5151194789	3000.0	1204.8748618711572	0.0	0	0.0	2074.389981350221	1	0	1	1.895146094859024
122491.69772674749	3000.0	1644.9105153294324	0.0	0	0.0	2136.6082420770836	1	0	0	1.690573465600007
123200.0	3000.0	2007.4384694021776	0.0	0	168.94928547115705	2207.4384694023465	1	0	0	1.8844235587207343
124200.0	3000.0	1907.4384694021799	0.0	0	82.14066990924766	2107.438469402332	1	0	2	1.488604150769275
125200.0	3000.0	1807.4384694021678	0.0	0	151.26357307059516	2007.4384694023029	1	0	2	1.8986927192314
126837.12684269038	6000.0	1170.311626711796	0.0	0	0.0	2007.4384694022883	1	0	1	1.901841246053817
127720.05549873589	3000.0	1375.6758362708363	0.0	0	0.0	2095.7313350068434	1	0	0	1.0021383863640294
128824.21634839766	3000.0	1271.5149866090674	0.0	0	0.0	2095.7313350068434	1	0	1	1.8930119594933617
129770.63149650187	3000.0	1419.741353315282	0.0	0	0.0	2190.3728498172713	1	0	0	1.6856112798015268
130438.19902454733	3000.0	1818.9305780743775	0.0	0	0.0	2257.1296026218333	1	0	0	1.8785922251421974
131200.0	3000.0	2133.309700166953	0.0	0	111.96021485919482	2333.3097001670976	1	0	0	1.8717916643581922
133142.7834772711	6000.0	1190.5262228958666	0.0	0	0.0	2333.3097001670976	1	0	1	1.869254122977337
134074.97366345432	3000.0	1258.3360367126313	0.0	0	0.0	2333.3097001671267	1	0	1	1.3761069424173884
135106.26589113707	3000.0	1330.1730317981157	0.0	0	0.0	2436.43892293534	1	0	0	1.6617376456154969
136129.06906130657	3000.0	1409.65017864555	0.0	0	0.0	2538.7192399522464	1	0	0	1.851312073143831
136697.6031283032	3000.0	1897.9695183485678	0.0	0	0.0	2595.572646651912	1	0	0	1.844352705991821
137522.1235835402	3000.0	2155.901108635254	0.0	0	0.0	2678.0246921755897	1	0	0	1.8369048912976293
138200.0	3000.0	2410.2370505294616	0.0	0	11.531587646284606	2610.2370505295985	1	0	2	1.4397510741557829
139200.0	3000.0	2310.237050529485	0.0	0	465.903437934845	2510.2370505296276	1	0	2	1.8476450581282904
140200.0	3000.0	2210.237050529504	0.0	0	173.20856205563177	2410.2370505296567	1	0	2	1.858127223712994
141200.0	3000.0	2110.2370505295007	0.0	0	11.843476586131146	2310.2370505296567	1	0	2	1.8687877387375242
142200.0	3000.0	2010.2370505294755	0.0	0	207.291594466893	2210.2370505295694	1	0	2	1.8781659895922158
143967.73161400305	6000.0	1242.5054365264218	0.0	0	0.0	2210.2370505295694	1	0	1	1.881561387941089
144886.61145535074	3000.0	1323.6255951787468	0.0	0	0.0	2210.2370505295694	1	0	1	1.388414207381144
145916.6196720897	3000.0	1396.6182001136622	0.0	0	0.0	2313.2378722034628	1	0	0	1.6747281159631076
147300.0106826124	3000.0	1013.2271895909745	0.0	0	0.0	2313.237872203492	1	0	1	1.871261305773697
148131.75358475166	3000.0	1264.6585776656595	0.0	0	0.0	2396.4121624174586	1	0	0	1.6648829727071446
149042.1279329817	3000.0	1445.3216642585928	0.0	0	0.0	2487.4495972404548	1	0	0	1.856036757527152
149761.70569058292	3000.0	1797.7016824174787	0.0	0	0.0	2559.4073730005475	1	0	0	1.84833145338701
150762.9454111503	3000.0	1696.3379897933821	0.0	0	0.0	2459.283400943794	1	0	2	1.4539582497222274
151874.33658875187	3000.0	1473.8076944316524	0.0	0	0.0	2348.1442831836757	1	0	2	1.8648037838533447
152853.9362039947	3000.0	1396.2481176645795	0.0	0	0.0	2250.1843216594425	1	0	2	1.8748567558490927
153760.47022803818	3000.0	1399.0606912167568	0.0	0	0.0	2159.5309192550776	1	0	2	1.8844792098740246
154800.76303868668	3000.0	1254.738599503379	0.0	0	0.0	2055.5016381902096	1	0	2	1.8940846081428782
155810.81511759764	3000.0	1244.686520592432	0.0	0	0.0	2055.5016381902096	1	0	1	1.897034929175025
156503.45548686376	3000.0	1621.3101882528815	0.0	0	0.0	2124.765675116796	1	0	0	1.6919335335275054
157457.22672136288	3000.0	1762.9160772036496	0.0	0	0.0	2220.142798566696	1	0	0	1.8831634051772008
158242.1020203144	3000.0	2056.5283081473035	0.0	0	0.0	2298.630328461848	1	0	0	1.8746881785464617
159200.0	3000.0	2002.8405304931262	0.0	0	46.246186098083854	2202.8405304932676	1	0	2	1.4794771730373608
160348.4305600925	3000.0	1739.5669143913847	0.0	0	0.0	2087.997474484029	1	0	2	1.8909268417323435
161200.0	3000.0	1802.8405304931423	0.0	0	137.13877703278558	2002.8405304932676	1	0	2	1.8993652240060617
162200.0	3000.0	1702.8405304931257	0.0	0	275.99133180626086	1902.8405304932385	1	0	2	1.908507386019818
163390.88362090744	3000.0	1392.868547494952	0.0	0	0.0	1783.7521684025123	1	0	2	1.921109398790561
164477.0519736299	3000.0	1306.7001947725007	0.0	0	0.0	1783.7521684025123	1	0	1	1.9242098761537947
165270.01753291884	3000.0	1513.7346354835445	0.0	0	0.0	1783.7521684025123	1	0	1	2.124209876153795
166200.0	3000.0	1676.7504151104724	0.0	0	211.49623308854643	1876.7504151106114	1	0	0	1.7180271417057456
167200.0	3000.0	1776.750415110472	0.0	0	303.8602396288188	1976.7504151106114	1	0	0	1.9085362134849024
168279.88584946087	6000.0	1696.8645656495974	0.0	0	0.0	1976.7504151106114	1	0	1	1.9049100514829849
169200.0	3000.0	1868.7618301643517	0.0	0	32.92279704325483	2068.761830164469	1	0	0	1.005207853562841
170200.0	3000.0	1968.7618301643768	0.0	0	259.1999060960079	2168.761830164469	1	0	0	1.8891188435278907
171264.3668236827	6000.0	1904.3950064816313	0.0	0	0.0	2168.761830164469	1	0	1	1.8857089099775992
172200.0	3000.0	1875.1985125325973	0.0	0	153.67056553607108	2075.1985125327483	1	0	2	0.9988358318213348
173423.040682438	3000.0	1529.8537618508237	0.0	0	0.0	1952.8944442889479	1	0	2	1.90407934025915
174286.6507870852	3000.0	1579.882646738898	0.0	0	0.0	1866.5334338242246	1	0	2	1.9136620166327074
175200.0	3000.0	1575.198512532626	0.0	0	65.2090720347478	1775.1985125327483	1	0	2	1.9221365955194192
176272.06957910088	3000.0	1395.9219755216868	0.0	0	0.0	1667.991554622684	1	0	2	1.9332906452386718
177200.0	3000.0	1375.1985125326494	0.0	0	342.0837123238889	1575.1985125328356	1	0	2	1.9414014455310222
178200.0	3000.0	1275.1985125326323	0.0	0	108.43411261599977	1475.1985125328065	1	0	2	1.9519535205569762
179200.0	3000.0	1375.1985125326119	0.0	0	31.29312262518215	1575.1985125327774	1	0	0	1.5481244500408389
180200.0	3000.0	1375.1985125326398	0.0	0	95.19610121866572	1575.1985125327774	1	0	1	1.9450652417407688
181200.0	3000.0	1375.1985125326871	0.0	0	323.6548712493677	1575.1985125327774	1	0	1	2.1450652417407685
182200.0	3000.0	1475.198512532664	0.0	0	124.64085475250613	1675.1985125327483	1	0	0	1.7384133594482856
183200.0	3000.0	1475.1985125326853	0.0	0	253.52004099689657	1675.1985125327483	1	0	1	1.9350652417407712
184302.53639627027	3000.0	1482.915755889463	0.0	0	0.0	1785.4521521597926	1	0	0	1.7270075466992028
185353.99317758417	3000.0	1431.4589745755698	0.0	0	0.0	1785.4521521597926	1	0	1	1.9240398777780667
186200.0	3000.0	1670.0528344013123	0.0	0	263.69227646192303	1870.0528344013437	1	0	0	1.7188444115961197
187200.0	3000.0	1770.0528344013276	0.0	0	211.82567252701847	1970.0528344013728	1	0	0	1.9092181007455329
188200.0	3000.0	1870.0528344013144	0.0	0	411.8547899495752	2070.052834401373	1	0	0	1.899424915858624
189200.0	3000.0	1970.0528344013092	0.0	0	118.516665739764	2170.052834401431	1	0	0	1.8889257661229557
190200.0	3000.0	2070.05283440129	0.0	0	129.25091458388488	2270.052834401431	1	0	0	1.8787046752754186
192701.96720863902	6000.0	568.0856257622758	0.0	0	0.0	2270.052834401431	1	0	1	1.875579809553903
193255.92025816295	3000.0	1014.1325762383557	0.0	0	0.0	2270.052834401431	1	0	1	1.382432628993958
194372.19094391246	3000.0	1009.4889590637777	0.0	0	0.0	2381.6799029763497	1	0	0	1.6676369960496027
195536.29220974003	2000.0	845.3876932362142	0.0	0	0.0	2381.679902976379	1	0	1	1.0534868864800813
196417.51767656452	3000.0	1052.2847730942076	0.0	0	0.0	2469.802449658833	1	0	0	1.2524678795544562
197415.7794561871	3000.0	1153.849171433886	0.0	0	0.0	2569.628627621103	1	0	0	1.8482904991001732
198484.88422118823	3000.0	1084.7444064327265	0.0	0	0.0	2569.628627621074	1	0	1	1.8456222302319385
199668.39807226745	3000.0	901.2305553535192	0.0	0	0.0	2569.628627621103	1	0	1	2.0456222302319356
200383.40713868357	3000.0	1186.2214889374056	0.0	0	0.0	2569.628627621103	1	0	1	2.0456222302319356
200968.7456927488	3000.0	1659.416790278689	0.0	0	0.0	2628.1624830276123	1	0	0	1.6412532582067336
201814.32611201316	3000.0	1898.3944129407532	0.0	0	0.0	2712.7205249540275	1	0	0	1.8336751718427564
202438.51211447557	3000.0	2211.789810232127	0.0	0	0.0	2650.3019247077755	1	0	2	1.4360456127293078
203288.53051356613	3000.0	2276.769571232505	0.0	0	0.0	2565.300084798684	1	0	2	1.8438909128826695
204414.11088173988	3000.0	2038.6311662413386	0.0	0	0.0	2452.7420479812718	1	0	2	1.854151654264969
205271.1853738746	3000.0	2095.849224893086	0.0	0	0.0	2367.0345987677283	1	0	2	1.8638021069863657
206408.88649790786	3000.0	1844.3779884565076	0.0	0	0.0	2253.26448636438	1	0	2	1.8742957219525813
207499.7379302985	3000.0	1644.441412826813	0.0	0	0.0	2144.179343125288	1	0	2	1.8852212706988785
208643.24343577202	3000.0	1386.5853568059642	0.0	0	0.0	2029.8287925779878	1	0	2	1.8967538887181412
209697.66906755895	3000.0	1226.7171618403775	0.0	0	0.0	1924.3862293993589	1	0	2	1.9075538815318622
210755.36303905433	3000.0	1169.0231903450233	0.0	0	0.0	1924.386229399388	1	0	1	1.9101464700541082
211349.17972654395	3000.0	1634.5881716043862	0.0	0	0.0	1983.7678981483623	1	0	0	1.7056591488808381
212200.0	3000.0	1868.8499254939518	0.0	0	165.37438214596477	2068.849925493967	1	0	0	1.8985622942900506
213200.0	3000.0	1968.8499254939704	0.0	0	116.9046814108151	2168.849925493967	1	0	0	1.888737906616263
214262.77234520274	3000.0	1799.8003457709804	0.0	0	0.0	2062.5726909736986	1	0	2	1.4935985873962323
215200.0	3000.0	1768.8499254939823	0.0	0	136.11046800599433	1968.849925493938	1	0	2	1.902571204792923
216241.11448887573	3000.0	1623.6239877306657	0.0	0	0.0	1864.7384766063478	1	0	2	1.9133732109035835
217200.0	3000.0	1568.8499254940002	0.0	0	126.81611289124703	1768.849925493938	1	0	2	1.922662953845963
218200.0	3000.0	1468.8499254940052	0.0	0	339.92886913887924	1668.849925493938	1	0	2	1.9318728279402282
219237.83194431986	3000.0	1534.8011756061262	0.0	0	0.0	1772.6331199258857	1	0	0	1.5280238961017416
220372.48438908329	3000.0	1400.1487308426995	0.0	0	0.0	1772.6331199258857	1	0	1	1.9253217810014571
221200.0	3000.0	1572.6331199259967	0.0	0	258.50075444049435	1772.6331199258857	1	0	1	2.1253217810014573
222709.85052449317	6000.0	1062.7825954328505	0.0	0	0.0	1772.6331199259148	1	0	1	2.1253217810014546
223438.79968746417	3000.0	1406.7283487589511	0.0	0	0.0	1845.528036222997	1	0	0	1.0268306144128552
224383.14279543117	3000.0	1556.8195515886441	0.0	0	0.0	1939.9623470196675	1	0	0	1.910927943905452
225286.32702016027	3000.0	1743.9537493324326	0.0	0	0.0	2030.2807694925868	1	0	0	1.9017031196611798
226384.1989574276	3000.0	1755.869005791788	0.0	0	0.0	2140.0679632192478	1	0	0	1.891534834334462
227200.0	3000.0	2021.6480674766285	0.0	0	200.03139368098346	2221.64806747649	1	0	0	1.8833689785623642
228200.0	3000.0	1921.6480674765985	0.0	0	353.8882234861958	2121.6480674764607	1	0	2	1.4866846221526906
229250.5082792235	3000.0	1766.0889603307446	0.0	0	0.0	2016.597239554074	1	0	2	1.898038757457961
230217.0889623985	3000.0	1702.8502088382486	0.0	0	0.0	1919.9391712366196	1	0	2	1.9080640817825882
231267.84802536684	3000.0	1547.015239573051	0.0	0	0.0	1814.8632649397478	1	0	2	1.9182056434079646
232200.0	3000.0	1521.6480674765528	0.0	0	17.12011380607146	1721.6480674763734	1	0	2	1.9278813016154253
233200.0	3000.0	1421.6480674765505	0.0	0	87.80160838304437	1621.6480674763152	1	0	2	1.9374219965180979
234315.36094002338	3000.0	1194.7510334508515	0.0	0	0.0	1510.1119734739768	1	0	2	1.9484730978596927
235200.0	3000.0	1310.11197347424	0.0	0	78.41960283636581	1510.1119734739768	1	0	1	1.9515738956466482
236200.0	3000.0	1410.111973474217	0.0	0	199.09117903039441	1610.1119734739477	1	0	0	1.745039732335468
237200.0	3000.0	1510.1119734742122	0.0	0	61.883598407148384	1710.1119734739477	1	0	0	1.93476580472505
238200.0	3000.0	1610.111973474231	0.0	0	193.02565135265468	1810.1119734739186	1	0	0	1.9247611165005736
239200.0	3000.0	1710.1119734742479	0.0	0	279.26190652145306	1910.1119734739768	1	0	0	1.9152246624652285
240200.0	3000.0	1810.111973474276	0.0	0	155.9614899289445	2010.1119734740641	1	0	0	1.9050783933062136
241230.22334856456	3000.0	1882.9109597661832	0.0	0	0.0	2113.134308330511	1	0	0	1.8939431781120117
242200.0	3000.0	2010.1119734742956	0.0	0	125.48613040606142	2210.1119734740932	1	0	0	1.8847360833420306
243396.81919460773	3000.0	1932.9746983273412	0.0	0	0.0	2329.7938929348893	1	0	0	1.8729361454640474
244248.17485144714	3000.0	2081.619041487952	0.0	0	0.0	2329.7938929349184	1	0	1	1.8696057037005542
245259.4889385702	3000.0	1969.1735456525998	0.0	0	0.0	2228.6624842226447	1	0	2	1.6767142185918562
246200.0	3000.0	1934.6113780798248	0.0	0	25.967289273365168	2134.6113780796877	1	0	2	1.8864868074737005
247547.72168737397	3000.0	1452.1175219684458	0.0	0	0.0	1999.839209342259	1	0	2	1.8992254185988704
248475.3792504272	3000.0	1431.694202609836	0.0	0	0.0	1907.0734530369227	1	0	2	1.9094369800573352
249200.0	3000.0	1634.6113780797666	0.0	0	188.508537663467	1834.6113780796295	1	0	2	1.9163613688995738
250200.0	3000.0	1534.6113780797948	0.0	0	268.29952345669153	1734.6113780796586	1	0	2	1.9255154219490018
251200.0	3000.0	1434.6113780797878	0.0	0	54.36882461773348	1634.6113780796586	1	0	2	1.935911308298751
252200.0	3000.0	1434.611378079806	0.0	0	68.47279162015184	1634.6113780796877	1	0	1	1.9391239551860773
253200.0	3000.0	1534.6113780797896	0.0	0	246.96070371358655	1734.6113780797168	1	0	0	1.7325711294721953
254256.8856318754	3000.0	1583.414309391944	0.0	0	0.0	1840.2999412672652	1	0	0	1.9211161757873252
255209.61065797295	3000.0	1725.9617859041664	0.0	0	0.0	1935.5724438770558	1	0	0	1.911472601263452
256200.0	3000.0	1834.6113780798125	0.0	0	88.01850218651816	2034.611378079775	1	0	0	1.9019496705957604
257242.60306958988	3000.0	1896.2686154488856	0.0	0	0.0	2138.871685038728	1	0	0	1.8915562861228128
258200.0	3000.0	2034.6113780797766	0.0	0	113.07483416708419	2234.611378079717	1	0	0	1.8819710232322109
259200.0	3000.0	1934.6113780797984	0.0	0	385.45623991134926	2134.611378079746	1	0	2	1.4853410586516427
260200.0	3000.0	1834.611378079788	0.0	0	380.09729628582136	2034.6113780797168	1	0	2	1.8953814884239186
261200.0	3000.0	1734.6113780797962	0.0	0	396.19079986412544	1934.6113780797168	1	0	2	1.9052592426155357
262200.0	3000.0	1834.6113780798132	0.0	0	145.42866606431198	2034.611378079746	1	0	0	1.5023718261013859
263696.22441772453	6000.0	1338.386960355349	0.0	0	0.0	2034.6113780798332	1	0	1	1.8991239551860666
264511.61207419616	3000.0	1604.538069530891	0.0	0	0.0	2116.150143727078	1	0	0	0.9998799860477666
265200.0	3000.0	1984.9889363074612	0.0	0	90.31155619909987	2184.9889363074326	1	0	0	1.8862950879678564
266834.62809303665	6000.0	1350.3608432708377	0.0	0	0.0	2184.9889363074326	1	0	1	1.8840861993633062
267632.46654581465	3000.0	1632.306235770602	0.0	0	0.0	2264.7727815851686	1	0	0	0.9850822760892779
268357.09729876	3000.0	1907.6754828252704	0.0	0	0.0	2264.7727815851686	1	0	1	1.8761078148355292
269200.0	3000.0	1980.4825114613122	0.0	0	104.99919103021966	2180.482511461072	1	0	2	1.6818601177020498
270200.0	3000.0	1880.4825114613723	0.0	0	248.20535455655772	2080.4825114611303	1	0	2	1.890689158003072
271259.7671364486	3000.0	1714.7386613679842	0.0	0	0.0	1974.5057978163823	1	0	2	1.9027794496229529
272200.0	3000.0	1680.4825114613918	0.0	0	64.32321770716226	1880.4825114611303	1	0	2	1.9117393306641084
273200.0	3000.0	1580.4825114613777	0.0	0	440.4811715093092	1780.4825114611886	1	0	2	1.9206647645127497
274200.0	3000.0	1680.482511461369	0.0	0	259.2986663374468	1880.4825114612468	1	0	0	1.5179006360774652
276242.3301299625	6000.0	638.1523814988905	0.0	0	0.0	1880.4825114612468	1	0	1	1.9145368418479216
277324.6902849939	3000.0	555.79222646744	0.0	0	0.0	1880.4825114612468	1	0	1	1.4213896612879766
278220.4216858314	3000.0	660.060825629959	0.0	0	0.0	1880.4825114612468	1	0	1	2.1145368418479213
279114.94964595564	3000.0	765.5328655057048	0.0	0	0.0	1880.4825114612468	1	0	1	2.1145368418479213
279695.3446837565	3000.0	1185.1378277047877	0.0	0	0.0	1880.482511461305	1	0	1	2.1145368418479182
280247.6817620354	3000.0	1688.0344572537945	0.0	0	0.0	1935.7162192892283	1	0	0	1.7102879215525644
281489.1794466228	6000.0	1446.5367726663576	0.0	0	0.0	1935.7162192892283	1	0	1	1.9090134710651232
282513.7810968319	3000.0	1524.3952874781842	0.0	0	0.0	2038.1763843101216	1	0	0	1.0083537162390996
283543.6814756421	3000.0	1494.4949086679767	0.0	0	0.0	2038.1763843101216	1	0	1	1.898767454563034
284437.8652650459	3000.0	1689.729498204519	0.0	0	0.0	2127.5947632504976	1	0	0	1.692022295973206
285362.26981968636	3000.0	1857.7653990281076	0.0	0	0.0	2220.035218714562	1	0	0	1.8831144386479706
286200.0	3000.0	2103.808236745786	0.0	0	282.21604891261086	2303.8082367458846	1	0	0	1.8754695465179236
287745.2071660905	6000.0	1558.601070655376	0.0	0	0.0	2303.808236745943	1	0	1	1.8722042693194552
288690.98220488644	3000.0	1518.2485279798702	0.0	0	0.0	2209.230732866272	1	0	2	0.9861447945017878
289470.94686863694	3000.0	1816.2803306044354	0.0	0	0.0	2287.2271992413444	1	0	0	1.4758507243979202
290737.12305997586	6000.0	1550.1041392655252	0.0	0	0.0	2287.227199241286	1	0	1	1.8738623730699173
291802.89431104687	6000.0	1484.3328881945354	0.0	0	0.0	2287.2271992413444	1	0	1	2.7670095536298565
292435.043682041	3000.0	1915.3984542998237	0.0	0	0.0	2350.4421363407164	1	0	0	0.9760328999779062
294222.17732574174	6000.0	1128.264810599077	0.0	0	0.0	2350.4421363407746	1	0	1	1.8675408793599686
295511.18928643665	3000.0	968.1540459736683	0.0	0	0.0	2479.3433324103244	1	0	0	0.9653787631728528
296487.78422413644	3000.0	1089.218602043807	0.0	0	0.0	2577.002826180251	1	0	0	1.8475546809227932
297228.0866091388	3000.0	1422.9464555416719	0.0	0	0.0	2651.0330646805232	1	0	0	1.8393011515026054
297783.3873235842	3000.0	1923.1758125408894	0.0	0	0.0	2706.5631361251	1	0	0	1.8333412463410856
298747.8099322715	3000.0	1862.31094298491	0.0	0	0.0	2610.120875256427	1	0	2	1.4392404964943033
299577.8753241104	3000.0	1949.2390119621527	0.0	0	0.0	2527.1143360725837	1	0	2	1.8478126640154575
300650.82986335916	3000.0	1768.9890187885414	0.0	0	0.0	2419.8188821477233	1	0	2	1.8576687382889716
3.65	3.54	3.65	2.71	3.68	4.39	4.26	3.0	3.23	4.24	2.88	3.45	3.44	3.73	4.6	4.78	4.27	3.67	4.69	4.32	3.64	2.87	3.85	3.35	4.01	4.1	4.04	3.5	3.45	4.34	3.06	4.08	3.41	3.96	4.62	3.83	3.83	3.56	4.38	2.22	1.76	4.31	2.54	2.03	4.6	3.74	3.49	3.2	3.82	4.56	3.7	3.6	2.21	2.83	2.85	3.44	2.69	3.39	3.31	4.03	3.85	3.64	3.71	3.78	3.78	4.66	3.71	2.94	2.79	6.31	3.83	4.02	3.35	3.7	3.23	4.08	4.31	3.68	4.04	3.37	3.85	4.36	3.15	4.23	4.51	3.46	4.61	3.78	2.93	3.51	3.72	2.56	3.93	2.99	2.9	2.92	4.26	4.45	4.36	3.05	3.85	4.26	3.95	2.93	3.72	3.28	3.92	3.8	4.56	4.09	4.33	4.4	4.48	3.98	5.06	4.56	3.3	4.6	2.65	4.19	4.77	3.85	4.77	3.71	3.96	3.41	3.59	4.77	4.59	4.24	3.12	3.74	3.58	3.83	4.52	4.66	4.36	4.22	3.9	5.05	4.17	3.38	4.45	2.63	2.4	4.02	4.26	4.24	3.59	4.38	3.65	3.54	3.65	2.71	3.68	4.39	4.26	3.0	3.23	4.24	2.88	3.45	3.44	3.73	4.6	4.78	4.27	3.67	4.69	4.32	3.64	2.87	3.85	3.35	4.01	4.1	4.04	3.5	3.45	4.34	3.06	4.08	3.41	3.96	4.62	3.83	3.83	3.56	4.38	2.22	1.76	4.31	2.54	2.03	4.6	3.74	3.49	3.2	3.82	4.56	3.7	3.6	2.21	2.83	2.85	3.44	2.69	3.39	3.31	4.03	3.85	3.64	3.71	3.78	3.78	4.66	3.71	2.94	2.79	6.31	3.83	4.02	3.35	3.7	3.23	4.08	4.31	3.68	4.04	3.37	3.85	4.36	3.15	4.23	4.51	3.46	4.61	3.78	2.93	3.51	3.72	2.56	3.93	2.99	2.9	2.92	4.26	4.45	4.36	3.05	3.85	4.26	3.95	2.93	3.72	3.28	3.92	3.8	4.56	4.09	4.33	4.4	4.48	3.98	5.06	4.56	3.3	4.6	2.65	4.19	4.77	3.85	4.77	3.71	3.96	3.41	3.59	4.77	4.59	4.24	3.12	3.74	3.58	3.83	4.52	4.66	4.36	4.22	3.9	5.05	4.17	3.38	4.45	2.63	2.4	4.02	4.26	4.24	3.59	4.38	3.65	3.54
1.0	2.0	3.0	4.0	5.0	6.0	7.0	8.0	9.0	10.0	11.0	12.0	13.0	14.0	15.0	16.0	17.0	18.0	19.0	20.0	21.0	22.0	23.0	24.0	25.0	26.0	27.0	28.0	29.0	30.0	31.0	32.0	33.0	34.0	35.0	36.0	37.0	38.0	39.0	40.0	41.0	42.0	43.0	44.0	45.0	46.0	47.0	48.0	49.0	50.0	51.0	52.0	53.0	54.0	55.0	56.0	57.0	58.0	59.0	60.0	61.0	62.0	63.0	64.0	65.0	66.0	67.0	68.0	69.0	70.0	71.0	72.0	73.0	74.0	75.0	76.0	77.0	78.0	79.0	80.0	81.0	82.0	83.0	84.0	85.0	86.0	87.0	88.0	89.0	90.0	91.0	92.0	93.0	94.0	95.0	96.0	97.0	98.0	99.0	100.0	101.0	102.0	103.0	104.0	105.0	106.0	107.0	108.0	109.0	110.0	111.0	112.0	113.0	114.0	115.0	116.0	117.0	118.0	119.0	120.0	121.0	122.0	123.0	124.0	125.0	126.0	127.0	128.0	129.0	130.0	131.0	132.0	133.0	134.0	135.0	136.0	137.0	138.0	139.0	140.0	141.0	142.0	143.0	144.0	145.0	146.0	147.0	148.0	149.0	149.0	150.0	151.0	152.0	153.0	154.0	155.0	156.0	157.0	158.0	159.0	160.0	161.0	162.0	163.0	164.0	165.0	166.0	167.0	168.0	169.0	170.0	171.0	172.0	173.0	174.0	175.0	176.0	177.0	178.0	179.0	180.0	181.0	182.0	183.0	184.0	185.0	186.0	187.0	188.0	189.0	190.0	191.0	192.0	193.0	194.0	195.0	196.0	197.0	198.0	199.0	200.0	201.0	202.0	203.0	204.0	205.0	206.0	207.0	208.0	209.0	210.0	211.0	212.0	213.0	214.0	215.0	216.0	217.0	218.0	219.0	220.0	221.0	222.0	223.0	224.0	225.0	226.0	227.0	228.0	229.0	230.0	231.0	232.0	233.0	234.0	235.0	236.0	237.0	238.0	239.0	240.0	241.0	242.0	243.0	244.0	245.0	246.0	247.0	248.0	249.0	250.0	251.0	252.0	253.0	254.0	255.0	256.0	257.0	258.0	259.0	260.0	261.0	262.0	263.0	264.0	265.0	266.0	267.0	268.0	269.0	270.0	271.0	272.0	273.0	274.0	275.0	276.0	277.0	278.0	279.0	280.0	281.0	282.0	283.0	284.0	285.0	286.0	287.0	288.0	289.0	290.0	291.0	292.0	293.0	294.0	295.0	296.0	297.0	298.0	298.0	299.0	300.0
2514.017972791657
