2712.3441967975855	1000.0	2000.0	199.53942356294988	0	0.0	2712.3441967975855	1	0	1	-1.4640092364628883
3200.0	3000.0	2561.1097771178265	0.0	0	13.183629005142848	2761.109777117827	1	0	0	0.5290554569082551
4200.0	3000.0	2661.1097771178265	0.0	0	542.4119092206633	2861.109777117827	1	0	0	1.8204561356414226
5255.017350199036	6000.0	2606.0924269187913	0.0	0	0.0	2861.1097771178274	1	0	1	1.8164741152822634
6493.9230141392	6000.0	2367.1867629786275	0.0	0	0.0	2861.109777117828	1	0	1	2.7096212958422083
7235.3859663587	6000.0	2625.723810759128	0.0	0	0.0	2861.1097771178274	1	0	1	2.7096212958422083
8200.0	6000.0	2564.6483737536973	0.0	0	99.37829653170502	2764.6483737536964	1	0	2	2.3162877847842758
9200.0	6000.0	2464.648373753697	0.0	0	434.5653013595984	2664.6483737536946	1	0	2	2.5254469240008164
10200.0	6000.0	2364.6483737536937	0.0	0	39.56854519912122	2564.648373753692	1	0	2	2.5361040035656934
11200.0	6000.0	2364.648373753692	0.0	0	94.43541624409409	2564.648373753691	1	0	1	2.539267436178622
12200.0	6000.0	2364.648373753692	0.0	0	233.57936973604956	2564.648373753691	1	0	1	2.739267436178622
13542.232631197023	6000.0	2022.4157425566696	0.0	0	0.0	2564.648373753691	1	0	1	2.739267436178622
14594.700535479518	6000.0	1969.9478382741738	0.0	0	0.0	2564.648373753691	1	0	1	2.739267436178622
15227.405736848134	6000.0	2337.2426369055597	0.0	0	0.0	2564.648373753691	1	0	1	2.739267436178622
16200.0	3000.0	2461.9078000688787	0.0	0	392.72884936292576	2661.907800068875	1	0	0	0.9470859290621889
17275.36553460065	6000.0	2386.54226546823	0.0	0	0.0	2661.907800068875	1	0	1	1.8363943129871587
18423.259130680533	6000.0	2238.648669388344	0.0	0	0.0	2661.9078000688733	1	0	1	2.7295414935471034
19515.473029884033	6000.0	2146.4347701848483	0.0	0	0.0	2661.907800068875	1	0	1	2.7295414935471034
20466.392982617523	6000.0	2195.5148174513547	0.0	0	0.0	2661.907800068875	1	0	1	2.7295414935471034
21358.17146036576	6000.0	2303.7363397031163	0.0	0	0.0	2661.907800068875	1	0	1	2.7295414935471034
22271.589940581667	6000.0	2390.3178594872097	0.0	0	0.0	2661.9078000688714	1	0	1	2.7295414935471034
23200.0	6000.0	2369.0667941270467	0.0	0	96.69767353671341	2569.0667941270403	1	0	2	2.335911689352735
24200.0	6000.0	2369.066794127046	0.0	0	165.93309890340242	2569.0667941270367	1	0	1	2.538825594141287
25200.0	6000.0	2369.0667941270453	0.0	0	99.8173070983139	2569.0667941270367	1	0	1	2.738825594141287
26200.0	6000.0	2369.0667941270435	0.0	0	16.559197654598393	2569.0667941270367	1	0	1	2.738825594141287
27226.591220314273	6000.0	2342.475573812771	0.0	0	0.0	2569.0667941270403	1	0	1	2.738825594141287
28200.0	6000.0	2369.066794127042	0.0	0	292.72138040615755	2569.0667941270403	1	0	1	2.738825594141287
29512.31065711124	6000.0	2056.756137015802	0.0	0	0.0	2569.0667941270403	1	0	1	2.738825594141287
30200.0	6000.0	2369.066794127046	0.0	0	14.658806661482231	2569.0667941270403	1	0	1	2.738825594141287
31200.0	6000.0	2369.0667941270476	0.0	0	79.04479011589137	2569.066794127044	1	0	1	2.7388255941412867
32200.0	6000.0	2269.0667941270513	0.0	0	116.55410639031834	2469.066794127044	1	0	2	2.3454422217652406
33333.737170224944	6000.0	2135.32962390211	0.0	0	0.0	2469.0667941270513	1	0	1	2.5488255941412863
34200.0	6000.0	2269.0667941270526	0.0	0	71.56511834883713	2469.0667941270476	1	0	1	2.7488255941412865
35200.0	6000.0	2269.066794127053	0.0	0	229.1962197214889	2469.0667941270476	1	0	1	2.7488255941412865
36200.0	6000.0	2169.0667941270544	0.0	0	291.13432695046504	2369.066794127044	1	0	2	2.3551484651796253
37200.0	6000.0	2169.0667941270526	0.0	0	30.37862694409705	2369.066794127044	1	0	1	2.558825594141286
38455.01167895148	6000.0	1914.055115175568	0.0	0	0.0	2369.066794127044	1	0	1	2.7588255941412863
39666.34101030171	6000.0	1702.725783825342	0.0	0	0.0	2369.066794127044	1	0	1	2.7588255941412863
40447.884801651926	6000.0	1921.1819924751173	0.0	0	0.0	2369.0667941270367	1	0	1	2.758825594141287
41484.55512163654	6000.0	1884.5116724904938	0.0	0	0.0	2369.0667941270367	1	0	1	2.758825594141287
42213.18006695534	6000.0	2155.886727171697	0.0	0	0.0	2369.0667941270367	1	0	1	2.758825594141287
43200.0	6000.0	2169.0667941270435	0.0	0	244.4557551660546	2369.0667941270367	1	0	1	2.758825594141287
44200.0	6000.0	2169.0667941270417	0.0	0	80.45143457592349	2369.0667941270367	1	0	1	2.758825594141287
45427.20782898481	6000.0	1941.8589651422294	0.0	0	0.0	2369.0667941270367	1	0	1	2.758825594141287
46506.705409409646	6000.0	1862.3613847173935	0.0	0	0.0	2369.0667941270367	1	0	1	2.758825594141287
47200.0	6000.0	2169.066794127044	0.0	0	114.87539596633724	2369.0667941270367	1	0	1	2.758825594141287
48369.11162696332	6000.0	1999.9551671637146	0.0	0	0.0	2369.0667941270367	1	0	1	2.758825594141287
49526.642866450464	6000.0	1842.4239276765743	0.0	0	0.0	2369.0667941270367	1	0	1	2.758825594141287
50415.142388098015	6000.0	1953.9244060290205	0.0	0	0.0	2369.0667941270367	1	0	1	2.758825594141287
51488.595416593445	6000.0	1880.4713775335874	0.0	0	0.0	2369.0667941270367	1	0	1	2.758825594141287
52720.26191031809	6000.0	1648.8048838089378	0.0	0	0.0	2369.0667941270367	1	0	1	2.758825594141287
54028.02296095969	6000.0	1341.043833167339	0.0	0	0.0	2369.0667941270367	1	0	1	2.758825594141287
55327.5916812936	6000.0	1041.4751128334408	0.0	0	0.0	2369.0667941270367	1	0	1	2.758825594141287
56297.77280718002	6000.0	1071.2939869470179	0.0	0	0.0	2369.0667941270294	1	0	1	2.758825594141288
56992.99963980812	6000.0	1376.0671543189187	0.0	0	0.0	2369.0667941270294	1	0	1	2.758825594141288
57597.62316601344	6000.0	1771.4436281136025	0.0	0	0.0	2369.0667941270294	1	0	1	2.758825594141288
58446.27236467347	6000.0	1922.7944294535794	0.0	0	0.0	2369.066794127022	1	0	1	2.758825594141289
59595.78023610846	6000.0	1773.2865580185899	0.0	0	0.0	2369.066794127022	1	0	1	2.758825594141289
61128.66290458062	6000.0	1240.403889546438	0.0	0	0.0	2369.066794127022	1	0	1	2.758825594141289
62747.693492109116	6000.0	621.3733020179361	0.0	0	0.0	2369.066794127022	1	0	1	2.758825594141289
64200.73424756304	6000.0	200.0	31.66745343599186	0	0.0	2400.7342475630066	1	0	1	2.568187524456618
64752.41708509282	3000.0	753.8892195677004	105.57205709748345	0	0.0	2506.306304660524	1	0	1	0.7253749393831481
65395.30135857261	3000.0	1175.2933734358928	0.0	0	0.0	2570.5947320085033	1	0	0	1.6471887764459845
66641.50369483103	6000.0	929.0910371774725	0.0	0	0.0	2570.5947320085106	1	0	1	1.8455256197931948
67739.03290577857	6000.0	831.5618262299408	0.0	0	0.0	2570.594732008525	1	0	1	2.738672800353139
68268.87337404168	3000.0	1301.7213579668185	0.0	0	0.0	2570.5947320085106	1	0	1	1.3523784392332496
69740.71736720644	6000.0	829.8773648020576	0.0	0	0.0	2570.5947320085106	1	0	1	2.0455256197931946
70598.48383845505	6000.0	972.1108935534303	0.0	0	0.0	2570.5947320085106	1	0	1	2.7386728003531395
71187.03977022266	6000.0	1383.5549617858185	0.0	0	0.0	2570.5947320085106	1	0	1	2.7386728003531395
71715.23988572352	6000.0	1855.3548462849606	0.0	0	0.0	2570.5947320085106	1	0	1	2.7386728003531395
72200.0	3000.0	2419.070743436131	0.0	0	192.10929177734943	2619.070743436154	1	0	0	0.949738177796892
73619.30889226001	6000.0	1857.8309619501022	0.0	0	0.0	2477.139854210138	1	0	2	1.4508479218209969
74920.72769719733	6000.0	1556.4121570127872	0.0	0	0.0	2477.139854210138	1	0	1	2.548018288132977
76027.00786604485	6000.0	1450.131988165265	0.0	0	0.0	2477.139854210138	1	0	1	2.748018288132977
76926.46761784008	6000.0	1550.6722363700349	0.0	0	0.0	2477.139854210138	1	0	1	2.748018288132977
77844.68432911755	6000.0	1632.4555250925664	0.0	0	0.0	2477.139854210138	1	0	1	2.748018288132977
79195.61274682004	6000.0	1281.5271073900783	0.0	0	0.0	2477.139854210138	1	0	1	2.748018288132977
80202.16009095445	3000.0	1274.9797632556765	0.0	0	0.0	2477.1398542101524	1	0	1	1.3617239270130859
80920.40787006938	3000.0	1556.7319841407698	0.0	0	0.0	2477.1398542101524	1	0	1	2.054871107573031
81664.1835304672	6000.0	1812.9563237429452	0.0	0	0.0	2477.1398542101524	1	0	1	2.054871107573031
82466.52456483447	6000.0	2010.6152893756907	0.0	0	0.0	2477.1398542101524	1	0	1	2.7480182881329758
83200.0	6000.0	2277.1398542101565	0.0	0	1.5458505035639973	2477.139854210167	1	0	1	2.748018288132974
84299.52004255475	6000.0	2067.667807399911	0.0	0	0.0	2367.187849954673	1	0	2	2.3559717801960383
85735.68563946111	6000.0	1631.5022104935406	0.0	0	0.0	2367.1878499546583	1	0	1	2.5590134885585245
87306.29264013344	6000.0	1060.8952098212185	0.0	0	0.0	2367.1878499546583	1	0	1	2.7590134885585247
87687.97832561292	3000.0	1717.3780928897	0.0	0	0.0	2405.356418502619	1	0	0	0.9697078368860783
88807.55546458707	6000.0	1597.8009539155428	0.0	0	0.0	2405.3564185026044	1	0	1	1.8620494511437853
89959.16880162671	6000.0	1446.187616875903	0.0	0	0.0	2405.35641850259	1	0	1	2.7551966317037317
90816.82281758444	6000.0	1588.5336009181701	0.0	0	0.0	2405.3564185025753	1	0	1	2.7551966317037335
92079.2830984486	6000.0	1326.0733200540235	0.0	0	0.0	2405.35641850259	1	0	1	2.7551966317037317
93456.3441926249	6000.0	949.0122258777138	0.0	0	0.0	2405.35641850259	1	0	1	2.7551966317037317
93925.62222708632	3000.0	1479.7341914163114	0.0	0	0.0	2405.35641850259	1	0	1	1.368902270583842
95135.14835269301	6000.0	1270.2080658096247	0.0	0	0.0	2405.35641850259	1	0	1	2.062049451143787
96320.08182082062	6000.0	1085.2745976820302	0.0	0	0.0	2405.35641850259	1	0	1	2.7551966317037317
97778.27290681635	6000.0	627.0835116862831	0.0	0	0.0	2405.35641850259	1	0	1	2.7551966317037317
98808.41041883577	6000.0	596.9459996668514	0.0	0	0.0	2405.35641850259	1	0	1	2.7551966317037317
99511.41855830557	3000.0	893.9378601970568	0.0	0	0.0	2405.35641850259	1	0	1	1.368902270583842
100055.64599454477	3000.0	1404.133167581774	0.0	0	0.0	2459.7791621265205	1	0	0	1.6580434399801438
100649.74516960426	3000.0	1869.443910028237	0.0	0	0.0	2519.189079632488	1	0	0	1.851809698973772
101200.0	3000.0	2374.214562672058	0.0	0	148.31909342874133	2574.214562672074	1	0	0	1.847364219287826
102200.0	3000.0	2474.2145626720594	0.0	0	442.1143739292893	2674.2145626720594	1	0	0	1.8390967505474958
103200.0	6000.0	2474.214562672055	0.0	0	217.3602496964886	2674.2145626720594	1	0	1	1.8351636367268398
104530.74545396109	6000.0	2143.4691087109773	0.0	0	0.0	2674.214562672074	1	0	1	2.7283108172867836
105742.52082393918	6000.0	1931.6937387328994	0.0	0	0.0	2674.2145626720594	1	0	1	2.728310817286785
107109.55059375949	6000.0	1564.66396891259	0.0	0	0.0	2674.2145626720594	1	0	1	2.728310817286785
108580.71230303441	6000.0	1093.502259637663	0.0	0	0.0	2674.2145626720594	1	0	1	2.728310817286785
109382.13431759518	6000.0	1292.080245076876	0.0	0	0.0	2674.214562672045	1	0	1	2.7283108172867863
110442.6545609558	6000.0	1231.56000171625	0.0	0	0.0	2674.214562672045	1	0	1	2.7283108172867863
111646.595718291	6000.0	1027.6188443810443	0.0	0	0.0	2674.2145626720594	1	0	1	2.728310817286785
112350.39828260262	3000.0	1394.1965365005876	0.0	0	0.0	2744.594819103222	1	0	0	0.93671774053259
114142.82956717166	6000.0	601.76525193155	0.0	0	0.0	2744.594819103222	1	0	1	1.8281256110837236
114658.62215767773	3000.0	1085.9726614254723	0.0	0	0.0	2744.594819103222	1	0	1	1.334978430523779
115713.51918499837	6000.0	1031.075634104846	0.0	0	0.0	2744.594819103222	1	0	1	2.0281256110837234
116619.86072456543	6000.0	1124.7340945377928	0.0	0	0.0	2744.594819103222	1	0	1	2.7212727916436688
117599.1674421332	6000.0	1145.427376970007	0.0	0	0.0	2744.594819103222	1	0	1	2.7212727916436688
118729.23768272852	6000.0	1015.3571363746997	0.0	0	0.0	2744.594819103222	1	0	1	2.7212727916436688
119554.13697334983	6000.0	1190.4578457533862	0.0	0	0.0	2744.594819103222	1	0	1	2.7212727916436688
120111.45071666889	3000.0	1688.8754767662315	0.0	0	0.0	2800.326193435132	1	0	0	0.9308739757593745
121553.97248839868	6000.0	1246.3537050364368	0.0	0	0.0	2800.326193435132	1	0	1	1.822552473650533
122305.95153684716	6000.0	1494.374656587955	0.0	0	0.0	2800.3261934351467	1	0	1	2.715699654210476
122870.00776148071	6000.0	1930.3184319543984	0.0	0	0.0	2800.3261934351467	1	0	1	2.715699654210476
123356.97473526963	3000.0	2492.048155544379	0.0	0	0.0	2849.0228908140416	1	0	0	0.9257619458466616
124200.0	3000.0	2733.325417287053	0.0	0	373.65602107883024	2933.3254172870948	1	0	0	1.8128460251971499
125200.0	6000.0	2733.325417287049	0.0	0	232.2944828458276	2933.3254172870948	1	0	1	1.8092525512653364
126200.0	6000.0	2633.3254172870406	0.0	0	88.47937904564606	2833.3254172870948	1	0	2	2.309451851394498
127200.0	6000.0	2533.3254172870393	0.0	0	211.60620880380156	2733.3254172870948	1	0	2	2.5188521984066075
128200.0	6000.0	2433.325417287056	0.0	0	84.50033961675945	2633.3254172871093	1	0	2	2.5291928740103007
129200.0	6000.0	2433.3254172870593	0.0	0	54.63805812953797	2633.3254172870948	1	0	1	2.532399731825281
130200.0	6000.0	2433.3254172870616	0.0	0	72.31617200527398	2633.3254172871093	1	0	1	2.7323997318252804
131483.56354568797	6000.0	2021.405517030288	0.0	0	0.0	2504.9690627183154	1	0	2	2.341736828337222
132479.28529543578	6000.0	2025.6837672824897	0.0	0	0.0	2504.96906271833	1	0	1	2.545235367282159
134039.99521323259	6000.0	1464.9738494856879	0.0	0	0.0	2504.96906271833	1	0	1	2.7452353672821577
135070.51124569844	6000.0	1434.4578170198276	0.0	0	0.0	2504.96906271833	1	0	1	2.7452353672821577
136027.34066457849	6000.0	1477.6283981398144	0.0	0	0.0	2504.96906271833	1	0	1	2.7452353672821577
137125.24502717357	6000.0	1379.7240355447364	0.0	0	0.0	2504.96906271833	1	0	1	2.7452353672821577
138106.4070505977	6000.0	1398.5620121205877	0.0	0	0.0	2504.96906271833	1	0	1	2.7452353672821577
139242.6649925293	6000.0	1262.304070189015	0.0	0	0.0	2504.969062718359	1	0	1	2.745235367282155
140327.50107252537	6000.0	1177.4679901929335	0.0	0	0.0	2504.96906271833	1	0	1	2.7452353672821577
140945.9901791101	3000.0	1620.8277942666791	0.0	0	0.0	2566.8179733767756	1	0	0	0.9541455616040433
142260.75941036764	6000.0	1306.058563009132	0.0	0	0.0	2566.8179733767465	1	0	1	1.8459032956563712
143659.7575272575	6000.0	907.0604461192651	0.0	0	0.0	2566.8179733767756	1	0	1	2.7390504762163133
144713.94876846427	3000.0	852.8692049124788	0.0	0	0.0	2566.8179733767756	1	0	1	1.3527561150964236
145353.6527216743	3000.0	1277.1356470234546	0.0	0	0.0	2630.788368697744	1	0	0	1.6410465853822294
146084.94062773458	3000.0	1618.97653156921	0.0	0	0.0	2703.917159303819	1	0	0	1.83411061010821
147515.11145628733	6000.0	1188.8057030164437	0.0	0	0.0	2703.917159303848	1	0	1	1.8321933770636614
148441.7004177764	6000.0	1262.2167415273695	0.0	0	0.0	2703.917159303848	1	0	1	2.725340557623606
148941.0582361563	6000.0	1762.858923147453	0.0	0	0.0	2703.917159303848	1	0	1	2.725340557623606
149517.5504573992	6000.0	2186.3667019045406	0.0	0	0.0	2703.917159303848	1	0	1	2.725340557623606
150200.0	3000.0	2572.1621135637997	0.0	0	243.51164114064886	2772.1621135639143	1	0	0	0.9350586439833117
151200.0	6000.0	2472.1621135638015	0.0	0	333.8085383581638	2672.1621135639143	1	0	2	1.4316821145918004
152200.0	6000.0	2372.162113563777	0.0	0	6.496947888052091	2572.162113563885	1	0	2	2.5360533081848717
153294.83567555662	6000.0	2277.326438007151	0.0	0	0.0	2572.162113563885	1	0	1	2.538516062197602
154812.17621003397	6000.0	1759.9859035298005	0.0	0	0.0	2572.162113563885	1	0	1	2.7385160621976024
155555.66691942522	6000.0	2016.495194138569	0.0	0	0.0	2572.162113563885	1	0	1	2.7385160621976024
156333.30505814706	6000.0	2238.8570554166813	0.0	0	0.0	2572.162113563856	1	0	1	2.738516062197605
157270.5157720883	6000.0	2301.6463414754458	0.0	0	0.0	2572.162113563856	1	0	1	2.738516062197605
158200.0	6000.0	2372.1621135637456	0.0	0	116.69813117096783	2572.162113563856	1	0	1	2.738516062197605
159200.0	6000.0	2272.1621135637265	0.0	0	210.29061814627494	2472.162113563856	1	0	2	2.344964755209187
160439.82274254886	6000.0	2032.3393710148723	0.0	0	0.0	2472.162113563827	1	0	1	2.5485160621976055
161304.00154661378	6000.0	2168.1605669499345	0.0	0	0.0	2472.162113563798	1	0	1	2.748516062197611
162926.80460542924	6000.0	1545.3575081345014	0.0	0	0.0	2472.162113563798	1	0	1	2.748516062197611
164118.19450626944	6000.0	1353.9676072942839	0.0	0	0.0	2472.162113563798	1	0	1	2.748516062197611
165119.01665823808	6000.0	1353.1454553256585	0.0	0	0.0	2472.162113563827	1	0	1	2.748516062197608
166057.6149041804	6000.0	1414.547209383371	0.0	0	0.0	2472.162113563798	1	0	1	2.748516062197611
167261.4208853559	6000.0	1210.74122820784	0.0	0	0.0	2472.162113563827	1	0	1	2.748516062197608
168018.4632561851	3000.0	1529.4030944615395	0.0	0	0.0	2547.8663506466837	1	0	0	0.9565342882798079
169034.97778918486	6000.0	1512.8885614617911	0.0	0	0.0	2547.8663506466837	1	0	1	1.8477984579293778
170175.25904993535	6000.0	1372.6073007113014	0.0	0	0.0	2547.8663506466546	1	0	1	2.7409456384893254
171197.94593768488	6000.0	1349.9204129617806	0.0	0	0.0	2547.8663506466546	1	0	1	2.7409456384893254
172094.30555499875	6000.0	1453.5607956479032	0.0	0	0.0	2547.8663506466546	1	0	1	2.7409456384893254
173218.53761150234	6000.0	1329.328739144317	0.0	0	0.0	2547.8663506466546	1	0	1	2.7409456384893254
174447.8506127723	6000.0	1100.0157378743252	0.0	0	0.0	2547.8663506466255	1	0	1	2.740945638489328
175337.6516516241	6000.0	1210.2146990225478	0.0	0	0.0	2547.8663506466255	1	0	1	2.740945638489328
176249.79948175393	6000.0	1298.0668688927074	0.0	0	0.0	2547.8663506466546	1	0	1	2.7409456384893254
176986.63693085057	6000.0	1561.2294197960657	0.0	0	0.0	2547.8663506466255	1	0	1	2.740945638489328
177903.55702571452	6000.0	1644.3093249321153	0.0	0	0.0	2547.8663506466255	1	0	1	2.740945638489328
178890.88415714266	6000.0	1656.982193503943	0.0	0	0.0	2547.8663506466255	1	0	1	2.740945638489328
179687.44321063076	6000.0	1860.4231400158458	0.0	0	0.0	2547.8663506466255	1	0	1	2.740945638489328
180442.73589438674	6000.0	2105.1304562598857	0.0	0	0.0	2547.8663506466255	1	0	1	2.740945638489328
181326.19341817356	6000.0	2221.672932473069	0.0	0	0.0	2547.8663506466255	1	0	1	2.740945638489328
182271.9606133418	6000.0	2275.9057373047917	0.0	0	0.0	2547.8663506466255	1	0	1	2.740945638489328
183200.0	6000.0	2347.866350646593	0.0	0	71.66568550493685	2547.8663506466255	1	0	1	2.740945638489328
184200.0	6000.0	2347.8663506465646	0.0	0	280.18193246473675	2547.8663506466255	1	0	1	2.740945638489328
185200.0	6000.0	2247.866350646547	0.0	0	91.87736079227761	2447.8663506465964	1	0	2	2.3476079418895335
186232.41142749318	6000.0	2215.4549231533674	0.0	0	0.0	2447.8663506465964	1	0	1	2.5509456384893308
187516.4830675223	6000.0	1931.3832831242528	0.0	0	0.0	2447.8663506465964	1	0	1	2.750945638489331
188790.62643044832	6000.0	1657.239920198232	0.0	0	0.0	2447.8663506465964	1	0	1	2.750945638489331
190035.3025577816	6000.0	1412.563792864934	0.0	0	0.0	2447.8663506466255	1	0	1	2.7509456384893287
190926.50775123836	6000.0	1521.358599408205	0.0	0	0.0	2447.8663506466255	1	0	1	2.7509456384893283
191674.05817834224	6000.0	1773.808172304321	0.0	0	0.0	2447.8663506466255	1	0	1	2.7509456384893283
192313.37714489008	6000.0	2134.4892057564994	0.0	0	0.0	2447.8663506466546	1	0	1	2.7509456384893256
193200.0	6000.0	2247.8663506466	0.0	0	111.5607404782786	2447.8663506466837	1	0	1	2.7509456384893225
194413.0815026948	6000.0	2034.7848479517763	0.0	0	0.0	2447.8663506466546	1	0	1	2.7509456384893256
195346.40317655215	6000.0	2101.4631740944656	0.0	0	0.0	2447.8663506466546	1	0	1	2.7509456384893256
196200.0	6000.0	2247.8663506466264	0.0	0	142.76522709964775	2447.8663506466546	1	0	1	2.7509456384893256
197200.0	6000.0	2247.866350646634	0.0	0	111.01290451656678	2447.8663506466837	1	0	1	2.7509456384893225
198390.90989488593	6000.0	2056.9564557607314	0.0	0	0.0	2447.8663506466837	1	0	1	2.7509456384893225
199231.23977230646	6000.0	2216.626578340204	0.0	0	0.0	2447.8663506466837	1	0	1	2.7509456384893225
200290.43381620382	6000.0	2157.432534442856	0.0	0	0.0	2447.866350646713	1	0	1	2.7509456384893194
201383.1273107002	6000.0	2064.73903994648	0.0	0	0.0	2447.866350646713	1	0	1	2.7509456384893194
202448.35924476676	6000.0	1999.50710587991	0.0	0	0.0	2447.866350646713	1	0	1	2.7509456384893194
203616.44664253198	6000.0	1831.4197081146644	0.0	0	0.0	2447.866350646742	1	0	1	2.7509456384893167
204704.29498933352	6000.0	1743.5713613131231	0.0	0	0.0	2447.8663506466837	1	0	1	2.7509456384893216
205812.75658456248	6000.0	1635.1097660841533	0.0	0	0.0	2447.8663506466837	1	0	1	2.7509456384893225
206786.96107379827	6000.0	1660.9052768483389	0.0	0	0.0	2447.8663506466837	1	0	1	2.7509456384893225
207549.63957952813	6000.0	1898.226771118501	0.0	0	0.0	2447.8663506466837	1	0	1	2.7509456384893225
208398.41886273245	6000.0	2049.447487914207	0.0	0	0.0	2447.866350646713	1	0	1	2.7509456384893194
209542.9346424732	6000.0	1904.9317081734457	0.0	0	0.0	2447.866350646713	1	0	1	2.7509456384893194
210911.7216898956	6000.0	1536.144660751045	0.0	0	0.0	2447.866350646742	1	0	1	2.7509456384893167
211624.28380753996	3000.0	1894.8387548711119	0.0	0	0.0	2519.122562411183	1	0	0	0.9589006502314328
212986.53475051356	6000.0	1532.587811897537	0.0	0	0.0	2519.122562411183	1	0	1	1.8506728367529275
213549.898578711	3000.0	2025.5603665198162	0.0	0	0.0	2575.458945230872	1	0	0	0.9529759421032333
214826.81708286458	6000.0	1748.6418623662335	0.0	0	0.0	2575.458945230843	1	0	1	1.8450391984709607
215732.74793002073	6000.0	1842.7110152100659	0.0	0	0.0	2575.458945230843	1	0	1	2.738186379030907
216609.87802781697	6000.0	1965.5809174137944	0.0	0	0.0	2575.458945230872	1	0	1	2.7381863790309033
218002.3757321198	6000.0	1573.083213110957	0.0	0	0.0	2575.458945230872	1	0	1	2.7381863790309033
219062.02477029146	6000.0	1513.4341749393202	0.0	0	0.0	2575.458945230843	1	0	1	2.738186379030907
219625.12919502615	6000.0	1950.3297502046062	0.0	0	0.0	2575.458945230843	1	0	1	2.738186379030907
220200.0	3000.0	2432.946025728141	0.0	0	313.9203814268403	2632.946025728219	1	0	0	0.9489329175670523
221200.0	6000.0	2332.9460257281485	0.0	0	211.60368687740993	2532.946025728219	1	0	2	1.445941200793683
222200.0	6000.0	2232.94602572817	0.0	0	124.01037199859275	2432.946025728248	1	0	2	2.5485501817189267
223200.0	6000.0	2232.9460257281494	0.0	0	64.76733755122405	2432.946025728248	1	0	1	2.552437670981166
224200.0	6000.0	2232.94602572815	0.0	0	217.9363408073259	2432.946025728248	1	0	1	2.752437670981166
225393.37337256735	6000.0	2039.572653160761	0.0	0	0.0	2432.946025728277	1	0	1	2.752437670981163
226442.5148889203	6000.0	1990.431136807797	0.0	0	0.0	2432.946025728248	1	0	1	2.7524376709811635
227221.35811846802	6000.0	2211.5879072600865	0.0	0	0.0	2432.946025728248	1	0	1	2.752437670981166
228441.83275896806	6000.0	1991.1132667600561	0.0	0	0.0	2432.946025728248	1	0	1	2.752437670981166
229473.47793330706	3000.0	1856.3035749871647	0.0	0	0.0	2329.7815082943707	1	0	2	0.9741126433915837
230200.0	3000.0	2057.129301624964	0.0	0	138.95000482912292	2257.1293016251	1	0	2	1.8743142945686495
231200.0	3000.0	1957.1293016249742	0.0	0	515.4672775888175	2157.1293016251293	1	0	2	1.8830080737929664
232200.0	3000.0	2057.129301624981	0.0	0	668.4468721243902	2257.1293016251584	1	0	0	1.48087216283153
233218.72460980306	6000.0	2038.4046918219576	0.0	0	0.0	2257.1293016251875	1	0	1	1.8768721628315272
234305.03738900597	6000.0	1952.0919126190424	0.0	0	0.0	2257.1293016252166	1	0	1	2.7700193433914695
235494.2951597245	6000.0	1762.834141900486	0.0	0	0.0	2257.1293016251875	1	0	1	2.770019343391472
236510.2807879571	6000.0	1746.848513667917	0.0	0	0.0	2257.1293016251875	1	0	1	2.770019343391472
237232.0469006814	6000.0	2025.0824009436205	0.0	0	0.0	2257.1293016251875	1	0	1	2.770019343391472
238375.4558971805	6000.0	1881.6734044444852	0.0	0	0.0	2257.1293016251584	1	0	1	2.770019343391475
239429.66255830857	6000.0	1827.4667433164052	0.0	0	0.0	2257.1293016251293	1	0	1	2.7700193433914775
240701.22608904098	6000.0	1555.9032125839753	0.0	0	0.0	2257.1293016251	1	0	1	2.7700193433914793
241851.54179044862	6000.0	1405.587511176343	0.0	0	0.0	2257.1293016251	1	0	1	2.770019343391481
242613.6188914238	3000.0	1643.5104102011373	0.0	0	0.0	2257.129301625071	1	0	1	1.383724982271593
243467.3998443773	6000.0	1789.7294572476164	0.0	0	0.0	2257.129301625042	1	0	1	2.076872162831542
244553.30415656284	6000.0	1703.8251450620364	0.0	0	0.0	2257.129301625042	1	0	1	2.7700193433914864
245777.1349748257	6000.0	1479.994326799168	0.0	0	0.0	2257.129301625042	1	0	1	2.7700193433914864
246737.24143359522	6000.0	1519.8878680296511	0.0	0	0.0	2257.129301625013	1	0	1	2.7700193433914886
248190.55196271904	6000.0	1066.5773389058074	0.0	0	0.0	2257.129301625042	1	0	1	2.7700193433914873
248892.63101920162	3000.0	1364.4982824232131	0.0	0	0.0	2257.129301625013	1	0	1	1.3837249822715998
249868.11501385216	6000.0	1389.0142877726748	0.0	0	0.0	2257.129301625013	1	0	1	2.076872162831545
251020.03708718182	6000.0	1237.092214443012	0.0	0	0.0	2257.129301625013	1	0	1	2.77001934339149
252024.89817866898	6000.0	1232.2311229558336	0.0	0	0.0	2257.129301624984	1	0	1	2.7700193433914926
253173.68157189144	6000.0	1083.4477297333565	0.0	0	0.0	2257.129301624984	1	0	1	2.7700193433914926
254074.93703548377	6000.0	1182.192266141004	0.0	0	0.0	2257.129301624984	1	0	1	2.7700193433914926
254863.87900809332	6000.0	1393.2502935314592	0.0	0	0.0	2257.129301624984	1	0	1	2.7700193433914926
256041.4955595184	6000.0	1215.6337421063608	0.0	0	0.0	2257.1293016249547	1	0	1	2.7700193433914952
257224.978782921	6000.0	1032.1505187037396	0.0	0	0.0	2257.1293016249256	1	0	1	2.7700193433914984
257684.3006226456	3000.0	1618.7608629516085	0.0	0	0.0	2303.061485597369	1	0	0	0.9800810043305523
258735.95529176597	6000.0	1567.1061938312168	0.0	0	0.0	2303.061485597369	1	0	1	1.872278944434309
259578.16501497396	6000.0	1724.8964706232236	0.0	0	0.0	2303.061485597369	1	0	1	2.765426124994254
260785.90951912376	6000.0	1517.151966473418	0.0	0	0.0	2303.061485597398	1	0	1	2.765426124994252
261841.40966696435	6000.0	1461.6518186328233	0.0	0	0.0	2303.061485597398	1	0	1	2.765426124994251
262421.2924550349	3000.0	1939.7573093692906	0.0	0	0.0	2361.0497644044517	1	0	0	0.9747505377112199
263584.2145140322	6000.0	1776.8352503720578	0.0	0	0.0	2361.049764404481	1	0	1	1.8664801165535998
264324.20699524734	6000.0	2036.8427691569045	0.0	0	0.0	2361.049764404481	1	0	1	2.759627297113544
265223.662010596	6000.0	2137.3877538081792	0.0	0	0.0	2361.049764404481	1	0	1	2.7596272971135427
266200.0	6000.0	2161.049764404209	0.0	0	349.0555844035116	2361.049764404481	1	0	1	2.7596272971135427
267390.4046463441	6000.0	1970.6451180601834	0.0	0	0.0	2361.049764404481	1	0	1	2.7596272971135427
268647.4100104523	6000.0	1713.6397539519703	0.0	0	0.0	2361.049764404539	1	0	1	2.7596272971135374
270127.98893296585	6000.0	1233.0608314384847	0.0	0	0.0	2361.049764404539	1	0	1	2.7596272971135374
270888.1771210345	6000.0	1472.872643369813	0.0	0	0.0	2361.049764404481	1	0	1	2.7596272971135427
271846.5664541979	6000.0	1514.4833102063862	0.0	0	0.0	2361.0497644044226	1	0	1	2.759627297113548
272990.2925085489	6000.0	1370.757255855433	0.0	0	0.0	2361.0497644044226	1	0	1	2.759627297113549
274217.31919502927	6000.0	1143.7305693750334	0.0	0	0.0	2361.0497644044226	1	0	1	2.759627297113549
274866.0347120197	6000.0	1495.0150523844916	0.0	0	0.0	2361.0497644044226	1	0	1	2.759627297113549
275723.5342417121	6000.0	1637.515522692045	0.0	0	0.0	2361.0497644044226	1	0	1	2.759627297113549
276232.7038123233	6000.0	2128.3459520809147	0.0	0	0.0	2361.0497644044226	1	0	1	2.759627297113549
277200.0	3000.0	2257.779383171858	0.0	0	461.66515746724326	2457.77938317199	1	0	0	0.9675599771350161
278200.0	6000.0	2257.77938317181	0.0	0	321.3901904519298	2457.77938317199	1	0	1	1.8568071546768468
279200.0	6000.0	2257.7793831718454	0.0	0	152.50304753979435	2457.7793831720483	1	0	1	2.749954335236786
280200.0	6000.0	2257.779383171881	0.0	0	51.75766202446539	2457.7793831721065	1	0	1	2.7499543352367803
281204.1763550297	6000.0	2253.6030281421795	0.0	0	0.0	2457.7793831721065	1	0	1	2.7499543352367803
282728.2101808672	6000.0	1729.5692023046583	0.0	0	0.0	2457.7793831721065	1	0	1	2.7499543352367803
283886.48117785726	6000.0	1571.2982053145051	0.0	0	0.0	2457.7793831721065	1	0	1	2.7499543352367803
285045.773969634	6000.0	1412.0054135377532	0.0	0	0.0	2457.7793831721065	1	0	1	2.7499543352367803
286169.62726648385	6000.0	1288.152116687916	0.0	0	0.0	2457.7793831721065	1	0	1	2.7499543352367803
287222.0730597244	6000.0	1235.7063234473626	0.0	0	0.0	2457.7793831721065	1	0	1	2.7499543352367803
287899.6762183912	6000.0	1558.103164780522	0.0	0	0.0	2457.7793831721065	1	0	1	2.7499543352367803
289472.1493423202	6000.0	985.6300408514445	0.0	0	0.0	2457.7793831720483	1	0	1	2.7499543352367817
289930.7626349898	3000.0	1572.878077448793	0.0	0	0.0	2503.640712438908	1	0	0	0.9602160158555784
290697.296768768	6000.0	1806.343943670637	0.0	0	0.0	2503.640712438908	1	0	1	1.8522210217501551
292079.4443518608	6000.0	1424.1963605778856	0.0	0	0.0	2503.640712438908	1	0	1	2.7453682023101003
294006.6257934122	6000.0	497.0149190264231	0.0	0	0.0	2503.6407124388497	1	0	1	2.745368202310106
294589.54865054967	3000.0	914.0920618890391	0.0	0	0.0	2503.640712438908	1	0	1	1.3590738411902126
295117.16320765624	3000.0	1439.2389604931448	0.0	0	0.0	2556.402168149536	1	0	0	1.6482299297121183
296301.25642866705	6000.0	1255.145739482271	0.0	0	0.0	2556.402168149478	1	0	1	1.846944876179098
296704.3981045987	3000.0	1892.3182311438172	0.0	0	0.0	2596.716335742618	1	0	0	0.9506932832121724
297246.3635966952	3000.0	2404.5492882569592	0.0	0	0.0	2650.912884952326	1	0	0	1.8388264985772482
298200.0	3000.0	2546.276525282634	0.0	0	605.4935624322388	2746.276525282883	1	0	0	1.8318435481488486
299200.0	6000.0	2446.276525282658	0.0	0	292.89909178199014	2646.2765252829413	1	0	2	1.4341382115847758
300200.0	6000.0	2346.276525282734	0.0	0	357.2062779573607	2546.2765252830577	1	0	2	2.5373073788780034
7.19	5.15	4.1	5.58	7.25	7.18	9.63	6.49	6.44	5.97	4.01	5.07	7.55	5.56	6.17	4.49	5.55	6.88	7.18	8.17	6.75	7.77	5.66	5.56	7.04	7.34	5.4	7.7	7.58	5.77	7.44	7.3	10.2	7.61	4.02	4.1	6.12	6.12	6.49	7.43	7.4	6.35	6.24	7.39	8.27	6.56	6.38	6.8	4.43	6.95	5.44	6.27	5.36	5.79	8.02	7.69	6.42	4.6	5.35	4.24	6.6	4.07	6.15	5.21	7.6	5.41	5.1	7.04	10.4	10.5	4.56	5.75	6.58	5.7	4.87	5.88	3.46	2.86	6.04	8.38	7.77	6.06	5.55	5.05	4.31	7.39	6.01	5.55	5.1	6.23	3.71	7.19	5.58	6.19	4.48	6.14	4.1	5.09	8.18	5.37	6.02	5.33	5.92	6.9	4.83	4.7	6.55	5.95	5.35	5.63	4.04	4.85	7.21	8.66	7.04	5.65	5.75	4.84	5.36	8.23	8.44	4.88	7.25	9.05	9.68	6.36	8.09	8.24	5.83	6.59	5.24	5.18	5.95	6.32	7.07	6.75	6.97	4.03	6.1	6.08	5.48	2.33	4.54	5.77	5.2	7.61	11.1	7.94	7.63	9.81	7.19	5.15	4.1	5.58	7.25	7.18	9.63	6.49	6.44	5.97	4.01	5.07	7.55	5.56	6.17	4.49	5.55	6.88	7.18	8.17	6.75	7.77	5.66	5.56	7.04	7.34	5.4	7.7	7.58	5.77	7.44	7.3	10.2	7.61	4.02	4.1	6.12	6.12	6.49	7.43	7.4	6.35	6.24	7.39	8.27	6.56	6.38	6.8	4.43	6.95	5.44	6.27	5.36	5.79	8.02	7.69	6.42	4.6	5.35	4.24	6.6	4.07	6.15	5.21	7.6	5.41	5.1	7.04	10.4	10.5	4.56	5.75	6.58	5.7	4.87	5.88	3.46	2.86	6.04	8.38	7.77	6.06	5.55	5.05	4.31	7.39	6.01	5.55	5.1	6.23	3.71	7.19	5.58	6.19	4.48	6.14	4.1	5.09	8.18	5.37	6.02	5.33	5.92	6.9	4.83	4.7	6.55	5.95	5.35	5.63	4.04	4.85	7.21	8.66	7.04	5.65	5.75	4.84	5.36	8.23	8.44	4.88	7.25	9.05	9.68	6.36	8.09	8.24	5.83	6.59	5.24	5.18	5.95	6.32	7.07	6.75	6.97	4.03	6.1	6.08	5.48	2.33	4.54	5.77	5.2	7.61	11.1	7.94	7.63	9.81	7.19	5.15	4.1
1.0	2.0	3.0	4.0	5.0	6.0	7.0	8.0	9.0	10.0	11.0	12.0	13.0	14.0	15.0	16.0	17.0	18.0	19.0	20.0	21.0	22.0	23.0	24.0	25.0	26.0	27.0	28.0	29.0	30.0	31.0	32.0	33.0	34.0	35.0	36.0	37.0	38.0	39.0	40.0	41.0	42.0	43.0	44.0	45.0	46.0	47.0	48.0	49.0	50.0	51.0	52.0	53.0	54.0	55.0	56.0	57.0	58.0	59.0	60.0	61.0	62.0	63.0	64.0	65.0	66.0	67.0	68.0	69.0	70.0	71.0	72.0	73.0	74.0	75.0	76.0	77.0	78.0	79.0	80.0	81.0	82.0	83.0	84.0	85.0	86.0	87.0	88.0	89.0	90.0	91.0	92.0	93.0	94.0	95.0	96.0	97.0	98.0	99.0	100.0	101.0	102.0	103.0	104.0	105.0	106.0	107.0	108.0	109.0	110.0	111.0	112.0	113.0	114.0	115.0	116.0	117.0	118.0	119.0	120.0	121.0	122.0	123.0	124.0	125.0	126.0	127.0	128.0	129.0	130.0	131.0	132.0	133.0	134.0	135.0	136.0	137.0	138.0	139.0	140.0	141.0	142.0	143.0	144.0	145.0	146.0	147.0	148.0	149.0	149.0	150.0	151.0	152.0	153.0	154.0	155.0	156.0	157.0	158.0	159.0	160.0	161.0	162.0	163.0	164.0	165.0	166.0	167.0	168.0	169.0	170.0	171.0	172.0	173.0	174.0	175.0	176.0	177.0	178.0	179.0	180.0	181.0	182.0	183.0	184.0	185.0	186.0	187.0	188.0	189.0	190.0	191.0	192.0	193.0	194.0	195.0	196.0	197.0	198.0	199.0	200.0	201.0	202.0	203.0	204.0	205.0	206.0	207.0	208.0	209.0	210.0	211.0	212.0	213.0	214.0	215.0	216.0	217.0	218.0	219.0	220.0	221.0	222.0	223.0	224.0	225.0	226.0	227.0	228.0	229.0	230.0	231.0	232.0	233.0	234.0	235.0	236.0	237.0	238.0	239.0	240.0	241.0	242.0	243.0	244.0	245.0	246.0	247.0	248.0	249.0	250.0	251.0	252.0	253.0	254.0	255.0	256.0	257.0	258.0	259.0	260.0	261.0	262.0	263.0	264.0	265.0	266.0	267.0	268.0	269.0	270.0	271.0	272.0	273.0	274.0	275.0	276.0	277.0	278.0	279.0	280.0	281.0	282.0	283.0	284.0	285.0	286.0	287.0	288.0	289.0	290.0	291.0	292.0	293.0	294.0	295.0	296.0	297.0	298.0	298.0	299.0	300.0	301.0
2429.0896639496673
