4201.58246684541	1000.0	2000.0	114.25570166558177	0	0.0	4201.58246684541	1	0	2	-1.5034152315912768
4639.642310543781	3000.0	2518.1341719317916	0.0	0	0.0	4157.776482475573	1	0	2	0.5871653971801961
5192.135580659552	6000.0	2910.391574804443	0.0	0	0.0	4102.527155463995	1	0	2	1.6909494650467205
5975.49545190352	6000.0	3048.6957164360774	0.0	0	0.0	4024.1911683395974	1	0	2	2.391325710257753
6694.8096367679	6000.0	3257.4501130852586	0.0	0	0.0	3952.2597498531586	1	0	2	2.39866300925095
7484.215898212913	6000.0	3389.1032254957427	0.0	0	0.0	3873.3191237086558	1	0	2	2.4066034983974354
8394.57132429649	6000.0	3387.7122568038085	0.0	0	0.0	3782.2835811002988	1	0	2	2.414928019389517
9281.680614959314	6000.0	3411.8920370747023	0.0	0	0.0	3693.5726520340168	1	0	2	2.4243938636860074
10200.0	6000.0	3401.74071352995	0.0	0	317.1968337198159	3601.7407135299527	1	0	2	2.431980708273846
11200.0	6000.0	3301.74071352995	0.0	0	268.5467670392045	3501.7407135299536	1	0	2	2.441897985783621
12200.0	6000.0	3201.7407135299486	0.0	0	148.47110971903385	3401.7407135299545	1	0	2	2.45232505247896
13200.0	6000.0	3101.7407135299495	0.0	0	92.75367806651411	3301.7407135299527	1	0	2	2.4624697945466965
14200.0	6000.0	3001.74071352995	0.0	0	449.6167597526346	3201.7407135299527	1	0	2	2.471709644858219
15200.0	6000.0	2901.740713529951	0.0	0	98.42312453953491	3101.7407135299545	1	0	2	2.4823329730508026
16200.0	6000.0	2801.7407135299527	0.0	0	355.50358125074126	3001.7407135299545	1	0	2	2.491818584867225
17200.0	6000.0	2701.7407135299554	0.0	0	498.55730833685084	2901.74071352996	1	0	2	2.5016263499795395
18200.0	6000.0	2601.7407135299527	0.0	0	398.0959324658106	2801.7407135299563	1	0	2	2.511731733207685
19200.0	6000.0	2501.7407135299536	0.0	0	512.3597586933356	2701.740713529962	1	0	2	2.5216315943143135
20200.0	6000.0	2401.7407135299522	0.0	0	23.3460119622614	2601.740713529958	1	0	2	2.5331000836972226
21200.0	6000.0	2401.7407135299513	0.0	0	425.6125818502733	2601.740713529962	1	0	1	2.5355582022009946
22200.0	6000.0	2401.740713529952	0.0	0	166.83941520603184	2601.740713529962	1	0	1	2.7355582022009948
23200.0	6000.0	2301.740713529952	0.0	0	412.45844622751974	2501.740713529962	1	0	2	2.3417561105516804
24200.0	6000.0	2301.7407135299486	0.0	0	216.4763173092433	2501.740713529958	1	0	1	2.545558202200995
25200.0	6000.0	2201.7407135299495	0.0	0	256.95766924039344	2401.740713529958	1	0	2	2.352015305244494
26200.0	6000.0	2201.74071352995	0.0	0	502.14869758433633	2401.740713529958	1	0	1	2.555558202200995
27200.0	6000.0	2201.7407135299522	0.0	0	420.54102015465105	2401.740713529958	1	0	1	2.7555582022009952
28200.0	6000.0	2201.7407135299527	0.0	0	111.45325575834067	2401.740713529958	1	0	1	2.7555582022009952
29200.0	6000.0	2201.7407135299554	0.0	0	168.20950283149432	2401.740713529958	1	0	1	2.7555582022009952
30200.0	6000.0	2201.7407135299527	0.0	0	34.77067658411033	2401.740713529958	1	0	1	2.7555582022009952
31200.0	6000.0	2201.740713529952	0.0	0	337.79312193515943	2401.740713529958	1	0	1	2.7555582022009952
32200.0	6000.0	2201.7407135299513	0.0	0	506.4665797760317	2401.740713529958	1	0	1	2.7555582022009952
33200.0	6000.0	2201.7407135299527	0.0	0	550.8404469256893	2401.740713529958	1	0	1	2.7555582022009952
34200.0	6000.0	2201.7407135299472	0.0	0	198.3391012438733	2401.740713529951	1	0	1	2.7555582022009952
35200.0	6000.0	2201.7407135299472	0.0	0	109.75618840835523	2401.7407135299436	1	0	1	2.755558202200996
36200.0	6000.0	2201.7407135299513	0.0	0	268.7854217868153	2401.7407135299436	1	0	1	2.7555582022009966
37200.0	6000.0	2101.740713529949	0.0	0	459.1064922283331	2301.7407135299363	1	0	2	2.3616634315275458
38200.0	6000.0	2001.7407135299563	0.0	0	148.91302112994163	2201.7407135299363	1	0	2	2.5721870868325993
39200.0	6000.0	2001.7407135299509	0.0	0	303.4279379607542	2201.7407135299363	1	0	1	2.5755582022009973
40200.0	6000.0	2001.7407135299509	0.0	0	273.2807749039566	2201.7407135299363	1	0	1	2.7755582022009975
41200.0	6000.0	2001.740713529949	0.0	0	161.81549657057622	2201.7407135299436	1	0	1	2.7755582022009966
42200.0	6000.0	2001.7407135299427	0.0	0	425.24290652604395	2201.7407135299436	1	0	1	2.7755582022009966
43200.0	6000.0	2001.7407135299427	0.0	0	189.69017455365247	2201.7407135299436	1	0	1	2.7755582022009966
44200.0	6000.0	2001.7407135299436	0.0	0	104.01107102491369	2201.7407135299436	1	0	1	2.7755582022009966
45200.0	6000.0	2001.7407135299432	0.0	0	265.24428134808113	2201.7407135299436	1	0	1	2.7755582022009966
46200.0	6000.0	2001.7407135299463	0.0	0	232.7946114035003	2201.7407135299436	1	0	1	2.7755582022009966
47200.0	6000.0	2001.7407135299372	0.0	0	410.64008426538203	2201.7407135299363	1	0	1	2.7755582022009975
48200.0	6000.0	2001.7407135299354	0.0	0	361.7606486068762	2201.7407135299363	1	0	1	2.7755582022009975
49200.0	6000.0	2001.7407135299304	0.0	0	386.42240967816906	2201.7407135299363	1	0	1	2.7755582022009975
50531.61788082043	6000.0	1670.1228327095014	0.0	0	0.0	2201.7407135299436	1	0	1	2.7755582022009966
51467.07475230057	6000.0	1734.6659612293565	0.0	0	0.0	2201.740713529951	1	0	1	2.775558202200996
52300.35657519584	6000.0	1901.3841383340866	0.0	0	0.0	2201.740713529951	1	0	1	2.775558202200996
53497.40753330866	6000.0	1704.3331802212658	0.0	0	0.0	2201.740713529951	1	0	1	2.775558202200996
54553.13710632535	6000.0	1648.603607204579	0.0	0	0.0	2201.7407135299436	1	0	1	2.7755582022009966
56041.17945908735	6000.0	1160.5612544425799	0.0	0	0.0	2201.7407135299436	1	0	1	2.7755582022009966
56944.39617621229	6000.0	1257.3445373176332	0.0	0	0.0	2201.7407135299436	1	0	1	2.7755582022009966
57728.5384948732	6000.0	1473.2022186567167	0.0	0	0.0	2201.7407135299436	1	0	1	2.7755582022009966
58539.115320087265	6000.0	1662.6253934426554	0.0	0	0.0	2201.7407135299436	1	0	1	2.7755582022009966
59200.0	6000.0	2001.7407135299218	0.0	0	97.10303596821177	2201.7407135299436	1	0	1	2.7755582022009966
60200.0	6000.0	2001.74071352992	0.0	0	393.6342556760792	2201.7407135299436	1	0	1	2.7755582022009966
61339.947747542246	6000.0	1861.7929659876756	0.0	0	0.0	2201.7407135299436	1	0	1	2.7755582022009966
62200.0	6000.0	2001.740713529919	0.0	0	46.091934492986184	2201.740713529951	1	0	1	2.775558202200996
63200.0	6000.0	2001.74071352992	0.0	0	317.97450029795436	2201.740713529958	1	0	1	2.775558202200995
64200.0	6000.0	2001.7407135299236	0.0	0	345.01928089054854	2201.740713529958	1	0	1	2.775558202200995
65200.0	6000.0	2001.7407135299245	0.0	0	71.17084190437163	2201.740713529958	1	0	1	2.775558202200995
66200.0	6000.0	2001.7407135299227	0.0	0	409.5400034806953	2201.740713529951	1	0	1	2.7755582022009953
67200.0	6000.0	2001.7407135299172	0.0	0	245.79879552012426	2201.740713529951	1	0	1	2.775558202200996
68200.0	6000.0	2001.7407135299209	0.0	0	428.9731792229286	2201.7407135299436	1	0	1	2.7755582022009966
69200.0	6000.0	2001.7407135299081	0.0	0	512.6730657441367	2201.740713529958	1	0	1	2.775558202200995
70200.0	6000.0	2001.7407135299186	0.0	0	4.782610557245789	2201.740713529958	1	0	1	2.775558202200995
71200.0	6000.0	2001.7407135299245	0.0	0	195.6226629786688	2201.7407135299727	1	0	1	2.775558202200994
72200.0	6000.0	2001.7407135299263	0.0	0	258.42502031112963	2201.7407135299727	1	0	1	2.775558202200994
73200.0	6000.0	2001.7407135299204	0.0	0	186.4115924184589	2201.740713529958	1	0	1	2.775558202200995
74212.40697779704	6000.0	1989.3337357328635	0.0	0	0.0	2201.740713529958	1	0	1	2.775558202200995
75200.0	6000.0	2001.740713529884	0.0	0	231.45733269686752	2201.740713529958	1	0	1	2.775558202200995
76200.0	6000.0	2001.7407135298888	0.0	0	33.49458863554173	2201.7407135299727	1	0	1	2.775558202200994
77200.0	6000.0	2001.7407135298872	0.0	0	83.00477502580907	2201.7407135299727	1	0	1	2.775558202200994
78357.08046961516	6000.0	1844.660243914735	0.0	0	0.0	2201.7407135299727	1	0	1	2.775558202200994
79556.24065902397	6000.0	1645.5000545059206	0.0	0	0.0	2201.7407135299727	1	0	1	2.775558202200994
80655.41948477903	6000.0	1546.3212287508472	0.0	0	0.0	2201.7407135299727	1	0	1	2.775558202200994
81330.4592640968	6000.0	1871.2814494330914	0.0	0	0.0	2201.7407135299727	1	0	1	2.775558202200994
82200.0	6000.0	2001.7407135299072	0.0	0	244.00234343997727	2201.7407135299727	1	0	1	2.775558202200994
83200.0	6000.0	2001.7407135299059	0.0	0	125.49862950346142	2201.7407135299727	1	0	1	2.775558202200994
84200.0	6000.0	2001.7407135298895	0.0	0	349.15760995668825	2201.7407135299727	1	0	1	2.775558202200994
85200.0	6000.0	2001.7407135298808	0.0	0	273.8245917204913	2201.7407135299727	1	0	1	2.775558202200994
86200.0	6000.0	2001.7407135298736	0.0	0	56.580454432201805	2201.740713529958	1	0	1	2.775558202200995
87200.0	6000.0	2001.740713529889	0.0	0	193.56602573391865	2201.740713529958	1	0	1	2.775558202200995
88200.0	6000.0	2001.74071352988	0.0	0	144.43375301201013	2201.740713529958	1	0	1	2.775558202200995
89200.0	6000.0	2001.7407135298672	0.0	0	272.8749232143018	2201.7407135299436	1	0	1	2.7755582022009966
90200.0	6000.0	2001.7407135298727	0.0	0	207.3454940282536	2201.7407135299436	1	0	1	2.7755582022009966
91200.0	6000.0	2001.7407135298854	0.0	0	426.50235929869814	2201.740713529958	1	0	1	2.7755582022009957
92200.0	6000.0	2001.7407135298881	0.0	0	497.1603480904887	2201.740713529958	1	0	1	2.775558202200995
93200.0	6000.0	2001.7407135298845	0.0	0	144.83926057103963	2201.7407135299727	1	0	1	2.775558202200994
94200.0	6000.0	2001.7407135298854	0.0	0	418.5554335725901	2201.7407135299727	1	0	1	2.775558202200994
95200.0	6000.0	2001.7407135298954	0.0	0	439.42474075980135	2201.7407135299727	1	0	1	2.775558202200994
96200.0	6000.0	2001.7407135299127	0.0	0	389.8551214593608	2201.7407135299873	1	0	1	2.775558202200992
97200.0	6000.0	2001.7407135299172	0.0	0	269.94975869006885	2201.7407135299873	1	0	1	2.775558202200992
98200.0	6000.0	2001.7407135299	0.0	0	446.9495332929364	2201.740713530002	1	0	1	2.7755582022009904
99200.0	6000.0	2001.7407135299009	0.0	0	491.68882815132383	2201.740713530002	1	0	1	2.7755582022009904
100200.0	6000.0	2001.7407135299054	0.0	0	188.3858714461967	2201.740713530002	1	0	1	2.7755582022009904
101200.0	6000.0	2001.7407135299118	0.0	0	322.9470182860241	2201.740713530002	1	0	1	2.7755582022009904
102200.0	6000.0	2001.7407135299036	0.0	0	64.40081961199758	2201.7407135299873	1	0	1	2.775558202200992
103499.26801370493	6000.0	1702.4726998249773	0.0	0	0.0	2201.7407135299873	1	0	1	2.775558202200992
104276.1326329197	6000.0	1925.6080806102004	0.0	0	0.0	2201.7407135299873	1	0	1	2.775558202200992
105200.0	6000.0	2001.7407135299095	0.0	0	291.45505149850214	2201.7407135299873	1	0	1	2.775558202200992
106200.0	6000.0	2001.7407135299227	0.0	0	174.16658075268788	2201.7407135299873	1	0	1	2.775558202200992
107200.0	6000.0	2001.7407135299218	0.0	0	438.14806478467654	2201.7407135299873	1	0	1	2.775558202200992
108200.0	6000.0	2001.74071352993	0.0	0	22.59652000362985	2201.7407135299873	1	0	1	2.775558202200992
109200.0	6000.0	2001.74071352994	0.0	0	414.172580764789	2201.7407135299873	1	0	1	2.775558202200992
110455.97247873164	6000.0	1745.7682347983084	0.0	0	0.0	2201.7407135299873	1	0	1	2.775558202200992
111225.54040350833	6000.0	1976.20031002162	0.0	0	0.0	2201.7407135299873	1	0	1	2.775558202200992
112200.0	6000.0	2001.740713529969	0.0	0	469.76794196863193	2201.740713530002	1	0	1	2.7755582022009904
113200.0	6000.0	2001.7407135299682	0.0	0	448.8240169661294	2201.7407135300164	1	0	1	2.7755582022009895
114200.0	6000.0	2001.74071352999	0.0	0	413.8228222080943	2201.7407135300164	1	0	1	2.7755582022009895
115200.0	6000.0	2001.7407135299927	0.0	0	267.8513739161717	2201.7407135300164	1	0	1	2.7755582022009895
116200.0	6000.0	2001.740713529985	0.0	0	526.5079962222808	2201.7407135300164	1	0	1	2.7755582022009895
117200.0	6000.0	2001.7407135299864	0.0	0	314.32808882853715	2201.7407135300164	1	0	1	2.7755582022009895
118200.0	6000.0	2001.7407135299823	0.0	0	215.78607907160767	2201.7407135300164	1	0	1	2.7755582022009895
119223.20839622886	6000.0	1978.5323173011177	0.0	0	0.0	2201.7407135300164	1	0	1	2.7755582022009895
120200.0	6000.0	2001.740713529974	0.0	0	211.97004331431526	2201.7407135300164	1	0	1	2.7755582022009895
121200.0	6000.0	2001.7407135299818	0.0	0	116.7092917728296	2201.7407135300164	1	0	1	2.7755582022009895
122200.0	6000.0	2001.7407135299873	0.0	0	383.09291624186153	2201.7407135300164	1	0	1	2.7755582022009895
123200.0	6000.0	2001.7407135299795	0.0	0	255.64160922610608	2201.7407135300164	1	0	1	2.7755582022009895
124200.0	6000.0	2001.7407135299622	0.0	0	365.1445808923745	2201.7407135300164	1	0	1	2.7755582022009895
125200.0	6000.0	2001.7407135299577	0.0	0	196.9515441051044	2201.7407135300164	1	0	1	2.7755582022009895
126316.39539408503	6000.0	1885.3453194449135	0.0	0	0.0	2201.740713530031	1	0	1	2.7755582022009877
127200.0	6000.0	2001.7407135299497	0.0	0	32.76627936003206	2201.740713530031	1	0	1	2.7755582022009877
128200.0	6000.0	2001.7407135299416	0.0	0	231.24442631083366	2201.740713530031	1	0	1	2.7755582022009877
129411.51882754928	6000.0	1790.2218859806478	0.0	0	0.0	2201.740713530031	1	0	1	2.7755582022009877
130545.72476205784	6000.0	1656.0159514720901	0.0	0	0.0	2201.7407135300164	1	0	1	2.7755582022009895
131200.0	6000.0	2001.740713529948	0.0	0	27.239849750796566	2201.7407135300164	1	0	1	2.7755582022009895
132200.0	6000.0	2001.7407135299482	0.0	0	398.2358515772212	2201.740713530002	1	0	1	2.7755582022009895
133200.0	6000.0	2001.740713529967	0.0	0	15.127002040564548	2201.7407135300455	1	0	1	2.7755582022009886
134200.0	6000.0	2001.7407135299864	0.0	0	283.88106043671723	2201.7407135300455	1	0	1	2.775558202200986
135200.0	6000.0	2001.7407135300346	0.0	0	251.93172902517836	2201.7407135300746	1	0	1	2.7755582022009833
136200.0	6000.0	2001.740713530014	0.0	0	174.17704086683807	2201.7407135300746	1	0	1	2.7755582022009833
137200.0	6000.0	2001.740713530001	0.0	0	155.0893901483505	2201.7407135300746	1	0	1	2.7755582022009833
138202.8608229581	6000.0	1998.879890571888	0.0	0	0.0	2201.7407135300455	1	0	1	2.775558202200986
139200.0	6000.0	2001.7407135299463	0.0	0	375.3905470833415	2201.7407135300455	1	0	1	2.775558202200986
140200.0	6000.0	2001.7407135299559	0.0	0	290.71898498630617	2201.7407135300746	1	0	1	2.7755582022009833
141200.0	6000.0	2001.7407135299327	0.0	0	478.7399620243523	2201.7407135300455	1	0	1	2.775558202200986
142200.0	6000.0	2001.7407135299277	0.0	0	273.1549867015565	2201.7407135300455	1	0	1	2.775558202200986
143200.0	6000.0	2001.7407135299284	0.0	0	11.703237438836368	2201.7407135300455	1	0	1	2.775558202200986
144200.0	6000.0	2001.7407135299331	0.0	0	243.22891849960433	2201.7407135300455	1	0	1	2.775558202200986
145200.0	6000.0	2001.7407135299522	0.0	0	504.9412915564317	2201.7407135300164	1	0	1	2.7755582022009895
146200.0	6000.0	2001.7407135299572	0.0	0	297.597541529336	2201.7407135300164	1	0	1	2.7755582022009895
147200.0	6000.0	2001.7407135299754	0.0	0	165.3745969302836	2201.7407135300164	1	0	1	2.7755582022009895
148200.0	6000.0	2001.740713530015	0.0	0	486.52447720625787	2201.7407135300164	1	0	1	2.7755582022009895
149200.0	6000.0	2001.7407135300373	0.0	0	253.72714427221217	2201.7407135300164	1	0	1	2.7755582022009895
150200.0	6000.0	2001.7407135300396	0.0	0	107.72285154892597	2201.7407135300164	1	0	1	2.7755582022009895
151200.0	6000.0	2001.740713530049	0.0	0	537.2933950367151	2201.7407135300164	1	0	1	2.7755582022009895
152200.0	6000.0	2001.7407135300618	0.0	0	67.17730428327923	2201.7407135300164	1	0	1	2.7755582022009895
153200.0	6000.0	2001.7407135300691	0.0	0	259.6777785019658	2201.7407135300164	1	0	1	2.7755582022009895
154200.0	6000.0	2001.7407135300718	0.0	0	243.92595294641796	2201.7407135300164	1	0	1	2.7755582022009895
155200.0	6000.0	2001.740713530031	0.0	0	361.89698181449785	2201.7407135299873	1	0	1	2.775558202200992
156303.22333297422	6000.0	1898.5173805558418	0.0	0	0.0	2201.7407135299873	1	0	1	2.775558202200992
157341.60574139695	6000.0	1860.1349721331142	0.0	0	0.0	2201.7407135299873	1	0	1	2.775558202200992
158200.0	6000.0	2001.740713530079	0.0	0	30.11312782173627	2201.7407135299873	1	0	1	2.775558202200992
159200.0	6000.0	2001.7407135300728	0.0	0	292.1685424405441	2201.740713529958	1	0	1	2.775558202200993
160200.0	6000.0	2001.7407135300764	0.0	0	445.2765966184961	2201.7407135299	1	0	1	2.7755582022009984
161200.0	6000.0	2001.7407135300873	0.0	0	227.9996853240882	2201.7407135299	1	0	1	2.775558202201001
162200.0	6000.0	2001.740713530046	0.0	0	106.64245554685476	2201.740713529871	1	0	1	2.775558202201002
163200.0	6000.0	2001.7407135300646	0.0	0	433.2086494868272	2201.7407135298417	1	0	1	2.775558202201007
164200.0	6000.0	2001.7407135300468	0.0	0	225.98801995036774	2201.7407135298126	1	0	1	2.7755582022010072
165200.0	6000.0	2001.7407135300355	0.0	0	281.03169613171485	2201.7407135298417	1	0	1	2.775558202201007
166200.0	6000.0	2001.7407135300477	0.0	0	130.25833833462093	2201.7407135298126	1	0	1	2.7755582022010095
167200.0	6000.0	2001.7407135300436	0.0	0	250.75725361183868	2201.7407135298126	1	0	1	2.7755582022010095
168200.0	6000.0	2001.7407135300691	0.0	0	299.1360607796523	2201.7407135298417	1	0	1	2.775558202201009
169200.0	6000.0	2001.7407135300673	0.0	0	53.49332848229096	2201.7407135298417	1	0	1	2.775558202201007
170200.0	6000.0	2001.7407135300891	0.0	0	139.14913873921614	2201.7407135298417	1	0	1	2.7755582022010046
171200.0	6000.0	2001.7407135301078	0.0	0	301.25173201813595	2201.7407135298126	1	0	1	2.7755582022010095
172200.0	6000.0	2001.74071353013	0.0	0	97.5089812950464	2201.7407135298126	1	0	1	2.7755582022010095
173200.0	6000.0	2001.7407135301646	0.0	0	347.84171019509085	2201.7407135298417	1	0	1	2.775558202201007
174200.0	6000.0	2001.7407135301291	0.0	0	449.12127253826475	2201.7407135298417	1	0	1	2.775558202201007
175200.0	6000.0	2001.7407135301419	0.0	0	390.0487073005934	2201.7407135298417	1	0	1	2.7755582022010046
176200.0	6000.0	2001.7407135301232	0.0	0	343.3931946218363	2201.7407135298417	1	0	1	2.775558202201007
177433.97238131874	6000.0	1767.768332211384	0.0	0	0.0	2201.740713529871	1	0	1	2.7755582022010037
178200.0	6000.0	2001.7407135301469	0.0	0	10.760474151553353	2201.7407135299	1	0	1	2.775558202201002
179200.0	6000.0	2001.7407135301441	0.0	0	303.6742854914628	2201.7407135299	1	0	1	2.775558202201001
180200.0	6000.0	2001.7407135301532	0.0	0	242.04452407432836	2201.7407135299	1	0	1	2.775558202201001
181200.0	6000.0	2001.7407135301291	0.0	0	400.7413444936101	2201.7407135299	1	0	1	2.775558202201001
182200.0	6000.0	2001.7407135301196	0.0	0	461.63576160237426	2201.7407135299	1	0	1	2.775558202201001
183200.0	6000.0	2001.7407135301128	0.0	0	210.09076124223066	2201.740713529871	1	0	1	2.775558202201002
184200.0	6000.0	2001.7407135301264	0.0	0	316.41397955207503	2201.7407135299	1	0	1	2.775558202201001
185200.0	6000.0	2001.7407135301	0.0	0	498.8703172467649	2201.7407135299	1	0	1	2.775558202201001
186200.0	6000.0	2001.740713530126	0.0	0	437.9070720441523	2201.740713529929	1	0	1	2.775558202200998
187200.0	6000.0	2001.7407135301555	0.0	0	344.40339977268013	2201.7407135299873	1	0	1	2.7755582022009944
188200.0	6000.0	2001.7407135301783	0.0	0	162.22520081332186	2201.7407135300164	1	0	1	2.7755582022009917
189200.0	6000.0	2001.740713530155	0.0	0	257.19943822498317	2201.7407135300164	1	0	1	2.7755582022009895
190281.83993574508	6000.0	1919.9007777850672	0.0	0	0.0	2201.7407135300455	1	0	1	2.7755582022009877
191200.0	6000.0	2001.7407135301655	0.0	0	173.0445188136655	2201.7407135300746	1	0	1	2.7755582022009833
192200.0	6000.0	2001.7407135301683	0.0	0	325.93143676780164	2201.7407135300746	1	0	1	2.7755582022009833
193200.0	6000.0	2001.74071353018	0.0	0	101.70776501327055	2201.7407135300746	1	0	1	2.7755582022009833
194200.0	6000.0	2001.740713530172	0.0	0	254.02753617824055	2201.7407135300746	1	0	1	2.7755582022009833
195200.0	6000.0	2001.7407135301746	0.0	0	411.6407057240722	2201.7407135300455	1	0	1	2.775558202200984
196200.0	6000.0	2001.7407135301992	0.0	0	382.5461133919307	2201.7407135300455	1	0	1	2.775558202200986
197200.0	6000.0	2001.7407135301846	0.0	0	531.9541043281788	2201.7407135300455	1	0	1	2.775558202200986
198200.0	6000.0	2001.7407135301855	0.0	0	224.75875172074302	2201.7407135300746	1	0	1	2.7755582022009855
199354.83493679998	6000.0	1846.905776730192	0.0	0	0.0	2201.7407135300164	1	0	1	2.775558202200988
200737.78817660364	6000.0	1463.952536926524	0.0	0	0.0	2201.7407135299873	1	0	1	2.775558202200992
201415.74320304964	6000.0	1785.9975104805324	0.0	0	0.0	2201.7407135299873	1	0	1	2.775558202200992
202567.98301787145	6000.0	1633.7576956587168	0.0	0	0.0	2201.7407135299873	1	0	1	2.775558202200992
203358.6223086313	6000.0	1843.1184048988646	0.0	0	0.0	2201.7407135299873	1	0	1	2.775558202200992
204200.0	6000.0	2001.7407135301837	0.0	0	94.01129256223794	2201.7407135300164	1	0	1	2.7755582022009917
205251.92018336445	6000.0	1949.8205301657322	0.0	0	0.0	2201.7407135300164	1	0	1	2.7755582022009895
206200.0	6000.0	2001.740713530177	0.0	0	229.71262376464438	2201.7407135300164	1	0	1	2.7755582022009895
207200.0	6000.0	2001.7407135301864	0.0	0	310.3996094651229	2201.7407135300455	1	0	1	2.775558202200986
208200.0	6000.0	2001.7407135301773	0.0	0	237.48849967462593	2201.7407135300164	1	0	1	2.7755582022009895
209200.0	6000.0	2001.7407135301564	0.0	0	148.91770661366172	2201.7407135300164	1	0	1	2.7755582022009895
210324.3938953548	6000.0	1877.3468181753642	0.0	0	0.0	2201.7407135300164	1	0	1	2.7755582022009895
211200.0	6000.0	2001.740713530139	0.0	0	38.993254825269105	2201.7407135299873	1	0	1	2.775558202200992
212200.0	6000.0	2001.7407135301355	0.0	0	429.09208019127254	2201.7407135299873	1	0	1	2.775558202200992
213200.0	6000.0	2001.7407135301528	0.0	0	165.5598403851036	2201.7407135299873	1	0	1	2.775558202200992
214200.0	6000.0	2001.7407135301687	0.0	0	244.45119696689653	2201.7407135299873	1	0	1	2.775558202200992
215200.0	6000.0	2001.740713530156	0.0	0	435.62916594094713	2201.7407135300164	1	0	1	2.7755582022009895
216201.02580437303	6000.0	2000.7149091571298	0.0	0	0.0	2201.7407135300164	1	0	1	2.7755582022009895
217200.0	6000.0	2001.7407135301705	0.0	0	389.5491069253476	2201.7407135300164	1	0	1	2.7755582022009895
218200.0	6000.0	2001.7407135301683	0.0	0	214.2738410482707	2201.7407135300164	1	0	1	2.7755582022009895
219200.0	6000.0	2001.7407135301535	0.0	0	2.216512859391514	2201.7407135300455	1	0	1	2.775558202200986
220200.0	6000.0	2001.7407135301355	0.0	0	200.88930891509517	2201.7407135300455	1	0	1	2.7755582022009886
221200.0	6000.0	2001.7407135301441	0.0	0	229.77410215197597	2201.7407135300455	1	0	1	2.775558202200986
222403.66543321594	6000.0	1798.0752803141831	0.0	0	0.0	2201.7407135300455	1	0	1	2.775558202200986
223200.0	6000.0	2001.7407135301664	0.0	0	127.47808844625251	2201.7407135300746	1	0	1	2.7755582022009855
224200.0	6000.0	2001.7407135301646	0.0	0	516.1875157966278	2201.7407135300746	1	0	1	2.7755582022009833
225200.0	6000.0	2001.7407135301946	0.0	0	33.5921677040169	2201.7407135300746	1	0	1	2.7755582022009833
226200.0	6000.0	2001.7407135302228	0.0	0	320.67385045634	2201.7407135301037	1	0	1	2.7755582022009806
227200.0	6000.0	2001.7407135301883	0.0	0	309.7004952902207	2201.7407135301037	1	0	1	2.7755582022009806
228653.89752791307	6000.0	1547.8431856171328	0.0	0	0.0	2201.740713530133	1	0	1	2.775558202200978
229495.49705316313	6000.0	1706.2436603670571	0.0	0	0.0	2201.740713530133	1	0	1	2.775558202200978
230419.46616390292	6000.0	1782.2745496272546	0.0	0	0.0	2201.740713530133	1	0	1	2.775558202200978
231200.0	6000.0	2001.740713530167	0.0	0	3.6224925403657835	2201.7407135301037	1	0	1	2.775558202200979
232200.0	6000.0	2001.74071353017	0.0	0	223.74421431834344	2201.7407135301037	1	0	1	2.7755582022009806
233200.0	6000.0	2001.740713530204	0.0	0	7.052619815716753	2201.740713530133	1	0	1	2.775558202200978
234200.0	6000.0	2001.7407135302165	0.0	0	146.68286666431231	2201.7407135301037	1	0	1	2.7755582022009806
235221.28011435276	6000.0	1980.460599177442	0.0	0	0.0	2201.7407135300746	1	0	1	2.7755582022009833
236200.0	6000.0	2001.740713530216	0.0	0	327.9340437676874	2201.7407135300746	1	0	1	2.7755582022009833
237288.3316959078	6000.0	1913.4090176224076	0.0	0	0.0	2201.7407135300746	1	0	1	2.7755582022009833
238200.0	6000.0	2001.74071353023	0.0	0	32.89236824517138	2201.7407135300746	1	0	1	2.7755582022009833
239200.0	6000.0	2001.740713530231	0.0	0	380.6516169234528	2201.7407135301037	1	0	1	2.7755582022009806
240200.0	6000.0	2001.740713530271	0.0	0	316.9079979866219	2201.7407135301037	1	0	1	2.7755582022009806
241200.0	6000.0	2001.740713530282	0.0	0	417.0915481351549	2201.740713530133	1	0	1	2.775558202200978
242200.0	6000.0	2001.7407135302824	0.0	0	352.7550777280994	2201.740713530133	1	0	1	2.775558202200978
243200.0	6000.0	2001.7407135302633	0.0	0	457.9712236295163	2201.7407135301037	1	0	1	2.7755582022009806
244200.0	6000.0	2001.7407135302474	0.0	0	622.8750282590045	2201.7407135301037	1	0	1	2.7755582022009806
245200.0	6000.0	2001.7407135302738	0.0	0	272.6291999446403	2201.740713530133	1	0	1	2.77555820220098
246200.0	6000.0	2001.7407135302583	0.0	0	476.596517843951	2201.7407135301037	1	0	1	2.7755582022009784
247200.0	6000.0	2001.74071353027	0.0	0	440.1541709463054	2201.7407135301037	1	0	1	2.7755582022009806
248200.0	6000.0	2001.7407135302556	0.0	0	181.52193447126774	2201.7407135301037	1	0	1	2.7755582022009806
249200.0	6000.0	2001.7407135302574	0.0	0	292.3305247423996	2201.740713530133	1	0	1	2.775558202200978
250200.0	6000.0	2001.7407135302528	0.0	0	164.90614429302514	2201.740713530133	1	0	1	2.775558202200978
251211.33837435735	6000.0	1990.4023391729256	0.0	0	29.409597552090418	2201.740713530162	1	0	1	2.775558202200977
252629.89483927842	6000.0	1571.845874251839	0.0	0	0.0	2201.740713530133	1	0	1	2.775558202200978
253453.4472874201	6000.0	1748.293426110174	0.0	0	0.0	2201.740713530133	1	0	1	2.775558202200978
254200.0	6000.0	2001.7407135302974	0.0	0	192.74962904126733	2201.740713530133	1	0	1	2.775558202200978
255200.0	6000.0	2001.7407135302929	0.0	0	215.82430805877084	2201.7407135301037	1	0	1	2.7755582022009806
256200.0	6000.0	2001.7407135302938	0.0	0	423.17307140352204	2201.7407135301037	1	0	1	2.7755582022009806
257200.0	6000.0	2001.7407135302865	0.0	0	123.3611540470738	2201.7407135301037	1	0	1	2.7755582022009806
258200.0	6000.0	2001.7407135302847	0.0	0	402.1577261661878	2201.740713530133	1	0	1	2.775558202200978
259384.92072889704	6000.0	1816.8199846332477	0.0	0	0.0	2201.740713530133	1	0	1	2.775558202200978
260200.0	6000.0	2001.7407135302713	0.0	0	32.39321754281991	2201.740713530133	1	0	1	2.775558202200978
261200.0	6000.0	2001.7407135302974	0.0	0	442.1649970190483	2201.740713530162	1	0	1	2.775558202200977
262200.0	6000.0	2001.7407135303238	0.0	0	386.5841119576362	2201.740713530191	1	0	1	2.775558202200974
263200.0	6000.0	2001.740713530312	0.0	0	408.29017219983507	2201.740713530162	1	0	1	2.775558202200972
264200.0	6000.0	2001.7407135302856	0.0	0	376.7173351114034	2201.740713530133	1	0	1	2.775558202200977
265200.0	6000.0	2001.7407135302283	0.0	0	524.3607003991492	2201.7407135300455	1	0	1	2.7755582022009815
266200.0	6000.0	2001.7407135302237	0.0	0	305.80034412647365	2201.7407135300455	1	0	1	2.775558202200986
267200.0	6000.0	2001.740713530166	0.0	0	238.68761064606952	2201.7407135299873	1	0	1	2.7755582022009873
268200.0	6000.0	2001.7407135300882	0.0	0	161.46120481722755	2201.7407135299873	1	0	1	2.775558202200992
269200.0	6000.0	2001.7407135300405	0.0	0	229.26909736625385	2201.7407135300455	1	0	1	2.775558202200986
270200.0	6000.0	2001.7407135300518	0.0	0	382.8338577467948	2201.7407135301037	1	0	1	2.775558202200985
271200.0	6000.0	2001.7407135300455	0.0	0	433.1833202474518	2201.740713530162	1	0	1	2.7755582022009744
272200.0	6000.0	2001.7407135300546	0.0	0	250.88006091618445	2201.740713530162	1	0	1	2.7755582022009744
273200.0	6000.0	2001.7407135300537	0.0	0	409.1471374469111	2201.7407135301037	1	0	1	2.7755582022009757
274200.0	6000.0	2001.740713530011	0.0	0	409.79039326222846	2201.7407135301037	1	0	1	2.7755582022009806
275208.5688949214	6000.0	1993.1718186086314	0.0	0	0.0	2201.740713530162	1	0	1	2.7755582022009744
276200.0	6000.0	2001.7407135300355	0.0	0	107.74823570676381	2201.7407135301037	1	0	1	2.7755582022009757
277200.0	6000.0	2001.7407135300064	0.0	0	373.2830272067804	2201.7407135301037	1	0	1	2.7755582022009806
278863.1680439775	6000.0	1338.572669552445	0.0	0	0.0	2201.7407135301037	1	0	1	2.7755582022009806
279578.6446895876	6000.0	1623.096023942476	0.0	0	0.0	2201.7407135301037	1	0	1	2.7755582022009806
280496.74633394106	6000.0	1704.9943795889435	0.0	0	0.0	2201.740713530162	1	0	1	2.7755582022009744
281200.0	6000.0	2001.740713529971	0.0	0	149.13201021926943	2201.740713530162	1	0	1	2.7755582022009744
282200.0	6000.0	2001.7407135299463	0.0	0	382.5176070469897	2201.740713530162	1	0	1	2.7755582022009744
283200.0	6000.0	2001.7407135299882	0.0	0	316.09964719752315	2201.740713530162	1	0	1	2.7755582022009744
284200.0	6000.0	2001.7407135300182	0.0	0	541.8090990579803	2201.740713530162	1	0	1	2.7755582022009744
285200.0	6000.0	2001.7407135300004	0.0	0	161.71268863702426	2201.74071353022	1	0	1	2.7755582022009735
286260.4798670533	6000.0	1941.260846476725	0.0	0	0.0	2201.740713530162	1	0	1	2.775558202200971
287200.0	6000.0	2001.740713530004	0.0	0	300.03225824137917	2201.74071353022	1	0	1	2.7755582022009735
288200.0	6000.0	2001.7407135300327	0.0	0	294.83307407499524	2201.74071353022	1	0	1	2.775558202200969
289200.0	6000.0	2001.7407135299927	0.0	0	68.18129859556211	2201.74071353022	1	0	1	2.775558202200969
290200.0	6000.0	2001.7407135300218	0.0	0	306.0498615630204	2201.74071353022	1	0	1	2.775558202200969
291200.0	6000.0	2001.7407135300655	0.0	0	372.9818851632299	2201.7407135302783	1	0	1	2.775558202200963
292200.0	6000.0	2001.7407135300755	0.0	0	344.7159387084539	2201.7407135302783	1	0	1	2.775558202200963
293200.0	6000.0	2001.7407135301423	0.0	0	229.35367586731445	2201.7407135302783	1	0	1	2.775558202200963
294200.0	6000.0	2001.7407135301441	0.0	0	276.1371436060872	2201.74071353022	1	0	1	2.775558202200964
295200.0	6000.0	2001.740713530121	0.0	0	508.7377328274888	2201.74071353022	1	0	1	2.775558202200969
296200.0	6000.0	2001.7407135301773	0.0	0	116.10508801916149	2201.74071353022	1	0	1	2.775558202200969
297200.0	6000.0	2001.7407135301473	0.0	0	265.3955491131055	2201.740713530162	1	0	1	2.77555820220097
298200.0	6000.0	2001.7407135301469	0.0	0	209.06175462028477	2201.740713530162	1	0	1	2.7755582022009744
299200.0	6000.0	2001.7407135300969	0.0	0	46.82938147359528	2201.740713530162	1	0	1	2.7755582022009744
300200.0	6000.0	2001.740713530031	0.0	0	311.05395374662476	2201.740713530162	1	0	1	2.7755582022009744
9.05	9.49	6.56	7.34	6.2	9.23	9.45	8.91	8.7	8.92	9.06	8.2	8.75	11.0	11.2	7.16	8.09	7.59	8.33	9.27	10.7	13.7	9.02	6.44	6.38	8.42	8.58	13.6	12.4	9.74	8.1	11.4	15.3	9.74	8.13	9.83	6.27	8.86	9.41	7.72	8.36	8.72	11.7	10.5	8.46	5.72	6.08	5.55	7.53	6.15	7.34	4.66	8.94	9.61	8.78	9.06	6.23	7.08	11.6	7.22	9.02	8.93	6.42	9.38	10.6	8.05	7.39	7.24	6.27	7.48	10.1	7.19	6.75	7.33	5.65	5.33	9.11	7.63	9.09	8.0	7.73	5.5	10.7	6.82	8.0	7.95	8.09	11.0	7.74	14.4	13.3	9.86	10.0	11.2	9.7	9.05	9.57	7.84	3.61	6.17	8.68	8.86	8.91	7.03	12.4	4.76	6.34	10.1	10.5	9.01	10.1	16.0	10.3	10.1	7.21	9.81	7.98	8.26	7.1	7.98	9.21	6.86	8.82	10.7	4.78	4.33	7.37	8.51	7.48	9.5	11.3	8.99	6.9	7.61	7.63	7.78	10.1	11.5	7.67	10.4	10.6	10.4	8.39	9.56	7.96	7.41	12.0	7.37	7.91	6.05	9.05	9.49	6.56	7.34	6.2	9.23	9.45	8.91	8.7	8.92	9.06	8.2	8.75	11.0	11.2	7.16	8.09	7.59	8.33	9.27	10.7	13.7	9.02	6.44	6.38	8.42	8.58	13.6	12.4	9.74	8.1	11.4	15.3	9.74	8.13	9.83	6.27	8.86	9.41	7.72	8.36	8.72	11.7	10.5	8.46	5.72	6.08	5.55	7.53	6.15	7.34	4.66	8.94	9.61	8.78	9.06	6.23	7.08	11.6	7.22	9.02	8.93	6.42	9.38	10.6	8.05	7.39	7.24	6.27	7.48	10.1	7.19	6.75	7.33	5.65	5.33	9.11	7.63	9.09	8.0	7.73	5.5	10.7	6.82	8.0	7.95	8.09	11.0	7.74	14.4	13.3	9.86	10.0	11.2	9.7	9.05	9.57	7.84	3.61	6.17	8.68	8.86	8.91	7.03	12.4	4.76	6.34	10.1	10.5	9.01	10.1	16.0	10.3	10.1	7.21	9.81	7.98	8.26	7.1	7.98	9.21	6.86	8.82	10.7	4.78	4.33	7.37	8.51	7.48	9.5	11.3	8.99	6.9	7.61	7.63	7.78	10.1	11.5	7.67	10.4	10.6	10.4	8.39	9.56	7.96	7.41	12.0	7.37	7.91	6.05	9.05
1.0	2.0	3.0	4.0	5.0	6.0	7.0	8.0	9.0	10.0	11.0	12.0	13.0	14.0	15.0	16.0	17.0	18.0	19.0	20.0	21.0	22.0	23.0	24.0	25.0	26.0	27.0	28.0	29.0	30.0	31.0	32.0	33.0	34.0	35.0	36.0	37.0	38.0	39.0	40.0	41.0	42.0	43.0	44.0	45.0	46.0	47.0	48.0	49.0	50.0	51.0	52.0	53.0	54.0	55.0	56.0	57.0	58.0	59.0	60.0	61.0	62.0	63.0	64.0	65.0	66.0	67.0	68.0	69.0	70.0	71.0	72.0	73.0	74.0	75.0	76.0	77.0	78.0	79.0	80.0	81.0	82.0	83.0	84.0	85.0	86.0	87.0	88.0	89.0	90.0	91.0	92.0	93.0	94.0	95.0	96.0	97.0	98.0	99.0	100.0	101.0	102.0	103.0	104.0	105.0	106.0	107.0	108.0	109.0	110.0	111.0	112.0	113.0	114.0	115.0	116.0	117.0	118.0	119.0	120.0	121.0	122.0	123.0	124.0	125.0	126.0	127.0	128.0	129.0	130.0	131.0	132.0	133.0	134.0	135.0	136.0	137.0	138.0	139.0	140.0	141.0	142.0	143.0	144.0	145.0	146.0	147.0	148.0	149.0	149.0	150.0	151.0	152.0	153.0	154.0	155.0	156.0	157.0	158.0	159.0	160.0	161.0	162.0	163.0	164.0	165.0	166.0	167.0	168.0	169.0	170.0	171.0	172.0	173.0	174.0	175.0	176.0	177.0	178.0	179.0	180.0	181.0	182.0	183.0	184.0	185.0	186.0	187.0	188.0	189.0	190.0	191.0	192.0	193.0	194.0	195.0	196.0	197.0	198.0	199.0	200.0	201.0	202.0	203.0	204.0	205.0	206.0	207.0	208.0	209.0	210.0	211.0	212.0	213.0	214.0	215.0	216.0	217.0	218.0	219.0	220.0	221.0	222.0	223.0	224.0	225.0	226.0	227.0	228.0	229.0	230.0	231.0	232.0	233.0	234.0	235.0	236.0	237.0	238.0	239.0	240.0	241.0	242.0	243.0	244.0	245.0	246.0	247.0	248.0	249.0	250.0	251.0	252.0	253.0	254.0	255.0	256.0	257.0	258.0	259.0	260.0	261.0	262.0	263.0	264.0	265.0	266.0	267.0	268.0	269.0	270.0	271.0	272.0	273.0	274.0	275.0	276.0	277.0	278.0	279.0	280.0	281.0	282.0	283.0	284.0	285.0	286.0	287.0	288.0	289.0	290.0	291.0	292.0	293.0	294.0	295.0	296.0	297.0	298.0	298.0	299.0
4028.5172736890236
