3890.7098887961733	300.0	2000.0	262.2669337828655	0	0.0	3890.7098887961733	1	0	2	-2.3562968617423965
4459.048551847064	1000.0	2431.6613369491088	0.0	0	0.0	3890.709888796173	1	0	1	-0.5890709888796174
5373.0078327167175	2000.0	2426.30612799249	0.0	0	0.0	3799.313960709208	1	0	2	0.4218388764855281
6938.8221087733145	2000.0	1703.910424330232	0.0	0	0.0	3642.732533103547	1	0	2	1.3289644574746322
8471.756733556129	2000.0	1017.682337069137	0.0	0	0.0	3489.439070625267	1	0	2	1.3441874016390158
9326.595487015602	1000.0	1077.3597082637182	0.0	0	0.0	3403.955195279321	1	0	2	-0.031866755810576186
10073.317086387073	1000.0	1255.9659489550988	0.0	0	0.0	3329.283035342173	1	0	2	0.6691749221392346
10697.178149955014	1000.0	1569.7187790303599	0.0	0	0.0	3266.896928985376	1	0	2	0.6759793956081432
11420.920559107131	2000.0	1773.6021289630314	0.0	0	0.0	3194.522688070165	1	0	2	0.6827967004335709
12339.144590555868	2000.0	1763.5556943694219	0.0	0	0.0	3102.7002849252913	1	0	2	1.3844145873405238
13115.214300920346	2000.0	1909.8790129684965	0.0	0	0.0	3025.093313888843	1	0	2	1.392731511212069
13805.935855720007	2000.0	2150.085302688868	0.0	0	0.0	2956.0211584088775	1	0	2	1.399476028354094
14949.953797864899	2000.0	1891.6655663294864	0.0	0	0.0	2841.6193641943883	1	0	2	1.4102018192719679
16398.9377285352	2000.0	1297.7832425921558	0.0	0	0.0	2696.720971127359	1	0	2	1.4232444092735839
17746.206265357767	2000.0	815.7878520873294	0.0	0	0.0	2561.9941174451014	1	0	2	1.4372654610970534
18326.873667802352	1000.0	1235.120449642749	0.0	0	0.0	2561.9941174451087	1	0	1	0.05462621202148027
19406.71610736762	2000.0	1155.278010077478	0.0	0	0.0	2561.9941174451087	1	0	1	0.9477733925814251
20313.65225263564	2000.0	1248.3418648094632	0.0	0	0.0	2561.9941174451087	1	0	1	1.6409205731413703
21749.431452343117	2000.0	812.5626651019818	0.0	0	0.0	2561.9941174451087	1	0	1	1.6409205731413703
22624.13160883218	1000.0	937.8625086129189	0.0	0	0.0	2561.9941174451087	1	0	1	0.25462621202148006
23236.54893671577	1000.0	1325.4451807293278	0.0	0	0.0	2561.9941174451087	1	0	1	0.9477733925814252
23980.35074761853	1000.0	1581.6433698265755	0.0	0	0.0	2561.9941174451124	1	0	1	0.9477733925814249
25594.112087602512	2000.0	967.8820298425917	0.0	0	0.0	2561.9941174451124	1	0	1	0.9477733925814249
26377.806923668104	2000.0	1105.8177101704405	0.0	0	0.0	2483.62463383855	1	0	2	1.2468992874748484
27092.23999446253	2000.0	1319.941332296576	0.0	0	0.0	2412.1813267591097	1	0	2	1.4541128030056072
27701.63640611882	2000.0	1649.6052794746508	0.0	0	0.0	2351.2416855934753	1	0	2	1.4601242478266379
28569.09508213963	2000.0	1695.4007358517626	0.0	0	0.0	2264.4958179913956	1	0	2	1.4683500941035472
29734.149130976715	2000.0	1413.8412821309641	0.0	0	0.0	2147.9904131076837	1	0	2	1.4794927527104975
30806.70307053147	2000.0	1234.0319486207422	0.0	0	0.0	2040.7350191522164	1	0	2	1.49060400388999
31634.807508268354	2000.0	1323.1170671101715	0.0	0	0.0	1957.924575378529	1	0	2	1.4991892975610939
32875.31202132296	2000.0	958.562102750099	0.0	0	0.0	1833.874124073067	1	0	2	1.5108658957139656
33685.277214940674	2000.0	1148.5969091323936	0.0	0	0.0	1833.8741240730742	1	0	1	1.5137325724785744
34283.51779022207	2000.0	1610.1803913791366	0.0	0	0.0	1893.6981816012085	1	0	0	1.3093111268029576
35200.0	2000.0	1785.346402578988	0.0	0	34.49641104218608	1985.3464025789872	1	0	0	1.501299006480001
36381.89746907274	2000.0	1721.638680413524	0.0	0	0.0	2103.5361494862664	1	0	0	1.489604924417603
37284.17325068467	2000.0	1909.5904769627887	0.0	0	0.0	2193.763727647456	1	0	0	1.479998314950966
38200.0	2000.0	2085.3464025789904	0.0	0	364.5405711705316	2285.346402578987	1	0	0	1.4721652628760928
39702.777823462144	3000.0	1432.2907967706444	0.0	0	0.0	2135.068620232778	1	0	2	1.0792764377662918
41289.61786615504	3000.0	845.4507540777545	0.0	0	0.0	2135.068620232778	1	0	1	1.8890782309707683
42689.31786665403	2000.0	445.75075357876483	0.0	0	0.0	2135.068620232778	1	0	1	1.278148014754439
43439.53889834925	1000.0	695.5297218835457	0.0	0	0.0	2135.068620232778	1	0	1	0.2973187617427132
43874.28578285393	1000.0	1260.7828373788723	0.0	0	0.0	2135.068620232778	1	0	1	0.9904659423026584
44765.636847286354	2000.0	1369.4317729464385	0.0	0	0.0	2135.068620232778	1	0	1	0.9904659423026585
45570.57239213297	2000.0	1564.4962280998166	0.0	0	0.0	2135.068620232778	1	0	1	1.6836131228626037
46587.68712666287	2000.0	1445.6700201169276	0.0	0	0.0	2033.3571467797956	1	0	2	1.2910728260792823
48255.568210854275	2000.0	611.0008275063933	0.0	0	0.0	1866.5690383606634	1	0	2	1.505601392309774
48932.6750200255	1000.0	933.894018335175	0.0	0	0.0	1866.5690383606634	1	0	1	0.12416871992992462
49982.154493049755	2000.0	884.4145453109236	0.0	0	0.0	1866.5690383606634	1	0	1	1.0173159004898698
51169.47785114994	2000.0	697.0911872107366	0.0	0	0.0	1866.5690383606634	1	0	1	1.7104630810498151
52001.05411194009	2000.0	865.5149264205907	0.0	0	0.0	1866.5690383606634	1	0	1	1.7104630810498151
52593.08582375374	2000.0	1273.483214606943	0.0	0	0.0	1866.5690383606634	1	0	1	1.7104630810498151
54030.92396081628	2000.0	835.6450775443982	0.0	0	0.0	1866.5690383606634	1	0	1	1.7104630810498151
54736.067058221306	1000.0	1130.5019801393707	0.0	0	0.0	1866.5690383606561	1	0	1	0.32416871992992535
55745.198921948795	1000.0	1121.3701164118816	0.0	0	0.0	1866.5690383606561	1	0	1	1.0173159004898706
56870.066306415734	1000.0	996.502731944939	0.0	0	0.0	1866.5690383606488	1	0	1	1.0173159004898713
57563.038333648525	1000.0	1303.53070471215	0.0	0	0.0	1866.5690383606488	1	0	1	1.0173159004898713
58503.7586991804	1000.0	1362.8103391802742	0.0	0	0.0	1866.5690383606488	1	0	1	1.0173159004898713
59514.83332682295	1000.0	1351.7357115377276	0.0	0	0.0	1866.5690383606561	1	0	1	1.0173159004898706
60421.8082558661	1000.0	1444.7607824945737	0.0	0	0.0	1866.5690383606561	1	0	1	1.0173159004898706
61200.0	1000.0	1666.5690383606727	0.0	0	276.2304162418368	1866.5690383606561	1	0	1	1.0173159004898706
62460.261415023684	2000.0	1406.3076233369818	0.0	0	0.0	1866.5690383606488	1	0	1	1.0173159004898713
63619.804071661354	2000.0	1246.7649666993066	0.0	0	0.0	1866.5690383606488	1	0	1	1.7104630810498165
64744.65797837143	2000.0	1121.9110599892244	0.0	0	0.0	1866.5690383606488	1	0	1	1.7104630810498165
65502.10451854775	1000.0	1364.464519812907	0.0	0	0.0	1866.5690383606488	1	0	1	0.32416871992992613
67254.1508879225	2000.0	612.4181504381636	0.0	0	0.0	1866.5690383606488	1	0	1	1.0173159004898715
67693.45211799316	1000.0	1173.116920367508	0.0	0	0.0	1866.5690383606416	1	0	1	0.3241687199299269
68851.50061550434	2000.0	1015.0684228563282	0.0	0	0.0	1866.5690383606416	1	0	1	1.017315900489872
69829.58405907582	2000.0	1036.9849792848395	0.0	0	0.0	1866.5690383606416	1	0	1	1.7104630810498174
70612.7304501677	1000.0	1253.838588192957	0.0	0	0.0	1866.5690383606416	1	0	1	0.3241687199299269
71832.72448174874	2000.0	1033.8445566119008	0.0	0	0.0	1866.569038360627	1	0	1	1.0173159004898735
73062.09500501872	2000.0	804.474033341897	0.0	0	0.0	1866.5690383606125	1	0	1	1.71046308104982
73973.61714496117	2000.0	892.9518933994409	0.0	0	0.0	1866.5690383606125	1	0	1	1.71046308104982
74953.8510965214	2000.0	912.7179418392258	0.0	0	0.0	1866.5690383606125	1	0	1	1.71046308104982
75735.02808584308	2000.0	1131.5409525175328	0.0	0	0.0	1866.569038360598	1	0	1	1.7104630810498214
76939.02314737119	2000.0	927.5458909894149	0.0	0	0.0	1866.569038360598	1	0	1	1.7104630810498214
78444.04048224918	2000.0	422.52855611141445	0.0	0	0.0	1866.569038360598	1	0	1	1.7104630810498214
79415.39863283609	1000.0	506.278121010366	55.107715485850235	0	0.0	1921.6767538464483	1	0	1	-0.011988344533755246
80143.60084589051	1000.0	778.0759079559341	0.0	0	0.0	1921.6767538464483	1	0	1	1.0118051289412913
81115.57291623074	2000.0	806.1038376157097	0.0	0	0.0	1921.6767538464337	1	0	1	1.0118051289412926
81696.29508574985	2000.0	1225.3816680965836	0.0	0	0.0	1921.6767538464337	1	0	1	1.7049523095012378
82473.17837926053	2000.0	1526.1867039369552	0.0	0	0.0	1999.3650831974956	1	0	0	1.299332829052716
84399.30679313724	3000.0	600.0582900602292	0.0	0	0.0	1999.3650831974956	1	0	1	1.497183476566132
84995.8383748016	2000.0	1003.5267083958768	0.0	0	0.0	1999.3650831974956	1	0	1	1.2917183684579672
85989.76528273757	2000.0	1108.9924912535	0.0	0	0.0	2098.757773991092	1	0	0	1.2903536290662145
86957.76692173917	2000.0	1140.990852251895	0.0	0	0.0	2098.757773991092	1	0	1	1.4872442074867722
88051.00382516252	3000.0	1157.0776391708766	0.0	0	0.0	2208.081464333416	1	0	0	1.2794926995891553
88984.2985478356	2000.0	1223.7829164978027	0.0	0	0.0	2208.081464333416	1	0	1	1.0708467303443752
90287.82625873634	2000.0	920.2552055970709	0.0	0	0.0	2208.081464333416	1	0	1	1.6763118384525397
91174.20767823406	2000.0	1033.873786099352	0.0	0	0.0	2208.081464333416	1	0	1	1.6763118384525397
91707.01920530916	2000.0	1501.062259024253	0.0	0	0.0	2208.081464333416	1	0	1	1.6763118384525397
92453.7341848921	3000.0	1754.3472794412992	0.0	0	0.0	2208.0814643334015	1	0	1	1.6763118384525413
93678.65522464429	3000.0	1406.9341357139147	0.0	0	0.0	2085.5893603581935	1	0	2	1.6900578212809487
94978.45701825077	3000.0	1107.132342107423	0.0	0	0.0	2085.5893603581935	1	0	1	1.8940261569582264
96486.19191040637	3000.0	599.3974499518395	0.0	0	0.0	2085.5893603581935	1	0	1	2.094026156958227
97408.28170095336	2000.0	677.3076594048434	0.0	0	0.0	2085.5893603581935	1	0	1	1.2830959407418971
98485.3559372825	2000.0	600.2334230757155	0.0	0	0.0	2085.5893603581935	1	0	1	1.6885610488500618
99719.12628951318	2000.0	455.37455954557106	88.91148870053303	0	0.0	2174.500849058735	1	0	1	1.1462009677768095
100493.62884915847	2000.0	680.8719999002805	0.0	0	0.0	2174.5008490587497	1	0	1	1.6796698999800064
101216.71758569578	2000.0	957.7832633629738	0.0	0	0.0	2174.5008490587497	1	0	1	1.6796698999800064
102198.24179004441	2000.0	976.259059014345	0.0	0	0.0	2174.5008490587497	1	0	1	1.6796698999800064
103751.49566446619	2000.0	423.00518459255056	0.0	0	0.0	2174.500849058735	1	0	1	1.6796698999800077
104704.43421642836	2000.0	605.4804064576036	135.4137738272304	0	0.0	2309.914622885961	1	0	1	0.853645879633903
105531.96587376122	2000.0	777.9487491247442	0.0	0	0.0	2309.914622885961	1	0	1	1.6661285225972853
106341.56297955959	2000.0	968.3516433263823	0.0	0	0.0	2309.914622885961	1	0	1	1.6661285225972853
107235.75043809661	2000.0	1074.164184789337	0.0	0	0.0	2309.914622885961	1	0	1	1.6661285225972853
109145.85164129954	3000.0	355.07310190670637	0.0	0	0.0	2500.9247432062402	1	0	0	1.2525596033863264
110026.84264695604	2000.0	542.5128703583647	68.43077410815985	0	0.0	2569.3555173143977	1	0	1	0.6241346803973178
110507.17264597061	1000.0	1062.1828713437794	0.0	0	0.0	2569.3555173143977	1	0	1	0.2538900720345513
111381.85090488975	2000.0	1187.504612424652	0.0	0	0.0	2569.3555173144123	1	0	1	0.947037252594495
112153.96367899993	2000.0	1415.391838314476	0.0	0	0.0	2569.3555173144123	1	0	1	1.6401844331544402
113083.92784730862	2000.0	1392.4312531749183	0.0	0	0.0	2476.3591004835325	1	0	2	1.247277005924062
114330.7172869121	3000.0	1270.3207575317952	0.0	0	0.0	2601.0380444438924	1	0	0	1.0408756741457539
115423.8511907374	2000.0	1177.1868537065047	0.0	0	0.0	2601.0380444438924	1	0	1	1.0315510723333274
116458.57332820607	2000.0	1142.4647162378296	0.0	0	0.0	2601.0380444438924	1	0	1	1.637016180441492
117677.07114178744	2000.0	923.9669026564713	0.0	0	0.0	2601.0380444439215	1	0	1	1.63701618044149
118758.3300102535	2000.0	842.7080341903957	0.0	0	0.0	2601.038044443936	1	0	1	1.6370161804414876
119249.11870675551	1000.0	1351.919337688388	0.0	0	0.0	2601.038044443936	1	0	1	0.2507218193215973
120517.26359279103	2000.0	1083.7744516528555	0.0	0	0.0	2601.0380444439506	1	0	1	0.943868999881541
121213.61901017245	2000.0	1317.7834925332986	0.0	0	0.0	2531.4025027058233	1	0	2	1.242245422523396
121914.67719662354	2000.0	1546.6194874370983	0.0	0	0.0	2461.2966840607405	1	0	2	1.4493086085203566
122909.60805184414	3000.0	1452.1955466944196	0.0	0	0.0	2361.803598538667	1	0	2	1.4583374403347213
124307.07726288328	3000.0	1194.4732567591916	0.0	0	0.0	2501.55051964258	1	0	0	1.4563482706900168
125285.63596962379	2000.0	1215.9145500186805	0.0	0	0.0	2501.5505196425947	1	0	1	1.0414998248134573
126595.56274559694	2000.0	905.9877740455426	0.0	0	0.0	2501.5505196426093	1	0	1	1.6469649329216205
127505.13369087552	2000.0	996.4168287669623	0.0	0	0.0	2501.5505196426093	1	0	1	1.6469649329216205
128253.25958090105	2000.0	1248.2909387414206	0.0	0	0.0	2501.5505196426093	1	0	1	1.6469649329216205
128732.16695548991	2000.0	1769.3835641525638	0.0	0	0.0	2501.550519642624	1	0	1	1.6469649329216192
129201.56473582964	2000.0	2346.9255618467855	0.0	0	0.0	2548.4902976765734	1	0	0	1.243516132302227
131002.63556165287	3000.0	1365.747653441259	0.0	0	0.0	2368.3832150942762	1	0	2	1.054479772496812
132315.1938028297	2000.0	1053.189412264435	0.0	0	0.0	2368.3832150942617	1	0	1	1.0548165552682893
133415.75471629776	2000.0	842.5724074495822	0.0	0	0.0	2258.327123747469	1	0	2	1.268669086084719
134186.20283708314	2000.0	1072.1242866641887	0.0	0	0.0	2258.32712374744	1	0	1	1.471287272511137
135258.75111998117	2000.0	999.5760037661955	0.0	0	0.0	2258.327123747469	1	0	1	1.6712872725111345
135673.3661804903	1000.0	1584.960943257094	0.0	0	0.0	2258.327123747469	1	0	1	0.2849929113912441
136742.9156115516	2000.0	1622.3664553019246	0.0	0	0.0	2365.2820668536006	1	0	0	0.5704741587980973
137812.45211619863	2000.0	1659.7836011195752	0.0	0	0.0	2472.2357173182827	1	0	0	1.452561369058595
139412.6972196342	3000.0	1219.5630080275878	0.0	0	0.0	2632.260227661842	1	0	0	1.4398594573887316
139765.4320992931	1000.0	1866.8281283686565	0.0	0	0.0	2632.2602276618127	1	0	1	-0.35786550710835496
140527.00200360187	2000.0	2181.4152144907857	0.0	0	0.0	2708.4172180926835	1	0	0	0.5352825686279186
142336.90334535736	3000.0	1371.5138727352776	0.0	0	0.0	2708.4172180926835	1	0	1	1.426278263076613
143788.63195854076	3000.0	1064.9581208702016	0.0	0	0.0	2853.590079410991	1	0	0	1.621678960621996
145035.79699766662	2000.0	817.79308174438	0.0	0	0.0	2853.5900794110203	1	0	1	1.0062958688366148
145468.63798022008	1000.0	1384.9520991909249	0.0	0	0.0	2853.5900794110494	1	0	1	0.22546661582488603
146521.03461451843	2000.0	1332.5554648925718	0.0	0	0.0	2853.5900794110494	1	0	1	0.9186137963848311
147436.7827798741	2000.0	1325.2324830013504	0.0	0	0.0	2762.0152628755022	1	0	2	1.218355422016249
149418.47826876334	2000.0	200.0	49.665958888011964	0	0.0	2618.4782687633415	1	0	2	1.135747391193608
149872.82128005617	1000.0	782.4675002487805	36.81051154159701	0	0.0	2655.2887803049525	1	0	1	-0.17556632351408652
150471.1828692299	1000.0	1184.1059110750361	0.0	0	0.0	2655.2887803049234	1	0	1	0.9384439262954438
151476.70726964928	2000.0	1178.5815106556402	0.0	0	0.0	2655.2887803049234	1	0	1	0.9384439262954438
152862.87276086572	2000.0	792.4160194391717	0.0	0	0.0	2655.2887803048943	1	0	1	1.6315911068553919
153404.18935114113	1000.0	1251.0994291637514	0.0	0	0.0	2655.2887803048943	1	0	1	0.24529674573550167
154306.50183581226	2000.0	1348.7869444926555	0.0	0	0.0	2655.2887803048943	1	0	1	0.9384439262954466
155902.55111737468	2000.0	752.7376629302505	0.0	0	0.0	2655.2887803048943	1	0	1	1.6315911068553919
156605.02274607765	1000.0	1050.2660342273027	0.0	0	0.0	2655.2887803048943	1	0	1	0.24529674573550167
157218.1402829937	1000.0	1437.148497311272	0.0	0	0.0	2655.2887803048943	1	0	1	0.9384439262954468
158765.2363204939	2000.0	890.0524598110762	0.0	0	0.0	2655.2887803048943	1	0	1	0.9384439262954449
159543.72306281366	1000.0	1111.565717491339	0.0	0	0.0	2655.2887803048943	1	0	1	0.24529674573550167
160626.05815092492	2000.0	1029.2306293800941	0.0	0	0.0	2655.2887803048943	1	0	1	0.9384439262954466
161417.9702346459	2000.0	1237.3185456591086	0.0	0	0.0	2655.2887803048943	1	0	1	1.6315911068553919
162004.68190119785	2000.0	1650.606879107164	0.0	0	0.0	2655.2887803048943	1	0	1	1.6315911068553919
163224.6619252052	2000.0	1552.6248575005136	0.0	0	0.0	2777.2867827056034	1	0	0	1.2229538595735503
164004.81421084458	2000.0	1694.4573432972172	0.0	0	0.0	2699.2715541416837	1	0	2	1.0253236080086245
165180.88453519455	2000.0	1400.7799865122554	0.0	0	0.0	2581.664521706669	1	0	2	1.4354911582810121
166512.17854101319	2000.0	936.3565801117529	0.0	0	0.0	2448.5351211247907	1	0	2	1.448902698620139
167722.4545683261	2000.0	605.0529500675596	0.0	0	0.0	2327.5075183935114	1	0	2	1.4617115994810217
168821.08548764247	2000.0	506.42203075118005	0.0	0	0.0	2327.5075183935114	1	0	1	1.4643692330465299
169589.98917895963	1000.0	737.5183394340229	0.0	0	0.0	2327.5075183935114	1	0	1	0.2780748719266398
170700.79326901963	1000.0	626.7142493739902	0.0	0	0.0	2327.5075183934823	1	0	1	0.971222052486588
171507.97224542746	1000.0	819.5352729661815	0.0	0	0.0	2327.507518393453	1	0	1	0.9712220524865909
172440.46815179108	1000.0	887.039366602539	0.0	0	0.0	2327.507518393453	1	0	1	0.9712220524865909
173089.99798781442	1000.0	1237.509530579234	0.0	0	0.0	2327.507518393453	1	0	1	0.9712220524865909
174280.49973026794	2000.0	1047.0077881257248	0.0	0	0.0	2327.507518393453	1	0	1	0.9712220524865908
174746.0238390573	1000.0	1581.4836793363459	0.0	0	0.0	2327.507518393453	1	0	1	0.27807487192664565
175683.25426843538	2000.0	1644.2532499582753	0.0	0	0.0	2327.5075183934823	1	0	1	0.971222052486588
176369.75431386303	2000.0	2026.4032090734108	0.0	0	0.0	2396.1575229362934	1	0	0	1.2592008496189444
177708.18551097132	3000.0	1687.9720119651354	0.0	0	0.0	2396.1575229363225	1	0	1	1.4575042325922491
179049.70758432313	2000.0	1212.2977312781898	0.0	0	0.0	2262.0053156012145	1	0	2	0.8622795748767493
180231.62362491954	2000.0	912.190086622153	0.0	0	0.0	2143.8137115415884	1	0	2	1.4796647737798412
181513.35213448846	2000.0	630.4615770532041	0.0	0	0.0	2143.8137115415884	1	0	1	1.4827386137317222
182447.98614448696	2000.0	695.8275670547406	0.0	0	0.0	2143.8137115415884	1	0	1	1.6827386137317224
183277.0247918844	2000.0	866.7889196573249	0.0	0	0.0	2143.8137115416175	1	0	1	1.6827386137317197
184185.35387032578	2000.0	958.4598412159406	0.0	0	0.0	2143.8137115416175	1	0	1	1.6827386137317197
185318.30075133074	2000.0	825.5129602109994	0.0	0	0.0	2143.8137115415884	1	0	1	1.6827386137317224
186412.22530353634	2000.0	731.5884080053751	0.0	0	0.0	2143.8137115415884	1	0	1	1.6827386137317224
186942.84600706544	2000.0	1200.9677044763098	0.0	0	0.0	2143.8137115415884	1	0	1	1.6827386137317224
187919.12577548058	3000.0	1224.6879360611663	0.0	0	0.0	2143.8137115416175	1	0	1	1.6827386137317202
189564.36272023004	3000.0	579.450991311698	0.0	0	0.0	2143.8137115415884	1	0	1	2.088203721839885
190812.3862367244	2000.0	331.4274748173701	0.0	0	0.0	2143.8137115415884	1	0	1	1.2772735056235578
191707.9894494251	1000.0	614.9196701130163	179.09540799635903	0	0.0	2322.9091195379733	1	0	1	-0.7960377361659603
192166.08064174134	1000.0	1156.8284777967951	0.0	0	0.0	2322.9091195379733	1	0	1	0.9716818923721389
192985.42425164935	2000.0	1337.4848678887918	0.0	0	0.0	2322.9091195379733	1	0	1	0.9716818923721386
194332.8412104562	2000.0	990.0679090819333	0.0	0	0.0	2322.9091195379733	1	0	1	1.6648290729320838
195683.51824778647	2000.0	639.3908717516377	0.0	0	0.0	2322.9091195380024	1	0	1	1.6648290729320812
196204.8540884306	1000.0	1118.055031107534	0.0	0	0.0	2322.9091195380024	1	0	1	0.2785347118121908
197590.837275767	2000.0	732.0718437711428	0.0	0	0.0	2322.909119537944	1	0	1	0.97168189237214
198511.68815341592	2000.0	811.2209661222585	0.0	0	0.0	2322.9091195379733	1	0	1	1.6648290729320863
199513.76360134428	2000.0	809.1455181938793	0.0	0	0.0	2322.9091195379733	1	0	1	1.6648290729320838
200524.29711011748	2000.0	798.6120094206744	0.0	0	0.0	2322.9091195379733	1	0	1	1.6648290729320838
201309.80007786365	2000.0	1013.1090416745044	0.0	0	0.0	2322.9091195379733	1	0	1	1.6648290729320838
202367.05055077624	2000.0	1061.5836160532065	0.0	0	0.0	2428.634166829259	1	0	0	1.2570319043607963
204142.34355843678	2000.0	286.2906083926715	0.0	0	0.0	2428.634166829288	1	0	1	1.4542565682029536
204801.77690861025	1000.0	681.5231104340555	54.66585221485225	0	0.0	2483.300019044138	1	0	1	-0.0654994914275362
205860.0487231162	1000.0	623.2512959281318	0.0	0	0.0	2483.3000190441962	1	0	1	0.9556428024215173
206883.04490109158	1000.0	600.2551179527325	0.0	0	0.0	2483.3000190442253	1	0	1	0.9556428024215137
207905.56734812396	1000.0	577.732670920312	0.0	0	0.0	2483.3000190442253	1	0	1	0.9556428024215137
208627.82582714164	1000.0	855.4741919026606	0.0	0	0.0	2483.3000190442253	1	0	1	0.9556428024215137
209525.41865054512	1000.0	957.8813684992092	0.0	0	0.0	2483.3000190442253	1	0	1	0.9556428024215137
210253.95183264787	1000.0	1229.3481863964503	0.0	0	0.0	2483.3000190441962	1	0	1	0.9556428024215167
211715.46999898273	2000.0	767.8300200615745	0.0	0	0.0	2483.3000190442253	1	0	1	0.9556428024215153
212182.3252663858	1000.0	1300.9747526584986	0.0	0	0.0	2483.3000190442253	1	0	1	0.2624956218615685
213467.37020708295	2000.0	1015.9298119613325	0.0	0	0.0	2483.3000190442253	1	0	1	0.9556428024215136
214817.23104643545	2000.0	666.0689726087949	0.0	0	0.0	2483.3000190442253	1	0	1	1.6487899829814587
215582.23801922784	1000.0	901.0619998164306	0.0	0	0.0	2483.3000190442253	1	0	1	0.2624956218615685
216463.63392636986	1000.0	1019.6660926744092	0.0	0	0.0	2483.3000190442253	1	0	1	0.9556428024215137
217074.72239010417	1000.0	1408.5776289401008	0.0	0	0.0	2483.3000190442253	1	0	1	0.9556428024215137
218277.17573973353	2000.0	1206.1242793107676	0.0	0	0.0	2483.3000190442253	1	0	1	0.9556428024215136
219828.5720743639	2000.0	654.7279446803768	0.0	0	0.0	2483.3000190442253	1	0	1	1.6487899829814587
220538.42016150392	1000.0	944.8798575403538	0.0	0	0.0	2483.3000190441962	1	0	1	0.2624956218615702
221417.5320927001	2000.0	1065.7679263441669	0.0	0	0.0	2483.3000190442253	1	0	1	0.9556428024215136
222421.32875121964	2000.0	1061.9712678246174	0.0	0	0.0	2483.3000190442253	1	0	1	1.6487899829814587
223322.3450773164	2000.0	1160.9549417278636	0.0	0	0.0	2483.3000190442253	1	0	1	1.6487899829814587
223904.3883830571	2000.0	1578.9116359871102	0.0	0	0.0	2483.3000190441962	1	0	1	1.6487899829814618
225535.58335957013	3000.0	947.7166594740901	0.0	0	0.0	2483.3000190442253	1	0	1	1.6487899829814587
226989.64184824383	2000.0	493.65817080037397	0.0	0	0.0	2483.3000190441962	1	0	1	1.2433248748732972
227894.92435140192	1000.0	588.3756676422685	0.0	0	0.0	2483.300019044167	1	0	1	0.2624956218615737
228512.48571896047	1000.0	970.814300083712	0.0	0	0.0	2483.300019044138	1	0	1	0.9556428024215207
229153.72612432175	1000.0	1329.5738947224668	0.0	0	0.0	2483.300019044138	1	0	1	0.9556428024215224
230048.4718924897	2000.0	1434.8281265545397	0.0	0	0.0	2483.300019044138	1	0	1	0.9556428024215224
230713.32126764543	2000.0	1836.4636889144017	0.0	0	0.0	2549.7849565597135	1	0	0	1.2439575477506413
232033.38426213578	3000.0	1516.4006944240298	0.0	0	0.0	2549.7849565596844	1	0	1	1.4421414892299131
233133.6565858984	2000.0	1306.1011382851486	0.0	0	0.0	2439.757724183437	1	0	2	0.8446067142569854
233910.8904355185	2000.0	1451.1439037030368	0.0	0	0.0	2362.034339221427	1	0	2	1.4590805461953882
234483.52847810293	2000.0	1935.7696653770151	0.0	0	0.0	2419.2981434798567	1	0	0	1.0566419328164791
236249.86017518048	3000.0	1169.4379682994938	0.0	0	0.0	2419.2981434798858	1	0	1	1.455190170537893
237540.76214878503	3000.0	1007.6261920553471	0.0	0	0.0	2548.3883408402908	1	0	0	1.6511356310927325
238333.24337214883	2000.0	1215.1449686915273	0.0	0	0.0	2548.3883408402617	1	0	1	1.0368160426936905
239739.24940053362	2000.0	668.538337468279	0.0	0	0.0	2407.787738001818	1	0	2	1.2533050970424853
240609.73145250612	2000.0	798.0562854957323	0.0	0	0.0	2407.787738001789	1	0	1	1.4563412110857021
241175.39654733907	2000.0	1232.3911906627968	0.0	0	0.0	2407.787738001789	1	0	1	1.6563412110857023
242122.74604858508	3000.0	1285.0416894167797	0.0	0	0.0	2407.787738001789	1	0	1	1.6563412110857025
243786.85466677268	3000.0	620.9330712291929	0.0	0	0.0	2407.78773800176	1	0	1	2.061806319193869
244619.8213109423	2000.0	787.9664270595579	0.0	0	0.0	2407.7877380017308	1	0	1	1.2508761029775417
245597.97772378635	2000.0	809.810014215503	0.0	0	0.0	2407.7877380017308	1	0	1	1.656341211085708
246389.42618993224	2000.0	1018.3615480695979	0.0	0	0.0	2407.7877380017308	1	0	1	1.656341211085708
247293.13885116883	2000.0	1114.6488868330148	0.0	0	0.0	2407.7877380017017	1	0	1	1.6563412110857112
248597.90379254878	2000.0	809.8839454530726	0.0	0	0.0	2407.7877380017017	1	0	1	1.6563412110857112
249527.29918765277	2000.0	880.4885503490724	0.0	0	0.0	2407.7877380017017	1	0	1	1.6563412110857112
250363.31930306292	2000.0	1044.4684349389163	0.0	0	0.0	2407.7877380017308	1	0	1	1.656341211085708
251109.95272104492	2000.0	1297.8350169569314	0.0	0	0.0	2407.7877380017308	1	0	1	1.656341211085708
252463.7986627472	2000.0	943.9890752546598	0.0	0	0.0	2407.7877380017308	1	0	1	1.656341211085708
252943.40147196568	1000.0	1464.386266036136	0.0	0	0.0	2407.7877380017308	1	0	1	0.27004684996581785
253616.2723157902	2000.0	1791.5154222116093	0.0	0	0.0	2407.7877380017308	1	0	1	0.9631940305257629
254346.1824597884	2000.0	2134.596292613235	0.0	0	0.0	2480.7787524015584	1	0	0	1.2510115964819026
255830.2144285102	3000.0	1502.1611270192782	0.0	0	0.0	2332.3755555294338	1	0	2	1.0596860316012076
257033.18961788833	3000.0	1178.8884187033436	0.0	0	0.0	2212.0780365916435	1	0	2	1.87808459573373
257836.99245682196	2000.0	1294.70529587637	0.0	0	0.0	2131.6977526983246	1	0	2	1.0765119734692414
258798.5429491852	2000.0	1236.9997542767605	0.0	0	0.0	2035.5427034619788	1	0	2	1.4909424476579218
259582.6488041521	2000.0	1374.4833138132267	0.0	0	0.0	1957.1321179653169	1	0	2	1.499552591365585
260533.08593422212	2000.0	1329.0024707361972	0.0	0	0.0	1862.08840495834	1	0	2	1.508507432251259
261201.71825357518	2000.0	1593.5069194478303	0.0	0	0.0	1795.2251730230055	1	0	2	1.5160503957147573
262200.0	2000.0	1695.0533476654919	0.0	0	228.31107540539233	1895.0533476654964	1	0	0	1.1109821690981438
263781.2683560005	3000.0	1113.7849916649916	0.0	0	0.0	1895.0533476654673	1	0	1	1.5076146501193344
265032.97548265365	2000.0	862.0778650118668	0.0	0	0.0	1895.0533476654673	1	0	1	1.30214954201117
265985.5274627033	2000.0	909.5258849622651	0.0	0	0.0	1895.0533476654673	1	0	1	1.7076146501193346
266708.04482922266	1000.0	1187.008518442905	0.0	0	0.0	1895.0533476655255	1	0	1	0.32132028899943843
267790.85244288784	2000.0	1104.2009047777417	0.0	0	0.0	1895.0533476654673	1	0	1	1.0144674695593894
269234.955441504	2000.0	660.0979061615028	0.0	0	0.0	1895.053347665409	1	0	1	1.7076146501193403
270056.08533771115	2000.0	838.9680099543507	0.0	0	0.0	1895.053347665409	1	0	1	1.7076146501193403
270921.27323336585	2000.0	973.780114299693	0.0	0	0.0	1895.053347665409	1	0	1	1.7076146501193403
272099.64115489257	3000.0	795.4121927730065	0.0	0	0.0	1895.0533476654673	1	0	1	1.7076146501193348
272850.957271019	2000.0	1044.096076646523	0.0	0	0.0	1895.0533476654673	1	0	1	1.3021495420111688
274134.7825123657	2000.0	760.2708352997674	0.0	0	0.0	1895.053347665409	1	0	1	1.7076146501193403
275404.2978060055	2000.0	490.75554165995663	0.0	0	0.0	1895.053347665409	1	0	1	1.7076146501193403
276258.5887936106	2000.0	636.4645540548756	0.0	0	0.0	1895.053347665409	1	0	1	1.7076146501193403
277330.225672733	2000.0	564.8276749324939	0.0	0	0.0	1895.053347665409	1	0	1	1.7076146501193403
277742.595143021	2000.0	1152.458204644482	0.0	0	0.0	1895.0533476654673	1	0	1	1.7076146501193346
278736.70493942086	3000.0	1158.3484082446266	0.0	0	0.0	1895.0533476654673	1	0	1	1.7076146501193348
279594.4733082597	2000.0	1300.5800394058524	0.0	0	0.0	1895.0533476655255	1	0	1	1.3021495420111677
280580.8103171171	2000.0	1314.2430305484315	0.0	0	0.0	1895.0533476655255	1	0	1	1.7076146501193288
281876.6486139925	2000.0	1018.4047336730108	0.0	0	0.0	1895.0533476655255	1	0	1	1.7076146501193288
282677.53221347	2000.0	1217.5211341954748	0.0	0	0.0	1895.0533476655255	1	0	1	1.7076146501193288
283470.85210165865	2000.0	1424.2012460068547	0.0	0	0.0	1895.0533476655255	1	0	1	1.7076146501193288
284555.382528892	2000.0	1339.670818773521	0.0	0	0.0	1895.0533476655255	1	0	1	1.7076146501193288
285200.0	2000.0	1759.5150947762997	0.0	0	14.174708954640664	1959.5150947762886	1	0	0	1.3029108177029725
286200.0	2000.0	1859.5150947762763	0.0	0	15.965064212388825	2059.5150947762304	1	0	0	1.4937676791045968
287200.0	2000.0	1959.515094776301	0.0	0	95.81585449114209	2159.5150947762304	1	0	0	1.484130101810425
288911.4431579508	3000.0	1419.216252620527	0.0	0	0.0	2330.659410571272	1	0	0	1.4668053035177222
290732.59766255884	3000.0	598.0617480124954	0.0	0	0.0	2330.659410571272	1	0	1	1.8695191519369185
291565.78015359025	2000.0	764.8792569810761	0.0	0	0.0	2330.659410571272	1	0	1	1.2585889357205895
292536.19205014897	2000.0	794.4673604223846	0.0	0	0.0	2330.659410571272	1	0	1	1.664054043828754
293535.5296881284	2000.0	795.1297224429684	0.0	0	0.0	2330.659410571272	1	0	1	1.6640540438287577
294643.33513171156	2000.0	687.3242788597254	0.0	0	0.0	2330.659410571272	1	0	1	1.664054043828754
295518.3895356695	2000.0	812.2698749016954	0.0	0	0.0	2330.659410571272	1	0	1	1.664054043828754
296109.0459480808	2000.0	1221.6134624904175	0.0	0	0.0	2330.659410571272	1	0	1	1.664054043828754
297396.6610256303	2000.0	933.998384940885	0.0	0	0.0	2330.659410571272	1	0	1	1.664054043828754
298388.3327438111	1000.0	942.3266667601274	0.0	0	0.0	2330.659410571272	1	0	1	0.27775968270886375
299011.39619342436	1000.0	1319.2632171468426	0.0	0	0.0	2330.659410571272	1	0	1	0.9709068632688089
299769.4019162252	2000.0	1561.2574943459902	0.0	0	0.0	2330.65941057133	1	0	1	0.970906863268803
300715.3528150532	2000.0	1709.901685400798	0.0	0	0.0	2425.254500454117	1	0	0	1.257530838983804
1.62	1.91	1.33	1.62	1.66	1.39	1.55	2.53	2.03	2.68	2.0	2.27	1.51	1.9	1.73	2.48	1.89	1.12	1.31	1.45	1.75	1.37	2.37	3.08	2.13	1.54	1.8	2.05	2.05	2.36	2.64	1.63	1.95	2.46	3.74	2.49	2.25	2.27	1.12	1.71	1.92	1.89	1.74	1.74	1.54	2.11	1.83	2.32	2.92	2.15	1.24	1.26	1.27	1.12	1.27	1.1	1.25	1.84	1.77	1.85	2.03	1.32	1.6	1.48	2.11	2.1	1.15	1.38	2.25	1.89	2.35	2.84	2.19	1.8	1.7	1.23	1.85	2.84	2.61	1.92	1.91	2.93	1.92	2.7	2.29	2.33	1.64	2.62	3.05	3.73	1.58	2.75	2.39	2.26	2.34	1.59	2.61	2.25	2.21	1.3	1.99	3.36	2.7	2.65	2.15	2.02	1.85	2.36	2.46	2.98	1.98	1.47	1.97	1.37	2.12	1.69	2.0	2.77	3.13	2.58	2.04	2.14	1.8	2.43	2.24	4.15	2.26	1.54	1.7	2.06	2.09	1.44	2.61	2.2	2.5	1.12	3.15	1.69	2.8	2.93	1.84	1.88	1.93	2.65	1.47	1.22	1.97	2.79	1.6	1.56	1.62	1.91	1.33	1.62	1.66	1.39	1.55	2.53	2.03	2.68	2.0	2.27	1.51	1.9	1.73	2.48	1.89	1.12	1.31	1.45	1.75	1.37	2.37	3.08	2.13	1.54	1.8	2.05	2.05	2.36	2.64	1.63	1.95	2.46	3.74	2.49	2.25	2.27	1.12	1.71	1.92	1.89	1.74	1.74	1.54	2.11	1.83	2.32	2.92	2.15	1.24	1.26	1.27	1.12	1.27	1.1	1.25	1.84	1.77	1.85	2.03	1.32	1.6	1.48	2.11	2.1	1.15	1.38	2.25	1.89	2.35	2.84	2.19	1.8	1.7	1.23	1.85	2.84	2.61	1.92	1.91	2.93	1.92	2.7	2.29	2.33	1.64	2.62	3.05	3.73	1.58	2.75	2.39	2.26	2.34	1.59	2.61	2.25	2.21	1.3	1.99	3.36	2.7	2.65	2.15	2.02	1.85	2.36	2.46	2.98	1.98	1.47	1.97	1.37	2.12	1.69	2.0	2.77	3.13	2.58	2.04	2.14	1.8	2.43	2.24	4.15	2.26	1.54	1.7	2.06	2.09	1.44	2.61	2.2	2.5	1.12	3.15	1.69	2.8	2.93	1.84	1.88	1.93	2.65	1.47	1.22	1.97	2.79	1.6	1.56	1.62	1.91
1.0	2.0	3.0	4.0	5.0	6.0	7.0	8.0	9.0	10.0	11.0	12.0	13.0	14.0	15.0	16.0	17.0	18.0	19.0	20.0	21.0	22.0	23.0	24.0	25.0	26.0	27.0	28.0	29.0	30.0	31.0	32.0	33.0	34.0	35.0	36.0	37.0	38.0	39.0	40.0	41.0	42.0	43.0	44.0	45.0	46.0	47.0	48.0	49.0	50.0	51.0	52.0	53.0	54.0	55.0	56.0	57.0	58.0	59.0	60.0	61.0	62.0	63.0	64.0	65.0	66.0	67.0	68.0	69.0	70.0	71.0	72.0	73.0	74.0	75.0	76.0	77.0	78.0	79.0	80.0	81.0	82.0	83.0	84.0	85.0	86.0	87.0	88.0	89.0	90.0	91.0	92.0	93.0	94.0	95.0	96.0	97.0	98.0	99.0	100.0	101.0	102.0	103.0	104.0	105.0	106.0	107.0	108.0	109.0	110.0	111.0	112.0	113.0	114.0	115.0	116.0	117.0	118.0	119.0	120.0	121.0	122.0	123.0	124.0	125.0	126.0	127.0	128.0	129.0	130.0	131.0	132.0	133.0	134.0	135.0	136.0	137.0	138.0	139.0	140.0	141.0	142.0	143.0	144.0	145.0	146.0	147.0	148.0	149.0	149.0	150.0	151.0	152.0	153.0	154.0	155.0	156.0	157.0	158.0	159.0	160.0	161.0	162.0	163.0	164.0	165.0	166.0	167.0	168.0	169.0	170.0	171.0	172.0	173.0	174.0	175.0	176.0	177.0	178.0	179.0	180.0	181.0	182.0	183.0	184.0	185.0	186.0	187.0	188.0	189.0	190.0	191.0	192.0	193.0	194.0	195.0	196.0	197.0	198.0	199.0	200.0	201.0	202.0	203.0	204.0	205.0	206.0	207.0	208.0	209.0	210.0	211.0	212.0	213.0	214.0	215.0	216.0	217.0	218.0	219.0	220.0	221.0	222.0	223.0	224.0	225.0	226.0	227.0	228.0	229.0	230.0	231.0	232.0	233.0	234.0	235.0	236.0	237.0	238.0	239.0	240.0	241.0	242.0	243.0	244.0	245.0	246.0	247.0	248.0	249.0	250.0	251.0	252.0	253.0	254.0	255.0	256.0	257.0	258.0	259.0	260.0	261.0	262.0	263.0	264.0	265.0	266.0	267.0	268.0	269.0	270.0	271.0	272.0	273.0	274.0	275.0	276.0	277.0	278.0	279.0	280.0	281.0	282.0	283.0	284.0	285.0	286.0	287.0	288.0	289.0	290.0	291.0	292.0	293.0	294.0	295.0	296.0	297.0	298.0	298.0	299.0	300.0
3407.5388501434804
