5112.984149590741	1000.0	2000.0	153.9609186075719	0	0.0	5112.984149590741	1	0	1	-1.431663389650014
5696.741141290754	3000.0	2357.867309129986	0.0	0	0.0	5054.60845042074	1	0	2	0.2971406395940051
6643.365595697891	3000.0	2316.580409282137	0.0	0	0.0	4959.946004980027	1	0	2	1.6039083794770557
7653.408619712853	3000.0	2205.533082865678	0.0	0	0.0	4858.94170257853	1	0	2	1.6136861699271958
8314.936894280014	3000.0	2477.8519808418	0.0	0	0.0	4792.788875121812	1	0	2	1.6219051188690081
9001.646154025833	3000.0	2722.4717951213956	0.0	0	0.0	4724.117949147227	1	0	2	1.6286246913752764
9597.626399656489	3000.0	3066.893524927677	0.0	0	0.0	4664.519924584164	1	0	2	1.6345636788350302
10073.775863791157	3000.0	3543.1291143795415	0.0	0	0.0	4616.904978170698	1	0	2	1.6395135168447954
11692.792437709682	6000.0	2762.210883069165	0.0	0	0.0	4455.003320778846	1	0	2	1.653455054800745
13014.485136080692	6000.0	2308.348914861054	0.0	0	0.0	4322.834050941743	1	0	2	2.3594258515150957
13882.16286068072	3000.0	2353.9034178010197	0.0	0	0.0	4236.066278481738	1	0	2	0.9836336391302688
14406.001671304219	3000.0	2777.680726115173	0.0	0	0.0	4183.6823974193885	1	0	2	1.6829530714060748
15058.388454113936	3000.0	3060.055265024485	0.0	0	0.0	4118.443719138419	1	0	2	1.689371023269416
15708.926810411498	6000.0	3344.4630730971653	0.0	0	0.0	4053.38988350866	1	0	2	1.6956049274297667
16541.947727261093	6000.0	3428.1400645626154	0.0	0	0.0	3970.087791823704	1	0	2	2.3964854130971225
18503.87930577697	6000.0	2270.015328195153	0.0	0	0.0	3773.894633972115	1	0	2	2.4126947816076942
19570.569684981176	3000.0	2096.655911070523	0.0	0	0.0	3667.2255960516904	1	0	2	1.0401383286231336
20235.507045764545	3000.0	2365.224814208811	0.0	0	0.0	3600.7318599733517	1	0	2	1.7408372330063782
21358.374648186673	3000.0	2130.070451544465	0.0	0	0.0	3488.4450997311324	1	0	2	1.7507383020466054
22582.540332225468	3000.0	1783.4881991017928	0.0	0	0.0	3366.0285313272543	1	0	2	1.7622728204704592
23525.090224791995	3000.0	1746.6833172786116	0.0	0	0.0	3271.7735420706013	1	0	2	1.7732896108496958
24369.259843038144	3000.0	1818.096737207848	0.0	0	0.0	3187.3565802459852	1	0	2	1.7818003991736036
24970.66170852635	3000.0	2156.5546851708177	0.0	0	0.0	3127.216393697159	1	0	2	1.7882792711503441
25486.446377146494	3000.0	2589.1915496886604	0.0	0	0.0	3075.6379268351484	1	0	2	1.7937951536678634
26200.0	3000.0	2804.282564549802	0.0	0	292.6591649021866	3004.2825645498015	1	0	2	1.7990665429933048
27280.43590563088	6000.0	2615.803068355831	0.0	0	0.0	2896.2389739867067	1	0	2	1.810024680982706
28200.0	3000.0	2604.282564549792	0.0	0	111.79750821423659	2804.2825645497905	1	0	2	1.1259537221582767
29200.0	3000.0	2504.282564549794	0.0	0	345.3502292064004	2704.282564549794	1	0	2	1.8284379950392686
30722.31218086262	6000.0	1981.970383687172	0.0	0	0.0	2704.282564549794	1	0	1	1.8321568365390666
31950.294825713765	3000.0	1631.1894743509165	0.0	0	0.0	2581.4843000646833	1	0	2	0.9482397489756053
32958.62847224687	3000.0	1522.0224631645035	0.0	0	0.0	2480.650935411377	1	0	2	1.8518164948235427
33697.46022429367	3000.0	1709.3075359130346	0.0	0	0.0	2406.7677602067015	1	0	2	1.8600798316429228
34714.66009647671	3000.0	1590.3876765116786	0.0	0	0.0	2305.0477729883933	1	0	2	1.869431961212607
35796.09190997606	3000.0	1400.8126816624003	0.0	0	0.0	2196.9045916384566	1	0	2	1.880008295204473
36299.89234953156	3000.0	1846.6321981513481	0.0	0	0.0	2146.5245476829004	1	0	2	1.886639919714317
37200.0	3000.0	1856.513782636074	0.0	0	334.8842627001213	2056.5137826360806	1	0	2	1.8933251272151614
39144.988896081464	6000.0	911.5248865546142	0.0	0	0.0	2056.513782636088	1	0	1	1.896933714730437
39884.76884059394	3000.0	1171.7449420421315	0.0	0	0.0	2056.513782636088	1	0	1	1.4037865341704925
40431.963931490754	3000.0	1679.2693602349977	0.0	0	0.0	2111.2332917257736	1	0	0	1.6928490529633922
41216.314108861356	3000.0	1973.3542006014534	0.0	0	0.0	2189.6683094628315	1	0	0	1.8857763165494261
42200.0	3000.0	2088.0368985766695	0.0	0	309.9867077438539	2288.036898576698	1	0	0	1.8773222283519462
43200.0	3000.0	1988.0368985766668	0.0	0	346.4161312582801	2188.036898576698	1	0	2	1.4800682623611265
44200.0	3000.0	1888.036898576674	0.0	0	378.96202128647565	2088.036898576698	1	0	2	1.8899459493666924
45200.0	3000.0	1788.036898576677	0.0	0	311.0228813613139	1988.0368985767054	1	0	2	1.899996022273222
46200.0	3000.0	1788.036898576679	0.0	0	97.73124202409963	1988.0368985767054	1	0	1	1.9037814031363753
47200.0	3000.0	1788.036898576689	0.0	0	11.69035399366112	1988.0368985767054	1	0	1	2.1037814031363755
48200.0	3000.0	1888.036898576691	0.0	0	292.9606707638959	2088.0368985767054	1	0	0	1.697390499747667
49554.27457162086	6000.0	1533.7623269558321	0.0	0	0.0	2088.0368985767127	1	0	1	1.8937814031363749
51133.18149415844	6000.0	954.8554044182493	0.0	0	0.0	2088.0368985767054	1	0	1	2.7869285836963202
52406.56671052163	6000.0	681.4701880550634	0.0	0	0.0	2088.0368985767054	1	0	1	2.7869285836963202
53412.37801701448	6000.0	675.6588815622173	0.0	0	0.0	2088.0368985767054	1	0	1	2.7869285836963202
54986.37812147211	6000.0	223.15994591269742	121.50116880810992	0	0.0	2209.538067384805	1	0	1	2.0512217255946523
55539.813592086364	3000.0	705.3026133434862	35.57813804504511	0	0.0	2245.1162054298475	1	0	1	1.171457463620846
56247.90221691784	3000.0	997.2139885120081	0.0	0	0.0	2245.1162054298475	1	0	1	2.078073472451061
56933.82821448608	3000.0	1311.2879909437827	0.0	0	0.0	2245.1162054298475	1	0	1	2.078073472451061
58073.83471837667	3000.0	1171.281487053186	0.0	0	0.0	2245.1162054298475	1	0	1	2.078073472451061
58988.48953350329	3000.0	1348.092153439223	0.0	0	0.0	2336.581686942518	1	0	0	1.6713672550437404
59556.20910843981	3000.0	1837.1445359963532	0.0	0	0.0	2393.353644436167	1	0	0	1.864648486381964
60635.02640193088	3000.0	1866.2089718543973	0.0	0	0.0	2501.235373785268	1	0	0	1.855299942423092
62018.36928465586	3000.0	1621.2003774019188	0.0	0	0.0	2639.5696620577655	1	0	0	1.8425223592859783
63263.62045483243	3000.0	1375.9492072253515	0.0	0	0.0	2639.5696620577655	1	0	1	1.8386281267882691
64195.277775828086	3000.0	1351.1261541301274	0.0	0	0.0	2546.4039299582	1	0	2	1.6454314682044786
64958.79946474258	3000.0	1587.604465215638	0.0	0	0.0	2546.4039299581927	1	0	1	1.8479446999982265
65619.13556189221	3000.0	1861.2347583510511	0.0	0	0.0	2480.3703202432444	1	0	2	1.6529569640084656
66200.0	3000.0	2222.283876432487	0.0	0	117.19214564275171	2422.2838764324697	1	0	2	1.8583798850467006
67200.0	3000.0	2122.283876432493	0.0	0	601.7693516541913	2322.283876432477	1	0	2	1.8663747778207247
68894.86982842885	6000.0	1427.4140480036258	0.0	0	0.0	2322.2838764324697	1	0	1	1.8703567053507986
69677.30805139896	3000.0	1644.975825033539	0.0	0	0.0	2322.2838764324697	1	0	1	1.377209524790854
70645.31621754284	3000.0	1773.7684755040511	0.0	0	0.0	2419.084693046869	1	0	0	1.663048923366774
71827.80571913108	3000.0	1709.5279240746286	0.0	0	0.0	2537.3336432056676	1	0	0	1.851967001515948
72591.14750104948	3000.0	2022.5203203480744	0.0	0	0.0	2613.66782139751	1	0	0	1.8430608067591874
73200.0	3000.0	2352.7825715024774	0.0	0	21.3133658531151	2552.7825715024373	1	0	2	1.4455614066088107
74200.0	3000.0	2252.782571502475	0.0	0	359.2438918059779	2452.7825715024373	1	0	2	1.8535449669884039
75200.0	6000.0	2252.78257150249	0.0	0	57.28894874281832	2452.7825715024373	1	0	1	1.857306835843802
76455.1345309578	6000.0	1997.6480405446814	0.0	0	0.0	2452.782571502452	1	0	1	2.7504540164037454
77535.47867357738	6000.0	1917.3038979251087	0.0	0	0.0	2452.782571502452	1	0	1	2.7504540164037454
78362.00804895764	6000.0	2090.774522544837	0.0	0	0.0	2452.7825715024665	1	0	1	2.7504540164037445
79200.0	6000.0	2168.9833763982415	0.0	0	119.09581629750028	2368.983376398246	1	0	2	2.356047595729849
80200.0	6000.0	2068.983376398243	0.0	0	295.00199498116854	2268.983376398246	1	0	2	2.5650216241365853
82304.14060676283	6000.0	964.8427696354049	0.0	0	0.0	2268.983376398246	1	0	1	2.568833935914166
83042.57243172714	3000.0	1226.4109446711072	0.0	0	0.0	2268.983376398246	1	0	1	1.3825395747942766
83821.56950391951	3000.0	1525.3135796979502	0.0	0	0.0	2346.88308361746	1	0	0	1.6698969192841588
84523.3850651118	3000.0	1893.6795746249031	0.0	0	0.0	2417.064639736709	1	0	0	1.8625725674990736
85712.7175239402	6000.0	1704.3471157964955	0.0	0	0.0	2417.064639736709	1	0	1	1.860878629020375
86550.29072878724	6000.0	1866.7739109494557	0.0	0	0.0	2417.064639736709	1	0	1	2.75402580958032
87816.88163537408	6000.0	1600.1830043625916	0.0	0	0.0	2417.064639736709	1	0	1	2.75402580958032
88607.57446128617	6000.0	1809.49017845051	0.0	0	0.0	2417.064639736709	1	0	1	2.75402580958032
89660.18333150547	6000.0	1756.8813082312238	0.0	0	0.0	2417.064639736709	1	0	1	2.75402580958032
90598.76672878534	6000.0	1818.2979109513428	0.0	0	0.0	2417.064639736709	1	0	1	2.75402580958032
91604.90329806451	6000.0	1812.1613416721723	0.0	0	0.0	2417.064639736709	1	0	1	2.75402580958032
92801.19281739442	6000.0	1615.8718223422609	0.0	0	0.0	2417.064639736709	1	0	1	2.75402580958032
94578.8071298972	6000.0	838.2575098394552	0.0	0	0.0	2417.064639736709	1	0	1	2.75402580958032
95461.29984509695	3000.0	955.764794639718	0.0	0	0.0	2417.064639736709	1	0	1	1.3677314484604302
96424.59811166993	3000.0	1088.7963547240308	0.0	0	0.0	2513.394466393991	1	0	0	1.6540198021190546
97327.02035222594	3000.0	1186.374114168024	0.0	0	0.0	2513.394466393991	1	0	1	1.851245646354647
98121.92892379145	3000.0	1470.9563997590571	0.0	0	0.0	2592.8853235505376	1	0	0	1.6451455837781064
99002.30446561374	6000.0	1590.5808579367877	0.0	0	0.0	2592.885323550552	1	0	1	1.8432965606389908
100702.70332501824	6000.0	890.1819985322891	0.0	0	0.0	2592.885323550552	1	0	1	2.7364437411989355
101429.46901778958	3000.0	1163.4163057609624	0.0	0	0.0	2592.885323550552	1	0	1	1.3501493800790458
102584.08390068513	3000.0	1124.2629111549718	0.0	0	0.0	2708.346811840107	1	0	0	1.6348278650613564
103340.0057286603	3000.0	1368.3410831798085	0.0	0	0.0	2708.346811840107	1	0	1	1.8317504118100358
104088.4615896654	3000.0	1545.0396360741893	0.0	0	0.0	2633.501225739601	1	0	2	1.6375092633703192
104681.05305874131	3000.0	1893.1890200906655	0.0	0	0.0	2574.242078831987	1	0	2	1.8436018399847063
106006.6598210499	6000.0	1567.582257782073	0.0	0	0.0	2574.242078831987	1	0	1	1.8451608851108467
107466.06128705476	6000.0	1108.1807917772212	0.0	0	0.0	2574.2420788319723	1	0	1	2.7383080656707937
108534.70547614148	6000.0	1039.5366026905142	0.0	0	0.0	2574.242078831987	1	0	1	2.738308065670792
109662.57174859641	6000.0	911.6703302355744	0.0	0	0.0	2574.2420788319723	1	0	1	2.7383080656707937
110354.9225469416	6000.0	1219.3195318903945	0.0	0	0.0	2574.2420788319723	1	0	1	2.7383080656707937
111094.71974546605	6000.0	1479.5223333659442	0.0	0	0.0	2574.2420788319723	1	0	1	2.7383080656707937
111934.7709411012	6000.0	1639.4711377307835	0.0	0	0.0	2574.2420788319723	1	0	1	2.7383080656707937
113396.42596826349	6000.0	1177.816110568503	0.0	0	0.0	2574.242078831987	1	0	1	2.738308065670792
114631.21217036346	3000.0	943.0299084685242	0.0	0	0.0	2574.242078831987	1	0	1	1.3520137045509024
115608.52383167049	3000.0	965.7182471614856	0.0	0	0.0	2574.242078831987	1	0	1	2.0451608851108474
116112.39454773834	3000.0	1461.847531093643	0.0	0	0.0	2574.242078831987	1	0	1	2.0451608851108474
116663.4592340224	3000.0	1965.889313437985	0.0	0	0.0	2629.348547460395	1	0	0	1.6409796699868369
117200.0	3000.0	2483.0026240581537	0.0	0	88.95132911148539	2683.0026240581356	1	0	0	1.8360574265198442
118200.0	3000.0	2583.0026240581446	0.0	0	419.0168540378072	2783.0026240581356	1	0	0	1.8280663677697881
119200.0	6000.0	2483.002624058128	0.0	0	222.32572246722702	2683.0026240581356	1	0	2	1.4306309983958638
120917.2437046188	6000.0	1765.758919439333	0.0	0	0.0	2683.0026240581356	1	0	1	2.5274320111481776
121696.19551195992	3000.0	1986.8071120982154	0.0	0	0.0	2683.0026240581356	1	0	1	1.3411376500282874
123406.06330072293	6000.0	1276.9393233352052	0.0	0	0.0	2683.00262405815	1	0	1	2.034284830588231
125289.09416366376	6000.0	393.9084603943731	0.0	0	0.0	2683.00262405815	1	0	1	2.727432011148176
126476.69293240733	2000.0	436.91933873183183	230.60964708102202	0	0.0	2913.612271139151	1	0	1	-0.876511413382275
127082.36579957549	2000.0	831.2464715636664	0.0	0	0.0	2913.612271139151	1	0	1	1.6057587577719663
127825.8254642876	3000.0	1087.7868068515536	0.0	0	0.0	2913.612271139151	1	0	1	1.6057587577719663
128685.34238533855	3000.0	1228.2698858006054	0.0	0	0.0	2913.612271139151	1	0	1	2.011223865880131
129649.39936804325	3000.0	1167.8072048254394	0.0	0	0.0	2817.2065728686575	1	0	2	1.6183586468301212
130407.5153777998	3000.0	1333.8795940932355	0.0	0	0.0	2741.3949718930235	1	0	2	1.8265945921774986
131019.11895365294	3000.0	1661.115660654784	0.0	0	0.0	2680.23461430773	1	0	2	1.8334229133392563
131403.03601294407	3000.0	2238.8068954345677	0.0	0	0.0	2641.8429083786323	1	0	2	1.8374844530115433
132200.0	3000.0	2521.539307084207	0.0	0	249.35692935646512	2721.539307084211	1	0	0	1.4335000434391765
133200.0	6000.0	2421.5393070841747	0.0	0	125.64580814455985	2621.5393070841674	1	0	2	1.4370466250315426
134200.0	6000.0	2421.539307084169	0.0	0	207.937552001531	2621.5393070841383	1	0	1	2.5335783428455763
135200.0	6000.0	2421.5393070841665	0.0	0	220.07087291791686	2621.5393070841383	1	0	1	2.7335783428455773
136200.0	6000.0	2421.53930708417	0.0	0	412.45787973032566	2621.5393070841674	1	0	1	2.7335783428455755
137200.0	6000.0	2321.5393070841437	0.0	0	184.81548677402316	2521.5393070841674	1	0	2	2.340163298925758
138297.18616720632	6000.0	2224.353139877812	0.0	0	0.0	2521.5393070841674	1	0	1	2.543578342845574
139316.60858331266	6000.0	2204.9307237714747	0.0	0	0.0	2521.5393070841383	1	0	1	2.743578342845577
140704.91084048382	6000.0	1816.628466600313	0.0	0	0.0	2521.5393070841383	1	0	1	2.743578342845577
141529.52398337543	3000.0	2074.4766379978873	0.0	0	0.0	2604.0006213732995	1	0	0	0.9511533029422087
142216.80609008117	3000.0	2455.9227419627523	0.0	0	0.0	2672.728832043882	1	0	0	1.8366175189439933
143200.0	3000.0	2571.048223035793	0.0	0	343.52904475823743	2771.0482230357593	1	0	0	1.8291497159974992
144200.0	3000.0	2671.048223035794	0.0	0	367.96811426852946	2871.04822303573	1	0	0	1.819302384104133
145973.89516180477	6000.0	1897.153061231048	0.0	0	0.0	2871.04822303573	1	0	1	1.8154802706904727
147166.97138004965	6000.0	1704.0768429862121	0.0	0	0.0	2871.0482230357593	1	0	1	2.7086274512504147
148486.54517308157	6000.0	1384.5030499543063	0.0	0	0.0	2871.04822303573	1	0	1	2.708627451250418
149596.09023882737	3000.0	1385.9124907831042	0.0	0	0.0	2982.0027296103362	1	0	0	0.9146014799800057
150438.1281124373	3000.0	1543.874617173174	0.0	0	0.0	2982.0027296103362	1	0	1	1.8043848200330126
151016.22191667222	3000.0	1907.9714325147709	0.0	0	0.0	2924.193349186826	1	0	2	1.6089833314908772
151475.7120542931	3000.0	2402.5322811318056	0.0	0	0.0	2878.244335424766	1	0	2	1.8136173446220383
152200.0	3000.0	2605.8155408542125	0.0	0	179.00911220815033	2805.8155408540624	1	0	2	1.819248477640338
153200.0	3000.0	2505.8155408541825	0.0	0	187.19399542955216	2705.8155408540333	1	0	2	1.8283798525586477
154200.0	3000.0	2405.815540854187	0.0	0	33.96785604348406	2605.8155408540333	1	0	2	1.8398770318135163
155200.0	3000.0	2305.815540854195	0.0	0	523.5171243683435	2505.8155408540624	1	0	2	1.8480409763148349
156529.02166654504	3000.0	2109.696040963632	0.0	0	0.0	2638.7177075085347	1	0	0	1.4432219740904266
157366.49701432986	3000.0	2272.2206931788132	0.0	0	0.0	2638.7177075085347	1	0	1	1.8387133222431928
158732.445597333	6000.0	1906.2721101756651	0.0	0	0.0	2638.7177075085056	1	0	1	2.0387133222431952
160129.31063187303	6000.0	1509.407075635616	0.0	0	0.0	2638.7177075085056	1	0	1	2.73186050280314
160996.0660934089	6000.0	1642.6516140997253	0.0	0	0.0	2638.7177075085056	1	0	1	2.73186050280314
161654.56427914128	3000.0	2050.003246940588	0.0	0	0.0	2704.5675260817225	1	0	0	0.9406057590299592
163011.60020227087	6000.0	1692.9673238110472	0.0	0	0.0	2704.5675260817225	1	0	1	1.8321283403858737
164025.2514898348	6000.0	1679.316036247153	0.0	0	0.0	2704.5675260817516	1	0	1	2.7252755209458175
164865.16839418735	6000.0	1839.399131894638	0.0	0	0.0	2704.5675260817807	1	0	1	2.725275520945813
167199.50919253347	6000.0	505.0583335484714	0.0	0	0.0	2704.5675260817516	1	0	1	2.7252755209458157
168324.75639168482	3000.0	517.5139807792032	137.70284638207744	0	0.0	2842.270372463856	1	0	1	0.4989937968952507
168997.11258208862	3000.0	845.1577903754239	0.0	0	0.0	2842.270372463856	1	0	1	2.0183580557476604
169938.4869246213	3000.0	903.7834478427436	0.0	0	0.0	2842.270372463914	1	0	1	2.0183580557476573
171172.1430007815	3000.0	670.1273716825747	0.0	0	0.0	2842.270372463914	1	0	1	2.0183580557476546
171957.8713131547	2000.0	884.3990593093488	0.0	0	0.0	2842.270372463856	1	0	1	1.2074278395313294
172577.95405679196	3000.0	1264.3163156721157	0.0	0	0.0	2842.270372463856	1	0	1	1.6128929476394958
173373.56607477585	3000.0	1548.2654994865845	0.0	0	0.0	2921.831574262178	1	0	0	1.6123421806986762
174113.7754058852	3000.0	1882.0771014881987	0.0	0	0.0	2995.8525073731143	1	0	0	1.8048667314464593
175347.10061157894	6000.0	1648.7518957944606	0.0	0	0.0	2995.8525073731143	1	0	1	1.8029998422567346
176404.13271825915	6000.0	1591.7197891142118	0.0	0	0.0	2995.8525073731143	1	0	1	2.6961470228166795
178166.36836591794	6000.0	829.4841414554129	0.0	0	0.0	2995.8525073730852	1	0	1	2.696147022816682
178779.91856764484	3000.0	1277.288959901206	0.0	0	0.0	3057.2075275457755	1	0	0	0.9052822111500559
179379.21697818013	3000.0	1737.920390419418	0.0	0	0.0	3117.137368599244	1	0	0	1.7924949622556234
180045.35011141424	3000.0	2138.400570508732	0.0	0	0.0	3183.7506819226837	1	0	0	1.7863294255320883
181540.8866140385	3000.0	1493.3104176220904	0.0	0	0.0	3034.1970316602965	1	0	2	1.396048885380972
182564.87855444578	3000.0	1366.919283174079	0.0	0	0.0	2931.7978376195824	1	0	2	1.8067945538791679
183413.49800365078	3000.0	1433.4378890485796	0.0	0	0.0	2846.9358926990826	1	0	2	1.8157876689854442
184368.04093370005	3000.0	1383.440665994388	0.0	0	0.0	2751.481599694147	1	0	2	1.82479340998124
185225.90051947135	3000.0	1439.7951216459658	0.0	0	0.0	2665.695641117054	1	0	2	1.8342413731237532
185837.36524810136	3000.0	1767.1839201529262	0.0	0	0.0	2604.549168254016	1	0	2	1.840547431846574
186391.6022290376	3000.0	2157.5232411230336	0.0	0	0.0	2549.125470160361	1	0	2	1.8462905135269563
187200.0	3000.0	2268.2856930644207	0.0	0	199.83675720146857	2468.285693064099	1	0	2	1.852686828221481
188300.30430647382	3000.0	2057.950955943201	0.0	0	0.0	2358.255262416671	1	0	2	1.8641921122332104
189275.67561336377	3000.0	1985.0425183642933	0.0	0	0.0	2260.7181317277427	1	0	2	1.874274740241492
190213.05784513283	3000.0	1953.9220634183396	0.0	0	0.0	2166.9799085508566	1	0	2	1.8835014619240733
191200.0	3000.0	1868.2856930644639	0.0	0	402.8964794110216	2068.2856930641865	1	0	2	1.8919490888790818
192200.0	3000.0	1768.285693064486	0.0	0	55.01572154168389	1968.2856930641865	1	0	2	1.9029480524542166
193200.0	3000.0	1668.285693064444	0.0	0	146.41962011749274	1868.2856930641574	1	0	2	1.912566429034058
194200.0	3000.0	1568.285693064419	0.0	0	36.58551390914363	1768.2856930641283	1	0	2	1.9225967511498443
195214.02223918482	3000.0	1554.2634538795814	0.0	0	0.0	1768.2856930641574	1	0	1	1.9257565236876313
196200.0	3000.0	1568.2856930644193	0.0	0	80.76499276660616	1768.2856930641865	1	0	1	2.125756523687628
197200.0	3000.0	1668.2856930644455	0.0	0	320.0383242823591	1868.2856930642156	1	0	0	1.719381176643133
198200.0	3000.0	1768.2856930644364	0.0	0	512.3741393171949	1968.2856930642156	1	0	0	1.9096632195336505
199670.5015753762	6000.0	1297.7841176882494	0.0	0	0.0	1968.2856930642156	1	0	1	1.9057565236876246
201097.144070354	6000.0	871.1416227104439	0.0	0	0.0	1968.2856930642156	1	0	1	2.7989037042475697
201904.9179057368	6000.0	1063.3677873276745	0.0	0	0.0	1968.2856930642156	1	0	1	2.7989037042475697
202741.2033996977	6000.0	1227.0822933667487	0.0	0	0.0	1968.2856930641865	1	0	1	2.7989037042475724
204443.42963599725	6000.0	524.8560570672167	0.0	0	0.0	1968.2856930641574	1	0	1	2.798903704247575
205241.52557275258	3000.0	806.5697139874487	0.0	0	0.0	2048.095286739699	1	0	0	1.0069414721115404
206246.6953260815	3000.0	801.3999606585106	0.0	0	0.0	2048.09528673967	1	0	1	1.897775564320079
207134.57150381012	2000.0	913.5237829298915	0.0	0	0.0	2048.09528673967	1	0	1	1.2868453481037496
207931.4527453701	3000.0	1196.3306655258775	0.0	0	0.0	2127.783410895645	1	0	0	1.2864337453041321
208629.6665780572	3000.0	1498.1168328387896	0.0	0	0.0	2127.783410895645	1	0	1	1.8898067519044817
209368.77202242697	3000.0	1832.921932905988	0.0	0	0.0	2201.693955332652	1	0	0	1.6844348186637839
210289.43774839398	3000.0	2004.322779535667	0.0	0	0.0	2293.7605279293493	1	0	0	1.876065453808016
211668.66588443078	3000.0	1625.0946434989078	0.0	0	0.0	2293.7605279293784	1	0	1	1.8732090402011083
212571.5293612891	3000.0	1631.9448189547343	0.0	0	0.0	2203.474180243502	1	0	2	1.679876966991877
213375.0112691843	3000.0	1748.1147202700079	0.0	0	0.0	2123.1259894539253	1	0	2	1.888145778044061
214227.4861853264	3000.0	1810.3923125137164	0.0	0	0.0	2037.8784978397016	1	0	2	1.8969941616680783
215200.0	3000.0	1740.6271163727176	0.0	0	261.8855917764886	1940.627116372314	1	0	2	1.9050215165676394
216200.0	6000.0	1740.6271163727304	0.0	0	118.9974562288844	1940.627116372314	1	0	1	1.9085223813568146
217200.0	6000.0	1740.6271163727602	0.0	0	171.062740008143	1940.627116372314	1	0	1	2.8016695619167598
218650.6799979936	6000.0	1289.9471183791773	0.0	0	0.0	1940.627116372314	1	0	1	2.8016695619167598
219410.9251048736	3000.0	1605.7265221871585	0.0	0	0.0	2016.6516270602879	1	0	0	1.0097599889015358
220200.0	3000.0	1895.5591165733977	0.0	0	23.15435488015646	2095.5591165729275	1	0	0	1.8954329506964402
221200.0	3000.0	1995.5591165733688	0.0	0	223.5825818205485	2195.55911657284	1	0	0	1.8862749290855025
222200.0	3000.0	1895.5591165733777	0.0	0	305.2647665661061	2095.5591165728692	1	0	2	1.4894457908754064
223200.0	3000.0	1795.5591165733772	0.0	0	371.46751518390374	1995.559116572811	1	0	2	1.899235381148343
224200.0	6000.0	1795.5591165734086	0.0	0	64.044457975775	1995.5591165728401	1	0	1	1.9030291813367617
225419.85094483255	6000.0	1575.7081717408666	0.0	0	0.0	1995.5591165728692	1	0	1	2.7961763618967037
226489.2173956906	6000.0	1506.3417208828635	0.0	0	0.0	1995.5591165728692	1	0	1	2.7961763618967037
227200.0	6000.0	1795.5591165734666	0.0	0	129.68819350539707	1995.5591165728692	1	0	1	2.7961763618967037
228200.0	6000.0	1795.559116573485	0.0	0	265.93776959198294	1995.5591165728692	1	0	1	2.7961763618967037
229200.0	6000.0	1795.5591165734766	0.0	0	187.96620468384936	1995.5591165728401	1	0	1	2.796176361896705
230888.31369606577	6000.0	1107.2454205077083	0.0	0	0.0	1995.5591165728401	1	0	1	2.796176361896707
231721.04409612107	3000.0	1274.5150204524202	0.0	0	0.0	1995.559116572811	1	0	1	1.40988200077682
232338.73533610813	3000.0	1718.5929044640525	0.0	0	0.0	2057.3282405714854	1	0	0	1.6983814875588914
233200.0	3000.0	1943.4547069613895	0.0	0	230.45443902743864	2143.4547069606488	1	0	0	1.89147355369343
234200.0	6000.0	1943.4547069613616	0.0	0	62.52973733659019	2143.4547069606488	1	0	1	1.888239622297981
235209.900555341	6000.0	1933.554151620373	0.0	0	0.0	2143.454706960678	1	0	1	2.7813868028579245
236697.60740754084	6000.0	1445.847299420575	0.0	0	0.0	2143.454706960678	1	0	1	2.781386802857923
237687.78637687757	6000.0	1455.6683300838517	0.0	0	0.0	2143.4547069606488	1	0	1	2.781386802857926
238683.40656083127	6000.0	1460.0481461301656	0.0	0	0.0	2143.4547069606197	1	0	1	2.781386802857929
240011.69858619722	6000.0	1131.756120764233	0.0	0	0.0	2143.4547069606488	1	0	1	2.781386802857926
240873.1095190205	6000.0	1270.3451879409365	0.0	0	0.0	2143.4547069606488	1	0	1	2.781386802857926
241834.60820631892	6000.0	1308.8465006425122	0.0	0	0.0	2143.454706960678	1	0	1	2.781386802857923
243505.49240631133	6000.0	637.9623006500557	0.0	0	0.0	2143.4547069606488	1	0	1	2.781386802857926
244103.64809859154	3000.0	1039.806608369856	0.0	0	0.0	2143.454706960678	1	0	1	1.395092441738034
244601.61083129692	3000.0	1591.640148935	0.0	0	0.0	2193.2509802312125	1	0	0	1.6845274230401999
246217.54186543846	6000.0	975.7091147934227	0.0	0	0.0	2193.2509802312125	1	0	1	1.8832599949709246
246891.51401876987	3000.0	1369.1341767951474	0.0	0	0.0	2260.6481955643394	1	0	0	0.9849460663643057
247383.61726864224	3000.0	1926.2412519100508	0.0	0	0.0	2309.8585205516138	1	0	0	1.8727689077183538
248640.53361745586	6000.0	1669.3249030964116	0.0	0	0.0	2309.8585205516138	1	0	1	1.8715992409388844
249746.77445664452	6000.0	1563.0840639077383	0.0	0	0.0	2309.8585205516138	1	0	1	2.7647464214988293
250533.37096894026	3000.0	1855.1472028415633	0.0	0	0.0	2388.5181717811793	1	0	0	0.9725546412538362
251605.5336099132	3000.0	1890.2008259659133	0.0	0	0.0	2495.734435878432	1	0	0	1.8560613855330244
252391.3257985251	3000.0	2182.987856215198	0.0	0	0.0	2574.3136547396716	1	0	0	1.8471680852595604
253200.0	3000.0	2293.4462345928027	0.0	0	27.344688168377616	2493.4462345921784	1	0	2	1.451163464447465
254200.0	3000.0	2193.4462345927573	0.0	0	333.6177636103239	2393.4462345921784	1	0	2	1.8594962412827347
255661.63208631933	6000.0	1731.814148273438	0.0	0	0.0	2393.4462345921784	1	0	1	1.8632404695348281
256755.43111375973	6000.0	1638.0151208330299	0.0	0	0.0	2393.4462345921784	1	0	1	2.7563876500947733
257661.31392976228	6000.0	1732.1323048304887	0.0	0	0.0	2393.4462345921784	1	0	1	2.7563876500947733
258649.80958354755	6000.0	1743.6366510451828	0.0	0	0.0	2393.4462345921784	1	0	1	2.7563876500947733
259501.71375366545	6000.0	1891.7324809272652	0.0	0	0.0	2393.4462345921784	1	0	1	2.7563876500947733
260362.18329593362	6000.0	2031.2629386590665	0.0	0	0.0	2393.4462345921493	1	0	1	2.7563876500947755
261924.26783982175	6000.0	1469.1783947709312	0.0	0	0.0	2393.4462345921493	1	0	1	2.756387650094776
262951.1650170363	3000.0	1442.28121755633	0.0	0	0.0	2393.446234592091	1	0	1	1.370093288974888
263937.11337724474	3000.0	1456.3328573478993	0.0	0	0.0	2393.446234592062	1	0	1	2.063240469534839
264675.4961711618	3000.0	1791.7883428225136	0.0	0	0.0	2467.2845139838173	1	0	0	1.6578470927766693
265241.3969384682	3000.0	2282.4776522467955	0.0	0	0.0	2523.874590714462	1	0	0	1.8513846581103692
266200.0	3000.0	2419.7348968681836	0.0	0	300.3613271606155	2619.7348968677106	1	0	0	1.8441245538640099
267200.0	6000.0	2419.7348968681936	0.0	0	4.373361776524689	2619.734896867769	1	0	1	1.8406116033072701
268200.0	6000.0	2319.734896868282	0.0	0	251.98629305214854	2519.734896867827	1	0	2	2.340060568693782
269210.8279194922	6000.0	2308.9069773761353	0.0	0	65.20020933647174	2519.7348968678853	1	0	1	2.5437587838672058
270858.02168117993	6000.0	1661.71321568837	0.0	0	0.0	2519.7348968678853	1	0	1	2.7437587838672024
272303.71999391215	6000.0	1216.0149029560844	0.0	0	0.0	2519.734896867827	1	0	1	2.743758783867208
272896.5125168906	3000.0	1682.5016322754796	0.0	0	0.0	2579.014149165654	1	0	0	0.953021575671344
275478.334384833	6000.0	200.0	99.32023566691464	0	0.0	2678.3343848325894	1	0	1	1.2467758593626517
276084.81994728127	2000.0	763.5430959680876	170.0286584163511	0	0.0	2848.3630432489445	1	0	1	-0.5065005586052298
276884.08827274776	3000.0	964.274770501575	0.0	0	0.0	2848.3630432489445	1	0	1	1.612283680560987
277625.6174065234	3000.0	1222.7456367259888	0.0	0	0.0	2848.3630432489445	1	0	1	2.017748788669152
278433.0245170145	3000.0	1334.5978151857137	0.0	0	0.0	2767.6223321997677	1	0	2	1.6237738199178
279342.43548623944	3000.0	1334.2457490382508	0.0	0	0.0	2676.6812352772686	1	0	2	1.8325524291632533
280125.89327774453	3000.0	1472.4421783826722	0.0	0	0.0	2598.335456126777	1	0	2	1.8411626712651799
280924.46752922813	6000.0	1673.8679268990543	0.0	0	0.0	2598.335456126777	1	0	1	1.842751547381368
281799.81340657425	6000.0	1798.52204955298	0.0	0	0.0	2598.335456126777	1	0	1	2.735898727941313
283040.39189923316	6000.0	1557.9435568940303	0.0	0	0.0	2598.335456126719	1	0	1	2.735898727941316
284033.7901731145	6000.0	1564.5452830126364	0.0	0	0.0	2598.335456126719	1	0	1	2.735898727941319
284917.2208844416	6000.0	1681.114571685595	0.0	0	0.0	2598.335456126719	1	0	1	2.735898727941319
285749.6452475741	6000.0	1848.6902085530942	0.0	0	0.0	2598.335456126719	1	0	1	2.735898727941319
286566.4634171041	6000.0	2031.8720390230887	0.0	0	0.0	2598.335456126719	1	0	1	2.735898727941319
287448.088359281	6000.0	2150.2470968461716	0.0	0	0.0	2598.335456126719	1	0	1	2.735898727941319
288459.188081165	6000.0	2139.1473749622096	0.0	0	0.0	2598.335456126719	1	0	1	2.735898727941319
290460.867485288	6000.0	1137.4679708392507	0.0	0	0.0	2598.3354561266606	1	0	1	2.735898727941321
291185.96442224516	3000.0	1412.3710338820779	0.0	0	0.0	2598.3354561266606	1	0	1	1.3496043668214353
292296.93528783286	6000.0	1301.4001682943895	0.0	0	0.0	2598.3354561266606	1	0	1	2.04275154738138
293992.522034646	6000.0	605.8134214813044	0.0	0	0.0	2598.335456126719	1	0	1	2.735898727941319
294505.02349031455	3000.0	1093.3119658128007	0.0	0	0.0	2598.335456126777	1	0	1	1.3496043668214235
295089.22096208466	3000.0	1567.5342412197133	0.0	0	0.0	2656.755203303823	1	0	0	1.6381974491665692
296346.71199825313	6000.0	1310.0432050512436	0.0	0	0.0	2656.755203303823	1	0	1	1.8369095726636637
297669.13358452875	6000.0	987.621618775629	0.0	0	0.0	2656.755203303823	1	0	1	2.7300567532236086
298514.486587688	3000.0	1142.2686156164445	0.0	0	0.0	2656.755203303823	1	0	1	1.3437623921037187
299400.61861090537	3000.0	1256.1365923989977	0.0	0	0.0	2656.755203303823	1	0	1	2.0369095726636637
300253.16679992306	3000.0	1488.843222283085	0.0	0	0.0	2742.0100222055917	1	0	0	1.6301953172228094
300967.35002693057	3000.0	1846.0783179763637	0.0	0	0.0	2813.4283449063078	1	0	0	1.8230657577177154
5.82	3.94	2.17	4.03	5.46	4.11	5.64	4.65	3.01	5.02	7.49	5.03	2.32	2.72	4.01	3.67	3.34	2.7	4.56	5.13	5.31	6.19	4.78	3.8	5.17	4.18	2.13	3.08	3.26	3.83	3.75	4.89	5.05	3.22	3.6	4.55	4.15	4.19	4.05	4.23	2.9	2.28	4.53	5.18	5.07	4.91	5.69	6.01	5.98	3.05	4.63	3.81	2.63	4.24	4.24	3.63	2.36	2.72	3.96	3.61	4.77	6.75	5.95	3.87	3.6	4.16	3.13	4.85	4.78	5.76	7.15	5.35	7.65	10.2	9.81	5.6	2.46	3.7	4.46	5.63	5.84	5.8	4.85	5.62	5.92	5.76	5.33	6.8	4.03	4.19	4.87	3.5	4.53	5.99	5.13	3.86	3.32	3.02	4.47	5.62	6.08	5.04	6.63	5.17	6.99	9.63	6.97	3.14	3.16	2.77	3.72	5.69	6.09	7.85	6.12	2.79	4.41	3.44	5.21	4.25	1.87	2.24	4.04	4.65	4.19	4.29	6.68	9.09	6.21	5.69	7.63	9.97	7.18	5.0	6.36	3.17	3.28	6.65	6.43	3.06	4.92	6.37	6.2	4.38	2.86	3.87	5.83	4.97	3.39	5.17	5.82	3.94	2.17	4.03	5.46	4.11	5.64	4.65	3.01	5.02	7.49	5.03	2.32	2.72	4.01	3.67	3.34	2.7	4.56	5.13	5.31	6.19	4.78	3.8	5.17	4.18	2.13	3.08	3.26	3.83	3.75	4.89	5.05	3.22	3.6	4.55	4.15	4.19	4.05	4.23	2.9	2.28	4.53	5.18	5.07	4.91	5.69	6.01	5.98	3.05	4.63	3.81	2.63	4.24	4.24	3.63	2.36	2.72	3.96	3.61	4.77	6.75	5.95	3.87	3.6	4.16	3.13	4.85	4.78	5.76	7.15	5.35	7.65	10.2	9.81	5.6	2.46	3.7	4.46	5.63	5.84	5.8	4.85	5.62	5.92	5.76	5.33	6.8	4.03	4.19	4.87	3.5	4.53	5.99	5.13	3.86	3.32	3.02	4.47	5.62	6.08	5.04	6.63	5.17	6.99	9.63	6.97	3.14	3.16	2.77	3.72	5.69	6.09	7.85	6.12	2.79	4.41	3.44	5.21	4.25	1.87	2.24	4.04	4.65	4.19	4.29	6.68	9.09	6.21	5.69	7.63	9.97	7.18	5.0	6.36	3.17	3.28	6.65	6.43	3.06	4.92	6.37	6.2	4.38	2.86	3.87	5.83	4.97	3.39	5.17
1.0	2.0	3.0	4.0	5.0	6.0	7.0	8.0	9.0	10.0	11.0	12.0	13.0	14.0	15.0	16.0	17.0	18.0	19.0	20.0	21.0	22.0	23.0	24.0	25.0	26.0	27.0	28.0	29.0	30.0	31.0	32.0	33.0	34.0	35.0	36.0	37.0	38.0	39.0	40.0	41.0	42.0	43.0	44.0	45.0	46.0	47.0	48.0	49.0	50.0	51.0	52.0	53.0	54.0	55.0	56.0	57.0	58.0	59.0	60.0	61.0	62.0	63.0	64.0	65.0	66.0	67.0	68.0	69.0	70.0	71.0	72.0	73.0	74.0	75.0	76.0	77.0	78.0	79.0	80.0	81.0	82.0	83.0	84.0	85.0	86.0	87.0	88.0	89.0	90.0	91.0	92.0	93.0	94.0	95.0	96.0	97.0	98.0	99.0	100.0	101.0	102.0	103.0	104.0	105.0	106.0	107.0	108.0	109.0	110.0	111.0	112.0	113.0	114.0	115.0	116.0	117.0	118.0	119.0	120.0	121.0	122.0	123.0	124.0	125.0	126.0	127.0	128.0	129.0	130.0	131.0	132.0	133.0	134.0	135.0	136.0	137.0	138.0	139.0	140.0	141.0	142.0	143.0	144.0	145.0	146.0	147.0	148.0	149.0	149.0	150.0	151.0	152.0	153.0	154.0	155.0	156.0	157.0	158.0	159.0	160.0	161.0	162.0	163.0	164.0	165.0	166.0	167.0	168.0	169.0	170.0	171.0	172.0	173.0	174.0	175.0	176.0	177.0	178.0	179.0	180.0	181.0	182.0	183.0	184.0	185.0	186.0	187.0	188.0	189.0	190.0	191.0	192.0	193.0	194.0	195.0	196.0	197.0	198.0	199.0	200.0	201.0	202.0	203.0	204.0	205.0	206.0	207.0	208.0	209.0	210.0	211.0	212.0	213.0	214.0	215.0	216.0	217.0	218.0	219.0	220.0	221.0	222.0	223.0	224.0	225.0	226.0	227.0	228.0	229.0	230.0	231.0	232.0	233.0	234.0	235.0	236.0	237.0	238.0	239.0	240.0	241.0	242.0	243.0	244.0	245.0	246.0	247.0	248.0	249.0	250.0	251.0	252.0	253.0	254.0	255.0	256.0	257.0	258.0	259.0	260.0	261.0	262.0	263.0	264.0	265.0	266.0	267.0	268.0	269.0	270.0	271.0	272.0	273.0	274.0	275.0	276.0	277.0	278.0	279.0	280.0	281.0	282.0	283.0	284.0	285.0	286.0	287.0	288.0	289.0	290.0	291.0	292.0	293.0	294.0	295.0	296.0	297.0	298.0	298.0
4866.131824926395
