2293.841118019151	300.0	2000.0	150.51482542773107	0	0.0	2293.841118019151	1	0	2	-1.529391886391595
3200.0	3000.0	2003.2252298210663	0.0	0	45.267090872979225	2203.225229821066	1	0	2	-0.42286422079727193
4203.874809677657	3000.0	1898.9629391756432	0.0	0	0.0	2102.8377488533	1	0	2	1.889614888525153
5232.382138980756	3000.0	1767.604876942233	0.0	0	0.0	1999.9870159229895	1	0	2	1.8995222013807662
6200.0	2000.0	1703.2252298210649	0.0	0	46.54308578256314	1903.225229821065	1	0	2	1.0989291728282315
7200.0	3000.0	1603.2252298210642	0.0	0	68.61836803404549	1803.2252298210642	1	0	2	1.5139413588664663
8242.794566109014	2000.0	1456.151207101149	0.0	0	0.0	1698.9457732101646	1	0	2	1.118911865421804
9200.0	2000.0	1403.2252298210656	0.0	0	163.67340072541447	1603.225229821066	1	0	2	1.5335028383890483
10765.267032513017	3000.0	994.4849005593509	0.0	0	0.0	1759.7519330723699	1	0	0	1.1249861722997192
11989.401466931187	3000.0	892.7639095829986	0.0	0	0.0	1882.1653765141873	1	0	0	1.9177256168767485
12734.668785728483	2000.0	1147.4965907857013	0.0	0	0.0	1882.1653765141891	1	0	1	1.1034383391262979
13868.29708655709	2000.0	1013.8682899570947	0.0	0	0.0	1882.1653765141891	1	0	1	1.7089034472344624
14871.90572870475	2000.0	1010.2596478094324	0.0	0	0.0	1882.1653765141873	1	0	1	1.7089034472344624
15993.105854146022	2000.0	889.0595223681605	0.0	0	0.0	1882.1653765141855	1	0	1	1.7089034472344626
17548.4582365009	2000.0	333.7071400132833	0.0	0	0.0	1882.1653765141873	1	0	1	1.7089034472344626
18467.499323779914	1000.0	612.7688760709884	198.10282333671722	0	0.0	2080.2681998508997	1	0	1	-0.8858181362394023
19048.931567944746	1000.0	1031.336631906152	0.0	0	0.0	2080.2681998508997	1	0	1	0.9959459843408462
19690.211583404154	1000.0	1390.0566164467502	0.0	0	0.0	2080.2681998509033	1	0	1	0.9959459843408458
20757.472451575315	2000.0	1322.7957482755871	0.0	0	0.0	2080.2681998509033	1	0	1	0.9959459843408458
21540.711879494855	2000.0	1539.5563203560478	0.0	0	0.0	2080.268199850907	1	0	1	1.6890931649007905
22820.108463872748	2000.0	1132.220077540364	0.0	0	0.0	1952.3285414131133	1	0	2	1.2986159618127826
23443.270310945354	2000.0	1446.742045760497	0.0	0	0.0	1890.0123567058545	1	0	2	1.5065773089611287
24415.871511492394	2000.0	1571.4009652681593	0.0	0	0.0	1987.2724767605578	1	0	0	1.1010572874405908
25492.63775083747	3000.0	1494.634725923081	0.0	0	0.0	1987.2724767605578	1	0	1	1.4983927372098258
26630.116825965517	3000.0	1470.9035583078394	0.0	0	0.0	2101.020384273361	1	0	0	1.6950125212716955
27915.134792482848	3000.0	1314.3873884422408	0.0	0	0.0	2229.5221809250943	1	0	0	1.88347026060864
29481.199795202592	3000.0	904.9288859944706	0.0	0	0.0	2386.1286811970713	1	0	0	1.8686173188522965
30480.055516614204	2000.0	906.0731645828562	0.0	0	0.0	2386.1286811970713	1	0	1	1.0530420086580095
31288.521531120667	2000.0	1097.6071500763935	0.0	0	0.0	2386.1286811970713	1	0	1	1.6585071167661742
32386.599448839384	2000.0	999.5292323576758	0.0	0	0.0	2386.1286811970713	1	0	1	1.6585071167661742
33440.8268289033	2000.0	945.3018522937557	0.0	0	0.0	2386.1286811970676	1	0	1	1.6585071167661747
34669.06530556708	2000.0	717.0633756299849	0.0	0	0.0	2386.128681197075	1	0	1	1.6585071167661738
35315.23353848772	1000.0	1070.895142709343	0.0	0	0.0	2386.1286811970785	1	0	1	0.2722127556462832
36268.7809761902	1000.0	1117.3477050068639	0.0	0	0.0	2386.1286811970713	1	0	1	0.9653599362062291
37136.81175012993	1000.0	1249.3169310671522	0.0	0	0.0	2386.1286811970785	1	0	1	0.9653599362062283
38032.04094052813	1000.0	1354.0877406689492	0.0	0	0.0	2386.1286811970785	1	0	1	0.9653599362062283
38533.62997026666	1000.0	1852.498710930428	0.0	0	0.0	2386.1286811970785	1	0	1	0.9653599362062283
39564.4194187679	2000.0	1718.6303175790572	0.0	0	0.0	2283.049736346962	1	0	2	0.5730190114038995
40500.97508811044	2000.0	1688.4190813022763	0.0	0	0.0	2189.3941694127207	1	0	2	1.4755605294530183
41369.64609581878	2000.0	1732.880972823095	0.0	0	0.0	2102.5270686418808	1	0	2	1.4847670866996567
42493.17024611287	2000.0	1497.0044074995956	0.0	0	0.0	1990.1746536124701	1	0	2	1.494484993595268
43526.49542629602	2000.0	1360.3467092981368	0.0	0	0.0	1886.8421355941537	1	0	2	1.5064105159308037
44493.47717286746	2000.0	1490.063137383837	0.0	0	0.0	1983.540310251301	1	0	0	1.1010848191287563
45200.0	2000.0	1854.192592964545	0.0	0	72.09322420242097	2054.1925929645513	1	0	0	1.4936630788566876
46200.0	2000.0	1954.1925929645513	0.0	0	309.48532638618053	2154.1925929645513	1	0	0	1.4853286538791146
47200.0	3000.0	2054.1925929645477	0.0	0	239.55271005653776	2254.1925929645513	1	0	0	1.4753114992156093
49217.409605036344	3000.0	1036.7829879282067	0.0	0	0.0	2254.1925929645513	1	0	1	1.877165833697591
50574.11593629052	3000.0	815.7472897994552	0.0	0	0.0	2389.863226089976	1	0	0	1.6674186851511732
51636.47676841671	2000.0	753.386457673256	0.0	0	0.0	2389.863226089983	1	0	1	1.0526685541687184
52611.5504185037	2000.0	778.3128075862661	0.0	0	0.0	2389.863226089983	1	0	1	1.658133662276883
53334.30872823021	2000.0	1055.5544978597504	0.0	0	0.0	2389.863226089983	1	0	1	1.658133662276883
53956.165334403035	2000.0	1433.6978916869232	0.0	0	0.0	2389.863226089983	1	0	1	1.658133662276883
55075.73834572673	2000.0	1426.082181495601	0.0	0	0.0	2501.8205272223495	1	0	0	1.2496244562799437
55780.68425630484	2000.0	1791.6308619753008	0.0	0	0.0	2572.3151182801594	1	0	0	1.4418517334875436
56645.076128135974	3000.0	1927.2389901441686	0.0	0	0.0	2572.3151182801594	1	0	1	1.4398884730578656
57838.94433004462	3000.0	1613.9839680446526	0.0	0	0.0	2452.9282980892895	1	0	2	1.6539971256668107
59799.02695669959	3000.0	457.89307872419374	0.0	0	0.0	2256.9200354237983	1	0	2	1.869909121705751
60650.16224990887	1000.0	611.9088670699057	5.151081554990498	0	0.0	2262.07111697879	1	0	1	-0.35175308536999594
61336.32810422753	1000.0	925.7430127512511	0.0	0	0.0	2262.07111697879	1	0	1	0.9777656926280571
62167.65386211527	2000.0	1094.4172548635042	0.0	0	0.0	2262.071116978783	1	0	1	0.9777656926280578
63143.427060219015	2000.0	1118.644056759761	0.0	0	0.0	2262.071116978783	1	0	1	1.670912873188003
63637.00568234262	2000.0	1674.4232968485185	0.0	0	0.0	2311.4289791911506	1	0	0	1.2671606148247208
64980.94620188056	3000.0	1330.4827773105876	0.0	0	0.0	2311.4289791911506	1	0	1	1.4659770869667663
66020.8306909418	3000.0	1290.5982882493347	0.0	0	0.0	2311.4289791911433	1	0	1	2.0714421950749315
67588.12782104041	3000.0	723.301158150713	0.0	0	0.0	2311.4289791911287	1	0	1	2.0714421950749324
69019.67482527641	3000.0	434.9088543383206	0.0	0	0.0	2454.583679614734	1	0	0	1.660865031926284
69936.0438958371	2000.0	554.3797769131487	35.839993135516636	0	0.0	2490.4236727502575	1	0	1	0.8275725506895912
70897.26568932211	2000.0	593.1579834281454	0.0	0	0.0	2490.4236727502575	1	0	1	1.6480776176108556
71816.43567547208	2000.0	673.9879972781707	0.0	0	0.0	2490.423672750243	1	0	1	1.648077617610857
72511.80568478718	2000.0	978.6179879630847	0.0	0	0.0	2490.423672750243	1	0	1	1.648077617610857
73180.9961275725	3000.0	1309.427545177752	0.0	0	0.0	2490.423672750243	1	0	1	1.6480776176108571
73742.41410213882	3000.0	1804.1513680680675	0.0	0	0.0	2546.5654702068714	1	0	0	1.6493993288730833
74655.03723760167	3000.0	1800.2659190589293	0.0	0	0.0	2455.3031566605932	1	0	2	1.4545021725817557
76301.34041251575	3000.0	989.3324266534466	0.0	0	0.0	2290.672839169187	1	0	2	1.869532659826611
77122.03985592801	3000.0	1250.7029275824127	0.0	0	0.0	2372.742783510417	1	0	0	1.4675166343917918
78146.24012875638	3000.0	1328.9226820368726	0.0	0	0.0	2475.1628107932484	1	0	0	1.8574169045541309
79155.48910128252	3000.0	1420.5986067633419	0.0	0	0.0	2576.0877080458595	1	0	0	1.8477320106914845
80312.97043741021	3000.0	1263.1172706356633	0.0	0	0.0	2576.087708045874	1	0	1	1.8449763221894588
82249.02037031217	3000.0	520.6723310239133	0.0	0	0.0	2769.692701336069	1	0	0	1.6311582609683712
82704.70397149875	1000.0	1064.9887298373158	0.0	0	0.0	2769.692701336069	1	0	1	-0.37160875447578023
84093.5385142678	2000.0	676.1541870682736	0.0	0	0.0	2769.6927013360837	1	0	1	0.927003534192328
84916.7334064229	1000.0	852.9592949131683	0.0	0	0.0	2769.6927013360837	1	0	1	0.23385635363238255
85528.74633354356	1000.0	1240.946367792528	0.0	0	0.0	2769.6927013360837	1	0	1	0.9270035341923277
86923.72243678439	2000.0	845.9702645516983	0.0	0	0.0	2769.692701336069	1	0	1	0.9270035341923291
87476.78919099359	1000.0	1292.9035103425035	0.0	0	0.0	2769.692701336069	1	0	1	0.23385635363238413
88253.59906552582	2000.0	1516.093635810265	0.0	0	0.0	2769.6927013360837	1	0	1	0.9270035341923277
88856.93892438429	2000.0	1973.0877628376384	0.0	0	0.0	2830.0266872219217	1	0	0	1.2157273430561304
89427.05304482064	2000.0	2459.985054444938	0.0	0	0.0	2887.03809926557	1	0	0	1.4096476805074611
90612.37551292982	3000.0	2156.1303395248437	0.0	0	0.0	2768.5058524546475	1	0	2	1.0164400155606954
91763.7996421035	3000.0	1889.5637974337974	0.0	0	0.0	2653.3634395372937	1	0	2	1.8336895483653086
92847.42818872344	2000.0	1697.5723961518688	0.0	0	0.0	2545.000584875277	1	0	2	1.0345722433962792
93634.55677883975	2000.0	1831.7309470239452	0.0	0	0.0	2466.287725863658	1	0	2	1.4485746550097462
94489.06333177711	3000.0	1891.7737387928598	0.0	0	0.0	2380.8370705699344	1	0	2	1.4570980153195303
95375.01912583955	3000.0	1917.2223653241845	0.0	0	0.0	2292.241491163688	1	0	2	1.8702555143257453
97476.89984254572	3000.0	605.1535769473783	0.0	0	0.0	2082.0534194930515	1	0	2	1.888970305408722
98382.12658106482	2000.0	699.9268384282846	0.0	0	0.0	2082.0534194930515	1	0	1	1.0834495348284114
99367.96057720315	2000.0	714.0928422899344	0.0	0	0.0	2082.0534194930515	1	0	1	1.6889146429365762
100229.301092928	2000.0	852.7523265650862	0.0	0	0.0	2082.053419493037	1	0	1	1.6889146429365776
101306.59122608848	3000.0	775.462193404592	0.0	0	0.0	2082.053419493037	1	0	1	1.6889146429365778
101985.28992537841	2000.0	1096.7634941146725	0.0	0	0.0	2082.053419493037	1	0	1	1.283449534828413
103183.30312375698	2000.0	898.7502957360996	0.0	0	0.0	2082.053419493037	1	0	1	1.6889146429365776
104251.15089160918	2000.0	830.9025278838861	0.0	0	0.0	2082.053419493037	1	0	1	1.6889146429365776
105052.70961110642	2000.0	1029.3438083866436	0.0	0	0.0	2082.0534194930224	1	0	1	1.6889146429365791
106454.35687486251	2000.0	627.696544630542	0.0	0	0.0	2082.0534194930224	1	0	1	1.6889146429365791
107360.8816239616	2000.0	721.1717955314534	0.0	0	0.0	2082.0534194930224	1	0	1	1.6889146429365791
108185.10240308562	2000.0	896.9510164074376	0.0	0	0.0	2082.0534194930224	1	0	1	1.6889146429365791
108907.22185332298	1000.0	1174.831566170067	0.0	0	0.0	2082.0534194930224	1	0	1	0.30262028181668876
109366.31012029602	1000.0	1715.7432991969972	0.0	0	0.0	2082.0534194930224	1	0	1	0.9957674623766339
110200.0	2000.0	1882.0534194930133	0.0	0	139.08770814538002	2082.0534194930224	1	0	1	0.995767462376634
111200.0	2000.0	1982.053419493001	0.0	0	256.37165842777176	2182.053419493008	1	0	0	1.2825165076134972
112502.85656696676	3000.0	1679.1968525262357	0.0	0	0.0	2182.053419493008	1	0	1	1.478914642936581
114105.97590336541	3000.0	1236.3894497674514	0.0	0	0.0	2342.36535313286	1	0	0	1.67268174614649
114946.003385497	3000.0	1480.3647158490248	0.0	0	0.0	2426.3681013460155	1	0	0	1.8619401014277615
115662.3365818864	2000.0	1835.664839098576	0.0	0	0.0	2498.0014209849614	1	0	0	1.0435857574036378
116859.85941439697	3000.0	1638.1420065880152	0.0	0	0.0	2498.001420984976	1	0	1	1.4473198427873848
118497.9562997085	3000.0	1163.854809807625	0.0	0	0.0	2661.811109516115	1	0	0	1.6403580723310716
119957.21536588222	3000.0	850.5216502512853	0.0	0	0.0	2807.737016133484	1	0	0	1.8255281157951833
120779.82902295442	2000.0	1027.9079931790602	0.0	0	0.0	2807.737016133484	1	0	1	1.0108811751643683
121551.82599934968	2000.0	1255.911016783802	0.0	0	0.0	2807.7370161334984	1	0	1	1.6163462832725315
122694.76791645556	2000.0	998.674907967335	0.0	0	0.0	2693.4428244229057	1	0	2	1.2251714193607766
123339.12555032155	2000.0	1418.7530374879404	0.0	0	0.0	2757.8785878094786	1	0	0	1.0229729081586398
124104.65212959082	2000.0	1729.7791161456055	0.0	0	0.0	2834.4312457363994	1	0	0	1.4155836204694847
125381.32309263892	3000.0	1453.1081530974855	0.0	0	0.0	2834.4312457363994	1	0	1	1.4136768603122416
126108.77871769379	2000.0	1652.906965537109	0.0	0	0.0	2761.685683230884	1	0	2	0.8134492521167324
127173.41298471279	2000.0	1481.809271816188	0.0	0	0.0	2655.2222565289703	1	0	2	1.4290929224808562
128074.42575718835	2000.0	1490.6952220930657	0.0	0	0.0	2565.1209792814043	1	0	2	1.4383116421509827
129058.8188354389	2000.0	1407.862836017469	0.0	0	0.0	2466.6816714563756	1	0	2	1.4479623144004643
129948.82491619619	2000.0	1428.856147184444	0.0	0	0.0	2377.6810633806454	1	0	2	1.4570503007379862
130549.58353415586	2000.0	1768.021667428805	0.0	0	0.0	2317.60520158468	1	0	2	1.4638127054969332
131218.83524385214	3000.0	2031.8447867628875	0.0	0	0.0	2250.68003061504	1	0	2	1.4706636234177517
132200.0	3000.0	1952.5635550002235	0.0	0	260.70364752516616	2152.563555000248	1	0	2	1.8837910076797604
133348.4391505071	3000.0	1689.2804894424064	0.0	0	0.0	2037.7196399495297	1	0	2	1.8957101362742352
134308.1026415071	3000.0	1729.6169984423811	0.0	0	0.0	2037.7196399495297	1	0	1	1.8988131289990928
135763.67232477554	3000.0	1419.6042835007813	0.0	0	0.0	2183.2766082763555	1	0	0	1.6887738874914013
137044.2683428145	3000.0	1139.008265461871	0.0	0	0.0	2183.2766082763846	1	0	1	1.8842574321664076
137979.72419032102	3000.0	1203.5524179553095	0.0	0	0.0	2183.2766082763846	1	0	1	2.0842574321664076
138783.80523744097	3000.0	1399.4713708353904	0.0	0	0.0	2183.2766082763846	1	0	1	2.0842574321664076
140128.09987674156	3000.0	1189.6061954648446	0.0	0	0.0	2317.706072206405	1	0	0	1.674758740908277
141206.86403272697	3000.0	1110.8420394793966	0.0	0	0.0	2317.706072206405	1	0	1	1.8708144857734057
142378.23182863108	3000.0	939.4742435753202	0.0	0	0.0	2317.7060722064343	1	0	1	2.0708144857734028
143848.30102795313	3000.0	469.4050442532682	0.0	0	0.0	2317.7060722064634	1	0	1	2.0708144857733997
144603.3235424015	2000.0	714.3825298049453	0.0	0	0.0	2317.7060722064925	1	0	1	1.2598842695570673
145385.00744269625	2000.0	932.6986295101841	0.0	0	0.0	2317.7060722064925	1	0	1	1.665349377665232
146127.634583086	2000.0	1190.071489120464	0.0	0	0.0	2317.7060722064925	1	0	1	1.665349377665232
146871.83267344936	2000.0	1445.87339875711	0.0	0	0.0	2317.7060722064925	1	0	1	1.665349377665232
147847.32866898016	2000.0	1372.8278036732377	0.0	0	0.0	2220.1564726534416	1	0	2	1.2727770422436233
148894.86042318033	2000.0	1220.5428740530524	0.0	0	0.0	2115.4032972334244	1	0	2	1.4827467611906409
149758.78072120922	2000.0	1270.2305462212566	0.0	0	0.0	2029.0112674304983	1	0	2	1.4921822506979758
150532.08973299098	2000.0	1574.2524356177057	0.0	0	0.0	2106.3421686086804	1	0	0	1.088216251289611
151261.31403144918	3000.0	1917.9505670053636	0.0	0	0.0	2179.2645984544943	1	0	0	1.4811562462216996
152631.39855498087	3000.0	1684.874495826818	0.0	0	0.0	2316.2730508076784	1	0	0	1.8747751799323402
154207.8582386658	3000.0	1108.4148121419291	0.0	0	0.0	2316.2730508077075	1	0	1	1.8709577879132777
155817.86781776894	3000.0	659.4061909490645	0.0	0	0.0	2477.27400871797	1	0	0	1.6584201967219219
156812.77968895575	2000.0	664.4943197622774	0.0	0	0.0	2477.27400871797	1	0	1	1.0439274759059198
157799.86611803758	2000.0	677.4078906804679	0.0	0	0.0	2477.27400871797	1	0	1	1.6493925840140844
158528.2888564103	2000.0	948.9851523077247	0.0	0	0.0	2477.27400871797	1	0	1	1.6493925840140844
159616.2812093492	2000.0	860.9927993688151	0.0	0	0.0	2477.27400871797	1	0	1	1.6493925840140844
160232.45194513488	2000.0	1244.8220635831299	0.0	0	0.0	2477.27400871797	1	0	1	1.6493925840140844
160845.545770358	2000.0	1693.037620882332	0.0	0	0.0	2538.5833912403323	1	0	0	1.2447510253399128
162688.15882067432	3000.0	1034.6858755976796	0.0	0	0.0	2722.844696272019	1	0	0	1.4301601167548494
164203.04146801363	2000.0	519.8032282583513	0.0	0	0.0	2722.844696272048	1	0	1	1.0193704071505143
165033.5905681766	1000.0	689.254128095391	0.0	0	0.0	2722.8446962720773	1	0	1	0.23854115413878563
165694.65709906432	1000.0	1028.187597207635	0.0	0	0.0	2722.8446962720773	1	0	1	0.9316883346987284
166536.84543411486	1000.0	1185.9992621571182	0.0	0	0.0	2722.8446962721064	1	0	1	0.9316883346987255
167194.9658268819	1000.0	1527.8788693900628	0.0	0	0.0	2722.8446962720773	1	0	1	0.9316883346987272
168560.63277420326	2000.0	1162.211922068695	0.0	0	0.0	2722.8446962720773	1	0	1	0.9316883346987284
169293.82205268016	1000.0	1429.0226435918098	0.0	0	0.0	2722.8446962720773	1	0	1	0.2385411541387833
170110.44296440366	2000.0	1530.7396406959247	0.0	0	0.0	2641.1826050996897	1	0	2	0.5377288718233313
171232.38583652538	2000.0	1296.6024813620577	0.0	0	0.0	2528.9883178875607	1	0	2	1.441177477213465
172445.63918598418	2000.0	962.0237969573692	0.0	0	0.0	2407.6629829416925	1	0	2	1.4535888168331075
173398.95055962334	2000.0	913.3812859543048	0.0	0	0.0	2312.3318455778062	1	0	2	1.4633280837704676
174347.9873969437	2000.0	964.3444486339475	0.0	0	0.0	2312.3318455778062	1	0	1	1.4658868003281005
175306.50120112998	2000.0	1005.8306444476766	0.0	0	0.0	2312.3318455778062	1	0	1	1.6658868003281007
176123.5043705422	3000.0	1188.8274750354449	0.0	0	0.0	2312.3318455778353	1	0	1	1.6658868003281002
177821.6121740359	3000.0	490.71967154177594	0.0	0	0.0	2312.3318455778353	1	0	1	2.0713519084362626
178836.6349478787	2000.0	475.6968976989724	0.0	0	0.0	2312.3318455778062	1	0	1	1.260421692219936
179607.28759463577	2000.0	705.0442509419188	0.0	0	0.0	2312.3318455778353	1	0	1	1.6658868003280978
180305.40743918077	2000.0	1006.9244063969091	0.0	0	0.0	2312.3318455778062	1	0	1	1.6658868003281007
181515.71191398372	2000.0	796.619931593996	0.0	0	0.0	2312.3318455778062	1	0	1	1.6658868003281007
182697.48282402894	2000.0	614.8490215487925	0.0	0	0.0	2312.3318455778353	1	0	1	1.6658868003280978
183876.58298717896	2000.0	435.7488583987706	0.0	0	0.0	2312.3318455778353	1	0	1	1.6658868003280978
184581.57112234397	1000.0	730.7607232337677	0.0	0	0.0	2312.3318455778353	1	0	1	0.2795924392082074
185281.62622774966	1000.0	1030.705617828086	0.0	0	0.0	2312.3318455778353	1	0	1	0.9727396197681526
186261.87096935124	1000.0	1050.460876226504	0.0	0	0.0	2312.3318455778353	1	0	1	0.9727396197681526
187035.33127067477	1000.0	1277.000574903005	0.0	0	0.0	2312.3318455778353	1	0	1	0.9727396197681526
187494.63942847674	1000.0	1817.692417100994	0.0	0	0.0	2312.3318455778353	1	0	1	0.9727396197681526
188392.41766699217	2000.0	1830.1363547340202	0.0	0	0.0	2222.554021726275	1	0	2	0.5793995328776467
189200.0	2000.0	1941.7957884254165	0.0	0	120.09690468542976	2141.7957884255156	1	0	2	1.4801397241329264
190200.0	2000.0	1841.7957884254101	0.0	0	280.83870259078685	2041.7957884255156	1	0	2	1.4893013213050637
191412.13779337448	2000.0	1508.4442157134495	0.0	0	0.0	1920.5820090880443	1	0	2	1.501359339047893
192253.0299355526	2000.0	1667.552073535347	0.0	0	0.0	1920.5820090880734	1	0	1	1.5050617839770746
193200.0	2000.0	1815.2790155326784	0.0	0	120.41819487602334	2015.2790155328403	1	0	0	1.298564579736194
194500.1455151808	3000.0	1515.1335003518473	0.0	0	0.0	2015.2790155328112	1	0	1	1.4955920833326004
195539.64797209646	3000.0	1475.6310434362185	0.0	0	0.0	2015.2790155328112	1	0	1	2.101057191440765
196534.08734411755	3000.0	1481.1916714151214	0.0	0	0.0	2015.2790155328112	1	0	1	2.101057191440765
198181.25944563528	3000.0	834.019569897366	0.0	0	0.0	2015.2790155328112	1	0	1	2.101057191440765
199515.76863023246	3000.0	632.9613037599299	0.0	0	0.0	2148.729933992581	1	0	0	1.6913232320067606
200338.6020430606	2000.0	810.127890931799	0.0	0	0.0	2148.729933992581	1	0	1	1.0767818833784586
201098.0121608115	2000.0	1050.7177731808702	0.0	0	0.0	2148.729933992581	1	0	1	1.6822469914866232
201883.51629613442	2000.0	1265.2136378579326	0.0	0	0.0	2148.7299339926103	1	0	1	1.6822469914866203
202775.55857690264	2000.0	1373.1713570897098	0.0	0	0.0	2148.729933992581	1	0	1	1.6822469914866232
203519.65067517973	2000.0	1703.4884686403282	0.0	0	0.0	2223.139143820328	1	0	0	1.276700449556834
205099.73015153277	3000.0	1281.4169399226066	0.0	0	0.0	2381.147091455641	1	0	0	1.4629127483109479
206065.35058877486	3000.0	1412.3585464047273	0.0	0	0.0	2477.7091351798736	1	0	0	1.8573889676795992
207123.43776527813	3000.0	1354.2713699014748	0.0	0	0.0	2477.7091351798736	1	0	1	1.8548141794760589
208747.8449660382	3000.0	729.8641691414261	0.0	0	0.0	2477.7091351798736	1	0	1	2.054814179476059
209307.62633433388	1000.0	1170.082800845747	0.0	0	0.0	2477.7091351799027	1	0	1	-0.14241039786016374
210434.2057180081	2000.0	1043.5034171715215	0.0	0	0.0	2477.7091351799027	1	0	1	0.9562018908079458
211267.38393286182	2000.0	1210.3252023177577	0.0	0	0.0	2477.7091351798736	1	0	1	1.6493490713678927
212234.70372148522	2000.0	1339.7373925567251	0.0	0	0.0	2574.4411140422453	1	0	0	1.2419750461926073
212888.4198258192	2000.0	1751.3928986561552	0.0	0	0.0	2639.8127244756615	1	0	0	1.4348041477556126
213791.15718061305	3000.0	1848.6555438623122	0.0	0	0.0	2639.8127244756615	1	0	1	1.4331387124383153
214860.13581664028	3000.0	1672.7790442323728	0.0	0	0.0	2532.9148608729593	1	0	2	1.64677532902264
215957.08831828233	3000.0	1466.1312924260894	0.0	0	0.0	2423.2196107087075	1	0	2	1.8571568604389144
216633.5137383707	2000.0	1722.06333032888	0.0	0	0.0	2355.577068699844	1	0	2	1.054423299978394
217554.18890853124	3000.0	1709.3206431522588	0.0	0	0.0	2263.509551683761	1	0	2	1.4682022843388478
218559.26358857032	2000.0	1603.7384951092959	0.0	0	0.0	2163.002083679865	1	0	2	1.0730489293186045
219619.26125780487	3000.0	1437.7410589513186	0.0	0	0.0	2057.002316756436	1	0	2	1.4881479918727323
220849.34789968986	3000.0	1330.6630812548276	0.0	0	0.0	2180.010980944935	1	0	0	1.487569890133672
221809.3710688044	3000.0	1370.639912140335	0.0	0	0.0	2180.010980944935	1	0	1	1.8845839948995526
222560.97317306197	3000.0	1619.0378078827914	0.0	0	0.0	2180.010980944935	1	0	1	2.0845839948995524
223231.3363923515	3000.0	2015.7109105222235	0.0	0	0.0	2247.0473028739216	1	0	0	1.6798531640191032
224579.59487783132	3000.0	1802.2782735904027	0.0	0	0.0	2381.8731514219253	1	0	0	1.8687751522519136
225837.8563737725	3000.0	1544.0167776492297	0.0	0	0.0	2381.8731514219544	1	0	1	1.8643977778518508
227105.2991254622	3000.0	1276.57402595953	0.0	0	0.0	2381.8731514219253	1	0	1	2.0643977778518536
227923.84249045703	3000.0	1458.0306609646723	0.0	0	0.0	2381.8731514219253	1	0	1	2.0643977778518536
228945.24439820362	3000.0	1538.768943992754	0.0	0	0.0	2484.0133421965875	1	0	0	1.65714597642355
230738.72131568336	3000.0	745.2920265129812	0.0	0	0.0	2484.0133421965875	1	0	1	1.8541837587743872
231978.79769404026	2000.0	505.21564815608235	0.0	0	0.0	2484.0133421965875	1	0	1	1.2432535425580582
232880.8436710833	1000.0	603.1696711130536	0.0	0	0.0	2484.0133421965875	1	0	1	0.26242428954633223
234030.09877612622	1000.0	453.914566070094	0.0	0	0.0	2484.0133421965875	1	0	1	0.9555714701062774
234488.0626892593	1000.0	995.9506529370349	0.0	0	0.0	2484.0133421965875	1	0	1	0.9555714701062774
235107.10216558917	1000.0	1376.9111766071533	0.0	0	0.0	2484.0133421965875	1	0	1	0.9555714701062774
236039.6610116863	1000.0	1444.3523305100205	0.0	0	0.0	2484.0133421965875	1	0	1	0.9555714701062774
236651.6224270293	1000.0	1832.390915167019	0.0	0	0.0	2484.0133421965875	1	0	1	0.9555714701062774
237711.03578228483	2000.0	1667.0362243859413	0.0	0	0.0	2378.07200667102	1	0	2	0.5636111857354353
238214.0450016352	2000.0	2113.7260831005533	0.0	0	0.0	2327.771084736014	1	0	2	1.4633387609357944
239200.0	3000.0	2029.1755848992746	0.0	0	83.45649690611754	2229.1755848995235	1	0	2	1.4709497624355246
240713.22405590783	3000.0	1364.6291234006371	0.0	0	0.0	2077.853179308673	1	0	2	1.890418517650419
242372.80948652874	3000.0	871.0022358418253	0.0	0	0.0	2243.8117223707086	1	0	0	1.4816037330724268
243503.2213982623	3000.0	853.6315152816182	0.0	0	0.0	2356.8529135440476	1	0	0	1.8692785161416263
244094.6156089519	3000.0	1262.23730459203	0.0	0	0.0	2356.8529135440476	1	0	1	1.8668998016396436
246135.95344198451	3000.0	220.89947155939	0.0	0	0.0	2356.8529135440185	1	0	1	2.066899801639642
246584.74538567703	1000.0	780.1645338344457	8.05700596756239	0	0.0	2364.909919511585	1	0	1	-0.17947251209870652
247560.3224155419	2000.0	804.5875039695936	0.0	0	0.0	2364.909919511585	1	0	1	0.9674818123747777
248357.25208170508	2000.0	1007.6578378063771	0.0	0	0.0	2364.909919511556	1	0	1	1.660628992934725
249228.8488327127	2000.0	1223.2207618995046	0.0	0	0.0	2452.069594612316	1	0	0	1.2539390326098951
250083.1425512388	3000.0	1368.9270433734036	0.0	0	0.0	2452.069594612316	1	0	1	1.45191302542465
251673.4354236252	3000.0	778.6341709869968	0.0	0	0.0	2452.069594612258	1	0	1	2.057378133532819
253024.0583357834	2000.0	428.0112588287883	0.0	0	0.0	2452.069594612258	1	0	1	1.246447917316491
253344.2717027538	1000.0	1107.7978918584158	0.0	0	0.0	2452.069594612258	1	0	1	0.2656186643047652
254425.816743887	2000.0	1026.2528507252327	0.0	0	0.0	2452.069594612258	1	0	1	0.9587658448647104
255501.3910971341	2000.0	950.6784974781197	0.0	0	0.0	2452.069594612258	1	0	1	1.6519130254246557
256774.29310568745	2000.0	677.7764889247964	0.0	0	0.0	2452.069594612287	1	0	1	1.6519130254246526
258005.4492704754	2000.0	446.6203241368541	0.0	0	0.0	2452.069594612287	1	0	1	1.6519130254246526
258412.43874702093	1000.0	1039.6308475913374	0.0	0	0.0	2452.069594612316	1	0	1	0.26561866430475944
259288.93693570906	2000.0	1163.1326589032287	0.0	0	0.0	2452.069594612287	1	0	1	0.9587658448647067
259963.9791414537	2000.0	1555.5946737330464	0.0	0	0.0	2519.5738151867117	1	0	0	1.246801431544894
261034.04111117698	2000.0	1592.538900982079	0.0	0	0.0	2626.5800121590437	1	0	0	1.4373844361297994
261966.7047762264	2000.0	1566.6088694276991	0.0	0	0.0	2533.313645654096	1	0	2	1.0413284539758119
263216.2457964231	2000.0	1192.1137472112964	0.0	0	0.0	2408.359543634433	1	0	2	1.4538170543562867
264017.04550135095	2000.0	1311.234071790718	0.0	0	0.0	2328.2795731417136	1	0	2	1.462239082335802
264784.1351905243	2000.0	1620.8533515347222	0.0	0	0.0	2404.988542059029	1	0	0	1.0586252134415097
266049.0655840121	3000.0	1355.9229580469614	0.0	0	0.0	2404.988542059029	1	0	1	1.4566211306799786
267336.20345296897	2000.0	940.0713021943915	0.0	0	0.0	2276.274755163351	1	0	2	0.8609743431796556
268066.6314362658	2000.0	1136.6005205679712	0.0	0	0.0	2203.231956833799	1	0	2	1.474889423674921
268870.46471734496	2000.0	1332.7672394888455	0.0	0	0.0	2203.231956833799	1	0	1	1.4767967892025013
270340.6938798401	3000.0	1009.5609932432455	0.0	0	0.0	2350.254873083264	1	0	0	1.2660145088769963
271290.8872597751	2000.0	1059.3676133082013	0.0	0	0.0	2350.254873083264	1	0	1	1.0566293894693901
271942.2077352692	2000.0	1473.1791853634838	0.0	0	0.0	2415.3869206327363	1	0	0	1.2571279254218761
272902.9107922106	2000.0	1608.5464341162833	0.0	0	0.0	2511.457226326922	1	0	0	1.448296832967036
273839.92825262964	3000.0	1765.2307197390976	0.0	0	0.0	2605.1589723687503	1	0	0	1.4387690135954754
274948.571920519	3000.0	1545.722685060809	0.0	0	0.0	2494.2946055798675	1	0	2	1.4501716606984194
277168.15111805435	3000.0	200.0	87.10402929821116	0	0.0	2368.151118054404	1	0	2	1.345367222851841
277691.3381455449	1000.0	736.9945925887324	60.18162007928143	0	0.0	2428.3327381336712	1	0	1	-0.6985624786312294
278542.6325712008	2000.0	885.7001669329568	0.0	0	0.0	2428.3327381336712	1	0	1	0.9611395305125692
279334.28190344526	2000.0	1094.0508346884972	0.0	0	0.0	2428.3327381337876	1	0	1	1.6542867110725037
279987.3919387166	3000.0	1440.94079941718	0.0	0	0.0	2428.3327381337876	1	0	1	1.6542867110725028
280670.49439103925	3000.0	1757.8383470945514	0.0	0	0.0	2428.332738133846	1	0	1	2.0597518191806614
281337.76230555325	3000.0	2023.8436411291545	0.0	0	0.0	2361.6059466823936	1	0	2	1.66437832760848
282360.60656432225	3000.0	1898.714956483279	0.0	0	0.0	2259.3215208054753	1	0	2	1.8738515154860242
283526.5977423156	3000.0	1616.1246606906252	0.0	0	0.0	2142.7224030061043	1	0	2	1.8853465850369169
284924.77865344955	3000.0	1078.1256584433067	0.0	0	0.0	2002.904311892693	1	0	2	1.8980558316492582
285808.9378332937	3000.0	1282.3823965835718	0.0	0	0.0	2091.3202298770775	1	0	0	1.4956435291580008
286684.2529953316	3000.0	1494.5987507493944	0.0	0	0.0	2178.8517460808507	1	0	0	1.8868206550890574
287649.2033170443	3000.0	1626.1434612079713	0.0	0	0.0	2275.346778252162	1	0	0	1.8776675965722038
288809.2369197454	3000.0	1582.1132187769579	0.0	0	0.0	2391.350138522277	1	0	0	1.866875819848787
289987.0683257323	3000.0	1404.281812790095	0.0	0	0.0	2391.350138522277	1	0	1	1.8634500791418185
290987.2004365024	3000.0	1404.1497020200563	0.0	0	0.0	2391.350138522277	1	0	1	2.0634500791418184
292084.11236440216	3000.0	1197.5465813303244	0.0	0	0.0	2281.658945732226	1	0	2	1.6716215974809603
293108.2343026438	3000.0	1275.8368369128436	0.0	0	0.0	2384.071139556356	1	0	0	1.4669541910034376
294374.47297310474	3000.0	1136.222033497996	0.0	0	0.0	2510.6950066024438	1	0	0	1.8547921148352877
295760.9887797028	3000.0	888.3578075597001	0.0	0	0.0	2649.346587262233	1	0	0	1.8415774744688678
296919.9932665038	2000.0	729.3533207586761	0.0	0	0.0	2649.346587262233	1	0	1	1.0267202180514934
298131.3207504547	2000.0	518.0258368077393	0.0	0	0.0	2649.3465872621746	1	0	1	1.632185326159664
298904.5190692057	2000.0	744.8275180567241	0.0	0	0.0	2649.3465872621746	1	0	1	1.632185326159664
299418.68281993555	2000.0	1230.6637673268376	0.0	0	0.0	2649.3465872621746	1	0	1	1.632185326159664
300146.76890579605	3000.0	1502.57768146632	0.0	0	0.0	2649.3465872621164	1	0	1	1.6321853261596664
301016.93852391606	3000.0	1632.4080633463568	0.0	0	0.0	2649.3465872621164	1	0	1	2.0376504342678343
3.2	2.61	2.47	1.85	2.68	2.43	2.35	2.28	2.59	2.56	2.04	1.7	1.66	1.64	1.44	1.29	1.75	1.62	2.12	1.95	1.95	2.65	2.53	2.64	3.54	2.28	2.11	1.66	2.44	2.4	1.87	1.77	1.61	1.48	1.07	1.46	2.17	2.47	2.05	2.28	1.51	2.54	2.78	3.64	3.35	2.44	1.63	2.29	2.2	2.21	2.25	2.47	2.36	2.42	3.35	3.23	2.35	1.24	1.56	2.03	2.7	3.23	2.76	3.57	1.77	2.68	2.51	2.77	2.27	2.7	3.52	4.53	3.26	1.84	2.84	3.0	3.78	2.7	2.19	2.04	1.77	1.31	1.01	2.12	1.27	1.6	2.62	3.94	2.71	1.9	2.04	2.94	4.23	2.17	1.62	2.15	2.33	2.94	3.56	2.27	2.19	1.34	2.77	1.96	1.92	2.14	1.32	2.28	3.2	1.93	2.26	1.59	2.92	3.21	1.95	1.99	2.47	2.58	2.34	1.96	2.64	2.58	3.01	2.88	1.49	1.98	1.92	2.66	3.79	5.03	3.2	2.7	3.2	2.35	2.77	3.92	3.98	2.68	3.2	3.57	2.64	2.72	2.42	2.59	2.15	2.25	1.9	2.94	3.51	2.33	3.2	2.61	2.47	1.85	2.68	2.43	2.35	2.28	2.59	2.56	2.04	1.7	1.66	1.64	1.44	1.29	1.75	1.62	2.12	1.95	1.95	2.65	2.53	2.64	3.54	2.28	2.11	1.66	2.44	2.4	1.87	1.77	1.61	1.48	1.07	1.46	2.17	2.47	2.05	2.28	1.51	2.54	2.78	3.64	3.35	2.44	1.63	2.29	2.2	2.21	2.25	2.47	2.36	2.42	3.35	3.23	2.35	1.24	1.56	2.03	2.7	3.23	2.76	3.57	1.77	2.68	2.51	2.77	2.27	2.7	3.52	4.53	3.26	1.84	2.84	3.0	3.78	2.7	2.19	2.04	1.77	1.31	1.01	2.12	1.27	1.6	2.62	3.94	2.71	1.9	2.04	2.94	4.23	2.17	1.62	2.15	2.33	2.94	3.56	2.27	2.19	1.34	2.77	1.96	1.92	2.14	1.32	2.28	3.2	1.93	2.26	1.59	2.92	3.21	1.95	1.99	2.47	2.58	2.34	1.96	2.64	2.58	3.01	2.88	1.49	1.98	1.92	2.66	3.79	5.03	3.2	2.7	3.2	2.35	2.77	3.92	3.98	2.68	3.2	3.57	2.64	2.72	2.42	2.59	2.15	2.25	1.9	2.94	3.51	2.33	3.2	2.61	2.47
1.0	2.0	3.0	4.0	5.0	6.0	7.0	8.0	9.0	10.0	11.0	12.0	13.0	14.0	15.0	16.0	17.0	18.0	19.0	20.0	21.0	22.0	23.0	24.0	25.0	26.0	27.0	28.0	29.0	30.0	31.0	32.0	33.0	34.0	35.0	36.0	37.0	38.0	39.0	40.0	41.0	42.0	43.0	44.0	45.0	46.0	47.0	48.0	49.0	50.0	51.0	52.0	53.0	54.0	55.0	56.0	57.0	58.0	59.0	60.0	61.0	62.0	63.0	64.0	65.0	66.0	67.0	68.0	69.0	70.0	71.0	72.0	73.0	74.0	75.0	76.0	77.0	78.0	79.0	80.0	81.0	82.0	83.0	84.0	85.0	86.0	87.0	88.0	89.0	90.0	91.0	92.0	93.0	94.0	95.0	96.0	97.0	98.0	99.0	100.0	101.0	102.0	103.0	104.0	105.0	106.0	107.0	108.0	109.0	110.0	111.0	112.0	113.0	114.0	115.0	116.0	117.0	118.0	119.0	120.0	121.0	122.0	123.0	124.0	125.0	126.0	127.0	128.0	129.0	130.0	131.0	132.0	133.0	134.0	135.0	136.0	137.0	138.0	139.0	140.0	141.0	142.0	143.0	144.0	145.0	146.0	147.0	148.0	149.0	149.0	150.0	151.0	152.0	153.0	154.0	155.0	156.0	157.0	158.0	159.0	160.0	161.0	162.0	163.0	164.0	165.0	166.0	167.0	168.0	169.0	170.0	171.0	172.0	173.0	174.0	175.0	176.0	177.0	178.0	179.0	180.0	181.0	182.0	183.0	184.0	185.0	186.0	187.0	188.0	189.0	190.0	191.0	192.0	193.0	194.0	195.0	196.0	197.0	198.0	199.0	200.0	201.0	202.0	203.0	204.0	205.0	206.0	207.0	208.0	209.0	210.0	211.0	212.0	213.0	214.0	215.0	216.0	217.0	218.0	219.0	220.0	221.0	222.0	223.0	224.0	225.0	226.0	227.0	228.0	229.0	230.0	231.0	232.0	233.0	234.0	235.0	236.0	237.0	238.0	239.0	240.0	241.0	242.0	243.0	244.0	245.0	246.0	247.0	248.0	249.0	250.0	251.0	252.0	253.0	254.0	255.0	256.0	257.0	258.0	259.0	260.0	261.0	262.0	263.0	264.0	265.0	266.0	267.0	268.0	269.0	270.0	271.0	272.0	273.0	274.0	275.0	276.0	277.0	278.0	279.0	280.0	281.0	282.0	283.0	284.0	285.0	286.0	287.0	288.0	289.0	290.0	291.0	292.0	293.0	294.0	295.0	296.0	297.0	298.0	298.0	299.0	300.0	301.0
2018.6043003120026
