4334.337541740528	300.0	2000.0	178.1484428026468	0	0.0	4334.337541740528	1	0	2	-1.898506458903066
5167.0062902671425	1000.0	2167.3312514733852	0.0	0	0.0	4334.337541740528	1	0	1	-0.6334337541740528
6273.111066664462	1000.0	1950.6159974363345	0.0	0	0.0	4223.727064100796	1	0	2	0.379673376094743
6815.460636404665	1000.0	2354.0314707221114	0.0	0	0.0	4169.492107126776	1	0	2	0.5856220085405688
7841.949482915558	2000.0	2224.893739560128	0.0	0	0.0	4066.843222475686	1	0	2	0.5945879151342099
8848.689576684657	2000.0	2117.4796364141157	0.0	0	0.0	3966.169213098772	1	0	2	1.2979620392282702
9601.876218762864	2000.0	2288.9743301280882	0.0	0	0.0	3890.8505488909504	1	0	2	1.306036526618191
10628.900931502452	2000.0	2159.247146114541	0.0	0	0.0	3788.148077616992	1	0	2	1.3150891078200062
11889.56052869115	2000.0	1772.5215892069737	0.0	0	0.0	3662.0821178981223	1	0	2	1.328099070861961
12850.899809531167	2000.0	1715.048380282956	0.0	0	0.0	3565.948189814122	1	0	2	1.3381435601754998
13717.588518133687	2000.0	1761.690800820184	0.0	0	0.0	3479.2793189538697	1	0	2	1.346887269441479
15904.797697404007	2000.0	355.76070362283235	0.0	0	0.0	3260.5584010268376	1	0	2	1.3656307360484596
17036.51825699626	1000.0	404.35392908382346	180.3137850532392	0	0.0	3440.8721860800833	1	0	1	-1.1151443051614525
17865.37332079535	1000.0	575.4988652847361	0.0	0	0.0	3440.872186080085	1	0	1	0.8598855857179277
18781.335023802283	1000.0	659.5371622778022	0.0	0	0.0	3440.872186080087	1	0	1	0.8598855857179277
19436.206292675946	1000.0	1004.6658934041363	0.0	0	0.0	3440.8721860800833	1	0	1	0.8598855857179275
19983.758996802575	1000.0	1457.113189277505	0.0	0	0.0	3440.8721860800833	1	0	1	0.8598855857179277
20501.708883259787	1000.0	1939.1633028202918	0.0	0	0.0	3440.8721860800797	1	0	1	0.8598855857179283
21679.455302983937	2000.0	1643.6422411237309	0.0	0	0.0	3323.09754410767	1	0	2	0.46764395014826715
22572.24307140331	1000.0	1750.8544727043554	0.0	0	0.0	3323.09754410767	1	0	1	-0.021484130644776223
24285.063653297893	2000.0	866.7518326203115	0.0	0	0.0	3151.815485918207	1	0	2	0.4847220206654978
24836.390420843818	1000.0	1260.2923883197939	0.0	0	0.0	3096.682809163616	1	0	2	-0.00015788887901294069
25645.976371140012	1000.0	1369.7478429939847	0.0	0	0.0	3015.724214134003	1	0	2	0.7002240880898776
26551.282981370812	1000.0	1464.44123276318	0.0	0	0.0	3015.724214134003	1	0	1	0.7024003829125357
28413.880073091303	1000.0	601.8441410426881	0.0	0	0.0	3015.724214134003	1	0	1	0.9024003829125359
29464.337558243395	1000.0	551.386655890597	0.0	0	0.0	3015.724214134003	1	0	1	0.9024003829125359
30483.507083750184	1000.0	532.2171303838065	0.0	0	0.0	3015.724214134003	1	0	1	0.9024003829125359
31091.246597357585	1000.0	924.477616776405	0.0	0	0.0	3015.724214134003	1	0	1	0.9024003829125359
31680.34713915856	1000.0	1335.37707497543	0.0	0	0.0	3015.724214134003	1	0	1	0.9024003829125359
32443.935032297213	2000.0	1571.7891818367739	0.0	0	0.0	3015.724214134003	1	0	1	0.9024003829125357
33809.97204804751	2000.0	1069.1484645114497	0.0	0	0.0	2879.120512558973	1	0	2	1.2047058598532447
34494.82720156929	1000.0	1384.2933109896624	0.0	0	0.0	2879.120512558973	1	0	1	0.022913572510093794
35941.89275850982	2000.0	792.5211983550795	0.0	0	0.0	2734.413956864919	1	0	2	0.5267266356187444
36783.01779657313	1000.0	951.3961602917741	0.0	0	0.0	2734.413956864919	1	0	1	0.03738422807949898
37537.01651261552	1000.0	1197.3974442493818	0.0	0	0.0	2734.4139568649116	1	0	1	0.9305314086394451
38395.73123889586	1000.0	1338.682717969051	0.0	0	0.0	2734.413956864919	1	0	1	0.9305314086394443
39145.5163533535	1000.0	1588.8976035114133	0.0	0	0.0	2734.4139568649116	1	0	1	0.9305314086394451
39824.17235943975	1000.0	1910.2415974251662	0.0	0	0.0	2734.4139568649116	1	0	1	0.9305314086394451
41270.02200606747	2000.0	1319.8069861346714	0.0	0	0.0	2589.828992202136	1	0	2	0.54145131152033
42754.688446497545	2000.0	686.6739016615882	0.0	0	0.0	2441.3623481591203	1	0	2	1.448436597375051
43362.39191978433	1000.0	1078.9704283748056	0.0	0	0.0	2441.3623481591203	1	0	1	0.06668938895007881
44440.2766228914	2000.0	1001.085725267732	0.0	0	0.0	2441.3623481591203	1	0	1	0.9598365695100242
45186.904932054276	1000.0	1254.4574161048522	0.0	0	0.0	2441.3623481591203	1	0	1	0.266689388950079
46748.02027072246	2000.0	693.3420774366756	0.0	0	0.0	2441.3623481591203	1	0	1	0.9598365695100242
47921.61987703309	1000.0	519.7424711260535	0.0	0	0.0	2441.3623481591203	1	0	1	0.266689388950079
48523.964609783136	1000.0	917.3977383760052	0.0	0	0.0	2441.3623481591203	1	0	1	0.9598365695100242
49442.284732220716	1000.0	999.07761593843	0.0	0	0.0	2441.3623481591203	1	0	1	0.9598365695100242
50137.44171764053	1000.0	1303.9206305186058	0.0	0	0.0	2441.3623481591203	1	0	1	0.9598365695100242
51001.10368963622	1000.0	1440.2586585229185	0.0	0	0.0	2441.3623481591203	1	0	1	0.9598365695100242
52610.7110104645	1000.0	830.6513376946336	0.0	0	0.0	2441.362348159113	1	0	1	0.9598365695100248
53700.87059895947	1000.0	740.4917491996729	0.0	0	0.0	2441.362348159113	1	0	1	0.9598365695100248
54565.31181758338	1000.0	876.050530575756	0.0	0	0.0	2441.362348159113	1	0	1	0.9598365695100248
55551.298079383625	1000.0	890.0642687755098	0.0	0	0.0	2441.3623481591057	1	0	1	0.9598365695100255
56545.35166775788	1000.0	896.0106804012512	0.0	0	0.0	2441.3623481591057	1	0	1	0.9598365695100255
57198.06259184983	1000.0	1243.2997563092938	0.0	0	0.0	2441.3623481591057	1	0	1	0.9598365695100255
57945.414786647394	1000.0	1495.9475615117337	0.0	0	0.0	2441.3623481591057	1	0	1	0.9598365695100255
59477.86239495538	1000.0	963.499953203747	0.0	0	0.0	2441.3623481591057	1	0	1	0.9598365695100255
60558.9898234644	1000.0	882.3725246947287	0.0	0	0.0	2441.3623481591057	1	0	1	0.9598365695100255
61296.82870369948	1000.0	1144.5336444596448	0.0	0	0.0	2441.3623481591057	1	0	1	0.9598365695100255
61903.10421764091	1000.0	1538.2581305182268	0.0	0	0.0	2441.3623481591057	1	0	1	0.9598365695100255
63578.37278955183	2000.0	862.9895586073121	0.0	0	0.0	2441.3623481591057	1	0	1	0.9598365695100255
64398.32739583862	1000.0	1043.0349523205232	0.0	0	0.0	2441.3623481591057	1	0	1	0.26668938895008043
65255.864170809145	1000.0	1185.4981773499965	0.0	0	0.0	2441.3623481591057	1	0	1	0.9598365695100255
65869.52337504848	1000.0	1571.8389731106597	0.0	0	0.0	2441.3623481591057	1	0	1	0.9598365695100255
66590.23958614483	1000.0	1851.122762014305	0.0	0	0.0	2441.3623481591057	1	0	1	0.9598365695100259
67593.90623557297	1000.0	1847.4561125861799	0.0	0	0.0	2441.3623481591276	1	0	1	0.9598365695100239
68200.0	1000.0	2241.362348159162	0.0	0	38.35783342779905	2441.3623481591203	1	0	1	0.959836569510024
69656.02089761596	2000.0	1639.7393607816095	0.0	0	0.0	2295.760258397524	1	0	2	0.5712247998849338
70791.68291731998	2000.0	1390.5111391071953	0.0	0	0.0	2182.1940564271354	1	0	2	1.4761269878658003
72322.28761630224	2000.0	706.8459702266887	0.0	0	0.0	2029.1335865288856	1	0	2	1.4907861690995379
73046.29004695296	2000.0	910.4432965108887	0.0	0	0.0	1956.733343463813	1	0	2	1.499640680278737
74153.98517162331	2000.0	802.7481718405414	0.0	0	0.0	1956.733343463813	1	0	1	1.5014466505394999
75039.78425641809	1000.0	916.9490870457671	0.0	0	0.0	1956.733343463813	1	0	1	0.3151522894196097
75881.39676011134	1000.0	1075.336583352515	0.0	0	0.0	1956.733343463813	1	0	1	1.0082994699795549
77134.20609060774	1000.0	822.5272528561179	0.0	0	0.0	1956.7333434638276	1	0	1	1.0082994699795536
77979.11927368253	1000.0	977.6140697813183	0.0	0	0.0	1956.733343463813	1	0	1	1.0082994699795549
78882.94376350848	1000.0	1073.7895799553714	0.0	0	0.0	1956.733343463813	1	0	1	1.0082994699795549
79682.83319697164	1000.0	1273.9001464922103	0.0	0	0.0	1956.733343463813	1	0	1	1.0082994699795549
80302.01944786157	1000.0	1654.7138956022761	0.0	0	0.0	1956.7333434637985	1	0	1	1.0082994699795564
81254.54691857978	2000.0	1702.1864248840595	0.0	0	0.0	1956.7333434637985	1	0	1	1.0082994699795562
82609.77510954672	2000.0	1211.4354148204247	0.0	0	0.0	1821.210524367125	1	0	2	1.3116225540949924
83692.83325165858	2000.0	1020.071458497389	0.0	0	0.0	1712.9047101559554	1	0	2	1.5229603447454758
85774.16684815483	2000.0	211.63887006628073	272.9010080651376	0	0.0	1985.805718221105	1	0	1	-0.13881857910380113
86288.01688878833	1000.0	736.5945870759735	38.805757643203435	0	0.0	2024.6114758643089	1	0	1	0.07552993032033944
86869.89076475521	1000.0	1154.7207111090863	0.0	0	0.0	2024.6114758643089	1	0	1	1.0015116567395053
87958.37758234121	2000.0	1066.2338935230805	0.0	0	0.0	2024.6114758642943	1	0	1	1.0015116567395068
89317.80189115474	2000.0	706.809584709548	0.0	0	0.0	2024.6114758642943	1	0	1	1.694658837299452
89856.08529237534	1000.0	1168.5261834889475	0.0	0	0.0	2024.6114758642943	1	0	1	0.30836447617956164
90523.20438526895	1000.0	1501.40709059534	0.0	0	0.0	2024.6114758642943	1	0	1	1.0015116567395068
91428.8625396119	2000.0	1595.7489362523963	0.0	0	0.0	2024.6114758642943	1	0	1	1.0015116567395068
92782.81272909275	2000.0	1241.7987467715566	0.0	0	0.0	2024.6114758642943	1	0	1	1.694658837299452
94081.09060191223	2000.0	943.5208739520867	0.0	0	0.0	2024.6114758643089	1	0	1	1.6946588372994502
94923.31939370696	1000.0	1101.2920821573632	0.0	0	0.0	2024.6114758642943	1	0	1	0.30836447617956164
95390.03636937248	1000.0	1634.575106491843	0.0	0	0.0	2024.6114758642943	1	0	1	1.0015116567395068
96415.69099963289	2000.0	1608.920476231423	0.0	0	0.0	2024.6114758642943	1	0	1	1.0015116567395068
97396.5734764573	2000.0	1529.9497517245802	0.0	0	0.0	1926.5232281818608	1	0	2	1.3017620665708356
99289.1896699271	2000.0	448.0719389077995	0.0	0	0.0	1737.2616088348732	1	0	2	1.5180794059724743
100128.33530328989	1000.0	608.9263055450231	0.0	0	0.0	1737.2616088348877	1	0	1	0.13709946288250202
100926.04060156943	1000.0	811.221007265476	0.0	0	0.0	1737.2616088348877	1	0	1	1.0302466434424475
101720.30733008802	1000.0	1016.954278746882	0.0	0	0.0	1737.2616088348877	1	0	1	1.0302466434424475
102891.95033084287	1000.0	845.3112779920341	0.0	0	0.0	1737.2616088348877	1	0	1	1.0302466434424475
103955.0193564928	1000.0	782.2422523420744	0.0	0	0.0	1737.2616088348877	1	0	1	1.0302466434424475
104684.50196947619	1000.0	1052.7596393586934	0.0	0	0.0	1737.2616088348877	1	0	1	1.0302466434424475
105652.73208073307	1000.0	1084.529528101808	0.0	0	0.0	1737.2616088348877	1	0	1	1.0302466434424475
107012.70962356636	1000.0	724.5519852684929	0.0	0	0.0	1737.2616088348877	1	0	1	1.0302466434424475
108151.9541557417	1000.0	585.3074530931602	0.0	0	0.0	1737.2616088348877	1	0	1	1.0302466434424475
108966.3759020106	1000.0	770.8857068242588	0.0	0	0.0	1737.2616088348877	1	0	1	1.0302466434424475
109969.37490135859	1000.0	767.8867074762684	0.0	0	0.0	1737.2616088348877	1	0	1	1.0302466434424475
110793.98467111851	1000.0	943.27693771636	0.0	0	0.0	1737.2616088348877	1	0	1	1.0302466434424475
111541.88729701261	1000.0	1195.3743118222762	0.0	0	0.0	1737.2616088348877	1	0	1	1.0302466434424475
113582.46687313548	2000.0	200.0	45.205264300590954	0	0.0	1782.4668731354905	1	0	1	0.7581109523528884
114786.86141527024	1000.0	349.3250175444433	353.7195596791901	0	0.0	2136.186432814662	1	0	1	-1.8251103775906155
115638.49555034142	1000.0	610.809742993426	113.11886052017564	0	0.0	2249.305293334837	1	0	1	0.30032911187139855
116715.74254172908	1000.0	533.5627516057752	0.0	0	0.0	2249.305293334837	1	0	1	0.9790422749924526
117536.89834357653	1000.0	712.4069497583423	0.0	0	0.0	2249.3052933348517	1	0	1	0.979042274992451
118200.22503653078	1000.0	1049.0802568040972	0.0	0	0.0	2249.3052933348517	1	0	1	0.979042274992451
118953.72404331792	1000.0	1295.581250016968	0.0	0	0.0	2249.3052933348517	1	0	1	0.979042274992451
119464.43298471316	1000.0	1784.8723086217356	0.0	0	0.0	2249.3052933348663	1	0	1	0.9790422749924497
120458.15184515806	2000.0	1691.7815621323207	0.0	0	0.0	2149.9334072903584	1	0	2	0.5864114179009268
121643.82753030375	2000.0	1387.5383084720634	0.0	0	0.0	2031.3658387757896	1	0	2	1.4907805166203418
123358.02664372534	2000.0	501.9192837083021	0.0	0	0.0	1859.945927433626	1	0	2	1.5061161469740447
124107.60752056172	1000.0	752.3384068719174	0.0	0	0.0	1859.945927433626	1	0	1	0.12483103102262827
124683.42730476786	1000.0	1176.5186226657797	0.0	0	0.0	1859.945927433626	1	0	1	1.0179782115825735
126235.77433808231	2000.0	624.1715893513356	0.0	0	0.0	1859.945927433626	1	0	1	1.0179782115825735
127042.39585088495	1000.0	817.5500765486946	0.0	0	0.0	1859.945927433626	1	0	1	0.32483103102262845
127836.05010876585	1000.0	1023.8958186677944	0.0	0	0.0	1859.945927433626	1	0	1	1.0179782115825735
128445.34242264324	1000.0	1414.6035047904202	0.0	0	0.0	1859.945927433626	1	0	1	1.0179782115825735
129403.25668917726	2000.0	1456.6892382563951	0.0	0	0.0	1859.945927433626	1	0	1	1.0179782115825735
132258.28774109078	2000.0	200.0	598.3418136571365	0	0.0	2458.287741090753	1	0	1	-1.902950550368311
132689.09482872806	500.0	783.2026689328092	14.009756570081294	0	0.0	2472.297497660853	1	0	1	-1.2067570265404717
133372.2628783912	1000.0	1100.0346192696832	0.0	0	0.0	2472.2974976608384	1	0	1	0.26359587399990697
133997.35797041672	1000.0	1474.939527244127	0.0	0	0.0	2472.297497660853	1	0	1	0.9567430545598509
135027.1643161104	2000.0	1445.1331815504404	0.0	0	0.0	2472.297497660853	1	0	1	0.956743054559851
137084.8785500936	2000.0	200.0	16.684068937343554	0	0.0	2284.87855009365	1	0	2	1.1632353684548138
138096.8793152258	1000.0	462.4570161307209	274.4577812629156	0	0.0	2559.3363313565787	1	0	1	-1.5918546969471605
138709.7545617955	1000.0	849.581769560999	0.0	0	0.0	2559.3363313565787	1	0	1	0.9480391711902783
139453.34304433365	1000.0	1105.993287022864	0.0	0	0.0	2559.3363313565787	1	0	1	0.9480391711902783
139998.02156793734	1000.0	1561.314763419188	0.0	0	0.0	2559.3363313565787	1	0	1	0.9480391711902783
141067.8966133498	2000.0	1491.4397180067408	0.0	0	0.0	2559.3363313565787	1	0	1	0.9480391711902783
142835.64079021203	2000.0	723.6955411444874	0.0	0	0.0	2559.3363313565496	1	0	1	1.641186351750226
143688.42912908064	1000.0	870.9072022758519	0.0	0	0.0	2559.3363313565787	1	0	1	0.2548919906303331
144261.93324555203	1000.0	1297.4030858044769	0.0	0	0.0	2559.3363313565787	1	0	1	0.9480391711902783
145206.5835696017	2000.0	1352.7527617548028	0.0	0	0.0	2559.3363313565787	1	0	1	0.9480391711902783
146572.46132392893	2000.0	986.8750074275654	0.0	0	0.0	2559.3363313565787	1	0	1	1.6411863517502234
147564.65294849168	1000.0	994.6833828647739	0.0	0	0.0	2559.3363313565787	1	0	1	0.2548919906303331
148546.5316022776	1000.0	1012.8047290788573	0.0	0	0.0	2559.3363313565787	1	0	1	0.9480391711902783
149185.30238885368	1000.0	1374.0339425027692	0.0	0	0.0	2559.3363313565787	1	0	1	0.9480391711902783
150363.21403040036	2000.0	1196.1223009561136	0.0	0	0.0	2559.3363313565787	1	0	1	0.9480391711902783
150956.53295542664	1000.0	1602.8033759298125	0.0	0	0.0	2559.336331356608	1	0	1	0.2548919906303302
152012.28765329093	2000.0	1441.4732082790963	0.0	0	0.0	2453.760861570161	1	0	2	0.5557384705240475
153388.4896226582	2000.0	927.651041975059	0.0	0	0.0	2316.1406646333926	1	0	2	1.4615779110712404
155070.75982192234	2000.0	245.38084271093166	0.0	0	0.0	2316.1406646333926	1	0	1	1.4655059184225419
155783.30486987758	1000.0	650.9706774830859	118.13488272736589	0	0.0	2434.2755473607685	1	0	1	-0.4414112273342812
156327.2268188106	1000.0	1107.048728550068	0.0	0	0.0	2434.2755473607685	1	0	1	0.9605452495898593
157611.91864808142	2000.0	822.3568992792553	0.0	0	0.0	2434.2755473607685	1	0	1	0.9605452495898592
158461.33386713325	2000.0	972.9416802274139	0.0	0	0.0	2434.2755473607685	1	0	1	1.6536924301498044
159517.473004252	2000.0	916.8025431086487	0.0	0	0.0	2434.2755473607685	1	0	1	1.6536924301498044
160154.60316641658	1000.0	1279.6723809440803	0.0	0	0.0	2434.2755473607976	1	0	1	0.2673980690299118
160992.0453589147	2000.0	1442.2301884459503	0.0	0	0.0	2434.2755473607976	1	0	1	0.9605452495898563
161648.70060771046	2000.0	1851.2404645297465	0.0	0	0.0	2499.9410722403554	1	0	0	1.2488724512147396
163783.75489040263	3000.0	716.1861818375738	0.0	0	0.0	2499.9410722403263	1	0	1	1.447125877661847
164618.54338290097	1000.0	881.397689339233	0.0	0	0.0	2499.9410722403263	1	0	1	-0.14463359156620614
165805.40181864754	1000.0	694.5392535926503	0.0	0	0.0	2499.9410722403263	1	0	1	0.9539786971019035
167090.9184911597	1000.0	409.0225810804788	0.0	0	0.0	2499.9410722403263	1	0	1	0.9539786971019035
167866.11521166962	1000.0	633.8258605705881	0.0	0	0.0	2499.9410722403263	1	0	1	0.9539786971019035
168535.93726157834	1000.0	964.0038106618591	0.0	0	0.0	2499.9410722403554	1	0	1	0.9539786971019006
168987.51589336232	1000.0	1512.4251788778884	0.0	0	0.0	2499.9410722403554	1	0	1	0.9539786971019006
169712.9829497345	2000.0	1714.4114168685126	0.0	0	0.0	2427.394366603112	1	0	2	0.559448402701971
171538.82221018488	2000.0	705.9882303730775	0.0	0	0.0	2244.810440558067	1	0	2	1.4677698521431737
172171.6785024579	1000.0	1073.1319381000528	0.0	0	0.0	2244.810440558067	1	0	1	0.086344579710184
173057.9618916551	1000.0	1186.8485489028158	0.0	0	0.0	2244.810440558067	1	0	1	0.9794917602701294
173555.91812634646	1000.0	1688.8923142114695	0.0	0	0.0	2244.810440558067	1	0	1	0.9794917602701294
174776.49013619474	2000.0	1468.320304363149	0.0	0	0.0	2244.810440558067	1	0	1	0.9794917602701294
175974.43859455347	1000.0	1270.3718460044022	0.0	0	0.0	2244.810440558038	1	0	1	0.28634457971018723
177598.11626299843	1000.0	646.6941775594249	0.0	0	0.0	2244.810440558009	1	0	1	0.9794917602701347
178668.21791198634	1000.0	576.5925285715008	0.0	0	0.0	2244.810440558038	1	0	1	0.9794917602701324
179638.90359970953	1000.0	605.906840848322	0.0	0	0.0	2244.810440558038	1	0	1	0.9794917602701324
180276.04086323682	1000.0	968.769577321025	0.0	0	0.0	2244.810440558038	1	0	1	0.9794917602701324
181074.82811523834	2000.0	1169.9823253194963	0.0	0	0.0	2244.810440558038	1	0	1	0.9794917602701325
181943.31874167552	2000.0	1301.4916988823245	0.0	0	0.0	2244.810440558038	1	0	1	1.6726389408300777
183137.20533960804	2000.0	1226.9937607430406	0.0	0	0.0	2364.1991003512812	1	0	0	1.2634067526836565
184362.0192443261	2000.0	1002.1798560249691	0.0	0	0.0	2364.1991003512812	1	0	1	1.4607000748507533
185586.81856084568	2000.0	777.3805395053987	0.0	0	0.0	2364.1991003512812	1	0	1	1.6607000748507534
186123.39332779706	1000.0	1240.8057725540466	0.0	0	0.0	2364.1991003512812	1	0	1	0.27440571373086287
186756.5996473615	1000.0	1607.5994529896293	0.0	0	0.0	2364.1991003512812	1	0	1	0.967552894290808
187681.29941471055	1000.0	1682.8996856405759	0.0	0	0.0	2364.1991003513103	1	0	1	0.9675528942908052
188635.93509554	1000.0	1728.264004811124	0.0	0	0.0	2364.1991003513103	1	0	1	0.9675528942908052
189901.83514875598	2000.0	1335.7739462734887	0.0	0	0.0	2237.6090950296493	1	0	2	0.577144848100962
190953.56383114457	2000.0	1178.8723956460612	0.0	0	0.0	2132.4362267908	1	0	2	1.4812417420175754
192554.5105064856	2000.0	417.8310527709351	0.0	0	0.0	1972.341559256718	1	0	2	1.4961697135974288
193299.35628906463	1000.0	672.9852701918901	0.0	0	0.0	1972.3415592567471	1	0	1	0.11359146784031732
194006.90724583564	1000.0	965.4343134208564	0.0	0	0.0	1972.341559256718	1	0	1	1.0067386484002645
194657.6497279728	1000.0	1314.6918312837038	0.0	0	0.0	1972.341559256718	1	0	1	1.0067386484002645
197072.93189260442	2000.0	200.0	300.5903333479191	0	0.0	2272.9318926046253	1	0	1	-0.8089352236284043
197853.01922620513	1000.0	578.8849107055122	158.97224430621617	0	0.0	2431.904136910831	1	0	1	-0.6861982557623891
198469.37499108847	1000.0	962.5291458221769	0.0	0	0.0	2431.904136910831	1	0	1	0.9607823906348532
199236.61686052452	1000.0	1195.2872763861114	0.0	0	0.0	2431.9041369108018	1	0	1	0.960782390634856
200246.58100161667	1000.0	1185.3231352939622	0.0	0	0.0	2431.9041369108018	1	0	1	0.960782390634856
201211.63161489947	1000.0	1220.2725220111088	0.0	0	0.0	2431.9041369107726	1	0	1	0.9607823906348578
202167.66410283782	1000.0	1264.2400340727656	0.0	0	0.0	2431.9041369108018	1	0	1	0.9607823906348578
203085.62630841986	1000.0	1346.2778284907038	0.0	0	0.0	2431.9041369108018	1	0	1	0.960782390634856
203755.467322779	1000.0	1676.4368141315686	0.0	0	0.0	2431.9041369108018	1	0	1	0.960782390634856
204715.85609209977	1000.0	1716.0480448108124	0.0	0	0.0	2431.9041369108018	1	0	1	0.960782390634856
205622.18171133037	1000.0	1809.7224255802123	0.0	0	0.0	2431.9041369108018	1	0	1	0.960782390634856
206313.58375990996	1000.0	2118.320377000585	0.0	0	0.0	2431.9041369108018	1	0	1	0.960782390634856
208523.0418833858	2000.0	687.9164411771683	0.0	0	0.0	2210.9583245631657	1	0	2	0.5751305975225396
209325.9976843523	1000.0	884.9606402106552	0.0	0	0.0	2210.9583245631657	1	0	1	0.08972979130967418
210159.9321695787	1000.0	1051.0261549842658	0.0	0	0.0	2210.9583245631657	1	0	1	0.9828769718696195
210746.19203780685	1000.0	1464.766286756133	0.0	0	0.0	2210.9583245631657	1	0	1	0.9828769718696195
212709.6790480568	2000.0	501.27927650618096	0.0	0	0.0	2210.9583245631657	1	0	1	0.9828769718696195
213717.5746829332	1000.0	493.3836416297737	0.0	0	0.0	2210.9583245631657	1	0	1	0.28972979130967436
214701.26327295788	1000.0	515.8077113163038	6.112659711211023	0	0.0	2217.0709842743818	1	0	1	0.9455897476312318
215910.54357853057	1000.0	387.22918789097264	80.70178214736313	0	0.0	2297.7727664217527	1	0	1	0.4899848347995821
216753.1741013232	1000.0	601.6413154436509	57.042650345293055	0	0.0	2354.815416767058	1	0	1	0.626235360577472
217799.31863978438	1000.0	555.4967769824958	0.0	0	0.0	2354.815416767058	1	0	1	0.9684912626492304
218334.7103618721	1000.0	1020.1050548947775	0.0	0	0.0	2354.8154167670873	1	0	1	0.9684912626492275
219533.16043095328	2000.0	821.654985813592	0.0	0	0.0	2354.8154167670873	1	0	1	0.9684912626492272
221167.8862742843	2000.0	246.7213525629101	59.79221008036811	0	0.0	2414.607626847457	1	0	1	1.299999809283729
222127.7015017236	2000.0	479.785278853948	192.87915373036154	0	0.0	2607.486780577863	1	0	1	0.47909638444592806
222516.66962898613	1000.0	1090.8171515914198	0.0	0	0.0	2607.486780577863	1	0	1	0.2500769457082047
224206.16120540505	2000.0	401.3255751724797	0.0	0	0.0	2607.486780577863	1	0	1	0.9432241262681498
224780.94575656502	1000.0	826.5410240125136	0.0	0	0.0	2607.486780577863	1	0	1	0.2500769457082047
225965.48143372822	1000.0	642.0053468493206	0.0	0	0.0	2607.486780577892	1	0	1	0.9432241262681469
226719.2961197571	1000.0	888.190660820422	0.0	0	0.0	2607.486780577863	1	0	1	0.9432241262681498
227445.6811681487	1000.0	1161.8056124288364	0.0	0	0.0	2607.486780577863	1	0	1	0.9432241262681498
228313.4768727686	1000.0	1294.0099078089331	0.0	0	0.0	2607.486780577892	1	0	1	0.9432241262681469
229079.87615175647	1000.0	1527.6106288210667	0.0	0	0.0	2607.486780577892	1	0	1	0.9432241262681469
230394.05971763548	2000.0	1082.008706354165	0.0	0	0.0	2476.0684239899856	1	0	2	0.552750111954659
231205.31556134293	1000.0	1270.752862646717	0.0	0	0.0	2476.0684239899856	1	0	1	0.06321878136699233
232242.87303277044	2000.0	1129.439644076463	0.0	0	0.0	2372.312676847243	1	0	2	0.5638704039403242
234167.59089087698	2000.0	207.06221039948622	2.340424429558027	0	0.0	2374.65310127681	1	0	1	1.445752553646626
234699.79905015626	1000.0	746.6672183294846	71.81316720927569	0	0.0	2446.4662684860814	1	0	1	-0.16470000633827112
235479.32742184575	1000.0	967.1388466399783	0.0	0	0.0	2446.4662684860814	1	0	1	0.9593261774773281
236082.95279825482	1000.0	1363.5134702308874	0.0	0	0.0	2446.4662684861105	1	0	1	0.959326177477327
237176.26307580675	2000.0	1270.2031926789423	0.0	0	0.0	2446.4662684860523	1	0	1	0.9593261774773292
238767.7277790359	2000.0	678.7384894498268	0.0	0	0.0	2446.4662684860523	1	0	1	1.6524733580372761
239362.21430899366	1000.0	1084.2519594920707	0.0	0	0.0	2446.4662684860523	1	0	1	0.2661789969173858
239909.03426979508	1000.0	1537.4319986906482	0.0	0	0.0	2446.4662684860523	1	0	1	0.959326177477331
240734.87418728592	2000.0	1711.592081199778	0.0	0	0.0	2446.4662684860523	1	0	1	0.959326177477331
241894.58731915522	2000.0	1435.907636143532	0.0	0	0.0	2330.494955299131	1	0	2	1.2609553334661716
243373.95515956226	2000.0	808.6030116958025	0.0	0	0.0	2182.5581712584244	1	0	2	1.4747875042842016
243992.49586491697	1000.0	1190.062306341119	0.0	0	0.0	2182.5581712584244	1	0	1	0.09256980664014836
245437.0117903841	2000.0	745.5463808740076	0.0	0	0.0	2182.5581712584535	1	0	1	0.9857169872000908
246770.87773368275	2000.0	411.6804375753718	0.0	0	0.0	2182.5581712584244	1	0	1	1.6788641677600389
247522.1370881361	1000.0	660.4210831220427	0.0	0	0.0	2182.5581712584535	1	0	1	0.29256980664014565
248332.17735069367	1000.0	850.3808205644829	0.0	0	0.0	2182.5581712584826	1	0	1	0.9857169872000879
248999.87050898565	1000.0	1182.687662272523	0.0	0	0.0	2182.5581712584826	1	0	1	0.9857169872000879
250025.99929102144	2000.0	1156.5588802367522	0.0	0	0.0	2182.5581712585117	1	0	1	0.9857169872000873
252684.31826555348	2000.0	200.0	701.7600942953205	0	0.0	2884.3182655534765	1	0	1	-2.5766655030930106
253357.96692715213	1000.0	612.6544230864572	86.30308468512484	0	0.0	2970.6213502385945	1	0	1	-0.30405501936861756
254056.62916648225	1000.0	913.9921837563113	0.0	0	0.0	2970.6213502385654	1	0	1	0.9069106693020779
254681.2503811315	1000.0	1289.3709691070605	0.0	0	0.0	2970.6213502385654	1	0	1	0.9069106693020796
256047.96755839037	1000.0	922.6537918481905	0.0	0	0.0	2970.6213502385945	1	0	1	0.9069106693020768
257041.77544435472	1000.0	928.8459058838661	0.0	0	0.0	2970.6213502386236	1	0	1	0.9069106693020762
257795.78034062864	1000.0	1174.841009609919	0.0	0	0.0	2970.6213502386236	1	0	1	0.9069106693020739
258698.89597538815	1000.0	1271.725374850404	0.0	0	0.0	2970.6213502386236	1	0	1	0.9069106693020739
259670.0214278336	1000.0	1300.5999224049594	0.0	0	0.0	2970.6213502386236	1	0	1	0.9069106693020739
260337.98352019052	1000.0	1632.6378300480462	0.0	0	0.0	2970.6213502385945	1	0	1	0.9069106693020768
260969.310889052	1000.0	2001.3104611865415	0.0	0	0.0	2970.6213502385654	1	0	1	0.9069106693020796
262653.926381803	2000.0	1148.2334191603973	0.0	0	0.0	2802.159800963447	1	0	2	0.5190668260886697
264075.56588582916	1000.0	726.5939151341914	0.0	0	0.0	2802.159800963389	1	0	1	0.03060964366965141
265094.93198348774	1000.0	707.2278174756334	0.0	0	0.0	2802.159800963418	1	0	1	0.9237568242295973
265751.21065405	1000.0	1050.9491469133563	0.0	0	0.0	2802.159800963418	1	0	1	0.9237568242295944
266503.72096773825	1000.0	1298.438833225116	0.0	0	0.0	2802.159800963418	1	0	1	0.9237568242295944
267313.1642459931	1000.0	1488.9955549703147	0.0	0	0.0	2802.159800963418	1	0	1	0.9237568242295944
267915.74698840606	1000.0	1886.412812557312	0.0	0	0.0	2802.15980096336	1	0	1	0.9237568242296001
268615.0132161877	1000.0	2117.2199619975286	0.0	0	0.0	2732.233178185241	1	0	2	0.5289142353336087
270170.9585076723	2000.0	1405.6801413644935	0.0	0	0.0	2576.6386490367586	1	0	2	0.7424009751181613
271881.7407366994	2000.0	523.8196894347736	0.0	0	0.0	2405.5604261340923	1	0	2	1.451888275107174
272771.1723323936	1000.0	634.3880937405055	0.0	0	0.0	2405.5604261340923	1	0	1	0.07026958115258147
273464.5912452663	1000.0	940.9691808678026	0.0	0	0.0	2405.5604261340923	1	0	1	0.9634167617125269
273962.02954297455	1000.0	1443.5308831595694	0.0	0	0.0	2405.5604261341505	1	0	1	0.9634167617125211
275281.96641461574	2000.0	1123.5940115184098	0.0	0	0.0	2405.5604261341505	1	0	1	0.9634167617125211
276231.84548588487	1000.0	1173.7149402492269	0.0	0	0.0	2405.5604261340923	1	0	1	0.27026958115257943
277043.03275272774	1000.0	1362.5276734063798	0.0	0	0.0	2405.560426134034	1	0	1	0.9634167617125328
277807.1596975024	1000.0	1598.4007286317656	0.0	0	0.0	2405.560426134034	1	0	1	0.9634167617125328
279801.9495867695	2000.0	404.1318504379013	0.0	0	0.0	2206.081437207351	1	0	2	0.5766476709858437
281318.4765319513	1000.0	276.32664483776716	388.72173958159	0	0.0	2594.8031767890207	1	0	1	-2.2794958742703284
282303.6590296419	1000.0	651.4387547641676	360.294607616993	0	0.0	2955.0977844059817	1	0	1	-1.25330461981662
282807.75131379935	1000.0	1147.3464706066432	0.0	0	0.0	2955.0977844059817	1	0	1	0.9084630258853379
283312.19516736356	1000.0	1642.902617042477	0.0	0	0.0	2955.09778440604	1	0	1	0.9084630258853321
284106.8957376139	2000.0	1927.672103817166	0.0	0	0.0	3034.567841431068	1	0	0	0.5027371681809713
285369.114135648	2000.0	1539.2318659796683	0.0	0	0.0	2908.346001627622	1	0	2	1.0022446034677785
286310.62211126013	1000.0	1597.7238903674665	0.0	0	0.0	2908.346001627622	1	0	1	0.01999102360322863
287120.98730105587	1000.0	1787.3587005717436	0.0	0	0.0	2908.346001627622	1	0	1	0.9131382041631739
287880.49417765	1000.0	1951.901136318182	0.0	0	0.0	2832.3953139681835	1	0	2	0.5188807220615672
289470.65368281316	2000.0	1202.7256806387575	0.0	0	0.0	2673.3793634519097	1	0	2	0.7327694816386682
289957.78468793916	1000.0	1666.88157500012	0.0	0	0.0	2624.6662629392813	1	0	2	0.04718702054755089
291296.62321923964	2000.0	1194.1591905696498	0.0	0	0.0	2490.782409809297	1	0	2	0.750895885427874
292370.06608629285	1000.0	1120.7163235164644	0.0	0	0.0	2490.782409809355	1	0	1	0.061747382785055316
293197.84252034395	1000.0	1292.9398894653502	0.0	0	0.0	2490.782409809355	1	0	1	0.9548945633450007
294445.809946766	2000.0	1044.972463043259	0.0	0	0.0	2490.782409809355	1	0	1	0.9548945633450006
295809.65457868576	2000.0	681.1278311234962	0.0	0	0.0	2490.782409809355	1	0	1	1.6480417439049457
296643.36524119525	1000.0	847.4171686140005	0.0	0	0.0	2490.782409809355	1	0	1	0.2617473827850555
297378.86317827855	1000.0	1111.9192315307273	0.0	0	0.0	2490.782409809355	1	0	1	0.9548945633450007
298031.3766316981	1000.0	1459.4057781111776	0.0	0	0.0	2490.7824098094134	1	0	1	0.9548945633449948
299008.80577144306	2000.0	1481.976638366218	0.0	0	0.0	2490.7824098094134	1	0	1	0.9548945633449948
300298.55237629276	2000.0	1192.230033516524	0.0	0	0.0	2490.7824098094134	1	0	1	1.64804174390494
300993.8073118101	2000.0	1427.4496044474972	0.0	0	0.0	2421.2569162577274	1	0	2	1.2533110296432204
1.61	0.86	1.55	1.8	1.99	2.22	1.34	2.47	2.78	2.02	0.94	1.2	0.97	0.98	1.11	2.04	2.13	0.96	1.47	1.41	1.67	1.17	1.0	0.61	0.73	1.05	1.47	2.06	2.35	1.37	1.84	1.85	1.64	1.34	1.37	1.53	1.77	1.96	1.37	1.71	1.34	1.64	0.86	0.81	1.56	1.3	1.23	0.76	0.94	0.94	1.2	1.02	1.24	1.45	0.44	0.86	1.48	1.83	1.2	1.02	0.88	1.32	1.07	1.39	1.32	1.95	2.1	1.38	2.42	1.97	1.45	1.44	0.97	1.17	1.32	1.46	2.06	1.6	1.97	1.75	0.8	1.71	1.71	1.8	1.84	1.46	1.65	2.13	1.78	1.61	1.38	1.78	2.13	1.7	1.19	1.55	1.71	0.95	0.86	1.3	1.05	1.47	0.71	1.09	1.45	1.17	1.24	1.76	1.11	1.05	0.83	1.09	1.18	1.22	1.53	1.85	1.61	1.67	1.47	1.25	1.78	1.18	1.31	1.56	1.73	1.51	0.78	0.72	0.97	1.81	2.65	1.49	0.78	1.19	1.54	1.53	1.7	1.36	0.94	1.34	1.77	2.28	1.3	1.34	1.45	1.88	1.6	2.53	2.14	1.32	1.61	0.86	1.55	1.8	1.99	2.22	1.34	2.47	2.78	2.02	0.94	1.2	0.97	0.98	1.11	2.04	2.13	0.96	1.47	1.41	1.67	1.17	1.0	0.61	0.73	1.05	1.47	2.06	2.35	1.37	1.84	1.85	1.64	1.34	1.37	1.53	1.77	1.96	1.37	1.71	1.34	1.64	0.86	0.81	1.56	1.3	1.23	0.76	0.94	0.94	1.2	1.02	1.24	1.45	0.44	0.86	1.48	1.83	1.2	1.02	0.88	1.32	1.07	1.39	1.32	1.95	2.1	1.38	2.42	1.97	1.45	1.44	0.97	1.17	1.32	1.46	2.06	1.6	1.97	1.75	0.8	1.71	1.71	1.8	1.84	1.46	1.65	2.13	1.78	1.61	1.38	1.78	2.13	1.7	1.19	1.55	1.71	0.95	0.86	1.3	1.05	1.47	0.71	1.09	1.45	1.17	1.24	1.76	1.11	1.05	0.83	1.09	1.18	1.22	1.53	1.85	1.61	1.67	1.47	1.25	1.78	1.18	1.31	1.56	1.73	1.51	0.78	0.72	0.97	1.81	2.65	1.49	0.78	1.19	1.54	1.53	1.7	1.36	0.94	1.34	1.77	2.28	1.3	1.34	1.45	1.88	1.6	2.53	2.14	1.32	1.61
1.0	2.0	3.0	4.0	5.0	6.0	7.0	8.0	9.0	10.0	11.0	12.0	13.0	14.0	15.0	16.0	17.0	18.0	19.0	20.0	21.0	22.0	23.0	24.0	25.0	26.0	27.0	28.0	29.0	30.0	31.0	32.0	33.0	34.0	35.0	36.0	37.0	38.0	39.0	40.0	41.0	42.0	43.0	44.0	45.0	46.0	47.0	48.0	49.0	50.0	51.0	52.0	53.0	54.0	55.0	56.0	57.0	58.0	59.0	60.0	61.0	62.0	63.0	64.0	65.0	66.0	67.0	68.0	69.0	70.0	71.0	72.0	73.0	74.0	75.0	76.0	77.0	78.0	79.0	80.0	81.0	82.0	83.0	84.0	85.0	86.0	87.0	88.0	89.0	90.0	91.0	92.0	93.0	94.0	95.0	96.0	97.0	98.0	99.0	100.0	101.0	102.0	103.0	104.0	105.0	106.0	107.0	108.0	109.0	110.0	111.0	112.0	113.0	114.0	115.0	116.0	117.0	118.0	119.0	120.0	121.0	122.0	123.0	124.0	125.0	126.0	127.0	128.0	129.0	130.0	131.0	132.0	133.0	134.0	135.0	136.0	137.0	138.0	139.0	140.0	141.0	142.0	143.0	144.0	145.0	146.0	147.0	148.0	149.0	149.0	150.0	151.0	152.0	153.0	154.0	155.0	156.0	157.0	158.0	159.0	160.0	161.0	162.0	163.0	164.0	165.0	166.0	167.0	168.0	169.0	170.0	171.0	172.0	173.0	174.0	175.0	176.0	177.0	178.0	179.0	180.0	181.0	182.0	183.0	184.0	185.0	186.0	187.0	188.0	189.0	190.0	191.0	192.0	193.0	194.0	195.0	196.0	197.0	198.0	199.0	200.0	201.0	202.0	203.0	204.0	205.0	206.0	207.0	208.0	209.0	210.0	211.0	212.0	213.0	214.0	215.0	216.0	217.0	218.0	219.0	220.0	221.0	222.0	223.0	224.0	225.0	226.0	227.0	228.0	229.0	230.0	231.0	232.0	233.0	234.0	235.0	236.0	237.0	238.0	239.0	240.0	241.0	242.0	243.0	244.0	245.0	246.0	247.0	248.0	249.0	250.0	251.0	252.0	253.0	254.0	255.0	256.0	257.0	258.0	259.0	260.0	261.0	262.0	263.0	264.0	265.0	266.0	267.0	268.0	269.0	270.0	271.0	272.0	273.0	274.0	275.0	276.0	277.0	278.0	279.0	280.0	281.0	282.0	283.0	284.0	285.0	286.0	287.0	288.0	289.0	290.0	291.0	292.0	293.0	294.0	295.0	296.0	297.0	298.0	298.0	299.0
3978.0404451493528
