4455.598573639259	300.0	2000.0	139.31855206584947	0	0.0	4455.598573639259	1	0	2	-1.678478270331159
5050.672916546485	2000.0	2345.4182228020504	0.0	0	0.0	4396.091139348536	1	0	2	-0.6411028751776038
5948.262936609089	2000.0	2358.0692007331854	0.0	0	0.0	4306.332137342274	1	0	2	1.2642172884512448
6778.807282887579	3000.0	2444.470419826845	0.0	0	0.0	4223.277702714425	1	0	2	1.2729181830970813
7544.115418696044	3000.0	2602.6314704375336	0.0	0	0.0	4146.7468891335775	1	0	2	1.6857709314622698
8483.954027657608	3000.0	2568.8090005798117	0.0	0	0.0	4052.763028237421	1	0	2	1.6947748059403125
9612.871117889776	3000.0	2327.0002013244275	0.0	0	0.0	3939.871319214204	1	0	2	1.7047962038671496
10934.259019618656	3000.0	1873.4735094226596	0.0	0	0.0	3807.7325290413164	1	0	2	1.7189753378545325
11713.783259618924	3000.0	2015.996845422366	0.0	0	0.0	3729.780105041292	1	0	2	1.7276531092438228
12521.740226686004	3000.0	2127.244181648578	0.0	0	0.0	3648.9844083345833	1	0	2	1.7353649377542362
13441.937434976684	3000.0	2115.027252528832	0.0	0	0.0	3556.964687505517	1	0	2	1.7447648750400566
14226.880801648773	3000.0	2251.5895491895344	0.0	0	0.0	3478.4703508383063	1	0	2	1.7527772649565563
15394.251868982537	3000.0	1967.4813751223921	0.0	0	0.0	3361.7332441049293	1	0	2	1.7633989306521323
16490.113515460635	3000.0	1762.0335639964846	0.0	0	0.0	3252.1470794571196	1	0	2	1.7744997915852043
17606.3578961667	3000.0	1534.164745219814	0.0	0	0.0	3140.522641386515	1	0	2	1.7857834862474828
18713.45654138317	3000.0	1316.3562354816977	0.0	0	0.0	3029.8127768648683	1	0	2	1.7969671463043821
19554.500850042452	3000.0	1391.2074959564845	0.0	0	0.0	2945.708345998937	1	0	2	1.8053351143894045
20336.418150255326	2000.0	1531.0984657223232	0.0	0	0.0	2867.5166159776527	1	0	2	1.0032495597876294
21508.872151722724	3000.0	1241.399064108182	0.0	0	0.0	2750.271215830915	1	0	2	1.4190335196160941
22378.487601185796	3000.0	1371.7836146451098	0.0	0	0.0	2750.2712158309114	1	0	1	1.8275579714109547
22936.551768027348	3000.0	1757.9130311194042	0.0	0	0.0	2694.4647991467573	1	0	2	1.6317504471723323
23517.682619054583	3000.0	2118.66909498944	0.0	0	0.0	2636.351714044031	1	0	2	1.8377253577914807
24200.0	3000.0	2368.119975949479	0.0	0	129.5486394646432	2568.119975949485	1	0	2	1.8434503738413603
25200.0	3000.0	2268.119975949481	0.0	0	605.6011725489225	2468.119975949485	1	0	2	1.8518079348460366
26200.0	3000.0	2368.1199759494853	0.0	0	360.2664656888446	2568.1199759494884	1	0	0	1.449523053518087
28078.561015938907	6000.0	1489.5589600105789	0.0	0	0.0	2568.1199759494884	1	0	1	1.845773095399097
28665.8842878237	3000.0	1960.968015314265	0.0	0	0.0	2626.85230313797	1	0	0	0.9481725873186407
29866.495638427066	6000.0	1760.3566647108967	0.0	0	0.0	2626.85230313797	1	0	1	1.839899862680249
31551.305001529814	6000.0	1075.5473016081544	0.0	0	0.0	2626.8523031379736	1	0	1	2.7330470432401937
32430.055678343026	3000.0	1196.7966247949435	0.0	0	0.0	2626.85230313797	1	0	1	1.3467526821203042
33264.6902183784	3000.0	1362.1620847595736	0.0	0	0.0	2626.8523031379736	1	0	1	2.0398998626802487
33857.67770298323	3000.0	1709.8758516942603	0.0	0	0.0	2567.5535546774954	1	0	2	1.6443844853763263
34375.112085977475	3000.0	2140.698030400581	0.0	0	0.0	2515.8101163780593	1	0	2	1.8498601630276874
35200.0	3000.0	2233.321324975802	0.0	0	207.93783781741513	2433.3213249758046	1	0	2	1.8561510106574302
36200.0	3000.0	2133.321324975792	0.0	0	601.9428149243176	2333.3213249757973	1	0	2	1.8652672079276413
37844.84808666717	6000.0	1488.4732383086302	0.0	0	0.0	2333.3213249757973	1	0	1	1.8692529604964663
39192.191132791304	3000.0	1141.1301921844974	0.0	0	0.0	2333.3213249757973	1	0	1	1.3761057799365213
39985.856364116604	3000.0	1347.4649608591985	0.0	0	0.0	2333.3213249757973	1	0	1	2.0692529604964665
40848.274954699235	3000.0	1571.2882293348334	0.0	0	0.0	2419.5631840340648	1	0	0	1.662890538980054
41669.65602077246	3000.0	1832.0452698689264	0.0	0	0.0	2501.70129064138	1	0	0	1.854276808552416
42375.2795733817	3000.0	2196.9840725206136	0.0	0	0.0	2572.2636459022906	1	0	0	1.8469538101913847
43200.0	3000.0	2454.735688564136	0.0	0	227.13302610219398	2654.73568856412	1	0	0	1.8402912742158313
44200.0	6000.0	2454.7356885641398	0.0	0	25.42257316003088	2654.73568856412	1	0	1	1.8371115241376341
45449.18143517367	6000.0	2205.5542533904722	0.0	0	0.0	2654.735688564113	1	0	1	2.7302587046975795
46359.84779404238	6000.0	2294.8878945217575	0.0	0	0.0	2654.735688564113	1	0	1	2.7302587046975795
47783.618912183556	3000.0	2013.4938881947053	0.0	0	0.0	2797.112800378236	1	0	0	0.9335489484599784
49175.06147308622	3000.0	1482.9070712017763	0.0	0	0.0	2657.968544287978	1	0	2	1.4330784279168662
50451.80473091637	3000.0	1078.4894875886202	0.0	0	0.0	2530.2942185049687	1	0	2	1.8468402471586003
51439.09454886982	3000.0	992.4706878398205	0.0	0	0.0	2431.565236709619	1	0	2	1.8561771405152137
52299.32665800511	2000.0	1132.2385787045364	0.0	0	0.0	2431.565236709619	1	0	1	1.0484983531067549
53836.99488278083	3000.0	748.3371764063883	0.0	0	0.0	2585.332059187189	1	0	0	1.2424879104087556
54447.30220843623	2000.0	1138.0298507509838	0.0	0	0.0	2585.332059187189	1	0	1	1.0331216708589979
55208.54556000948	3000.0	1376.786499177736	0.0	0	0.0	2585.332059187189	1	0	1	1.6385867789671624
56268.72701075103	3000.0	1316.6050484361856	0.0	0	0.0	2585.332059187189	1	0	1	2.044051887075327
56986.89031161957	3000.0	1598.4417475676405	0.0	0	0.0	2585.332059187189	1	0	1	2.044051887075327
57674.08217552642	3000.0	1842.5306972701126	0.0	0	0.0	2516.6128727965042	1	0	2	1.6492565181055363
58221.12960801149	3000.0	2240.7785215365343	0.0	0	0.0	2461.908129547999	1	0	2	1.8549847429233612
59200.0	3000.0	2164.021090349175	0.0	0	501.1826081887557	2364.021090349146	1	0	2	1.8623222616444826
61335.68331894219	6000.0	1028.3377714069811	0.0	0	0.0	2364.021090349146	1	0	1	1.8661829839591313
62218.38217439236	3000.0	1145.638915956808	0.0	0	0.0	2364.021090349146	1	0	1	1.3730358033991865
63413.92638255854	3000.0	950.0947077906376	0.0	0	0.0	2364.021090349146	1	0	1	2.0661829839591315
64604.94864075841	3000.0	759.0724495907585	0.0	0	0.0	2364.021090349146	1	0	1	2.0661829839591315
65382.85406912223	3000.0	981.1670212269497	0.0	0	0.0	2364.021090349146	1	0	1	2.0661829839591315
66625.82043809559	3000.0	862.4972891509407	0.0	0	0.0	2488.3177272464964	1	0	0	1.6569902165613597
67829.75205850885	3000.0	778.9588307790195	0.0	0	0.0	2608.710889287846	1	0	0	1.8453086900579991
68521.80894978586	2000.0	1086.9019395020136	0.0	0	0.0	2608.7108892878605	1	0	1	1.0307837878489308
69543.14472778715	3000.0	1065.5661615007375	0.0	0	0.0	2608.7108892878605	1	0	1	1.6362488959570956
70399.4842914163	3000.0	1209.226597871595	0.0	0	0.0	2608.7108892878605	1	0	1	2.04171400406526
71444.02585105924	3000.0	1164.6850382286643	0.0	0	0.0	2608.7108892878605	1	0	1	2.04171400406526
72303.54523830327	3000.0	1305.1656509846464	0.0	0	0.0	2608.7108892878605	1	0	1	2.04171400406526
73058.56299320623	3000.0	1625.6496715719688	0.0	0	0.0	2684.212664778155	1	0	0	1.6361468771486045
73851.95649929073	3000.0	1911.5955160959281	0.0	0	0.0	2763.5520153866237	1	0	0	1.828141245335436
74670.45563104202	3000.0	2174.9462975197657	0.0	0	0.0	2845.4019285617396	1	0	0	1.8199059939092854
75396.37313213236	3000.0	2521.620546538465	0.0	0	0.0	2917.9936786707694	1	0	0	1.8131843262561396
76706.86098978878	3000.0	2080.083903116405	0.0	0	0.0	2786.9448929051287	1	0	2	1.420421323453225
77865.99444268018	3000.0	1805.037104935851	0.0	0	0.0	2671.0315476159885	1	0	2	1.832735045120357
78925.34216459634	3000.0	1639.7546108280808	0.0	0	0.0	2565.09677542439	1	0	2	1.843280048227729
80293.02641442108	3000.0	1135.3019360208577	0.0	0	0.0	2428.3283504419087	1	0	2	1.8562204909478948
81205.74930409793	2000.0	1131.306757376313	0.0	0	0.0	2337.0560614742135	1	0	2	1.0556716915297908
81912.09198080441	2000.0	1354.329812999193	0.0	0	0.0	2266.421793803558	1	0	2	1.4686813363746047
82527.54352161605	3000.0	1738.878272187554	0.0	0	0.0	2266.421793803558	1	0	1	1.4704778055055256
83318.87445186112	3000.0	1868.4142489180008	0.0	0	0.0	2187.2887007790414	1	0	2	1.6819770317834752
84200.0	3000.0	1899.1761459652384	0.0	0	359.52794836116664	2099.1761459651752	1	0	2	1.8891682219142367
85200.0	6000.0	1899.1761459652278	0.0	0	14.75480322286603	2099.1761459651752	1	0	1	1.8926674783975281
86200.0	6000.0	1899.1761459652473	0.0	0	171.7669747122127	2099.17614596519	1	0	1	2.785814658957472
88471.58161559663	6000.0	627.5945303686107	0.0	0	0.0	2099.17614596519	1	0	1	2.785814658957472
89481.77059196726	3000.0	617.4055539979867	0.0	0	0.0	2099.17614596519	1	0	1	1.3995202978375823
90950.12850555565	3000.0	200.0	50.95235959040056	0	0.0	2150.1285055555927	1	0	1	1.7850218374993176
91837.55744583563	2000.0	570.3699155308276	257.7988558107998	0	0.0	2407.9273613664554	1	0	1	-0.29593099422372793
92298.42727891679	2000.0	1109.50008244966	0.0	0	0.0	2407.9273613664554	1	0	1	1.656327248749236
93071.07391914124	3000.0	1414.1181062476567	0.0	0	0.0	2485.1920253888966	1	0	0	1.2504888493066717
94700.137467205	3000.0	947.9609129902726	0.0	0	0.0	2648.098380195297	1	0	0	1.842889861803627
95724.85866784709	2000.0	923.2397123481915	0.0	0	0.0	2648.098380195297	1	0	1	1.026845038758187
97150.59605992265	2000.0	497.50232027261893	0.0	0	0.0	2648.098380195297	1	0	1	1.6323101468663515
97619.53563076847	1000.0	1028.5627494268135	0.0	0	0.0	2648.0983801953116	1	0	1	0.24601578574645977
98278.15807814979	2000.0	1369.940302045497	0.0	0	0.0	2648.0983801953116	1	0	1	0.939162966306405
99054.77782516477	2000.0	1670.9825297319999	0.0	0	0.0	2725.760354896789	1	0	0	1.226524499671208
99804.20392045061	3000.0	1921.556434446148	0.0	0	0.0	2725.760354896789	1	0	1	1.4245439493962027
100881.25689308307	3000.0	1736.7981645504656	0.0	0	0.0	2618.055057633581	1	0	2	1.638227339348604
102210.81166174621	3000.0	1274.2879190210092	0.0	0	0.0	2485.0995807672734	1	0	2	1.8505751657052496
103557.7314237444	3000.0	1062.0601332226545	0.0	0	0.0	2619.791556967102	1	0	0	1.4441908917892567
104498.55555809794	2000.0	1121.235998869118	0.0	0	0.0	2619.791556967102	1	0	1	1.0296757210810066
105454.29564199799	2000.0	1165.4959149690567	0.0	0	0.0	2619.791556967102	1	0	1	1.6351408291891711
106074.02293229212	2000.0	1607.7413537043253	0.0	0	0.0	2681.7642859965126	1	0	0	1.230482520650448
106812.77727362371	3000.0	1868.9870123727237	0.0	0	0.0	2681.7642859965126	1	0	1	1.4289435562862303
107608.2582952355	3000.0	1993.9578885997546	0.0	0	0.0	2602.2161838353204	1	0	2	1.6403765023130847
108294.25716427845	3000.0	2239.3591326525066	0.0	0	0.0	2533.6162969310244	1	0	2	1.8470452883310045
109480.88194461369	3000.0	1934.0718742837598	0.0	0	0.0	2414.9538188975275	1	0	2	1.8578261336276785
110480.68383902176	3000.0	1834.2897904348783	0.0	0	0.0	2314.973629456712	1	0	2	1.868790695368436
111433.88915836602	3000.0	1785.7639391561938	0.0	0	0.0	2219.6530975222995	1	0	2	1.878476263532897
112251.4315604193	3000.0	1886.4672968975917	0.0	0	0.0	2137.8988573169772	1	0	2	1.8865704300368757
113200.0	3000.0	1843.0420133588134	0.0	0	218.82501628572936	2043.0420133589068	1	0	2	1.8949471222739667
114340.92928651579	3000.0	1588.0197981914466	0.0	0	0.0	1928.9490847073175	1	0	2	1.90727106495061
115200.0	3000.0	1643.042013358826	0.0	0	26.08923306466022	1843.0420133589068	1	0	2	1.9159170790834803
116200.0	3000.0	1543.0420133588314	0.0	0	309.52164398049354	1743.0420133589068	1	0	2	1.9246072640201217
117200.0	3000.0	1443.0420133588411	0.0	0	180.7096549935086	1643.0420133588923	1	0	2	1.9348073300562394
120094.09680755256	6000.0	200.0	651.0547941937245	0	0.0	2294.0968075526034	1	0	1	-2.005637813807995
120475.22200101725	1000.0	818.874806535316	0.0	0	0.0	2294.096807552589	1	0	1	-0.8171963456573774
121140.48258535627	2000.0	1153.6142221962896	0.0	0	0.0	2294.096807552589	1	0	1	0.9745631235706772
121768.34789208228	2000.0	1588.5354461428701	0.0	0	0.0	2356.883338225176	1	0	0	1.262990486219572
123110.46762315353	3000.0	1246.4157150716285	0.0	0	0.0	2356.883338225176	1	0	1	1.4614316510633638
124323.16584414818	2000.0	1033.7174940769771	0.0	0	0.0	2356.883338225176	1	0	1	1.255966542955199
125519.95323210367	3000.0	956.6088449170473	0.0	0	0.0	2476.562077020717	1	0	0	1.25251321698611
126430.4569608634	2000.0	1046.1051161573055	0.0	0	0.0	2476.562077020717	1	0	1	1.043998669075645
127221.82511333037	3000.0	1254.736963690338	0.0	0	0.0	2476.562077020717	1	0	1	1.6494637771838099
128782.68038478082	3000.0	693.8816922398869	0.0	0	0.0	2476.562077020717	1	0	1	2.0549288852919743
130124.03900987182	2000.0	352.52306714890665	0.0	0	0.0	2476.562077020717	1	0	1	1.243998669075645
130639.85962394181	1000.0	836.7024530789029	0.0	0	0.0	2476.562077020717	1	0	1	0.2631694160639193
131794.43799418295	2000.0	682.1240828377471	0.0	0	0.0	2476.562077020688	1	0	1	0.9563165966238667
132596.42747576197	2000.0	880.1346012587475	0.0	0	0.0	2476.562077020688	1	0	1	1.6494637771838119
133300.62266620886	2000.0	1246.3589298565728	0.0	0	0.0	2546.9815960654087	1	0	0	1.2440094799121977
133739.12118971974	2000.0	1851.71025869677	0.0	0	0.0	2590.8314484164584	1	0	0	1.4391923231738308
134603.01102638268	3000.0	1901.4314383675526	0.0	0	0.0	2504.442464750173	1	0	2	1.0445708432870477
135447.7383176018	3000.0	1972.2314180265532	0.0	0	0.0	2419.969735628285	1	0	2	1.8584324553804352
136200.0	3000.0	2144.7435673885393	0.0	0	227.69290304271271	2344.7435673884756	1	0	2	1.8652126325565532
137345.82330157774	6000.0	1998.9202658108177	0.0	0	0.0	2344.7435673884756	1	0	1	1.8681107362551983
139348.51173589507	6000.0	996.2318314934845	0.0	0	0.0	2344.7435673884465	1	0	1	2.761257916815146
140181.09944802907	3000.0	1163.644119359507	0.0	0	0.0	2344.7435673884465	1	0	1	1.3749635556952566
141523.167243791	3000.0	821.5763235976212	0.0	0	0.0	2344.7435673884465	1	0	1	2.0681107362552016
142467.12190438752	3000.0	877.6216630011002	0.0	0	0.0	2344.7435673884465	1	0	1	2.0681107362552016
143087.25725978301	3000.0	1257.4863076056045	0.0	0	0.0	2344.7435673884465	1	0	1	2.0681107362552016
143854.32253193273	3000.0	1567.1275626708807	0.0	0	0.0	2421.4500946034386	1	0	0	1.6622594759481475
144622.49498365368	3000.0	1875.7723561220212	0.0	0	0.0	2498.2673397755425	1	0	0	1.8551296207906955
145644.83741368816	3000.0	1955.6641690909737	0.0	0	0.0	2600.5015827789903	1	0	0	1.8452387018622556
146552.2730737214	3000.0	1957.4849430544054	0.0	0	0.0	2509.7580167756532	1	0	2	1.4493928774191747
147388.14205264786	3000.0	2038.0290662353389	0.0	0	0.0	2426.171118883067	1	0	2	1.8579808204354802
148378.14283180205	3000.0	1949.0282091657582	0.0	0	0.0	2327.1710409676307	1	0	2	1.8675840324007895
149393.83655278326	3000.0	1831.7651160863998	0.0	0	0.0	2225.6016688694654	1	0	2	1.8771932257500255
150234.746818089	3000.0	1906.7638242500686	0.0	0	0.0	2141.5106423388643	1	0	2	1.8861837262437495
151200.0	3000.0	1844.9853241479748	0.0	0	99.23507027796586	2044.9853241477977	1	0	2	1.894952925252377
152200.0	3000.0	1744.9853241479361	0.0	0	193.61958022642648	1944.9853241477394	1	0	2	1.9047882401243599
154881.00690436477	6000.0	200.0	136.02158021685338	0	0.0	2081.0069043647673	1	0	1	1.0855082211722078
155903.44355192236	3000.0	514.1825383882162	336.6191859458032	0	0.0	2417.626090310572	1	0	1	-0.6520398122717759
156891.90023776886	3000.0	525.7258525417261	0.0	0	0.0	2417.626090310572	1	0	1	2.0608224839629887
157684.58794169058	2000.0	733.0381486200115	0.0	0	0.0	2417.626090310572	1	0	1	1.2498922677466595
159271.3386242426	3000.0	200.0	53.71253393198414	0	0.0	2471.3386242425768	1	0	1	1.3310178196214855
160023.37074370586	2000.0	605.333065957642	157.36518542092182	0	0.0	2628.703809663508	1	0	1	0.284593383285835
160593.23449309214	2000.0	1092.4556915099706	0.0	0	0.0	2685.6901846020774	1	0	0	1.2299635800386546
161567.07896364754	3000.0	1118.6112209545797	0.0	0	0.0	2685.6901846021065	1	0	1	1.4285509664256708
162615.3030154643	3000.0	1070.3871691378051	0.0	0	0.0	2685.6901846021065	1	0	1	2.0340160745338354
163552.42188661126	3000.0	1133.2682979908204	0.0	0	0.0	2685.6901846021065	1	0	1	2.0340160745338354
164593.60606212742	3000.0	1092.0841224746516	0.0	0	0.0	2685.6901846021065	1	0	1	2.034016074533835
165416.18978114487	3000.0	1269.5004034571948	0.0	0	0.0	2685.6901846021065	1	0	1	2.0340160745338354
166377.63889161695	3000.0	1404.1962040323026	0.0	0	0.0	2781.835095649323	1	0	0	1.6268633070086058
167689.88329621928	3000.0	1091.9517994299686	0.0	0	0.0	2781.835095649323	1	0	1	1.8244015834291138
169249.96110986517	3000.0	531.8739857840833	0.0	0	0.0	2781.835095649294	1	0	1	2.0244015834291167
169824.01148603525	2000.0	957.823609613986	0.0	0	0.0	2781.835095649294	1	0	1	1.2134713672127875
170922.1141662834	3000.0	859.7209293658456	0.0	0	0.0	2781.835095649294	1	0	1	1.618936475320952
171739.33944111818	3000.0	1042.4956545310479	0.0	0	0.0	2781.835095649265	1	0	1	2.0244015834291194
172398.96255945764	3000.0	1382.8725361915913	0.0	0	0.0	2781.835095649236	1	0	1	2.0244015834291225
172870.80518977263	3000.0	1958.2141689081036	0.0	0	0.0	2829.019358680729	1	0	0	1.6208952212420669
173396.73791592344	3000.0	2484.8747153723566	0.0	0	0.0	2881.6126312958077	1	0	0	1.81555957540096
174200.0	3000.0	2761.93883970343	0.0	0	180.73524900569464	2961.93883970342	1	0	0	1.809405976869823
175642.7742258212	6000.0	2174.887191300094	0.0	0	0.0	2817.6614171212714	1	0	2	1.4166445672625967
176444.84922586795	3000.0	2292.6046912486286	0.0	0	0.0	2737.453917116567	1	0	2	1.1337130275710912
177512.54664288077	6000.0	2224.9072742357866	0.0	0	0.0	2737.453917116567	1	0	1	1.8288397012823892
179042.7087185835	6000.0	1694.7451985330622	0.0	0	0.0	2737.453917116567	1	0	1	2.7219868818423345
181133.0389430028	6000.0	604.4149741137866	0.0	0	0.0	2737.453917116596	1	0	1	2.7219868818423314
181970.15160333697	3000.0	767.3023137795897	0.0	0	0.0	2737.453917116596	1	0	1	1.3356925207224415
182658.23183862015	3000.0	1079.222078496388	0.0	0	0.0	2737.453917116567	1	0	1	2.0288397012823896
183152.04385376768	3000.0	1634.7912648636325	0.0	0	0.0	2786.8351186313084	1	0	0	1.6251053526511923
183796.80829069397	3000.0	2054.503271629959	0.0	0	0.0	2851.3115623239137	1	0	0	1.8190875865379703
184373.96213123234	3000.0	2535.0648151453915	0.0	0	0.0	2909.0269463777076	1	0	0	1.81302991808718
185200.0	3000.0	2791.6307332545016	0.0	0	233.5468182771874	2991.630733254453	1	0	0	1.8065583960926328
186200.0	6000.0	2691.6307332544816	0.0	0	50.715483011561446	2891.630733254424	1	0	2	1.4104732380611162
188629.5592041642	6000.0	1019.1156086738272	0.0	0	0.0	2648.6748128379404	1	0	2	2.5250422632634573
189337.9280244541	3000.0	1239.9099063549406	0.0	0	0.0	2577.837930808979	1	0	2	1.1497210847044934
190291.4877336978	3000.0	1190.994226186881	0.0	0	0.0	2482.481959884637	1	0	2	1.8520844178601896
190936.63503634342	3000.0	1481.3321932766976	0.0	0	0.0	2417.967229620059	1	0	2	1.8591960665877627
191507.56001864403	3000.0	1853.314712746013	0.0	0	0.0	2360.8747313900094	1	0	2	1.8652107847609773
192251.55787531394	3000.0	2034.9170704090784	0.0	0	0.0	2286.4749457229627	1	0	2	1.8720131745669486
193200.0	3000.0	1991.6307332544256	0.0	0	392.83294790791115	2191.6307332543656	1	0	2	1.879667087187042
194200.0	6000.0	1991.630733254416	0.0	0	42.22698417227366	2191.6307332543947	1	0	1	1.8834220196686062
195469.2969521483	6000.0	1722.3337811061183	0.0	0	0.0	2191.6307332543947	1	0	1	2.7765692002285514
196380.30734758984	3000.0	1811.3233856645634	0.0	0	0.0	2191.630733254424	1	0	1	1.3902748391086606
197610.21811194925	3000.0	1704.4036977411088	0.0	0	0.0	2314.6218096903467	1	0	0	1.6744952459811582
198936.57324043126	3000.0	1510.6840821073067	0.0	0	0.0	2447.2573225385568	1	0	0	1.8610775161233297
199839.6740613399	3000.0	1697.8933432895137	0.0	0	0.0	2537.56740462943	1	0	0	1.8509667136022854
201026.16462222143	3000.0	1392.7537263198126	0.0	0	0.0	2418.9183485412505	1	0	2	1.4570570039886515
201700.02719154055	2000.0	1651.5049000687764	0.0	0	0.0	2351.532091609348	1	0	2	1.0549629339873785
202970.6908237333	3000.0	1380.8412678760074	0.0	0	0.0	2351.532091609348	1	0	1	1.4619667757249464
204214.84150536056	3000.0	1136.690586248765	0.0	0	0.0	2351.532091609348	1	0	1	2.067431883833114
204868.58814713903	3000.0	1482.9439444702791	0.0	0	0.0	2351.532091609348	1	0	1	2.067431883833111
205802.5965860152	3000.0	1455.534661706491	0.0	0	0.0	2258.131247721758	1	0	2	1.6745701661137125
206644.62952750045	3000.0	1529.2984260726855	0.0	0	0.0	2173.927953573235	1	0	2	1.8832235147291554
207262.72483302135	3000.0	1849.3935899997161	0.0	0	0.0	2112.1184230211366	1	0	2	1.8898204393935247
208200.0	3000.0	1818.390906323202	0.0	0	191.3545281609404	2018.3909063232713	1	0	2	1.8974297668948865
209933.94832921226	6000.0	1084.4425771109306	0.0	0	0.0	2018.3909063232713	1	0	1	1.9007460023617189
210698.82769324313	3000.0	1396.0511494831417	0.0	0	0.0	2094.878842726379	1	0	0	1.0020503392612081
211877.21230040325	3000.0	1335.5050030390457	0.0	0	0.0	2212.7173034424486	1	0	0	1.8843969289967766
212994.56451999757	3000.0	1218.152783444716	0.0	0	0.0	2212.7173034424486	1	0	1	1.8813133626498013
213833.3729880646	3000.0	1463.2251621843923	0.0	0	0.0	2296.5981502491923	1	0	0	1.6749090138602738
214774.23732536464	3000.0	1522.3608248843682	0.0	0	0.0	2296.5981502491923	1	0	1	1.8729252779691268
215813.79921719502	3000.0	1482.798933053963	0.0	0	0.0	2296.5981502491923	1	0	1	2.072925277969127
217258.7784485895	3000.0	1037.8197016594993	0.0	0	0.0	2296.5981502491923	1	0	1	2.072925277969129
218351.40242093452	3000.0	1054.4581265489567	0.0	0	0.0	2405.8605474836368	1	0	0	1.6649087941588228
219019.17068095572	3000.0	1386.6898665277306	0.0	0	0.0	2405.8605474836077	1	0	1	1.8619990382456855
220036.75796001058	3000.0	1470.8613153783454	0.0	0	0.0	2507.619275389123	1	0	0	1.6542754572183265
221261.15808663444	3000.0	1368.901201416864	0.0	0	0.0	2630.059288051474	1	0	0	1.8424437511553755
222053.25074185917	3000.0	1656.0178117146231	0.0	0	0.0	2709.2685535739874	1	0	0	1.8335870816715025
222861.0644847307	3000.0	1767.4226945559567	0.0	0	0.0	2628.4871792868653	1	0	2	1.4375870944314475
223427.5448375461	3000.0	2144.294306459049	0.0	0	0.0	2571.8391440053238	1	0	2	1.8439987731358947
224200.0	3000.0	2294.5936277597402	0.0	0	138.64120298463968	2494.5936277598958	1	0	2	1.850435867189477
226265.1498618329	6000.0	1229.4437659268065	0.0	0	0.0	2494.5936277598958	1	0	1	1.8531257302180564
227138.78177184256	3000.0	1355.8118559171521	0.0	0	0.0	2494.5936277598958	1	0	1	1.3599785496581114
228302.03885575355	3000.0	1192.5547720061684	0.0	0	0.0	2494.5936277598958	1	0	1	2.0531257302180563
229472.324092057	2000.0	1022.26953570269	0.0	0	0.0	2494.5936277598958	1	0	1	1.2421955140017271
230448.93646303273	2000.0	1045.657164726957	0.0	0	0.0	2494.5936277598375	1	0	1	1.6476606221098964
230993.5648964835	2000.0	1555.491574621283	0.0	0	0.0	2549.0564711049374	1	0	0	1.24351055274995
231604.2838005085	3000.0	1944.7726705962575	0.0	0	0.0	2549.0564711049665	1	0	1	1.4422143377753849
232262.88706715594	3000.0	2220.3090772840596	0.0	0	0.0	2483.1961444401823	1	0	2	1.6527020981908438
233200.0	3000.0	2189.4848511555547	0.0	0	475.2298448603833	2389.4848511557793	1	0	2	1.8598423408342628
234259.9163582217	6000.0	2129.568492933856	0.0	0	0.0	2389.4848511557793	1	0	1	1.8636366078784676
235200.0	6000.0	2189.4848511555488	0.0	0	220.80146226647776	2389.4848511557793	1	0	1	2.7567837884384128
237861.87334633525	6000.0	527.6115048202672	0.0	0	0.0	2389.4848511557793	1	0	1	2.7567837884384145
239137.50018920554	3000.0	393.43965890718994	141.45499695724817	0	0.0	2530.93984811299	1	0	1	0.5076139458793132
240469.8571736559	3000.0	413.18349609174965	243.18347021099078	0	0.0	2883.0406697479193	1	0	0	0.15820058672532988
241238.30894703648	2000.0	644.7317227112053	0.0	0	0.0	2883.04066974789	1	0	1	1.0033508098029253
242055.71164564692	3000.0	827.3290241007919	0.0	0	0.0	2883.0406697479193	1	0	1	1.6088159179110897
243442.39614845908	3000.0	440.6445212886337	0.0	0	0.0	2883.0406697479193	1	0	1	2.0142810260192543
243945.0616856434	1000.0	937.9789841043371	0.0	0	0.0	2883.0406697479193	1	0	1	-0.18294355131696569
245297.4803613516	2000.0	585.5603083961738	0.0	0	0.0	2883.0406697479484	1	0	1	0.9156687373511412
245884.7714540432	1000.0	998.2692157045858	0.0	0	0.0	2883.0406697479484	1	0	1	0.22252155679119612
246360.122498849	1000.0	1522.918170898786	0.0	0	0.0	2883.0406697479775	1	0	1	0.9156687373511391
247323.8668612315	2000.0	1559.173808516274	0.0	0	0.0	2883.0406697479484	1	0	1	0.9156687373511412
248064.85073712099	2000.0	1892.288320215731	0.0	0	0.0	2957.139057336899	1	0	0	1.203270874216844
249138.05259867426	3000.0	1711.7662725071666	0.0	0	0.0	2849.8188711816038	1	0	2	1.0093432255898875
249986.61057359684	3000.0	1778.352500092335	0.0	0	0.0	2764.963073689374	1	0	2	1.824045604601721
251477.27556662002	3000.0	1138.6210077668118	0.0	0	0.0	2615.896574387036	1	0	2	1.8364682904222012
252467.25392295423	2000.0	1049.64481579922	0.0	0	0.0	2516.8987387536617	1	0	2	1.037337297399289
253259.466392085	2000.0	1178.211099755344	0.0	0	0.0	2437.6774918405863	1	0	2	1.4513580756701898
254102.7639176306	2000.0	1250.5838216552042	0.0	0	0.0	2353.3477392860223	1	0	2	1.4596511931739733
254725.1048223541	2000.0	1566.0088264593699	0.0	0	0.0	2291.1136488136544	1	0	2	1.4665066428109803
255222.88464987633	2000.0	2118.006981689362	0.0	0	0.0	2340.8916315659008	1	0	0	1.0641626985859847
256200.0	3000.0	2043.180096553324	0.0	0	409.84098083365825	2243.180096553522	1	0	2	1.068986582073991
257200.0	3000.0	1943.1800965533375	0.0	0	353.99055350830895	2143.180096553522	1	0	2	1.8845834157985086
258941.54100247318	6000.0	1201.639094080167	0.0	0	0.0	2143.180096553522	1	0	1	1.8882670833386936
260030.9941540555	3000.0	1112.1859424978763	0.0	0	0.0	2143.180096553493	1	0	1	1.395119902778752
260564.17383563783	3000.0	1579.0062609155318	0.0	0	0.0	2143.180096553493	1	0	1	2.088267083338697
261200.0	3000.0	2006.7627129895575	0.0	0	39.998119508614764	2206.762712989672	1	0	0	1.6837476345903681
262829.528400404	6000.0	1377.2343125855805	0.0	0	0.0	2206.762712989672	1	0	1	1.8819088216950774
263558.6579138423	3000.0	1648.1047991472606	0.0	0	0.0	2206.762712989672	1	0	1	1.3887616411351351
264200.0	3000.0	1942.628504373796	0.0	0	32.48942014720524	2142.628504373919	1	0	2	1.6866111494393525
265200.0	3000.0	1842.6285043738444	0.0	0	473.35308418946806	2042.6285043738899	1	0	2	1.8944608763126904
266528.08228558657	6000.0	1514.546218787255	0.0	0	0.0	2042.628504373948	1	0	1	1.8983222425566508
268577.8151293347	3000.0	464.81337503911766	0.0	0	0.0	2042.628504373948	1	0	1	1.4051750619967065
269582.1613623277	2000.0	572.6076738406031	112.14053179445546	0	0.0	2154.7690361684654	1	0	1	0.6033347823941385
270481.6366710911	2000.0	673.1323650772048	0.0	0	0.0	2154.7690361685236	1	0	1	1.6816430812690288
271504.68019026687	2000.0	650.0888459014252	0.0	0	0.0	2154.7690361685236	1	0	1	1.6816430812690288
272420.9197464962	2000.0	733.8492896720842	0.0	0	0.0	2154.769036168582	1	0	1	1.681643081269023
273130.16339477926	2000.0	1024.6056413890406	0.0	0	0.0	2154.769036168582	1	0	1	1.681643081269023
273926.60498228506	2000.0	1228.164053883307	0.0	0	0.0	2154.769036168582	1	0	1	1.681643081269023
274647.19205952407	2000.0	1579.6356843682725	0.0	0	0.0	2226.8277438924997	1	0	0	1.276240943663074
275354.6889576	2000.0	1942.8884760999904	0.0	0	0.0	2297.577433700091	1	0	0	1.4690981111082155
276720.2130449277	3000.0	1713.9167975050814	0.0	0	0.0	2434.1298424329143	1	0	0	1.457547549699552
278614.3835497454	3000.0	819.7462926873332	0.0	0	0.0	2434.1298424329143	1	0	1	1.8591721087507551
279850.150030754	2000.0	583.9798116788111	0.0	0	0.0	2434.1298424329143	1	0	1	1.2482418925344254
280851.25274039793	2000.0	582.877102034842	0.0	0	0.0	2434.1298424329143	1	0	1	1.65370700064259
281726.5514817969	2000.0	707.5783606358814	0.0	0	0.0	2434.1298424329143	1	0	1	1.65370700064259
282265.54381810647	2000.0	1168.5860243262728	0.0	0	0.0	2434.129842432856	1	0	1	1.6537070006425936
283127.50938463537	3000.0	1392.8170144502653	0.0	0	0.0	2520.326399085752	1	0	0	1.247480846601443
283793.6824371668	3000.0	1793.2612671720049	0.0	0	0.0	2586.943704338919	1	0	0	1.8454988723141763
284581.50523476925	3000.0	2084.2207493297683	0.0	0	0.0	2665.7259840992047	1	0	0	1.8379544763639062
285643.28146552003	6000.0	2022.4445185790064	0.0	0	0.0	2665.7259840992047	1	0	1	1.8360124945841256
286746.7237664118	6000.0	1919.0022176872942	0.0	0	0.0	2665.7259840992047	1	0	1	2.7291596751440705
288121.207216203	6000.0	1544.5187678960299	0.0	0	0.0	2665.7259840992047	1	0	1	2.7291596751440705
289539.08224165806	3000.0	984.856239895444	0.0	0	0.0	2523.9384815536905	1	0	2	0.9528595686678483
290868.0484963104	3000.0	788.786610708296	0.0	0	0.0	2656.83510701888	1	0	0	1.4397211027387904
291530.57030960533	3000.0	1126.2647974133606	0.0	0	0.0	2656.83510701888	1	0	1	1.836901582292158
292350.20524479647	3000.0	1306.6298622222444	0.0	0	0.0	2656.8351070189383	1	0	1	2.0369015822921543
293150.71979065984	3000.0	1586.1667709452095	0.0	0	0.0	2736.8865616052644	1	0	0	1.6308479808750613
294352.51126022585	3000.0	1504.5544483358137	0.0	0	0.0	2857.065708561917	1	0	0	1.8199192822438577
295543.2656008067	3000.0	1313.8001077550118	0.0	0	0.0	2857.0657085620333	1	0	1	1.816878522137845
296301.64326178853	3000.0	1555.4224467732483	0.0	0	0.0	2857.0657085620915	1	0	1	2.0168785221378367
297472.25983403006	3000.0	1267.7442173076486	0.0	0	0.0	2740.00405133795	1	0	2	1.6255845111309213
298263.7516944258	3000.0	1397.1031708722892	0.0	0	0.0	2660.8548652983736	1	0	2	1.8343562495402295
299221.6109938075	3000.0	1343.457941552445	0.0	0	0.0	2565.068935360294	1	0	2	1.8435372745965608
299870.34668754856	3000.0	1629.848678437279	0.0	0	0.0	2500.1953659861465	1	0	2	1.8509990237963514
300761.7181625222	3000.0	1649.3400559663276	0.0	0	0.0	2411.058218488819	1	0	2	1.859078152878848
2.7	3.15	4.0	3.82	3.27	2.02	3.29	3.82	3.02	3.51	3.35	3.5	2.91	3.07	3.29	2.3	3.29	3.43	4.46	5.71	6.44	4.26	3.57	4.26	4.99	5.53	2.75	3.07	3.32	4.69	5.9	6.93	6.01	3.42	2.65	3.92	3.68	4.39	5.05	4.81	5.85	5.46	2.84	2.75	2.68	2.61	3.46	1.95	2.58	2.88	3.3	3.43	3.74	4.78	4.84	3.5	4.03	3.8	3.29	2.31	3.12	3.15	2.97	2.25	3.15	3.66	3.63	2.44	3.8	4.91	5.47	2.93	2.76	2.91	2.51	1.74	2.55	3.23	4.39	5.27	6.72	6.44	2.29	2.76	2.25	3.29	2.27	3.26	4.49	2.61	1.81	2.06	1.67	2.46	3.41	3.51	3.3	2.71	2.17	1.96	2.35	3.24	4.9	5.64	2.86	2.44	3.67	4.84	3.37	2.78	3.96	5.2	4.95	1.54	1.53	1.92	3.06	2.92	2.06	2.32	2.49	2.54	3.17	2.66	1.98	1.51	2.2	2.35	3.35	4.62	4.41	4.91	5.14	4.7	3.15	2.97	2.27	3.54	4.12	4.71	3.16	3.2	3.07	3.17	3.68	3.58	4.63	4.65	0.98	1.73	2.7	3.15	4.0	3.82	3.27	2.02	3.29	3.82	3.02	3.51	3.35	3.5	2.91	3.07	3.29	2.3	3.29	3.43	4.46	5.71	6.44	4.26	3.57	4.26	4.99	5.53	2.75	3.07	3.32	4.69	5.9	6.93	6.01	3.42	2.65	3.92	3.68	4.39	5.05	4.81	5.85	5.46	2.84	2.75	2.68	2.61	3.46	1.95	2.58	2.88	3.3	3.43	3.74	4.78	4.84	3.5	4.03	3.8	3.29	2.31	3.12	3.15	2.97	2.25	3.15	3.66	3.63	2.44	3.8	4.91	5.47	2.93	2.76	2.91	2.51	1.74	2.55	3.23	4.39	5.27	6.72	6.44	2.29	2.76	2.25	3.29	2.27	3.26	4.49	2.61	1.81	2.06	1.67	2.46	3.41	3.51	3.3	2.71	2.17	1.96	2.35	3.24	4.9	5.64	2.86	2.44	3.67	4.84	3.37	2.78	3.96	5.2	4.95	1.54	1.53	1.92	3.06	2.92	2.06	2.32	2.49	2.54	3.17	2.66	1.98	1.51	2.2	2.35	3.35	4.62	4.41	4.91	5.14	4.7	3.15	2.97	2.27	3.54	4.12	4.71	3.16	3.2	3.07	3.17	3.68	3.58	4.63	4.65	0.98	1.73	2.7
1.0	2.0	3.0	4.0	5.0	6.0	7.0	8.0	9.0	10.0	11.0	12.0	13.0	14.0	15.0	16.0	17.0	18.0	19.0	20.0	21.0	22.0	23.0	24.0	25.0	26.0	27.0	28.0	29.0	30.0	31.0	32.0	33.0	34.0	35.0	36.0	37.0	38.0	39.0	40.0	41.0	42.0	43.0	44.0	45.0	46.0	47.0	48.0	49.0	50.0	51.0	52.0	53.0	54.0	55.0	56.0	57.0	58.0	59.0	60.0	61.0	62.0	63.0	64.0	65.0	66.0	67.0	68.0	69.0	70.0	71.0	72.0	73.0	74.0	75.0	76.0	77.0	78.0	79.0	80.0	81.0	82.0	83.0	84.0	85.0	86.0	87.0	88.0	89.0	90.0	91.0	92.0	93.0	94.0	95.0	96.0	97.0	98.0	99.0	100.0	101.0	102.0	103.0	104.0	105.0	106.0	107.0	108.0	109.0	110.0	111.0	112.0	113.0	114.0	115.0	116.0	117.0	118.0	119.0	120.0	121.0	122.0	123.0	124.0	125.0	126.0	127.0	128.0	129.0	130.0	131.0	132.0	133.0	134.0	135.0	136.0	137.0	138.0	139.0	140.0	141.0	142.0	143.0	144.0	145.0	146.0	147.0	148.0	149.0	149.0	150.0	151.0	152.0	153.0	154.0	155.0	156.0	157.0	158.0	159.0	160.0	161.0	162.0	163.0	164.0	165.0	166.0	167.0	168.0	169.0	170.0	171.0	172.0	173.0	174.0	175.0	176.0	177.0	178.0	179.0	180.0	181.0	182.0	183.0	184.0	185.0	186.0	187.0	188.0	189.0	190.0	191.0	192.0	193.0	194.0	195.0	196.0	197.0	198.0	199.0	200.0	201.0	202.0	203.0	204.0	205.0	206.0	207.0	208.0	209.0	210.0	211.0	212.0	213.0	214.0	215.0	216.0	217.0	218.0	219.0	220.0	221.0	222.0	223.0	224.0	225.0	226.0	227.0	228.0	229.0	230.0	231.0	232.0	233.0	234.0	235.0	236.0	237.0	238.0	239.0	240.0	241.0	242.0	243.0	244.0	245.0	246.0	247.0	248.0	249.0	250.0	251.0	252.0	253.0	254.0	255.0	256.0	257.0	258.0	259.0	260.0	261.0	262.0	263.0	264.0	265.0	266.0	267.0	268.0	269.0	270.0	271.0	272.0	273.0	274.0	275.0	276.0	277.0	278.0	279.0	280.0	281.0	282.0	283.0	284.0	285.0	286.0	287.0	288.0	289.0	290.0	291.0	292.0	293.0	294.0	295.0	296.0	297.0	298.0	298.0	299.0
4162.346158181931
