4806.244779309728	300.0	2000.0	190.9900173251158	0	0.0	4806.244779309728	1	0	2	-2.0223133108862554
5269.293078879512	1000.0	2536.951700430215	0.0	0	0.0	4806.244779309728	1	0	1	-0.6806244779309727
5992.107766539568	2000.0	2741.8555440041528	0.0	0	0.0	4733.9633105437215	1	0	2	0.32892709179172563
6992.647772746507	3000.0	2641.2615371765187	0.0	0	0.0	4633.909309923027	1	0	2	1.2308784593237316
8774.114650024396	3000.0	1681.6479721708408	0.0	0	0.0	4455.762622195239	1	0	2	1.6516210196878334
9952.005870732371	2000.0	1385.967629392069	0.0	0	0.0	4337.973500124442	1	0	2	0.855345637784215
10659.263163254782	2000.0	1607.9846076174156	0.0	0	0.0	4267.247770872198	1	0	2	1.2687988255291567
11361.882069655643	2000.0	1835.1038105764676	0.0	0	0.0	4196.985880232111	1	0	2	1.2756816892754936
11915.696807500888	2000.0	2225.907598946698	0.0	0	0.0	4141.604406447586	1	0	2	1.2816174951027448
12718.64280684148	3000.0	2342.666999672045	0.0	0	0.0	4061.3098065135273	1	0	2	1.2891139525282536
13228.860145177661	3000.0	2781.4279275022463	0.0	0	0.0	4010.2880726799085	1	0	2	1.7002916930403564
14471.407277589416	3000.0	2414.626081849317	0.0	0	0.0	3886.033359438734	1	0	2	1.7108051726793254
15330.372853303086	3000.0	2469.7639485642812	0.0	0	0.0	3800.1368018673675	1	0	2	1.7203216353425275
16251.426249000033	3000.0	2456.6052132976392	0.0	0	0.0	3708.0314622976693	1	0	2	1.729560256049786
16938.24575101969	3000.0	2701.1037610760186	0.0	0	0.0	3639.3495120957105	1	0	2	1.7368756266967618
17743.60079111817	3000.0	2815.2132169676934	0.0	0	0.0	3558.814008085863	1	0	2	1.744685612038159
18691.391923129242	3000.0	2772.6429717555166	0.0	0	0.0	3464.034894884757	1	0	2	1.7541238284521754
19310.284197078818	3000.0	3091.861470410985	0.0	0	0.0	3402.145667489802	1	0	2	1.7607239325663433
20200.0	3000.0	3113.1740871976835	0.0	0	224.13399703897812	3313.1740871976835	1	0	2	1.7681577879017087
21293.53011056223	6000.0	2910.2909655792296	0.0	0	0.0	3203.8210761414593	1	0	2	1.7793070203259782
22801.969854319846	6000.0	2251.0072474458557	0.0	0	0.0	3052.977101765704	1	0	2	2.4863055505212257
23609.502084101623	3000.0	2362.7217946859005	0.0	0	0.0	2972.223878787525	1	0	2	1.1100978973108662
25062.655858661303	3000.0	1764.252642670252	0.0	0	0.0	2826.908501331556	1	0	2	1.815723374346471
26962.25785841274	3000.0	674.6904429436738	0.0	0	0.0	2636.948301356413	1	0	2	1.8336401299119947
27983.804135174258	2000.0	550.9895385060041	0.0	0	0.0	2534.7936736802585	1	0	2	1.0358821813990762
28608.584135521407	2000.0	926.2095381588526	0.0	0	0.0	2534.7936736802585	1	0	1	1.4436406175178553
29539.337747573394	3000.0	995.4559261068666	0.0	0	0.0	2534.7936736802585	1	0	1	1.6436406175178557
30145.676491856717	3000.0	1389.1171818235428	0.0	0	0.0	2534.793673680255	1	0	1	2.0491057256260206
30892.15031734817	3000.0	1567.995973782946	0.0	0	0.0	2460.14629113111	1	0	2	1.6544152561644312
32331.42278290539	3000.0	984.7962616700042	0.0	0	0.0	2316.219044575395	1	0	2	1.866232243646711
33155.62970568683	2000.0	1160.5893388885597	0.0	0	0.0	2316.2190445753877	1	0	1	1.0600329723201776
34184.093896737715	2000.0	1132.1251478376719	0.0	0	0.0	2316.2190445753877	1	0	1	1.6654980804283426
34857.255980990965	2000.0	1458.9630635844192	0.0	0	0.0	2316.219044575384	1	0	1	1.665498080428343
35770.4566490342	2000.0	1637.0824623455055	0.0	0	0.0	2407.5391113797086	1	0	0	1.2584115817048986
36647.03942514563	3000.0	1760.4996862340706	0.0	0	0.0	2407.5391113797086	1	0	1	1.4563660737479107
38054.81352330102	3000.0	1352.7255880786781	0.0	0	0.0	2407.5391113797086	1	0	1	2.0618311818560753
38863.00443910641	3000.0	1544.5346722732927	0.0	0	0.0	2407.539111379716	1	0	1	2.0618311818560744
39811.485828518766	3000.0	1596.05328286093	0.0	0	0.0	2407.539111379716	1	0	1	2.0618311818560744
40453.89070411267	3000.0	1889.4079197076335	0.0	0	0.0	2343.2986238203375	1	0	2	1.6664886543047706
42168.24520648295	3000.0	1003.6179671003259	0.0	0	0.0	2171.863173583304	1	0	2	1.8807727467051145
43551.369586267865	3000.0	758.8060252938917	0.0	0	0.0	2310.17561156179	1	0	0	1.4752843739855188
44617.52367577417	2000.0	692.6519357875875	0.0	0	0.0	2310.1756115617827	1	0	1	1.0606373156215385
45428.056261890415	2000.0	963.1726082829765	0.0	0	0.0	2391.228870173414	1	0	0	1.2601214447128426
46033.80903215466	2000.0	1417.9951150451502	0.0	0	0.0	2451.804147199844	1	0	0	1.4533823759569904
47000.72652541774	3000.0	1451.0776217820655	0.0	0	0.0	2451.804147199844	1	0	1	1.4519395701658973
47623.74458466355	3000.0	1765.75775661167	0.0	0	0.0	2389.5023412752635	1	0	2	1.6622552890219808
48275.118184560066	3000.0	2049.246796725508	0.0	0	0.0	2324.3649812856092	1	0	2	1.8684060655638435
49200.0	3000.0	2031.8767997415796	0.0	0	290.8464347758709	2231.8767997416144	1	0	2	1.8756640229021722
50620.08911391283	3000.0	1469.7787744374687	0.0	0	0.0	2089.8678883503308	1	0	2	1.8900335402647739
51734.860205607736	3000.0	1243.5305735730633	0.0	0	0.0	1978.3907791808306	1	0	2	1.901472424940335
53483.93251943843	3000.0	669.3654911254412	0.0	0	0.0	2153.2980105639	1	0	0	1.4924404232459272
53902.80143027194	1000.0	1250.4965802919226	0.0	0	0.0	2153.2980105639	1	0	1	-0.3099692853985638
54651.0874341817	2000.0	1577.0391767731328	0.0	0	0.0	2228.126610954867	1	0	0	0.5828941792785
55401.20587524877	2000.0	1901.93257981277	0.0	0	0.0	2303.1384550615767	1	0	0	1.4686578281827802
56715.795635813585	3000.0	1718.8017953044364	0.0	0	0.0	2434.5974311180544	1	0	0	1.4573468086723893
58077.423575780216	3000.0	1357.1738553378011	0.0	0	0.0	2434.5974311180544	1	0	1	1.8591253498822407
58897.31498229952	3000.0	1619.2715894704252	0.0	0	0.0	2516.586571769978	1	0	0	1.652728286622178
60054.406444290675	3000.0	1577.8892736783905	0.0	0	0.0	2632.2957179690857	1	0	0	1.8424875505142932
61300.000209530204	3000.0	1332.2955084388552	0.0	0	0.0	2632.2957179690784	1	0	1	1.8393555211971382
62389.654705752204	3000.0	1242.6410122168613	0.0	0	0.0	2632.2957179690784	1	0	1	2.0393555211971384
64023.81829481437	3000.0	771.8937820609085	0.0	0	0.0	2795.712076875294	1	0	0	1.6270722812136749
65904.87859694776	3000.0	216.6334257118404	152.9932395233169	0	0.0	3121.5120226596046	1	0	0	0.8810942897607488
66359.12236111362	1000.0	792.3773639909058	29.987702444922206	0	0.0	3151.499725104528	1	0	1	-0.5897156715221591
67188.20424031033	2000.0	963.295484794182	0.0	0	0.0	3151.499725104506	1	0	1	0.8888228318154849
67937.16743591201	2000.0	1214.332289192479	0.0	0	0.0	3151.4997251044842	1	0	1	1.5819700123754326
68618.66339738642	3000.0	1532.8363277180686	0.0	0	0.0	3151.4997251044915	1	0	1	1.5819700123754326
69146.26304095425	3000.0	1952.476719793458	0.0	0	0.0	3098.739760747718	1	0	2	1.591328727510561
69896.63101964474	3000.0	2127.0719432339138	0.0	0	0.0	3023.702962878684	1	0	2	1.7983806380203309
70604.09743205881	3000.0	2348.8588895784246	0.0	0	0.0	2952.956321637248	1	0	2	1.8049110243672453
71938.92393398836	3000.0	1880.549737455914	0.0	0	0.0	2819.473671444299	1	0	2	1.81720639864092
73055.81214183175	3000.0	1651.9727088281895	0.0	0	0.0	2707.7848506599403	1	0	2	1.8290064263532206
73894.33090857501	3000.0	1729.6020654105864	0.0	0	0.0	2623.9329739856184	1	0	2	1.8380748306668784
74636.16536813318	3000.0	1913.584159896594	0.0	0	0.0	2549.7495280298026	1	0	2	1.8456244740738907
75508.0215136327	3000.0	1954.5423998471235	0.0	0	0.0	2462.563913479855	1	0	2	1.853953615785102
77019.84641734278	3000.0	1291.5350057660416	0.0	0	0.0	2311.3814231088472	1	0	2	1.8679768650450852
77668.70457889316	3000.0	1577.7910280606322	0.0	0	0.0	2246.4956069538166	1	0	2	1.8765082339367962
78513.12201482139	3000.0	1648.9318485395777	0.0	0	0.0	2162.0538633609976	1	0	2	1.884100061462211
79200.0	3000.0	1893.3660648431082	0.0	0	110.24227032501949	2093.366064843125	1	0	2	1.8909596087040188
80200.0	3000.0	1793.3660648430982	0.0	0	325.6243185917119	1993.3660648430814	1	0	2	1.8994617613631577
81200.0	3000.0	1693.3660648430987	0.0	0	100.86754847175325	1893.3660648430814	1	0	2	1.9099899900683783
82200.0	3000.0	1593.366064843095	0.0	0	262.2752938508347	1793.3660648430814	1	0	2	1.9197020490050534
83200.0	3000.0	1493.366064843091	0.0	0	185.4609659405396	1693.3660648430814	1	0	2	1.9299216231267784
84739.16366372876	6000.0	954.202401114334	0.0	0	0.0	1693.3660648430814	1	0	1	1.9332484865097377
85481.11173068659	3000.0	1212.2543341565133	0.0	0	0.0	1693.3660648430814	1	0	1	1.440101305949793
86620.70953449325	3000.0	1072.6565303498655	0.0	0	0.0	1693.3660648430814	1	0	1	2.133248486509738
87709.21056534594	3000.0	1093.0056025824376	0.0	0	0.0	1802.21616792836	1	0	0	1.7251396024549874
88792.74938084363	3000.0	1009.4667870847544	0.0	0	0.0	1802.2161679283745	1	0	1	1.9223634762012087
90012.11419580787	3000.0	790.101972120531	0.0	0	0.0	1802.2161679283745	1	0	1	2.1223634762012087
91572.68652041793	3000.0	229.5296475104568	0.0	0	0.0	1802.2161679283745	1	0	1	2.1223634762012087
92462.58735662281	2000.0	539.6558698985956	200.02705859301244	0	0.0	2002.2432265213865	1	0	1	0.09126820256750334
93040.03890794364	2000.0	962.2043185777641	0.0	0	0.0	2002.2432265213865	1	0	1	1.6968956622337428
94059.07128854204	3000.0	943.1719379793499	0.0	0	0.0	2002.2432265213865	1	0	1	1.696895662233743
94651.32772895254	2000.0	1350.9154975688466	0.0	0	0.0	2002.2432265213865	1	0	1	1.2914305541255782
95687.06981075111	3000.0	1315.17341577028	0.0	0	0.0	2002.243226521372	1	0	1	1.6968956622337443
96460.45249153556	3000.0	1541.7907349858285	0.0	0	0.0	2002.243226521372	1	0	1	2.102360770341909
97216.7637737753	3000.0	1861.1105809700575	0.0	0	0.0	2077.8743547453487	1	0	0	1.6967296127817844
98200.0	3000.0	1976.197977367833	0.0	0	254.3947503274394	2176.1979773678177	1	0	0	1.8884165184958521
99940.30452481277	6000.0	1235.893452555045	0.0	0	0.0	2176.1979773678177	1	0	1	1.8849652952572644
101193.10146508705	3000.0	983.0965122807601	0.0	0	0.0	2176.1979773678177	1	0	1	1.3918181146973194
102144.97270228497	3000.0	1031.2252750828302	0.0	0	0.0	2176.1979773678177	1	0	1	2.0849652952572644
102947.74164165698	3000.0	1228.4563357108207	0.0	0	0.0	2176.1979773678177	1	0	1	2.0849652952572644
103691.9278510556	3000.0	1558.688747252044	0.0	0	0.0	2250.61659830765	1	0	0	1.6799441509070574
105369.55274042253	3000.0	881.0638578851116	0.0	0	0.0	2250.61659830765	1	0	1	1.877523433163281
105996.92153005977	2000.0	1253.69506824788	0.0	0	0.0	2250.61659830765	1	0	1	1.2665932169469518
107141.34172876865	3000.0	1223.7168894098986	0.0	0	0.0	2365.0586181785475	1	0	0	1.263368431562308
107825.40963496815	3000.0	1539.6489832103798	0.0	0	0.0	2365.0586181785475	1	0	1	1.8660792311761913
108785.30694231093	3000.0	1483.7619451333187	0.0	0	0.0	2269.0688874442567	1	0	2	1.67340297690569
109514.54297106875	3000.0	1681.60231349971	0.0	0	0.0	2196.145284568469	1	0	2	1.881079875215021
110644.48744132493	3000.0	1438.6633962178926	0.0	0	0.0	2083.150837542853	1	0	2	1.8914956216091996
111425.66459010895	3000.0	1579.3685325554936	0.0	0	0.0	2005.0331226644485	1	0	2	1.900126904647615
112345.41439137548	3000.0	1567.6437511623167	0.0	0	0.0	1913.058142537804	1	0	2	1.9089162191410105
113567.4716395281	3000.0	1223.3807781944154	0.0	0	0.0	1790.8524177225336	1	0	2	1.9207077939607937
114435.16125256752	3000.0	1442.460126458948	0.0	0	0.0	1877.6213790264737	1	0	0	1.516910303798232
115204.85110077442	3000.0	1749.7392630727222	0.0	0	0.0	1954.5903638471646	1	0	0	1.9090549247414748
116225.7096013145	6000.0	1728.8807625326265	0.0	0	0.0	1954.59036384715	1	0	1	1.9071260566093309
118072.52944095923	6000.0	882.060922887919	0.0	0	0.0	1954.5903638471646	1	0	1	2.8002732371692747
119338.5900174846	3000.0	616.0003463625644	0.0	0	0.0	1954.5903638471646	1	0	1	1.4139788760493848
120065.71280244051	2000.0	888.8775614066438	0.0	0	0.0	1954.5903638471646	1	0	1	1.2961958403930003
120882.54380414063	2000.0	1072.0465597065086	0.0	0	0.0	1954.5903638471646	1	0	1	1.701660948501165
121747.16843111339	2000.0	1207.4219327337569	0.0	0	0.0	1954.5903638471646	1	0	1	1.701660948501165
122516.11964351851	3000.0	1438.4707203286282	0.0	0	0.0	1954.5903638471646	1	0	1	1.7016609485011651
123480.1922296132	3000.0	1474.3981342339368	0.0	0	0.0	1954.59036384715	1	0	1	2.107126056609331
124243.30223256431	3000.0	1787.5991315779302	0.0	0	0.0	2030.9013641422644	1	0	0	1.7014849935035739
125245.39928072265	3000.0	1885.711788235419	0.0	0	0.0	2131.1110689580673	1	0	0	1.891997873680893
126200.0	3000.0	2026.5711408858	0.0	0	90.88338572515931	2226.5711408858187	1	0	0	1.8827401599143196
127399.73325075164	3000.0	1706.8645650589976	0.0	0	0.0	2106.597815810659	1	0	2	1.4885424903250182
128318.79543115366	3000.0	1695.8961666167659	0.0	0	0.0	2014.6915977704339	1	0	2	1.898789567664749
129200.0	3000.0	1726.5711408858078	0.0	0	77.44971477414947	1926.5711408858187	1	0	2	1.907249011669486
130200.0	3000.0	1626.5711408858078	0.0	0	240.79395486437716	1826.5711408858187	1	0	2	1.9164438826088546
131200.0	3000.0	1526.571140885824	0.0	0	191.08607348625083	1726.5711408858333	1	0	2	1.9263796613368434
132494.0677588822	3000.0	1361.9101578918564	0.0	0	0.0	1855.9779167740635	1	0	0	1.5205767808165276
133342.53768280882	3000.0	1513.4402339652497	0.0	0	0.0	1855.977916774078	1	0	1	1.9169873013166383
134200.0	3000.0	1741.7241484932185	0.0	0	345.2411416422401	1941.724148493202	1	0	0	1.7118499849490227
135290.00762990525	6000.0	1651.7165185879967	0.0	0	0.0	1941.724148493202	1	0	1	1.908412678144726
136792.42996077592	6000.0	1149.2941877173535	0.0	0	0.0	1941.724148493202	1	0	1	2.801559858704671
137627.85484524965	3000.0	1313.8693032436217	0.0	0	0.0	1941.724148493202	1	0	1	1.4152654975847812
138978.22006966049	3000.0	963.5040788327922	0.0	0	0.0	1941.724148493202	1	0	1	2.108412678144726
139891.19359450584	3000.0	1141.8279064719527	0.0	0	0.0	2033.0215009777457	1	0	0	1.7013537693759377
140883.57034268745	3000.0	1149.4511582903303	0.0	0	0.0	2033.0215009777457	1	0	1	1.8992829428962714
142015.03415236756	3000.0	1131.1337295782223	0.0	0	0.0	2146.1678819457593	1	0	0	1.6906568647742142
143099.03712085303	3000.0	1047.1307610927545	0.0	0	0.0	2146.1678819457593	1	0	1	1.8879683047994702
144039.02342152447	3000.0	1107.144460421303	0.0	0	0.0	2146.1678819457593	1	0	1	2.08796830479947
144574.0660983921	3000.0	1625.6060512404356	0.0	0	0.0	2199.6721496324753	1	0	0	1.6838489669749626
145827.378615847	6000.0	1372.2935337855363	0.0	0	0.0	2199.6721496324753	1	0	1	1.8826178780307985
146973.45718726947	6000.0	1226.214962363045	0.0	0	0.0	2199.6721496324753	1	0	1	2.7757650585907436
148128.69924596167	6000.0	1070.9729036708468	0.0	0	0.0	2199.6721496324753	1	0	1	2.7757650585907436
148680.73658052395	3000.0	1518.9355691086023	0.0	0	0.0	2199.6721496324753	1	0	1	1.3894706974708537
149690.21495571896	3000.0	1610.4050314331062	0.0	0	0.0	2300.619987151993	1	0	0	1.6752457103498881
150373.7487859633	3000.0	1995.2245842131838	0.0	0	0.0	2368.97337017642	1	0	0	1.86754587428444
151355.87690726912	3000.0	1914.8836507768042	0.0	0	0.0	2270.7605580458476	1	0	2	1.4731260022947135
152218.6519452591	3000.0	1965.8311089878282	0.0	0	0.0	2184.4830542468408	1	0	2	1.8818887968775573
153274.73891402682	3000.0	1804.1354433433348	0.0	0	0.0	2078.8743573700776	1	0	2	1.8920829050188321
154514.59397514086	3000.0	1440.294876117898	0.0	0	0.0	1954.8888512587	1	0	2	1.9038764465024731
155620.3981622202	3000.0	1223.9102703306366	0.0	0	0.0	1844.3084325507516	1	0	2	1.9150992819201011
156878.269869664	3000.0	966.0385628868273	0.0	0	0.0	1844.3084325507516	1	0	1	1.9181542497389708
157734.43094664038	2000.0	1109.877485910494	0.0	0	0.0	1844.3084325507516	1	0	1	1.3072240335226417
158867.7016733205	2000.0	976.6067592303829	0.0	0	0.0	1844.3084325507225	1	0	1	1.712689141630809
159527.87056991775	2000.0	1316.437862633131	0.0	0	0.0	1844.3084325506934	1	0	1	1.7126891416308103
160200.0	2000.0	1711.521375559117	0.0	0	67.96161348745227	1911.5213755589502	1	0	0	1.3080225239806618
161200.0	3000.0	1811.5213755591196	0.0	0	27.790986841282574	2011.5213755589211	1	0	0	1.4984802248645737
162200.0	3000.0	1711.5213755590926	0.0	0	390.3199363243475	1911.5213755589211	1	0	2	1.5076695446871258
163200.0	3000.0	1611.5213755590896	0.0	0	130.2698761363863	1811.5213755589211	1	0	2	1.9180435534897384
164359.64479875032	3000.0	1335.9120969336955	0.0	0	0.0	1695.5568956838397	1	0	2	1.93023113754546
165200.0	3000.0	1579.5924158090104	0.0	0	172.8358333109354	1779.5924158088164	1	0	0	1.527615541745758
166200.0	3000.0	1679.5924158090152	0.0	0	285.642107047257	1879.5924158087873	1	0	0	1.9182975269996234
167200.0	3000.0	1779.5924158090138	0.0	0	12.111847742809914	1979.5924158087582	1	0	0	1.907219140320176
168200.0	3000.0	1879.5924158090154	0.0	0	265.0752876085171	2079.5924158087582	1	0	0	1.8981463958539284
169502.4904756142	6000.0	1577.1019401948233	0.0	0	0.0	2079.5924158087582	1	0	1	1.8946258514131704
170200.0	6000.0	1879.5924158090183	0.0	0	31.813440011261264	2079.5924158087582	1	0	1	2.7877730319731153
172140.60626141995	6000.0	938.9861543890595	0.0	0	0.0	2079.592415808729	1	0	1	2.787773031973118
173595.06079968894	3000.0	484.5316161200884	0.0	0	0.0	2079.592415808729	1	0	1	1.4014786708532283
174562.78900877186	2000.0	516.8034070371875	0.0	0	0.0	2079.592415808729	1	0	1	1.2836956351968438
175973.09636247388	2000.0	294.96372267332856	188.46766933815815	0	0.0	2268.0600851469208	1	0	1	0.5395079603422402
176617.6953802659	1000.0	687.6988865135595	37.33418163225821	0	0.0	2305.3942667791853	1	0	1	0.056281107294523236
177339.65265995223	2000.0	965.7416068272507	0.0	0	0.0	2305.3942667792144	1	0	1	0.9734333776480146
177850.70750720447	2000.0	1454.6867595750275	0.0	0	0.0	2305.3942667792144	1	0	1	1.6665805582079598
178659.96323984183	3000.0	1645.4310269376736	0.0	0	0.0	2305.3942667791853	1	0	1	1.6665805582079627
179217.00578563192	3000.0	2032.6842265685677	0.0	0	0.0	2249.6900122001825	1	0	2	1.6761602357525138
180200.0	3000.0	1951.390590763684	0.0	0	307.9536833727034	2151.39059076336	1	0	2	1.8837095587060566
181425.21934471827	3000.0	1603.6493115735684	0.0	0	0.0	2028.8686562914809	1	0	2	1.895917984324251
182687.31284484203	3000.0	1467.7651614621732	0.0	0	0.0	2155.078006303869	1	0	0	1.490152978911077
184394.371936717	3000.0	931.4119787746918	0.0	0	0.0	2325.783915491367	1	0	0	1.8741613530284402
184844.4659460323	2000.0	1481.3179694593912	0.0	0	0.0	2325.783915491367	1	0	1	1.0590764852285801
186091.50482978718	3000.0	1234.2790857044738	0.0	0	0.0	2325.783915491338	1	0	1	1.6645415933367476
186986.65384729934	2000.0	1339.130068192326	0.0	0	0.0	2325.783915491338	1	0	1	1.259076485228583
188121.7790233678	3000.0	1317.51740973071	0.0	0	0.0	2439.2964330981777	1	0	0	1.2557517572044996
188817.51501810306	3000.0	1621.7814149954756	0.0	0	0.0	2439.2964330981777	1	0	1	1.8586554496842282
189634.95071691417	3000.0	1722.6021463032564	0.0	0	0.0	2357.5528632170754	1	0	2	1.6643926329578953
191460.727537249	3000.0	896.8253259683851	0.0	0	0.0	2357.5528632170463	1	0	1	1.8668298066723388
192622.9450691062	2000.0	734.6077941112065	0.0	0	0.0	2357.5528632170754	1	0	1	1.255899590456011
193511.3313396738	2000.0	846.2215235435875	0.0	0	0.0	2357.5528632170463	1	0	1	1.6613646985641766
193997.20342235937	2000.0	1360.3494408579986	0.0	0	0.0	2357.5528632170463	1	0	1	1.6613646985641766
194484.38516602284	2000.0	1921.8858715609033	0.0	0	0.0	2406.271037583385	1	0	0	1.2577672462061869
195636.31394789938	3000.0	1885.1499678719772	0.0	0	0.0	2521.46391577099	1	0	0	1.4475815660286528
196444.64940052878	3000.0	1995.9809699796856	0.0	0	0.0	2440.6303705080936	1	0	2	1.456495584642063
197200.0	3000.0	2165.095310561324	0.0	0	288.99958265721216	2365.0953105609515	1	0	2	1.8628969896258465
199550.51695152358	6000.0	814.5783590377448	0.0	0	0.0	2365.0953105609515	1	0	1	1.8660755619379508
201058.50634683456	3000.0	306.58896372677253	0.0	0	0.0	2365.0953105609515	1	0	1	1.372928381378006
202259.17490475933	2000.0	306.3763646474604	200.45595884544926	0	0.0	2565.551269406773	1	0	1	0.03236399676434376
202672.58660304124	1000.0	892.9646663655577	0.0	0	0.0	2565.551269406773	1	0	1	0.25427049682531366
203422.19748608294	2000.0	1143.3537833238856	0.0	0	0.0	2565.551269406773	1	0	1	0.9474176773852587
203871.13821379424	2000.0	1694.4130556126042	0.0	0	0.0	2565.551269406773	1	0	1	1.640564857945204
204630.01954293865	3000.0	1859.6435935537386	0.0	0	0.0	2489.663136492367	1	0	2	1.2458525077748772
205609.10916226794	3000.0	1782.6450122915476	0.0	0	0.0	2391.7541745594644	1	0	2	1.8609429752936604
206876.75529719083	3000.0	1641.7634908609743	0.0	0	0.0	2518.5187880517624	1	0	0	1.4541340029604364
207696.1360020048	3000.0	1904.3208565284315	0.0	0	0.0	2600.4568585332017	1	0	0	1.8443882783497794
208840.9397421873	3000.0	1645.0367423276498	0.0	0	0.0	2485.9764845149184	1	0	2	1.4506647230894352
210051.9285832239	3000.0	1312.9490171873888	0.0	0	0.0	2364.8776004113024	1	0	2	1.8631796439520265
210846.05348017524	3000.0	1439.4116305409232	0.0	0	0.0	2285.465110716177	1	0	2	1.8720614208350563
212167.3131771559	3000.0	986.0259638622077	0.0	0	0.0	2153.339141018194	1	0	2	1.883635503352065
213447.17925417304	3000.0	834.1464945467877	0.0	0	0.0	2281.3257487199444	1	0	0	1.4777522820020819
215508.2005480416	3000.0	246.90675151745722	297.42157939156476	0	0.0	2755.107299559051	1	0	0	0.04670995818078438
216186.24487621879	2000.0	664.14624534943	95.28382200912324	0	0.0	2850.3911215681874	1	0	1	0.4349128325661584
216753.882730555	2000.0	1096.5083910132175	0.0	0	0.0	2850.3911215682165	1	0	1	1.6120808727290599
217365.0907864624	3000.0	1485.3003351058176	0.0	0	0.0	2850.3911215682165	1	0	1	1.6120808727290599
217879.22907763542	3000.0	1919.7482148154552	0.0	0	0.0	2798.9772924508725	1	0	2	1.6213704238161206
218328.97388691516	3000.0	2425.0289246077036	0.0	0	0.0	2754.0028115228342	1	0	2	1.8261410419240798
219200.0	3000.0	2466.900200214379	0.0	0	419.0914283283928	2666.9002002143243	1	0	2	1.832238259055822
220222.7136621372	3000.0	2341.9151718634675	0.0	0	0.0	2564.628834000585	1	0	2	1.843030877837678
221200.0	3000.0	2266.9002002144084	0.0	0	165.01136832634802	2466.9002002143534	1	0	2	1.852717300366951
222227.22818303786	3000.0	2136.949198872746	0.0	0	0.0	2364.1773819105583	1	0	2	1.8634847014159044
223200.0	3000.0	2066.9002002143543	0.0	0	244.37022894795518	2266.900200214295	1	0	2	1.8724820001612188
224200.0	3000.0	1966.9002002143523	0.0	0	318.9731161445379	2166.9002002143243	1	0	2	1.8821900238816274
225503.64430050383	3000.0	1532.8914696601466	0.0	0	0.0	2036.5357701639587	1	0	2	1.8950087333821404
226285.77129428985	3000.0	1750.7644758741255	0.0	0	0.0	2036.5357701639587	1	0	1	1.89893151597765
227277.82271523675	3000.0	1857.9181970219206	0.0	0	0.0	2135.740912258654	1	0	0	1.691375849769717
228200.0	3000.0	2027.9586407349918	0.0	0	117.16273780760821	2227.958640734927	1	0	0	1.8827556898081481
229468.97121479062	6000.0	1758.9874259443984	0.0	0	0.0	2227.958640734927	1	0	1	1.8797892289205533
230957.05310590658	6000.0	1270.9055348284578	0.0	0	0.0	2227.958640734927	1	0	1	2.772936409480498
231752.50799403366	3000.0	1554.996135514073	0.0	0	0.0	2307.504129547626	1	0	0	0.9806129153545811
233202.7647274661	6000.0	1104.7394020816216	0.0	0	0.0	2307.504129547655	1	0	1	1.8718346800392807
233839.91346259497	3000.0	1531.3055404656475	0.0	0	0.0	2371.2190030605707	1	0	0	0.9740467113902873
234584.94199643412	3000.0	1860.7798600104093	0.0	0	0.0	2445.721856444463	1	0	0	1.8600552892133806
235771.1322748149	3000.0	1793.2086094677027	0.0	0	0.0	2564.3408842825447	1	0	0	1.8488012935627458
236915.5537901532	3000.0	1763.229245663247	0.0	0	0.0	2678.783035816363	1	0	0	1.8377424565399048
237675.79497021847	3000.0	1926.9639475914564	0.0	0	0.0	2602.7589178098424	1	0	2	1.4404527592868432
238549.54818190192	3000.0	1965.8354147396349	0.0	0	0.0	2515.383596641477	1	0	2	1.8488382412983426
239575.70103405998	3000.0	1837.0672773657682	0.0	0	0.0	2412.768311425665	1	0	2	1.858508089396138
241293.9973226975	3000.0	1118.7709887282485	0.0	0	0.0	2412.768311425665	1	0	1	1.8613082618514794
242126.91613386167	3000.0	1369.1440586805395	0.0	0	0.0	2496.0601925421215	1	0	0	1.6550928252160608
243207.63662868677	3000.0	1396.4956133379221	0.0	0	0.0	2604.132242024585	1	0	0	1.8451520887091464
244464.7386650883	3000.0	1265.1037805765523	0.0	0	0.0	2729.842445664719	1	0	0	1.8328921645799394
245298.10025995638	3000.0	1515.078345195297	0.0	0	0.0	2813.1786051515373	1	0	0	1.8234133557994663
246149.45489853167	3000.0	1663.7237066200173	0.0	0	0.0	2813.1786051515373	1	0	1	1.8212672324788919
246789.3449609537	3000.0	1959.8446379557772	0.0	0	0.0	2749.1895989093464	1	0	2	1.6262344069900108
247513.34611308447	3000.0	2163.443370611876	0.0	0	0.0	2676.789483696193	1	0	2	1.8329930857377723
248200.0	3000.0	2408.1240950047945	0.0	0	106.17791683683754	2608.124095004634	1	0	2	1.8394071195346637
249200.0	3000.0	2308.124095004768	0.0	0	320.84819085581694	2508.124095004605	1	0	2	1.8478742206607843
250495.1538065691	3000.0	1883.4549077787608	0.0	0	0.0	2378.6087143477052	1	0	2	1.8611628918083118
251384.84671199744	3000.0	1904.7927118075822	0.0	0	0.0	2289.6394238048524	1	0	2	1.8712571926681791
252200.0	3000.0	2008.124095004789	0.0	0	36.997784865961876	2208.124095004605	1	0	2	1.8793968921062387
253470.5800429466	3000.0	1610.486047763548	0.0	0	0.0	2081.0660907099664	1	0	2	1.8907592737806018
254888.1484369203	3000.0	1051.160814392418	0.0	0	0.0	1939.3092513125157	1	0	2	1.905642612016869
255846.31733163484	3000.0	1092.9919196778683	0.0	0	0.0	1939.3092513124866	1	0	1	1.9086541678627968
256509.88213492648	3000.0	1429.427116386226	0.0	0	0.0	1939.3092513124866	1	0	1	2.1086541678627975
257487.0184507416	3000.0	1452.2908005711147	0.0	0	0.0	1939.3092513124866	1	0	1	2.1086541678627975
258337.7763584806	3000.0	1686.60868360601	0.0	0	0.0	2024.3850420863891	1	0	0	1.702274629743163
259289.44254755712	3000.0	1830.1091134371607	0.0	0	0.0	2119.551660994068	1	0	0	1.8932827719750924
260200.0	3000.0	2010.6074062385512	0.0	0	81.90912461210974	2210.607406238356	1	0	0	1.8841614375969116
261200.0	3000.0	1910.607406238547	0.0	0	142.4724023300805	2110.607406238414	1	0	2	1.488150434497014
262477.88377190405	3000.0	1504.9352571441316	0.0	0	0.0	1982.819029048056	1	0	2	1.9009387796960147
263377.3209381323	3000.0	1515.5543742931006	0.0	0	0.0	1892.8753124252835	1	0	2	1.9109541209775567
264200.0	3000.0	1610.6074062385596	0.0	0	33.58813469298184	1810.6074062384432	1	0	2	1.9193967416687563
265200.0	3000.0	1510.60740623845	0.0	0	479.20053018594626	1710.607406238385	1	0	2	1.9276589650910676
267194.26773263054	6000.0	516.3396736079487	0.0	0	0.0	1710.6074062384432	1	0	1	1.9315243523702037
268679.6415504563	3000.0	211.23424186734962	180.26838608513089	0	0.0	1890.8757923235535	1	0	1	0.33874001669096043
269578.59590115445	2000.0	503.3478857177046	191.06799454852717	0	0.0	2081.9437868721434	1	0	1	0.1370525307993441
270614.51729733474	2000.0	510.4683246971025	43.041835159634616	0	0.0	2124.985622031789	1	0	1	1.4263704117248948
271312.34031691233	2000.0	812.6453051194813	0.0	0	0.0	2124.985622031789	1	0	1	1.6846214226827025
272096.3792925607	2000.0	1107.010227035951	0.0	0	0.0	2203.389519596647	1	0	0	1.278699479871689
272687.4924926428	3000.0	1515.8970269538452	0.0	0	0.0	2203.389519596589	1	0	1	1.4767810329262216
273430.37337010715	3000.0	1847.3042372359216	0.0	0	0.0	2277.6776073430083	1	0	0	1.6766328641631307
274273.7857465856	3000.0	2088.233098405389	0.0	0	0.0	2362.0188449908746	1	0	0	1.8685127112572015
275200.0	3000.0	2069.397419649533	0.0	0	194.002868356416	2269.3974196494673	1	0	2	1.4723646068769123
276200.0	3000.0	1969.3974196495565	0.0	0	15.045298698591068	2169.3974196494673	1	0	2	1.8827013686041303
277200.0	3000.0	1869.3974196495728	0.0	0	193.23162921587937	2069.3974196494673	1	0	2	1.8924741125062088
278200.0	3000.0	1769.3974196495167	0.0	0	101.97993735870114	1969.3974196494091	1	0	2	1.902517711222759
279200.0	3000.0	1669.3974196494794	0.0	0	39.64407675736584	1869.3974196494091	1	0	2	1.9128449591667045
280301.9127021488	3000.0	1457.2934472858335	0.0	0	0.0	1759.2061494345544	1	0	2	1.9235065574128476
281200.0	3000.0	1649.0148792197617	0.0	0	69.3881834577769	1849.0148792196997	1	0	0	1.5206311596779143
282236.1133926739	3000.0	1612.9014865458673	0.0	0	0.0	1849.0148792197579	1	0	1	1.9176836050720705
283200.0	3000.0	1745.4035399524334	0.0	0	346.88412811711896	1945.4035399524146	1	0	0	1.7116756034710043
284306.31687221443	6000.0	1639.0866677379324	0.0	0	0.0	1945.4035399524728	1	0	1	1.908044738998799
285973.06351338833	6000.0	972.3400265640201	0.0	0	0.0	1945.4035399524728	1	0	1	2.801191919558746
287080.0407936734	3000.0	865.3627462788627	0.0	0	0.0	1945.4035399524728	1	0	1	1.414897558438854
288233.304253257	3000.0	712.0992866953	0.0	0	0.0	1945.4035399524728	1	0	1	2.1080447389987986
289259.16966424737	3000.0	788.8204168039967	0.0	0	0.0	2047.990081051481	1	0	0	1.7002381574137992
290626.94218319916	3000.0	421.0478978522102	0.0	0	0.0	2047.9900810515392	1	0	1	1.8977860848888954
291441.8092080681	2000.0	606.1808729832426	0.0	0	0.0	2047.9900810515392	1	0	1	1.2868558686725629
291954.9910796293	2000.0	1092.999001422082	0.0	0	0.0	2047.9900810515392	1	0	1	1.6923209767807275
292689.3626830147	3000.0	1358.6273980367046	0.0	0	0.0	2047.9900810515974	1	0	1	1.6923209767807217
293272.98443986167	3000.0	1833.3678168744382	0.0	0	0.0	2106.352256736369	1	0	0	1.6933690010825024
294200.0	3000.0	1999.0538127499244	0.0	0	418.4627108568093	2199.0538127502077	1	0	0	1.8864049368370561
295244.49690710916	6000.0	1954.5569056407471	0.0	0	0.0	2199.0538127502077	1	0	1	1.8826797117190255
296537.8154071155	6000.0	1661.238405634401	0.0	0	0.0	2199.053812750266	1	0	1	2.775826892278964
297753.75547656306	6000.0	1445.2983361868203	0.0	0	0.0	2199.053812750266	1	0	1	2.775826892278964
299184.84755773924	6000.0	1014.2062550106248	0.0	0	0.0	2199.0538127502077	1	0	1	2.77582689227897
300154.9962553851	3000.0	1141.0724271293634	0.0	0	0.0	2296.0686825148296	1	0	0	0.9824600191152077
301021.36359324516	3000.0	1274.7050892692973	0.0	0	0.0	2296.0686825147714	1	0	1	1.872978224742569
2.48	3.15	2.65	2.19	1.63	2.56	3.34	4.01	4.7	3.07	3.38	3.74	3.23	3.76	4.81	6.14	7.24	3.64	3.31	2.64	2.24	1.95	1.85	2.62	3.75	4.53	3.28	2.03	2.02	2.02	2.62	3.53	1.88	2.77	3.3	3.52	1.99	2.2	1.54	2.24	3.36	3.42	4.4	5.57	3.35	2.2	2.86	1.88	1.14	2.79	3.75	2.65	2.34	2.43	3.44	3.01	3.08	2.98	2.26	2.65	1.49	2.22	2.85	4.11	5.32	5.8	2.61	3.04	3.7	3.7	3.8	2.03	3.17	4.36	4.44	4.55	3.88	4.39	5.15	5.0	4.08	2.79	3.56	3.32	3.27	2.86	1.82	2.42	3.16	2.57	2.77	3.53	3.82	5.19	5.17	3.38	2.91	3.08	3.94	2.49	1.97	2.75	3.83	3.65	4.46	3.28	3.57	2.78	2.93	3.94	5.17	5.28	3.61	3.12	2.42	2.46	1.84	3.13	3.58	4.31	3.48	3.6	3.09	4.26	3.92	4.4	3.51	2.58	3.78	5.06	4.61	2.62	3.01	3.07	2.75	3.38	2.43	2.79	3.38	4.71	5.93	6.64	6.26	4.17	4.17	3.97	2.94	2.75	3.81	2.17	2.48	3.15	2.65	2.19	1.63	2.56	3.34	4.01	4.7	3.07	3.38	3.74	3.23	3.76	4.81	6.14	7.24	3.64	3.31	2.64	2.24	1.95	1.85	2.62	3.75	4.53	3.28	2.03	2.02	2.02	2.62	3.53	1.88	2.77	3.3	3.52	1.99	2.2	1.54	2.24	3.36	3.42	4.4	5.57	3.35	2.2	2.86	1.88	1.14	2.79	3.75	2.65	2.34	2.43	3.44	3.01	3.08	2.98	2.26	2.65	1.49	2.22	2.85	4.11	5.32	5.8	2.61	3.04	3.7	3.7	3.8	2.03	3.17	4.36	4.44	4.55	3.88	4.39	5.15	5.0	4.08	2.79	3.56	3.32	3.27	2.86	1.82	2.42	3.16	2.57	2.77	3.53	3.82	5.19	5.17	3.38	2.91	3.08	3.94	2.49	1.97	2.75	3.83	3.65	4.46	3.28	3.57	2.78	2.93	3.94	5.17	5.28	3.61	3.12	2.42	2.46	1.84	3.13	3.58	4.31	3.48	3.6	3.09	4.26	3.92	4.4	3.51	2.58	3.78	5.06	4.61	2.62	3.01	3.07	2.75	3.38	2.43	2.79	3.38	4.71	5.93	6.64	6.26	4.17	4.17	3.97	2.94	2.75	3.81	2.17
1.0	2.0	3.0	4.0	5.0	6.0	7.0	8.0	9.0	10.0	11.0	12.0	13.0	14.0	15.0	16.0	17.0	18.0	19.0	20.0	21.0	22.0	23.0	24.0	25.0	26.0	27.0	28.0	29.0	30.0	31.0	32.0	33.0	34.0	35.0	36.0	37.0	38.0	39.0	40.0	41.0	42.0	43.0	44.0	45.0	46.0	47.0	48.0	49.0	50.0	51.0	52.0	53.0	54.0	55.0	56.0	57.0	58.0	59.0	60.0	61.0	62.0	63.0	64.0	65.0	66.0	67.0	68.0	69.0	70.0	71.0	72.0	73.0	74.0	75.0	76.0	77.0	78.0	79.0	80.0	81.0	82.0	83.0	84.0	85.0	86.0	87.0	88.0	89.0	90.0	91.0	92.0	93.0	94.0	95.0	96.0	97.0	98.0	99.0	100.0	101.0	102.0	103.0	104.0	105.0	106.0	107.0	108.0	109.0	110.0	111.0	112.0	113.0	114.0	115.0	116.0	117.0	118.0	119.0	120.0	121.0	122.0	123.0	124.0	125.0	126.0	127.0	128.0	129.0	130.0	131.0	132.0	133.0	134.0	135.0	136.0	137.0	138.0	139.0	140.0	141.0	142.0	143.0	144.0	145.0	146.0	147.0	148.0	149.0	149.0	150.0	151.0	152.0	153.0	154.0	155.0	156.0	157.0	158.0	159.0	160.0	161.0	162.0	163.0	164.0	165.0	166.0	167.0	168.0	169.0	170.0	171.0	172.0	173.0	174.0	175.0	176.0	177.0	178.0	179.0	180.0	181.0	182.0	183.0	184.0	185.0	186.0	187.0	188.0	189.0	190.0	191.0	192.0	193.0	194.0	195.0	196.0	197.0	198.0	199.0	200.0	201.0	202.0	203.0	204.0	205.0	206.0	207.0	208.0	209.0	210.0	211.0	212.0	213.0	214.0	215.0	216.0	217.0	218.0	219.0	220.0	221.0	222.0	223.0	224.0	225.0	226.0	227.0	228.0	229.0	230.0	231.0	232.0	233.0	234.0	235.0	236.0	237.0	238.0	239.0	240.0	241.0	242.0	243.0	244.0	245.0	246.0	247.0	248.0	249.0	250.0	251.0	252.0	253.0	254.0	255.0	256.0	257.0	258.0	259.0	260.0	261.0	262.0	263.0	264.0	265.0	266.0	267.0	268.0	269.0	270.0	271.0	272.0	273.0	274.0	275.0	276.0	277.0	278.0	279.0	280.0	281.0	282.0	283.0	284.0	285.0	286.0	287.0	288.0	289.0	290.0	291.0	292.0	293.0	294.0	295.0	296.0	297.0	298.0	298.0
4455.63079026537
