4274.500803464373	300.0	2000.0	376.02937888579544	0	0.0	4274.500803464373	1	0	2	-3.075208471255828
5167.99719513095	1000.0	2106.5036083334244	0.0	0	0.0	4274.500803464374	1	0	1	-0.6274500803464375
5631.1029965220805	1000.0	2597.0872268031812	0.0	0	0.0	4228.190223325261	1	0	2	0.3801565334564081
6457.422539918176	2000.0	2688.135729067477	0.0	0	0.0	4145.558268985652	1	0	2	0.5871937512918426
7707.8003400301095	2000.0	2312.720148944349	0.0	0	0.0	4020.5204889744577	1	0	2	1.2917829972265713
9091.387080028848	2000.0	1790.774734945739	0.0	0	0.0	3882.1618149745855	1	0	2	1.3058842298083422
10299.708926928344	2000.0	1461.6207033562907	0.0	0	0.0	3761.329630284634	1	0	2	1.3170367332126425
10935.490886997071	1000.0	1762.2605472806913	0.0	0	0.0	3697.751434277762	1	0	2	-0.060402070631139754
11581.051972140653	1000.0	2052.143353622753	0.0	0	0.0	3633.195325763404	1	0	2	0.6391746877869094
13385.276149774067	2000.0	1067.4967582259965	0.0	0	0.0	3452.7729080000627	1	0	2	0.6530909520235071
14361.732401859837	1000.0	1091.0405061402269	0.0	0	0.0	3452.7729080000627	1	0	1	-0.034451667034015365
15230.560747254469	1000.0	1135.32932620613	0.0	0	0.0	3365.8900734605977	1	0	2	0.4650302439638861
15710.08969950505	1000.0	1607.8474787304906	0.0	0	0.0	3317.9371782355392	1	0	2	0.6712253717875053
16414.46262338224	2000.0	1833.0372624655836	0.0	0	0.0	3247.499885847821	1	0	2	0.6773950536553868
17795.42319299716	2000.0	1313.9806358891688	0.0	0	0.0	3109.4038288863285	1	0	2	1.3817775742004867
18754.602664938087	1000.0	1354.8011639482456	0.0	0	0.0	3109.403828886332	1	0	1	-0.00011475912264199972
19920.28196395505	1000.0	1189.1218649312846	0.0	0	0.0	3109.4038288863303	1	0	1	0.8930324214373031
21047.44001795982	1000.0	1061.9638109265134	0.0	0	0.0	3109.4038288863303	1	0	1	0.8930324214373031
21993.994713960015	1000.0	1115.4091149263209	0.0	0	0.0	3109.4038288863303	1	0	1	0.8930324214373031
23491.87290221594	1000.0	617.5309266704005	0.0	0	0.0	3109.403828886334	1	0	1	0.8930324214373029
24702.15079012955	1000.0	460.2493065985557	52.9962678417711	0	0.0	3162.4000967281027	1	0	1	0.5697551876024993
25554.68378549733	1000.0	607.7163112307719	0.0	0	0.0	3162.4000967281027	1	0	1	0.8877327946531259
26452.867677772207	1000.0	709.5324189558949	0.0	0	0.0	3162.4000967281027	1	0	1	0.8877327946531259
27491.313590893733	1000.0	671.0865058343664	0.0	0	0.0	3162.4000967281027	1	0	1	0.8877327946531259
28314.956104077253	1000.0	847.4439926508479	0.0	0	0.0	3162.4000967281027	1	0	1	0.8877327946531259
28867.826217931233	1000.0	1294.573878796871	0.0	0	0.0	3162.4000967281027	1	0	1	0.8877327946531259
29958.028796080856	2000.0	1204.3713006472492	0.0	0	0.0	3162.4000967281027	1	0	1	0.8877327946531257
30739.06928766528	1000.0	1423.3308090628288	0.0	0	0.0	3162.4000967281027	1	0	1	0.1945856140931808
32006.97482036138	2000.0	1028.6347230971155	0.0	0	0.0	3035.6095434584895	1	0	2	0.49697591231482513
32950.19581403846	2000.0	1085.4137294200382	0.0	0	0.0	3035.6095434584895	1	0	1	1.3935590305400323
34381.839509211524	2000.0	510.6056647296698	0.0	0	0.0	2892.445173941185	1	0	2	1.2036888259843543
35210.620374359954	1000.0	681.8247995812467	0.0	0	0.0	2892.445173941189	1	0	1	0.021581106371872133
36030.58233837393	1000.0	861.8628355672671	0.0	0	0.0	2892.445173941189	1	0	1	0.9147282869318173
36618.36827025259	1000.0	1274.0769036886072	0.0	0	0.0	2892.445173941189	1	0	1	0.9147282869318173
37250.285930981605	1000.0	1642.159242959589	0.0	0	0.0	2892.445173941189	1	0	1	0.9147282869318173
37884.59880711464	1000.0	2007.846366826544	0.0	0	0.0	2892.4451739411816	1	0	1	0.914728286931818
38801.84189465614	1000.0	1998.8789705309007	0.0	0	0.0	2800.7208651870387	1	0	2	0.5217199663755403
39746.21764540029	1000.0	1960.0656447123274	0.0	0	0.0	2706.2832901126094	1	0	2	0.7308533693564497
41321.52535170708	2000.0	1227.2271677748586	0.0	0	0.0	2548.752519481939	1	0	2	0.7450640236296717
41793.24242648558	1000.0	1755.5100929963596	0.0	0	0.0	2548.752519481939	1	0	1	0.05595037181779694
42703.085823828646	2000.0	1754.6823559189834	0.0	0	0.0	2457.7681797476325	1	0	2	0.5553510773883628
43369.27425174546	1000.0	2088.4939280021645	0.0	0	0.0	2457.7681797476325	1	0	1	0.06504880579122763
44729.09666450246	2000.0	1592.6892739694752	0.0	0	0.0	2321.7859384719413	1	0	2	0.568049050953293
46479.86644415087	2000.0	666.8425163562165	0.0	0	0.0	2146.708960507094	1	0	2	1.4778069594286403
47214.281193482944	1000.0	932.4277670241488	0.0	0	0.0	2146.708960507094	1	0	1	0.0961547277152815
48069.65328924084	1000.0	1077.0556712662474	0.0	0	0.0	2146.708960507094	1	0	1	0.9893019082752268
48971.83332913487	1000.0	1174.8756313722124	0.0	0	0.0	2146.708960507087	1	0	1	0.9893019082752275
49541.41509955122	1000.0	1605.2938609558591	0.0	0	0.0	2146.708960507087	1	0	1	0.9893019082752275
50654.51877479474	2000.0	1492.190185712336	0.0	0	0.0	2146.708960507087	1	0	1	0.9893019082752275
51628.85103691493	2000.0	1420.4246973801314	0.0	0	0.0	2049.2757342950645	1	0	2	1.2896506632642522
52907.0610115765	2000.0	1014.3937252524036	0.0	0	0.0	1921.4547368289059	1	0	2	1.502281329936371
53841.8970783986	2000.0	1079.5576584303058	0.0	0	0.0	1921.4547368288986	1	0	1	1.5049745112029913
55338.511395718	2000.0	582.9433411109117	0.0	0	0.0	1921.4547368289059	1	0	1	1.7049745112029915
55947.82337168853	1000.0	973.6313651403804	0.0	0	0.0	1921.4547368289059	1	0	1	0.3186801500831004
56513.98682685882	1000.0	1407.46790997009	0.0	0	0.0	1921.4547368289059	1	0	1	1.0118273306430456
57736.82868346673	2000.0	1184.6260533621767	0.0	0	0.0	1921.4547368288986	1	0	1	1.0118273306430463
58604.328520236806	2000.0	1317.1262165921073	0.0	0	0.0	1921.4547368289059	1	0	1	1.7049745112029906
60580.06920179515	2000.0	341.385535033764	0.0	0	0.0	1921.4547368289059	1	0	1	1.7049745112029906
61900.01876846354	1000.0	371.3528335251646	349.9168651597849	0	0.0	2271.3716019886924	1	0	1	-1.8158127273915874
63275.84882351371	1000.0	270.0032195508321	274.48044107583917	0	0.0	2545.852043064544	1	0	1	-0.6974950464355529
64105.61249111614	1000.0	606.7192181280968	166.4796661796958	0	0.0	2712.3317092442376	1	0	1	-0.0661383636766624
64708.95158649347	1000.0	1003.38012275077	0.0	0	0.0	2712.3317092442376	1	0	1	0.9327396334015124
65235.74275704474	1000.0	1476.588952199504	0.0	0	0.0	2712.3317092442376	1	0	1	0.9327396334015124
67219.83397858447	2000.0	492.49773065978326	0.0	0	0.0	2712.331709244245	1	0	1	0.9327396334015117
68061.45064383712	1000.0	650.8810654071426	0.0	0	0.0	2712.331709244245	1	0	1	0.2395924528415665
69004.70327186576	1000.0	707.6284373784963	0.0	0	0.0	2712.331709244245	1	0	1	0.9327396334015117
69478.26355214122	1000.0	1234.0681571030254	0.0	0	0.0	2712.3317092442303	1	0	1	0.9327396334015131
69925.73301709135	1000.0	1786.5986921529031	0.0	0	0.0	2712.331709244245	1	0	1	0.9327396334015117
71353.17830345544	2000.0	1216.408877152412	0.0	0	0.0	2569.5871806078503	1	0	2	0.5434216562520745
72675.70449845825	2000.0	761.6300626493185	0.0	0	0.0	2437.334561107564	1	0	2	1.4499502933822161
73605.22318419657	2000.0	739.1595083371494	0.0	0	0.0	2344.38269253372	1	0	2	1.4603942725629333
75143.42723250441	2000.0	200.9554600292951	0.0	0	0.0	2344.38269253372	1	0	1	1.4626817156325091
75823.38038851332	1000.0	670.816627663759	149.81432364337354	0	0.0	2494.1970161771023	1	0	1	-0.6374800197119608
76665.40526343301	1000.0	828.791752744058	0.0	0	0.0	2494.197016177088	1	0	1	0.9545531027082275
77554.3412002569	1000.0	939.8558159201672	0.0	0	0.0	2494.197016177088	1	0	1	0.9545531027082275
78350.46572419867	1000.0	1143.7312919783785	0.0	0	0.0	2494.197016177088	1	0	1	0.9545531027082275
79282.91979659657	1000.0	1211.2772195804687	0.0	0	0.0	2494.197016177088	1	0	1	0.9545531027082275
80292.15145911975	1000.0	1202.0455570572826	0.0	0	0.0	2494.197016177088	1	0	1	0.9545531027082275
80864.00505157483	1000.0	1630.1919646022056	0.0	0	0.0	2494.197016177088	1	0	1	0.9545531027082275
81569.27662798091	1000.0	1924.920388196112	0.0	0	0.0	2494.197016177088	1	0	1	0.9545531027082275
82798.1010599995	2000.0	1573.213512975667	0.0	0	0.0	2371.314572975243	1	0	2	0.5635559809841723
84300.16551126976	2000.0	920.9426165783779	0.0	0	0.0	2221.108127848216	1	0	2	1.47065623524639
85358.35066182821	1000.0	862.7574660199074	0.0	0	0.0	2221.1081278482015	1	0	1	0.08871481098117068
86500.10191342696	1000.0	721.0062144211677	0.0	0	0.0	2221.1081278482015	1	0	1	0.981861991541116
87194.43119586191	1000.0	1026.6769319862278	0.0	0	0.0	2221.108127848216	1	0	1	0.9818619915411146
88247.50564592546	1000.0	973.6024819226815	0.0	0	0.0	2221.108127848216	1	0	1	0.9818619915411146
89235.84654029366	1000.0	985.2615875544791	0.0	0	0.0	2221.108127848216	1	0	1	0.9818619915411146
90259.78870552995	1000.0	961.3194223181939	0.0	0	0.0	2221.108127848216	1	0	1	0.9818619915411146
91003.62521015161	1000.0	1217.4829176965418	0.0	0	0.0	2221.1081278482015	1	0	1	0.981861991541116
92017.8316136922	1000.0	1203.2765141559648	0.0	0	0.0	2221.1081278482015	1	0	1	0.981861991541116
92826.10256183425	1000.0	1395.0055660139194	0.0	0	0.0	2221.1081278482015	1	0	1	0.981861991541116
94025.12743992968	2000.0	1195.9806879184785	0.0	0	0.0	2221.108127848187	1	0	1	0.9818619915411175
95111.06960158634	2000.0	1110.0385262618267	0.0	0	0.0	2221.108127848187	1	0	1	1.6750091721010627
96728.06110639565	2000.0	493.0470214525176	0.0	0	0.0	2221.1081278482015	1	0	1	1.6750091721010612
98095.50116871152	1000.0	390.43746229264195	264.8305031559949	0	0.0	2485.938631004188	1	0	1	-1.3267512582703969
99260.97919917094	1000.0	393.3803122927182	168.4208804594926	0	0.0	2654.3595114636555	1	0	1	-0.07198842957738483
100288.10610929759	1000.0	478.29214812415165	112.03874595809555	0	0.0	2766.3982574217516	1	0	1	0.2551005028351878
101081.30971332207	1000.0	685.0885440996674	0.0	0	0.0	2766.3982574217516	1	0	1	0.927332978583761
101764.84827342181	1000.0	1001.5499839999318	0.0	0	0.0	2766.3982574217516	1	0	1	0.927332978583761
102293.41010668088	1000.0	1472.9881507408584	0.0	0	0.0	2766.3982574217516	1	0	1	0.927332978583761
103809.76243653682	2000.0	956.6358208849099	0.0	0	0.0	2766.398257421766	1	0	1	0.9273329785837594
104552.78690672852	1000.0	1213.6113506932024	0.0	0	0.0	2766.398257421766	1	0	1	0.23418579802381448
105366.28208234251	1000.0	1400.1161750792073	0.0	0	0.0	2766.3982574217516	1	0	1	0.927332978583761
106004.93875188964	1000.0	1761.4595055320983	0.0	0	0.0	2766.3982574217516	1	0	1	0.927332978583761
107129.95224957234	2000.0	1523.9446580811373	0.0	0	0.0	2653.896907653485	1	0	2	0.535682481446481
108139.13269129474	2000.0	1413.8461721864985	0.0	0	0.0	2552.978863481243	1	0	2	1.43916455411204
109368.32956866478	2000.0	1061.7296070794596	0.0	0	0.0	2430.05917574426	1	0	2	1.4505000984217926
110148.12137280017	1000.0	1281.9378029440534	0.0	0	0.0	2430.0591757442453	1	0	1	0.06781970619156624
111544.36689828867	2000.0	885.6922774555392	0.0	0	0.0	2430.0591757442453	1	0	1	0.9609668867515117
112258.44767301186	1000.0	1171.611502732354	0.0	0	0.0	2430.0591757442453	1	0	1	0.2678197061915665
113126.57604105017	1000.0	1303.4831346940562	0.0	0	0.0	2430.0591757442453	1	0	1	0.9609668867515118
113911.16886783358	1000.0	1518.8903079106583	0.0	0	0.0	2430.0591757442453	1	0	1	0.9609668867515118
114564.54163888715	1000.0	1865.517536857092	0.0	0	0.0	2430.0591757442453	1	0	1	0.9609668867515118
115549.59766348086	2000.0	1781.9559098040147	0.0	0	0.0	2331.5535732848657	1	0	2	0.5682814515036692
116598.9496424288	2000.0	1627.668732961281	0.0	0	0.0	2226.6183753900696	1	0	2	1.4716551373853568
117691.64537419977	2000.0	1425.703428013196	0.0	0	0.0	2117.3488022129604	1	0	2	1.4829602251456364
118773.42130696702	2000.0	1235.749901969225	0.0	0	0.0	2009.1712089362409	1	0	2	1.493245177371794
120250.96566288537	2000.0	610.4511104590454	0.0	0	0.0	1861.4167733444046	1	0	2	1.5068972714371238
120779.94779758439	1000.0	1081.4689757600245	0.0	0	0.0	1861.4167733444046	1	0	1	0.12468394643155045
122089.09727058979	2000.0	772.3195027546176	0.0	0	0.0	1861.4167733444046	1	0	1	1.0178311269914957
122876.77380324519	1000.0	984.6429700992273	0.0	0	0.0	1861.4167733444046	1	0	1	0.32468394643155063
123641.13793601334	1000.0	1220.2788373310736	0.0	0	0.0	1861.4167733444046	1	0	1	1.0178311269914957
125301.77175650327	2000.0	559.6450168411499	0.0	0	0.0	1861.4167733444046	1	0	1	1.0178311269914957
125820.31260402837	1000.0	1041.1041693160425	0.0	0	0.0	1861.4167733444046	1	0	1	0.32468394643155063
126530.1081180865	1000.0	1331.308655257913	0.0	0	0.0	1861.4167733444046	1	0	1	1.0178311269914957
127378.88917435602	2000.0	1482.527598988392	0.0	0	0.0	1861.4167733444046	1	0	1	1.0178311269914957
128250.8197689472	2000.0	1610.5970043972197	0.0	0	0.0	1861.4167733444046	1	0	1	1.7109783075514409
129200.0	2000.0	1756.3347964496973	0.0	0	25.742030752895516	1956.3347964496934	1	0	0	1.3041394480511592
130966.86649197062	2000.0	1166.1549536761495	0.0	0	0.0	2133.0214456467656	1	0	0	1.4889999785826298
131531.16730889812	1000.0	1601.8541367486064	0.0	0	0.0	2133.0214456467074	1	0	1	0.09752347920131774
133303.53501349082	2000.0	829.4864321559116	0.0	0	0.0	2133.0214456467074	1	0	1	0.9906706597612663
134541.28650087962	1000.0	591.734944767112	0.0	0	0.0	2133.0214456467074	1	0	1	0.29752347920132033
135346.83996625518	1000.0	786.1814793915694	0.0	0	0.0	2133.0214456467074	1	0	1	0.9906706597612656
135869.2225064511	1000.0	1263.7989391956414	0.0	0	0.0	2133.0214456467074	1	0	1	0.9906706597612656
136431.75072046762	1000.0	1701.2707251791192	0.0	0	0.0	2133.0214456467074	1	0	1	0.9906706597612656
138300.54655681143	2000.0	832.4748888352942	0.0	0	0.0	2133.0214456467074	1	0	1	0.9906706597612654
138763.60983249542	1000.0	1369.4116131512976	0.0	0	0.0	2133.0214456467074	1	0	1	0.29752347920132033
140150.16558553887	2000.0	982.8558601078591	0.0	0	0.0	2133.0214456467074	1	0	1	0.9906706597612654
141218.13815893387	1000.0	914.8832867128626	0.0	0	0.0	2133.0214456467074	1	0	1	0.29752347920132033
141976.91199298724	1000.0	1156.1094526594889	0.0	0	0.0	2133.0214456467365	1	0	1	0.9906706597612625
143293.66620791605	2000.0	839.3552377306877	0.0	0	0.0	2133.0214456467656	1	0	1	0.9906706597612596
144625.02338969865	2000.0	507.9980559481063	0.0	0	0.0	2133.0214456467656	1	0	1	1.6838178403212047
145623.6772177168	1000.0	509.34422792993337	0.0	0	0.0	2133.0214456467656	1	0	1	0.2975234792013145
146693.0990444621	1000.0	510.8253350203712	70.9029338357721	0	0.0	2203.924379482545	1	0	1	0.558162763363049
147394.69113906386	1000.0	809.2332404185945	0.0	0	0.0	2203.924379482545	1	0	1	0.9835803663776816
148161.8152970499	1000.0	1042.1090824325465	0.0	0	0.0	2203.924379482545	1	0	1	0.9835803663776816
148856.99727393658	1000.0	1346.927105545859	0.0	0	0.0	2203.924379482545	1	0	1	0.9835803663776816
149906.20899284008	2000.0	1297.7153866423628	0.0	0	0.0	2203.924379482545	1	0	1	0.9835803663776818
151359.17082825367	2000.0	844.7535512287992	0.0	0	0.0	2203.9243794825743	1	0	1	1.676727546937624
152425.7581049649	1000.0	778.1662745175804	0.0	0	0.0	2203.9243794825743	1	0	1	0.2904331858177336
153330.48844528597	1000.0	873.4359341964698	0.0	0	0.0	2203.924379482545	1	0	1	0.9835803663776816
154155.2404844343	1000.0	1048.683895048126	0.0	0	0.0	2203.924379482545	1	0	1	0.9835803663776816
154778.608008601	1000.0	1425.316370881403	0.0	0	0.0	2203.924379482516	1	0	1	0.9835803663776845
156275.03066470684	2000.0	928.8937147755723	0.0	0	0.0	2203.924379482545	1	0	1	0.9835803663776829
157254.28482398356	1000.0	949.6395554988778	0.0	0	0.0	2203.9243794825743	1	0	1	0.2904331858177336
158020.04550309136	1000.0	1183.8788763910811	0.0	0	0.0	2203.924379482545	1	0	1	0.9835803663776816
159516.42631644476	2000.0	687.4980630377082	0.0	0	0.0	2203.924379482516	1	0	1	0.9835803663776845
160362.86920846187	1000.0	841.055171020596	0.0	0	0.0	2203.924379482516	1	0	1	0.2904331858177394
161093.85045153272	1000.0	1110.0739279497623	0.0	0	0.0	2203.924379482545	1	0	1	0.9835803663776816
161740.50704294935	1000.0	1463.4173365331367	0.0	0	0.0	2203.924379482545	1	0	1	0.9835803663776816
162457.24453718765	1000.0	1746.6798422948257	0.0	0	0.0	2203.924379482545	1	0	1	0.9835803663776816
163394.12120772616	1000.0	1809.8031717563379	0.0	0	0.0	2203.924379482545	1	0	1	0.9835803663776816
164247.71962946918	1000.0	1956.2047500133635	0.0	0	0.0	2203.9243794825743	1	0	1	0.9835803663776788
165200.0	2000.0	1908.6963424294534	0.0	0	42.95795790140983	2108.6963424294954	1	0	2	0.590595079862911
166200.0	2000.0	1808.69634242944	0.0	0	24.907629378081765	2008.6963424294663	1	0	2	1.493365316118996
168595.8492502299	2000.0	200.0	24.307120748571982	0	0.0	1795.8492502298905	1	0	2	1.3677732682315016
169500.07056120964	1000.0	519.7726530334709	223.99396401320467	0	0.0	2019.8432142430975	1	0	1	-1.2351224817375468
170260.9022040166	1000.0	758.9410102265008	0.0	0	0.0	2019.8432142430975	1	0	1	1.0019884829016266
171186.03784254272	1000.0	833.8053717004061	0.0	0	0.0	2019.8432142430975	1	0	1	1.0019884829016266
172411.37102714993	1000.0	608.4721870931835	0.0	0	0.0	2019.8432142430975	1	0	1	1.0019884829016266
173651.56239955107	1000.0	439.7525082241191	71.47169353212837	0	0.0	2091.314907775173	1	0	1	0.5660111523556469
174360.87892834548	1000.0	730.4359794297177	0.0	0	0.0	2091.314907775173	1	0	1	0.9948413135484189
175074.56592409447	1000.0	1016.7489836807234	0.0	0	0.0	2091.314907775144	1	0	1	0.9948413135484219
175976.02013764976	1000.0	1115.2947701254302	0.0	0	0.0	2091.314907775144	1	0	1	0.9948413135484219
176660.4231218418	1000.0	1430.8917859334076	0.0	0	0.0	2091.314907775173	1	0	1	0.9948413135484189
177448.59702160783	1000.0	1642.7178861673528	0.0	0	0.0	2091.314907775173	1	0	1	0.9948413135484189
178200.0	1000.0	1891.3149077751928	0.0	0	207.30081763633643	2091.314907775173	1	0	1	0.9948413135484189
179241.4870428202	2000.0	1745.6791606729764	0.0	0	0.0	1987.166203493136	1	0	2	0.601598723733983
180622.0293784665	2000.0	1227.0825914620302	0.0	0	0.0	1849.111969928461	1	0	2	1.5089416342743558
181520.06162165705	2000.0	1239.2471239524061	0.0	0	0.0	1759.3087456093926	1	0	2	1.5188528134786765
182738.39306190555	2000.0	899.0825396790484	0.0	0	0.0	1637.4756015845342	1	0	2	1.5301334111660188
183559.93028113022	1000.0	1077.5453204543664	0.0	0	0.0	1637.4756015845633	1	0	1	0.14707806360753692
185289.76434342048	2000.0	347.7112581641021	0.0	0	0.0	1637.4756015845633	1	0	1	1.04022524416748
186122.1916402631	1000.0	565.1362601182352	49.8522987967707	0	0.0	1687.3279003813223	1	0	1	0.04297904094723476
186846.95542258339	1000.0	840.3724777979614	0.0	0	0.0	1687.3279003813223	1	0	1	1.035240014287804
187772.75469930854	1000.0	914.57320107283	0.0	0	0.0	1687.3279003812931	1	0	1	1.0352400142878058
188571.98613201128	1000.0	1115.3417683700918	0.0	0	0.0	1687.3279003813223	1	0	1	1.035240014287804
189200.0	1000.0	1487.3279003814	0.0	0	51.84908672556048	1687.3279003813223	1	0	1	1.035240014287804
190674.81186905183	2000.0	1012.5160313295619	0.0	0	0.0	1687.3279003813514	1	0	1	1.0352400142878033
191771.01615586603	2000.0	916.3117445153132	0.0	0	0.0	1687.3279003813514	1	0	1	1.728387194847746
192430.03601241502	1000.0	1257.2918879662875	0.0	0	0.0	1687.3279003813223	1	0	1	0.34209283372785887
193328.1126287039	1000.0	1359.2152716774267	0.0	0	0.0	1687.3279003812931	1	0	1	1.0352400142878069
194976.2315309305	2000.0	711.0963694508373	0.0	0	0.0	1687.3279003813223	1	0	1	1.035240014287804
195748.24673490855	1000.0	939.0811654727697	0.0	0	0.0	1687.3279003812931	1	0	1	0.34209283372786164
196558.72663016012	1000.0	1128.6012702212201	0.0	0	0.0	1687.3279003813223	1	0	1	1.035240014287804
197555.25728924279	1000.0	1132.0706111385393	0.0	0	0.0	1687.3279003813223	1	0	1	1.035240014287804
198200.0	1000.0	1487.3279003813327	0.0	0	11.79256864497438	1687.3279003813223	1	0	1	1.035240014287804
199456.4204329635	2000.0	1230.907467417838	0.0	0	0.0	1687.3279003813223	1	0	1	1.035240014287804
200323.484223025	2000.0	1363.8436773563253	0.0	0	0.0	1687.3279003812931	1	0	1	1.7283871948477518
201503.84572341412	2000.0	1183.482176967228	0.0	0	0.0	1687.3279003813223	1	0	1	1.7283871948477492
202542.4592018927	2000.0	1144.868698488664	0.0	0	0.0	1687.3279003813223	1	0	1	1.7283871948477492
203448.50140161518	2000.0	1238.8264987661776	0.0	0	0.0	1687.3279003813223	1	0	1	1.7283871948477492
205064.82008796078	2000.0	622.5078124206175	0.0	0	0.0	1687.3279003812931	1	0	1	1.7283871948477518
205809.59965777776	1000.0	877.7282426036359	0.0	0	0.0	1687.3279003812931	1	0	1	0.34209283372786287
206507.84806183804	1000.0	1179.4798385433237	0.0	0	0.0	1687.3279003813223	1	0	1	1.035240014287804
207200.0	1000.0	1487.3279003813832	0.0	0	96.01962143005221	1687.3279003812931	1	0	1	1.0352400142878069
208789.7357026434	2000.0	897.5921977380096	0.0	0	0.0	1687.327900381264	1	0	1	1.0352400142878098
210195.75921346096	1000.0	491.5686869204741	0.0	0	0.0	1687.327900381264	1	0	1	0.3420928337278647
211370.21989845642	1000.0	423.71280296546195	106.60480104046783	0	0.0	1793.932701421727	1	0	1	0.38495072794095647
212557.75949956046	1000.0	408.0151820231778	171.84198016174417	0	0.0	1965.7746815834544	1	0	1	-0.02365654480287438
213374.7155325318	1000.0	591.0591490518298	0.0	0	0.0	1965.7746815834544	1	0	1	1.007395336167591
214049.6634437701	1000.0	916.1112378135203	0.0	0	0.0	1965.7746815834544	1	0	1	1.007395336167591
215156.75761763076	2000.0	809.0170639528922	0.0	0	0.0	1965.7746815834835	1	0	1	1.0073953361675878
215845.34495793993	1000.0	1120.4297236437553	0.0	0	0.0	1965.7746815834835	1	0	1	0.3142481556076426
216810.90195265142	1000.0	1154.8727289322228	0.0	0	0.0	1965.7746815834544	1	0	1	1.007395336167591
217890.21659532085	1000.0	1075.5580862627846	0.0	0	0.0	1965.7746815834544	1	0	1	1.007395336167591
218502.29362078456	1000.0	1463.4810607990746	0.0	0	0.0	1965.7746815834544	1	0	1	1.007395336167591
219607.49297035	2000.0	1358.2817112336186	0.0	0	0.0	1965.7746815834544	1	0	1	1.0073953361675907
220451.64574454204	2000.0	1514.1289370415589	0.0	0	0.0	1965.7746815834253	1	0	1	1.7005425167275388
221713.7853567318	2000.0	1125.7753636327989	0.0	0	0.0	1839.5607203644176	1	0	2	1.3100034439412838
222527.07615977517	2000.0	1231.1554802850599	0.0	0	0.0	1758.231640060054	1	0	2	1.5193702614051148
223415.07276072545	2000.0	1431.9585394298188	0.0	0	0.0	1847.0313001550676	1	0	0	1.1147682995280703
225075.0207090157	2000.0	772.0105911395879	0.0	0	0.0	1847.0313001550385	1	0	1	1.5124168548703776
225806.21563560615	1000.0	1040.8156645491222	0.0	0	0.0	1847.0313001550385	1	0	1	0.3261224937504872
226810.9184507584	1000.0	1036.1128493968665	0.0	0	0.0	1847.0313001550385	1	0	1	1.0192696743104324
227892.96355947072	1000.0	954.0677406845502	0.0	0	0.0	1847.0313001550676	1	0	1	1.0192696743104295
228728.7952673061	1000.0	1118.2360328491409	0.0	0	0.0	1847.0313001550676	1	0	1	1.0192696743104295
229441.5484408804	1000.0	1405.482859274822	0.0	0	0.0	1847.0313001550676	1	0	1	1.0192696743104295
230200.0	1000.0	1647.0313001552308	0.0	0	239.9465803874482	1847.0313001550967	1	0	1	1.0192696743104266
231561.14457380952	2000.0	1285.88672634573	0.0	0	0.0	1847.0313001551258	1	0	1	1.019269674310426
232600.5730051644	2000.0	1246.4582949908565	0.0	0	0.0	1847.0313001551258	1	0	1	1.7124168548703689
234062.0347725741	2000.0	784.9965275811676	0.0	0	0.0	1847.0313001551258	1	0	1	1.7124168548703689
235178.10285215356	1000.0	668.9284480016754	0.0	0	0.0	1847.0313001550967	1	0	1	0.32612249375048136
236293.27231285343	1000.0	553.758987301816	0.0	0	0.0	1847.0313001551258	1	0	1	1.0192696743104237
237699.9952361045	1000.0	262.1777815673571	115.14171751659757	0	0.0	1962.1730176717392	1	0	1	0.31703038930422556
238247.36963591503	500.0	721.9308947633725	7.127513006524168	0	0.0	1969.3005306782725	1	0	1	-0.42201668790092706
239182.3981719484	1000.0	786.9023587299976	0.0	0	0.0	1969.3005306782725	1	0	1	0.3138955706981636
240064.9590311556	1000.0	904.3414995228195	0.0	0	0.0	1969.3005306783016	1	0	1	1.0070427512581062
240673.26575749475	1000.0	1296.0347731836725	0.0	0	0.0	1969.3005306782725	1	0	1	1.0070427512581073
241431.8185407899	1000.0	1537.4819898885016	0.0	0	0.0	1969.3005306782725	1	0	1	1.007042751258109
242330.14698802526	2000.0	1639.1535426531432	0.0	0	0.0	1969.3005306782434	1	0	1	1.0070427512581117
243225.52296832646	2000.0	1654.2399643218148	0.0	0	0.0	1879.7629326481547	1	0	2	1.306817765105926
244200.0	2000.0	1582.3152294809352	0.0	0	141.600952719833	1782.315229480766	1	0	2	1.5158784049070562
245706.1004712651	2000.0	925.6047110893396	0.0	0	0.0	1631.705182354286	1	0	2	1.5294547342884002
246792.16451567353	1000.0	839.5406666809054	0.0	0	0.0	1631.705182354286	1	0	1	0.14765510553056216
247953.68894917317	1000.0	678.016233181251	0.0	0	0.0	1631.705182354286	1	0	1	1.040802286090507
248609.35134759574	1000.0	1022.3538347586864	0.0	0	0.0	1631.7051823543152	1	0	1	1.040802286090507
249494.03669753237	1000.0	1137.6684848220557	0.0	0	0.0	1631.7051823543152	1	0	1	1.0408022860905048
250349.34852319417	1000.0	1282.3566591602412	0.0	0	0.0	1631.7051823543152	1	0	1	1.0408022860905048
251889.25839706094	2000.0	742.4467852934964	0.0	0	0.0	1631.705182354286	1	0	1	1.0408022860905057
252822.55813852846	1000.0	809.1470438259807	0.0	0	0.0	1631.705182354257	1	0	1	0.34765510553056356
253602.70938848983	1000.0	1028.9957938646317	0.0	0	0.0	1631.7051823542279	1	0	1	1.0408022860905133
254366.99504025996	1000.0	1264.7101420945019	0.0	0	0.0	1631.7051823542279	1	0	1	1.0408022860905133
255325.06975847477	2000.0	1306.6354238797005	0.0	0	0.0	1631.7051823542279	1	0	1	1.0408022860905133
256408.24446903417	2000.0	1223.4607133203185	0.0	0	0.0	1631.7051823541988	1	0	1	1.7339494666504616
257722.65214401222	2000.0	909.0530383422429	0.0	0	0.0	1631.7051823542279	1	0	1	1.733949466650461
258935.58829107383	2000.0	696.1168912806315	0.0	0	0.0	1631.7051823541988	1	0	1	1.7339494666504605
260564.3170869152	2000.0	200.0	132.61190456073626	0	0.0	1764.3170869151945	1	0	1	0.9320508488895359
261185.73773062645	1000.0	690.8618887699212	112.28253248119873	0	0.0	1876.5996193963801	1	0	1	-0.3505295330608391
262054.79968530417	1000.0	821.799934092209	0.0	0	0.0	1876.5996193964093	1	0	1	1.0163128423862953
262767.18659409194	1000.0	1109.4130253044652	0.0	0	0.0	1876.5996193964675	1	0	1	1.0163128423862933
263576.67408228933	1000.0	1299.9255371070835	0.0	0	0.0	1876.5996193965257	1	0	1	1.0163128423862877
264648.51747997716	2000.0	1228.0821394192897	0.0	0	0.0	1876.5996193965548	1	0	1	1.0163128423862808
265443.4639352556	2000.0	1433.1356841408347	0.0	0	0.0	1876.5996193965548	1	0	1	1.7094600229462258
266459.05647714215	2000.0	1417.5431422542874	0.0	0	0.0	1876.5996193965548	1	0	1	1.7094600229462258
267524.4436297009	2000.0	1352.1559896954473	0.0	0	0.0	1876.5996193965548	1	0	1	1.7094600229462258
269001.6552514191	2000.0	874.9443679772515	0.0	0	0.0	1876.599619396613	1	0	1	1.70946002294622
269560.9291848616	1000.0	1315.6704345348317	0.0	0	0.0	1876.5996193966712	1	0	1	0.32316566182632395
270937.3242485283	2000.0	939.2753708681682	0.0	0	0.0	1876.5996193966712	1	0	1	1.016312842386269
271591.73125612957	1000.0	1284.8683632668474	0.0	0	0.0	1876.5996193966712	1	0	1	0.32316566182632395
273314.5210792331	2000.0	562.0785401633179	0.0	0	0.0	1876.599619396613	1	0	1	1.0163128423862737
273875.01889138547	1000.0	1001.5807280109542	0.0	0	0.0	1876.5996193966712	1	0	1	0.32316566182632395
274758.5701682538	2000.0	1118.0294511425818	0.0	0	0.0	1876.5996193966712	1	0	1	1.016312842386269
275620.15399185085	1000.0	1256.445627545502	0.0	0	0.0	1876.5996193965548	1	0	1	0.32316566182633094
276392.74599776743	2000.0	1483.853621628963	0.0	0	0.0	1876.5996193965548	1	0	1	1.0163128423862808
277274.8848265785	2000.0	1601.7147928178467	0.0	0	0.0	1876.5996193965548	1	0	1	1.7094600229462258
278200.0	2000.0	1769.111136738486	0.0	0	143.37180322629865	1969.111136738793	1	0	0	1.3033956539973965
279720.4670031714	2000.0	1400.6908338842145	0.0	0	0.0	2121.1578370558564	1	0	0	1.4891319047672942
281418.51196094777	2000.0	702.6458761078482	0.0	0	0.0	2121.1578370558564	1	0	1	1.4850042011802957
282483.46165890794	1000.0	637.6961781477235	0.0	0	0.0	2121.1578370558564	1	0	1	0.2987098400604054
283331.7589651494	1000.0	789.3988719063418	0.0	0	0.0	2121.1578370558564	1	0	1	0.9918570206203505
284138.5638510328	1000.0	982.593986022933	0.0	0	0.0	2121.1578370558564	1	0	1	0.9918570206203505
284830.42795106606	1000.0	1290.7298859897803	0.0	0	0.0	2121.157837055973	1	0	1	0.9918570206203401
285360.20520093903	1000.0	1760.9526361167914	0.0	0	0.0	2121.157837055973	1	0	1	0.991857020620339
287439.4470458223	2000.0	681.7107912335185	0.0	0	0.0	2121.157837055973	1	0	1	0.99185702062034
287908.74290672614	1000.0	1212.4149303296413	0.0	0	0.0	2121.157837056031	1	0	1	0.2987098400603879
288895.2304110721	2000.0	1225.9274259836623	0.0	0	0.0	2121.157837056031	1	0	1	0.991857020620333
289720.16882021265	1000.0	1400.989016843107	0.0	0	0.0	2121.157837056031	1	0	1	0.2987098400603879
290602.2507614434	1000.0	1518.9070756123667	0.0	0	0.0	2121.157837056089	1	0	1	0.9918570206203272
291445.2567150828	2000.0	1675.9011219729143	0.0	0	0.0	2121.157837056031	1	0	1	0.991857020620333
292435.911323383	2000.0	1586.181052842651	0.0	0	0.0	2022.0923762260354	1	0	2	1.2924081024107588
294055.4604580888	2000.0	804.6770046662459	0.0	0	0.0	1860.1374627554324	1	0	2	1.5064464883893434
295176.0209524321	1000.0	684.1165103228772	0.0	0	0.0	1860.1374627553741	1	0	1	0.12481187749045225
295913.1846837086	1000.0	946.952779046303	0.0	0	0.0	1860.137462755316	1	0	1	1.0179590580504045
296468.09443398117	1000.0	1392.043028773753	0.0	0	0.0	1860.1374627553741	1	0	1	1.0179590580503988
297576.137254907	2000.0	1284.0002078479351	0.0	0	0.0	1860.1374627553741	1	0	1	1.0179590580503988
298503.7440159682	2000.0	1356.3934467867211	0.0	0	0.0	1860.1374627553741	1	0	1	1.711106238610344
299200.0	2000.0	1660.1374627549626	0.0	0	18.07232668530196	1860.1374627553741	1	0	1	1.711106238610344
300203.255726821	2000.0	1757.2073086160462	0.0	0	0.0	1960.463035437453	1	0	0	1.3038778687882728
1.17	1.67	2.38	1.33	1.44	1.91	1.25	1.36	1.45	1.11	1.4	1.59	2.28	1.81	0.9	1.15	1.08	1.33	1.25	0.76	0.96	1.45	1.51	1.25	1.51	2.33	1.17	2.18	1.87	1.78	1.47	1.41	1.39	1.29	1.17	1.31	1.44	1.61	2.04	1.22	1.61	1.33	1.4	1.62	1.2	1.44	2.21	1.91	1.65	2.26	2.09	1.25	1.55	1.15	2.22	0.61	1.04	0.94	1.04	0.96	1.41	1.93	1.15	1.44	1.1	1.59	1.91	1.85	1.91	2.55	1.8	1.39	1.61	1.3	1.26	0.75	1.47	1.61	1.68	1.78	1.53	0.73	1.27	1.12	0.66	0.93	0.86	1.24	1.45	1.87	1.76	2.32	1.61	0.8	1.03	1.19	1.38	1.58	1.67	1.59	1.11	1.66	2.1	2.12	1.77	1.52	1.74	1.18	1.54	1.59	1.54	2.15	2.2	1.73	2.1	1.73	1.45	1.71	1.59	1.69	1.31	2.06	1.48	2.09	2.32	2.03	1.11	1.39	1.19	1.12	1.0	1.38	1.54	1.14	1.32	2.27	1.44	0.93	1.99	2.04	1.45	1.27	1.07	1.67	1.68	2.06	2.26	1.51	1.18	1.66	1.17	1.67	2.38	1.33	1.44	1.91	1.25	1.36	1.45	1.11	1.4	1.59	2.28	1.81	0.9	1.15	1.08	1.33	1.25	0.76	0.96	1.45	1.51	1.25	1.51	2.33	1.17	2.18	1.87	1.78	1.47	1.41	1.39	1.29	1.17	1.31	1.44	1.61	2.04	1.22	1.61	1.33	1.4	1.62	1.2	1.44	2.21	1.91	1.65	2.26	2.09	1.25	1.55	1.15	2.22	0.61	1.04	0.94	1.04	0.96	1.41	1.93	1.15	1.44	1.1	1.59	1.91	1.85	1.91	2.55	1.8	1.39	1.61	1.3	1.26	0.75	1.47	1.61	1.68	1.78	1.53	0.73	1.27	1.12	0.66	0.93	0.86	1.24	1.45	1.87	1.76	2.32	1.61	0.8	1.03	1.19	1.38	1.58	1.67	1.59	1.11	1.66	2.1	2.12	1.77	1.52	1.74	1.18	1.54	1.59	1.54	2.15	2.2	1.73	2.1	1.73	1.45	1.71	1.59	1.69	1.31	2.06	1.48	2.09	2.32	2.03	1.11	1.39	1.19	1.12	1.0	1.38	1.54	1.14	1.32	2.27	1.44	0.93	1.99	2.04	1.45	1.27	1.07	1.67	1.68	2.06	2.26	1.51	1.18	1.66	1.17
1.0	2.0	3.0	4.0	5.0	6.0	7.0	8.0	9.0	10.0	11.0	12.0	13.0	14.0	15.0	16.0	17.0	18.0	19.0	20.0	21.0	22.0	23.0	24.0	25.0	26.0	27.0	28.0	29.0	30.0	31.0	32.0	33.0	34.0	35.0	36.0	37.0	38.0	39.0	40.0	41.0	42.0	43.0	44.0	45.0	46.0	47.0	48.0	49.0	50.0	51.0	52.0	53.0	54.0	55.0	56.0	57.0	58.0	59.0	60.0	61.0	62.0	63.0	64.0	65.0	66.0	67.0	68.0	69.0	70.0	71.0	72.0	73.0	74.0	75.0	76.0	77.0	78.0	79.0	80.0	81.0	82.0	83.0	84.0	85.0	86.0	87.0	88.0	89.0	90.0	91.0	92.0	93.0	94.0	95.0	96.0	97.0	98.0	99.0	100.0	101.0	102.0	103.0	104.0	105.0	106.0	107.0	108.0	109.0	110.0	111.0	112.0	113.0	114.0	115.0	116.0	117.0	118.0	119.0	120.0	121.0	122.0	123.0	124.0	125.0	126.0	127.0	128.0	129.0	130.0	131.0	132.0	133.0	134.0	135.0	136.0	137.0	138.0	139.0	140.0	141.0	142.0	143.0	144.0	145.0	146.0	147.0	148.0	149.0	149.0	150.0	151.0	152.0	153.0	154.0	155.0	156.0	157.0	158.0	159.0	160.0	161.0	162.0	163.0	164.0	165.0	166.0	167.0	168.0	169.0	170.0	171.0	172.0	173.0	174.0	175.0	176.0	177.0	178.0	179.0	180.0	181.0	182.0	183.0	184.0	185.0	186.0	187.0	188.0	189.0	190.0	191.0	192.0	193.0	194.0	195.0	196.0	197.0	198.0	199.0	200.0	201.0	202.0	203.0	204.0	205.0	206.0	207.0	208.0	209.0	210.0	211.0	212.0	213.0	214.0	215.0	216.0	217.0	218.0	219.0	220.0	221.0	222.0	223.0	224.0	225.0	226.0	227.0	228.0	229.0	230.0	231.0	232.0	233.0	234.0	235.0	236.0	237.0	238.0	239.0	240.0	241.0	242.0	243.0	244.0	245.0	246.0	247.0	248.0	249.0	250.0	251.0	252.0	253.0	254.0	255.0	256.0	257.0	258.0	259.0	260.0	261.0	262.0	263.0	264.0	265.0	266.0	267.0	268.0	269.0	270.0	271.0	272.0	273.0	274.0	275.0	276.0	277.0	278.0	279.0	280.0	281.0	282.0	283.0	284.0	285.0	286.0	287.0	288.0	289.0	290.0	291.0	292.0	293.0	294.0	295.0	296.0	297.0	298.0	298.0	299.0
3539.4906499426115
