5901.343360841431	300.0	2000.0	199.8368928106731	0	0.0	5901.343360841431	1	0	2	-2.184746048792022
6671.797547311803	1000.0	2152.5003948825897	0.0	0	0.0	5824.297942194393	1	0	2	-0.7847746522120276
7402.690129968304	1000.0	2348.518553960439	0.0	0	0.0	5751.208683928744	1	0	2	0.4270254453714041
8177.039555023353	1000.0	2496.7341863998845	0.0	0	0.0	5673.773741423238	1	0	2	0.4346386879390238
9001.623781747663	1000.0	2589.691537003141	0.0	0	0.0	5591.315318750804	1	0	2	0.4430436718823909
9865.211537491768	2000.0	2639.7450056846264	0.0	0	0.0	5504.956543176395	1	0	2	0.4513543554636863
10601.068230892462	2000.0	2830.302642943863	0.0	0	0.0	5431.3708738363275	1	0	2	1.1521548822067424
11812.7451684554	2000.0	2497.458011624632	0.0	0	0.0	5310.203180080034	1	0	2	1.1624060096062836
12917.883304854202	2000.0	2281.80606158595	0.0	0	0.0	5199.689366440153	1	0	2	1.1740030777138148
14140.223867963803	2000.0	1937.2314421653875	0.0	0	0.0	5077.455310129193	1	0	2	1.1863351050601543
15567.460253743066	1000.0	1367.271417808199	0.0	0	0.0	4934.731671551268	1	0	2	-0.18719506998152144
16452.522840485897	1000.0	1482.2088310653667	0.0	0	0.0	4934.731671551268	1	0	1	0.5104996371708092
17334.955571146922	1000.0	1511.5328273382368	0.0	0	0.0	4846.488398485162	1	0	2	0.3170487381710301
18206.642224163374	1000.0	1552.6775090201374	0.0	0	0.0	4759.319733183516	1	0	2	0.525699154591956
18976.114516387224	1000.0	1706.2579875738977	0.0	0	0.0	4682.372503961129	1	0	2	0.5338146887129976
19611.219418489894	1000.0	2007.6425952609634	0.0	0	0.0	4618.862013750866	1	0	2	0.5406982634348175
20410.364550797323	2000.0	2128.5829497227924	0.0	0	0.0	4538.947500520122	1	0	2	0.5479989544227448
21399.470344288864	2000.0	2040.5665768820954	0.0	0	0.0	4440.036921170969	1	0	2	1.250679846254786
23175.192740561353	2000.0	1087.2719409823553	0.0	0	0.0	4262.464681543723	1	0	2	1.2676949050833
23807.086331382674	1000.0	1392.1889910789	0.0	0	0.0	4199.275322461584	1	0	2	-0.11059771504004726
24363.169182213904	1000.0	1780.4978551645438	0.0	0	0.0	4143.667037378458	1	0	2	0.5882761314127256
24916.024067934544	1000.0	2172.357480871836	0.0	0	0.0	4088.3815488063847	1	0	2	0.5937501491048154
25972.217310975608	2000.0	2010.5449135266642	0.0	0	0.0	3982.762224502276	1	0	2	0.602278780914709
28435.38230269748	2000.0	301.0634226326065	0.0	0	0.0	3736.445725330086	1	0	2	1.3165423935926857
29378.847357655453	1000.0	484.104461529274	126.50609385464037	0	0.0	3862.9518191847274	1	0	1	-0.8345061212803242
30081.65524776237	1000.0	781.2965714223578	0.0	0	0.0	3862.9518191847237	1	0	1	0.8176776224074638
30873.02052343666	1000.0	989.9312957480694	0.0	0	0.0	3862.9518191847274	1	0	1	0.8176776224074633
31639.908004839304	1000.0	1223.0438143454235	0.0	0	0.0	3862.9518191847274	1	0	1	0.8176776224074633
32236.72275757401	1000.0	1626.229061610717	0.0	0	0.0	3862.9518191847274	1	0	1	0.8176776224074633
33011.144469294355	1000.0	1774.365178718346	0.0	0	0.0	3785.509648012696	1	0	2	0.4231465595000864
33925.73177090422	1000.0	1768.3191469475041	0.0	0	0.0	3694.050917851717	1	0	2	0.6323585442046429
35246.52854030934	2000.0	1315.4427006018682	0.0	0	0.0	3561.971240911196	1	0	2	0.6447237683551823
36358.07756036705	2000.0	1092.7387785383862	0.0	0	0.0	3450.8163389054243	1	0	2	1.3491666689146813
37198.60571308774	2000.0	1168.1578105456329	0.0	0	0.0	3366.763523633359	1	0	2	1.3581849055575501
38156.15222577852	2000.0	1114.856646585779	0.0	0	0.0	3271.008872364291	1	0	2	1.367283633116449
38979.17989793148	1000.0	1291.8289744328254	0.0	0	0.0	3271.008872364291	1	0	1	-0.016275263470438228
40401.51995304633	1000.0	869.4889193179711	0.0	0	0.0	3271.008872364291	1	0	1	0.876871917089507
41296.252646766254	1000.0	974.7562255980356	0.0	0	0.0	3271.008872364291	1	0	1	0.876871917089507
41920.78501626215	1000.0	1350.22385610214	0.0	0	0.0	3271.0088723642984	1	0	1	0.8768719170895063
42538.33062068934	1000.0	1732.6782516749363	0.0	0	0.0	3271.0088723642984	1	0	1	0.8768719170895063
43837.556769038194	2000.0	1303.5294884912007	0.0	0	0.0	3141.086257529416	1	0	2	0.4856326282419624
44473.02513169696	1000.0	1668.0611258324473	0.0	0	0.0	3141.086257529416	1	0	1	-0.0032830019869508065
45542.91656168321	1000.0	1598.1696958461948	0.0	0	0.0	3141.086257529416	1	0	1	0.8898641785729946
46392.35281810617	1000.0	1748.733439423239	0.0	0	0.0	3141.0862575294086	1	0	1	0.8898641785729954
46985.60626663256	1000.0	2155.4799908968575	0.0	0	0.0	3141.086257529416	1	0	1	0.8898641785729946
48267.44081459691	2000.0	1745.4619881360663	0.0	0	0.0	3012.9028027329623	1	0	2	0.4993899405803518
49651.69571314785	2000.0	1222.781599730031	0.0	0	0.0	2874.477312877869	1	0	2	1.4060053877778467
50342.356110877365	1000.0	1532.1212020005155	0.0	0	0.0	2874.4773128778616	1	0	1	0.02337789247820471
50908.838022842756	1000.0	1965.6392900351257	0.0	0	0.0	2874.4773128778616	1	0	1	0.91652507303815
51761.95480521395	2000.0	2027.2108294268178	0.0	0	0.0	2789.1656346407544	1	0	2	0.5227784863872037
53021.6736576321	2000.0	1641.5200917668567	0.0	0	0.0	2663.193749398939	1	0	2	1.4271794851881594
54584.17675842629	2000.0	922.7666808932531	0.0	0	0.0	2506.9434393195334	1	0	2	1.4424202209627974
55259.44022678244	1000.0	1247.5032125371056	0.0	0	0.0	2506.9434393195334	1	0	1	0.06013127983403738
55864.435483969115	1000.0	1642.5079553504293	0.0	0	0.0	2506.9434393195334	1	0	1	0.9532784603939828
57345.5310264088	2000.0	1161.4124129107445	0.0	0	0.0	2506.943439319526	1	0	1	0.9532784603939837
58844.2637926001	2000.0	662.679646719439	0.0	0	0.0	2506.943439319526	1	0	1	1.6464256409539288
59551.97482673847	1000.0	954.968612581062	0.0	0	0.0	2506.943439319526	1	0	1	0.2601312798340384
59972.64086992949	1000.0	1534.3025693900413	0.0	0	0.0	2506.9434393195334	1	0	1	0.9532784603939828
60876.75671282855	2000.0	1630.186726490985	0.0	0	0.0	2506.9434393195334	1	0	1	0.9532784603939828
61953.63448019913	2000.0	1660.9967358574622	0.0	0	0.0	2614.6312160565867	1	0	0	1.2385335886847675
63381.222471752335	2000.0	1376.1675434595834	0.0	0	0.0	2757.3900152119095	1	0	0	1.4257153456382599
64535.37717141825	2000.0	1222.0128437936723	0.0	0	0.0	2757.3900152119095	1	0	1	1.4213809833646902
65814.27554231836	2000.0	815.2246358035575	0.0	0	0.0	2629.500178121896	1	0	2	1.2307503644024522
67016.22459289653	2000.0	493.08068016758045	0.0	0	0.0	2509.305273064092	1	0	2	1.4427117279771855
67568.33300913614	1000.0	940.9722639279507	0.0	0	0.0	2509.30527306407	1	0	1	0.05989509645958266
68205.36604692892	1000.0	1303.93922613519	0.0	0	0.0	2509.3052730640775	1	0	1	0.9530422770195288
69196.71573879405	1000.0	1312.5895342700526	0.0	0	0.0	2509.3052730640775	1	0	1	0.9530422770195285
69996.72836155495	1000.0	1512.5769115091446	0.0	0	0.0	2509.3052730640775	1	0	1	0.9530422770195285
70821.1838748655	1000.0	1688.1213981986054	0.0	0	0.0	2509.3052730640775	1	0	1	0.9530422770195285
72077.33866558863	2000.0	1431.966607475466	0.0	0	0.0	2509.3052730640775	1	0	1	0.9530422770195284
73585.94070295534	2000.0	772.5043663720809	0.0	0	0.0	2358.445069327383	1	0	2	1.2571798866455541
74199.38857381168	1000.0	1159.0564955157356	0.0	0	0.0	2358.4450693273684	1	0	1	0.07498111683325392
75117.84991497349	2000.0	1240.5951543539236	0.0	0	0.0	2358.4450693273684	1	0	1	0.9681282973931993
75883.85531861824	2000.0	1474.5897507091668	0.0	0	0.0	2358.445069327383	1	0	1	1.6612754779531431
76740.72904642056	2000.0	1703.4033956870767	0.0	0	0.0	2444.1324421076133	1	0	0	1.2552723524077931
77734.23660254784	2000.0	1709.8958395597792	0.0	0	0.0	2444.1324421076133	1	0	1	1.45270674067512
79289.40953809183	2000.0	999.2056104614021	0.0	0	0.0	2288.615148553232	1	0	2	1.2639280078399873
80091.31969489018	1000.0	1197.2954536630602	0.0	0	0.0	2288.615148553232	1	0	1	0.08196410891066747
81097.09436009079	2000.0	1191.5207884624492	0.0	0	0.0	2288.615148553232	1	0	1	0.9751112894706129
81682.20119868963	1000.0	1606.4139498636116	0.0	0	0.0	2288.615148553232	1	0	1	0.28196410891066775
82640.61877574713	2000.0	1647.9963728061123	0.0	0	0.0	2288.6151485532464	1	0	1	0.9751112894706127
83922.98968474925	2000.0	1237.3883729037786	0.0	0	0.0	2160.3780576530116	1	0	2	1.277208661421693
84994.18540732365	1000.0	1166.1926503293805	0.0	0	0.0	2160.3780576530116	1	0	1	0.0947878180006897
86027.16841734246	1000.0	1133.2096403105738	0.0	0	0.0	2160.3780576530116	1	0	1	0.987934998560635
86698.85361407019	1000.0	1461.5244435828245	0.0	0	0.0	2160.3780576530116	1	0	1	0.987934998560635
87476.76752933672	2000.0	1683.6105283163024	0.0	0	0.0	2160.3780576530116	1	0	1	0.9879349985606349
88200.0	2000.0	1888.0548105866865	0.0	0	130.54416749920347	2088.0548105866765	1	0	2	1.2858638501309179
89200.0	2000.0	1788.0548105866883	0.0	0	279.4826522762014	1988.054810586662	1	0	2	1.4946566015038976
90597.29134970327	2000.0	1251.0343259130964	0.0	0	0.0	1848.3256756163319	1	0	2	1.5085208789326554
91962.59454858284	2000.0	885.7311270335163	0.0	0	0.0	1848.3256756163319	1	0	1	1.5122874173242478
93044.79927062418	2000.0	803.5264049921924	0.0	0	0.0	1848.3256756163319	1	0	1	1.712287417324248
93551.46244197122	1000.0	1296.863233645156	0.0	0	0.0	1848.3256756163464	1	0	1	0.32599305620435637
94610.04575667816	2000.0	1238.2799189382104	0.0	0	0.0	1848.3256756163464	1	0	1	1.0191402367643014
95695.49837435651	2000.0	1152.8273012598588	0.0	0	0.0	1848.3256756163464	1	0	1	1.7122874173242466
96708.734047655	2000.0	1139.5916279613766	0.0	0	0.0	1848.3256756163464	1	0	1	1.7122874173242466
97551.77281618187	2000.0	1380.8567362871938	0.0	0	0.0	1932.6295524690213	1	0	0	1.3058116185446953
99043.23460816343	3000.0	889.3949443056301	0.0	0	0.0	1932.6295524690213	1	0	1	1.5038570296389793
100660.09872032444	2000.0	272.5308321446202	0.0	0	0.0	1932.6295524690213	1	0	1	1.2983919215308144
101231.52927141325	1000.0	716.7153672197791	15.61508616397822	0	0.0	1948.2446386329975	1	0	1	0.22231064291882197
102974.01755084968	2000.0	200.0	225.77291221666775	0	0.0	2174.0175508496322	1	0	1	-0.362794708591568
103497.83701350728	1000.0	754.530909634516	78.35037229211716	0	0.0	2252.367923141748	1	0	1	-0.18451340230088664
103901.56458001134	1000.0	1350.8033431304486	0.0	0	0.0	2252.367923141748	1	0	1	0.9787360120117614
104842.75682777731	2000.0	1409.6110953644697	0.0	0	0.0	2252.367923141748	1	0	1	0.9787360120117613
106656.03635544989	2000.0	596.3315676918915	0.0	0	0.0	2252.367923141748	1	0	1	1.6718831925717064
107352.86938535406	1000.0	899.4985377877254	0.0	0	0.0	2252.3679231417336	1	0	1	0.28558883145181757
107805.95957327186	1000.0	1446.4083498699308	0.0	0	0.0	2252.3679231417336	1	0	1	0.9787360120117627
108559.89177481932	2000.0	1692.4761483224693	0.0	0	0.0	2252.367923141748	1	0	1	0.9787360120117613
109378.82889626511	2000.0	1955.4327390212466	0.0	0	0.0	2334.2616352863115	1	0	0	1.2658468614170488
110270.91075699273	3000.0	2063.350878293635	0.0	0	0.0	2334.2616352863115	1	0	1	1.4636938213572503
111243.6535026648	3000.0	1993.3338580543439	0.0	0	0.0	2236.987360719082	1	0	2	1.6762958719925174
112207.26243032618	3000.0	1933.3640376268238	0.0	0	0.0	2140.626467952956	1	0	2	1.8859721601084574
113550.45431276398	3000.0	1455.8529669452455	0.0	0	0.0	2006.3072797091736	1	0	2	1.8986087509234175
114387.25496893276	3000.0	1535.3722451595906	0.0	0	0.0	1922.6272140922956	1	0	2	1.9083181052324076
115205.5440444354	3000.0	1635.254262106688	0.0	0	0.0	1840.7983065420412	1	0	2	1.9162818270466158
116200.0	3000.0	1541.3527109856316	0.0	0	217.30777571829094	1741.3527109856077	1	0	2	1.9251604519196945
117200.0	3000.0	1441.3527109856302	0.0	0	53.470977574557764	1641.3527109856077	1	0	2	1.9353358122945121
118471.94191756286	3000.0	1169.4107934227663	0.0	0	0.0	1641.3527109855931	1	0	1	1.9384498218954866
119651.76294947877	2000.0	989.5897615068641	0.0	0	0.0	1641.3527109855931	1	0	1	1.3275196056791574
121031.03179679533	3000.0	748.2477989219553	0.0	0	0.0	1779.2795957172202	1	0	0	1.3232669727382136
121873.1215850266	2000.0	906.1580106906889	0.0	0	0.0	1779.2795957172348	1	0	1	1.1137269172059934
122912.64758580946	2000.0	866.6320099078347	0.0	0	0.0	1779.2795957172348	1	0	1	1.719192025314158
123680.39076564145	2000.0	1098.8888300758492	0.0	0	0.0	1779.2795957172348	1	0	1	1.719192025314158
124220.55544085137	2000.0	1612.7406223869132	0.0	0	0.0	1833.296063238231	1	0	0	1.3151385181214352
125785.92854533988	3000.0	1047.3675178984236	0.0	0	0.0	1833.296063238231	1	0	1	1.5137903785620583
127079.24971006684	3000.0	754.0463531714697	0.0	0	0.0	1833.296063238231	1	0	1	2.119255486670223
128140.3221669047	3000.0	799.0811420173818	0.0	0	0.0	1939.403308922003	1	0	0	1.711850581901924
129416.33802876336	2000.0	523.0652801587357	0.0	0	0.0	1939.403308922003	1	0	1	1.0977145458855166
130315.56642852309	2000.0	623.8368803990156	0.0	0	0.0	1939.403308922003	1	0	1	1.703179653993681
130959.04178367852	2000.0	980.3615252435707	0.0	0	0.0	1939.403308922003	1	0	1	1.703179653993681
131832.8391426636	3000.0	1106.5641662584944	0.0	0	0.0	1939.4033089220175	1	0	1	1.70317965399368
132841.27410254237	3000.0	1098.1292063797391	0.0	0	0.0	1939.4033089220175	1	0	1	2.1086447621018447
133746.9411180607	3000.0	1192.4621908614085	0.0	0	0.0	1939.4033089220175	1	0	1	2.1086447621018447
135014.2112749775	3000.0	925.1920339445767	0.0	0	0.0	1939.4033089219884	1	0	1	2.1086447621018465
136511.3662838306	2000.0	428.03702509147547	0.0	0	0.0	1939.4033089219593	1	0	1	1.2977145458855206
137600.27280740935	2000.0	387.6155387413706	48.48503722863626	0	0.0	1987.8883461506048	1	0	1	1.4074209268990034
138304.96039424866	1000.0	682.9279519020649	0.0	0	0.0	1987.8883461506048	1	0	1	0.3120367891509306
139459.4371703276	1000.0	528.4511758231178	0.0	0	0.0	1987.8883461506339	1	0	1	1.0051839697108726
140369.31728753485	1000.0	618.5710586158896	0.0	0	0.0	1987.8883461506339	1	0	1	1.0051839697108726
141128.97545920612	1000.0	858.9128869446066	0.0	0	0.0	1987.8883461506048	1	0	1	1.0051839697108758
141609.4977143244	1000.0	1378.390631826321	0.0	0	0.0	1987.8883461505757	1	0	1	1.0051839697108786
142336.6057774903	2000.0	1651.2825686603755	0.0	0	0.0	1987.8883461505757	1	0	1	1.0051839697108784
143352.40081320138	2000.0	1737.0670365204217	0.0	0	0.0	2089.4678497216955	1	0	0	1.2908349493988287
144753.4755714553	2000.0	1335.9922782664996	0.0	0	0.0	2089.4678497216664	1	0	1	1.4881731999137149
145765.92294939904	2000.0	1222.3001625283578	0.0	0	0.0	1988.2231119273056	1	0	2	1.2958731410207758
146449.85601409164	2000.0	1469.973791366486	0.0	0	0.0	1919.8298054580519	1	0	2	1.503471281655292
147371.87246040753	2000.0	1455.7557004189803	0.0	0	0.0	1827.6281608264835	1	0	2	1.5119341002538478
148200.0	2000.0	1710.4409147857764	0.0	0	217.0774744389637	1910.4409147857223	1	0	0	1.1091432770005158
149463.40240589387	3000.0	1447.0385088919281	0.0	0	0.0	1910.4409147856932	1	0	1	1.5060758934073122
152172.75344488272	3000.0	200.0	462.3125300969069	0	0.0	2372.753444882721	1	0	1	-0.6833075865616001
153078.76867958505	1000.0	473.84555703076967	179.86079173307328	0	0.0	2552.614236615802	1	0	1	-1.229065658402194
153718.76911747092	1000.0	833.8451191449153	0.0	0	0.0	2552.614236615802	1	0	1	0.948711380664356
154439.1379846521	1000.0	1113.4762519637152	0.0	0	0.0	2552.614236615802	1	0	1	0.948711380664356
154949.6606999094	1000.0	1602.9535367064402	0.0	0	0.0	2552.614236615802	1	0	1	0.948711380664356
156883.50932643184	2000.0	475.72004753175133	0.0	0	0.0	2359.2293739635497	1	0	2	0.5619752804071518
157880.74549304886	1000.0	629.6237906596438	151.13990974492566	0	0.0	2510.369283708511	1	0	1	-0.8470507630744142
158514.38489800936	1000.0	995.9843856991392	0.0	0	0.0	2510.369283708511	1	0	1	0.9529358759550852
159612.5541450981	2000.0	897.8151386103852	0.0	0	0.0	2510.369283708511	1	0	1	0.9529358759550851
160681.66947161988	2000.0	828.6998120885881	0.0	0	0.0	2510.369283708511	1	0	1	1.6460830565150304
161526.96213863464	1000.0	983.4071450738634	0.0	0	0.0	2510.369283708511	1	0	1	0.25978869539513993
162303.2111017487	1000.0	1207.158181959807	0.0	0	0.0	2510.36928370854	1	0	1	0.9529358759550821
163012.89922512227	1000.0	1497.470058586232	0.0	0	0.0	2510.36928370854	1	0	1	0.9529358759550821
163973.75258904832	1000.0	1536.6166946602004	0.0	0	0.0	2510.369283708569	1	0	1	0.9529358759550804
165039.1143129153	1000.0	1471.2549707932353	0.0	0	0.0	2510.3692837085982	1	0	1	0.9529358759550763
165853.36557535923	1000.0	1657.0037083493141	0.0	0	0.0	2510.3692837085982	1	0	1	0.9529358759550763
166691.86630314824	1000.0	1818.5029805603162	0.0	0	0.0	2510.3692837085982	1	0	1	0.9529358759550763
167234.2323727122	1000.0	2276.1369109963825	0.0	0	0.0	2510.3692837086273	1	0	1	0.9529358759550735
168274.5669814976	2000.0	2131.768841332454	0.0	0	0.0	2406.335822830093	1	0	2	0.5607370880129035
169200.0	2000.0	2113.7925209798073	0.0	0	167.79664670294733	2313.792520979827	1	0	2	1.4627684683672029
170200.0	2000.0	2013.7925209797866	0.0	0	21.00142200256232	2213.792520979827	1	0	2	1.4727986352411362
172320.8543763031	2000.0	680.8527070463994	0.0	0	0.0	2001.7070833494945	1	0	2	1.4926614772144626
172829.92002595367	1000.0	1171.7870573958035	0.0	0	0.0	2001.7070833494945	1	0	1	0.11065491543104128
174017.0699512244	2000.0	984.637132125102	0.0	0	0.0	2001.7070833494945	1	0	1	1.0038020959909868
175162.22988477422	2000.0	839.4771985752906	0.0	0	0.0	2001.7070833494654	1	0	1	1.6969492765509346
175991.6261182287	1000.0	1010.0809651207951	0.0	0	0.0	2001.7070833494654	1	0	1	0.31065491543104445
176985.62997038278	1000.0	1016.077112966732	0.0	0	0.0	2001.7070833494945	1	0	1	1.0038020959909868
177985.46148698742	1000.0	1016.2455963620713	0.0	0	0.0	2001.7070833494945	1	0	1	1.0038020959909868
178685.84556136339	1000.0	1315.8615219861097	0.0	0	0.0	2001.7070833494945	1	0	1	1.0038020959909868
179292.36183274433	1000.0	1709.3452506051722	0.0	0	0.0	2001.7070833494654	1	0	1	1.0038020959909897
180443.79946174522	2000.0	1557.9076216042743	0.0	0	0.0	2001.7070833494654	1	0	1	1.0038020959909897
181884.760047698	2000.0	972.8509770562218	0.0	0	0.0	1857.6110247542092	1	0	2	1.3072103919870588
182841.03993581308	1000.0	1016.5710889411189	0.0	0	0.0	1857.6110247542092	1	0	1	0.12506452129056989
183378.38064591633	1000.0	1479.23037883786	0.0	0	0.0	1857.61102475418	1	0	1	1.0182117018505181
184312.01982241575	2000.0	1545.5912023384353	0.0	0	0.0	1857.6110247542092	1	0	1	1.018211701850515
185237.75830281925	2000.0	1712.4265699752477	0.0	0	0.0	1950.1848727945471	1	0	0	1.304448511312419
186205.36386942075	2000.0	1841.5815600338783	0.0	0	0.0	2046.945429454674	1	0	0	1.4949579936047932
187406.15173931766	2000.0	1760.8724771266432	0.0	0	0.0	2167.024216444348	1	0	0	1.4838650084952258
189903.87567681132	2000.0	263.14853963297696	0.0	0	0.0	2167.024216444348	1	0	1	1.4804175632414465
190724.91733153802	1000.0	581.7056933041986	139.59880839792513	0	0.0	2306.6230248422944	1	0	1	-0.5574295291057891
191221.09437627488	1000.0	1085.5286485673407	0.0	0	0.0	2306.6230248422944	1	0	1	0.9733105018417068
191736.3983626368	1000.0	1570.2246622054506	0.0	0	0.0	2306.6230248422944	1	0	1	0.9733105018417068
192911.339021942	2000.0	1395.2840029002132	0.0	0	0.0	2306.6230248422944	1	0	1	0.9733105018417068
193651.20826799114	1000.0	1655.4147568510953	0.0	0	0.0	2306.6230248422944	1	0	1	0.28016332128176163
194932.06175299283	1000.0	1374.5612718494183	0.0	0	0.0	2306.6230248423235	1	0	1	0.9733105018417044
195723.96496810814	1000.0	1582.658056734108	0.0	0	0.0	2306.6230248423235	1	0	1	0.9733105018417039
196937.64897925363	2000.0	1368.9740455886267	0.0	0	0.0	2306.6230248423235	1	0	1	0.9733105018417036
197545.53400226892	1000.0	1761.0890225733388	0.0	0	0.0	2306.6230248423235	1	0	1	0.2801633212817587
198236.27777937573	1000.0	2070.345245466544	0.0	0	0.0	2306.6230248423526	1	0	1	0.973310501841701
199597.64814101407	2000.0	1572.8378476643366	0.0	0	0.0	2170.485988678498	1	0	2	0.5834530241585818
200457.66900165495	2000.0	1626.8149009593524	0.0	0	0.0	2084.483902614418	1	0	2	1.48645342838326
201264.5776141465	2000.0	1739.2154272186585	0.0	0	0.0	2003.7930413652211	1	0	2	1.494794529572643
203107.31335484725	2000.0	712.2061124478181	0.0	0	0.0	1819.5194672951475	1	0	2	1.5103133441848828
203956.09307450734	1000.0	863.4263927877402	0.0	0	0.0	1819.5194672951766	1	0	1	0.12887367703647312
204722.06659567487	1000.0	1097.4528716202158	0.0	0	0.0	1819.5194672951766	1	0	1	1.0220208575964185
205741.85536280542	2000.0	1077.66410448967	0.0	0	0.0	1819.5194672952057	1	0	1	1.0220208575964174
207255.706099605	2000.0	563.8133676900943	0.0	0	0.0	1819.5194672952057	1	0	1	1.7151680381563608
208115.0663582512	1000.0	704.4531090439242	0.0	0	0.0	1819.5194672952057	1	0	1	0.3288736770364705
208656.30386935532	1000.0	1163.2155979398108	0.0	0	0.0	1819.5194672951766	1	0	1	1.0220208575964178
209818.0420660091	2000.0	1001.4774012860498	0.0	0	0.0	1819.5194672952348	1	0	1	1.0220208575964138
210418.07331867653	2000.0	1401.446148618612	0.0	0	0.0	1819.519467295264	1	0	1	1.715168038156355
211200.0	2000.0	1697.7121354274989	0.0	0	66.20698025112506	1897.7121354276023	1	0	0	1.3097584303871792
212507.42376227558	3000.0	1521.0307493795065	0.0	0	0.0	2028.4545116552035	1	0	0	1.497846213952267
213436.4261130938	2000.0	1499.1281634794675	0.0	0	0.0	1935.5542765733844	1	0	2	0.695740534174101
214751.04145495052	2000.0	1053.0512874370938	0.0	0	0.0	1804.0927423877292	1	0	2	1.5135820084475406
216125.34924734614	2000.0	678.7434950414429	0.0	0	0.0	1804.0927423877292	1	0	1	1.516710710647108
217401.68437999874	2000.0	402.40836238884447	0.0	0	0.0	1804.0927423877001	1	0	1	1.7167107106471113
218218.23399578803	1000.0	585.8587465995902	0.0	0	0.0	1804.0927423877001	1	0	1	0.33041634952722104
218990.11811945733	1000.0	813.9746229303015	0.0	0	0.0	1804.0927423877001	1	0	1	1.0235635300871662
219750.18218664455	1000.0	1053.9105557430937	0.0	0	0.0	1804.0927423877001	1	0	1	1.0235635300871662
220552.35918261015	1000.0	1251.7335597775027	0.0	0	0.0	1804.0927423877001	1	0	1	1.0235635300871662
221551.70247188048	2000.0	1252.3902705071705	0.0	0	0.0	1804.092742387671	1	0	1	1.0235635300871668
223109.42951262664	2000.0	694.6632297610241	0.0	0	0.0	1804.0927423877001	1	0	1	1.7167107106471113
224297.9392826937	2000.0	506.1534596939933	0.0	0	0.0	1804.0927423877001	1	0	1	1.7167107106471113
224701.34139622984	1000.0	1102.7513461578312	0.0	0	0.0	1804.0927423877292	1	0	1	0.3304163495272181
225836.42248935316	2000.0	967.6702530344751	0.0	0	0.0	1804.092742387671	1	0	1	1.0235635300871673
227778.12712434816	2000.0	200.0	174.03438196054418	0	0.0	1978.1271243481606	1	0	1	0.6666563682044859
228600.8159739877	1000.0	625.5973531881348	248.2862028276669	0	0.0	2226.413327175833	1	0	1	-1.2015329259175933
229145.26037152464	1000.0	1081.1529556512037	0.0	0	0.0	2226.413327175833	1	0	1	0.981331471608353
230379.55880679714	2000.0	846.8545203787336	0.0	0	0.0	2226.413327175833	1	0	1	0.9813314716083529
231150.51004306634	1000.0	1075.9032841095404	0.0	0	0.0	2226.413327175862	1	0	1	0.2881842910484048
231642.944656583	1000.0	1583.4686705928902	0.0	0	0.0	2226.4133271758037	1	0	1	0.9813314716083553
233065.3536815748	2000.0	1161.059645601067	0.0	0	0.0	2226.4133271757746	1	0	1	0.9813314716083574
233936.97981500003	1000.0	1289.433512175827	0.0	0	0.0	2226.4133271757746	1	0	1	0.2881842910484136
235030.64257741123	1000.0	1195.770749764621	0.0	0	0.0	2226.4133271757746	1	0	1	0.9813314716083588
235682.36086331695	1000.0	1544.0524638589434	0.0	0	0.0	2226.4133271757746	1	0	1	0.9813314716083588
236502.25209411903	2000.0	1724.1612330568717	0.0	0	0.0	2226.4133271758037	1	0	1	0.9813314716083557
237200.0	2000.0	1956.6385365877986	0.0	0	90.79372409984353	2156.6385365876777	1	0	2	1.2791413203412156
238200.0	2000.0	1856.6385365878064	0.0	0	99.5194327357458	2056.6385365876777	1	0	2	1.4881171656899974
239686.41682699867	2000.0	1221.580026889267	0.0	0	0.0	1907.996853887802	1	0	2	1.5017628561031602
240824.80987503807	2000.0	1083.1869788498525	0.0	0	0.0	1907.996853887802	1	0	1	1.506320299497101
242165.42206459626	2000.0	742.5747892916835	0.0	0	0.0	1907.996853887802	1	0	1	1.7063202994971012
243017.2680771982	1000.0	890.7287766897468	0.0	0	0.0	1907.996853887802	1	0	1	0.3200259383772108
243646.88895275455	1000.0	1261.1079011334027	0.0	0	0.0	1907.996853887802	1	0	1	1.013173118937156
244771.78137672695	2000.0	1136.21547716099	0.0	0	0.0	1907.996853887831	1	0	1	1.0131731189371542
245592.3427506824	2000.0	1315.6541032055297	0.0	0	0.0	1907.996853887831	1	0	1	1.7063202994970983
246406.54661103006	2000.0	1582.870628892639	0.0	0	0.0	1989.4172399225936	1	0	0	1.30027105849985
247430.84092823017	3000.0	1661.005743412534	0.0	0	0.0	2091.8466716426483	1	0	0	1.4904960984217324
249716.96878874098	3000.0	603.4906689528038	0.0	0	0.0	2320.459457693738	1	0	0	1.8760588708757608
250647.7829322338	2000.0	672.6765254599654	0.0	0	0.0	2320.459457693709	1	0	1	1.059608931008344
251327.46455190412	1000.0	992.9949057896574	0.0	0	0.0	2320.459457693709	1	0	1	0.2787796779966202
251991.96214239782	1000.0	1328.4973152959708	0.0	0	0.0	2320.459457693738	1	0	1	0.9719268585565624
252541.28443129957	1000.0	1779.1750263942436	0.0	0	0.0	2320.459457693767	1	0	1	0.9719268585565595
253490.06595643406	2000.0	1735.515348746297	0.0	0	0.0	2225.581305180327	1	0	2	0.5790646489013742
254829.51175965788	2000.0	1262.1249652000952	0.0	0	0.0	2091.6367248579045	1	0	2	1.4842482100959236
255552.20819166128	1000.0	1539.4285331966814	0.0	0	0.0	2091.6367248579045	1	0	1	0.10166195128020045
256503.57510415695	2000.0	1588.061620701032	0.0	0	0.0	2091.6367248579045	1	0	1	0.9948091318401455
257369.74798935396	2000.0	1635.2714469843077	0.0	0	0.0	2005.0194363381888	1	0	2	1.2945217683751404
258221.6767737564	2000.0	1868.5355410221357	0.0	0	0.0	2090.2123147784732	1	0	0	1.0901007331177393
259200.0	3000.0	1890.2123147785426	0.0	0	258.20353394563426	2090.2123147784732	1	0	1	1.4880987534080343
260200.0	3000.0	1790.2123147785132	0.0	0	95.50190302109695	1990.2123147784441	1	0	2	1.7004202190506885
261200.0	3000.0	1690.2123147785485	0.0	0	34.791577737167245	1890.2123147785023	1	0	2	1.9105035183432664
262216.73902650736	3000.0	1673.4732882711708	0.0	0	0.0	1890.2123147785605	1	0	1	1.913563861516192
263445.2237557292	3000.0	1567.8370319714847	0.0	0	0.0	2013.0607877007278	1	0	0	1.7043504011106818
264424.3116634983	3000.0	1588.7491242023473	0.0	0	0.0	2013.0607877006987	1	0	1	1.9012790142239755
265232.1082824418	3000.0	1861.7321671532638	0.0	0	0.0	2093.8404495951836	1	0	0	1.695281678520061
266308.0737410864	3000.0	1893.3632543730887	0.0	0	0.0	2201.4369954596623	1	0	0	1.8853978756198886
267724.1363723956	3000.0	1335.694359932934	0.0	0	0.0	2059.830732328701	1	0	2	1.4927180663224857
269232.4410685533	3000.0	978.2201333910358	0.0	0	0.0	2210.6612019444583	1	0	0	1.485427177027801
270549.7711264794	3000.0	792.623081257631	0.0	0	0.0	2342.394207737234	1	0	0	1.8718693058404994
271751.7302363513	2000.0	590.6639713856794	0.0	0	0.0	2342.394207737234	1	0	1	1.0574154560039934
272574.2319426162	2000.0	768.1622651207701	0.0	0	0.0	2342.3942077371757	1	0	1	1.6628805641121638
273216.1857145859	2000.0	1126.2084931510853	0.0	0	0.0	2342.3942077371757	1	0	1	1.6628805641121638
274111.0771521934	2000.0	1320.8061993043189	0.0	0	0.0	2431.883351497934	1	0	0	1.2565246016592335
274794.9330086792	2000.0	1705.3359284671571	0.0	0	0.0	2500.2689371464658	1	0	0	1.4487641146002277
275856.4267801252	3000.0	1643.8421570211585	0.0	0	0.0	2500.2689371464658	1	0	1	1.447093091171235
276978.91958169837	3000.0	1521.3493554480347	0.0	0	0.0	2500.2689371464658	1	0	1	2.0525581992793995
278227.8687510256	2000.0	1147.5052691881178	0.0	0	0.0	2375.3740202138433	1	0	2	0.8508309872821234
279104.09692231356	2000.0	1183.6542807713045	0.0	0	0.0	2287.7512030849466	1	0	2	1.466337032797433
279769.4322307031	2000.0	1584.8525032206928	0.0	0	0.0	2354.284733923967	1	0	0	1.0631505378125174
280463.5687485651	2000.0	1960.129637144975	0.0	0	0.0	2423.698385710246	1	0	0	1.4565610915653526
281497.10692113335	3000.0	1823.2376473199351	0.0	0	0.0	2320.3445684534963	1	0	2	1.062341493883567
282415.4651880964	3000.0	1813.043553660644	0.0	0	0.0	2228.5087417572504	1	0	2	1.8773937193932002
283318.96009042143	3000.0	1819.1991611031094	0.0	0	0.0	2138.1592515247758	1	0	2	1.886646011224351
284523.50073272217	3000.0	1494.2044545722306	0.0	0	0.0	2017.7051872946322	1	0	2	1.8973319583139188
286821.9772856897	3000.0	425.5755569014502	0.0	0	0.0	2247.5528425914235	1	0	0	1.4840815242382677
287401.57609843375	1000.0	845.9767441573173	0.0	0	0.0	2247.5528425914235	1	0	1	-0.3193947686013157
288236.63345647295	1000.0	1010.9193861181491	0.0	0	0.0	2247.5528425914235	1	0	1	0.9792175200667939
289451.3069423474	1000.0	796.2459002437065	0.0	0	0.0	2247.5528425913653	1	0	1	0.9792175200667996
290268.4862684683	1000.0	979.0665741226933	0.0	0	0.0	2247.5528425913653	1	0	1	0.9792175200667996
290796.27466533065	1000.0	1451.2781772603742	0.0	0	0.0	2247.5528425914235	1	0	1	0.9792175200667939
291535.11860948283	2000.0	1712.4342331082128	0.0	0	0.0	2247.5528425914235	1	0	1	0.9792175200667937
292666.72951158124	2000.0	1467.6622407999969	0.0	0	0.0	2134.3917523816344	1	0	2	1.2808849639766309
293700.81669100374	2000.0	1330.1663434352245	0.0	0	0.0	2030.9830344393267	1	0	2	1.4917510401131047
294975.05952747713	2000.0	928.4992233144865	0.0	0	0.0	1903.5587507919408	1	0	2	1.5034266247379846
295997.94591681164	2000.0	905.6128339799334	0.0	0	0.0	1903.5587507919408	1	0	1	1.5067641098066868
296767.88842817117	2000.0	1212.6645737563829	0.0	0	0.0	1980.5530019279104	1	0	0	1.3010789825506146
297632.1546388799	2000.0	1434.8249841186182	0.0	0	0.0	2066.979622998915	1	0	0	1.4924241436822583
298372.89568410954	3000.0	1694.0839388889908	0.0	0	0.0	2066.979622998915	1	0	1	1.49042202258599
300727.3052523288	3000.0	200.0	87.06053286561837	0	0.0	1927.3052523291553	1	0	2	1.1882684533224734
301422.21535975306	1000.0	652.5373542147895	147.44746163908206	0	0.0	2074.7527139682206	1	0	1	-1.1867995255734884
1.64	1.12	1.0	1.84	2.32	2.03	1.55	1.39	1.32	0.61	1.08	1.36	1.45	1.7	2.49	1.96	0.74	1.54	2.2	2.41	1.4	0.87	0.95	1.42	1.63	1.55	1.75	1.25	1.61	2.33	2.32	1.78	1.51	0.96	0.87	1.58	1.78	2.18	1.32	0.97	1.2	1.62	1.59	1.53	1.47	2.27	1.86	1.26	1.25	1.25	1.83	1.84	1.38	1.56	2.13	2.68	2.35	1.61	1.97	1.83	1.95	1.74	1.38	1.22	1.29	1.67	1.8	1.26	1.81	1.77	2.25	1.66	1.16	1.07	1.92	1.41	1.47	2.02	1.53	0.87	1.31	1.91	2.68	1.95	1.56	1.22	1.66	1.65	1.53	1.9	2.61	2.61	3.37	1.46	1.63	1.69	1.39	1.49	2.19	1.45	1.33	1.85	2.61	2.75	3.79	3.38	2.47	2.92	3.13	3.83	4.45	3.13	1.68	1.98	2.34	1.81	2.13	2.36	3.03	2.51	2.72	2.83	1.96	2.03	2.79	3.65	3.88	3.98	3.14	1.9	1.64	1.99	1.61	0.93	0.93	1.53	2.27	1.53	1.45	1.98	2.22	2.83	2.83	3.28	1.64	1.18	1.71	1.17	1.67	1.82	1.64	1.12	1.0	1.84	2.32	2.03	1.55	1.39	1.32	0.61	1.08	1.36	1.45	1.7	2.49	1.96	0.74	1.54	2.2	2.41	1.4	0.87	0.95	1.42	1.63	1.55	1.75	1.25	1.61	2.33	2.32	1.78	1.51	0.96	0.87	1.58	1.78	2.18	1.32	0.97	1.2	1.62	1.59	1.53	1.47	2.27	1.86	1.26	1.25	1.25	1.83	1.84	1.38	1.56	2.13	2.68	2.35	1.61	1.97	1.83	1.95	1.74	1.38	1.22	1.29	1.67	1.8	1.26	1.81	1.77	2.25	1.66	1.16	1.07	1.92	1.41	1.47	2.02	1.53	0.87	1.31	1.91	2.68	1.95	1.56	1.22	1.66	1.65	1.53	1.9	2.61	2.61	3.37	1.46	1.63	1.69	1.39	1.49	2.19	1.45	1.33	1.85	2.61	2.75	3.79	3.38	2.47	2.92	3.13	3.83	4.45	3.13	1.68	1.98	2.34	1.81	2.13	2.36	3.03	2.51	2.72	2.83	1.96	2.03	2.79	3.65	3.88	3.98	3.14	1.9	1.64	1.99	1.61	0.93	0.93	1.53	2.27	1.53	1.45	1.98	2.22	2.83	2.83	3.28	1.64	1.18	1.71	1.17
1.0	2.0	3.0	4.0	5.0	6.0	7.0	8.0	9.0	10.0	11.0	12.0	13.0	14.0	15.0	16.0	17.0	18.0	19.0	20.0	21.0	22.0	23.0	24.0	25.0	26.0	27.0	28.0	29.0	30.0	31.0	32.0	33.0	34.0	35.0	36.0	37.0	38.0	39.0	40.0	41.0	42.0	43.0	44.0	45.0	46.0	47.0	48.0	49.0	50.0	51.0	52.0	53.0	54.0	55.0	56.0	57.0	58.0	59.0	60.0	61.0	62.0	63.0	64.0	65.0	66.0	67.0	68.0	69.0	70.0	71.0	72.0	73.0	74.0	75.0	76.0	77.0	78.0	79.0	80.0	81.0	82.0	83.0	84.0	85.0	86.0	87.0	88.0	89.0	90.0	91.0	92.0	93.0	94.0	95.0	96.0	97.0	98.0	99.0	100.0	101.0	102.0	103.0	104.0	105.0	106.0	107.0	108.0	109.0	110.0	111.0	112.0	113.0	114.0	115.0	116.0	117.0	118.0	119.0	120.0	121.0	122.0	123.0	124.0	125.0	126.0	127.0	128.0	129.0	130.0	131.0	132.0	133.0	134.0	135.0	136.0	137.0	138.0	139.0	140.0	141.0	142.0	143.0	144.0	145.0	146.0	147.0	148.0	149.0	149.0	150.0	151.0	152.0	153.0	154.0	155.0	156.0	157.0	158.0	159.0	160.0	161.0	162.0	163.0	164.0	165.0	166.0	167.0	168.0	169.0	170.0	171.0	172.0	173.0	174.0	175.0	176.0	177.0	178.0	179.0	180.0	181.0	182.0	183.0	184.0	185.0	186.0	187.0	188.0	189.0	190.0	191.0	192.0	193.0	194.0	195.0	196.0	197.0	198.0	199.0	200.0	201.0	202.0	203.0	204.0	205.0	206.0	207.0	208.0	209.0	210.0	211.0	212.0	213.0	214.0	215.0	216.0	217.0	218.0	219.0	220.0	221.0	222.0	223.0	224.0	225.0	226.0	227.0	228.0	229.0	230.0	231.0	232.0	233.0	234.0	235.0	236.0	237.0	238.0	239.0	240.0	241.0	242.0	243.0	244.0	245.0	246.0	247.0	248.0	249.0	250.0	251.0	252.0	253.0	254.0	255.0	256.0	257.0	258.0	259.0	260.0	261.0	262.0	263.0	264.0	265.0	266.0	267.0	268.0	269.0	270.0	271.0	272.0	273.0	274.0	275.0	276.0	277.0	278.0	279.0	280.0	281.0	282.0	283.0	284.0	285.0	286.0	287.0	288.0	289.0	290.0	291.0	292.0	293.0	294.0	295.0	296.0	297.0
5489.747595988247
