4641.510048799044	300.0	2000.0	528.6076293623704	0	0.0	4641.510048799044	1	0	2	-4.022271320171857
5492.250097790731	1000.0	2149.259951008313	0.0	0	0.0	4641.510048799044	1	0	1	-0.6641510048799044
6298.14079972913	1000.0	2262.780178876075	0.0	0	0.0	4560.920978605205	1	0	2	0.3458533084727494
7658.261511598773	1000.0	1766.6473958194665	0.0	0	0.0	4424.908907418239	1	0	2	0.5578633441590692
8900.068450642777	1000.0	1400.6597628710645	0.0	0	0.0	4300.728213513841	1	0	2	0.5707744022732747
9845.005899746708	1000.0	1361.2285688567379	0.0	0	0.0	4206.234468603446	1	0	2	0.5810582560820001
10623.443141603504	1000.0	1504.947602814263	0.0	0	0.0	4128.390744417768	1	0	2	0.589035370805357
11603.236405436783	1000.0	1427.1750125976546	0.0	0	0.0	4030.4114180344386	1	0	2	0.5982934528605794
12644.050492158005	1000.0	1282.2795172043113	0.0	0	0.0	3926.33000936232	1	0	2	0.6088796480483329
13384.648297296184	1000.0	1467.6219315523165	0.0	0	0.0	3852.2702288485016	1	0	2	0.6169866498339026
14017.374204552962	1000.0	1771.6234335698614	0.0	0	0.0	3788.9976381228244	1	0	2	0.6235578124398184
14512.825832728184	1000.0	2226.626642577119	0.0	0	0.0	3739.4524753053047	1	0	2	0.628826649422834
15930.089059589773	2000.0	1667.6370930293706	0.0	0	0.0	3597.726152619145	1	0	2	0.6399064563451178
16530.809957801357	1000.0	2066.916194817782	0.0	0	0.0	3597.7261526191414	1	0	1	-0.0489469914959236
17328.429944445903	2000.0	2189.534209508781	0.0	0	0.0	3517.9641539546847	1	0	2	0.4500106024795041
18555.362796279736	2000.0	1839.9080724915639	0.0	0	0.0	3395.2708687713002	1	0	2	1.3541257098562274
20228.183569696386	2000.0	999.8052217332499	0.0	0	0.0	3227.988791429638	1	0	2	1.369869907648686
21098.323382276365	1000.0	1129.6654091532712	0.0	0	0.0	3227.988791429638	1	0	1	-0.011973255376972858
21923.698070798222	1000.0	1304.2907206314133	0.0	0	0.0	3227.988791429638	1	0	1	0.8811739251829724
22881.91225947089	1000.0	1346.0765319587422	0.0	0	0.0	3227.988791429634	1	0	1	0.8811739251829729
23597.632418280486	1000.0	1558.7843572681836	0.0	0	0.0	3156.4167755486706	1	0	2	0.4865564487787628
24710.93773995647	1000.0	1334.1485034246025	0.0	0	0.0	3045.086243381076	1	0	2	0.696599907224789
25834.632935682897	1000.0	1098.0837881255275	0.0	0	0.0	2932.716723808433	1	0	2	0.7080198670668526
26803.351365635175	1000.0	1129.3653581732533	0.0	0	0.0	2932.716723808433	1	0	1	0.7107011319450928
27787.95788451165	1000.0	1144.7588392967768	0.0	0	0.0	2932.7167238084294	1	0	1	0.9107011319450932
28597.70659531991	1000.0	1335.0101284885177	0.0	0	0.0	2932.7167238084294	1	0	1	0.9107011319450932
29486.466907676964	1000.0	1446.249816131467	0.0	0	0.0	2932.7167238084294	1	0	1	0.9107011319450932
30295.06631462198	1000.0	1637.6504091864526	0.0	0	0.0	2932.7167238084257	1	0	1	0.9107011319450936
31058.075961378192	1000.0	1874.640762430241	0.0	0	0.0	2932.716723808422	1	0	1	0.910701131945094
32661.984317278115	2000.0	1110.3415709403212	0.0	0	0.0	2772.3258882184273	1	0	2	0.5217791710502637
33308.64381373248	1000.0	1463.6820744859526	0.0	0	0.0	2772.3258882184273	1	0	1	0.0335930349441485
34539.18803152194	1000.0	1233.1378566964984	0.0	0	0.0	2772.325888218431	1	0	1	0.9267402155040935
35501.74677110182	1000.0	1270.5791171166202	0.0	0	0.0	2772.325888218438	1	0	1	0.9267402155040929
36041.936345096816	1000.0	1730.3895431216183	0.0	0	0.0	2772.325888218438	1	0	1	0.9267402155040925
37164.54594712309	2000.0	1495.5189808927119	0.0	0	0.0	2660.064928015803	1	0	2	0.5352170534255836
38478.022755967395	2000.0	1050.694491163978	0.0	0	0.0	2528.717247131368	1	0	2	1.440850130209858
40375.96026773594	2000.0	200.0	215.4879743467471	0	0.0	2575.9602677359435	1	0	2	0.1557400846264858
41105.5130617439	1000.0	668.2741470468787	197.82694105483452	0	0.0	2773.7872087907745	1	0	1	-1.1535147434420936
42009.814460378075	1000.0	763.9727484126981	0.0	0	0.0	2773.7872087907745	1	0	1	0.9265940834468588
42785.56854141382	1000.0	988.2186673769527	0.0	0	0.0	2773.7872087907745	1	0	1	0.9265940834468588
43408.57686693339	1000.0	1365.2103418573781	0.0	0	0.0	2773.7872087907745	1	0	1	0.9265940834468588
44234.83251013035	1000.0	1538.954698660416	0.0	0	0.0	2773.7872087907745	1	0	1	0.9265940834468588
45240.71561446175	1000.0	1533.0715943290204	0.0	0	0.0	2773.7872087907817	1	0	1	0.926594083446858
45996.55176916468	1000.0	1777.2354396260826	0.0	0	0.0	2773.7872087907817	1	0	1	0.926594083446858
47043.738772946155	1000.0	1730.0484358446095	0.0	0	0.0	2773.7872087907817	1	0	1	0.926594083446858
47803.04066713359	1000.0	1970.7465416571767	0.0	0	0.0	2773.7872087907817	1	0	1	0.926594083446858
49239.68830488706	2000.0	1390.4341401283586	0.0	0	0.0	2630.122445015426	1	0	2	0.5366982068139998
50213.70396885511	2000.0	1319.0169097635005	0.0	0	0.0	2532.7208786186166	1	0	2	1.4412096101365508
50960.082229380816	1000.0	1572.638649237793	0.0	0	0.0	2532.720878618624	1	0	1	0.05755353590412832
51890.326512294494	2000.0	1549.3699380327482	0.0	0	0.0	2439.696450327254	1	0	2	0.5575619373576799
53259.719358727954	2000.0	1043.03780695595	0.0	0	0.0	2302.7571656839136	1	0	2	1.463087981181428
54221.909292239834	2000.0	984.6288800928753	0.0	0	0.0	2206.5381723327228	1	0	2	1.4739737410844407
55658.64481553121	2000.0	547.8933568014932	0.0	0	0.0	2206.5381723327228	1	0	1	1.476466167652609
56220.341679727164	1000.0	986.1964926055444	0.0	0	0.0	2206.53817233273	1	0	1	0.29017180653271796
58895.57025290574	2000.0	200.0	889.0320805730275	0	0.0	3095.570252905738	1	0	1	-4.401549492745445
59476.82951439926	500.0	699.3893638936395	80.64862538716423	0	0.0	3176.2188782929006	1	0	1	-1.676982377506175
60553.681341316995	1000.0	622.5375369759039	0.0	0	0.0	3176.2188782929006	1	0	1	0.19320373593670068
62100.67710867156	1000.0	200.0	124.45823037865776	0	0.0	3300.677108671567	1	0	1	0.1295214453177631
62723.41547773941	500.0	691.5103576039755	160.47505779873123	0	0.0	3414.9258353433834	1	0	2	-1.8879722345058827
63997.057342319786	1000.0	417.8684930235977	0.0	0	0.0	3414.9258353433834	1	0	1	-0.030666959768347823
65235.45142849673	1000.0	369.8032739504352	190.32886710377915	0	0.0	3605.254702447164	1	0	1	-0.2985258685414549
65775.79930056783	500.0	775.4206146722378	0.0	0	0.0	3551.219915240057	1	0	2	-0.93874017162483
67208.35698908589	1000.0	342.86292615418006	0.0	0	0.0	3551.21991524005	1	0	1	-0.04429636775801493
67670.29448018935	500.0	834.7316859403662	0.0	0	0.0	3505.02616612969	1	0	2	-0.9339418638687603
68639.97650734731	1000.0	865.0496587824102	0.0	0	0.0	3505.0261661297045	1	0	1	-0.039676992846979536
69788.21878266183	1000.0	716.8073834678869	0.0	0	0.0	3505.0261661296972	1	0	1	0.8534701877129665
70747.32538110054	500.0	661.790125185304	0.0	0	0.0	3409.115506285816	1	0	2	-0.9252245390295999
71819.41763882975	1000.0	589.6978674560936	0.0	0	0.0	3409.115506285816	1	0	1	-0.030085926862590984
72475.68477680966	500.0	867.8040156781962	0.0	0	0.0	3343.4887924878276	1	0	2	-0.9183783261781865
73746.34394226417	1000.0	597.1448502236813	0.0	0	0.0	3343.4887924878276	1	0	1	-0.02352325548279227
75273.76387741567	1000.0	200.0	130.27508492781547	0	0.0	3473.7638774156367	1	0	1	0.08055456496621129
75799.22265888345	500.0	777.5300347336491	141.39517668019056	0	0.0	3576.752693617076	1	0	2	-1.7893426811059396
76742.22581045938	1000.0	834.5268831577124	0.0	0	0.0	3576.752693617076	1	0	1	-0.04684964559571697
77905.54436636061	1000.0	671.2083272564668	0.0	0	0.0	3576.752693617076	1	0	1	0.8462975349642285
78706.60137941572	1000.0	870.1513142013464	0.0	0	0.0	3576.752693617076	1	0	1	0.8462975349642285
79451.7958434442	1000.0	1124.956850172854	0.0	0	0.0	3576.7526936170616	1	0	1	0.84629753496423
80480.75050826585	1000.0	1096.0021853511912	0.0	0	0.0	3576.7526936170616	1	0	1	0.84629753496423
81669.76601647901	1000.0	906.9866771380262	0.0	0	0.0	3576.7526936170616	1	0	1	0.84629753496423
82374.80082413481	1000.0	1201.95186948221	0.0	0	0.0	3576.7526936170616	1	0	1	0.84629753496423
83625.16799461446	1000.0	951.5846990025829	0.0	0	0.0	3576.752693617076	1	0	1	0.8462975349642285
85595.94315292068	1000.0	200.0	219.1904593036611	0	0.0	3795.9431529207213	1	0	1	-0.4743679204434105
86371.17095996026	500.0	580.192171377636	155.41997841722608	0	0.0	3951.3631313379447	1	0	1	-1.5099777404311054
86771.66959778282	500.0	1139.6436697728295	0.0	0	0.0	3911.3132675557135	1	0	2	-0.2809992851041365
87371.5722563667	1000.0	1539.741011188957	0.0	0	0.0	3911.3132675557135	1	0	1	-0.08030570298958079
87876.59425493053	1000.0	1984.2168127687314	0.0	0	0.0	3860.8110676993383	1	0	2	0.41660547121057645
89321.62547414302	2000.0	1394.6824716350086	0.0	0	0.0	3716.307945778113	1	0	2	0.6280988025914013
90222.8412012638	1000.0	1403.3451718021424	0.0	0	0.0	3626.1863730660552	1	0	2	-0.05414844293003074
91169.0209924508	1000.0	1362.5474014964425	0.0	0	0.0	3531.568393947353	1	0	2	0.6484518820774148
91916.05954354236	1000.0	1540.8049952957385	0.0	0	0.0	3456.864538838214	1	0	2	0.6568018989557431
92647.07064690194	1000.0	1736.692781600196	0.0	0	0.0	3383.7634285022505	1	0	2	0.6637580952904175
93452.76203027515	1000.0	1850.4322598896795	0.0	0	0.0	3303.1942901649454	1	0	2	0.6715021330246553
94656.37082799822	2000.0	1526.4625823942995	0.0	0	0.0	3182.833410392661	1	0	2	0.6826351500711394
95896.2389591748	1000.0	1162.6076381000667	0.0	0	0.0	3058.8465972750128	1	0	2	0.0012868987401989662
97026.99505303372	1000.0	1031.851544241157	0.0	0	0.0	3058.8465972750128	1	0	1	0.6980881445984346
97959.94166900277	1000.0	1098.9049282721098	0.0	0	0.0	3058.8465972750128	1	0	1	0.8980881445984348
98865.29566563746	1000.0	1193.5509316374305	0.0	0	0.0	3058.8465972750128	1	0	1	0.8980881445984348
99730.52936640703	1000.0	1328.3172308678459	0.0	0	0.0	3058.8465972750128	1	0	1	0.8980881445984348
100319.05392915348	1000.0	1739.792668121393	0.0	0	0.0	3058.846597274998	1	0	1	0.8980881445984363
102023.42145572	2000.0	864.9883888982201	0.0	0	0.0	2888.4098446183343	1	0	2	0.5109006032541152
102848.13323468743	1000.0	1040.2766099308026	0.0	0	0.0	2888.409844618349	1	0	1	0.021984639304155895
103447.38873642549	1000.0	1441.0211081927405	0.0	0	0.0	2888.409844618349	1	0	1	0.9151318198641013
104048.83567950757	1000.0	1839.574165110678	0.0	0	0.0	2888.409844618349	1	0	1	0.9151318198641013
105949.36933967295	2000.0	748.9871389287455	0.0	0	0.0	2698.356478601825	1	0	2	0.5292577266049554
106965.26947609591	1000.0	733.0870025057827	0.0	0	0.0	2698.356478601825	1	0	1	0.04098997590580822
107761.79314732505	1000.0	936.5633312766411	0.0	0	0.0	2698.356478601825	1	0	1	0.9341371564657536
108666.24954859323	1000.0	1032.1069300084573	0.0	0	0.0	2698.356478601825	1	0	1	0.9341371564657536
110026.4815396157	1000.0	671.8749389859872	0.0	0	0.0	2698.356478601825	1	0	1	0.9341371564657536
111204.72593814139	1000.0	493.6305404603067	0.0	0	0.0	2698.3564786018396	1	0	1	0.9341371564657521
112489.58155170115	1000.0	312.80237727054885	104.02745037002066	0	0.0	2802.38392897186	1	0	1	0.2995697092086262
113198.32230487095	500.0	614.0067741783544	73.47202308596565	0	0.0	2812.3290790494357	1	0	2	-1.3061281714065445
114031.52272008092	500.0	697.4863174474008	0.0	0	0.0	2729.0090375284635	1	0	2	0.035730815599430296
115302.30457351121	1000.0	452.3901179314653	25.685653914351263	0	0.0	2754.6946914428117	1	0	1	-0.11875776886439807
116309.92429127017	1000.0	522.189615886997	77.41921571451215	0	0.0	2832.1139071573125	1	0	1	0.4562461193231321
117373.13112087252	1000.0	458.98278628464254	0.0	0	0.0	2832.113907157298	1	0	1	0.9207614136102065
119215.01621549024	1000.0	200.0	582.9023083330518	0	0.0	3415.0162154903664	1	0	1	-2.625284149017866
119833.3295812018	500.0	689.8947454363783	154.58131610829167	0	0.0	3523.2243266383302	1	0	2	-1.863477206697457
120545.2346678578	500.0	906.7991501147741	0.0	0	0.0	3452.0338179727405	1	0	2	-0.03615103029351953
121406.13746224726	1000.0	1045.8963557253169	0.0	0	0.0	3452.033817972726	1	0	1	-0.03437775803128207
122435.59393576103	1000.0	1016.4398822115398	0.0	0	0.0	3452.033817972726	1	0	1	0.8587694225286635
123479.90947867307	1000.0	972.1243392995038	0.0	0	0.0	3452.033817972726	1	0	1	0.8587694225286635
124268.40904519166	1000.0	1183.6247727809218	0.0	0	0.0	3452.033817972726	1	0	1	0.8587694225286635
125051.2551969554	1000.0	1400.7786210171707	0.0	0	0.0	3452.0338179727405	1	0	1	0.8587694225286622
125906.68746319154	1000.0	1545.3463547810288	0.0	0	0.0	3452.033817972755	1	0	1	0.8587694225286607
127033.06932013284	1000.0	1418.964497839736	0.0	0	0.0	3452.033817972755	1	0	1	0.8587694225286607
128059.01737639125	1000.0	1290.421635955484	0.0	0	0.0	3349.4390123469057	1	0	2	0.4666895845627675
129129.14664919817	1000.0	1113.2794358678698	0.0	0	0.0	3242.4260850662104	1	0	2	0.6770366192444841
129972.17082708904	1000.0	1185.9528401879274	0.0	0	0.0	3158.123667277134	1	0	2	0.6862687651086968
130750.17706179417	1000.0	1330.145982012283	0.0	0	0.0	3080.3230438066093	1	0	2	0.6936107869325406
131746.1889801183	1000.0	1234.5328718557384	0.0	0	0.0	2980.7218519742164	1	0	2	0.7034131230486338
132748.39358467085	1000.0	1132.1078068479358	0.0	0	0.0	2880.501391518934	1	0	2	0.7133732481351678
133794.09457878247	1000.0	1086.4068127362812	0.0	0	0.0	2880.5013915189047	1	0	1	0.7159226651740445
135055.6365283016	1000.0	824.864863217176	0.0	0	0.0	2880.50139151889	1	0	1	0.9159226651740472
135860.63771222095	1000.0	1019.8636792978094	0.0	0	0.0	2880.50139151889	1	0	1	0.9159226651740472
136449.6387048348	1000.0	1430.8626866839477	0.0	0	0.0	2880.501391518861	1	0	1	0.9159226651740502
137025.07031243917	1000.0	1855.4310790795912	0.0	0	0.0	2880.501391518861	1	0	1	0.9159226651740502
137861.48334446826	1000.0	2019.0180470505304	0.0	0	0.0	2880.501391518861	1	0	1	0.9159226651740502
138523.79566542018	1000.0	2356.7057260985875	0.0	0	0.0	2880.501391518861	1	0	1	0.9159226651740502
140616.39615314937	2000.0	1054.8451895965052	0.0	0	0.0	2671.2413427459833	1	0	2	0.5317867682288278
141893.79390558126	1000.0	777.4474371646243	0.0	0	0.0	2671.2413427459833	1	0	1	0.04370148949139252
142686.9308781485	1000.0	984.3104645973996	0.0	0	0.0	2671.241342745954	1	0	1	0.9368486700513408
143880.15720170882	1000.0	791.0841410370726	0.0	0	0.0	2671.241342745954	1	0	1	0.9368486700513408
145413.29859201895	1000.0	257.94275072693915	0.0	0	0.0	2671.241342745954	1	0	1	0.9368486700513408
146277.92820097602	1000.0	563.5512434648022	170.2381016949314	0	0.0	2841.479444440891	1	0	1	-0.10160375028774138
147215.70670945704	1000.0	625.7727349837772	0.0	0	0.0	2841.479444440891	1	0	1	0.919824859881847
148086.40785581694	1000.0	755.0715886238945	0.0	0	0.0	2841.479444440891	1	0	1	0.919824859881847
148940.1734471071	1000.0	901.3059973337096	0.0	0	0.0	2841.479444440891	1	0	1	0.919824859881847
149670.80050706046	1000.0	1170.6789373803485	0.0	0	0.0	2841.479444440891	1	0	1	0.919824859881847
150881.82633862272	1000.0	959.653105818075	0.0	0	0.0	2841.479444440891	1	0	1	0.919824859881847
151938.34246337714	1000.0	903.1369810636569	0.0	0	0.0	2841.479444440891	1	0	1	0.919824859881847
153062.06238417112	1000.0	779.4170602696399	0.0	0	0.0	2841.4794444408617	1	0	1	0.9198248598818501
154414.18551704683	1000.0	427.2939273939212	0.0	0	0.0	2841.479444440891	1	0	1	0.919824859881847
155381.21170025488	1000.0	490.96688043534624	30.699136249457723	0	0.0	2872.17858069035	1	0	1	0.7325601287601549
156727.9655114247	1000.0	301.8997474879972	157.6866782224938	0	0.0	3029.865258912847	1	0	1	-0.045133790900311166
157566.06756706085	500.0	525.5154235256181	132.29812476124562	0	0.0	3091.5829905866412	1	0	2	-1.6874393417568958
158331.67069686472	500.0	683.3519807413463	0.0	0	0.0	3015.0226776062336	1	0	2	0.007395549352737639
158862.1854438628	500.0	1099.7857590434699	0.0	0	0.0	2961.971202906454	1	0	2	0.013370480229302116
159854.6525906217	1000.0	1107.3186122845982	0.0	0	0.0	2961.971202906454	1	0	1	0.014628503475345167
160838.64612728448	1000.0	1123.3250756218238	0.0	0	0.0	2961.971202906454	1	0	1	0.9077756840352907
161861.732934473	1000.0	1100.2382684333245	0.0	0	0.0	2961.971202906454	1	0	1	0.9077756840352907
162336.1535766564	1000.0	1625.8176262499167	0.0	0	0.0	2961.971202906454	1	0	1	0.9077756840352907
162858.2505433422	1000.0	2103.7206595641287	0.0	0	0.0	2961.971202906454	1	0	1	0.9077756840352907
163947.82825687513	2000.0	1905.1851746779444	0.0	0	0.0	2853.013431553205	1	0	2	0.5156566197955396
165066.19536900104	2000.0	1674.9813513394486	0.0	0	0.0	2741.1767203405907	1	0	2	1.4197837307562933
166044.03843622122	2000.0	1599.3539773972686	0.0	0	0.0	2643.392413618567	1	0	2	1.4305495974694487
167362.20226566633	2000.0	1149.373765007623	0.0	0	0.0	2511.576030674012	1	0	2	1.4423367081454281
168405.93297010916	2000.0	1001.2699901205203	0.0	0	0.0	2407.2029602297407	1	0	2	1.4534733323861506
169237.37164233168	1000.0	1169.8313178980247	0.0	0	0.0	2407.2029602297116	1	0	1	0.07010532774301975
169962.44243138385	1000.0	1444.7605288458453	0.0	0	0.0	2407.2029602296825	1	0	1	0.9632525083029679
171078.9551027332	1000.0	1328.2478574964807	0.0	0	0.0	2407.2029602297116	1	0	1	0.9632525083029657
172265.19665029616	1000.0	1142.006309933538	0.0	0	0.0	2407.2029602297116	1	0	1	0.963252508302965
173124.92468449054	1000.0	1282.278275739157	0.0	0	0.0	2407.2029602297116	1	0	1	0.963252508302965
174267.7422998414	1000.0	1139.4606603883144	0.0	0	0.0	2407.2029602297407	1	0	1	0.963252508302962
175149.25374992425	1000.0	1257.949210305453	0.0	0	0.0	2407.20296022977	1	0	1	0.9632525083029592
175993.2818545057	1000.0	1413.9211057239752	0.0	0	0.0	2407.20296022977	1	0	1	0.9632525083029592
176869.4762404092	1000.0	1537.726719820467	0.0	0	0.0	2407.2029602297407	1	0	1	0.9632525083029608
177877.5724301684	1000.0	1529.6305300612537	0.0	0	0.0	2407.2029602297407	1	0	1	0.963252508302962
178993.53973298648	1000.0	1413.6632272431777	0.0	0	0.0	2407.2029602297116	1	0	1	0.963252508302965
179588.87103060764	1000.0	1818.3319296220448	0.0	0	0.0	2407.2029602297407	1	0	1	0.963252508302962
180369.6671384898	1000.0	2037.5358217398964	0.0	0	0.0	2407.2029602297407	1	0	1	0.963252508302962
181444.42504199562	2000.0	1855.3021278835113	0.0	0	0.0	2299.7271698791883	1	0	2	0.5710321764923298
182618.7654618344	2000.0	1563.5276660608322	0.0	0	0.0	2182.293127895333	1	0	2	1.475818871324203
184123.3428843065	2000.0	908.4925013415125	0.0	0	0.0	2031.8353856480971	1	0	2	1.4903345736563458
184771.63030400753	1000.0	1260.2050816404974	0.0	0	0.0	2031.8353856480971	1	0	1	0.10764208520117996
185348.32949168357	1000.0	1683.5058939644312	0.0	0	0.0	2031.8353856480971	1	0	1	1.0007892657611264
186415.67647758216	2000.0	1616.1589080658398	0.0	0	0.0	2031.8353856480971	1	0	1	1.0007892657611264
187260.12598367775	2000.0	1687.2644513606976	0.0	0	0.0	1947.390435038542	1	0	2	1.3002386844679732
188643.43344077122	2000.0	1165.626248557907	0.0	0	0.0	1809.0596893291804	1	0	2	1.5120084073153435
189704.75894135158	1000.0	1104.3007479775463	0.0	0	0.0	1809.0596893291804	1	0	1	0.12991965483307294
190543.1279965979	1000.0	1265.9316927312407	0.0	0	0.0	1809.0596893292095	1	0	1	1.0230668353930152
191652.936393128	1000.0	1156.123296201123	0.0	0	0.0	1809.0596893292095	1	0	1	1.0230668353930152
192408.58461465302	1000.0	1400.4750746761051	0.0	0	0.0	1809.0596893291804	1	0	1	1.0230668353930181
193200.0	1000.0	1609.0596893291267	0.0	0	20.554635609703837	1809.0596893291804	1	0	1	1.0230668353930181
194200.0	1000.0	1609.059689329154	0.0	0	379.3588384591276	1809.0596893291804	1	0	1	1.0230668353930181
195200.0	1000.0	1609.0596893291236	0.0	0	108.08936517732218	1809.0596893291804	1	0	1	1.0230668353930181
196200.0	1000.0	1609.0596893291286	0.0	0	323.2867663485522	1809.0596893291513	1	0	1	1.0230668353930206
197497.8273052503	2000.0	1311.2323840788338	0.0	0	0.0	1809.0596893291513	1	0	1	1.023066835393021
198690.27136613432	2000.0	1118.7883231948363	0.0	0	0.0	1809.0596893291222	1	0	1	1.716214015952969
199714.90837848833	2000.0	1094.1513108408076	0.0	0	0.0	1809.0596893291513	1	0	1	1.7162140159529677
200941.2955393062	2000.0	867.7641500229288	0.0	0	0.0	1809.0596893291222	1	0	1	1.716214015952969
202156.06241985378	2000.0	652.9972694753093	0.0	0	0.0	1809.0596893291222	1	0	1	1.716214015952969
203391.5950869546	2000.0	425.27613539129635	7.811533016801263	0	0.0	1816.8712223459152	1	0	1	1.6685636645504824
204933.27821171426	2000.0	247.9451370332508	364.35212640158534	0	0.0	2181.2233487475314	1	0	1	-0.505956497006824
205611.08787521414	1000.0	666.5228384534071	96.38736491999904	0	0.0	2277.6107136675564	1	0	1	-0.29525963712075876
207162.54905997508	1000.0	200.0	84.93834630751596	0	0.0	2362.5490599750774	1	0	1	0.45986009098045133
207861.3387042895	500.0	715.8283038623139	214.61794817671543	0	0.0	2577.167008151795	1	0	1	-1.727745946669427
208989.57257666218	1000.0	587.5944314896317	0.0	0	0.0	2577.167008151795	1	0	1	0.2531089229508112
210209.50244914275	1000.0	367.970190120936	0.30563111189667325	0	0.0	2577.472639263695	1	0	1	0.9443917537281867
211722.30918513692	1000.0	259.3493597262382	404.1859055994562	0	0.0	2981.6585448631668	1	0	1	-1.5192648382221012
212189.91107079756	500.0	791.7474740655966	0.0	0	0.0	2981.6585448631668	1	0	1	-0.4804874112802715
213301.261326814	1000.0	680.3972180491554	0.0	0	0.0	2981.6585448631668	1	0	1	0.21265976927967398
214587.75026450254	1000.0	393.90828036062135	0.0	0	0.0	2981.6585448631668	1	0	1	0.9058069498396194
215491.79753835607	1000.0	546.1349855624098	56.27397905528983	0	0.0	3037.9325239184545	1	0	1	0.5625356776023518
216635.25610558418	1000.0	402.67641833429184	0.0	0	0.0	3037.9325239184545	1	0	1	0.9001795519340907
217844.254767798	1000.0	405.7428074374517	212.06505131700197	0	0.0	3249.997575235466	1	0	1	-0.39341726109962244
218881.66354230148	1000.0	383.0891190924044	14.755086158423921	0	0.0	3264.752661393897	1	0	1	0.7889670212360046
219901.22895389237	500.0	516.8749698576826	232.09800319565767	0	0.0	3418.1039237500518	1	0	2	-2.3187278361708668
220433.51410204035	500.0	931.3613068949059	0.0	0	0.0	3364.875408935244	1	0	2	-0.027049456134998554
221805.3254158989	1000.0	559.5499930363502	0.0	0	0.0	3364.875408935244	1	0	1	-0.025661917127533906
223026.54743453208	1000.0	338.32797440317813	0.0	0	0.0	3364.8754089352733	1	0	1	0.8674852634324088
224330.63286116518	1000.0	200.0	165.75745222991495	0	0.0	3530.6328611652134	1	0	1	-0.14271164976862644
224953.06520516405	500.0	726.8833487783658	192.32629743375603	0	0.0	3679.948553942435	1	0	2	-2.105514754293877
225961.78270037947	1000.0	718.1658535629487	0.0	0	0.0	3679.948553942435	1	0	1	-0.05716923162825294
227203.0435177283	1000.0	476.90503621412915	0.0	0	0.0	3679.948553942435	1	0	1	0.8359779489316926
227867.92059800806	1000.0	812.0279559343973	0.0	0	0.0	3679.948553942435	1	0	1	0.8359779489316926
228632.02759968143	1000.0	1047.9209542610547	0.0	0	0.0	3679.948553942464	1	0	1	0.8359779489316899
229408.08660280285	1000.0	1271.8619511396514	0.0	0	0.0	3679.948553942435	1	0	1	0.8359779489316926
230332.1134680263	1000.0	1347.8350859162476	0.0	0	0.0	3679.948553942435	1	0	1	0.8359779489316926
231445.51516817717	1000.0	1234.4333857654028	0.0	0	0.0	3679.948553942435	1	0	1	0.8359779489316926
232200.4782815317	1000.0	1403.9739610754596	0.0	0	0.0	3604.4522426069598	1	0	2	0.44147363651097327
233193.63737326	1000.0	1311.4989601743475	0.0	0	0.0	3505.136333434144	1	0	2	0.6508080419450696
234672.60705160323	1000.0	684.6323139967824	0.0	0	0.0	3357.2393655998167	1	0	2	0.6639198270963813
235387.1755547763	500.0	898.6069605063909	0.0	0	0.0	3285.7825152824807	1	0	2	-0.7126717347913382
236320.78962466647	1000.0	964.9928906162311	0.0	0	0.0	3285.7825152824807	1	0	1	-0.0177526277622575
236895.5856838708	1000.0	1390.1968314119208	0.0	0	0.0	3285.7825152824807	1	0	1	0.8753945527976881
237585.1864069676	1000.0	1631.6360360054327	0.0	0	0.0	3216.8224429727998	1	0	2	0.4804866027412917
238372.3044907135	1000.0	1765.806143884938	0.0	0	0.0	3138.1106345981825	1	0	2	0.6882596890166716
239457.0148382073	1000.0	1572.6247616417434	0.0	0	0.0	3029.6395998487424	1	0	2	0.6980808907761197
240376.08831617146	1000.0	1561.6439358811858	0.0	0	0.0	2937.7322520523157	1	0	2	0.7079046941650368
241190.8645114429	1000.0	1665.3901210825798	0.0	0	0.0	2856.254632525117	1	0	2	0.7165275545877346
241687.85563197886	1000.0	2118.699888493009	0.0	0	0.0	2806.5555204715056	1	0	2	0.7221070234184719
243137.35439135155	2000.0	1524.251253183037	0.0	0	0.0	2661.6056445342547	1	0	2	0.7340402749816822
245037.5518561298	2000.0	434.0340419269395	0.0	0	0.0	2471.5858980564226	1	0	2	1.4438449056838836
246441.83061130132	1000.0	283.83527188122724	254.07998512579564	0	0.0	2725.665883182548	1	0	1	-1.4862208753070374
247119.42246036546	1000.0	692.3206336801134	86.07721086299932	0	0.0	2811.7430940455233	1	0	1	0.4063352297433879
247615.8164348445	1000.0	1195.9266592010872	0.0	0	0.0	2811.7430940455233	1	0	1	0.9227984949213839
248737.7732495946	1000.0	1073.969844451002	0.0	0	0.0	2811.743094045494	1	0	1	0.922798494921385
249547.15750822454	1000.0	1264.585585821071	0.0	0	0.0	2811.743094045494	1	0	1	0.9227984949213868
250209.6713986312	1000.0	1602.0716954143834	0.0	0	0.0	2811.743094045494	1	0	1	0.9227984949213868
250879.65205675832	1000.0	1932.0910372872868	0.0	0	0.0	2811.743094045494	1	0	1	0.9227984949213868
252718.53667953788	2000.0	909.3179522297864	0.0	0	0.0	2627.85463176755	1	0	2	0.5356909988564349
253293.15283719788	1000.0	1334.7017945697971	0.0	0	0.0	2627.85463176755	1	0	1	0.04804016058923577
254063.9485552499	1000.0	1563.9060765177894	0.0	0	0.0	2627.85463176755	1	0	1	0.9411873411491811
254707.8116851801	1000.0	1920.0429465876261	0.0	0	0.0	2627.85463176755	1	0	1	0.9411873411491811
256725.45079568215	2000.0	700.6399250353683	0.0	0	0.0	2426.0907207173877	1	0	2	0.5557820788833694
257435.98948758628	1000.0	990.1012331312443	0.0	0	0.0	2426.0907207173877	1	0	1	0.068216551694252
258113.30722517995	1000.0	1312.7834955375583	0.0	0	0.0	2426.0907207173877	1	0	1	0.9613637322541974
259377.1267278321	1000.0	1048.9639928854263	0.0	0	0.0	2426.0907207173877	1	0	1	0.9613637322541974
260452.22207913772	1000.0	973.8686415797869	0.0	0	0.0	2426.0907207173877	1	0	1	0.9613637322541974
261416.9297634361	1000.0	1009.1609572814073	0.0	0	0.0	2426.0907207173877	1	0	1	0.9613637322541974
263038.6151586377	1000.0	387.4755620798047	0.0	0	0.0	2426.0907207173586	1	0	1	0.9613637322541992
263639.04794027825	500.0	787.0427804392401	0.0	0	0.0	2426.0907207173295	1	0	1	-0.4249306288656882
264704.95483653975	1000.0	721.135884177732	0.0	0	0.0	2426.0907207172713	1	0	1	0.2682165516942625
265387.15406030935	1000.0	1038.9366604081438	0.0	0	0.0	2426.0907207172713	1	0	1	0.961363732254209
266403.52455999627	1000.0	1022.5661607211954	0.0	0	0.0	2426.0907207172713	1	0	1	0.961363732254209
268782.0432723742	1000.0	200.0	555.9525516568085	0	0.0	2982.043272373965	1	0	1	-2.414510899832688
269454.35343984846	500.0	640.3363728303091	112.64654030461256	0	0.0	3094.6898126785527	1	0	1	-1.1676697798894855
270021.50347208016	500.0	1016.4713373753857	0.0	0	0.0	3037.974809455336	1	0	2	-0.19419259285372242
270690.1575872837	1000.0	1347.8172221718398	0.0	0	0.0	3037.974809455278	1	0	1	0.007028142820458189
271453.8900253613	1000.0	1584.084784094179	0.0	0	0.0	3037.974809455278	1	0	1	0.9001753233804084
272317.19062176504	1000.0	1720.784187690465	0.0	0	0.0	3037.974809455278	1	0	1	0.9001753233804084
272954.91467461595	1000.0	2083.060134839591	0.0	0	0.0	3037.974809455278	1	0	1	0.9001753233804084
274237.21478544304	2000.0	1672.5300129297402	0.0	0	0.0	2909.7447983724996	1	0	2	0.5089705675929602
275208.8367221755	1000.0	1700.90807619738	0.0	0	0.0	2909.7447983724996	1	0	1	0.019851143928740933
276093.7678410218	1000.0	1815.9769573510937	0.0	0	0.0	2909.744798372558	1	0	1	0.9129983244886803
277071.14787577704	1000.0	1740.858919120391	0.0	0	0.0	2812.0067948970245	1	0	2	0.5205140372776046
277844.9810091739	1000.0	1889.6424723838209	0.0	0	0.0	2734.623481557297	1	0	2	0.728585910411529
278604.89339706954	1000.0	2053.73884569857	0.0	0	0.0	2658.632242767664	1	0	2	0.7363248082699878
280456.2650262618	2000.0	1017.2300535870447	0.0	0	0.0	2473.4950798483333	1	0	2	0.7505251034536904
281268.34732059925	1000.0	1205.1477592496494	0.0	0	0.0	2473.4950798483915	1	0	1	0.06347611578115164
282046.24176644953	1000.0	1427.2533133993893	0.0	0	0.0	2473.4950798483915	1	0	1	0.956623296341097
282657.801980572	1000.0	1815.6930992769749	0.0	0	0.0	2473.4950798483915	1	0	1	0.956623296341097
283580.67577689723	1000.0	1892.819302951766	0.0	0	0.0	2473.4950798483915	1	0	1	0.956623296341097
284434.2423077331	1000.0	2039.252772115885	0.0	0	0.0	2473.4950798483333	1	0	1	0.9566232963411028
285408.81926471257	1000.0	2064.675815136456	0.0	0	0.0	2473.495079848275	1	0	1	0.9566232963411087
287032.4947242194	2000.0	1278.632809678953	0.0	0	0.0	2311.127533897583	1	0	2	0.5687594358242796
288014.17130447633	1000.0	1198.7885713963128	0.0	0	0.0	2212.959875871893	1	0	2	0.08630068801112264
289149.2597765972	1000.0	1063.7000992755088	0.0	0	0.0	2212.959875871893	1	0	1	0.7826768167387467
290027.8207468644	1000.0	1185.1391290083266	0.0	0	0.0	2212.959875871893	1	0	1	0.9826768167387468
290946.3341573083	1000.0	1266.625718564433	0.0	0	0.0	2212.959875871893	1	0	1	0.9826768167387468
291585.2222135504	1000.0	1627.7376623223377	0.0	0	0.0	2212.959875871893	1	0	1	0.9826768167387468
292885.7924826193	1000.0	1327.1673932534281	0.0	0	0.0	2212.959875871951	1	0	1	0.9826768167387411
294003.19928757875	1000.0	1209.7605882940275	0.0	0	0.0	2212.9598758720094	1	0	1	0.9826768167387375
295366.5004110535	1000.0	846.4594648193142	0.0	0	0.0	2212.9598758720676	1	0	1	0.9826768167387294
296209.5408612503	1000.0	1003.419014622448	0.0	0	0.0	2212.9598758720676	1	0	1	0.9826768167387294
296780.56750885065	1000.0	1432.3923670220356	0.0	0	0.0	2212.9598758720676	1	0	1	0.9826768167387294
297428.4981617069	1000.0	1784.4617141657604	0.0	0	0.0	2212.9598758720094	1	0	1	0.9826768167387352
299193.74003859673	2000.0	1019.2198372759415	0.0	0	0.0	2212.959875871951	1	0	1	0.9826768167387412
300456.95820195193	1000.0	756.0016739207816	0.0	0	0.0	2212.959875871951	1	0	1	0.2895296361787959
301396.8880944553	1000.0	816.0717814173934	0.0	0	0.0	2212.959875871951	1	0	1	0.9826768167387411
0.73	0.93	0.96	0.87	0.79	0.9	1.05	1.19	0.73	1.92	1.93	1.85	1.51	2.12	1.98	1.45	1.52	0.93	0.92	1.15	1.1	1.2	1.39	1.07	1.16	0.86	1.54	1.68	1.38	1.39	1.03	1.32	1.84	2.22	2.04	1.1	1.12	1.32	0.92	1.25	1.42	1.08	1.02	1.51	2.03	1.65	1.44	1.93	2.0	1.78	2.0	1.32	1.68	0.87	0.65	1.04	0.92	0.8	0.76	1.07	1.14	1.03	1.0	0.95	0.98	1.07	0.57	0.96	0.76	0.92	0.88	0.64	1.09	0.96	1.18	1.31	1.24	1.05	1.18	1.07	0.88	0.49	0.86	1.62	1.55	1.07	0.98	1.05	1.6	1.74	1.55	0.96	0.78	0.97	1.62	1.14	1.63	1.29	1.67	1.33	1.46	1.41	1.38	1.26	1.15	1.16	0.64	0.86	0.81	0.73	0.63	0.95	1.29	0.9	0.37	0.52	0.82	1.29	1.24	1.11	1.81	1.08	1.02	0.95	1.12	1.22	1.58	0.98	1.32	1.27	1.03	0.96	1.44	1.33	1.36	0.7	0.8	0.97	1.41	1.11	0.79	0.73	0.96	1.36	1.52	1.4	1.08	1.07	0.92	0.83	0.73	0.93	0.96	0.87	0.79	0.9	1.05	1.19	0.73	1.92	1.93	1.85	1.51	2.12	1.98	1.45	1.52	0.93	0.92	1.15	1.1	1.2	1.39	1.07	1.16	0.86	1.54	1.68	1.38	1.39	1.03	1.32	1.84	2.22	2.04	1.1	1.12	1.32	0.92	1.25	1.42	1.08	1.02	1.51	2.03	1.65	1.44	1.93	2.0	1.78	2.0	1.32	1.68	0.87	0.65	1.04	0.92	0.8	0.76	1.07	1.14	1.03	1.0	0.95	0.98	1.07	0.57	0.96	0.76	0.92	0.88	0.64	1.09	0.96	1.18	1.31	1.24	1.05	1.18	1.07	0.88	0.49	0.86	1.62	1.55	1.07	0.98	1.05	1.6	1.74	1.55	0.96	0.78	0.97	1.62	1.14	1.63	1.29	1.67	1.33	1.46	1.41	1.38	1.26	1.15	1.16	0.64	0.86	0.81	0.73	0.63	0.95	1.29	0.9	0.37	0.52	0.82	1.29	1.24	1.11	1.81	1.08	1.02	0.95	1.12	1.22	1.58	0.98	1.32	1.27	1.03	0.96	1.44	1.33	1.36	0.7	0.8	0.97	1.41	1.11	0.79	0.73	0.96	1.36	1.52	1.4	1.08	1.07	0.92	0.83	0.73
1.0	2.0	3.0	4.0	5.0	6.0	7.0	8.0	9.0	10.0	11.0	12.0	13.0	14.0	15.0	16.0	17.0	18.0	19.0	20.0	21.0	22.0	23.0	24.0	25.0	26.0	27.0	28.0	29.0	30.0	31.0	32.0	33.0	34.0	35.0	36.0	37.0	38.0	39.0	40.0	41.0	42.0	43.0	44.0	45.0	46.0	47.0	48.0	49.0	50.0	51.0	52.0	53.0	54.0	55.0	56.0	57.0	58.0	59.0	60.0	61.0	62.0	63.0	64.0	65.0	66.0	67.0	68.0	69.0	70.0	71.0	72.0	73.0	74.0	75.0	76.0	77.0	78.0	79.0	80.0	81.0	82.0	83.0	84.0	85.0	86.0	87.0	88.0	89.0	90.0	91.0	92.0	93.0	94.0	95.0	96.0	97.0	98.0	99.0	100.0	101.0	102.0	103.0	104.0	105.0	106.0	107.0	108.0	109.0	110.0	111.0	112.0	113.0	114.0	115.0	116.0	117.0	118.0	119.0	120.0	121.0	122.0	123.0	124.0	125.0	126.0	127.0	128.0	129.0	130.0	131.0	132.0	133.0	134.0	135.0	136.0	137.0	138.0	139.0	140.0	141.0	142.0	143.0	144.0	145.0	146.0	147.0	148.0	149.0	149.0	150.0	151.0	152.0	153.0	154.0	155.0	156.0	157.0	158.0	159.0	160.0	161.0	162.0	163.0	164.0	165.0	166.0	167.0	168.0	169.0	170.0	171.0	172.0	173.0	174.0	175.0	176.0	177.0	178.0	179.0	180.0	181.0	182.0	183.0	184.0	185.0	186.0	187.0	188.0	189.0	190.0	191.0	192.0	193.0	194.0	195.0	196.0	197.0	198.0	199.0	200.0	201.0	202.0	203.0	204.0	205.0	206.0	207.0	208.0	209.0	210.0	211.0	212.0	213.0	214.0	215.0	216.0	217.0	218.0	219.0	220.0	221.0	222.0	223.0	224.0	225.0	226.0	227.0	228.0	229.0	230.0	231.0	232.0	233.0	234.0	235.0	236.0	237.0	238.0	239.0	240.0	241.0	242.0	243.0	244.0	245.0	246.0	247.0	248.0	249.0	250.0	251.0	252.0	253.0	254.0	255.0	256.0	257.0	258.0	259.0	260.0	261.0	262.0	263.0	264.0	265.0	266.0	267.0	268.0	269.0	270.0	271.0	272.0	273.0	274.0	275.0	276.0	277.0	278.0	279.0	280.0	281.0	282.0	283.0	284.0	285.0	286.0	287.0	288.0	289.0	290.0	291.0	292.0	293.0	294.0	295.0	296.0	297.0	298.0	298.0	299.0
3619.077094763953
