2663.5108691688683	300.0	2000.0	113.38058092696852	0	0.0	2663.5108691688683	1	0	2	-1.3444577288846098
3351.152308264347	2000.0	2381.122704814069	0.0	0	0.0	2732.275013078416	1	0	0	-0.8714660898866018
4747.647873582883	3000.0	1844.9775829636794	0.0	0	0.0	2592.6254565465624	1	0	2	1.0346677707841312
5810.19609096754	3000.0	1676.1745438405565	0.0	0	0.0	2486.370634808096	1	0	2	1.8512110140250642
6504.212249499089	3000.0	1912.7567694558538	0.0	0	0.0	2416.9690189549424	1	0	2	1.858949108006452
7431.691688622533	3000.0	1892.529386420065	0.0	0	0.0	2324.2210750425975	1	0	2	1.8677489815242545
8647.856065183225	3000.0	1554.7485722033043	0.0	0	0.0	2202.60463738653	1	0	2	1.8794751161432173
9536.302668073642	3000.0	1577.4573090238468	0.0	0	0.0	2113.7599770974884	1	0	2	1.889055281305147
10326.059980907485	3000.0	1708.7242649066195	0.0	0	0.0	2034.784245814104	1	0	2	1.897199189688054
11200.0	3000.0	1747.3902439048536	0.0	0	132.3314346058196	1947.3902439048543	1	0	2	1.9048727888825816
12200.0	3000.0	1647.3902439048527	0.0	0	189.26329967438323	1847.3902439048543	1	0	2	1.9144528363654585
13200.0	3000.0	1547.390243904851	0.0	0	200.62671100517946	1747.3902439048525	1	0	2	1.9243391859567924
15189.692439123686	6000.0	557.6978047811659	0.0	0	0.0	1747.3902439048543	1	0	1	1.9278460686035603
16457.56745308362	3000.0	289.8227908212328	0.0	0	0.0	1747.3902439048543	1	0	1	1.4346988880436156
17272.434907007086	2000.0	587.3229724468099	112.36763554904701	0	0.0	1859.7578794538986	1	0	1	0.6314732755380447
18493.729748599377	2000.0	404.60557274261384	38.57744188809727	0	0.0	1898.3353213419941	1	0	1	1.4758218014230982
19426.274551280927	2000.0	525.8590881521139	53.79831809105366	0	0.0	1952.1336394330465	1	0	1	1.3791167123962549
20093.42923236385	2000.0	858.704407069186	0.0	0	0.0	1952.1336394330465	1	0	1	1.7019066209425768
20891.286526535365	2000.0	1060.8471128976694	0.0	0	0.0	1952.1336394330428	1	0	1	1.701906620942577
21738.81304179674	3000.0	1213.3205976362915	0.0	0	0.0	1952.1336394330428	1	0	1	1.7019066209425773
22920.187217044393	3000.0	1031.9464223886393	0.0	0	0.0	1952.1336394330428	1	0	1	2.1073717290507417
24169.693656991054	3000.0	782.4399824419773	0.0	0	0.0	1952.1336394330465	1	0	1	2.1073717290507417
25042.5621391242	3000.0	996.8583485221496	0.0	0	0.0	2039.4204876463664	1	0	0	1.700791677261122
25822.1414768905	3000.0	1217.2790107558485	0.0	0	0.0	2039.4204876463664	1	0	1	1.8986430442294093
26436.193413298934	3000.0	1664.6322679882578	0.0	0	0.0	2100.8256812872096	1	0	0	1.694148070524391
27351.1228478571	3000.0	1841.195776885909	0.0	0	0.0	2192.3186247430276	1	0	0	1.8857268163902667
28215.41518586173	3000.0	2063.332672681742	0.0	0	0.0	2278.747858543491	1	0	0	1.8770177423289254
29259.06082069042	3000.0	2124.0516013359174	0.0	0	0.0	2383.1124220263628	1	0	0	1.8672620431137854
31035.151538219652	3000.0	1170.3518120537647	0.0	0	0.0	2205.5033502734404	1	0	2	1.4777352598967344
32094.762486963824	3000.0	1216.7019581840088	0.0	0	0.0	2311.46444514786	1	0	0	1.4741502061859288
33582.929075513486	3000.0	877.3520284893069	0.0	0	0.0	2460.2811040028246	1	0	0	1.860498258604196
34433.145640449206	2000.0	1027.135463553592	0.0	0	0.0	2460.281104002832	1	0	1	1.0456267663774341
35167.961781820704	2000.0	1292.3193221820966	0.0	0	0.0	2460.281104002832	1	0	1	1.6510918744855982
36159.541609281965	2000.0	1399.8974774669603	0.0	0	0.0	2559.4390867489565	1	0	0	1.2437891087835111
36696.96998112479	2000.0	1916.2119428084184	0.0	0	0.0	2613.18192393324	1	0	0	1.4369587265769552
37523.674085720275	3000.0	2172.178248672488	0.0	0	0.0	2695.852334392788	1	0	0	1.4295723811126988
38996.89759027951	3000.0	1551.6323936573444	0.0	0	0.0	2548.5299839368745	1	0	2	1.4430752258340382
40223.76521446999	2000.0	1202.07800704781	0.0	0	0.0	2425.8432215178327	1	0	2	1.0462884466081697
41104.24089360297	2000.0	1233.5547600015368	0.0	0	0.0	2337.7956536045313	1	0	2	1.461121571370752
41793.183824426684	3000.0	1544.6118291778262	0.0	0	0.0	2337.7956536045313	1	0	1	1.463340419525428
42730.34629587102	3000.0	1701.1656048779216	0.0	0	0.0	2431.511900748963	1	0	0	1.661663489235021
43402.088089027566	3000.0	2096.5979910370374	0.0	0	0.0	2498.6860800646173	1	0	0	1.8544336105126749
44973.48298707179	3000.0	1368.0636031883857	0.0	0	0.0	2341.5465902601863	1	0	2	1.4628754301909672
46251.27394414041	2000.0	1090.272646119764	0.0	0	0.0	2341.5465902601936	1	0	1	1.0575002177516972
47162.26950746946	2000.0	1088.1775264578155	0.0	0	0.0	2250.4470339272884	1	0	2	1.2697679148335688
47731.93241108995	2000.0	1575.480913199381	0.0	0	0.0	2307.4133242893367	1	0	0	1.0676821449991603
48644.34424399083	3000.0	1663.0690802984939	0.0	0	0.0	2307.4133242893367	1	0	1	1.4663786524569478
49260.31769298084	3000.0	1985.4982864094916	0.0	0	0.0	2245.815979390347	1	0	2	1.676402344068971
50287.58023119856	3000.0	1855.509494369996	0.0	0	0.0	2143.0897255685777	1	0	2	1.8854642406815965
51215.7113403539	3000.0	1834.5652742991342	0.0	0	0.0	2050.2766146530485	1	0	2	1.8952641814130367
52200.0	3000.0	1751.8477486884126	0.0	0	122.61541319722892	1951.8477486884367	1	0	2	1.90409645656883
53257.87304612326	3000.0	1588.1873979528207	0.0	0	0.0	1846.060444076109	1	0	2	1.9149114509326974
54389.76944081476	3000.0	1456.2910032613256	0.0	0	0.0	1846.060444076109	1	0	1	1.9179790485864352
55200.0	3000.0	1646.0604440760803	0.0	0	17.366403880507278	1846.060444076109	1	0	1	2.1179790485864354
56200.0	3000.0	1546.060444076079	0.0	0	472.8209310042803	1746.060444076109	1	0	2	1.7241146342955171
57200.0	3000.0	1446.060444076077	0.0	0	333.597913610065	1646.0604440760944	1	0	2	1.9341278908843766
58200.0	3000.0	1446.0604440760806	0.0	0	268.3450877346695	1646.0604440760944	1	0	1	1.9379790485864365
59375.16197105412	3000.0	1388.414670127372	0.0	0	0.0	1763.5766411815057	1	0	0	1.729089452655311
60873.214359961494	3000.0	890.3622812199956	0.0	0	0.0	1763.5766411815057	1	0	1	1.9262274288758956
61874.008438582205	3000.0	889.5682025992775	0.0	0	0.0	1763.5766411815057	1	0	1	2.1262274288758958
62743.02613488268	3000.0	1020.5505062987967	0.0	0	0.0	1763.5766411815057	1	0	1	2.1262274288758958
63671.488194968704	3000.0	1092.088446212771	0.0	0	0.0	1763.5766411815057	1	0	1	2.1262274288758958
65079.17066447985	3000.0	684.4059767016187	0.0	0	0.0	1763.5766411815057	1	0	1	2.1262274288758958
66316.71577087266	2000.0	446.86087030881674	0.0	0	0.0	1763.576641181513	1	0	1	1.315297212659566
67494.9766798832	2000.0	425.97467441088025	157.37471311261413	0	0.0	1920.9513542941131	1	0	1	0.7607765707807848
68180.8943384817	2000.0	740.0570158123807	0.0	0	0.0	1920.9513542941131	1	0	1	1.7050248494564701
68836.29145739636	2000.0	1084.6598968977255	0.0	0	0.0	1920.9513542941131	1	0	1	1.7050248494564701
69631.94605255345	3000.0	1289.0053017406499	0.0	0	0.0	1920.9513542941277	1	0	1	1.7050248494564686
70307.09649785873	3000.0	1613.8548564353657	0.0	0	0.0	1920.9513542941277	1	0	1	2.110489957564633
71200.0	3000.0	1720.9513542940879	0.0	0	67.3346493581339	1920.9513542941277	1	0	1	2.110489957564633
72614.75889177067	3000.0	1164.7165733463682	0.0	0	0.0	1779.475465117066	1	0	2	1.7208499019490295
73986.1230617066	3000.0	793.3524034104461	0.0	0	0.0	1779.475465117066	1	0	1	1.9246375464823393
75040.8124639212	2000.0	738.6630011958541	0.0	0	0.0	1779.475465117066	1	0	1	1.31370733026601
76057.89587126828	3000.0	721.5795938487959	0.0	0	0.0	1779.4754651170806	1	0	1	1.7191724383741733
76958.01503539401	2000.0	821.4604297230642	0.0	0	0.0	1779.4754651170806	1	0	1	1.3137073302660087
77813.9399165631	2000.0	965.5355485539783	0.0	0	0.0	1779.4754651170806	1	0	1	1.7191724383741733
79183.93679990941	3000.0	732.5383535423069	0.0	0	0.0	1916.4751534517418	1	0	0	1.3090167216892359
80334.72909436503	3000.0	696.8252885322393	0.0	0	0.0	2031.5543828973168	1	0	0	1.9022545413776402
81093.71316597825	2000.0	937.8412169190179	0.0	0	0.0	2031.5543828973168	1	0	1	1.088499438487985
81796.89008717479	3000.0	1234.6642957224608	0.0	0	0.0	2031.5543828973168	1	0	1	1.69396454659615
82530.02753410007	3000.0	1574.8405934897114	0.0	0	0.0	2104.8681275898416	1	0	0	1.6940106607649836
83397.26329940096	3000.0	1794.3284047189088	0.0	0	0.0	2191.5917041199136	1	0	0	1.8856437095155267
84274.7022177617	3000.0	2004.6333781942358	0.0	0	0.0	2279.3355959559703	1	0	0	1.8769766428299872
85479.64502750908	3000.0	1920.1848494215797	0.0	0	0.0	2399.8298769306857	1	0	0	1.865648853779483
86291.83921152545	3000.0	2026.7712470035526	0.0	0	0.0	2318.610458529045	1	0	2	1.4687666655422378
87200.0	3000.0	2027.794379681533	0.0	0	57.797395062530995	2227.7943796815816	1	0	2	1.8771964751952752
88200.0	3000.0	1927.7943796815207	0.0	0	21.197435484762536	2127.7943796815525	1	0	2	1.8871219450494228
89200.0	3000.0	1827.794379681515	0.0	0	121.18530548474519	2027.794379681538	1	0	2	1.8967776699573557
90200.0	3000.0	1727.794379681503	0.0	0	444.757016251795	1927.794379681538	1	0	2	1.9059641058706502
91200.0	3000.0	1627.794379681523	0.0	0	441.74716965096013	1827.7943796815525	1	0	2	1.9159757260281718
94093.95046472288	6000.0	200.0	466.15608504136463	0	0.0	2293.9504647229187	1	0	1	-0.894628304130072
95117.01373402266	2000.0	452.4879262113434	275.5511955111484	0	0.0	2569.5016602340183	1	0	1	-1.1117496428725209
96002.4665397471	2000.0	567.0351204869237	0.0	0	0.0	2569.5016602340183	1	0	1	1.6401698188624794
96832.9254795483	2000.0	736.5761806857175	0.0	0	0.0	2569.5016602340183	1	0	1	1.6401698188624794
97609.48271308353	2000.0	960.0189471504913	0.0	0	0.0	2569.5016602340183	1	0	1	1.6401698188624794
98653.14933942666	2000.0	916.3523208073669	0.0	0	0.0	2569.501660234033	1	0	1	1.640169818862478
99533.4977267218	2000.0	1036.003933512227	0.0	0	0.0	2569.501660234033	1	0	1	1.640169818862478
100211.83137446488	2000.0	1425.5036505434682	0.0	0	0.0	2637.3350250083313	1	0	0	1.23513595429627
100815.06931727023	2000.0	1882.5895020186415	0.0	0	0.0	2697.6588192888594	1	0	0	1.4286884288994381
101503.57827131238	3000.0	2125.229652572294	0.0	0	0.0	2628.8079238846694	1	0	2	1.0324577639193224
102547.33643891195	3000.0	1977.0956682127505	0.0	0	0.0	2524.4321071247105	1	0	2	1.8470124974106532
104332.70749709368	3000.0	1013.1875042128529	0.0	0	0.0	2345.8950013065332	1	0	2	1.8635887691494608
105428.25244431643	2000.0	808.0880622678313	0.0	0	0.0	2236.340506584238	1	0	2	1.0653799401742094
106719.52877063399	2000.0	516.8117359502593	0.0	0	0.0	2236.340506584238	1	0	1	1.4734859342274573
107487.47413574238	2000.0	748.8663708418505	0.0	0	0.0	2236.340506584238	1	0	1	1.6734859342274575
108634.32044930656	2000.0	602.0200572776663	0.0	0	0.0	2236.3405065842235	1	0	1	1.6734859342274588
109608.29329331318	2000.0	628.0472132710577	0.0	0	0.0	2236.3405065842235	1	0	1	1.6734859342274588
110410.85728711894	2000.0	825.4832194653081	0.0	0	0.0	2236.3405065842235	1	0	1	1.6734859342274588
111166.32308708763	2000.0	1070.0174194966253	0.0	0	0.0	2236.3405065842235	1	0	1	1.6734859342274588
111913.38924289576	3000.0	1322.9512636884751	0.0	0	0.0	2236.3405065842235	1	0	1	1.673485934227459
112810.42878856677	3000.0	1515.6156725845744	0.0	0	0.0	2326.044461151323	1	0	0	1.672111918789175
113613.3585348462	3000.0	1792.9789009331046	0.0	0	0.0	2406.3374357792927	1	0	0	1.863982924216335
115124.49810243043	6000.0	1281.839333348874	0.0	0	0.0	2406.3374357792927	1	0	1	1.8619513494161168
116354.53361463165	6000.0	1051.8038211476332	0.0	0	0.0	2406.337435779278	1	0	1	2.7550985299760633
117960.58523040242	3000.0	606.3573669539506	0.0	0	0.0	2566.9425973563193	1	0	0	0.9566054405339883
118694.55910354073	2000.0	872.3834938156306	0.0	0	0.0	2566.9425973563193	1	0	1	1.0349606170420849
120263.61829593586	3000.0	460.23022066000715	0.0	0	0.0	2723.848516595841	1	0	0	1.229477087551306
121044.2253635083	2000.0	679.6231530875585	0.0	0	0.0	2723.848516595841	1	0	1	1.0192700251181326
121790.43540873735	2000.0	933.413107858517	0.0	0	0.0	2723.848516595841	1	0	1	1.6247351332262971
122714.82581406758	3000.0	1009.0227025282973	0.0	0	0.0	2723.8485165958264	1	0	1	1.6247351332262987
123974.19535539277	3000.0	749.6531612030915	0.0	0	0.0	2723.848516595812	1	0	1	2.030200241334465
124807.78234905498	2000.0	916.066167540876	0.0	0	0.0	2723.848516595812	1	0	1	1.2192700251181356
126316.09706308786	3000.0	558.5829249112957	0.0	0	0.0	2874.6799879991013	1	0	0	1.2139506327791503
127147.35445303482	2000.0	727.3255349643325	0.0	0	0.0	2874.6799879990867	1	0	1	1.004186877977808
127773.35713921726	2000.0	1101.3228487818965	0.0	0	0.0	2874.6799879990867	1	0	1	1.6096519860859726
128816.55185608934	3000.0	1162.4476035970151	0.0	0	0.0	2978.999459686296	1	0	0	1.2017916435509735
129620.14601767821	3000.0	1439.2128581670263	0.0	0	0.0	3059.358875845195	1	0	0	1.7984632409610977
130360.11761290421	3000.0	1699.241262941027	0.0	0	0.0	3059.358875845195	1	0	1	1.7966492054095267
131351.28549588314	3000.0	1608.9565916641861	0.0	0	0.0	2960.2420875472744	1	0	2	1.6040282368517937
132211.0273062665	2000.0	1663.2406002424823	0.0	0	0.0	2874.2679065089324	1	0	2	1.001992865366899
133264.15330846232	2000.0	1504.8019978270802	0.0	0	0.0	2768.955306289339	1	0	2	1.4176936771654134
134506.39425668324	2000.0	1138.3369547840848	0.0	0	0.0	2644.7312114672677	1	0	2	1.4291826148425377
135482.58258131123	2000.0	1064.5297976932509	0.0	0	0.0	2547.112379004451	1	0	2	1.4399026570532196
136340.66840782602	1000.0	1206.4439711784714	0.0	0	0.0	2547.112379004451	1	0	1	0.056114385865545735
137040.60770170405	1000.0	1506.5046773004497	0.0	0	0.0	2547.112379004451	1	0	1	0.9492615664254911
138066.4980491407	2000.0	1480.6143298637435	0.0	0	0.0	2547.112379004451	1	0	1	0.9492615664254911
139384.53006124718	2000.0	1030.7791165466322	0.0	0	0.0	2415.3091777938243	1	0	2	1.2521806359308465
140005.60426469322	2000.0	1347.597492755947	0.0	0	0.0	2353.201757449162	1	0	2	1.4602892544657968
140719.5173701805	2000.0	1705.0756978174122	0.0	0	0.0	2424.59306799795	1	0	0	1.0564823672047716
141886.54357209665	3000.0	1654.7521160928745	0.0	0	0.0	2541.2956881895952	1	0	0	1.4462848075702652
143011.73666978543	3000.0	1529.5590184041007	0.0	0	0.0	2541.2956881895952	1	0	1	1.8484555241750866
144224.42756346858	3000.0	1316.868124720951	0.0	0	0.0	2541.2956881895952	1	0	1	2.0484555241750866
145222.70649991653	3000.0	1418.4170819177834	0.0	0	0.0	2641.1235818343703	1	0	0	1.640920010210531
146216.78185206256	3000.0	1523.7492649864055	0.0	0	0.0	2740.531117049046	1	0	0	1.831587331011582
148156.79571640852	3000.0	777.7367870750286	0.0	0	0.0	2934.5325034836424	1	0	0	1.814358624050128
148914.52301839725	2000.0	1020.0094850862798	0.0	0	0.0	2934.5325034836424	1	0	1	0.9982016264293526
149593.87678575082	2000.0	1340.6557177327243	0.0	0	0.0	2934.5325034836424	1	0	1	1.603666734537517
150416.70261214036	2000.0	1435.5473087042305	0.0	0	0.0	2852.2499208446825	1	0	2	1.209889325856772
151347.2381175415	2000.0	1411.9582527630268	0.0	0	0.0	2759.1963703046204	1	0	2	1.418731620288732
151826.2469220477	2000.0	1885.0485678062068	0.0	0	0.0	2711.2954898539465	1	0	2	1.424910772084226
152773.67132164398	3000.0	1842.881728250246	0.0	0	0.0	2616.5530498942826	1	0	2	1.4325873292282973
153986.24627931748	3000.0	1509.0492748094082	0.0	0	0.0	2495.295554126933	1	0	2	1.8500372489554904
155010.89717632355	3000.0	1381.9332881027358	0.0	0	0.0	2392.8304644263117	1	0	2	1.8605851189222684
156124.68198468818	3000.0	1156.7699989016164	0.0	0	0.0	2281.4519835898245	1	0	2	1.8714688238851014
157240.4919513271	3000.0	1152.5410289266142	0.0	0	0.0	2393.0329802537453	1	0	0	1.4661548081020264
158070.90038554228	3000.0	1322.1325947114867	0.0	0	0.0	2393.0329802537453	1	0	1	1.863281794968672
158958.80672693238	3000.0	1523.016887460404	0.0	0	0.0	2481.823614392779	1	0	0	1.6566372712302975
159901.3970727106	3000.0	1674.6855762600135	0.0	0	0.0	2576.0826489706233	1	0	0	1.8473724797958857
160528.76213794338	3000.0	2110.0570175505086	0.0	0	0.0	2638.8191554938967	1	0	0	1.840188129772888
161942.23857710382	6000.0	1696.580578390049	0.0	0	0.0	2638.8191554938967	1	0	1	1.838703177444656
163665.99376686735	6000.0	972.8253886265284	0.0	0	0.0	2638.819155493926	1	0	1	2.731850358004598
164525.39506680553	3000.0	1113.4240886883435	0.0	0	0.0	2638.819155493955	1	0	1	1.345555996884708
166051.45006009276	3000.0	587.3690954011275	0.0	0	0.0	2638.819155493984	1	0	1	2.038703177444648
166801.6872478691	2000.0	837.1319076247984	0.0	0	0.0	2638.819155493984	1	0	1	1.2277729612283181
167855.82852105572	2000.0	782.9906344381625	0.0	0	0.0	2638.819155493955	1	0	1	1.6332380693364859
168608.9774580546	2000.0	1029.8416974392858	0.0	0	0.0	2638.819155493955	1	0	1	1.6332380693364859
169371.89277163724	2000.0	1343.2179152149147	0.0	0	0.0	2715.1106868522184	1	0	0	1.2274310975856562
169912.04072921435	2000.0	1857.0847533955307	0.0	0	0.0	2769.125482609961	1	0	0	1.4215289426174516
171158.71986952	3000.0	1610.4056130898714	0.0	0	0.0	2769.125482609932	1	0	1	1.4202074366248882
171936.27879135837	3000.0	1832.8466912514527	0.0	0	0.0	2769.125482609932	1	0	1	2.025672544733053
173033.23843409595	3000.0	1626.191084240155	0.0	0	0.0	2659.4295183361974	1	0	2	1.6337646846977687
173997.84881428702	3000.0	1565.1196660300018	0.0	0	0.0	2562.968480317126	1	0	2	1.8439880057154825
174747.7562487804	3000.0	1740.2214880872841	0.0	0	0.0	2487.9777368677896	1	0	2	1.851921658845995
175240.2984433555	3000.0	2198.4250740547195	0.0	0	0.0	2438.7235174103116	1	0	2	1.8574614562015488
176200.0	3000.0	2142.753361745822	0.0	0	205.75954364344943	2342.753361745854	1	0	2	1.8649321508695345
177200.0	3000.0	2042.7533617458498	0.0	0	38.07193687913241	2242.753361745883	1	0	2	1.875470162526357
178228.6850651238	3000.0	1911.1997901096906	0.0	0	0.0	2139.8848552335403	1	0	2	1.885986255146285
179573.5999349583	3000.0	1431.7934332917619	0.0	0	0.0	2005.3933682501083	1	0	2	1.8982464460115864
181269.53533242518	3000.0	905.4515755715909	0.0	0	0.0	2174.9869079968194	1	0	0	1.489491326296105
182126.34469001932	2000.0	1048.642217977437	0.0	0	0.0	2174.9869079968485	1	0	1	1.074156185978032
182938.29703369955	2000.0	1317.8851086652364	0.0	0	0.0	2256.182142364909	1	0	0	1.2735546280338463
184588.89841556255	3000.0	832.3438649885113	0.0	0	0.0	2421.242280551174	1	0	0	1.4592269561927482
185230.64960695794	2000.0	1190.5926735930816	0.0	0	0.0	2421.242280551174	1	0	1	1.0495306487225993
185925.43929365787	2000.0	1495.802986893164	0.0	0	0.0	2421.242280551174	1	0	1	1.6549957568307638
186673.9404466225	3000.0	1747.3018339285388	0.0	0	0.0	2421.242280551174	1	0	1	1.654995756830764
188281.0329800822	3000.0	979.5000471228518	0.0	0	0.0	2260.533027205238	1	0	2	1.6713307628258087
189076.31996414214	2000.0	1184.2130630629285	0.0	0	0.0	2260.533027205238	1	0	1	1.0656015740571927
190028.59024118516	3000.0	1327.1698137242406	0.0	0	0.0	2355.760054909566	1	0	0	1.2637182058965446
190963.4536947424	3000.0	1392.3063601670206	0.0	0	0.0	2355.760054909566	1	0	1	1.8670090875030891
191713.2125385425	3000.0	1642.547516366966	0.0	0	0.0	2355.760054909595	1	0	1	2.0670090875030867
192568.3637654565	3000.0	1701.8811667615678	0.0	0	0.0	2270.244932218193	1	0	2	1.6731536562357079
193888.97932793136	3000.0	1381.265604286708	0.0	0	0.0	2270.244932218222	1	0	1	1.8755605997722253
194903.00966149822	2000.0	1367.2352707198809	0.0	0	0.0	2270.244932218222	1	0	1	1.2646303835558945
196395.02683884147	3000.0	1024.4198111109483	0.0	0	0.0	2419.446649952559	1	0	0	1.2587018664549618
196829.324805636	2000.0	1633.5516409958668	0.0	0	0.0	2462.876446631999	1	0	0	1.046490329831229
197348.12793625463	2000.0	2166.6288234390936	0.0	0	0.0	2514.756759693846	1	0	0	1.447013829399055
198207.66060110353	3000.0	2221.142892105274	0.0	0	0.0	2428.8034932089504	1	0	2	1.0520601028548475
199200.0	3000.0	2129.569553319167	0.0	0	90.63677555689355	2329.5695533193066	1	0	2	1.8664263895420778
200291.54191154643	3000.0	1928.8734506181115	0.0	0	0.0	2220.4153621646983	1	0	2	1.8777463158390348
201230.9552929173	3000.0	1895.5187311101433	0.0	0	0.0	2126.474024027586	1	0	2	1.8873946383161213
202200.0	3000.0	1829.5695533191474	0.0	0	24.009516236925265	2029.5695533193357	1	0	2	1.8968768320358615
203248.5787995009	3000.0	1676.1328738681693	0.0	0	0.0	1924.7116733692237	1	0	2	1.9076320898935504
204306.62839625266	3000.0	1512.2783174412193	0.0	0	0.0	1818.906713694043	1	0	2	1.918098242438073
205200.0	3000.0	1529.5695533191379	0.0	0	339.00676958309487	1729.5695533193066	1	0	2	1.9260803691155512
206200.0	3000.0	1429.5695533191335	0.0	0	371.6351466924243	1629.5695533193066	1	0	2	1.935817417686796
207384.7209462894	3000.0	1363.3207016586675	0.0	0	0.0	1748.0416479482374	1	0	0	1.5310864752956372
208374.98907951568	3000.0	1373.0525684323586	0.0	0	0.0	1748.0416479482083	1	0	1	1.9277809281992253
209803.0165213592	3000.0	1087.8278707731542	0.0	0	0.0	1890.8443921325088	1	0	0	1.7169177683648578
210725.15363985792	3000.0	1165.690752274456	0.0	0	0.0	1890.844392132538	1	0	1	1.9135006537807935
211947.6203629831	3000.0	943.224029149253	0.0	0	0.0	1890.844392132538	1	0	1	2.1135006537807923
212943.87436279212	3000.0	946.970029340263	0.0	0	0.0	1890.8443921325088	1	0	1	2.113500653780795
214286.76528913254	3000.0	604.0791029998645	0.0	0	0.0	1890.844392132538	1	0	1	2.1135006537807923
215331.61983023313	2000.0	559.2245618992581	0.0	0	0.0	1890.8443921325088	1	0	1	1.3025704375644658
216589.42395939393	2000.0	407.9229405231699	106.50250778470183	0	0.0	1997.3468999172037	1	0	1	1.05837024818595
217431.8189293715	2000.0	603.4101557168467	37.88218517124801	0	0.0	2035.2290850884747	1	0	1	1.4663039653495458
218028.441331421	2000.0	1006.7877536673766	0.0	0	0.0	2035.2290850885038	1	0	1	1.693597076377031
219141.29004686532	3000.0	893.9390382230695	0.0	0	0.0	2035.2290850885329	1	0	1	1.6935970763770283
219958.82932746533	3000.0	1076.399757623059	0.0	0	0.0	2035.2290850885038	1	0	1	2.0990621844851955
221208.99879371029	3000.0	826.2302913781283	0.0	0	0.0	2035.2290850885038	1	0	1	2.0990621844851955
222193.74781661932	3000.0	939.9561707599895	0.0	0	0.0	2133.7039873793838	1	0	0	1.6919020059762935
223746.96059952406	3000.0	542.0646661457162	0.0	0	0.0	2289.0252656698285	1	0	0	1.8771335228274286
224598.87937074696	2000.0	690.1458949228112	0.0	0	0.0	2289.0252656698285	1	0	1	1.0627523502107339
225222.51228553947	2000.0	1066.5129801303083	0.0	0	0.0	2289.0252656698285	1	0	1	1.6682174583188987
226466.2444111185	3000.0	947.1540671091906	0.0	0	0.0	2413.3984782277257	1	0	0	1.2589761286052044
227427.09877854833	3000.0	1082.385136422327	0.0	0	0.0	2509.4839149707113	1	0	0	1.854018492670779
228469.6752014718	3000.0	1144.0663557911719	0.0	0	0.0	2613.7415572630707	1	0	0	1.8440629548394254
229707.43078866033	3000.0	906.3107686026344	0.0	0	0.0	2613.7415572630707	1	0	1	1.841210937267739
230530.47940881766	3000.0	1083.2621484453082	0.0	0	0.0	2613.7415572630707	1	0	1	2.041210937267739
231224.56723678327	3000.0	1319.7655376831412	0.0	0	0.0	2544.332774466515	1	0	2	1.6464219523042172
231818.45599714175	3000.0	1666.4879012888616	0.0	0	0.0	2484.9438984307344	1	0	2	1.8525290955624143
232885.18466348853	3000.0	1493.0863683074026	0.0	0	0.0	2378.271031796088	1	0	2	1.861213425625538
233825.0881978047	3000.0	1553.1828339912122	0.0	0	0.0	2378.271031796088	1	0	1	1.864757989814437
234795.80277750985	3000.0	1485.396796315539	0.0	0	0.0	2281.199573825579	1	0	2	1.6720143789661455
235461.39847043547	3000.0	1753.2415340973007	0.0	0	0.0	2214.6400045329647	1	0	2	1.8794741124019256
236778.51465530586	3000.0	1304.413730739855	0.0	0	0.0	2082.928386045911	1	0	2	1.890914060526196
237629.74806368753	3000.0	1453.180322358189	0.0	0	0.0	2082.928386045911	1	0	1	1.8942922543894547
238600.78818898663	3000.0	1385.036184529166	0.0	0	0.0	1985.8243735159922	1	0	2	1.7019288365052154
239491.79761366913	3000.0	1404.9258173784194	0.0	0	0.0	1896.7234310477215	1	0	2	1.9106133125063953
240200.0	3000.0	1625.9031924144206	0.0	0	194.352322552033	1825.903192414553	1	0	2	1.9172549432318138
242124.70974000214	6000.0	701.1934524122709	0.0	0	0.0	1825.903192414553	1	0	1	1.9199947737525906
243386.3809931029	3000.0	439.52219931152365	0.0	0	0.0	1825.903192414553	1	0	1	1.426847593192646
244094.5662277101	2000.0	731.3369647043146	0.0	0	0.0	1825.903192414553	1	0	1	1.3090645575362614
244991.84029935795	2000.0	834.0628930564773	0.0	0	0.0	1825.903192414553	1	0	1	1.714529665644426
245731.94664797315	2000.0	1093.9565444412665	0.0	0	0.0	1825.9031924145238	1	0	1	1.7145296656444282
246603.8817189791	2000.0	1309.2149805358902	0.0	0	0.0	1913.0966995151248	1	0	0	1.3081830189165597
247541.79881797094	2000.0	1371.297881544064	0.0	0	0.0	1913.096699515154	1	0	1	1.505810314934366
248625.07864118324	2000.0	1396.3460406530016	0.0	0	0.0	2021.42468183639	1	0	0	1.2975638125912334
249408.1369588619	2000.0	1691.5935547422164	0.0	0	0.0	2099.7305136042414	1	0	0	1.4890225787157034
250475.13255892345	3000.0	1624.5979546806661	0.0	0	0.0	2099.7305136042414	1	0	1	1.4871469335254575
251909.7049096552	3000.0	1190.0256039488809	0.0	0	0.0	2099.7305136042414	1	0	1	2.092612041633622
253200.869144804	2000.0	898.8613688000778	0.0	0	0.0	2099.7305136042123	1	0	1	1.2816818254172957
254402.14308592532	2000.0	697.5874276787497	0.0	0	0.0	2099.7305136042123	1	0	1	1.6871469335254603
255557.62305127113	2000.0	542.1074623329647	0.0	0	0.0	2099.7305136042123	1	0	1	1.6871469335254603
256472.16117277837	2000.0	627.5693408257306	0.0	0	0.0	2099.7305136042123	1	0	1	1.6871469335254603
257204.8494342316	2000.0	894.881079372465	0.0	0	0.0	2099.7305136042123	1	0	1	1.6871469335254603
258216.84829591183	2000.0	882.8822176922628	0.0	0	0.0	2099.7305136042123	1	0	1	1.6871469335254603
258845.33033310735	2000.0	1254.4001804967595	0.0	0	0.0	2099.7305136042123	1	0	1	1.6871469335254603
259700.81844413702	2000.0	1484.460880570056	0.0	0	0.0	2185.279324707197	1	0	0	1.2805468466820533
260654.5932753312	3000.0	1530.6860493759157	0.0	0	0.0	2185.279324707226	1	0	1	1.4785920524151601
261560.45050049826	3000.0	1715.4145467255403	0.0	0	0.0	2275.8650472239533	1	0	0	1.6772144184726656
262400.8401689119	3000.0	1790.9859114705816	0.0	0	0.0	2191.826080382656	1	0	2	1.4811543117270567
263200.0	3000.0	1911.9100972736726	0.0	0	235.86756991333095	2111.9100972738815	1	0	2	1.8883252318418893
264243.85512043285	6000.0	1868.0549768408187	0.0	0	0.0	2111.9100972738815	1	0	1	1.891394083266659
265683.0572685927	6000.0	1428.8528286810097	0.0	0	0.0	2111.9100972738815	1	0	1	2.7845412638266027
267175.3855170666	3000.0	936.5245802071431	0.0	0	0.0	2111.9100972738815	1	0	1	1.398246902706713
268222.43969866965	3000.0	889.4703986041137	0.0	0	0.0	2111.9100972739398	1	0	1	2.0913940832666524
269478.09602069325	3000.0	633.814076580505	0.0	0	0.0	2111.9100972738815	1	0	1	2.091394083266658
270329.2674483372	2000.0	782.6426489365562	0.0	0	0.0	2111.9100972738815	1	0	1	1.2804638670503286
270952.7047412181	2000.0	1159.2053560556137	0.0	0	0.0	2111.9100972738815	1	0	1	1.6859289751584932
272077.3717883354	3000.0	1034.5383089383859	0.0	0	0.0	2111.9100972738815	1	0	1	1.6859289751584934
273409.56246040855	3000.0	702.3476368652624	0.0	0	0.0	2111.9100972738233	1	0	1	2.091394083266664
274102.0612250879	2000.0	1009.8488721859339	0.0	0	0.0	2111.9100972738233	1	0	1	1.2804638670503345
275634.5478702362	3000.0	477.3622270375754	0.0	0	0.0	2111.9100972738815	1	0	1	1.6859289751584934
276156.1301164575	2000.0	955.7799808162174	0.0	0	0.0	2111.9100972738815	1	0	1	1.2804638670503286
277019.50945092225	2000.0	1178.738579798016	0.0	0	0.0	2198.2480307204532	1	0	0	1.279494847755616
278109.07634356676	3000.0	1089.1716871534823	0.0	0	0.0	2198.248030720395	1	0	1	1.477295181813842
279160.703139936	3000.0	1142.7075704211702	0.0	0	0.0	2303.410710357304	1	0	0	1.6747216072504507
280678.6480533133	3000.0	624.7626570438835	0.0	0	0.0	2303.410710357246	1	0	1	1.872244021958317
281931.18791979627	2000.0	384.90284785499693	12.680057294100607	0	0.0	2316.0907676513307	1	0	1	1.1839654562479802
282786.4057172573	2000.0	542.4188597725802	12.733809378596334	0	0.0	2328.824577029969	1	0	1	1.5878346709113076
283850.1760643756	2000.0	478.6485126542706	0.0	0	0.0	2328.8245770300273	1	0	1	1.6642375271828787
284625.79831450956	1000.0	703.0262625203156	0.0	0	0.0	2328.8245770300273	1	0	1	0.2779431660629906
285435.4792994236	1000.0	893.3452776063515	0.0	0	0.0	2328.8245770300273	1	0	1	0.9710903466229335
285911.6330662123	1000.0	1417.1915108176697	0.0	0	0.0	2328.8245770300855	1	0	1	0.9710903466229276
287323.69522965816	2000.0	1005.1293473717408	0.0	0	0.0	2328.8245770300855	1	0	1	0.9710903466229275
288136.9394134682	2000.0	1191.8851635617475	0.0	0	0.0	2328.8245770300273	1	0	1	1.6642375271828787
289149.13561056444	2000.0	1179.688966465498	0.0	0	0.0	2328.8245770300273	1	0	1	1.6642375271828787
289740.4363200711	2000.0	1647.5183279094224	0.0	0	0.0	2387.954647980572	1	0	0	1.2597386637504249
290200.0	2000.0	2233.911015973373	0.0	0	3.550592674058862	2433.9110159734264	1	0	0	1.4549073313890013
291200.0	3000.0	2133.9110159734046	0.0	0	147.20615096954862	2333.911015973368	1	0	2	1.0603381937069152
292380.28116959735	3000.0	1835.6017294162882	0.0	0	0.0	2215.8828990135808	1	0	2	1.8779647394182188
293200.0	3000.0	1933.9110159733718	0.0	0	121.97029251919594	2133.91101597331	1	0	2	1.8863813167732177
294200.0	3000.0	1833.9110159733896	0.0	0	115.88200869417051	2033.91101597331	1	0	2	1.8961251003119375
295512.491057852	3000.0	1390.1708523361917	0.0	0	0.0	1902.6619101881515	1	0	2	1.9084138989416592
297214.70443324046	3000.0	858.1788144865825	0.0	0	0.0	2072.8832477270043	1	0	0	1.4994450070186174
297901.47614850145	2000.0	1171.407099225554	0.0	0	0.0	2072.8832477270043	1	0	1	1.084366552005016
298496.5567524401	2000.0	1576.3264952868872	0.0	0	0.0	2072.8832477270043	1	0	1	1.6898316601131809
299361.2368202872	2000.0	1798.1144342244863	0.0	0	0.0	2159.351254511683	1	0	0	1.2833446131298516
300296.4849171805	3000.0	1862.8663373311972	0.0	0	0.0	2159.351254511741	1	0	1	1.4811848594347075
3.72	2.66	3.24	3.48	3.01	3.05	3.54	4.31	4.34	4.52	5.05	4.73	3.23	2.17	2.02	2.26	2.28	2.7	2.99	3.07	2.98	3.05	4.15	4.74	4.29	4.05	3.35	1.8	2.24	2.17	2.8	2.34	2.49	2.4	3.23	3.19	1.89	2.35	3.28	4.19	4.38	2.58	1.27	2.07	2.91	3.72	4.1	3.3	4.07	3.27	2.49	3.27	3.98	4.95	3.58	3.32	3.45	2.47	2.78	3.0	3.34	2.9	2.63	2.02	2.21	2.71	3.32	3.54	3.56	2.72	2.41	2.05	2.9	2.96	2.7	2.7	2.88	2.78	3.61	4.41	4.58	2.81	3.03	3.49	3.06	2.84	3.53	4.45	5.03	2.78	2.36	2.75	2.66	2.61	2.44	1.77	2.24	2.8	3.79	3.01	1.9	2.31	2.0	2.06	2.11	2.21	2.12	2.61	2.92	3.9	4.78	5.46	5.42	3.82	2.36	2.59	2.95	2.13	2.47	3.23	3.29	2.39	2.98	2.54	3.08	2.87	2.72	3.36	2.39	1.85	2.03	2.18	1.58	1.52	1.8	1.85	2.09	2.97	3.53	2.7	2.75	3.65	4.22	1.95	1.39	1.66	2.62	2.61	2.5	4.45	3.72	2.66	3.24	3.48	3.01	3.05	3.54	4.31	4.34	4.52	5.05	4.73	3.23	2.17	2.02	2.26	2.28	2.7	2.99	3.07	2.98	3.05	4.15	4.74	4.29	4.05	3.35	1.8	2.24	2.17	2.8	2.34	2.49	2.4	3.23	3.19	1.89	2.35	3.28	4.19	4.38	2.58	1.27	2.07	2.91	3.72	4.1	3.3	4.07	3.27	2.49	3.27	3.98	4.95	3.58	3.32	3.45	2.47	2.78	3.0	3.34	2.9	2.63	2.02	2.21	2.71	3.32	3.54	3.56	2.72	2.41	2.05	2.9	2.96	2.7	2.7	2.88	2.78	3.61	4.41	4.58	2.81	3.03	3.49	3.06	2.84	3.53	4.45	5.03	2.78	2.36	2.75	2.66	2.61	2.44	1.77	2.24	2.8	3.79	3.01	1.9	2.31	2.0	2.06	2.11	2.21	2.12	2.61	2.92	3.9	4.78	5.46	5.42	3.82	2.36	2.59	2.95	2.13	2.47	3.23	3.29	2.39	2.98	2.54	3.08	2.87	2.72	3.36	2.39	1.85	2.03	2.18	1.58	1.52	1.8	1.85	2.09	2.97	3.53	2.7	2.75	3.65	4.22	1.95	1.39	1.66	2.62	2.61	2.5	4.45	3.72	2.66
1.0	2.0	3.0	4.0	5.0	6.0	7.0	8.0	9.0	10.0	11.0	12.0	13.0	14.0	15.0	16.0	17.0	18.0	19.0	20.0	21.0	22.0	23.0	24.0	25.0	26.0	27.0	28.0	29.0	30.0	31.0	32.0	33.0	34.0	35.0	36.0	37.0	38.0	39.0	40.0	41.0	42.0	43.0	44.0	45.0	46.0	47.0	48.0	49.0	50.0	51.0	52.0	53.0	54.0	55.0	56.0	57.0	58.0	59.0	60.0	61.0	62.0	63.0	64.0	65.0	66.0	67.0	68.0	69.0	70.0	71.0	72.0	73.0	74.0	75.0	76.0	77.0	78.0	79.0	80.0	81.0	82.0	83.0	84.0	85.0	86.0	87.0	88.0	89.0	90.0	91.0	92.0	93.0	94.0	95.0	96.0	97.0	98.0	99.0	100.0	101.0	102.0	103.0	104.0	105.0	106.0	107.0	108.0	109.0	110.0	111.0	112.0	113.0	114.0	115.0	116.0	117.0	118.0	119.0	120.0	121.0	122.0	123.0	124.0	125.0	126.0	127.0	128.0	129.0	130.0	131.0	132.0	133.0	134.0	135.0	136.0	137.0	138.0	139.0	140.0	141.0	142.0	143.0	144.0	145.0	146.0	147.0	148.0	149.0	149.0	150.0	151.0	152.0	153.0	154.0	155.0	156.0	157.0	158.0	159.0	160.0	161.0	162.0	163.0	164.0	165.0	166.0	167.0	168.0	169.0	170.0	171.0	172.0	173.0	174.0	175.0	176.0	177.0	178.0	179.0	180.0	181.0	182.0	183.0	184.0	185.0	186.0	187.0	188.0	189.0	190.0	191.0	192.0	193.0	194.0	195.0	196.0	197.0	198.0	199.0	200.0	201.0	202.0	203.0	204.0	205.0	206.0	207.0	208.0	209.0	210.0	211.0	212.0	213.0	214.0	215.0	216.0	217.0	218.0	219.0	220.0	221.0	222.0	223.0	224.0	225.0	226.0	227.0	228.0	229.0	230.0	231.0	232.0	233.0	234.0	235.0	236.0	237.0	238.0	239.0	240.0	241.0	242.0	243.0	244.0	245.0	246.0	247.0	248.0	249.0	250.0	251.0	252.0	253.0	254.0	255.0	256.0	257.0	258.0	259.0	260.0	261.0	262.0	263.0	264.0	265.0	266.0	267.0	268.0	269.0	270.0	271.0	272.0	273.0	274.0	275.0	276.0	277.0	278.0	279.0	280.0	281.0	282.0	283.0	284.0	285.0	286.0	287.0	288.0	289.0	290.0	291.0	292.0	293.0	294.0	295.0	296.0	297.0	298.0	298.0	299.0	300.0
2406.8823110741296
