3172.180865283143	300.0	2000.0	343.27154812017903	0	0.0	3172.180865283143	1	0	1	-2.368403842249554
4604.633751210937	1000.0	1567.5471140722063	0.0	0	0.0	3172.1808652831432	1	0	1	-0.3172180865283141
5560.56421055057	1000.0	1611.6166547325724	0.0	0	0.0	3172.180865283143	1	0	1	0.8867547177976219
6562.817329470821	1000.0	1609.363535812321	0.0	0	0.0	3172.180865283143	1	0	1	0.8867547177976218
7317.351709831167	1000.0	1779.37571741594	0.0	0	0.0	3096.7274272471077	1	0	2	0.49234107786138814
7852.50864369404	1000.0	2190.70309016678	0.0	0	0.0	3043.2117338608223	1	0	2	0.6984930311907467
9351.584562108237	2000.0	1541.7195799111637	0.0	0	0.0	2893.304142019402	1	0	2	0.7096870874966907
9920.218895002905	1000.0	1973.085247016495	0.0	0	0.0	2893.3041420194004	1	0	1	0.021495209564050655
10976.706383920911	2000.0	1810.9490092066903	0.0	0	0.0	2787.655393127603	1	0	2	0.5228123617198981
12050.108097367138	2000.0	1630.20712441584	0.0	0	0.0	2680.3152217829793	1	0	2	1.4257482360019684
12776.252693885153	1000.0	1904.0625278978239	0.0	0	0.0	2680.3152217829793	1	0	1	0.04279410158769281
14102.412395911277	2000.0	1445.286855669088	0.0	0	0.0	2547.6992515803668	1	0	2	0.5458201616813123
14962.70836714752	2000.0	1498.9612873092199	0.0	0	0.0	2461.6696544567403	1	0	2	1.4490803383706141
15548.365110071809	2000.0	1854.7388700925005	0.0	0	0.0	2403.103980164309	1	0	2	1.4553997287674707
16200.0	2000.0	2137.9404911714896	0.0	0	88.18297706475641	2337.94049117149	1	0	2	1.4612246204564647
17991.331497632178	3000.0	1167.4758437760913	0.0	0	0.0	2158.80734140827	1	0	2	1.4761072827086275
19008.95368871707	2000.0	1048.0914335827122	0.0	0	0.0	2057.04512229978	1	0	2	1.0837607366352473
19895.804866273465	2000.0	1249.925373781954	0.0	0	0.0	2145.7302400554145	1	0	0	1.0846605522621493
21051.2881923574	3000.0	1094.4420476980242	0.0	0	0.0	2145.7302400554145	1	0	1	1.4825469608803399
21664.751659221394	3000.0	1480.9785808340296	0.0	0	0.0	2145.730240055418	1	0	1	2.088012068988504
22416.45789997195	3000.0	1729.2723400834755	0.0	0	0.0	2145.7302400554217	1	0	1	2.0880120689885038
24046.608824961408	3000.0	936.1063225950679	0.0	0	0.0	1982.7151475564715	1	0	2	1.7004625284254475
24863.633381489173	2000.0	1037.3793104145261	0.0	0	0.0	1901.0126919036957	1	0	2	1.099715012437172
25706.307479982486	2000.0	1194.7052119212126	0.0	0	0.0	1901.0126919036957	1	0	1	1.5070187156955117
26747.574217553032	2000.0	1153.4384743506662	0.0	0	0.0	1901.0126919036957	1	0	1	1.707018715695512
27699.74988905556	2000.0	1201.2628028481345	0.0	0	0.0	1901.0126919036957	1	0	1	1.707018715695512
28575.125714067744	2000.0	1413.4245603371676	0.0	0	0.0	1988.5502744049118	1	0	0	1.3004077654052144
29384.870876254467	2000.0	1684.653914369112	0.0	0	0.0	2069.524790623578	1	0	0	1.4922066661851976
30800.498274343252	3000.0	1269.0265162803264	0.0	0	0.0	2069.524790623578	1	0	1	1.4901675058235238
32139.69878407179	2000.0	929.826006551791	0.0	0	0.0	2069.524790623578	1	0	1	1.2847023977153589
33282.9612594161	2000.0	786.563531207472	0.0	0	0.0	2069.524790623571	1	0	1	1.690167505823524
34330.1587905739	2000.0	739.366000049677	0.0	0	0.0	2069.5247906235745	1	0	1	1.6901675058235242
35221.909363921994	2000.0	847.6154267015788	0.0	0	0.0	2069.5247906235745	1	0	1	1.6901675058235237
35985.939303451356	2000.0	1083.5854871722122	0.0	0	0.0	2069.5247906235672	1	0	1	1.6901675058235246
37619.92235081022	3000.0	449.6024398133458	0.0	0	0.0	2069.5247906235672	1	0	1	1.6901675058235248
38295.30081568326	1000.0	774.2239749403104	0.0	0	0.0	2069.5247906235672	1	0	1	-0.10159196340453025
39326.59804373538	2000.0	742.9267468881866	0.0	0	0.0	2069.5247906235672	1	0	1	0.9970203252635794
40100.53060283923	2000.0	968.9941877843332	0.0	0	0.0	2069.5247906235672	1	0	1	1.6901675058235246
41123.98007626858	2000.0	945.5447143549825	0.0	0	0.0	2069.52479062356	1	0	1	1.6901675058235253
42527.90551962135	2000.0	541.6192710021994	0.0	0	0.0	2069.52479062356	1	0	1	1.6901675058235253
43403.765486458615	2000.0	665.7593041649419	0.0	0	0.0	2069.5247906235672	1	0	1	1.6901675058235246
44342.94818001185	2000.0	726.5766106117076	0.0	0	0.0	2069.5247906235745	1	0	1	1.6901675058235237
45231.024081264404	2000.0	838.5007093591524	0.0	0	0.0	2069.5247906235745	1	0	1	1.6901675058235237
45870.481941405924	2000.0	1199.0428492176352	0.0	0	0.0	2069.5247906235745	1	0	1	1.6901675058235237
46573.98772024649	3000.0	1495.5370703770589	0.0	0	0.0	2069.5247906235745	1	0	1	1.690167505823524
47449.11886249666	3000.0	1620.4059281268921	0.0	0	0.0	2069.5247906235745	1	0	1	2.0956326139316888
49541.74786179684	3000.0	737.0398287567353	0.0	0	0.0	2278.787690553596	1	0	0	1.6798666616490996
50991.04159978417	2000.0	293.14559718337557	5.399506413981555	0	0.0	2284.1871969675703	1	0	1	1.0309374826229973
51399.71953000016	1000.0	884.4676669673845	0.0	0	0.0	2284.1871969675703	1	0	1	0.2824069040692339
52594.96189181945	2000.0	689.2253051480938	0.0	0	0.0	2284.1871969675703	1	0	1	0.975554084629179
53458.85041609006	1000.0	825.3367808774784	0.0	0	0.0	2284.1871969675703	1	0	1	0.2824069040692339
54152.57703665353	1000.0	1131.6101603140037	0.0	0	0.0	2284.1871969675776	1	0	1	0.9755540846291784
54742.597264435164	1000.0	1541.5899325323614	0.0	0	0.0	2284.1871969675703	1	0	1	0.975554084629179
56051.25268146281	2000.0	1232.9345155047176	0.0	0	0.0	2284.1871969675776	1	0	1	0.9755540846291785
57294.576838540655	2000.0	989.6103584268695	0.0	0	0.0	2284.1871969675776	1	0	1	1.6687012651891235
57978.024345521495	1000.0	1306.1628514460367	0.0	0	0.0	2284.1871969675776	1	0	1	0.2824069040692333
59068.33365007742	2000.0	1215.8535468901111	0.0	0	0.0	2284.1871969675703	1	0	1	0.975554084629179
60338.26375155063	2000.0	945.9234454168983	0.0	0	0.0	2284.1871969675776	1	0	1	1.6687012651891235
60920.34198643042	1000.0	1363.8452105371066	0.0	0	0.0	2284.1871969675776	1	0	1	0.2824069040692333
61786.45029967303	2000.0	1497.7368972945083	0.0	0	0.0	2284.187196967585	1	0	1	0.9755540846291777
62547.64472773685	2000.0	1736.5424692306874	0.0	0	0.0	2284.187196967585	1	0	1	1.6687012651891229
63318.199389447174	2000.0	1888.9323413493237	0.0	0	0.0	2207.1317307965437	1	0	2	1.274404049246536
64922.152609544275	2000.0	1124.5837992425177	0.0	0	0.0	2046.7364087868336	1	0	2	1.4878127033144397
65880.26997069283	2000.0	1070.6547019791024	0.0	0	0.0	1950.9246726719575	1	0	2	1.4994595904473598
67007.21926205048	2000.0	831.0104814856832	0.0	0	0.0	1838.2297435361907	1	0	2	1.510962546659221
67733.08810023707	2000.0	1105.1416432990877	0.0	0	0.0	1838.2297435361834	1	0	1	1.5132970105322627
68912.83606647936	2000.0	925.3936770568114	0.0	0	0.0	1838.2297435361834	1	0	1	1.713297010532263
69798.20662930814	2000.0	1040.0231142280231	0.0	0	0.0	1838.2297435361834	1	0	1	1.713297010532263
71171.76364739196	2000.0	666.466096144215	0.0	0	0.0	1838.2297435361834	1	0	1	1.713297010532263
71827.63639440195	1000.0	1010.5933491342214	0.0	0	0.0	1838.2297435361834	1	0	1	0.32700264941237267
73067.14770681706	2000.0	771.0820367191061	0.0	0	0.0	1838.2297435361834	1	0	1	1.0201498299723177
74521.86764233408	2000.0	316.36210120207943	0.0	0	0.0	1838.2297435361834	1	0	1	1.713297010532263
75268.06445387781	1000.0	657.2207649138156	87.05547525545524	0	0.0	1925.2852187916287	1	0	1	-0.20403574964590335
75940.4459523625	1000.0	984.8392664291464	0.0	0	0.0	1925.2852187916433	1	0	1	1.011444282446772
77337.30138505022	2000.0	587.9838337414253	0.0	0	0.0	1925.2852187916433	1	0	1	1.0114442824467718
77834.8538201367	1000.0	1090.4313986549341	0.0	0	0.0	1925.2852187916433	1	0	1	0.3182971018868267
78640.04238519676	2000.0	1285.2428335948794	0.0	0	0.0	1925.2852187916433	1	0	1	1.0114442824467718
80253.63518073794	2000.0	671.6500380536927	0.0	0	0.0	1925.2852187916433	1	0	1	1.704591463006717
81033.05116647897	1000.0	892.2340523126654	0.0	0	0.0	1925.2852187916433	1	0	1	0.3182971018868267
81583.49777532487	1000.0	1341.7874434667665	0.0	0	0.0	1925.2852187916433	1	0	1	1.011444282446772
82932.48634277577	2000.0	992.7988760158562	0.0	0	0.0	1925.2852187916433	1	0	1	1.0114442824467718
83948.43735930181	1000.0	976.8478594898127	0.0	0	0.0	1925.2852187916433	1	0	1	0.3182971018868267
84676.13679004755	1000.0	1249.1484287440705	0.0	0	0.0	1925.2852187916433	1	0	1	1.011444282446772
85498.19052132749	2000.0	1427.0946974641256	0.0	0	0.0	1925.2852187916433	1	0	1	1.0114442824467718
86784.54972176126	2000.0	1140.7354970303504	0.0	0	0.0	1925.2852187916433	1	0	1	1.704591463006717
87790.54516569509	2000.0	1134.740053096506	0.0	0	0.0	1925.2852187916433	1	0	1	1.704591463006717
88307.56443974984	2000.0	1669.4227064472375	0.0	0	0.0	1976.9871461971197	1	0	0	1.3006892020271745
89396.88702591408	3000.0	1580.1001202829955	0.0	0	0.0	1976.9871461971197	1	0	1	1.4994212702661696
90416.90232047168	3000.0	1560.0848257253922	0.0	0	0.0	1976.9871461971197	1	0	1	2.104886378374334
91662.78981002649	3000.0	1438.786085126075	0.0	0	0.0	2101.5758951526223	1	0	0	1.6956463755977165
92741.91807480207	3000.0	1467.5706468280405	0.0	0	0.0	2209.488721630172	1	0	0	1.8846192221858358
93935.76828019525	3000.0	1393.1054619741662	0.0	0	0.0	2328.8737421694823	1	0	0	1.8723717461592053
95207.80596158345	3000.0	1121.0677805859648	0.0	0	0.0	2328.8737421694823	1	0	1	1.869697718777098
96501.66690497764	2000.0	827.2068371917718	0.0	0	0.0	2328.8737421694823	1	0	1	1.2587675025607685
97157.43043762888	1000.0	1171.4433045405328	0.0	0	0.0	2328.8737421694823	1	0	1	0.27793824954904284
98427.11134211007	2000.0	901.7624000593248	0.0	0	0.0	2328.8737421694677	1	0	1	0.9710854301089893
99191.02235040962	2000.0	1137.8513917597847	0.0	0	0.0	2328.8737421694823	1	0	1	1.6642326106689331
100330.52339333677	2000.0	998.3503488326216	0.0	0	0.0	2328.8737421694823	1	0	1	1.6642326106689331
101328.71672767638	2000.0	1000.157014493031	0.0	0	0.0	2328.8737421694823	1	0	1	1.6642326106689331
102649.66821141574	2000.0	679.2055307536733	0.0	0	0.0	2328.8737421694823	1	0	1	1.6642326106689331
103642.59086987677	2000.0	686.2828722926478	0.0	0	0.0	2328.8737421694823	1	0	1	1.6642326106689331
104498.32155246948	2000.0	830.5521896999235	0.0	0	0.0	2328.8737421694823	1	0	1	1.6642326106689331
105453.06335656648	2000.0	875.8103856029103	0.0	0	0.0	2328.8737421694823	1	0	1	1.6642326106689331
106416.44220208703	2000.0	912.4315400823577	0.0	0	0.0	2328.873742169497	1	0	1	1.6642326106689318
107156.65460637907	2000.0	1172.2191357903027	0.0	0	0.0	2328.873742169497	1	0	1	1.6642326106689318
108009.15176414834	2000.0	1319.7219780210205	0.0	0	0.0	2328.8737421694823	1	0	1	1.6642326106689331
109297.66489731694	2000.0	1031.2088448524164	0.0	0	0.0	2328.8737421694823	1	0	1	1.6642326106689331
110711.37675166389	2000.0	617.4969905054583	0.0	0	0.0	2328.8737421694823	1	0	1	1.6642326106689331
111434.84907161476	1000.0	894.0246705545745	0.0	0	0.0	2328.8737421694823	1	0	1	0.27793824954904284
112964.36427562569	2000.0	364.50946654366555	0.0	0	0.0	2328.873742169497	1	0	1	0.9710854301089866
113673.15170652233	1000.0	655.7220356470223	0.0	0	0.0	2328.873742169497	1	0	1	0.27793824954904134
114254.56776080001	1000.0	1074.3059813693408	0.0	0	0.0	2328.873742169497	1	0	1	0.9710854301089865
115175.0248804484	2000.0	1153.84886172094	0.0	0	0.0	2328.873742169497	1	0	1	0.9710854301089866
115977.24647431492	2000.0	1351.627267854443	0.0	0	0.0	2328.873742169497	1	0	1	1.6642326106689318
116948.28485819999	2000.0	1283.4850455808767	0.0	0	0.0	2231.7699037809944	1	0	2	1.2715359790326186
117960.17292431084	2000.0	1170.4081728589408	0.0	0	0.0	2130.5810971699248	1	0	2	1.4813646423507372
119258.64595041641	2000.0	742.087844142818	0.0	0	0.0	2000.7337945593754	1	0	2	1.4935618555078956
120422.43511836116	2000.0	578.2986761980687	0.0	0	0.0	2000.7337945593754	1	0	1	1.4970466054299436
121451.94054996927	1000.0	548.7932445899637	0.0	0	0.0	2000.7337945593754	1	0	1	0.3107522443100535
121961.94925897308	1000.0	1038.7845355861518	0.0	0	0.0	2000.7337945593754	1	0	1	1.0038994248699986
122707.4137876515	2000.0	1293.3200069077432	0.0	0	0.0	2000.7337945593754	1	0	1	1.0038994248699986
123347.65624628903	2000.0	1717.1017941339753	0.0	0	0.0	2064.7580404231267	1	0	0	1.2923308202387676
124217.6473774905	3000.0	1934.1097760526632	0.0	0	0.0	2151.75715354328	1	0	0	1.4840111274479788
125925.4956350382	3000.0	1226.2615185049767	0.0	0	0.0	2151.75715354328	1	0	1	1.8874093776397183
126888.72223697498	2000.0	1263.0349165681878	0.0	0	0.0	2151.7571535432944	1	0	1	1.2764791614233872
128484.11805285406	3000.0	667.6391006891142	0.0	0	0.0	2151.7571535432944	1	0	1	1.6819442695315523
129184.60548685705	2000.0	967.1516666861244	0.0	0	0.0	2151.7571535432944	1	0	1	1.2764791614233872
130003.19358573301	2000.0	1148.5635678101476	0.0	0	0.0	2151.757153543309	1	0	1	1.6819442695315503
130979.98994359207	2000.0	1171.7672099510933	0.0	0	0.0	2151.7571535433235	1	0	1	1.681944269531549
132441.27910240664	2000.0	856.6069670179745	0.0	0	0.0	2297.886069424785	1	0	0	1.2726323910282482
133417.53773334186	1000.0	880.3483360827587	0.0	0	0.0	2297.8860694247996	1	0	1	0.08103701682351183
134101.03621291896	1000.0	1196.8498565056518	0.0	0	0.0	2297.8860694248287	1	0	1	0.9741841973834533
135083.05629845854	2000.0	1214.8297709660728	0.0	0	0.0	2297.8860694248287	1	0	1	0.9741841973834533
135747.97060366478	2000.0	1549.9154657597937	0.0	0	0.0	2297.8860694248287	1	0	1	1.6673313779433985
136348.19894440233	2000.0	2009.7099590960356	0.0	0	0.0	2357.908903498639	1	0	0	1.2628079369978065
137200.0	3000.0	2072.7287979385783	0.0	0	104.07553524684045	2272.7287979388784	1	0	2	1.0671846265955633
138200.0	3000.0	1972.7287979385655	0.0	0	386.5206795783015	2172.72879793882	1	0	2	1.8814739186408114
139384.0767890295	3000.0	1670.2443300061072	0.0	0	0.0	2054.321119035885	1	0	2	1.8938743524509851
140503.2612663673	3000.0	1551.0598526683148	0.0	0	0.0	2054.321119035885	1	0	1	1.8971529810904575
141236.2372835236	3000.0	1891.3814372276647	0.0	0	0.0	2127.6187207515177	1	0	0	1.691689212544086
142521.13428995627	3000.0	1477.9947301517334	0.0	0	0.0	1999.1290201082593	1	0	2	1.498389239176989
143519.03883884675	2000.0	1380.29972637219	0.0	0	0.0	1899.3385652191937	1	0	2	1.0992010590899504
145712.5479311038	3000.0	406.1415433408276	0.0	0	0.0	2118.6894744448655	1	0	0	1.0917300883918406
146146.18017898413	1000.0	972.5092954604827	0.0	0	0.0	2118.6894744448655	1	0	1	-0.3065084317866598
147315.3139540744	2000.0	803.3755203702156	0.0	0	0.0	2118.6894744448655	1	0	1	0.9921038568814496
148333.1411308114	2000.0	785.5483436332106	0.0	0	0.0	2118.6894744448655	1	0	1	1.685251037441395
148890.97018888794	1000.0	1227.7192855566848	0.0	0	0.0	2118.6894744448655	1	0	1	0.2989566763215045
150162.4070349829	2000.0	956.2824394617273	0.0	0	0.0	2118.6894744448655	1	0	1	0.9921038568814496
151113.6357458608	2000.0	1005.0537285838379	0.0	0	0.0	2118.6894744448655	1	0	1	1.685251037441395
152046.00565886573	2000.0	1072.6838155788882	0.0	0	0.0	2118.6894744448655	1	0	1	1.685251037441395
153227.15451300793	1000.0	891.5349614366986	0.0	0	0.0	2118.6894744448364	1	0	1	0.2989566763215073
154436.9783340458	1000.0	681.711140398827	0.0	0	0.0	2118.6894744448655	1	0	1	0.9921038568814498
155601.084725692	1000.0	517.6047487526153	0.0	0	0.0	2118.6894744448655	1	0	1	0.9921038568814498
156187.01762373676	1000.0	931.6718507078249	0.0	0	0.0	2118.6894744448655	1	0	1	0.9921038568814498
156890.0857829464	1000.0	1228.603691498189	0.0	0	0.0	2118.6894744448655	1	0	1	0.9921038568814498
158303.41565550698	2000.0	815.2738189375899	0.0	0	0.0	2118.6894744448364	1	0	1	0.9921038568814524
158917.1433358906	1000.0	1201.546138553985	0.0	0	0.0	2118.6894744448655	1	0	1	0.2989566763215045
159935.25879946936	2000.0	1183.4306749752395	0.0	0	0.0	2118.6894744448655	1	0	1	0.9921038568814496
161254.09759162817	2000.0	864.5918828164338	0.0	0	0.0	2118.6894744448655	1	0	1	1.685251037441395
161880.020111685	1000.0	1238.6693627595882	0.0	0	0.0	2118.6894744448655	1	0	1	0.2989566763215045
163299.83880342267	2000.0	818.8506710219162	0.0	0	0.0	2118.6894744448655	1	0	1	0.9921038568814496
163976.54757416458	2000.0	1142.1419002799971	0.0	0	0.0	2118.6894744448655	1	0	1	1.685251037441395
164631.99920976956	2000.0	1486.690264675031	0.0	0	0.0	2118.6894744448946	1	0	1	1.6852510374413936
165272.58311249557	2000.0	1910.1647522216253	0.0	0	0.0	2182.7478647175303	1	0	0	1.2804684463852936
166342.30555853702	3000.0	1947.414550784319	0.0	0	0.0	2289.7201093216718	1	0	0	1.471574008476735
168143.33195224163	3000.0	1326.4907964501726	0.0	0	0.0	2469.8227486921533	1	0	0	1.8593089220773387
168898.91517463964	3000.0	1646.4658962919373	0.0	0	0.0	2545.381070931937	1	0	0	1.8499254693971254
169725.31497001235	3000.0	1820.0661009192004	0.0	0	0.0	2545.381070931937	1	0	1	1.8480469859008524
170819.3636232469	3000.0	1616.612582361157	0.0	0	0.0	2435.9762056084583	1	0	2	1.6559748800389298
171570.24356945156	3000.0	1790.644641536034	0.0	0	0.0	2360.888210987934	1	0	2	1.8643903846283543
173170.6611203098	3000.0	1030.1853355919461	0.0	0	0.0	2200.846455902123	1	0	2	1.8790704557707292
174143.89760908703	2000.0	959.6251979370209	0.0	0	0.0	2103.5228070244775	1	0	2	1.0790131131784642
174980.26618941923	2000.0	1123.2566176047812	0.0	0	0.0	2103.5228070244775	1	0	1	1.4867677041834335
176424.44937627707	2000.0	679.0734307469374	0.0	0	0.0	2103.5228070244775	1	0	1	1.6867677041834337
177458.19715236092	2000.0	645.3256546630998	0.0	0	0.0	2103.5228070244775	1	0	1	1.6867677041834337
178081.68677648614	2000.0	1021.8360305379247	0.0	0	0.0	2103.5228070244775	1	0	1	1.6867677041834337
179258.95890663282	3000.0	844.5639003912659	0.0	0	0.0	2103.5228070245066	1	0	1	1.6867677041834308
180524.45242731078	3000.0	705.6197317811099	0.0	0	0.0	2230.0721590923495	1	0	0	1.6831539433476583
181417.78474733967	2000.0	812.2874117522272	0.0	0	0.0	2230.0721590923495	1	0	1	1.0686476608684818
182614.1163462888	2000.0	615.9558128031281	0.0	0	0.0	2230.0721590923495	1	0	1	1.6741127689766464
183256.3447417181	2000.0	973.7274173738153	0.0	0	0.0	2230.0721590923495	1	0	1	1.6741127689766464
184061.27462297407	2000.0	1168.7975361178155	0.0	0	0.0	2230.0721590923495	1	0	1	1.6741127689766464
185132.58973904786	3000.0	1097.4824200440403	0.0	0	0.0	2230.0721590923495	1	0	1	1.6741127689766464
186434.11034505264	2000.0	926.1138746397367	0.0	0	0.0	2360.224219692842	1	0	0	0.8598346332366466
187519.56757851268	2000.0	840.6566411796794	0.0	0	0.0	2360.2242196928128	1	0	1	1.4610975629166
188353.95521120756	2000.0	1006.2690084848138	0.0	0	0.0	2360.2242196928128	1	0	1	1.6610975629166
189161.72233519139	2000.0	1198.5018845009927	0.0	0	0.0	2360.2242196928128	1	0	1	1.6610975629166
190219.65092379483	2000.0	1140.5732958975923	0.0	0	0.0	2360.2242196928128	1	0	1	1.6610975629166
191157.76378904085	2000.0	1202.4604306515948	0.0	0	0.0	2360.224219692842	1	0	1	1.6610975629165972
192449.2191715464	2000.0	911.0050481460298	0.0	0	0.0	2360.224219692842	1	0	1	1.6610975629165972
193590.96598859085	2000.0	769.2582311015467	0.0	0	0.0	2360.224219692842	1	0	1	1.6610975629165972
194258.87176294203	2000.0	1101.352456750372	0.0	0	0.0	2360.224219692871	1	0	1	1.661097562916594
194816.69041170977	2000.0	1599.3156728594342	0.0	0	0.0	2416.0060845696717	1	0	0	1.2566992048906425
195445.9916781908	2000.0	2032.9445330265146	0.0	0	0.0	2478.9362112177478	1	0	0	1.4509362416252705
197191.44150351078	3000.0	1112.9497251744929	0.0	0	0.0	2304.3912286857376	1	0	2	1.0607908489055453
198265.5463928822	2000.0	1038.84483580305	0.0	0	0.0	2304.3912286857085	1	0	1	1.0612157539091456
199639.3823697484	2000.0	665.0088589368447	0.0	0	0.0	2304.3912286856503	1	0	1	1.666680862017314
201003.80313239017	2000.0	300.5880962951077	0.0	0	0.0	2304.3912286856794	1	0	1	1.6666808620173135
201829.5474306449	1000.0	599.943647800757	125.09984976037885	0	0.0	2429.4910784460662	1	0	1	-0.48272258264088885
202649.2490972661	1000.0	780.2419811795434	0.0	0	0.0	2429.4910784460662	1	0	1	0.9610236964813296
203395.61437458862	1000.0	1033.8767038570272	0.0	0	0.0	2429.4910784460662	1	0	1	0.9610236964813296
203996.69073767547	1000.0	1432.800340770174	0.0	0	0.0	2429.4910784460662	1	0	1	0.9610236964813296
204986.69840572044	2000.0	1442.7926727252363	0.0	0	0.0	2429.4910784460953	1	0	1	0.9610236964813271
206130.55187011728	2000.0	1184.5538618886603	0.0	0	0.0	2315.10573200637	1	0	2	1.2621944801754528
206743.92526661156	1000.0	1571.180465394404	0.0	0	0.0	2315.105732006341	1	0	1	0.07931505056535576
208428.2345215367	2000.0	886.8712104692736	0.0	0	0.0	2315.105732006341	1	0	1	0.972462231125302
210040.25664667573	2000.0	335.61799637555174	60.76891104526733	0	0.0	2375.8746430512692	1	0	1	1.2954191646509603
210639.4310624454	1000.0	736.443580605895	0.0	0	0.0	2375.8746430512692	1	0	1	0.27323815946086405
211165.7233376826	1000.0	1210.1513053686976	0.0	0	0.0	2375.8746430512692	1	0	1	0.9663853400208093
212059.8505726176	2000.0	1316.0240704337177	0.0	0	0.0	2375.87464305124	1	0	1	0.9663853400208122
213356.3628172543	2000.0	1019.5118257970357	0.0	0	0.0	2375.874643051211	1	0	1	1.6595325205807594
214116.61964905277	1000.0	1259.2549939985543	0.0	0	0.0	2375.874643051211	1	0	1	0.27323815946086993
215046.2694544832	2000.0	1329.6051885681275	0.0	0	0.0	2375.874643051211	1	0	1	0.9663853400208149
216018.82875153457	2000.0	1357.0458915167785	0.0	0	0.0	2375.874643051211	1	0	1	1.65953252058076
216827.91563989207	2000.0	1467.0503143235	0.0	0	0.0	2294.9659542154404	1	0	2	1.2657177478518467
217880.0853215696	2000.0	1309.6636644782106	0.0	0	0.0	2189.7489860476926	1	0	2	1.4750210315045595
219284.7774338235	2000.0	764.5023409989335	0.0	0	0.0	2049.2797748222947	1	0	2	1.4884236734193799
220437.96875764165	2000.0	611.3110171808269	0.0	0	0.0	2049.2797748222947	1	0	1	1.4921920074036517
221014.68624122563	1000.0	1034.593533596841	0.0	0	0.0	2049.279774822324	1	0	1	0.30589764628375865
222428.6474192714	2000.0	620.6323555510938	0.0	0	0.0	2049.279774822324	1	0	1	0.9990448268437038
222937.7118086768	1000.0	1111.5679661456893	0.0	0	0.0	2049.279774822324	1	0	1	0.30589764628375865
224432.61228711513	2000.0	616.6674877073264	0.0	0	0.0	2049.279774822324	1	0	1	0.9990448268437038
224890.4518552618	1000.0	1158.8279195606576	0.0	0	0.0	2049.279774822324	1	0	1	0.30589764628375865
226066.8666116553	2000.0	982.413163167158	0.0	0	0.0	2049.279774822324	1	0	1	0.9990448268437038
227086.12516049604	2000.0	963.1546143264018	0.0	0	0.0	2049.2797748222947	1	0	1	1.6921920074036518
228408.45066964085	2000.0	640.8291051815968	0.0	0	0.0	2049.2797748222656	1	0	1	1.692192007403654
229263.37512879347	1000.0	785.9046460290004	0.0	0	0.0	2049.2797748222656	1	0	1	0.3058976462837645
230008.08273444898	1000.0	1041.197040373512	0.0	0	0.0	2049.2797748222365	1	0	1	0.9990448268437125
231201.31698358897	2000.0	847.9627912335002	0.0	0	0.0	2049.2797748222365	1	0	1	0.9990448268437124
232922.82991532196	2000.0	200.0	73.55014049951549	0	0.0	2122.829915321723	1	0	1	1.2483033604755536
233768.6840773653	1000.0	617.1938556625855	263.04801770592024	0	0.0	2385.87793302763	1	0	1	-1.3060502757722934
234226.84738885314	1000.0	1159.0305441747332	0.0	0	0.0	2385.87793302763	1	0	1	0.9653850110231732
235195.29514013248	2000.0	1190.58279289542	0.0	0	0.0	2385.87793302763	1	0	1	0.9653850110231732
235953.49343960307	2000.0	1432.3844934248318	0.0	0	0.0	2385.87793302763	1	0	1	1.6585321915831184
236927.59300762377	2000.0	1360.8749686020992	0.0	0	0.0	2288.4679762255982	1	0	2	1.266083595169217
237814.98759658137	2000.0	1562.2198385402705	0.0	0	0.0	2377.2074351213523	1	0	0	1.062093471542958
238856.01243902466	2000.0	1521.1949960969916	0.0	0	0.0	2377.2074351213814	1	0	1	1.4593992413737444
240161.60509452724	3000.0	1346.1616061446566	0.0	0	0.0	2507.7667006716074	1	0	0	1.2495150083710524
241458.14117948606	3000.0	1179.2791296817247	0.0	0	0.0	2637.420309167501	1	0	0	1.8423298250164537
242681.25757811498	3000.0	1078.474370915713	0.0	0	0.0	2759.7319490304217	1	0	0	1.829414126512083
243785.70806984382	3000.0	1084.4689283597884	0.0	0	0.0	2870.1769982033584	1	0	0	1.818654877595456
244488.74866741963	2000.0	1381.4283307839626	0.0	0	0.0	2870.1769982033584	1	0	1	1.004637176957381
245921.59520959412	2000.0	805.2971343920202	0.0	0	0.0	2726.8923439859354	1	0	2	1.221402723933668
247164.8314537585	2000.0	437.73726581122673	0.0	0	0.0	2602.5687195695355	1	0	2	1.433417730623962
247742.50149242507	1000.0	860.0672271446639	0.0	0	0.0	2602.5687195695064	1	0	1	0.050568751809039025
248739.0203629006	2000.0	863.5483566691363	0.0	0	0.0	2602.5687195695355	1	0	1	0.9437159323689843
249648.21985677083	2000.0	954.348862798918	0.0	0	0.0	2602.5687195695355	1	0	1	1.6368631129289277
250832.73648092538	2000.0	769.8322386443535	0.0	0	0.0	2602.5687195695355	1	0	1	1.6368631129289277
251488.76303975625	1000.0	1113.805679813498	0.0	0	0.0	2602.5687195695355	1	0	1	0.2505687518090375
251944.71306217954	1000.0	1657.855657390245	0.0	0	0.0	2602.5687195695646	1	0	1	0.9437159323689798
252908.0749652364	2000.0	1598.1575640276933	0.0	0	0.0	2506.232529263885	1	0	2	0.5510685388340333
253778.26269425446	2000.0	1640.9510621078164	0.0	0	0.0	2419.2137563620345	1	0	2	1.4527803398661838
254858.88575648973	2000.0	1452.265693649013	0.0	0	0.0	2311.15145013851	1	0	2	1.4629664727200449
256176.95365267745	2000.0	1002.3910078425362	0.0	0	0.0	2179.344660519768	1	0	2	1.4764217282597978
257153.17897775627	2000.0	928.5431502558365	0.0	0	0.0	2081.7221280118683	1	0	2	1.4859983578395601
258077.0344891278	2000.0	1004.687638884286	0.0	0	0.0	2081.7221280118392	1	0	1	1.488947772084697
259612.3433657154	2000.0	469.37876229670604	0.0	0	0.0	2081.7221280118392	1	0	1	1.6889477720846973
260272.29698353924	1000.0	809.4251444728475	0.0	0	0.0	2081.72212801181	1	0	1	0.30265341096481
260903.5649645236	1000.0	1178.1571634884695	0.0	0	0.0	2081.72212801181	1	0	1	0.9958005915247552
261571.627495964	1000.0	1510.0946320480734	0.0	0	0.0	2081.7221280118392	1	0	1	0.9958005915247545
262901.35970569006	2000.0	1180.3624223220222	0.0	0	0.0	2081.7221280118392	1	0	1	0.9958005915247516
264189.35279888334	2000.0	892.3693291287217	0.0	0	0.0	2081.7221280118392	1	0	1	1.6889477720846937
265345.3528085614	2000.0	736.3693194506541	0.0	0	0.0	2081.72212801181	1	0	1	1.6889477720847001
266660.08053099975	2000.0	421.64159701236457	0.0	0	0.0	2081.72212801181	1	0	1	1.6889477720847001
267558.26082444267	2000.0	550.1102560932659	26.64895252374339	0	0.0	2108.3710805356386	1	0	1	1.526389161689862
268641.6461913427	2000.0	466.7248891932458	0.0	0	0.0	2108.3710805356386	1	0	1	1.6862828768323173
269270.63719307183	1000.0	837.7338874641281	0.0	0	0.0	2108.371080535697	1	0	1	0.29998851571242136
270107.9212312305	1000.0	1000.4498493054034	0.0	0	0.0	2108.371080535697	1	0	1	0.9931356962723665
270713.2253090155	1000.0	1395.1457715203755	0.0	0	0.0	2108.3710805356386	1	0	1	0.9931356962723723
271428.4926050622	2000.0	1679.8784754736455	0.0	0	0.0	2108.3710805356386	1	0	1	0.9931356962723722
272516.799464051	2000.0	1700.4023023838183	0.0	0	0.0	2217.2017664345913	1	0	0	1.2784534899477429
273211.18726725696	2000.0	2075.453279498396	0.0	0	0.0	2286.6405467551667	1	0	0	1.4702111024391755
274895.1560811601	3000.0	1223.0875842048888	0.0	0	0.0	2118.2436653648037	1	0	2	1.0808174629671845
275780.7469043706	2000.0	1248.9376786732987	0.0	0	0.0	2029.6845830437378	1	0	2	1.0866953410268674
276505.2034719845	2000.0	1596.9267678207639	0.0	0	0.0	2102.1302398051484	1	0	0	1.088815479165305
277533.2730267091	2000.0	1671.6641685686457	0.0	0	0.0	2204.9371952776564	1	0	0	1.4792489618585574
278542.8445096047	2000.0	1561.1355373834567	0.0	0	0.0	2103.9800469879992	1	0	2	1.0842043895670337
279201.5347917731	2000.0	1836.576226998183	0.0	0	0.0	2038.1110187711893	1	0	2	1.4916834063407984
280200.0	2000.0	1738.2644979486504	0.0	0	341.70682024303824	1938.2644979485194	1	0	2	1.499649566926674
282695.6923866415	3000.0	242.57211130715083	0.0	0	0.0	1938.2644979485776	1	0	1	1.503293535091025
283134.4220391573	1000.0	803.8424587914186	0.0	0	0.0	1938.2644979485776	1	0	1	-0.0884659341370313
283924.10071004665	2000.0	1014.1637879020846	0.0	0	0.0	1938.2644979485776	1	0	1	1.0101463545310785
284734.8762702599	2000.0	1203.3882276888762	0.0	0	0.0	1938.2644979485776	1	0	1	1.7032935350910214
285701.51032502204	3000.0	1236.7541729267716	0.0	0	0.0	1938.2644979485776	1	0	1	1.7032935350910239
286442.2555931915	3000.0	1570.0834315742775	0.0	0	0.0	2012.3390247655334	1	0	0	1.703124895101182
287308.07912256883	3000.0	1790.8422551346553	0.0	0	0.0	2098.9213777031982	1	0	0	1.8951390331447409
288631.1070510457	3000.0	1600.1171195054765	0.0	0	0.0	2231.2241705508786	1	0	0	1.8831047225829078
289603.64625901973	3000.0	1724.8318323288331	0.0	0	0.0	2328.478091348312	1	0	0	1.8721748761294417
290578.2687279533	3000.0	1847.6716102886035	0.0	0	0.0	2425.940338241693	1	0	0	1.8625459027491957
292516.89003679244	3000.0	1102.912432333368	0.0	0	0.0	2619.8024691255414	1	0	0	1.8451539940495212
294579.23059222277	3000.0	246.80593244610583	0.0	0	0.0	2826.036524668627	1	0	0	1.8266003752435793
295073.6051653404	1000.0	752.4313593284301	0.0	0	0.0	2826.036524668627	1	0	1	-0.37724313680903654
295625.8657220913	1000.0	1200.1708025776093	0.0	0	0.0	2826.036524668627	1	0	1	0.9213691518590688
296378.7235317319	1000.0	1447.312992936976	0.0	0	0.0	2826.036524668685	1	0	1	0.9213691518590676
297513.53363079263	2000.0	1312.5028938762562	0.0	0	0.0	2826.0365246687434	1	0	1	0.9213691518590619
298841.9080233653	2000.0	851.2910620463813	0.0	0	0.0	2693.1990854115575	1	0	2	1.2246403112794584
299909.8909022381	2000.0	783.3081831736577	0.0	0	0.0	2693.1990854115575	1	0	1	1.4278000763447254
301432.7770758655	2000.0	260.4220095462895	0.0	0	0.0	2693.1990854115575	1	0	1	1.6278000763447256
302759.98365477694	1000.0	262.94975470357474	329.7343240686993	0	0.0	3022.933409480378	1	0	1	-1.7698301894358148
1.23	0.83	1.0	0.9	1.44	2.15	1.27	1.48	1.88	1.37	1.66	1.85	2.59	3.43	1.85	1.91	2.86	3.0	3.85	3.19	1.34	1.8	2.02	1.75	1.88	2.51	3.34	2.92	1.73	2.22	1.99	2.7	3.2	2.9	1.51	1.78	2.18	2.43	1.69	1.92	2.19	2.1	2.75	3.71	2.51	1.52	1.96	1.62	1.96	1.55	1.61	1.34	1.66	2.05	1.33	1.41	1.81	1.23	1.95	2.07	2.48	1.45	1.62	1.62	2.21	2.33	1.96	1.92	1.59	1.73	1.84	1.77	1.71	2.1	1.71	2.28	1.31	1.36	1.69	2.06	1.31	1.44	1.89	2.1	2.36	3.26	2.31	2.64	2.58	2.24	2.27	3.02	2.37	1.44	2.07	2.13	2.04	1.99	1.88	1.66	2.2	2.77	2.24	1.73	2.39	1.83	1.63	1.61	1.84	1.52	1.78	1.68	1.95	1.96	2.09	2.06	1.89	1.55	1.07	2.65	2.47	2.81	2.02	1.76	2.62	2.06	2.22	2.4	2.78	1.23	1.22	1.97	2.63	3.64	4.58	4.04	2.75	3.67	3.86	1.62	2.31	1.84	1.04	1.88	1.62	1.62	1.91	2.14	2.58	2.51	1.23	0.83	1.0	0.9	1.44	2.15	1.27	1.48	1.88	1.37	1.66	1.85	2.59	3.43	1.85	1.91	2.86	3.0	3.85	3.19	1.34	1.8	2.02	1.75	1.88	2.51	3.34	2.92	1.73	2.22	1.99	2.7	3.2	2.9	1.51	1.78	2.18	2.43	1.69	1.92	2.19	2.1	2.75	3.71	2.51	1.52	1.96	1.62	1.96	1.55	1.61	1.34	1.66	2.05	1.33	1.41	1.81	1.23	1.95	2.07	2.48	1.45	1.62	1.62	2.21	2.33	1.96	1.92	1.59	1.73	1.84	1.77	1.71	2.1	1.71	2.28	1.31	1.36	1.69	2.06	1.31	1.44	1.89	2.1	2.36	3.26	2.31	2.64	2.58	2.24	2.27	3.02	2.37	1.44	2.07	2.13	2.04	1.99	1.88	1.66	2.2	2.77	2.24	1.73	2.39	1.83	1.63	1.61	1.84	1.52	1.78	1.68	1.95	1.96	2.09	2.06	1.89	1.55	1.07	2.65	2.47	2.81	2.02	1.76	2.62	2.06	2.22	2.4	2.78	1.23	1.22	1.97	2.63	3.64	4.58	4.04	2.75	3.67	3.86	1.62	2.31	1.84	1.04	1.88	1.62	1.62	1.91	2.14	2.58	2.51	1.23	0.83	1.0
1.0	2.0	3.0	4.0	5.0	6.0	7.0	8.0	9.0	10.0	11.0	12.0	13.0	14.0	15.0	16.0	17.0	18.0	19.0	20.0	21.0	22.0	23.0	24.0	25.0	26.0	27.0	28.0	29.0	30.0	31.0	32.0	33.0	34.0	35.0	36.0	37.0	38.0	39.0	40.0	41.0	42.0	43.0	44.0	45.0	46.0	47.0	48.0	49.0	50.0	51.0	52.0	53.0	54.0	55.0	56.0	57.0	58.0	59.0	60.0	61.0	62.0	63.0	64.0	65.0	66.0	67.0	68.0	69.0	70.0	71.0	72.0	73.0	74.0	75.0	76.0	77.0	78.0	79.0	80.0	81.0	82.0	83.0	84.0	85.0	86.0	87.0	88.0	89.0	90.0	91.0	92.0	93.0	94.0	95.0	96.0	97.0	98.0	99.0	100.0	101.0	102.0	103.0	104.0	105.0	106.0	107.0	108.0	109.0	110.0	111.0	112.0	113.0	114.0	115.0	116.0	117.0	118.0	119.0	120.0	121.0	122.0	123.0	124.0	125.0	126.0	127.0	128.0	129.0	130.0	131.0	132.0	133.0	134.0	135.0	136.0	137.0	138.0	139.0	140.0	141.0	142.0	143.0	144.0	145.0	146.0	147.0	148.0	149.0	149.0	150.0	151.0	152.0	153.0	154.0	155.0	156.0	157.0	158.0	159.0	160.0	161.0	162.0	163.0	164.0	165.0	166.0	167.0	168.0	169.0	170.0	171.0	172.0	173.0	174.0	175.0	176.0	177.0	178.0	179.0	180.0	181.0	182.0	183.0	184.0	185.0	186.0	187.0	188.0	189.0	190.0	191.0	192.0	193.0	194.0	195.0	196.0	197.0	198.0	199.0	200.0	201.0	202.0	203.0	204.0	205.0	206.0	207.0	208.0	209.0	210.0	211.0	212.0	213.0	214.0	215.0	216.0	217.0	218.0	219.0	220.0	221.0	222.0	223.0	224.0	225.0	226.0	227.0	228.0	229.0	230.0	231.0	232.0	233.0	234.0	235.0	236.0	237.0	238.0	239.0	240.0	241.0	242.0	243.0	244.0	245.0	246.0	247.0	248.0	249.0	250.0	251.0	252.0	253.0	254.0	255.0	256.0	257.0	258.0	259.0	260.0	261.0	262.0	263.0	264.0	265.0	266.0	267.0	268.0	269.0	270.0	271.0	272.0	273.0	274.0	275.0	276.0	277.0	278.0	279.0	280.0	281.0	282.0	283.0	284.0	285.0	286.0	287.0	288.0	289.0	290.0	291.0	292.0	293.0	294.0	295.0	296.0	297.0	298.0	298.0	299.0	300.0	301.0
2553.8816792548646
