4672.935776198772	300.0	2000.0	269.85112492477526	0	0.0	4672.935776198772	1	0	2	-2.4803387746657504
5503.771040872838	1000.0	2169.164735325934	0.0	0	0.0	4672.935776198773	1	0	1	-0.6672935776198773
6289.219765194618	1000.0	2305.1711385719764	0.0	0	0.0	4594.390903766595	1	0	2	0.3426796309012528
7762.865314496097	2000.0	1684.1610343403495	0.0	0	0.0	4447.026348836448	1	0	2	0.5547180749579896
8493.703042906709	1000.0	1880.2395330886757	0.0	0	0.0	4373.9425759953865	1	0	2	-0.12841736461471154
9453.069770602904	1000.0	1824.9361326228616	0.0	0	0.0	4278.005903225767	1	0	2	0.5739707151185212
10543.852584067468	1000.0	1625.0750378118405	0.0	0	0.0	4168.92762187931	1	0	2	0.5835223846523161
11803.39508414927	1000.0	1239.5782877218585	0.0	0	0.0	4042.9733718711286	1	0	2	0.5970524845511959
12758.650575062511	1000.0	1188.7972477172934	0.0	0	0.0	3947.4478227798063	1	0	2	0.6067902972327073
13631.141972655309	1000.0	1229.0567103652163	0.0	0	0.0	3860.1986830205296	1	0	2	0.6158459403450685
14499.19206526753	1000.0	1274.2016084917723	0.0	0	0.0	3773.3936737593085	1	0	2	0.6248024295716684
15153.831687002727	1000.0	1554.0980245830556	0.0	0	0.0	3707.929711585786	1	0	2	0.6315575146632777
15872.85400036979	1000.0	1763.173479879284	0.0	0	0.0	3636.0274802490803	1	0	2	0.6384733490755626
16518.67543523024	1000.0	2052.769901532791	0.0	0	0.0	3571.4453367630394	1	0	2	0.6447016303627936
17359.28723869928	1000.0	2128.0969177168536	0.0	0	0.0	3487.3841564161394	1	0	2	0.6531009135105231
18888.72088151918	1000.0	1445.7199106149571	0.0	0	0.0	3334.4407921341444	1	0	2	0.6668704905783169
19886.60906326027	1000.0	1348.042910699757	0.0	0	0.0	3234.651973960037	1	0	2	0.6779822468374175
21171.40683858864	1000.0	934.7653578385554	0.0	0	0.0	3106.1721964272	1	0	2	0.6897382018186207
21927.924887128484	1000.0	1178.2473092987054	0.0	0	0.0	3106.1721964271965	1	0	1	0.6933555846832163
23224.162423021284	1000.0	882.0097734059067	0.0	0	0.0	3106.172196427193	1	0	1	0.893355584683217
24021.5283603092	1000.0	1084.6438361179908	0.0	0	0.0	3106.172196427193	1	0	1	0.893355584683217
25629.127737294297	1000.0	477.0444591328914	0.0	0	0.0	3106.172196427193	1	0	1	0.893355584683217
26382.802450553398	500.0	723.3697458737895	0.0	0	0.0	3106.1721964271965	1	0	1	-0.4929387764366744
27503.49771946534	1000.0	602.6744769618491	0.0	0	0.0	3106.1721964271965	1	0	1	0.2002084041232711
28252.65719237167	1000.0	853.5150040555209	0.0	0	0.0	3106.1721964271965	1	0	1	0.8933555846832165
29269.237094895583	1000.0	836.9351015316051	0.0	0	0.0	3106.1721964271965	1	0	1	0.8933555846832165
30314.176570256917	1000.0	791.995626170268	0.0	0	0.0	3106.172196427193	1	0	1	0.893355584683217
31176.31984602113	1000.0	929.8523504060491	0.0	0	0.0	3106.1721964271965	1	0	1	0.8933555846832165
32037.46918352995	1000.0	1068.7030128972347	0.0	0	0.0	3106.172196427193	1	0	1	0.893355584683217
32807.17846334587	1000.0	1298.9937330813193	0.0	0	0.0	3106.1721964272	1	0	1	0.8933555846832164
33593.49243029825	1000.0	1512.679766128932	0.0	0	0.0	3106.1721964271965	1	0	1	0.8933555846832165
34719.88428304462	1000.0	1386.2879133825638	0.0	0	0.0	3106.1721964272037	1	0	1	0.8933555846832163
35553.484927774436	1000.0	1469.3272041797688	0.0	0	0.0	3022.812131954226	1	0	2	0.4997441026562113
36133.24760296848	1000.0	1831.5882614663262	0.0	0	0.0	2964.835864434819	1	0	2	0.7061179821483661
36772.592613904155	1000.0	2128.308749437083	0.0	0	0.0	2900.901363341254	1	0	2	0.7122916444392742
37780.389607392244	2000.0	2019.732056600187	0.0	0	0.0	2800.121663992446	1	0	2	0.721228555680151
38974.1314305596	2000.0	1706.616051116083	0.0	0	0.0	2680.747481675702	1	0	2	1.425141614387781
39787.82506933928	1000.0	1892.9224123364088	0.0	0	0.0	2680.747481675695	1	0	1	0.042750875598421445
41354.60547487946	1000.0	1326.142006796222	0.0	0	0.0	2680.7474816756876	1	0	1	0.9358980561583674
41868.78075792422	1000.0	1811.9667237514725	0.0	0	0.0	2680.7474816756876	1	0	1	0.9358980561583674
43491.83550867019	2000.0	1026.6064979309106	0.0	0	0.0	2518.4420066010935	1	0	2	0.5476055873849457
44401.46830342272	1000.0	1116.973703178378	0.0	0	0.0	2518.4420066010935	1	0	1	0.05898142310588145
45223.037545893116	1000.0	1295.404460707985	0.0	0	0.0	2518.4420066011007	1	0	1	0.9521286036658261
46106.2402465134	1000.0	1412.201760087702	0.0	0	0.0	2518.4420066011007	1	0	1	0.9521286036658261
46742.013677647585	1000.0	1776.4283289535165	0.0	0	0.0	2518.4420066011007	1	0	1	0.9521286036658261
47650.24932177682	1000.0	1868.1926848242772	0.0	0	0.0	2518.4420066011007	1	0	1	0.9521286036658261
48456.15964784263	1000.0	2062.282358758465	0.0	0	0.0	2518.4420066011007	1	0	1	0.9521286036658261
49352.864019953144	1000.0	2165.577986647952	0.0	0	0.0	2518.4420066011007	1	0	1	0.9521286036658261
50509.56031372049	2000.0	1893.212063503867	0.0	0	0.0	2402.7723772243626	1	0	2	0.560248163774855
51228.819873826884	1000.0	2102.0265473868394	0.0	0	0.0	2330.846421213726	1	0	2	0.0760475591596669
52200.0	1000.0	2033.7284085963986	0.0	0	492.3873323996813	2233.728408596391	1	0	2	0.7767402513234429
53200.0	2000.0	1933.7284085963875	0.0	0	22.789120395951613	2133.7284085963765	1	0	2	0.7878915482651989
55363.201757551346	2000.0	554.2064752898942	0.0	0	0.0	1917.408232841226	1	0	2	1.4985384070111043
56299.75566445147	1000.0	617.6525683897771	0.0	0	0.0	1917.408232841226	1	0	1	0.11908480048186815
57435.05203302253	1000.0	482.35619981871747	0.0	0	0.0	1917.4082328412333	1	0	1	1.012231981041813
58175.180757105314	1000.0	742.2274757359374	0.0	0	0.0	1917.4082328412333	1	0	1	1.012231981041813
58949.37218986102	1000.0	968.0360429802342	0.0	0	0.0	1917.4082328412333	1	0	1	1.012231981041813
59616.90877846934	1000.0	1300.499454371911	0.0	0	0.0	1917.4082328412333	1	0	1	1.012231981041813
60941.61118797633	2000.0	975.7970448649309	0.0	0	0.0	1917.4082328412333	1	0	1	1.0122319810418128
62116.68849569181	1000.0	800.7197371494619	0.0	0	0.0	1917.4082328412333	1	0	1	0.3190848004818677
62810.76165251981	1000.0	1106.6465803214585	0.0	0	0.0	1917.4082328412405	1	0	1	1.0122319810418121
63513.68615050087	1000.0	1403.7220823404	0.0	0	0.0	1917.4082328412405	1	0	1	1.0122319810418121
64419.89314344039	1000.0	1497.515089400882	0.0	0	0.0	1917.4082328412405	1	0	1	1.0122319810418121
65522.63284124024	1000.0	1394.775391601036	0.0	0	0.0	1917.4082328412405	1	0	1	1.0122319810418121
66227.51244382291	1000.0	1689.8957890183676	0.0	0	0.0	1917.4082328412405	1	0	1	1.0122319810418121
67200.0	1000.0	1717.4082328412765	0.0	0	250.620501972051	1917.4082328412333	1	0	1	1.0122319810418121
69367.14991856825	2000.0	550.2583142730253	0.0	0	0.0	1917.4082328412187	1	0	1	1.0122319810418139
70058.56958242497	1000.0	858.8386504162859	0.0	0	0.0	1917.4082328412042	1	0	1	0.3190848004818706
70674.12604408801	1000.0	1243.282188753242	0.0	0	0.0	1917.4082328412042	1	0	1	1.0122319810418159
71215.48852109969	1000.0	1701.919711741565	0.0	0	0.0	1917.4082328412042	1	0	1	1.0122319810418159
72487.21524352663	2000.0	1430.1929893146125	0.0	0	0.0	1917.4082328411896	1	0	1	1.0122319810418172
73416.5273155872	1000.0	1500.8809172540518	0.0	0	0.0	1917.4082328411896	1	0	1	0.31908480048187204
74200.0	1000.0	1717.4082328412662	0.0	0	152.6498709784355	1917.4082328411896	1	0	1	1.0122319810418172
75338.3152490881	2000.0	1579.0929837531514	0.0	0	0.0	1917.4082328411896	1	0	1	1.0122319810418172
77025.69101962545	2000.0	722.9796361620704	0.0	0	0.0	1748.6706557874277	1	0	2	1.3174669181165224
77739.48340209799	1000.0	1009.1872536895283	0.0	0	0.0	1748.6706557874422	1	0	1	0.13595855818724656
78432.40004236814	1000.0	1316.270613419384	0.0	0	0.0	1748.6706557874568	1	0	1	1.0291057387471905
79687.06923415686	2000.0	1061.6014216306685	0.0	0	0.0	1748.6706557874568	1	0	1	1.0291057387471905
81074.3619947406	2000.0	674.3086610469446	0.0	0	0.0	1748.6706557874568	1	0	1	1.7222529193071356
82447.46332785836	2000.0	301.2073279291926	0.0	0	0.0	1748.6706557874568	1	0	1	1.7222529193071356
83374.33735945435	1000.0	521.76158765277	147.42829131956404	0	0.0	1896.0989471070206	1	0	1	-0.5633540188620951
84409.96872082808	1000.0	486.13022627903524	0.0	0	0.0	1896.0989471070206	1	0	1	1.0143629096152342
85421.63596760933	1000.0	512.907213155519	38.44423365770746	0	0.0	1934.5431807647255	1	0	1	0.779853084303219
86473.2624959417	1000.0	461.28068482315905	0.0	0	0.0	1934.5431807647255	1	0	1	1.0105184862494636
87962.81935728874	1000.0	270.83660576937916	299.11278229326024	0	0.0	2233.655963058118	1	0	1	-0.8140694857394368
88643.6650559483	500.0	677.5005141610688	87.50960705125628	0	0.0	2321.165570109355	1	0	1	-0.9394957561124277
90054.20478897236	1000.0	339.21209538713606	72.25131425012927	0	0.0	2393.4168843594816	1	0	1	-0.16202395017073312
90741.36356955016	1000.0	656.8314833347868	4.778168525448081	0	0.0	2398.1950528849266	1	0	1	0.935484287884755
91389.9745582513	1000.0	1008.2204946336631	0.0	0	0.0	2398.1950528849266	1	0	1	0.9641532990374435
92189.87123670304	1000.0	1208.3238161819204	0.0	0	0.0	2398.1950528849266	1	0	1	0.9641532990374435
94660.58513222545	2000.0	200.0	462.39007934048556	0	0.0	2860.5851322254166	1	0	1	-1.8416625182412016
96143.58964422764	1000.0	203.25919304258588	486.2637050447896	0	0.0	3346.848837270227	1	0	1	-2.7414092483977104
96738.79237813337	500.0	678.9277662164137	118.53780042739069	0	0.0	3417.7201443497906	1	0	2	-1.6367882976565604
97399.38583214227	500.0	952.2749668066112	0.0	0	0.0	3351.660798948913	1	0	2	-0.025670465901853845
98460.80410994957	1000.0	890.8566889993027	0.0	0	0.0	3351.660798948913	1	0	1	-0.024340456128900678
99436.52165068945	1000.0	915.1391482594132	0.0	0	0.0	3351.6607989489275	1	0	1	0.8688067244310433
100601.96827944405	1000.0	749.6925195048234	0.0	0	0.0	3351.6607989489275	1	0	1	0.8688067244310433
101450.41126778866	1000.0	901.2495311602046	0.0	0	0.0	3351.6607989489275	1	0	1	0.8688067244310433
102376.94149237768	1000.0	974.719306571197	0.0	0	0.0	3351.6607989489275	1	0	1	0.8688067244310433
103150.52686591746	1000.0	1201.1339330314213	0.0	0	0.0	3351.6607989489275	1	0	1	0.8688067244310433
104251.96988679188	1000.0	1099.690912157002	0.0	0	0.0	3351.6607989489275	1	0	1	0.8688067244310433
104837.03142145259	1000.0	1514.6293774962878	0.0	0	0.0	3351.6607989489275	1	0	1	0.8688067244310433
105444.87584125788	1000.0	1906.7849576909996	0.0	0	0.0	3351.6607989489275	1	0	1	0.8688067244310433
106406.67427761023	2000.0	1848.8066777034126	0.0	0	0.0	3255.480955313702	1	0	2	0.4756031479829132
107445.16453965852	1000.0	1706.4673894502955	0.0	0	0.0	3151.631929108873	1	0	2	-0.007408574510630345
108952.32014630808	1000.0	1048.596222135784	0.0	0	0.0	3000.9163684439263	1	0	2	0.6995123669030872
109707.9239026653	1000.0	1292.9924657785596	0.0	0	0.0	3000.916368443941	1	0	1	0.703881167481542
110304.51432006765	1000.0	1696.4020483761997	0.0	0	0.0	3000.916368443941	1	0	1	0.9038811674815421
110944.31953536654	1000.0	1992.6163115474242	0.0	0	0.0	2936.9358469140425	1	0	2	0.5086430603899257
112332.18167414286	2000.0	1465.9679588934564	0.0	0	0.0	2798.1496330364025	1	0	2	0.7208354391203902
113958.57294804054	2000.0	676.9375576060154	0.0	0	0.0	2635.5105056466273	1	0	2	1.4288789284891
115485.6721626077	1000.0	267.9120474176675	118.07370437882082	0	0.0	2753.584210025452	1	0	1	-0.6692224479606999
116010.50067604422	500.0	748.6771602257829	5.593626244619202	0	0.0	2759.1778362700716	1	0	1	-0.491801097888677
116720.7035249115	1000.0	1038.4743113584982	0.0	0	0.0	2759.177836270057	1	0	1	0.23490784013898502
117777.2319785143	1000.0	981.9458577557052	0.0	0	0.0	2759.177836270057	1	0	1	0.9280550206989304
119253.49955135616	1000.0	505.67828491386314	0.0	0	0.0	2759.177836270057	1	0	1	0.9280550206989304
120045.73750516809	1000.0	713.4403311019305	0.0	0	0.0	2759.177836270057	1	0	1	0.9280550206989304
120877.26438816203	1000.0	881.9134481079809	0.0	0	0.0	2759.177836270057	1	0	1	0.9280550206989304
121576.71104032561	1000.0	1182.466795944418	0.0	0	0.0	2759.177836270057	1	0	1	0.9280550206989304
122505.31447491811	1000.0	1253.863361351911	0.0	0	0.0	2759.177836270057	1	0	1	0.9280550206989304
123341.17460655025	1000.0	1418.0032297197677	0.0	0	0.0	2759.1778362700716	1	0	1	0.9280550206989296
124373.88666187855	1000.0	1385.2911743914606	0.0	0	0.0	2759.1778362700716	1	0	1	0.9280550206989291
125795.54979204817	1000.0	963.6280442218564	0.0	0	0.0	2759.1778362700716	1	0	1	0.9280550206989291
126719.7460801716	1000.0	1039.4317560984393	0.0	0	0.0	2759.177836270086	1	0	1	0.9280550206989275
127713.48828332176	1000.0	1045.6895529482672	0.0	0	0.0	2759.1778362700716	1	0	1	0.9280550206989291
128495.65059014228	1000.0	1263.5272461277361	0.0	0	0.0	2759.1778362700716	1	0	1	0.9280550206989291
129671.59742027431	1000.0	1087.580415995712	0.0	0	0.0	2759.1778362700716	1	0	1	0.9280550206989291
130561.61234683833	1000.0	1197.5654894317047	0.0	0	0.0	2759.177836270086	1	0	1	0.9280550206989275
131359.3085639522	1000.0	1399.86927231785	0.0	0	0.0	2759.177836270086	1	0	1	0.9280550206989275
131894.96405756683	1000.0	1864.2137787032023	0.0	0	0.0	2759.1778362700716	1	0	1	0.928055020698929
133443.8827686971	2000.0	1160.4031964598998	0.0	0	0.0	2604.285965157047	1	0	2	0.5387889427634456
134717.49539694263	1000.0	886.790568214389	0.0	0	0.0	2604.2859651570616	1	0	1	0.050397027250284776
135678.27981715553	1000.0	926.0061480014542	0.0	0	0.0	2604.2859651570616	1	0	1	0.9435442078102301
136420.30879443078	1000.0	1183.9771707262294	0.0	0	0.0	2604.2859651570907	1	0	1	0.9435442078102272
137256.40204855864	1000.0	1347.883916598389	0.0	0	0.0	2604.2859651570907	1	0	1	0.9435442078102272
138283.63493406202	1000.0	1320.651031094954	0.0	0	0.0	2604.2859651570907	1	0	1	0.9435442078102272
138929.50307917062	1000.0	1674.7828859863569	0.0	0	0.0	2604.2859651570907	1	0	1	0.9435442078102272
141216.89184646154	2000.0	200.0	37.58614366696173	0	0.0	2416.891846461658	1	0	2	0.3348019974643248
142044.162676725	1000.0	543.0885674524343	170.35939771588332	0	0.0	2587.251244177547	1	0	1	-0.9700558869470642
142668.21006023025	1000.0	919.0411839471798	0.0	0	0.0	2587.251244177547	1	0	1	0.9452476799081815
143524.87808495015	1000.0	1062.3731592272725	0.0	0	0.0	2587.251244177547	1	0	1	0.9452476799081815
145029.16905671428	1000.0	558.0821874631306	0.0	0	0.0	2587.251244177547	1	0	1	0.9452476799081815
145835.9667875491	1000.0	751.2844566282748	0.0	0	0.0	2587.251244177518	1	0	1	0.9452476799081844
146639.09827286153	1000.0	948.152971315841	0.0	0	0.0	2587.251244177518	1	0	1	0.9452476799081844
147490.44168660982	1000.0	1096.8095575675436	0.0	0	0.0	2587.251244177489	1	0	1	0.9452476799081873
148404.29005662896	1000.0	1182.9611875484231	0.0	0	0.0	2587.251244177489	1	0	1	0.9452476799081873
149125.84254908256	1000.0	1461.4086950947972	0.0	0	0.0	2587.2512441774597	1	0	1	0.9452476799081901
149831.89802641785	1000.0	1755.3532177594818	0.0	0	0.0	2587.2512441774597	1	0	1	0.9452476799081901
150653.69097768387	1000.0	1933.5602664934543	0.0	0	0.0	2587.2512441774597	1	0	1	0.9452476799081901
151997.44179447222	2000.0	1455.4343680263255	0.0	0	0.0	2452.8761624986655	1	0	2	0.554662787192286
153189.78883256213	1000.0	1263.0873299363866	0.0	0	0.0	2452.8761624986655	1	0	1	0.06553800751612421
153749.63904712256	1000.0	1703.237115375965	0.0	0	0.0	2452.8761624986655	1	0	1	0.9586851880760696
155041.01695321273	2000.0	1411.8592092858046	0.0	0	0.0	2452.8761624986364	1	0	1	0.9586851880760724
155639.54567755217	1000.0	1813.3304849463782	0.0	0	0.0	2452.8761624986364	1	0	1	0.26553800751612733
157616.65855972318	2000.0	638.5063145582965	0.0	0	0.0	2255.1648742815596	1	0	2	0.5725615977872283
158405.9529760643	1000.0	849.2118982172101	0.0	0	0.0	2255.1648742815887	1	0	1	0.08530913633783194
159056.01104206333	1000.0	1199.1538322181405	0.0	0	0.0	2255.1648742815596	1	0	1	0.9784563168977802
160330.96299609554	1000.0	924.2018781859251	0.0	0	0.0	2255.1648742815305	1	0	1	0.9784563168977831
161177.84110239957	1000.0	1077.3237718818948	0.0	0	0.0	2255.1648742815305	1	0	1	0.9784563168977831
162429.26143803998	1000.0	825.9034362414936	0.0	0	0.0	2255.1648742815596	1	0	1	0.9784563168977802
163205.60886268396	1000.0	1049.5560115975038	0.0	0	0.0	2255.1648742815596	1	0	1	0.9784563168977802
164225.69904162042	1000.0	1029.4658326610383	0.0	0	0.0	2255.1648742815596	1	0	1	0.9784563168977802
164777.72996335858	1000.0	1477.4349109228858	0.0	0	0.0	2255.1648742815596	1	0	1	0.9784563168977802
166424.27604524602	2000.0	830.8888290354583	0.0	0	0.0	2255.1648742815596	1	0	1	0.9784563168977802
167933.76515585787	1000.0	321.3997184236267	0.0	0	0.0	2255.1648742815887	1	0	1	0.28530913633783284
169009.35224542758	1000.0	435.86422266031093	190.05159380640217	0	0.0	2445.2164680880087	1	0	1	-0.18085840532127753
170332.9144652952	1000.0	284.3995957680188	172.09759297532133	0	0.0	2617.3140610633127	1	0	1	-0.09034415963232323
171166.90337305766	1000.0	588.6025808899983	138.19189288442215	0	0.0	2755.5059539477516	1	0	1	0.09927085162462812
172043.57538525693	1000.0	711.9305686907205	0.0	0	0.0	2755.5059539477807	1	0	1	0.928422208931158
173103.80663253437	1000.0	651.6993214133275	0.0	0	0.0	2755.5059539477807	1	0	1	0.928422208931158
174763.1536102559	1000.0	226.31396800427285	233.9616243124593	0	0.0	2989.467578260257	1	0	1	-0.4976958826786819
175272.34534474593	500.0	720.2329299537994	49.11806353507404	0	0.0	2992.57827469983	1	0	2	-1.1774764335727868
175978.52456602952	1000.0	1014.0537086702254	0.0	0	0.0	2992.578274699801	1	0	1	0.011567796296010402
176983.75640698848	1000.0	1008.8218677112868	0.0	0	0.0	2992.578274699801	1	0	1	0.904714976855956
177841.73264074698	1000.0	1150.845633952828	0.0	0	0.0	2992.578274699801	1	0	1	0.904714976855956
179017.4615338101	1000.0	975.1167408897281	0.0	0	0.0	2992.578274699801	1	0	1	0.904714976855956
180246.25562951647	1000.0	746.3226451833395	0.0	0	0.0	2992.57827469983	1	0	1	0.9047149768559531
181302.88848001597	1000.0	689.6897946838496	0.0	0	0.0	2992.5782746998593	1	0	1	0.9047149768559503
182155.48306866724	1000.0	837.0952060325693	0.0	0	0.0	2992.5782746998593	1	0	1	0.9047149768559503
182976.8378747198	1000.0	1015.7403999800205	0.0	0	0.0	2992.57827469983	1	0	1	0.9047149768559531
183863.19137469135	1000.0	1129.3869000084578	0.0	0	0.0	2992.57827469983	1	0	1	0.9047149768559531
184562.56833290093	1000.0	1430.009941798868	0.0	0	0.0	2992.5782746998593	1	0	1	0.9047149768559503
185135.2050005292	1000.0	1857.3732741705971	0.0	0	0.0	2992.5782746998593	1	0	1	0.9047149768559503
185830.48983978943	1000.0	2092.559950984353	0.0	0	0.0	2923.049790773832	1	0	2	0.5099840659013797
186815.6026680601	2000.0	2008.9358398865847	0.0	0	0.0	2824.538507946738	1	0	2	0.7186864271649601
188998.09028850365	2000.0	608.1994573987013	0.0	0	0.0	2606.2897459023807	1	0	2	1.4300027669413098
190255.14766628805	1000.0	351.14207961432794	0.0	0	0.0	2606.2897459023807	1	0	1	0.050196649175752894
190783.99790618906	1000.0	822.2918397133069	0.0	0	0.0	2606.2897459023807	1	0	1	0.9433438297356982
191614.86086165826	1000.0	991.4288842441164	0.0	0	0.0	2606.2897459023807	1	0	1	0.9433438297356982
192424.5577676325	1000.0	1181.7319782698955	0.0	0	0.0	2606.28974590241	1	0	1	0.9433438297356953
193120.18784566835	1000.0	1486.1019002340527	0.0	0	0.0	2606.2897459023807	1	0	1	0.9433438297356982
193837.36491636766	1000.0	1768.9248295347381	0.0	0	0.0	2606.28974590241	1	0	1	0.9433438297356953
195787.24760767116	2000.0	624.053869100882	0.0	0	0.0	2411.3014767720597	1	0	2	0.5580411902664296
196708.9428406512	1000.0	702.358636120845	0.0	0	0.0	2411.3014767720597	1	0	1	0.0696954760887849
197356.82921446656	1000.0	1054.4722623054781	0.0	0	0.0	2411.3014767720597	1	0	1	0.9628426566487303
198180.52151658654	1000.0	1230.7799601854952	0.0	0	0.0	2411.3014767720597	1	0	1	0.9628426566487303
198955.14305345347	1000.0	1456.158423318538	0.0	0	0.0	2411.3014767720597	1	0	1	0.9628426566487303
199997.22129328965	1000.0	1414.0801834823585	0.0	0	0.0	2411.3014767720597	1	0	1	0.9628426566487303
200765.78522823556	1000.0	1645.5162485364538	0.0	0	0.0	2411.3014767720597	1	0	1	0.9628426566487303
201613.39076980329	2000.0	1797.9107069687523	0.0	0	0.0	2411.3014767720597	1	0	1	0.9628426566487303
202359.58249075388	2000.0	1977.0998139231287	0.0	0	0.0	2336.6823046770587	1	0	2	1.261364224484641
204412.7787661441	2000.0	718.5839109938807	0.0	0	0.0	2131.3626771380077	1	0	2	1.4776474717384434
205739.73392768967	1000.0	391.62874944832924	0.0	0	0.0	2131.3626771379786	1	0	1	0.09768935605219231
206531.7134793142	1000.0	643.5204668181437	43.871268994328204	0	0.0	2175.233946132328	1	0	1	0.7232217957467348
207379.87911250698	1000.0	795.3548336253414	0.0	0	0.0	2175.233946132328	1	0	1	0.9864494097127035
208248.2563873361	1000.0	926.9775587962296	0.0	0	0.0	2175.233946132299	1	0	1	0.9864494097127063
208989.28300725552	1000.0	1185.9509388767522	0.0	0	0.0	2175.23394613227	1	0	1	0.9864494097127092
209703.74559733478	1000.0	1471.488348797504	0.0	0	0.0	2175.233946132299	1	0	1	0.9864494097127063
210693.81269787147	1000.0	1481.42124826084	0.0	0	0.0	2175.23394613227	1	0	1	0.9864494097127092
211659.61419577186	1000.0	1515.6197503604947	0.0	0	0.0	2175.233946132328	1	0	1	0.9864494097127041
212712.3158662479	1000.0	1462.9180798844538	0.0	0	0.0	2175.233946132299	1	0	1	0.9864494097127058
213549.83250558196	1000.0	1625.4014405503856	0.0	0	0.0	2175.233946132299	1	0	1	0.9864494097127063
214421.67266885602	1000.0	1753.5612772763402	0.0	0	0.0	2175.233946132299	1	0	1	0.9864494097127063
215398.18862384453	1000.0	1777.0453222878282	0.0	0	0.0	2175.233946132328	1	0	1	0.9864494097127035
217731.72568328696	2000.0	210.1545569011231	0.0	0	0.0	1941.8802401880675	1	0	2	0.6015714612854881
218900.88618030783	1000.0	525.9366281351131	484.94256825487287	0	0.0	2426.8228084429575	1	0	1	-2.8415120666075424
219594.10339178576	1000.0	832.7194166571956	0.0	0	0.0	2426.8228084429284	1	0	1	0.9612905234816433
220131.6881573459	1000.0	1295.1346510970634	0.0	0	0.0	2426.8228084429284	1	0	1	0.9612905234816433
220821.19564581176	1000.0	1605.627162631188	0.0	0	0.0	2426.8228084429284	1	0	1	0.9612905234816433
221879.80753286247	1000.0	1547.0152755805036	0.0	0	0.0	2426.8228084429284	1	0	1	0.9612905234816433
222612.30718293224	1000.0	1814.5156255107115	0.0	0	0.0	2426.8228084428993	1	0	1	0.9612905234816462
223798.78352660837	2000.0	1509.3916474669456	0.0	0	0.0	2308.175174075266	1	0	2	0.5704056545210703
225099.73699325352	2000.0	1078.3428341572676	0.0	0	0.0	2178.079827410722	1	0	2	1.4756456490410816
225674.42689949868	1000.0	1503.6529279121087	0.0	0	0.0	2178.079827410722	1	0	1	0.09301764102491861
226332.86611506096	1000.0	1845.2137123497876	0.0	0	0.0	2178.079827410722	1	0	1	0.986164821584864
227441.13463489988	2000.0	1736.9451925108503	0.0	0	0.0	2178.079827410693	1	0	1	0.9861648215848657
228584.87792883304	2000.0	1478.8275691843576	0.0	0	0.0	2063.7054980173416	1	0	2	1.2875143772533222
230119.1689983807	2000.0	791.1073926819167	0.0	0	0.0	1910.2763910625654	1	0	2	1.5021429367063461
231657.03845546523	2000.0	253.23793559737547	0.0	0	0.0	1910.2763910626236	1	0	1	1.5060923457796198
232596.33039731646	1000.0	484.3048722921834	170.35887854604175	0	0.0	2080.6352696086688	1	0	1	-0.7193911744711268
233335.410044628	1000.0	745.2252249806759	0.0	0	0.0	2080.6352696086688	1	0	1	0.9959092773650693
234378.38405188368	1000.0	702.2512177249848	0.0	0	0.0	2080.6352696086688	1	0	1	0.9959092773650693
235502.26060485461	1000.0	578.37466475406	0.0	0	0.0	2080.6352696086688	1	0	1	0.9959092773650693
236918.9229454515	1000.0	304.4941785513432	142.7818543941561	0	0.0	2223.4171240028227	1	0	1	0.12493996556071724
237756.15324669707	500.0	596.6877163183633	129.42383901258302	0	0.0	2352.84096301542	1	0	1	-1.1941486871709945
238532.74288147342	500.0	820.0980815419902	0.0	0	0.0	2352.840963015391	1	0	1	0.2755415274644516
239494.00554213196	1000.0	858.8354208834219	0.0	0	0.0	2352.840963015391	1	0	1	0.2755415274644505
240117.21518077902	1000.0	1235.6257822363784	0.0	0	0.0	2352.840963015391	1	0	1	0.9686887080243971
240679.3818296114	1000.0	1673.459133403977	0.0	0	0.0	2352.840963015362	1	0	1	0.9686887080244
242268.9898309663	2000.0	1083.8511320490866	0.0	0	0.0	2352.840963015391	1	0	1	0.9686887080243969
243299.60193208576	1000.0	1053.2390309296477	0.0	0	0.0	2352.84096301542	1	0	1	0.2755415274644514
244465.81823593145	1000.0	887.0227270839547	0.0	0	0.0	2352.84096301542	1	0	1	0.9686887080243942
245495.67852962963	1000.0	857.1624333857711	0.0	0	0.0	2352.8409630154492	1	0	1	0.9686887080243923
246426.8463389114	1000.0	925.994624104013	0.0	0	0.0	2352.8409630154492	1	0	1	0.9686887080243912
247414.95700762697	1000.0	937.8839553884194	0.0	0	0.0	2352.8409630154492	1	0	1	0.9686887080243894
248291.49227836521	1000.0	1061.3486846501823	0.0	0	0.0	2352.8409630154783	1	0	1	0.9686887080243907
249271.1492494808	1000.0	1081.6917135345573	0.0	0	0.0	2352.84096301542	1	0	1	0.9686887080243918
250076.97303231145	1000.0	1275.8679307039158	0.0	0	0.0	2352.8409630154492	1	0	1	0.9686887080243912
251093.23828928152	1000.0	1259.6026737338527	0.0	0	0.0	2352.8409630154783	1	0	1	0.9686887080243883
251687.5394219066	1000.0	1665.3015411087445	0.0	0	0.0	2352.8409630154783	1	0	1	0.9686887080243883
253129.28873438513	2000.0	1223.5522286302357	0.0	0	0.0	2352.8409630154783	1	0	1	0.9686887080243882
254033.79734826335	1000.0	1319.0436147520315	0.0	0	0.0	2352.8409630154783	1	0	1	0.27554152746444316
254708.68500290037	1000.0	1644.155960114993	0.0	0	0.0	2352.8409630154783	1	0	1	0.9686887080243883
256714.45235803814	2000.0	437.8118694634427	0.0	0	0.0	2152.264227501728	1	0	2	0.5825277463287672
258366.06997884688	1000.0	293.94811505955124	507.75386640482157	0	0.0	2660.0180939064303	1	0	1	-2.9981507949091295
258909.95690479886	1000.0	750.0611891075773	0.0	0	0.0	2660.0180939064303	1	0	1	0.9379709949352932
259534.5589102869	1000.0	1125.4591836195168	0.0	0	0.0	2660.0180939064303	1	0	1	0.9379709949352932
260144.73034458995	1000.0	1515.2877493164308	0.0	0	0.0	2660.0180939064303	1	0	1	0.9379709949352932
261623.34169726612	2000.0	1036.6763966402202	0.0	0	0.0	2660.018093906401	1	0	1	0.9379709949352959
262378.1664715942	1000.0	1281.8516223121153	0.0	0	0.0	2660.018093906343	1	0	1	0.24482381437535378
263665.7059340547	1000.0	994.3121598516498	0.0	0	0.0	2660.018093906401	1	0	1	0.9379709949352985
264673.59909249947	1000.0	986.4190014068895	0.0	0	0.0	2660.018093906401	1	0	1	0.937970994935296
265515.12209001125	1000.0	1144.8960038951245	0.0	0	0.0	2660.018093906401	1	0	1	0.937970994935296
266175.7834063847	1000.0	1484.2346875216708	0.0	0	0.0	2660.018093906343	1	0	1	0.9379709949353019
267181.64553700516	1000.0	1478.3725569011913	0.0	0	0.0	2660.018093906343	1	0	1	0.9379709949353019
268696.88992754224	1000.0	963.1281663640937	0.0	0	0.0	2660.018093906285	1	0	1	0.9379709949353053
269564.95689439034	1000.0	1095.0611995159215	0.0	0	0.0	2660.018093906285	1	0	1	0.9379709949353077
270403.0884777011	1000.0	1256.9296162050766	0.0	0	0.0	2660.0180939062266	1	0	1	0.937970994935311
271014.64167199016	1000.0	1645.3764219159386	0.0	0	0.0	2660.0180939062266	1	0	1	0.9379709949353134
274121.13030960626	2000.0	200.0	661.1122157001631	0	0.0	3321.1303096063784	1	0	1	-3.0479788733341966
274594.85317372554	500.0	774.2434635775181	47.9663276968283	0	0.0	3369.0966373032425	1	0	1	-1.500176367265194
275561.48983409756	1000.0	807.6068032054561	0.0	0	0.0	3369.0966373032425	1	0	1	0.17391596003566656
276285.9717382913	1000.0	1083.1248990116603	0.0	0	0.0	3369.0966373031843	1	0	1	0.8670631405956177
277145.15864036063	1000.0	1223.9379969423494	0.0	0	0.0	3369.0966373031843	1	0	1	0.8670631405956177
278203.39029470476	1000.0	1059.8831771637992	0.0	0	0.0	3263.2734718687716	1	0	2	0.4749786202421427
279247.9143149243	1000.0	1015.3591569442582	0.0	0	0.0	3263.27347186883	1	0	1	0.6776454571390531
280050.1574821094	1000.0	1213.1159897591674	0.0	0	0.0	3263.27347186883	1	0	1	0.8776454571390533
280559.6785857542	1000.0	1703.5948861143788	0.0	0	0.0	3263.273471868888	1	0	1	0.8776454571390474
281549.60177350434	2000.0	1614.6793795891906	0.0	0	0.0	3164.281153093849	1	0	2	0.48485848108996205
282692.96561980736	2000.0	1356.979148655849	0.0	0	0.0	3049.9447684635525	1	0	2	1.3883935493974082
284249.29795515543	1000.0	800.646813307783	0.0	0	0.0	3049.9447684635525	1	0	1	0.005831146919635599
284962.6463362017	1000.0	1087.2984322614934	0.0	0	0.0	3049.9447684635525	1	0	1	0.898978327479581
285890.1578981048	1000.0	1159.7868703583906	0.0	0	0.0	3049.9447684636107	1	0	1	0.8989783274795751
286645.75144847797	1000.0	1404.1933199852322	0.0	0	0.0	3049.9447684635525	1	0	1	0.898978327479581
287414.17784204375	1000.0	1635.7669264193894	0.0	0	0.0	3049.9447684635525	1	0	1	0.898978327479581
288964.9908680927	2000.0	929.8725977654971	0.0	0	0.0	2894.8634658586234	1	0	2	0.5078339597321504
290142.0669439804	1000.0	752.7965218777833	0.0	0	0.0	2894.8634658586816	1	0	1	0.02133927718012263
291054.77040346334	1000.0	840.0930623948025	0.0	0	0.0	2894.8634658586234	1	0	1	0.9144864577400738
291996.76933652774	1000.0	898.0941293303425	0.0	0	0.0	2894.8634658586234	1	0	1	0.9144864577400738
292947.8707440085	1000.0	946.9927218495908	0.0	0	0.0	2894.8634658586816	1	0	1	0.914486457740068
294420.60746283375	1000.0	474.2560030243882	0.0	0	0.0	2894.86346585874	1	0	1	0.9144864577400622
295425.7763339811	1000.0	523.8246626953371	54.7375308182547	0	0.0	2949.600996677007	1	0	1	0.5805875197487074
296362.28244332975	1000.0	587.3185533467109	0.0	0	0.0	2949.6009966770653	1	0	1	0.9090127046582297
296999.7677728178	1000.0	949.8332238587498	0.0	0	0.0	2949.6009966771235	1	0	1	0.9090127046582239
297732.8365884086	1000.0	1216.764408267924	0.0	0	0.0	2949.6009966771235	1	0	1	0.9090127046582239
298701.2248336658	1000.0	1248.3761630107456	0.0	0	0.0	2949.60099667724	1	0	1	0.9090127046582133
299430.62853835645	1000.0	1518.9724583200764	0.0	0	0.0	2949.6009966771817	1	0	1	0.909012704658218
300206.10375118366	1000.0	1743.4972454928954	0.0	0	0.0	2949.6009966771817	1	0	1	0.909012704658218
301851.7508954867	2000.0	933.2853867595677	0.0	0	0.0	2785.036282246816	1	0	2	0.5208276520532373
1.64	1.36	1.51	1.16	1.1	1.25	0.74	1.14	1.03	1.05	1.31	1.69	0.98	0.81	0.9	1.04	0.93	1.11	0.9	1.14	0.6	0.79	1.24	1.09	1.23	0.92	0.94	1.29	1.14	1.11	1.27	1.52	1.82	1.67	1.03	1.14	0.66	1.74	1.32	1.37	1.49	1.22	1.41	1.34	1.11	1.37	1.05	1.81	2.33	1.64	1.05	0.97	1.16	1.36	1.34	1.54	0.96	1.04	1.25	1.04	1.05	1.25	1.59	0.96	0.7	1.45	1.58	1.11	1.32	1.55	1.83	1.46	1.3	1.49	2.14	1.68	1.68	1.62	1.25	1.11	1.18	1.4	0.61	0.66	0.79	0.98	1.41	1.71	0.81	0.89	1.03	0.87	0.82	1.27	1.33	1.05	1.49	1.27	1.51	1.2	1.45	1.73	1.23	0.89	0.68	1.66	1.41	1.64	1.74	1.25	0.53	0.97	1.29	0.87	0.81	1.12	1.26	1.63	0.94	0.78	0.63	0.98	1.31	1.1	0.88	1.14	1.54	1.99	1.72	1.1	0.71	1.33	1.39	1.16	1.71	0.5	1.12	1.53	1.27	0.71	0.88	1.0	1.3	1.47	1.49	1.34	1.59	1.26	1.04	1.59	1.64	1.36	1.51	1.16	1.1	1.25	0.74	1.14	1.03	1.05	1.31	1.69	0.98	0.81	0.9	1.04	0.93	1.11	0.9	1.14	0.6	0.79	1.24	1.09	1.23	0.92	0.94	1.29	1.14	1.11	1.27	1.52	1.82	1.67	1.03	1.14	0.66	1.74	1.32	1.37	1.49	1.22	1.41	1.34	1.11	1.37	1.05	1.81	2.33	1.64	1.05	0.97	1.16	1.36	1.34	1.54	0.96	1.04	1.25	1.04	1.05	1.25	1.59	0.96	0.7	1.45	1.58	1.11	1.32	1.55	1.83	1.46	1.3	1.49	2.14	1.68	1.68	1.62	1.25	1.11	1.18	1.4	0.61	0.66	0.79	0.98	1.41	1.71	0.81	0.89	1.03	0.87	0.82	1.27	1.33	1.05	1.49	1.27	1.51	1.2	1.45	1.73	1.23	0.89	0.68	1.66	1.41	1.64	1.74	1.25	0.53	0.97	1.29	0.87	0.81	1.12	1.26	1.63	0.94	0.78	0.63	0.98	1.31	1.1	0.88	1.14	1.54	1.99	1.72	1.1	0.71	1.33	1.39	1.16	1.71	0.5	1.12	1.53	1.27	0.71	0.88	1.0	1.3	1.47	1.49	1.34	1.59	1.26	1.04	1.59	1.64
1.0	2.0	3.0	4.0	5.0	6.0	7.0	8.0	9.0	10.0	11.0	12.0	13.0	14.0	15.0	16.0	17.0	18.0	19.0	20.0	21.0	22.0	23.0	24.0	25.0	26.0	27.0	28.0	29.0	30.0	31.0	32.0	33.0	34.0	35.0	36.0	37.0	38.0	39.0	40.0	41.0	42.0	43.0	44.0	45.0	46.0	47.0	48.0	49.0	50.0	51.0	52.0	53.0	54.0	55.0	56.0	57.0	58.0	59.0	60.0	61.0	62.0	63.0	64.0	65.0	66.0	67.0	68.0	69.0	70.0	71.0	72.0	73.0	74.0	75.0	76.0	77.0	78.0	79.0	80.0	81.0	82.0	83.0	84.0	85.0	86.0	87.0	88.0	89.0	90.0	91.0	92.0	93.0	94.0	95.0	96.0	97.0	98.0	99.0	100.0	101.0	102.0	103.0	104.0	105.0	106.0	107.0	108.0	109.0	110.0	111.0	112.0	113.0	114.0	115.0	116.0	117.0	118.0	119.0	120.0	121.0	122.0	123.0	124.0	125.0	126.0	127.0	128.0	129.0	130.0	131.0	132.0	133.0	134.0	135.0	136.0	137.0	138.0	139.0	140.0	141.0	142.0	143.0	144.0	145.0	146.0	147.0	148.0	149.0	149.0	150.0	151.0	152.0	153.0	154.0	155.0	156.0	157.0	158.0	159.0	160.0	161.0	162.0	163.0	164.0	165.0	166.0	167.0	168.0	169.0	170.0	171.0	172.0	173.0	174.0	175.0	176.0	177.0	178.0	179.0	180.0	181.0	182.0	183.0	184.0	185.0	186.0	187.0	188.0	189.0	190.0	191.0	192.0	193.0	194.0	195.0	196.0	197.0	198.0	199.0	200.0	201.0	202.0	203.0	204.0	205.0	206.0	207.0	208.0	209.0	210.0	211.0	212.0	213.0	214.0	215.0	216.0	217.0	218.0	219.0	220.0	221.0	222.0	223.0	224.0	225.0	226.0	227.0	228.0	229.0	230.0	231.0	232.0	233.0	234.0	235.0	236.0	237.0	238.0	239.0	240.0	241.0	242.0	243.0	244.0	245.0	246.0	247.0	248.0	249.0	250.0	251.0	252.0	253.0	254.0	255.0	256.0	257.0	258.0	259.0	260.0	261.0	262.0	263.0	264.0	265.0	266.0	267.0	268.0	269.0	270.0	271.0	272.0	273.0	274.0	275.0	276.0	277.0	278.0	279.0	280.0	281.0	282.0	283.0	284.0	285.0	286.0	287.0	288.0	289.0	290.0	291.0	292.0	293.0	294.0	295.0	296.0	297.0	298.0	298.0	299.0
4220.379669341451
