4118.105034210895	300.0	2000.0	295.02785768518766	0	0.0	4118.105034210895	1	0	2	-2.574850181763858
4775.852400565558	1000.0	2342.252633645335	0.0	0	0.0	4118.105034210894	1	0	1	-0.6118105034210896
6553.306473911305	2000.0	1387.0531529650125	0.0	0	0.0	3940.359626876317	1	0	2	0.40485082827804464
7341.809417199639	1000.0	1519.6999153478446	0.0	0	0.0	3861.5093325474836	1	0	2	-0.07731655855909109
7843.627729304352	1000.0	1967.6997720326597	0.0	0	0.0	3811.3275013370117	1	0	2	0.6216339146507056
9276.630755869493	2000.0	1391.3964428110044	0.0	0	0.0	3668.0271986804973	1	0	2	0.6333821349723322
10308.545076671304	2000.0	1256.2906899290135	0.0	0	0.0	3564.8357666003185	1	0	2	1.337633076660678
11016.781198238885	1000.0	1477.2309562046726	0.0	0	0.0	3494.0121544435597	1	0	2	-0.0403308539324696
11738.493747289944	1000.0	1683.3471522485083	0.0	0	0.0	3421.8408995384543	1	0	2	0.6594636943811041
12986.03452775061	1000.0	1311.0522937417763	0.0	0	0.0	3297.0868214923867	1	0	2	0.6710525901430722
14160.322445143396	1000.0	1136.7643763489873	0.0	0	0.0	3297.0868214923867	1	0	1	0.6742641221766974
15253.977293290036	1000.0	1043.1095282023498	0.0	0	0.0	3297.0868214923867	1	0	1	0.8742641221766976
15973.842853703956	1000.0	1323.243967788428	0.0	0	0.0	3297.0868214923867	1	0	1	0.8742641221766976
16828.55832406803	1000.0	1468.5284974243507	0.0	0	0.0	3297.086821492385	1	0	1	0.8742641221766977
17500.72087379172	1000.0	1729.1496927282901	0.0	0	0.0	3229.870566520014	1	0	2	0.47915648096148333
19073.88778873766	1000.0	998.6660862877588	0.0	0	0.0	3072.55387502542	1	0	2	0.6932302176782563
19971.148831882718	1000.0	1101.4050431427024	0.0	0	0.0	3072.5538750254273	1	0	1	0.6967174168233936
20855.85550640099	1000.0	1216.698368624427	0.0	0	0.0	3072.5538750254273	1	0	1	0.8967174168233936
21676.352510418095	1000.0	1396.2013646073217	0.0	0	0.0	3072.5538750254273	1	0	1	0.8967174168233936
22508.461225856907	1000.0	1564.0926491685132	0.0	0	0.0	3072.5538750254273	1	0	1	0.8967174168233936
23079.078283836843	1000.0	1993.475591188578	0.0	0	0.0	3072.5538750254273	1	0	1	0.8967174168233936
24279.56525940101	1000.0	1672.9399180679945	0.0	0	0.0	2952.505177469011	1	0	2	0.5053049508461894
25119.389242330726	1000.0	1749.1335368453065	0.0	0	0.0	2868.5227791760444	1	0	2	0.715014554763039
25861.418506376333	1000.0	1932.9013463951394	0.0	0	0.0	2794.319852771485	1	0	2	0.7228572829391022
27174.59559737487	2000.0	1488.4065462967426	0.0	0	0.0	2663.0021436716306	1	0	2	0.7339494086060072
28640.071851372788	2000.0	876.3826668990312	0.0	0	0.0	2516.454518271843	1	0	2	1.4411305290157894
30582.20668505287	1000.0	211.17988754260148	276.9320543236579	0	0.0	2793.3865725954965	1	0	1	-1.6295819126016966
32116.060070306805	1000.0	200.0	522.6734977113316	0	0.0	3316.0600703068267	1	0	1	-2.260266409479481
32945.08674538185	500.0	579.0151840650444	264.49502422509204	0	0.0	3524.101929446897	1	0	2	-2.5236238041101253
33456.37260390405	500.0	1016.6007396906289	0.0	0	0.0	3472.97334359468	1	0	2	-0.037715493160143956
34397.75004995319	1000.0	1075.2232936414953	0.0	0	0.0	3472.9733435946873	1	0	1	-0.03647171059347776
35525.4009873384	1000.0	947.5723562562858	0.0	0	0.0	3472.9733435946837	1	0	1	0.8566754699664676
36644.062948628816	1000.0	828.9103949658742	0.0	0	0.0	3472.973343594691	1	0	1	0.8566754699664672
38068.24951941141	1000.0	404.723824183272	0.0	0	0.0	3472.9733435946837	1	0	1	0.8566754699664678
38810.77609769422	500.0	600.8192171378807	11.704208241547349	0	0.0	3411.595314832106	1	0	2	-0.9955149375847138
39492.48526618643	500.0	850.9391317964555	0.0	0	0.0	3343.4243979828825	1	0	2	-0.025154163525731785
40565.45914987347	1000.0	777.9652481094154	0.0	0	0.0	3343.4243979828752	1	0	1	-0.023516816032296883
41434.99806740334	1000.0	908.426330579548	0.0	0	0.0	3343.4243979828752	1	0	1	0.8696303645276486
42428.15241478137	1000.0	915.2719832015184	0.0	0	0.0	3343.4243979828752	1	0	1	0.8696303645276486
43006.73800915902	1000.0	1336.686388823872	0.0	0	0.0	3343.4243979828752	1	0	1	0.8696303645276486
43542.81855571387	1000.0	1800.6058422690255	0.0	0	0.0	3343.4243979828752	1	0	1	0.8696303645276486
44664.92335963487	2000.0	1566.2905579559272	0.0	0	0.0	3231.2139175907796	1	0	2	0.4779411839219144
45624.60239293223	1000.0	1510.6436213288293	0.0	0	0.0	3135.2460142610435	1	0	2	-0.005167891637172711
46775.88834732487	1000.0	1359.357666936194	0.0	0	0.0	3135.2460142610435	1	0	1	0.6904482028998316
47584.788242116854	1000.0	1550.4577721442106	0.0	0	0.0	3135.2460142610435	1	0	1	0.8904482028998317
48383.66232056788	1000.0	1751.5836936931914	0.0	0	0.0	3135.2460142610435	1	0	1	0.8904482028998317
49358.741410255854	1000.0	1678.9966950364196	0.0	0	0.0	3037.73810529225	1	0	2	0.4977639361530907
50871.11327189471	1000.0	1015.3876472336693	0.0	0	0.0	2886.5009191283534	1	0	2	0.7120213718844908
51887.80905552929	1000.0	998.6918635990908	0.0	0	0.0	2886.500919128346	1	0	1	0.7153227124131013
52455.70942013451	1000.0	1430.7914989938618	0.0	0	0.0	2886.500919128339	1	0	1	0.9153227124131023
53579.070315819576	1000.0	1307.4306033087978	0.0	0	0.0	2886.500919128346	1	0	1	0.9153227124131015
54400.94114714101	1000.0	1485.5597719873713	0.0	0	0.0	2886.500919128346	1	0	1	0.9153227124131015
55299.95490545281	1000.0	1586.5460136755764	0.0	0	0.0	2886.500919128339	1	0	1	0.9153227124131023
56273.393802997794	1000.0	1613.107116130588	0.0	0	0.0	2886.500919128339	1	0	1	0.9153227124131023
57303.76484844066	1000.0	1582.7360706877196	0.0	0	0.0	2886.500919128339	1	0	1	0.9153227124131023
58943.723165914234	1000.0	778.7819214667984	0.0	0	0.0	2722.5050873809887	1	0	2	0.5280639985370633
60197.47259381843	1000.0	525.0324935625988	0.0	0	0.0	2722.5050873809887	1	0	1	0.7317222955878372
61346.94200026641	1000.0	442.95440849371766	67.39132137910724	0	0.0	2789.8964087600907	1	0	1	0.5206352351752838
61806.45647595428	500.0	937.4884852370672	0.0	0	0.0	2743.9449611913005	1	0	2	-0.857779156635938
62898.372403126115	1000.0	845.5725580652329	0.0	0	0.0	2743.9449611913005	1	0	1	0.03643112764686046
64032.774869848465	1000.0	711.1700913428805	0.0	0	0.0	2743.9449611913005	1	0	1	0.9295783082068061
64711.46596114539	1000.0	1032.479000045959	0.0	0	0.0	2743.9449611913005	1	0	1	0.9295783082068061
65453.138934218274	1000.0	1290.8060269730722	0.0	0	0.0	2743.9449611913005	1	0	1	0.9295783082068061
66330.61687914927	1000.0	1413.3280820420857	0.0	0	0.0	2743.944961191308	1	0	1	0.9295783082068056
66993.41719754247	1000.0	1750.5277636488904	0.0	0	0.0	2743.944961191315	1	0	1	0.929578308206805
68001.80840951526	1000.0	1742.136551676127	0.0	0	0.0	2743.944961191344	1	0	1	0.929578308206803
69363.80165023438	1000.0	1380.1433109570103	0.0	0	0.0	2743.944961191344	1	0	1	0.9295783082068019
70105.37931561163	1000.0	1638.5656455797648	0.0	0	0.0	2743.944961191344	1	0	1	0.9295783082068019
71092.64943784836	1000.0	1651.2955233430441	0.0	0	0.0	2743.944961191344	1	0	1	0.9295783082068019
72200.36182552362	1000.0	1543.583135667796	0.0	0	0.0	2743.944961191344	1	0	1	0.9295783082068019
73983.6934464631	1000.0	760.2515147282968	0.0	0	0.0	2743.944961191344	1	0	1	0.9295783082068019
74919.8617304995	1000.0	824.083230691915	0.0	0	0.0	2743.944961191344	1	0	1	0.9295783082068019
75949.29918653118	1000.0	794.6457746602421	0.0	0	0.0	2743.944961191344	1	0	1	0.9295783082068019
76880.27920715569	1000.0	863.6657540357096	0.0	0	0.0	2743.944961191344	1	0	1	0.9295783082068019
78177.92093954817	1000.0	566.0240216432321	0.0	0	0.0	2743.9449611913587	1	0	1	0.9295783082068003
79093.11491082037	1000.0	650.8300503710502	0.0	0	0.0	2743.9449611913733	1	0	1	0.9295783082067989
80532.32153452774	1000.0	211.62342666368318	0.0	0	0.0	2743.9449611913733	1	0	1	0.9295783082067989
81480.19593450523	500.0	490.43877477844865	292.2519891727409	0	0.0	2970.6347092836368	1	0	2	-2.6351421261796495
81881.41791337657	500.0	1049.0945980199758	0.0	0	0.0	2930.5125113965187	1	0	2	0.016800716390593655
82640.99329480065	1000.0	1289.5192165958802	0.0	0	0.0	2930.5125113965187	1	0	1	0.017774372626338686
83162.0468069843	1000.0	1768.465704412212	0.0	0	0.0	2930.5125113965187	1	0	1	0.9109215531862844
84165.0940308017	2000.0	1665.1137582130914	0.0	0	0.0	2830.2077890148066	1	0	2	0.5179837575915922
84788.57724600357	1000.0	2041.6305430112186	0.0	0	0.0	2830.207789014821	1	0	1	0.027804844864508738
86414.80436472688	2000.0	1252.7807124155868	0.0	0	0.0	2667.5850771424884	1	0	2	0.5322826879349061
87285.3707306438	1000.0	1382.214346498659	0.0	0	0.0	2667.585077142503	1	0	1	0.04406711605174052
88143.1650526325	1000.0	1524.4200245099805	0.0	0	0.0	2667.585077142503	1	0	1	0.9372142966116859
88924.86316149439	1000.0	1742.7219156480796	0.0	0	0.0	2667.585077142503	1	0	1	0.9372142966116859
89542.47763448722	1000.0	2125.1074426552595	0.0	0	0.0	2667.585077142503	1	0	1	0.9372142966116859
90638.22454153247	2000.0	1919.7858449054945	0.0	0	0.0	2558.0103864379926	1	0	2	0.5456102641405427
91657.43698148393	2000.0	1798.6521609588897	0.0	0	0.0	2456.0891424428264	1	0	2	1.4489903494193417
92608.07306176168	2000.0	1752.9524726533587	0.0	0	0.0	2361.0255344150355	1	0	2	1.458570311316647
94636.47423428656	2000.0	521.7111828759838	0.0	0	0.0	2158.18541716256	1	0	2	1.4728063006621424
95586.54171621012	1000.0	571.6437009524232	0.0	0	0.0	2158.1854171625455	1	0	1	0.09500708204973635
96566.69087293072	1000.0	591.4945442318256	0.0	0	0.0	2158.1854171625455	1	0	1	0.9881542626096816
98136.8133424789	1000.0	200.0	178.62792531635816	0	0.0	2336.8133424788975	1	0	1	-0.09912494672024436
98755.19580009153	500.0	757.3784912407522	175.76094885338296	0	0.0	2512.5742913322756	1	0	1	-1.48814467904748
99611.52928264326	1000.0	901.0450086890328	0.0	0	0.0	2512.5742913322756	1	0	1	0.25956819463276326
100346.43336232792	1000.0	1166.1409290043725	0.0	0	0.0	2512.5742913322756	1	0	1	0.9527153751927087
100773.72715316829	1000.0	1738.8471381640004	0.0	0	0.0	2512.5742913322756	1	0	1	0.9527153751927087
102329.21287153765	2000.0	1183.3614197946313	0.0	0	0.0	2512.5742913322756	1	0	1	0.9527153751927087
102966.32795646129	1000.0	1546.2463348709953	0.0	0	0.0	2512.5742913322756	1	0	1	0.2595681946327635
103991.3132122397	1000.0	1521.2610790925905	0.0	0	0.0	2512.5742913322756	1	0	1	0.9527153751927087
104931.55178128634	1000.0	1581.0225100459427	0.0	0	0.0	2512.57429133229	1	0	1	0.9527153751927071
105972.13694352284	1000.0	1540.4373478094294	0.0	0	0.0	2512.57429133229	1	0	1	0.9527153751927071
106467.0689443307	1000.0	2045.505347001546	0.0	0	0.0	2512.5742913322756	1	0	1	0.9527153751927087
108637.28627459974	2000.0	658.2662837055968	0.0	0	0.0	2295.5525583053677	1	0	2	0.5689869186407233
109387.27656204304	1000.0	908.2759962622905	0.0	0	0.0	2295.5525583053823	1	0	1	0.08127036793545245
110257.49954040846	1000.0	1038.0530178968572	0.0	0	0.0	2295.5525583053823	1	0	1	0.9744175484953979
111431.12611493627	1000.0	864.4264433690447	0.0	0	0.0	2295.5525583053823	1	0	1	0.9744175484953979
112427.32957702778	1000.0	868.2229812775258	0.0	0	0.0	2295.5525583053823	1	0	1	0.9744175484953979
113553.38038349438	1000.0	742.1721748109221	0.0	0	0.0	2295.5525583053823	1	0	1	0.9744175484953979
114945.6012412046	1000.0	349.95131710072076	0.0	0	0.0	2295.5525583053823	1	0	1	0.9744175484953979
115683.87353980709	500.0	759.7198163323816	201.69820699490882	0	0.0	2443.593356139463	1	0	2	-2.0379638748991664
116582.14460947063	1000.0	861.4487466688169	0.0	0	0.0	2443.5933561394486	1	0	1	0.06646628815204564
117506.20523120694	1000.0	937.3881249325166	0.0	0	0.0	2443.5933561394486	1	0	1	0.9596134687119913
118308.70360483737	1000.0	1134.8897513020945	0.0	0	0.0	2443.5933561394486	1	0	1	0.9596134687119913
119096.33310528788	1000.0	1347.2602508515909	0.0	0	0.0	2443.5933561394486	1	0	1	0.9596134687119913
119997.38215743263	1000.0	1446.2111987068515	0.0	0	0.0	2443.5933561394486	1	0	1	0.9596134687119913
120979.62974184984	1000.0	1463.9636142896397	0.0	0	0.0	2443.5933561394486	1	0	1	0.9596134687119913
121750.41938065091	1000.0	1693.173975488564	0.0	0	0.0	2443.5933561394486	1	0	1	0.9596134687119913
123032.98261762057	1000.0	1410.6107385189014	0.0	0	0.0	2443.5933561394486	1	0	1	0.9596134687119913
124016.61699653872	1000.0	1426.9763596007533	0.0	0	0.0	2443.5933561394486	1	0	1	0.9596134687119913
125297.59636768201	1000.0	1145.9969884574652	0.0	0	0.0	2443.5933561394486	1	0	1	0.9596134687119913
126333.06727683876	1000.0	1110.5260793007124	0.0	0	0.0	2443.5933561394486	1	0	1	0.9596134687119913
127073.32877518453	1000.0	1370.2645809549344	0.0	0	0.0	2443.593356139434	1	0	1	0.9596134687119928
127915.67256194008	1000.0	1527.9207941993982	0.0	0	0.0	2443.5933561394486	1	0	1	0.9596134687119913
128901.86601960546	1000.0	1541.7273365340436	0.0	0	0.0	2443.5933561394486	1	0	1	0.9596134687119913
129863.44777484454	1000.0	1580.1455812949664	0.0	0	0.0	2443.593356139434	1	0	1	0.9596134687119928
130901.41358249547	1000.0	1542.1797736440233	0.0	0	0.0	2443.593356139434	1	0	1	0.9596134687119928
131582.43012319342	1000.0	1861.163232946056	0.0	0	0.0	2443.593356139405	1	0	1	0.9596134687119959
133069.1658126114	1000.0	1374.4275435280965	0.0	0	0.0	2443.593356139434	1	0	1	0.9596134687119934
133964.67774842423	1000.0	1478.9156077152459	0.0	0	0.0	2443.593356139434	1	0	1	0.9596134687119928
135000.17781616244	1000.0	1443.415539977044	0.0	0	0.0	2443.593356139434	1	0	1	0.9596134687119928
135988.4092482891	1000.0	1455.1841078504167	0.0	0	0.0	2443.593356139434	1	0	1	0.9596134687119928
137304.2008747705	1000.0	1139.3924813690435	0.0	0	0.0	2443.593356139434	1	0	1	0.9596134687119928
138418.26878716555	1000.0	1025.3245689739772	0.0	0	0.0	2443.593356139463	1	0	1	0.9596134687119899
139395.04224253586	1000.0	1048.5511136036669	0.0	0	0.0	2443.593356139463	1	0	1	0.9596134687119899
140024.52719098813	1000.0	1419.0661651514258	0.0	0	0.0	2443.593356139463	1	0	1	0.9596134687119899
140893.43139290344	1000.0	1550.161963236102	0.0	0	0.0	2443.5933561394922	1	0	1	0.959613468711987
141716.33697835426	1000.0	1727.2563777852458	0.0	0	0.0	2443.5933561394922	1	0	1	0.959613468711987
142985.42379782637	1000.0	1458.169558313153	0.0	0	0.0	2443.5933561394922	1	0	1	0.959613468711987
144417.3160154609	1000.0	1026.2773406786273	0.0	0	0.0	2443.5933561394922	1	0	1	0.959613468711987
145506.67596142367	1000.0	936.9173947158582	0.0	0	0.0	2443.5933561394922	1	0	1	0.959613468711987
146154.80728555258	1000.0	1288.786070586948	0.0	0	0.0	2443.5933561395213	1	0	1	0.959613468711984
146877.33001550034	1000.0	1566.263340639227	0.0	0	0.0	2443.5933561395213	1	0	1	0.959613468711984
148270.78634733328	2000.0	1172.8070088062595	0.0	0	0.0	2443.5933561395213	1	0	1	0.9596134687119839
149609.0779740067	1000.0	834.5153821328471	0.0	0	0.0	2443.5933561395505	1	0	1	0.266466288152036
150154.9329298031	1000.0	1288.6604263364488	0.0	0	0.0	2443.5933561395213	1	0	1	0.959613468711984
151722.268853249	2000.0	721.3245028905347	0.0	0	0.0	2443.5933561395213	1	0	1	0.9596134687119839
153040.63837124282	1000.0	436.92374044035455	33.96875554362546	0	0.0	2477.5621116831608	1	0	1	0.05925687933592211
153659.87540400986	1000.0	817.6867076733369	0.0	0	0.0	2477.5621116831317	1	0	1	0.956216593157623
154357.7278091938	1000.0	1119.8343024893743	0.0	0	0.0	2477.5621116831317	1	0	1	0.956216593157623
155555.9153372122	1000.0	921.6467744709888	0.0	0	0.0	2477.5621116831026	1	0	1	0.956216593157626
156126.2093826654	1000.0	1351.3527290177797	0.0	0	0.0	2477.5621116830735	1	0	1	0.9562165931576289
156880.35118282866	1000.0	1597.2109288545091	0.0	0	0.0	2477.5621116830443	1	0	1	0.9562165931576317
158094.48316108456	2000.0	1383.0789505986265	0.0	0	0.0	2477.5621116830735	1	0	1	0.9562165931576294
159182.9359179388	2000.0	1185.7809180589638	0.0	0	0.0	2368.7168359976495	1	0	2	1.2572423463921862
159824.34974365166	1000.0	1544.3670923461004	0.0	0	0.0	2368.7168359976495	1	0	1	0.07395394016622597
161874.6232850735	2000.0	494.0935509242761	0.0	0	0.0	2368.7168359976495	1	0	1	0.9671011207261712
162818.17872456205	1000.0	563.3176963166858	12.779584880959533	0	0.0	2381.496420878626	1	0	1	0.19599847239237123
163892.43276820675	1000.0	489.0636526719585	0.0	0	0.0	2381.496420878597	1	0	1	0.9658231622380753
164705.34400874298	1000.0	676.1524121357301	0.0	0	0.0	2381.496420878597	1	0	1	0.9658231622380765
165393.2254755341	1000.0	988.2709453445979	0.0	0	0.0	2381.496420878597	1	0	1	0.9658231622380765
166265.6262672387	1000.0	1115.8701536400154	0.0	0	0.0	2381.496420878597	1	0	1	0.9658231622380765
167652.1740968513	1000.0	729.3223240274235	0.0	0	0.0	2381.4964208785677	1	0	1	0.9658231622380795
168855.95678082135	1000.0	525.5396400573475	0.0	0	0.0	2381.4964208785677	1	0	1	0.9658231622380795
169770.6408903251	1000.0	610.8555305535875	0.0	0	0.0	2381.4964208785677	1	0	1	0.9658231622380795
170369.05074943052	1000.0	1012.4456714481721	0.0	0	0.0	2381.4964208785677	1	0	1	0.9658231622380795
171427.01340642024	1000.0	954.4830144584924	0.0	0	0.0	2381.496420878597	1	0	1	0.9658231622380765
172109.49107766763	1000.0	1272.005343211113	0.0	0	0.0	2381.496420878597	1	0	1	0.9658231622380765
173322.44624639655	1000.0	1059.0501744821936	0.0	0	0.0	2381.496420878597	1	0	1	0.9658231622380765
174266.62413019035	1000.0	1114.872290688409	0.0	0	0.0	2381.496420878626	1	0	1	0.9658231622380736
174968.25401063813	1000.0	1413.2424102406108	0.0	0	0.0	2381.496420878626	1	0	1	0.9658231622380736
176517.4734947624	2000.0	864.0229261163516	0.0	0	0.0	2381.496420878655	1	0	1	0.9658231622380705
177241.54077252082	1000.0	1139.9556483579477	0.0	0	0.0	2381.496420878655	1	0	1	0.27267598167812546
178723.74524529997	1000.0	657.7511755787964	0.0	0	0.0	2381.496420878655	1	0	1	0.9658231622380707
180109.21527334288	1000.0	284.62560726741225	12.344459731531856	0	0.0	2393.8408806101943	1	0	1	0.8905219578757255
180607.88415151468	500.0	785.9567290955866	0.0	0	0.0	2393.8408806101943	1	0	1	-0.42170564485497397
181935.42003501084	1000.0	458.4208455994168	0.0	0	0.0	2393.8408806101943	1	0	1	0.2714415357049713
182909.7785925362	1000.0	538.6759912372393	54.61370316318562	0	0.0	2448.4545837733895	1	0	1	0.6314451269694834
183676.72615445926	1000.0	771.7284293141913	0.0	0	0.0	2448.4545837733895	1	0	1	0.9591273459485972
184376.89733546248	1000.0	1071.5572483109888	0.0	0	0.0	2448.4545837733895	1	0	1	0.9591273459485972
185216.17700017506	1000.0	1232.277583598415	0.0	0	0.0	2448.4545837733895	1	0	1	0.9591273459485972
186605.12145085435	1000.0	843.3331329191343	0.0	0	0.0	2448.4545837734186	1	0	1	0.9591273459485944
187880.35222265453	1000.0	568.102361118931	0.0	0	0.0	2448.4545837734186	1	0	1	0.9591273459485944
188998.09249883168	1000.0	514.5321004607177	64.17001551893676	0	0.0	2512.6245992924087	1	0	1	0.5676902512830746
189856.34126322184	1000.0	656.2833360705757	0.0	0	0.0	2512.6245992924087	1	0	1	0.9527103443966953
191127.59813607374	1000.0	385.0264632186902	0.0	0	0.0	2512.6245992924087	1	0	1	0.9527103443966953
191864.42117642448	1000.0	677.5644234114548	29.361000543511366	0	0.0	2541.985599835927	1	0	1	0.7736082410812753
192631.3018334638	1000.0	910.6837663721013	0.0	0	0.0	2541.985599835927	1	0	1	0.9497742443423435
193424.61571491195	1000.0	1117.3698849239206	0.0	0	0.0	2541.985599835927	1	0	1	0.9497742443423435
194268.93924985113	1000.0	1273.0463499847492	0.0	0	0.0	2541.985599835927	1	0	1	0.9497742443423435
195380.10261308923	1000.0	1161.882986746637	0.0	0	0.0	2541.985599835898	1	0	1	0.9497742443423464
196468.47313423097	1000.0	1073.5124656048629	0.0	0	0.0	2541.985599835869	1	0	1	0.9497742443423469
197255.05817029517	1000.0	1286.927429540653	0.0	0	0.0	2541.98559983584	1	0	1	0.9497742443423522
198867.98912929778	1000.0	673.9964705380253	0.0	0	0.0	2541.9855998358107	1	0	1	0.9497742443423551
199963.61996513847	1000.0	578.3656346973211	0.0	0	0.0	2541.9855998358107	1	0	1	0.9497742443423551
200941.16147548982	1000.0	600.824124345965	0.0	0	0.0	2541.9855998358107	1	0	1	0.9497742443423551
201910.3028485392	1000.0	631.6827512965575	0.0	0	0.0	2541.9855998357816	1	0	1	0.949774244342358
202720.1181480919	1000.0	821.8674517438778	0.0	0	0.0	2541.9855998358107	1	0	1	0.9497742443423562
203510.19022147835	1000.0	1031.7953783574194	0.0	0	0.0	2541.9855998358107	1	0	1	0.9497742443423551
204711.93515605904	1000.0	830.0504437767322	0.0	0	0.0	2541.98559983584	1	0	1	0.949774244342354
205614.73469429743	1000.0	927.2509055383573	0.0	0	0.0	2541.985599835869	1	0	1	0.9497742443423511
207120.366738891	1000.0	421.6188609447623	0.0	0	0.0	2541.985599835898	1	0	1	0.9497742443423464
207783.36010374752	500.0	758.625496088229	0.0	0	0.0	2541.985599835869	1	0	1	-0.43652011677754154
209120.52507416185	1000.0	421.46052567387267	0.0	0	0.0	2541.985599835869	1	0	1	0.25662706378240396
209680.87384179607	500.0	861.1117580396619	0.0	0	0.0	2541.985599835869	1	0	1	-0.43652011677754154
210523.69963561994	1000.0	1018.2859642157929	0.0	0	0.0	2541.985599835898	1	0	1	0.2566270637824034
211375.61184812803	1000.0	1166.3737517076906	0.0	0	0.0	2541.985599835898	1	0	1	0.9497742443423464
212245.54125518983	1000.0	1296.444344645876	0.0	0	0.0	2541.985599835869	1	0	1	0.9497742443423494
213274.29137119788	1000.0	1267.694228637872	0.0	0	0.0	2541.985599835898	1	0	1	0.9497742443423464
214306.07222734034	1000.0	1235.9133724954158	0.0	0	0.0	2541.985599835898	1	0	1	0.9497742443423464
215569.23352700166	1000.0	972.7520728341018	0.0	0	0.0	2541.985599835898	1	0	1	0.9497742443423464
216420.24271483574	1000.0	1121.7428850000342	0.0	0	0.0	2541.985599835869	1	0	1	0.9497742443423494
217890.8046752974	1000.0	651.1809245383546	0.0	0	0.0	2541.98559983584	1	0	1	0.9497742443423511
218699.61965749366	1000.0	842.3659423420895	0.0	0	0.0	2541.98559983584	1	0	1	0.9497742443423522
219594.87356909853	1000.0	947.1120307371986	0.0	0	0.0	2541.98559983584	1	0	1	0.9497742443423522
220396.44231820985	1000.0	1145.5432816259008	0.0	0	0.0	2541.98559983584	1	0	1	0.9497742443423522
221970.40349192685	1000.0	571.5821079089205	0.0	0	0.0	2541.98559983584	1	0	1	0.9497742443423522
223126.11660896	1000.0	513.6769962594119	97.80800538363087	0	0.0	2639.7936052194564	1	0	1	0.3531454115022054
223654.9300492619	500.0	984.8635559574944	0.0	0	0.0	2639.7936052194273	1	0	1	-0.44630091731589727
224555.53734080936	1000.0	1084.2562644100349	0.0	0	0.0	2639.7936052194273	1	0	1	0.24684626324404815
225421.01342411747	1000.0	1218.7801811019199	0.0	0	0.0	2639.7936052194273	1	0	1	0.9399934438039935
226696.36070138114	1000.0	943.4329038382224	0.0	0	0.0	2639.793605219369	1	0	1	0.9399934438039975
227604.8403922869	1000.0	1034.9532129324862	0.0	0	0.0	2639.7936052194273	1	0	1	0.9399934438039953
228312.69035566892	1000.0	1327.1032495504642	0.0	0	0.0	2639.7936052194273	1	0	1	0.9399934438039935
230067.77093049116	1000.0	572.022674728222	0.0	0	0.0	2639.7936052194273	1	0	1	0.9399934438039935
230877.63105377235	1000.0	762.1625514470343	0.0	0	0.0	2639.7936052194273	1	0	1	0.9399934438039935
231772.5070216784	1000.0	867.2865835409534	0.0	0	0.0	2639.7936052194273	1	0	1	0.9399934438039935
232229.67112604147	1000.0	1410.1224791778525	0.0	0	0.0	2639.7936052194273	1	0	1	0.9399934438039935
232762.766617089	1000.0	1877.0269881303748	0.0	0	0.0	2639.7936052194273	1	0	1	0.9399934438039935
234181.10762963374	2000.0	1316.851874331157	0.0	0	0.0	2497.9595039649575	1	0	2	0.5506880180901881
235268.14851521637	1000.0	1229.8109887485339	0.0	0	0.0	2497.9595039649575	1	0	1	0.06102967336949505
236173.50135851247	1000.0	1324.4581454524366	0.0	0	0.0	2497.9595039649284	1	0	1	0.9541768539294433
237197.77695224903	1000.0	1300.1825517158659	0.0	0	0.0	2497.9595039649575	1	0	1	0.9541768539294404
237786.2885834749	1000.0	1711.6709204899473	0.0	0	0.0	2497.9595039649284	1	0	1	0.9541768539294433
238729.2312702665	1000.0	1768.728233698357	0.0	0	0.0	2497.9595039649284	1	0	1	0.9541768539294433
239830.51938418834	2000.0	1557.3113083843164	0.0	0	0.0	2387.830692572723	1	0	2	0.5627784784631993
241010.82566945447	2000.0	1258.9743945915698	0.0	0	0.0	2269.8000640460814	1	0	2	1.4669342672246029
242265.63275678546	2000.0	878.6865985274877	0.0	0	0.0	2144.3193553129677	1	0	2	1.479381868448249
244629.57967538983	2000.0	200.0	685.2603200768908	0	0.0	2829.5796753898903	1	0	1	-2.679763524437451
246065.9160665013	1000.0	210.74630205856997	447.0826931700294	0	0.0	3276.662368559919	1	0	1	-2.499336772110177
246848.39708791208	500.0	530.2644255561715	163.86113368133837	0	0.0	3378.661513468309	1	0	2	-1.9055224923961744
247597.55155735952	500.0	706.1945091640104	0.0	0	0.0	3303.7460665235994	1	0	2	-0.021056118493240877
248411.94083771447	1000.0	891.8052288090659	0.0	0	0.0	3303.7460665235703	1	0	1	-0.019548982886366528
249275.79606514744	1000.0	1027.9500013760894	0.0	0	0.0	3303.7460665235703	1	0	1	0.873598197673579
249868.46760032707	1000.0	1435.2784661964486	0.0	0	0.0	3303.7460665235703	1	0	1	0.873598197673579
250728.9852885495	2000.0	1488.709009151799	0.0	0	0.0	3217.694297701353	1	0	2	0.4795280110068273
251602.8239987217	1000.0	1527.4864279623594	0.0	0	0.0	3130.3104266840965	1	0	2	-0.0043080578225954125
252374.2539334408	1000.0	1678.9134997713304	0.0	0	0.0	3053.167433212162	1	0	2	0.6967652478088636
253490.96596993034	1000.0	1450.5302596328208	0.0	0	0.0	2941.4962295631994	1	0	2	0.7069581898513849
254752.65479399968	1000.0	1188.8414355634782	0.0	0	0.0	2941.4962295631703	1	0	1	0.709823181369619
255290.900364185	1000.0	1650.59586537815	0.0	0	0.0	2941.4962295631703	1	0	1	0.9098231813696191
256242.14066687162	1000.0	1604.2315324228355	0.0	0	0.0	2846.3721992944775	1	0	2	0.516811070827448
257112.20397746924	1000.0	1734.168221825202	0.0	0	0.0	2846.3721992944775	1	0	1	0.7193355843964883
257959.5424898949	1000.0	1886.8297093995207	0.0	0	0.0	2846.3721992944484	1	0	1	0.9193355843964913
259144.41132693808	1000.0	1701.9608723563576	0.0	0	0.0	2846.3721992944193	1	0	1	0.9193355843964943
260454.58222027312	1000.0	1391.7899790213119	0.0	0	0.0	2846.3721992944484	1	0	1	0.9193355843964913
261156.95167216912	1000.0	1689.420527125305	0.0	0	0.0	2846.3721992944193	1	0	1	0.9193355843964943
262250.0043086158	1000.0	1487.0626270339178	0.0	0	0.0	2737.0669356497237	1	0	2	0.5272923014355495
262941.04412037024	1000.0	1726.9188341039862	0.0	0	0.0	2667.9629544742056	1	0	2	0.7355215583809709
263938.4183938126	1000.0	1629.8071333174005	0.0	0	0.0	2568.22552712998	1	0	2	0.7434514921913173
265104.4697493558	1000.0	1463.7557777741986	0.0	0	0.0	2568.225527130009	1	0	1	0.7471502516129351
265829.44962661905	1000.0	1738.7759005109003	0.0	0	0.0	2568.225527130009	1	0	1	0.9471502516129353
266592.42254275555	1000.0	1975.8029843743968	0.0	0	0.0	2568.2255271300673	1	0	1	0.9471502516129294
267476.01891736366	1000.0	2092.2066097662887	0.0	0	0.0	2568.2255271301256	1	0	1	0.9471502516129283
268420.9666017016	1000.0	2147.2589254283557	0.0	0	0.0	2568.2255271301256	1	0	1	0.9471502516129237
269200.0	1000.0	2368.2255271299678	0.0	0	126.92200223827967	2568.2255271300673	1	0	1	0.9471502516129294
270904.4605422815	2000.0	1493.3189306202817	0.0	0	0.0	2397.7794729018933	1	0	2	0.5595571661567227
271887.1072707459	1000.0	1510.6722021559124	0.0	0	0.0	2397.7794729019515	1	0	1	0.07104767647579685
273010.83336320333	1000.0	1386.94610969841	0.0	0	0.0	2397.7794729018933	1	0	1	0.9641948570357468
273728.77846149704	1000.0	1669.0010114046745	0.0	0	0.0	2397.7794729018933	1	0	1	0.9641948570357468
274643.49796644907	1000.0	1754.2815064526014	0.0	0	0.0	2397.779472901835	1	0	1	0.9641948570357493
275470.88166876626	1000.0	1926.8978041354783	0.0	0	0.0	2397.7794729018933	1	0	1	0.9641948570357515
276298.31157969014	1000.0	2099.4678932116913	0.0	0	0.0	2397.7794729019515	1	0	1	0.964194857035741
277325.0820680818	1000.0	2072.6974048199536	0.0	0	0.0	2397.7794729019515	1	0	1	0.964194857035741
278352.83723417943	1000.0	2044.942238722338	0.0	0	0.0	2397.7794729018933	1	0	1	0.9641948570357468
279518.5298307503	1000.0	1879.2496421514484	0.0	0	0.0	2397.779472901777	1	0	1	0.9641948570357538
280200.0	1000.0	2197.7794729017405	0.0	0	42.408443777647335	2397.779472901777	1	0	1	0.9641948570357585
282322.6920302403	2000.0	862.8182396374148	0.0	0	0.0	2185.510269877792	1	0	2	0.5793449763325722
283185.705513158	1000.0	999.8047567197516	0.0	0	0.0	2185.510269877792	1	0	1	0.09227459677821154
284196.14922753867	1000.0	989.3610423390717	0.0	0	0.0	2185.510269877792	1	0	1	0.985421777338157
285297.0630823305	1000.0	888.4471875472454	0.0	0	0.0	2185.510269877792	1	0	1	0.985421777338157
286588.1145721919	1000.0	597.3956976858306	0.0	0	0.0	2185.510269877792	1	0	1	0.985421777338157
287312.8866023414	1000.0	872.6236675363162	0.0	0	0.0	2185.510269877792	1	0	1	0.985421777338157
288322.51382394484	1000.0	862.9964459328471	0.0	0	0.0	2185.51026987785	1	0	1	0.9854217773381512
289088.9457849738	1000.0	1096.564484903903	0.0	0	0.0	2185.51026987785	1	0	1	0.9854217773381512
290150.41296805145	1000.0	1035.0973018262202	0.0	0	0.0	2185.5102698779083	1	0	1	0.9854217773381453
290937.9956573375	1000.0	1247.5146125401818	0.0	0	0.0	2185.5102698779083	1	0	1	0.9854217773381453
291924.51077589236	1000.0	1260.9994939852631	0.0	0	0.0	2185.5102698779083	1	0	1	0.9854217773381453
293297.793486558	1000.0	887.7167833196644	0.0	0	0.0	2185.5102698779665	1	0	1	0.9854217773381407
294406.3157977005	1000.0	779.1944721771084	0.0	0	0.0	2185.5102698779083	1	0	1	0.9854217773381453
295106.53464261524	1000.0	1078.9756272623074	0.0	0	0.0	2185.5102698779665	1	0	1	0.9854217773381395
295924.8036877573	1000.0	1260.7065821202543	0.0	0	0.0	2185.5102698779083	1	0	1	0.9854217773381453
296955.66045496415	2000.0	1229.8498149133948	0.0	0	0.0	2185.5102698779083	1	0	1	0.9854217773381454
297717.52126781625	1000.0	1467.9890020613407	0.0	0	0.0	2185.5102698779083	1	0	1	0.29227459677819667
298704.6938775219	1000.0	1480.816392355715	0.0	0	0.0	2185.5102698779083	1	0	1	0.9854217773381453
300158.9609516687	2000.0	1026.5493182089556	0.0	0	0.0	2185.5102698779083	1	0	1	0.9854217773381454
302365.91479728796	2000.0	200.0	380.4045274103333	0	0.0	2565.914797287958	1	0	1	-0.6247238491711086
1.15	1.42	1.07	1.41	1.88	1.77	1.46	1.65	1.1	1.04	1.18	1.11	1.18	1.47	0.68	0.92	1.41	1.58	1.23	1.38	1.04	1.38	1.92	1.54	1.56	0.43	0.81	0.94	0.75	0.89	0.93	1.11	1.22	0.85	0.78	0.9	1.18	0.93	0.95	1.44	1.67	1.41	1.22	0.97	1.23	0.76	0.72	1.05	1.45	1.05	1.38	0.98	1.0	0.87	0.72	1.02	0.78	0.94	1.26	1.09	1.36	1.17	1.0	1.27	0.67	1.0	1.34	1.39	0.88	0.5	0.79	1.05	1.02	0.93	1.17	1.08	0.67	0.68	1.29	1.83	1.34	1.42	1.04	1.1	1.17	1.4	1.68	2.13	2.18	1.92	0.54	0.82	1.03	0.75	0.67	1.23	1.49	1.98	1.3	1.42	0.83	0.82	1.66	1.03	1.08	1.01	0.98	1.05	1.17	1.15	1.1	0.53	1.54	1.26	1.19	1.4	1.32	1.14	1.08	0.96	1.17	1.0	0.98	1.07	1.02	1.11	1.14	1.27	0.83	0.86	1.18	1.1	0.8	1.02	1.09	1.16	1.33	1.16	1.09	1.08	0.8	1.22	1.25	1.82	1.56	0.8	1.82	1.76	0.89	0.65	1.15	1.42	1.07	1.41	1.88	1.77	1.46	1.65	1.1	1.04	1.18	1.11	1.18	1.47	0.68	0.92	1.41	1.58	1.23	1.38	1.04	1.38	1.92	1.54	1.56	0.43	0.81	0.94	0.75	0.89	0.93	1.11	1.22	0.85	0.78	0.9	1.18	0.93	0.95	1.44	1.67	1.41	1.22	0.97	1.23	0.76	0.72	1.05	1.45	1.05	1.38	0.98	1.0	0.87	0.72	1.02	0.78	0.94	1.26	1.09	1.36	1.17	1.0	1.27	0.67	1.0	1.34	1.39	0.88	0.5	0.79	1.05	1.02	0.93	1.17	1.08	0.67	0.68	1.29	1.83	1.34	1.42	1.04	1.1	1.17	1.4	1.68	2.13	2.18	1.92	0.54	0.82	1.03	0.75	0.67	1.23	1.49	1.98	1.3	1.42	0.83	0.82	1.66	1.03	1.08	1.01	0.98	1.05	1.17	1.15	1.1	0.53	1.54	1.26	1.19	1.4	1.32	1.14	1.08	0.96	1.17	1.0	0.98	1.07	1.02	1.11	1.14	1.27	0.83	0.86	1.18	1.1	0.8	1.02	1.09	1.16	1.33	1.16	1.09	1.08	0.8	1.22	1.25	1.82	1.56	0.8	1.82	1.76	0.89	0.65	1.15	1.42
1.0	2.0	3.0	4.0	5.0	6.0	7.0	8.0	9.0	10.0	11.0	12.0	13.0	14.0	15.0	16.0	17.0	18.0	19.0	20.0	21.0	22.0	23.0	24.0	25.0	26.0	27.0	28.0	29.0	30.0	31.0	32.0	33.0	34.0	35.0	36.0	37.0	38.0	39.0	40.0	41.0	42.0	43.0	44.0	45.0	46.0	47.0	48.0	49.0	50.0	51.0	52.0	53.0	54.0	55.0	56.0	57.0	58.0	59.0	60.0	61.0	62.0	63.0	64.0	65.0	66.0	67.0	68.0	69.0	70.0	71.0	72.0	73.0	74.0	75.0	76.0	77.0	78.0	79.0	80.0	81.0	82.0	83.0	84.0	85.0	86.0	87.0	88.0	89.0	90.0	91.0	92.0	93.0	94.0	95.0	96.0	97.0	98.0	99.0	100.0	101.0	102.0	103.0	104.0	105.0	106.0	107.0	108.0	109.0	110.0	111.0	112.0	113.0	114.0	115.0	116.0	117.0	118.0	119.0	120.0	121.0	122.0	123.0	124.0	125.0	126.0	127.0	128.0	129.0	130.0	131.0	132.0	133.0	134.0	135.0	136.0	137.0	138.0	139.0	140.0	141.0	142.0	143.0	144.0	145.0	146.0	147.0	148.0	149.0	149.0	150.0	151.0	152.0	153.0	154.0	155.0	156.0	157.0	158.0	159.0	160.0	161.0	162.0	163.0	164.0	165.0	166.0	167.0	168.0	169.0	170.0	171.0	172.0	173.0	174.0	175.0	176.0	177.0	178.0	179.0	180.0	181.0	182.0	183.0	184.0	185.0	186.0	187.0	188.0	189.0	190.0	191.0	192.0	193.0	194.0	195.0	196.0	197.0	198.0	199.0	200.0	201.0	202.0	203.0	204.0	205.0	206.0	207.0	208.0	209.0	210.0	211.0	212.0	213.0	214.0	215.0	216.0	217.0	218.0	219.0	220.0	221.0	222.0	223.0	224.0	225.0	226.0	227.0	228.0	229.0	230.0	231.0	232.0	233.0	234.0	235.0	236.0	237.0	238.0	239.0	240.0	241.0	242.0	243.0	244.0	245.0	246.0	247.0	248.0	249.0	250.0	251.0	252.0	253.0	254.0	255.0	256.0	257.0	258.0	259.0	260.0	261.0	262.0	263.0	264.0	265.0	266.0	267.0	268.0	269.0	270.0	271.0	272.0	273.0	274.0	275.0	276.0	277.0	278.0	279.0	280.0	281.0	282.0	283.0	284.0	285.0	286.0	287.0	288.0	289.0	290.0	291.0	292.0	293.0	294.0	295.0	296.0	297.0	298.0	298.0	299.0	300.0
3464.7274160701763
