3528.893353621952	300.0	2000.0	566.0504073380898	0	0.0	3528.893353621952	1	0	2	-4.136277911750879
4833.949597135428	1000.0	1694.9437564865239	0.0	0	0.0	3528.893353621952	1	0	1	-0.5528893353621954
5562.7118987026915	1000.0	1893.3052247625335	0.0	0	0.0	3456.0171234652253	1	0	2	0.45663105219377886
6130.394336504864	1000.0	2268.854543180143	0.0	0	0.0	3399.248879685007	1	0	2	0.6625471357979604
6812.426616098092	1000.0	2518.619035627593	0.0	0	0.0	3331.045651725685	1	0	2	0.6690539430927911
8267.07164614116	2000.0	1918.5095025802189	0.0	0	0.0	3185.5811487213778	1	0	2	0.6812034081168997
9456.208107719785	1000.0	1610.4593948437314	0.0	0	0.0	3066.667502563516	1	0	2	0.0010096056838710954
10169.309451554325	1000.0	1826.047916625737	0.0	0	0.0	2995.3573681800617	1	0	2	0.7026627270814432
11365.209652811476	1000.0	1510.5576952428692	0.0	0	0.0	2875.7673480543453	1	0	2	0.7133941832729095
12638.18703594538	1000.0	1110.2825737955745	0.0	0	0.0	2748.469609740954	1	0	2	0.7259070367648822
13960.962683290512	1000.0	787.5069264504434	0.0	0	0.0	2748.4696097409524	1	0	1	0.7291258433518408
14751.092841376012	1000.0	997.3767683649443	0.0	0	0.0	2748.469609740954	1	0	1	0.9291258433518407
15410.433843732013	1000.0	1338.035766008944	0.0	0	0.0	2748.469609740956	1	0	1	0.9291258433518406
16569.92672526724	1000.0	1178.5428844737185	0.0	0	0.0	2748.469609740958	1	0	1	0.9291258433518406
17780.769696846135	1000.0	967.699912894825	0.0	0	0.0	2748.469609740958	1	0	1	0.9291258433518406
19320.887729149494	1000.0	427.5818805914698	0.0	0	0.0	2748.4696097409615	1	0	1	0.9291258433518402
20089.865689206305	1000.0	658.6039205346609	0.0	0	0.0	2748.4696097409615	1	0	1	0.9291258433518401
20757.734222884024	1000.0	990.7353868569446	0.0	0	0.0	2748.469609740965	1	0	1	0.9291258433518397
21747.590663688236	1000.0	1000.8789460527394	0.0	0	0.0	2748.4696097409687	1	0	1	0.9291258433518392
22696.441336664575	1000.0	1052.028273076398	0.0	0	0.0	2748.4696097409687	1	0	1	0.9291258433518392
23662.569189807247	1000.0	1085.9004199337287	0.0	0	0.0	2748.4696097409687	1	0	1	0.9291258433518392
24300.800325225286	1000.0	1447.6692845156863	0.0	0	0.0	2748.469609740965	1	0	1	0.9291258433518397
25068.47742879118	1000.0	1679.992180949795	0.0	0	0.0	2748.469609740965	1	0	1	0.9291258433518397
25851.065360808487	1000.0	1819.1454557307545	0.0	0	0.0	2670.2108165392347	1	0	2	0.5345717530836893
27044.461894162592	1000.0	1625.7489223766445	0.0	0	0.0	2670.210816539231	1	0	1	0.7369517226720129
28184.417109580536	1000.0	1485.7937069587024	0.0	0	0.0	2670.210816539231	1	0	1	0.9369517226720131
28861.835206786454	1000.0	1808.3756097527832	0.0	0	0.0	2670.210816539231	1	0	1	0.9369517226720131
29705.83687784026	1000.0	1879.9737715935996	0.0	0	0.0	2585.8106494338535	1	0	2	0.5432045057047576
30620.077604457874	1000.0	1874.3089723142248	0.0	0	0.0	2494.3865767720927	1	0	2	0.7520678495433479
31555.00586111506	1000.0	1845.8878899913177	0.0	0	0.0	2400.8937511063705	1	0	2	0.7618466427211319
32643.276707389137	2000.0	1648.7899590898344	0.0	0	0.0	2292.066666478964	1	0	2	0.7718614652050511
34415.8463680148	2000.0	698.9633324016067	0.0	0	0.0	2114.8097004163938	1	0	2	1.4810058538673707
35122.53016598948	1000.0	992.2795344269225	0.0	0	0.0	2114.8097004163938	1	0	1	0.09934465372435142
35902.1616921054	1000.0	1212.648008311006	0.0	0	0.0	2114.809700416401	1	0	1	0.9924918342842961
37254.62519904698	1000.0	860.1845013694227	0.0	0	0.0	2114.809700416401	1	0	1	0.9924918342842961
38086.23918717433	1000.0	1028.5705132420735	0.0	0	0.0	2114.8097004163938	1	0	1	0.9924918342842968
39052.476557285714	1000.0	1062.333143130692	0.0	0	0.0	2114.8097004163938	1	0	1	0.9924918342842968
40114.54399162672	1000.0	1000.2657087896926	0.0	0	0.0	2114.8097004163938	1	0	1	0.9924918342842968
41441.27537191219	1000.0	673.5343285042259	0.0	0	0.0	2114.8097004163938	1	0	1	0.9924918342842968
42898.84591989059	1000.0	323.9667246044698	108.00294407863467	0	0.0	2222.812644495032	1	0	1	0.33434233817836256
43598.33350336721	1000.0	652.3406792313609	27.8615381035101	0	0.0	2250.6741825985446	1	0	1	0.8117361574450211
44738.67745259777	1000.0	511.99673000080406	0.0	0	0.0	2250.6741825985446	1	0	1	0.9789053860660817
45479.51230563651	1000.0	771.1618769620547	0.0	0	0.0	2250.6741825985446	1	0	1	0.9789053860660817
46356.678056671066	1000.0	893.9961259274942	0.0	0	0.0	2250.6741825985446	1	0	1	0.9789053860660817
47168.68396972924	1000.0	1081.9902128693193	0.0	0	0.0	2250.6741825985446	1	0	1	0.9789053860660817
47938.452843435356	1000.0	1312.2213391632074	0.0	0	0.0	2250.674182598552	1	0	1	0.978905386066081
48746.16211758269	1000.0	1504.512065015873	0.0	0	0.0	2250.6741825985446	1	0	1	0.9789053860660817
49561.35164847796	2000.0	1689.3225341205898	0.0	0	0.0	2250.6741825985373	1	0	1	0.9789053860660824
50351.83084926367	2000.0	1819.7954132562966	0.0	0	0.0	2171.6262625199524	1	0	2	1.2779135526532985
52419.3986447744	2000.0	545.4708381944857	0.0	0	0.0	1964.8694829688684	1	0	2	1.4947330849179408
53165.61122531864	1000.0	799.2582576502499	0.0	0	0.0	1964.8694829688757	1	0	1	0.11433867546910337
53778.61252791126	1000.0	1186.2569550576277	0.0	0	0.0	1964.8694829688684	1	0	1	1.0074858560290494
54485.50769500803	1000.0	1479.3617879608476	0.0	0	0.0	1964.8694829688611	1	0	1	1.00748585602905
56448.99234974224	2000.0	515.8771332266422	0.0	0	0.0	1964.8694829688611	1	0	1	1.00748585602905
57122.6069479188	1000.0	842.2625350500821	0.0	0	0.0	1964.8694829688611	1	0	1	0.3143386754691049
57668.27413580917	1000.0	1296.5953471597131	0.0	0	0.0	1964.8694829688611	1	0	1	1.00748585602905
58747.86681489148	2000.0	1217.0026680774151	0.0	0	0.0	1964.8694829688611	1	0	1	1.00748585602905
59940.86016584082	2000.0	1024.0093171280764	0.0	0	0.0	1964.8694829688611	1	0	1	1.7006330365889952
61027.63894761353	1000.0	937.2305353553758	0.0	0	0.0	1964.8694829688611	1	0	1	0.3143386754691049
61879.73844872493	1000.0	1085.1310342439765	0.0	0	0.0	1964.8694829688611	1	0	1	1.00748585602905
62416.73734742656	1000.0	1548.1321355423352	0.0	0	0.0	1964.8694829688538	1	0	1	1.007485856029051
65017.23529242624	2000.0	200.0	252.36580945733397	0	0.0	2217.235292426194	1	0	1	-0.511912511333853
65792.18712710349	500.0	700.5288523859738	275.48068706321817	0	0.0	2492.715979489418	1	0	1	-2.7776244576821507
66816.1606485662	1000.0	676.555330923256	0.0	0	0.0	2492.7159794894105	1	0	1	0.2615540258170492
67780.6745880284	1000.0	712.0413914610737	0.0	0	0.0	2492.715979489418	1	0	1	0.9547012063769943
68849.24873556434	1000.0	643.4672439251447	0.0	0	0.0	2492.715979489425	1	0	1	0.9547012063769937
69774.26928727204	1000.0	718.4466922174453	0.0	0	0.0	2492.715979489425	1	0	1	0.9547012063769937
70887.01856613824	1000.0	605.6974133512483	0.0	0	0.0	2492.715979489425	1	0	1	0.9547012063769937
71469.0957097632	1000.0	1023.6202697262836	0.0	0	0.0	2492.715979489425	1	0	1	0.9547012063769937
72408.07854332021	1000.0	1084.637436169287	0.0	0	0.0	2492.715979489425	1	0	1	0.9547012063769937
73506.6495984459	1000.0	986.0663810436005	0.0	0	0.0	2492.715979489425	1	0	1	0.9547012063769937
74689.9000361925	1000.0	802.8159432970207	0.0	0	0.0	2492.715979489425	1	0	1	0.9547012063769937
75975.37793095244	1000.0	517.3380485370824	0.0	0	0.0	2492.7159794894396	1	0	1	0.9547012063769922
77090.66267368787	1000.0	482.48725761757896	80.43395181592918	0	0.0	2573.149931305452	1	0	1	0.464054100299816
77848.2921611586	1000.0	724.8577701468603	0.0	0	0.0	2573.1499313054665	1	0	1	0.9466578111953895
78659.99705054017	1000.0	913.1528807652908	0.0	0	0.0	2573.1499313054665	1	0	1	0.9466578111953895
79573.96621295676	1000.0	999.183718348726	0.0	0	0.0	2573.1499313054665	1	0	1	0.9466578111953895
80100.69308228686	1000.0	1472.4568490186373	0.0	0	0.0	2573.1499313054665	1	0	1	0.9466578111953895
81165.76555798904	2000.0	1407.3843733164506	0.0	0	0.0	2573.1499313054665	1	0	1	0.9466578111953896
82969.5560961115	2000.0	423.2147813817597	0.0	0	0.0	2392.77087749324	1	0	2	1.2526728920689143
84084.43662784298	1000.0	399.0091973997636	90.67494774948295	0	0.0	2483.445825242714	1	0	1	-0.4815686452551783
85002.90557620127	1000.0	615.4203879020492	134.8801388605769	0	0.0	2618.325964103322	1	0	1	0.13285937475214257
85691.81302673617	1000.0	926.5129373671689	0.0	0	0.0	2618.325964103322	1	0	1	0.9421402079156039
86235.73644174638	1000.0	1382.5895223569523	0.0	0	0.0	2618.325964103322	1	0	1	0.9421402079156039
87354.48139202043	2000.0	1263.8445720829084	0.0	0	0.0	2618.3259641033364	1	0	1	0.9421402079156024
88968.42295063614	2000.0	488.5088576056223	0.0	0	0.0	2456.9318082417594	1	0	2	1.2469092362708774
89854.48232368985	1000.0	602.4494845519124	0.0	0	0.0	2456.9318082417594	1	0	1	0.06513244294181503
90630.75195560754	1000.0	826.1798526342341	0.0	0	0.0	2456.9318082417594	1	0	1	0.9582796235017603
91548.76145229161	1000.0	908.17035595017	0.0	0	0.0	2456.9318082417594	1	0	1	0.9582796235017603
92363.17085347213	1000.0	1093.7609547696518	0.0	0	0.0	2456.9318082417594	1	0	1	0.9582796235017603
93306.35244651	1000.0	1150.57936173177	0.0	0	0.0	2456.9318082417594	1	0	1	0.9582796235017603
94129.65882230087	1000.0	1327.2729859409048	0.0	0	0.0	2456.9318082417594	1	0	1	0.9582796235017603
94877.35573326545	1000.0	1579.5760749763215	0.0	0	0.0	2456.9318082417594	1	0	1	0.9582796235017603
96097.0214992403	1000.0	1359.9103090014703	0.0	0	0.0	2456.931808241774	1	0	1	0.9582796235017588
97207.98540734444	1000.0	1248.946400897336	0.0	0	0.0	2456.931808241774	1	0	1	0.9582796235017588
98014.81131954875	1000.0	1442.1204886930311	0.0	0	0.0	2456.931808241774	1	0	1	0.9582796235017588
98759.34921827885	1000.0	1697.5825899629385	0.0	0	0.0	2456.931808241774	1	0	1	0.9582796235017588
99675.99021501826	1000.0	1780.9415932235217	0.0	0	0.0	2456.931808241774	1	0	1	0.9582796235017588
100425.71979030251	1000.0	2031.2120179392566	0.0	0	0.0	2456.931808241774	1	0	1	0.9582796235017588
101330.32372596997	1000.0	2126.6080822717813	0.0	0	0.0	2456.9318082417594	1	0	1	0.9582796235017603
103802.41849296351	2000.0	407.3038385788641	0.0	0	0.0	2209.7223315424053	1	0	2	0.5778384436536845
104423.62880790628	1000.0	786.0935236360997	0.0	0	0.0	2209.7223315424053	1	0	1	0.0898533906117503
104848.3229877344	1000.0	1361.399343807984	0.0	0	0.0	2209.7223315424053	1	0	1	0.9830005711716956
106164.85206962242	2000.0	1044.8702619199707	0.0	0	0.0	2209.7223315424053	1	0	1	0.9830005711716957
107446.11453523922	2000.0	763.6077963031528	0.0	0	0.0	2209.7223315424053	1	0	1	1.6761477517316408
108541.42923564423	1000.0	668.2930958981366	0.0	0	0.0	2209.7223315423907	1	0	1	0.28985339061175197
109218.2323855171	1000.0	991.4899460252757	0.0	0	0.0	2209.7223315423907	1	0	1	0.9830005711716971
110454.14850928521	1000.0	755.5738222571625	0.0	0	0.0	2209.7223315423907	1	0	1	0.9830005711716971
111520.15271083325	1000.0	689.569620709118	0.0	0	0.0	2209.7223315423907	1	0	1	0.9830005711716971
112483.90107214559	1000.0	725.8212593967785	0.0	0	0.0	2209.7223315423907	1	0	1	0.9830005711716971
113709.18451293116	1000.0	500.5378186112189	0.0	0	0.0	2209.7223315423907	1	0	1	0.9830005711716971
115183.98963479936	1000.0	223.20633836021346	197.47364161719503	0	0.0	2407.1959731596	1	0	1	-0.22158864269319378
115914.86515317444	500.0	617.0133463237696	124.6825263386354	0	0.0	2531.8784994982125	1	0	1	-1.1836045647755882
116984.215917547	500.0	440.727505513951	0.0	0	0.0	2424.9434230609622	1	0	2	-0.13464004568047236
117937.62365235171	500.0	535.157721535137	130.16247664215416	0	0.0	2472.7813738868426	1	0	2	-0.719532710762505
118546.73059975867	500.0	926.050774128184	0.0	0	0.0	2472.7813738868426	1	0	1	0.06354748637730626
120080.42640905228	1000.0	392.35496483457155	0.0	0	0.0	2472.781373886857	1	0	1	0.2635474863773051
121102.1664879805	1000.0	497.3893328953053	126.77444698896191	0	0.0	2599.5558208758157	1	0	1	0.18337054030458302
122146.74095471326	1000.0	500.75234916326554	47.93748300072309	0	0.0	2647.4933038765303	1	0	1	0.6515985759339447
122846.42511896245	1000.0	801.0681849140872	0.0	0	0.0	2647.4933038765303	1	0	1	0.9392234739382832
123754.38778850154	1000.0	893.1055153750133	0.0	0	0.0	2647.4933038765303	1	0	1	0.9392234739382832
124621.08271378711	1000.0	1026.4105900894479	0.0	0	0.0	2647.4933038765303	1	0	1	0.9392234739382832
125273.44243984946	1000.0	1374.050864027096	0.0	0	0.0	2647.4933038765303	1	0	1	0.9392234739382832
126435.57909745951	2000.0	1211.9142064170373	0.0	0	0.0	2647.4933038765303	1	0	1	0.9392234739382832
127547.15795428854	1000.0	1100.3353495880292	0.0	0	0.0	2647.493303876545	1	0	1	0.24607629337833678
128850.93187542469	1000.0	796.5614284518963	0.0	0	0.0	2647.493303876545	1	0	1	0.9392234739382816
129874.36926688273	1000.0	773.1240369938566	0.0	0	0.0	2647.493303876545	1	0	1	0.9392234739382816
131447.25899883572	1000.0	230.31826749625654	30.08396245540291	0	0.0	2677.5772663319513	1	0	1	0.7557113029603237
131954.60126802832	500.0	723.4490688992175	46.55208864984934	0	0.0	2678.05033692751	1	0	2	-1.1306987531031165
132623.25744391454	1000.0	1054.7928930129792	0.0	0	0.0	2678.0503369274957	1	0	1	0.04302059007324188
133232.17868558297	1000.0	1445.8716513445381	0.0	0	0.0	2678.050336927481	1	0	1	0.936167770633189
134422.08392953494	2000.0	1255.9664073925776	0.0	0	0.0	2678.0503369274666	1	0	1	0.9361677706331895
135924.2555710133	1000.0	753.7947659142358	0.0	0	0.0	2678.0503369274666	1	0	1	0.24302059007324428
136813.31233338092	1000.0	864.7380035466224	0.0	0	0.0	2678.0503369274957	1	0	1	0.9361677706331867
137943.0118597538	1000.0	735.0384771737292	0.0	0	0.0	2678.0503369274957	1	0	1	0.9361677706331867
139071.34062844355	1000.0	606.7097084839993	0.0	0	0.0	2678.0503369275248	1	0	1	0.9361677706331837
140261.3029864529	1000.0	434.23737893245277	17.49002845781581	0	0.0	2695.540365385328	1	0	1	0.8294785970405084
141343.11518571572	1000.0	457.78605516008236	105.36087549046107	0	0.0	2800.901240875799	1	0	1	0.29171742729558986
141876.08388848504	1000.0	924.8173523907409	0.0	0	0.0	2800.90124087577	1	0	1	0.9238826802383592
142547.36279427056	1000.0	1253.5384466051964	0.0	0	0.0	2800.90124087577	1	0	1	0.9238826802383592
143405.13653014638	2000.0	1395.764710729403	0.0	0	0.0	2800.90124087577	1	0	1	0.9238826802383593
144549.58653634586	2000.0	1136.8697039099588	0.0	0	0.0	2686.456240255822	1	0	2	1.2253813635477995
145876.0251573172	2000.0	677.7872208414743	0.0	0	0.0	2553.8123781586764	1	0	2	1.4378642480162935
146758.29782618163	1000.0	795.5145519770552	0.0	0	0.0	2553.8123781587055	1	0	1	0.05544438595012041
147441.26907869463	1000.0	1112.5432994640332	0.0	0	0.0	2553.8123781586764	1	0	1	0.9485915665100686
148114.01823160623	1000.0	1439.7941465524584	0.0	0	0.0	2553.8123781586764	1	0	1	0.9485915665100686
148840.61674558482	1000.0	1713.1956325739075	0.0	0	0.0	2553.8123781586764	1	0	1	0.9485915665100686
149724.89959560757	1000.0	1828.912782551168	0.0	0	0.0	2553.8123781586764	1	0	1	0.9485915665100686
151043.5177133788	2000.0	1378.4328530027997	0.0	0	0.0	2421.9505663815653	1	0	2	0.5573198872545307
151936.97549264765	1000.0	1484.9750737339677	0.0	0	0.0	2421.9505663815653	1	0	1	0.06863056712783439
153015.8816257893	1000.0	1406.0689405922792	0.0	0	0.0	2421.9505663815653	1	0	1	0.9617777476877797
154250.1884895423	1000.0	1171.7620768392787	0.0	0	0.0	2421.9505663815653	1	0	1	0.9617777476877797
155067.17725950765	1000.0	1354.773306873937	0.0	0	0.0	2421.950566381536	1	0	1	0.9617777476877826
155855.30766611575	1000.0	1487.829859605009	0.0	0	0.0	2343.1375257207255	1	0	2	0.5676658293497712
156581.30745261142	1000.0	1761.8300731093216	0.0	0	0.0	2343.1375257207255	1	0	1	0.7696590517538611
157819.1694511989	1000.0	1523.968074521832	0.0	0	0.0	2343.1375257207255	1	0	1	0.9696590517538637
158842.59108479082	1000.0	1500.546440929885	0.0	0	0.0	2343.1375257206964	1	0	1	0.9696590517538666
159657.80924448094	1000.0	1685.3282812397895	0.0	0	0.0	2343.1375257207546	1	0	1	0.9696590517538624
160503.11917600705	1000.0	1840.0183497136502	0.0	0	0.0	2343.1375257207546	1	0	1	0.9696590517538607
162492.27463012454	1000.0	850.8628955961626	0.0	0	0.0	2343.1375257207546	1	0	1	0.9696590517538607
163399.6904592541	1000.0	943.447066466586	0.0	0	0.0	2343.1375257207546	1	0	1	0.9696590517538607
163981.36239157367	1000.0	1361.7751341469973	0.0	0	0.0	2343.1375257207546	1	0	1	0.9696590517538607
164437.93895822056	1000.0	1905.1985675000876	0.0	0	0.0	2343.1375257207546	1	0	1	0.9696590517538607
166470.58002186558	2000.0	669.293397490524	0.0	0	0.0	2139.8734193562414	1	0	2	0.5845078757723483
167837.87031496287	1000.0	385.73306082772694	83.72995643452643	0	0.0	2223.603375790757	1	0	1	-0.41326561737574696
169064.2448073797	1000.0	400.3601699841721	241.00160157326405	0	0.0	2464.6049773640407	1	0	1	-0.48849730285005205
170010.8455829121	1000.0	541.5772309961733	87.81783654437783	0	0.0	2552.422813908255	1	0	1	0.4218235036688436
170591.88809951305	1000.0	960.5347143952291	0.0	0	0.0	2552.422813908255	1	0	1	0.9487305229351106
171521.69738172286	1000.0	1030.7254321854418	0.0	0	0.0	2552.4228139082843	1	0	1	0.9487305229351077
172678.6758343615	1000.0	873.7469795467842	0.0	0	0.0	2552.4228139082843	1	0	1	0.9487305229351077
173569.99220116276	1000.0	982.4306127455031	0.0	0	0.0	2552.4228139082843	1	0	1	0.9487305229351077
174229.61761366617	1000.0	1322.8052002421034	0.0	0	0.0	2552.4228139083134	1	0	1	0.9487305229351048
175447.06163774032	1000.0	1105.3611761679595	0.0	0	0.0	2552.4228139083134	1	0	1	0.9487305229351048
176496.18634289724	1000.0	1056.2364710110398	0.0	0	0.0	2552.4228139083425	1	0	1	0.948730522935102
177643.8911804597	1000.0	908.5316334485902	0.0	0	0.0	2552.4228139083425	1	0	1	0.9487305229351035
178366.5655829004	1000.0	1185.8572310079044	0.0	0	0.0	2552.4228139083425	1	0	1	0.948730522935102
179076.5291721762	1000.0	1475.8936417321113	0.0	0	0.0	2552.4228139083425	1	0	1	0.948730522935102
179802.44734467388	1000.0	1749.9754692344272	0.0	0	0.0	2552.4228139083425	1	0	1	0.9487305229351006
180902.49510289996	1000.0	1649.9277110083278	0.0	0	0.0	2552.4228139083134	1	0	1	0.9487305229351048
181698.84042695264	2000.0	1853.582386955636	0.0	0	0.0	2552.4228139083134	1	0	1	0.9487305229351047
183087.1063295942	2000.0	1326.489894049923	0.0	0	0.0	2413.5962236441264	1	0	2	1.2518755032969915
183675.0765250304	1000.0	1738.5196986136987	0.0	0	0.0	2413.5962236441264	1	0	1	0.06946600140157821
186035.92268499648	2000.0	200.0	53.10097940815905	0	0.0	2235.9226849965635	1	0	2	0.25897952312817474
187153.54141725917	1000.0	473.0990326105597	390.7177648732526	0	0.0	2626.6404498697375	1	0	1	-2.2961450104604975
187744.38741907087	1000.0	882.2530307989043	0.0	0	0.0	2626.6404498697375	1	0	1	0.9413087593389624
188397.00883316644	1000.0	1229.6316167033249	0.0	0	0.0	2626.6404498697375	1	0	1	0.9413087593389624
189137.89648217216	1000.0	1488.7439676976455	0.0	0	0.0	2626.6404498697666	1	0	1	0.9413087593389595
190457.91110951614	1000.0	1168.7293403537005	0.0	0	0.0	2626.6404498697375	1	0	1	0.9413087593389624
192002.89543052216	1000.0	623.7450193477116	0.0	0	0.0	2626.6404498697666	1	0	1	0.9413087593389602
193005.31599177042	1000.0	621.3244580994391	0.0	0	0.0	2626.6404498697666	1	0	1	0.9413087593389595
194124.34724312724	1000.0	502.29320674262556	0.0	0	0.0	2626.6404498697375	1	0	1	0.9413087593389624
194936.3150614639	1000.0	690.3253884059711	0.0	0	0.0	2626.6404498697084	1	0	1	0.9413087593389653
195750.28021475318	1000.0	876.3602351166713	0.0	0	0.0	2626.6404498697084	1	0	1	0.9413087593389653
196653.40290630748	1000.0	973.2375435623771	0.0	0	0.0	2626.6404498697084	1	0	1	0.9413087593389653
197213.09361004122	1000.0	1413.5468398286391	0.0	0	0.0	2626.6404498697084	1	0	1	0.9413087593389653
197796.09665922754	1000.0	1830.5437906423176	0.0	0	0.0	2626.6404498697084	1	0	1	0.9413087593389653
198681.95232122252	2000.0	1856.1025624478389	0.0	0	0.0	2538.0548836702073	1	0	2	0.5478613005694588
200141.39096005936	2000.0	1250.7200597272777	0.0	0	0.0	2392.1110197865346	1	0	2	1.453058184976871
201032.71137974068	1000.0	1359.3996400459432	0.0	0	0.0	2392.1110197865637	1	0	1	0.07161452178733452
201993.78792655267	1000.0	1398.3230932339602	0.0	0	0.0	2392.1110197865637	1	0	1	0.9647617023472799
202611.02542529703	1000.0	1781.0855944895707	0.0	0	0.0	2392.1110197865637	1	0	1	0.9647617023472799
204317.0702052169	2000.0	1075.0408145696858	0.0	0	0.0	2392.111019786593	1	0	1	0.9647617023472768
205541.16190834492	1000.0	850.9491114416841	0.0	0	0.0	2392.111019786622	1	0	1	0.27161452178733125
206274.28194818544	1000.0	1117.8290716011672	0.0	0	0.0	2392.111019786622	1	0	1	0.9647617023472741
207151.7658354264	1000.0	1240.3451843602288	0.0	0	0.0	2392.111019786622	1	0	1	0.9647617023472741
207656.16805047425	1000.0	1735.942969312388	0.0	0	0.0	2392.111019786593	1	0	1	0.964761702347277
208540.51108816455	2000.0	1851.599931622075	0.0	0	0.0	2392.111019786593	1	0	1	0.9647617023472768
209725.872724543	2000.0	1547.7021316057737	0.0	0	0.0	2273.574856148771	1	0	2	1.2662623285453796
210637.35400990787	1000.0	1636.2208462408978	0.0	0	0.0	2273.574856148771	1	0	1	0.08346813815111381
211281.1505018691	1000.0	1992.4243542796735	0.0	0	0.0	2273.574856148771	1	0	1	0.9766153187110591
213254.71738926042	2000.0	821.5007781492243	0.0	0	0.0	2076.21816740965	1	0	2	0.5902984055017573
215102.460927449	1000.0	233.3702817312651	259.61304177061015	0	0.0	2335.8312091802363	1	0	1	-1.4790367954671186
215679.2535226109	500.0	728.9016317515127	72.3239451821396	0	0.0	2408.155154362408	1	0	1	-0.8570807433230319
216833.1267532812	1000.0	575.0284010812034	0.0	0	0.0	2408.155154362379	1	0	1	0.2700101083297518
217867.4871206281	1000.0	540.6680337342867	0.0	0	0.0	2408.155154362379	1	0	1	0.9631572888896983
218596.80664798495	1000.0	811.3485063774159	0.0	0	0.0	2408.155154362379	1	0	1	0.9631572888896983
219522.80228702596	1000.0	885.3528673363942	0.0	0	0.0	2408.155154362379	1	0	1	0.9631572888896983
220138.83793597142	1000.0	1269.3172183909476	0.0	0	0.0	2408.155154362379	1	0	1	0.9631572888896983
221117.32625010726	1000.0	1290.828904255114	0.0	0	0.0	2408.155154362408	1	0	1	0.9631572888896954
222099.1037484634	1000.0	1309.0514058989484	0.0	0	0.0	2408.155154362408	1	0	1	0.9631572888896954
223334.69517375142	1000.0	1073.4599806109563	0.0	0	0.0	2408.155154362408	1	0	1	0.9631572888896954
224632.7766342792	1000.0	775.3785200831719	0.0	0	0.0	2408.155154362408	1	0	1	0.9631572888896954
225611.4767693627	1000.0	796.6783849996956	0.0	0	0.0	2408.155154362408	1	0	1	0.9631572888896954
226333.64484248517	1000.0	1074.510311877227	0.0	0	0.0	2408.155154362408	1	0	1	0.9631572888896954
227422.82056582157	1000.0	985.3345885408528	0.0	0	0.0	2408.155154362379	1	0	1	0.9631572888896983
227991.26939179204	1000.0	1416.8857625704027	0.0	0	0.0	2408.155154362379	1	0	1	0.9631572888896983
228606.14836930917	1000.0	1802.006785053246	0.0	0	0.0	2408.155154362321	1	0	1	0.9631572888897024
229518.7366067694	2000.0	1889.4185475930215	0.0	0	0.0	2408.155154362321	1	0	1	0.9631572888897041
231615.31517712647	2000.0	583.1821202002211	0.0	0	0.0	2198.4972973265394	1	0	2	1.2708206197579712
232696.75951379584	1000.0	501.73778353085123	0.0	0	0.0	2198.4972973265685	1	0	1	0.09097589403333406
233740.8414310432	1000.0	552.1122975929057	94.45643130940965	0	0.0	2292.953728635999	1	0	1	0.4079388436058784
234408.02764832586	1000.0	884.9260803102443	0.0	0	0.0	2292.953728635999	1	0	1	0.9746774314623363
235092.00289562863	1000.0	1200.950833007469	0.0	0	0.0	2292.953728635999	1	0	1	0.9746774314623363
236134.37712785948	2000.0	1158.576600776565	0.0	0	0.0	2292.953728635999	1	0	1	0.9746774314623363
237097.873586432	2000.0	1195.0801422040754	0.0	0	0.0	2292.953728635999	1	0	1	1.6678246120222815
238348.99837888122	2000.0	943.9553497548711	0.0	0	0.0	2292.953728635999	1	0	1	1.6678246120222815
239184.81724733784	1000.0	1108.1364812982722	0.0	0	0.0	2292.95372863597	1	0	1	0.28153025090239403
239996.06405731745	1000.0	1296.88967131868	0.0	0	0.0	2292.953728635999	1	0	1	0.9746774314623363
240647.0037931179	1000.0	1645.9499355182556	0.0	0	0.0	2292.9537286360282	1	0	1	0.9746774314623334
242439.84093985174	2000.0	853.1127887844293	0.0	0	0.0	2292.9537286360282	1	0	1	0.9746774314623332
243065.69048249908	1000.0	1227.2632461370981	0.0	0	0.0	2292.9537286360282	1	0	1	0.28153025090238815
244022.2144760037	1000.0	1270.7392526324934	0.0	0	0.0	2292.9537286360282	1	0	1	0.9746774314623334
244957.73477458287	1000.0	1335.2189540532988	0.0	0	0.0	2292.9537286360282	1	0	1	0.9746774314623334
245937.86798067778	1000.0	1355.085747958375	0.0	0	0.0	2292.9537286360282	1	0	1	0.9746774314623334
246557.01208334032	1000.0	1735.9416452958387	0.0	0	0.0	2292.9537286360282	1	0	1	0.9746774314623334
247200.0	1000.0	2092.9537286361888	0.0	0	77.86348855207325	2292.9537286360282	1	0	1	0.9746774314623334
249164.738453379	2000.0	931.7414299192835	0.0	0	0.0	2096.4798832981614	1	0	2	0.5884496694427492
250119.33727554904	1000.0	977.1426077492312	0.0	0	0.0	2096.4798832981905	1	0	1	0.10117763543617175
251670.7810841926	1000.0	425.69879910569375	0.0	0	0.0	2096.4798832981905	1	0	1	0.9943248159961171
252821.7046760647	1000.0	480.410276467813	205.63506923422335	0	0.0	2302.114952532429	1	0	1	-0.26004910633264666
253358.10669223216	1000.0	944.0082603003062	0.0	0	0.0	2302.1149525324	1	0	1	0.9737613090726962
253945.2586527163	1000.0	1356.8562998161956	0.0	0	0.0	2302.1149525324	1	0	1	0.9737613090726962
254770.76324308457	2000.0	1531.3517094479093	0.0	0	0.0	2302.1149525324	1	0	1	0.9737613090726962
256004.21840851806	2000.0	1297.8965440143725	0.0	0	0.0	2302.1149525324	1	0	1	1.6669084896326414
257145.6350566305	2000.0	1156.479895901939	0.0	0	0.0	2302.1149525324	1	0	1	1.6669084896326414
258004.6349199514	1000.0	1297.480032581027	0.0	0	0.0	2302.1149525324	1	0	1	0.2806141285127511
258798.1221608417	1000.0	1503.992791690743	0.0	0	0.0	2302.114952532429	1	0	1	0.9737613090726944
259593.7628827607	1000.0	1708.3520697717477	0.0	0	0.0	2302.114952532429	1	0	1	0.9737613090726933
260522.03786374483	1000.0	1780.0770887876292	0.0	0	0.0	2302.114952532429	1	0	1	0.9737613090726933
261386.94893640082	1000.0	1915.1660161316286	0.0	0	0.0	2302.114952532429	1	0	1	0.9737613090726933
262377.2982733509	1000.0	1924.8166791815192	0.0	0	0.0	2302.114952532429	1	0	1	0.9737613090726915
263411.26398204954	1000.0	1890.8509704828841	0.0	0	0.0	2302.1149525324	1	0	1	0.9737613090726962
265063.7896539933	1000.0	1238.3252985391127	0.0	0	0.0	2302.1149525323417	1	0	1	0.9737613090727003
267122.20834168006	1000.0	200.0	20.09338914759215	0	0.0	2322.2083416800015	1	0	1	0.8527991064041913
267928.6218547398	500.0	656.8738418347758	263.2873548945637	0	0.0	2585.495696574624	1	0	1	-2.0205952558187987
269499.35487692885	1000.0	200.0	113.85918035425186	0	0.0	2699.3548769289628	1	0	1	-0.44069652583823626
270017.14827251463	500.0	713.0121370546849	75.07715654460318	0	0.0	2730.1604095694493	1	0	2	-1.3071002540129557
270876.849265905	1000.0	853.3111436643073	0.0	0	0.0	2730.1604095694493	1	0	1	0.03780958280904573
271524.08567722654	1000.0	1206.0747323427609	0.0	0	0.0	2730.1604095694493	1	0	1	0.9309567633689912
272277.1028929479	1000.0	1453.057516621376	0.0	0	0.0	2730.1604095694493	1	0	1	0.9309567633689912
272929.92966540175	1000.0	1800.2307441675252	0.0	0	0.0	2730.1604095694493	1	0	1	0.9309567633689912
273670.03526146343	1000.0	2060.125148105881	0.0	0	0.0	2730.1604095695075	1	0	1	0.9309567633689855
274700.0288441353	2000.0	1927.1322071668053	0.0	0	0.0	2627.1610513023334	1	0	2	0.5385765327998568
276792.7068967129	2000.0	625.1863493314254	0.0	0	0.0	2417.893246044521	1	0	2	1.4487947364883087
278030.1403088738	1000.0	387.75293717053376	0.0	0	0.0	2417.893246044521	1	0	1	0.06903629916153864
279379.1762512859	1000.0	201.60186530032178	162.88487054190884	0	0.0	2580.7781165862107	1	0	1	-0.030585425491560014
280003.7540944379	500.0	685.4059650461229	108.3819428978108	0	0.0	2689.160059484013	1	0	1	-1.1015292201292208
280968.9705900755	1000.0	720.1894694085777	0.0	0	0.0	2689.1600594839547	1	0	1	0.24190961781759523
281538.5792539125	1000.0	1150.5808055714756	0.0	0	0.0	2689.1600594838965	1	0	1	0.9350567983775419
282199.7439968406	1000.0	1489.4160626433204	0.0	0	0.0	2689.1600594838965	1	0	1	0.9350567983775465
283278.6694176909	2000.0	1410.4906417930144	0.0	0	0.0	2689.1600594838383	1	0	1	0.9350567983775523
284653.1261552545	1000.0	1036.0339042294088	0.0	0	0.0	2689.1600594838383	1	0	1	0.24190961781760723
285493.80778997455	1000.0	1195.3522695093297	0.0	0	0.0	2689.1600594838383	1	0	1	0.9350567983775524
286345.186007719	1000.0	1343.9740517649059	0.0	0	0.0	2689.1600594838383	1	0	1	0.9350567983775524
287408.5617614639	1000.0	1280.5982980200235	0.0	0	0.0	2689.1600594838383	1	0	1	0.9350567983775524
288740.03790258797	1000.0	949.1221568958947	0.0	0	0.0	2689.16005948378	1	0	1	0.9350567983775582
289634.0962960519	1000.0	1055.0637634319678	0.0	0	0.0	2689.16005948378	1	0	1	0.9350567983775582
290462.4955544787	1000.0	1226.6645050051934	0.0	0	0.0	2689.16005948378	1	0	1	0.9350567983775582
291239.85322652856	1000.0	1449.3068329553575	0.0	0	0.0	2689.16005948378	1	0	1	0.9350567983775582
291878.37638233195	1000.0	1810.7836771520683	0.0	0	0.0	2689.16005948378	1	0	1	0.9350567983775582
292929.44263535296	2000.0	1654.610798828941	0.0	0	0.0	2584.0534341817256	1	0	2	0.5427789169665278
294253.48192890576	2000.0	1198.1675759208713	0.0	0	0.0	2451.6495048265206	1	0	2	1.4479437872032528
294866.19422865985	1000.0	1585.4552761668022	0.0	0	0.0	2451.6495048265206	1	0	1	0.06566067328333886
295553.4096750909	1000.0	1898.2398297356951	0.0	0	0.0	2451.6495048265206	1	0	1	0.9588078538432842
297592.5391271754	2000.0	655.1974324428176	0.0	0	0.0	2247.736559618148	1	0	2	0.573221380625988
298441.6622432729	1000.0	806.0743163454104	0.0	0	0.0	2247.736559618148	1	0	1	0.08605196780417607
299151.35780240403	1000.0	1096.3787572142573	0.0	0	0.0	2247.736559618148	1	0	1	0.9791991483641214
300249.0508998562	2000.0	998.6856597620986	0.0	0	0.0	2247.736559618148	1	0	1	0.9791991483641213
301661.69813398184	1000.0	586.0384256364122	0.0	0	0.0	2247.7365596182062	1	0	1	0.2860519678041704
0.74	0.8	1.16	1.37	1.29	1.11	0.75	1.16	1.04	0.51	0.8	1.24	1.68	1.11	1.1	0.58	1.04	1.19	1.4	1.39	1.02	1.24	1.44	0.97	0.97	0.96	1.47	1.47	0.85	1.91	1.58	1.54	1.44	0.75	0.94	1.29	1.38	1.08	0.68	0.75	1.12	1.23	1.09	1.39	0.95	1.42	2.28	1.97	1.25	1.1	1.22	1.45	1.03	1.05	1.41	1.53	1.9	1.42	1.02	1.44	0.93	0.71	0.56	0.83	1.15	1.23	1.05	1.14	1.36	1.25	1.02	0.94	1.05	0.86	1.1	1.0	1.39	1.88	1.58	1.04	1.08	0.92	1.67	2.02	1.97	1.55	1.38	1.37	1.39	1.4	1.38	1.66	1.08	1.03	1.32	1.54	1.29	1.18	1.2	0.66	0.98	1.46	2.18	1.89	1.47	1.17	1.18	1.09	1.15	1.19	1.16	0.89	0.78	0.61	0.51	0.64	0.86	0.8	0.8	1.24	1.09	1.46	1.99	1.61	1.08	1.0	0.94	0.71	0.7	1.31	1.87	1.36	0.61	1.41	1.26	0.8	0.88	1.01	1.3	1.78	2.03	2.15	1.41	1.19	1.32	1.23	1.16	1.88	1.14	1.12	0.74	0.8	1.16	1.37	1.29	1.11	0.75	1.16	1.04	0.51	0.8	1.24	1.68	1.11	1.1	0.58	1.04	1.19	1.4	1.39	1.02	1.24	1.44	0.97	0.97	0.96	1.47	1.47	0.85	1.91	1.58	1.54	1.44	0.75	0.94	1.29	1.38	1.08	0.68	0.75	1.12	1.23	1.09	1.39	0.95	1.42	2.28	1.97	1.25	1.1	1.22	1.45	1.03	1.05	1.41	1.53	1.9	1.42	1.02	1.44	0.93	0.71	0.56	0.83	1.15	1.23	1.05	1.14	1.36	1.25	1.02	0.94	1.05	0.86	1.1	1.0	1.39	1.88	1.58	1.04	1.08	0.92	1.67	2.02	1.97	1.55	1.38	1.37	1.39	1.4	1.38	1.66	1.08	1.03	1.32	1.54	1.29	1.18	1.2	0.66	0.98	1.46	2.18	1.89	1.47	1.17	1.18	1.09	1.15	1.19	1.16	0.89	0.78	0.61	0.51	0.64	0.86	0.8	0.8	1.24	1.09	1.46	1.99	1.61	1.08	1.0	0.94	0.71	0.7	1.31	1.87	1.36	0.61	1.41	1.26	0.8	0.88	1.01	1.3	1.78	2.03	2.15	1.41	1.19	1.32	1.23	1.16	1.88	1.14	1.12	0.74	0.8
1.0	2.0	3.0	4.0	5.0	6.0	7.0	8.0	9.0	10.0	11.0	12.0	13.0	14.0	15.0	16.0	17.0	18.0	19.0	20.0	21.0	22.0	23.0	24.0	25.0	26.0	27.0	28.0	29.0	30.0	31.0	32.0	33.0	34.0	35.0	36.0	37.0	38.0	39.0	40.0	41.0	42.0	43.0	44.0	45.0	46.0	47.0	48.0	49.0	50.0	51.0	52.0	53.0	54.0	55.0	56.0	57.0	58.0	59.0	60.0	61.0	62.0	63.0	64.0	65.0	66.0	67.0	68.0	69.0	70.0	71.0	72.0	73.0	74.0	75.0	76.0	77.0	78.0	79.0	80.0	81.0	82.0	83.0	84.0	85.0	86.0	87.0	88.0	89.0	90.0	91.0	92.0	93.0	94.0	95.0	96.0	97.0	98.0	99.0	100.0	101.0	102.0	103.0	104.0	105.0	106.0	107.0	108.0	109.0	110.0	111.0	112.0	113.0	114.0	115.0	116.0	117.0	118.0	119.0	120.0	121.0	122.0	123.0	124.0	125.0	126.0	127.0	128.0	129.0	130.0	131.0	132.0	133.0	134.0	135.0	136.0	137.0	138.0	139.0	140.0	141.0	142.0	143.0	144.0	145.0	146.0	147.0	148.0	149.0	149.0	150.0	151.0	152.0	153.0	154.0	155.0	156.0	157.0	158.0	159.0	160.0	161.0	162.0	163.0	164.0	165.0	166.0	167.0	168.0	169.0	170.0	171.0	172.0	173.0	174.0	175.0	176.0	177.0	178.0	179.0	180.0	181.0	182.0	183.0	184.0	185.0	186.0	187.0	188.0	189.0	190.0	191.0	192.0	193.0	194.0	195.0	196.0	197.0	198.0	199.0	200.0	201.0	202.0	203.0	204.0	205.0	206.0	207.0	208.0	209.0	210.0	211.0	212.0	213.0	214.0	215.0	216.0	217.0	218.0	219.0	220.0	221.0	222.0	223.0	224.0	225.0	226.0	227.0	228.0	229.0	230.0	231.0	232.0	233.0	234.0	235.0	236.0	237.0	238.0	239.0	240.0	241.0	242.0	243.0	244.0	245.0	246.0	247.0	248.0	249.0	250.0	251.0	252.0	253.0	254.0	255.0	256.0	257.0	258.0	259.0	260.0	261.0	262.0	263.0	264.0	265.0	266.0	267.0	268.0	269.0	270.0	271.0	272.0	273.0	274.0	275.0	276.0	277.0	278.0	279.0	280.0	281.0	282.0	283.0	284.0	285.0	286.0	287.0	288.0	289.0	290.0	291.0	292.0	293.0	294.0	295.0	296.0	297.0	298.0	298.0	299.0	300.0
2501.4066326619904
