5936.1993475934205	300.0	2000.0	199.27990544129298	0	0.0	5936.1993475934205	1	0	1	-1.784965333076595
6190.766869517776	500.0	2719.975725883208	0.0	0	0.0	5910.742595400984	1	0	2	-0.9916760216509674
6381.9259891509855	300.0	3509.700694286678	0.0	0	0.0	5891.626683437663	1	0	2	-1.3003947477871385
6668.152239491873	500.0	4194.851818911702	0.0	0	0.0	5863.004058403576	1	0	2	-0.7868430903580931
6830.748681643632	500.0	5015.995732544766	0.0	0	0.0	5846.744414188399	1	0	2	-0.27420476230647994
7237.121157368666	1000.0	5568.986009247228	0.0	0	0.0	5806.107166615896	1	0	2	-0.2707441112327132
8200.0	500.0	5509.819282352761	0.0	0	740.786277240918	5709.819282352763	1	0	2	-0.9573034850292312
9200.0	2000.0	5409.819282352759	0.0	0	82.50899798949649	5609.8192823527625	1	0	2	-0.25330872840444457
10942.521291599134	3000.0	4493.045861593713	0.0	0	0.0	5435.56715319285	1	0	2	1.1486221751649497
12350.931984208482	3000.0	3943.794099723431	0.0	0	0.0	5294.726083931915	1	0	2	1.5695440698017231
14088.602553129533	3000.0	3032.3564739102753	0.0	0	0.0	5120.959027039809	1	0	2	1.5854605010335039
15621.417130516327	3000.0	2346.2604387848005	0.0	0	0.0	4967.677569301128	1	0	2	1.6023327647815888
16549.04718267598	3000.0	2325.867381409184	0.0	0	0.0	4874.914564085162	1	0	2	1.6127579580702558
17182.532794134026	2000.0	2629.0332088053383	0.0	0	0.0	4811.566002939362	1	0	2	0.8089280285925144
19420.45819874109	3000.0	1167.3152637375729	0.0	0	0.0	4587.773462478659	1	0	2	1.2304305382717775
20996.707525135575	2000.0	433.44100470364066	0.0	0	0.0	4430.148529839211	1	0	2	0.8451019475895114
21476.522534637705	1000.0	905.6444942512942	0.0	0	0.0	4382.1670288889945	1	0	2	-0.12861368358393704
21944.830184110087	1000.0	1390.506079831678	0.0	0	0.0	4335.336263941765	1	0	2	0.5692632342877492
22464.193882608448	1000.0	1819.2060114834803	0.0	0	0.0	4283.399894091923	1	0	2	0.5744043454743486
22879.823194341676	1000.0	2362.013768576934	0.0	0	0.0	4241.836962918598	1	0	2	0.5788110233170306
23196.93923329682	1000.0	3013.1861257262753	0.0	0	0.0	4210.1253590230845	1	0	2	0.5822374432696409
23853.34619640215	2000.0	3291.138466310412	0.0	0	0.0	4144.484662712552	1	0	2	0.5879383950625447
24974.35691489449	3000.0	3058.0266759688384	0.0	0	0.0	4032.383590863319	1	0	2	1.290001845316724
26803.820565134643	3000.0	2228.5630257286857	0.0	0	0.0	4032.383590863319	1	0	1	1.699346733907714
27779.04658909265	2000.0	2155.8143993748745	0.0	0	0.0	3934.860988467517	1	0	2	0.6954456194908065
28967.491237235106	2000.0	1848.5252864181734	0.0	0	0.0	3816.016523653274	1	0	2	1.3125394288180434
30034.7057401498	2000.0	1674.5893332120118	0.0	0	0.0	3709.2950733618054	1	0	2	1.3238054423290286
31021.97389918369	2000.0	1687.3211741781206	0.0	0	0.0	3709.2950733618054	1	0	1	1.3261904775497004
32646.170681855943	2000.0	1063.1243915058644	0.0	0	0.0	3709.295073361809	1	0	1	1.5261904775497004
33602.771347562884	1000.0	1010.8636592282272	0.0	0	0.0	3613.6350067911153	1	0	2	-0.25296104589850577
34351.116923868416	1000.0	1262.5180829226967	0.0	0	0.0	3613.6350067911153	1	0	1	0.6426093036468244
35067.53813110566	1000.0	1474.4547549617157	0.0	0	0.0	3541.9928860673826	1	0	2	0.4479886230327233
35479.8229521269	1000.0	2062.1699339404786	0.0	0	0.0	3541.9928860673863	1	0	1	0.6497735157191973
36076.170478956396	1000.0	2406.187654428029	0.0	0	0.0	3482.3581333844268	1	0	2	0.4542147079102975
36972.4685412935	1000.0	2420.259785857206	0.0	0	0.0	3392.7283271507113	1	0	2	0.6622523947567621
37800.58217701805	1000.0	2509.334786560198	0.0	0	0.0	3309.9169635782528	1	0	2	0.6710971895973438
38472.837395749826	1000.0	2769.854045955236	0.0	0	0.0	3242.691441705065	1	0	2	0.6779462516199155
39200.0	1000.0	2969.975181280039	0.0	0	171.4380083594515	3169.9751812800387	1	0	2	0.6842538926716409
40200.0	1000.0	2869.975181280031	0.0	0	574.3338618718117	3069.9751812800387	1	0	2	0.6930418337175362
41200.0	1000.0	2769.9751812800196	0.0	0	444.74679508184636	2969.975181280024	1	0	2	0.7031666636528555
42200.0	1000.0	2669.975181280017	0.0	0	465.1156036992834	2869.975181280024	1	0	2	0.7131632838389865
43200.0	1000.0	2569.975181280019	0.0	0	657.208232340563	2769.9751812800387	1	0	2	0.7229752861979328
44493.60567111127	2000.0	2276.3695101687586	0.0	0	0.0	2769.9751812800387	1	0	1	0.726975286197932
45233.65799858724	2000.0	2536.317182692794	0.0	0	0.0	2769.9751812800387	1	0	1	1.6201224667578773
46200.0	2000.0	2569.975181280041	0.0	0	229.14418704232958	2769.9751812800387	1	0	1	1.6201224667578773
47200.0	2000.0	2469.9751812800428	0.0	0	329.8113894525377	2669.9751812800387	1	0	2	1.2264405839323995
48200.0	2000.0	2469.975181280051	0.0	0	166.66282725809288	2669.9751812800387	1	0	1	1.4301224667578771
49200.0	2000.0	2369.975181280051	0.0	0	245.07602564350236	2569.975181280046	1	0	2	1.2365548136240636
50249.83243886939	2000.0	2215.159498523718	0.0	0	0.0	2464.991937393097	1	0	2	1.4480028391959474
51563.62605899096	2000.0	1901.365878402144	0.0	0	0.0	2464.991937393097	1	0	1	1.4506207911465716
52783.20380403031	3000.0	1559.8303588588697	0.0	0	0.0	2343.0341628891765	1	0	2	1.2596635769880165
53700.97607004488	2000.0	1642.0580928442955	0.0	0	0.0	2343.034162889184	1	0	1	1.0573514604887981
54546.77227152113	2000.0	1711.682271220423	0.0	0	0.0	2258.454542741565	1	0	2	1.2691724823162938
55493.20764548853	2000.0	1670.6033598562803	0.0	0	0.0	2163.811005344818	1	0	2	1.4782243661457906
56273.92999046946	2000.0	1811.8087803772564	0.0	0	0.0	2085.7387708467286	1	0	2	1.4866815912754487
57200.0	2000.0	1885.7387708467313	0.0	0	187.28057147948857	2085.7387708467286	1	0	1	1.4885461078012083
58200.0	2000.0	1885.7387708467254	0.0	0	10.151303815175197	2085.7387708467286	1	0	1	1.6885461078012085
59214.01437632732	2000.0	1871.7243945194011	0.0	0	0.0	2085.7387708467286	1	0	1	1.6885461078012085
60368.42656728593	2000.0	1601.8709844649318	0.0	0	0.0	1970.2975517508748	1	0	2	1.2972197466048139
61684.89097664166	2000.0	1285.406575109204	0.0	0	0.0	1970.2975517508748	1	0	1	1.5000902297107936
63218.2568028696	2000.0	752.0407488812687	0.0	0	0.0	1970.2975517508748	1	0	1	1.7000902297107938
64170.0805657248	1000.0	800.216986026074	0.0	0	0.0	1970.2975517508748	1	0	1	0.3137958685909036
64674.62277148313	1000.0	1295.6747802677419	0.0	0	0.0	1970.2975517508748	1	0	1	1.0069430491508486
65200.0	1000.0	1770.2975517508773	0.0	0	106.69310412471532	1970.2975517508821	1	0	1	1.006943049150848
66200.0	1000.0	1770.2975517508835	0.0	0	619.1405760039197	1970.2975517508967	1	0	1	1.006943049150847
67200.0	1000.0	1770.2975517508837	0.0	0	670.4330115081975	1970.2975517508894	1	0	1	1.0069430491508469
68200.0	1000.0	1770.2975517508792	0.0	0	687.8843210123887	1970.2975517508748	1	0	1	1.0069430491508484
69200.0	1000.0	1770.2975517508876	0.0	0	779.9514225354069	1970.2975517508748	1	0	1	1.0069430491508486
70200.0	2000.0	1770.2975517508905	0.0	0	572.028980513729	1970.2975517508748	1	0	1	1.0069430491508489
71200.0	2000.0	1770.2975517508887	0.0	0	398.5505065887555	1970.2975517508748	1	0	1	1.7000902297107938
72200.0	2000.0	1770.2975517508892	0.0	0	194.14290151985188	1970.2975517508748	1	0	1	1.7000902297107938
73200.0	3000.0	1770.2975517508896	0.0	0	100.15494045121886	1970.2975517508748	1	0	1	1.700090229710794
74200.0	3000.0	1770.2975517509067	0.0	0	135.35890092808404	1970.2975517508748	1	0	1	2.105555337818959
75200.0	3000.0	1770.2975517508942	0.0	0	119.13453203454264	1970.2975517508748	1	0	1	2.105555337818959
76361.39487976294	3000.0	1608.902671987952	0.0	0	0.0	1970.2975517508894	1	0	1	2.105555337818957
77320.66825733225	3000.0	1649.629294418642	0.0	0	0.0	1970.2975517508894	1	0	1	2.105555337818957
78740.56943805832	3000.0	1229.7281136925865	0.0	0	0.0	1970.2975517508748	1	0	1	2.105555337818959
81546.93318622894	3000.0	200.0	776.6356344780336	0	0.0	2746.93318622894	1	0	1	-2.598425009981309
82640.48349008652	2000.0	433.1670306919712	326.7173345495602	0	0.0	3073.650520778494	1	0	1	-0.776014182597494
83597.98912564901	2000.0	516.7448536762587	41.0834585467623	0	0.0	3114.7339793252613	1	0	1	1.3391458356727814
84294.55413218249	2000.0	820.1798471427849	0.0	0	0.0	3114.7339793252613	1	0	1	1.5856465869533551
85054.77113463939	2000.0	983.9411444401883	0.0	0	0.0	3038.7122790795547	1	0	2	1.191216495883984
85867.15845214257	2000.0	1171.5538269370104	0.0	0	0.0	3038.7122790795547	1	0	1	1.3932487569779255
86465.28104689805	2000.0	1573.4312321815428	0.0	0	0.0	3038.7122790795547	1	0	1	1.5932487569779257
87251.68978474506	2000.0	1708.3816205498274	0.0	0	0.0	2960.071405294846	1	0	2	1.1991066325486113
87798.36139243247	2000.0	2107.042852093696	0.0	0	0.0	2905.4042445261293	1	0	2	1.4053605360652286
88564.1432267499	3000.0	2264.6828343444995	0.0	0	0.0	2828.8260610943544	1	0	2	1.4122630592223557
89481.27364303364	3000.0	2255.839376432401	0.0	0	0.0	2737.113019465978	1	0	2	1.8266082276528943
90839.97379115842	3000.0	1761.269213495139	0.0	0	0.0	2601.243004653501	1	0	2	1.8390651258687933
92247.72838288026	3000.0	1353.514621773299	0.0	0	0.0	2601.243004653501	1	0	1	1.8424607925286955
93168.3787529091	3000.0	1432.8642517444566	0.0	0	0.0	2601.2430046535155	1	0	1	2.0424607925286944
94347.18937896032	3000.0	1254.0536256932485	0.0	0	0.0	2601.2430046535155	1	0	1	2.0424607925286944
95624.0872164481	3000.0	849.4660044566908	0.0	0	0.0	2473.5532209047233	1	0	2	1.6522797972990255
96462.05445146128	3000.0	1011.4987694434949	0.0	0	0.0	2473.5532209047233	1	0	1	1.8552297709035737
97980.37547054158	3000.0	493.1777503631952	0.0	0	0.0	2473.5532209047233	1	0	1	2.0552297709035736
98624.70991304793	2000.0	848.8433078568489	0.0	0	0.0	2473.553220904738	1	0	1	1.2442995546872428
99501.26218084604	2000.0	972.2910400587451	0.0	0	0.0	2473.5532209047524	1	0	1	1.649764662795406
100610.75125409666	2000.0	862.8019668081314	0.0	0	0.0	2473.5532209047524	1	0	1	1.649764662795406
101686.5163969478	2000.0	787.0368239569741	0.0	0	0.0	2473.553220904738	1	0	1	1.6497646627954075
102560.24159526869	1000.0	825.9391058040101	0.0	0	0.0	2386.1807010726625	1	0	2	-0.12987632455845005
103422.15674231832	1000.0	964.0239587543942	0.0	0	0.0	2386.1807010726625	1	0	1	0.7653547342186697
103892.62333995054	1000.0	1493.5573611221828	0.0	0	0.0	2386.1807010726625	1	0	1	0.9653547342186699
104640.60925793654	1000.0	1745.5714431361937	0.0	0	0.0	2386.1807010726625	1	0	1	0.9653547342186699
105200.0	1000.0	2186.1807010727193	0.0	0	146.10824797353416	2386.1807010726625	1	0	1	0.9653547342186699
106200.0	1000.0	2186.1807010727157	0.0	0	546.7749109465221	2386.180701072677	1	0	1	0.9653547342186685
107200.0	1000.0	2186.180701072716	0.0	0	575.8941961344099	2386.1807010726625	1	0	1	0.9653547342186699
108200.0	1000.0	2086.1807010727216	0.0	0	648.1747381883906	2286.1807010726625	1	0	2	0.5713547342186687
109200.0	1000.0	2086.1807010727302	0.0	0	684.5630270188267	2286.1807010726625	1	0	1	0.7753547342186697
110200.0	2000.0	2086.1807010727316	0.0	0	246.80067785120627	2286.1807010726625	1	0	1	0.9753547342186699
111200.0	2000.0	2086.1807010727207	0.0	0	159.08197369423578	2286.1807010726625	1	0	1	1.668501914778615
112200.0	2000.0	1986.1807010727082	0.0	0	157.98714046111854	2186.1807010726625	1	0	2	1.2752755862847447
113342.23381843307	3000.0	1843.9468826396385	0.0	0	0.0	2186.1807010726625	1	0	1	1.4785019147786151
115335.5249006982	3000.0	850.6558003745113	0.0	0	0.0	2186.1807010726625	1	0	1	2.08396702288678
116169.97219435175	2000.0	1016.2085067209753	0.0	0	0.0	2186.180701072677	1	0	1	1.2730368066704492
116802.28029006027	2000.0	1383.9004110124624	0.0	0	0.0	2186.1807010726625	1	0	1	1.678501914778615
117482.2670997603	2000.0	1703.913601312423	0.0	0	0.0	2186.180701072648	1	0	1	1.6785019147786164
118200.0	2000.0	1986.180701072718	0.0	0	211.6800355151645	2186.180701072648	1	0	1	1.6785019147786164
119200.0	2000.0	1986.1807010727207	0.0	0	446.30757353207446	2186.180701072648	1	0	1	1.6785019147786164
120510.07922852921	3000.0	1676.1014725435032	0.0	0	0.0	2186.180701072648	1	0	1	1.6785019147786167
122138.13312924943	3000.0	1048.0475718232815	0.0	0	0.0	2186.180701072648	1	0	1	2.0839670228867813
123317.07881375913	2000.0	869.1018873135906	0.0	0	0.0	2186.180701072648	1	0	1	1.2730368066704518
124453.41270471808	2000.0	732.7679963546195	0.0	0	0.0	2186.1807010726334	1	0	1	1.678501914778618
125379.49676074008	2000.0	806.683940332636	0.0	0	0.0	2186.1807010726334	1	0	1	1.678501914778618
126194.08933971409	2000.0	992.0913613586138	0.0	0	0.0	2186.1807010726334	1	0	1	1.678501914778618
127023.76572967315	2000.0	1162.4149713995585	0.0	0	0.0	2186.1807010726334	1	0	1	1.678501914778618
127729.06017783194	2000.0	1457.1205232407701	0.0	0	0.0	2186.1807010726334	1	0	1	1.678501914778618
128866.64652751073	2000.0	1205.775538594085	0.0	0	0.0	2072.422066104744	1	0	2	1.2869176874555992
129997.43563942001	2000.0	1074.9864266847926	0.0	0	0.0	2072.422066104744	1	0	1	1.4898777782754067
131211.85967984088	2000.0	860.5623862639103	0.0	0	0.0	2072.4220661047293	1	0	1	1.689877778275407
132257.46777842814	2000.0	814.9542876766744	0.0	0	0.0	2072.422066104744	1	0	1	1.6898777782754075
133368.25153640014	2000.0	704.1705297046659	0.0	0	0.0	2072.422066104744	1	0	1	1.6898777782754075
134399.6298666849	2000.0	672.7921994199231	0.0	0	0.0	2072.422066104744	1	0	1	1.6898777782754069
135111.59623175897	2000.0	960.8258343458759	0.0	0	0.0	2072.422066104744	1	0	1	1.6898777782754069
136094.6962783455	2000.0	977.7257877593493	0.0	0	0.0	2072.422066104744	1	0	1	1.6898777782754069
136866.01002794574	2000.0	1206.4120381590694	0.0	0	0.0	2072.4220661047148	1	0	1	1.68987777827541
137913.3833898822	2000.0	1159.038676222643	0.0	0	0.0	2072.4220661047148	1	0	1	1.68987777827541
139019.7500797004	2000.0	1052.6719864044117	0.0	0	0.0	2072.4220661047148	1	0	1	1.68987777827541
140336.2434460785	2000.0	736.1786200263068	0.0	0	0.0	2072.4220661047148	1	0	1	1.68987777827541
141524.17360222296	2000.0	548.2484638818148	0.0	0	0.0	2072.422066104744	1	0	1	1.6898777782754069
142035.0805735467	1000.0	1037.3414925580823	0.0	0	0.0	2072.422066104744	1	0	1	0.3035834171555166
142647.9528688984	1000.0	1424.4691972063629	0.0	0	0.0	2072.422066104744	1	0	1	0.9967305977154618
143407.8356814645	1000.0	1664.5863846403074	0.0	0	0.0	2072.422066104744	1	0	1	0.9967305977154618
144200.0	1000.0	1872.42206610481	0.0	0	126.51111628054059	2072.422066104744	1	0	1	0.9967305977154618
145200.0	2000.0	1872.4220661047818	0.0	0	241.11722301633563	2072.4220661047148	1	0	1	0.9967305977154647
146200.0	2000.0	1872.4220661047582	0.0	0	176.9542895128834	2072.4220661047148	1	0	1	1.68987777827541
147375.26376062154	2000.0	1697.1583054831947	0.0	0	0.0	2072.4220661047148	1	0	1	1.68987777827541
148859.35195378805	2000.0	1213.0701123166773	0.0	0	0.0	2072.4220661047148	1	0	1	1.68987777827541
149370.27121133366	1000.0	1702.150854771066	0.0	0	0.0	2072.4220661047148	1	0	1	0.30358341715551956
150200.0	1000.0	1872.4220661047223	0.0	0	147.1564239571162	2072.4220661047148	1	0	1	0.9967305977154648
151200.0	1000.0	1872.4220661047252	0.0	0	536.8196693305508	2072.4220661047148	1	0	1	0.9967305977154648
152200.0	1000.0	1872.4220661047314	0.0	0	253.56313434199546	2072.4220661047148	1	0	1	0.9967305977154648
154207.20920439687	2000.0	865.2128617078456	0.0	0	0.0	2072.4220661046857	1	0	1	0.9967305977154675
154883.49254396517	1000.0	1188.9295221395487	0.0	0	0.0	2072.4220661046857	1	0	1	0.3035834171555224
155404.39858439562	1000.0	1668.0234817091114	0.0	0	0.0	2072.4220661046857	1	0	1	0.9967305977154677
156200.0	1000.0	1872.4220661047373	0.0	0	385.22463963678456	2072.4220661046566	1	0	1	0.9967305977154706
157200.0	1000.0	1772.4220661047516	0.0	0	541.1081114094704	1972.4220661046566	1	0	2	0.6028089317831221
158250.2929021526	2000.0	1722.1291639521253	0.0	0	0.0	1972.4220661046566	1	0	1	0.8067305977154704
159370.0786493709	2000.0	1602.3434167338255	0.0	0	0.0	1972.4220661046274	1	0	1	1.6998777782754184
160676.31218627043	2000.0	1296.1098798342973	0.0	0	0.0	1972.4220661046274	1	0	1	1.6998777782754184
161467.3003068423	2000.0	1505.1217592624387	0.0	0	0.0	1972.4220661046274	1	0	1	1.6998777782754184
162946.3819514762	2000.0	1026.040114628542	0.0	0	0.0	1972.4220661045983	1	0	1	1.6998777782754197
164485.44585158065	2000.0	333.0698245136688	0.0	0	0.0	1818.5156760941609	1	0	2	1.3118869531672925
165274.27335312124	2000.0	619.0119808215275	74.76965784845322	0	0.0	1893.285333942622	1	0	1	1.0591735044008996
166362.21356544291	2000.0	531.0717684998547	0.0	0	0.0	1893.285333942651	1	0	1	1.7077914514916162
167248.22907400093	2000.0	645.0562599418333	0.0	0	0.0	1893.285333942622	1	0	1	1.7077914514916193
168638.7107160303	2000.0	254.57461791243304	0.0	0	0.0	1893.2853339425637	1	0	1	1.7077914514916226
169611.39693816085	1000.0	527.9557583104388	246.06736252857766	0	0.0	2139.352696471149	1	0	1	-1.17951382105259
170138.66269076715	1000.0	1000.6900057041685	0.0	0	0.0	2139.352696471149	1	0	1	0.9900375346788213
170798.47104926492	1000.0	1340.8816472063843	0.0	0	0.0	2139.352696471149	1	0	1	0.9900375346788213
171200.0	1000.0	1939.352696471307	0.0	0	13.402864992298419	2139.352696471149	1	0	1	0.9900375346788213
172200.0	1000.0	1939.3526964713083	0.0	0	558.6338098707784	2139.352696471149	1	0	1	0.9900375346788213
173200.0	1000.0	1939.3526964713174	0.0	0	581.663369034999	2139.352696471149	1	0	1	0.9900375346788213
174282.0167255369	2000.0	1857.3359709344197	0.0	0	0.0	2139.352696471149	1	0	1	0.9900375346788212
175942.23050757943	2000.0	1197.122188891925	0.0	0	0.0	2139.352696471149	1	0	1	1.6831847152387662
177692.78164958357	2000.0	271.51593268733586	0.0	0	0.0	1964.297582270694	1	0	2	1.2961759292234534
178259.4018468306	1000.0	704.8957354402849	0.0	0	0.0	1964.297582270694	1	0	1	0.11439586553892145
178836.47982982983	1000.0	1127.817752441048	0.0	0	0.0	1964.297582270694	1	0	1	1.0075430460988668
179401.5356309334	1000.0	1562.761951337487	0.0	0	0.0	1964.297582270694	1	0	1	1.0075430460988668
180200.0	1000.0	1764.2975822708986	0.0	0	300.72591902379645	1964.297582270694	1	0	1	1.0075430460988668
181426.34277082703	1000.0	1415.3205343611846	0.0	0	0.0	1841.6633051879762	1	0	2	0.6152952005107211
182470.53242667404	1000.0	1371.1308785142166	0.0	0	0.0	1841.6633051879762	1	0	1	0.8198064738071384
183200.0	1000.0	1641.6633051881884	0.0	0	82.12225635818322	1841.6633051879471	1	0	1	1.0198064738071415
184200.0	1000.0	1641.6633051881706	0.0	0	307.54587372319656	1841.663305187918	1	0	1	1.0198064738071444
185200.0	1000.0	1641.6633051881427	0.0	0	426.73464517333196	1841.663305187889	1	0	1	1.0198064738071473
186247.91323812908	1000.0	1593.7500670590584	0.0	0	0.0	1841.663305187889	1	0	1	1.0198064738071473
187200.0	1000.0	1641.6633051881522	0.0	0	220.19839439788484	1841.663305187918	1	0	1	1.0198064738071444
188200.0	1000.0	1641.663305188149	0.0	0	297.7896067260299	1841.6633051879471	1	0	1	1.0198064738071415
189200.0	1000.0	1641.6633051881417	0.0	0	375.2178339365346	1841.6633051879762	1	0	1	1.0198064738071386
190200.0	1000.0	1641.663305188128	0.0	0	641.4094545505068	1841.6633051879762	1	0	1	1.0198064738071386
191200.0	1000.0	1641.6633051881474	0.0	0	605.1477183109382	1841.6633051879762	1	0	1	1.0198064738071386
192200.0	1000.0	1641.6633051881156	0.0	0	653.7416310333938	1841.6633051879762	1	0	1	1.0198064738071386
193200.0	1000.0	1641.6633051880935	0.0	0	484.6631307260832	1841.6633051879762	1	0	1	1.0198064738071386
194200.0	1000.0	1641.6633051880895	0.0	0	485.6575019264419	1841.6633051879762	1	0	1	1.0198064738071386
195200.0	1000.0	1641.6633051880983	0.0	0	429.34898396374774	1841.6633051879762	1	0	1	1.0198064738071386
196200.0	1000.0	1641.6633051881122	0.0	0	515.0695295510523	1841.6633051879762	1	0	1	1.0198064738071386
197200.0	1000.0	1641.6633051880876	0.0	0	620.8566316498618	1841.6633051879762	1	0	1	1.0198064738071386
198200.0	1000.0	1641.6633051880744	0.0	0	581.5673871812178	1841.6633051879762	1	0	1	1.0198064738071386
199245.92757386886	2000.0	1595.7357313192197	0.0	0	0.0	1841.6633051879762	1	0	1	1.0198064738071384
200200.0	2000.0	1641.6633051880478	0.0	0	54.448580563330324	1841.6633051879762	1	0	1	1.7129536543670838
201571.8089785243	2000.0	1269.8543266637573	0.0	0	0.0	1841.6633051879762	1	0	1	1.7129536543670838
202930.265470455	2000.0	911.3978347330553	0.0	0	0.0	1841.6633051879762	1	0	1	1.7129536543670838
204004.8333194874	2000.0	836.8299857006527	0.0	0	0.0	1841.6633051880053	1	0	1	1.712953654367081
204950.19270273033	2000.0	891.470602457718	0.0	0	0.0	1841.6633051880344	1	0	1	1.7129536543670778
205500.85796122524	2000.0	1340.8053439628402	0.0	0	0.0	1841.6633051880344	1	0	1	1.7129536543670778
206200.0	2000.0	1641.6633051880815	0.0	0	99.56905580501189	1841.6633051880053	1	0	1	1.712953654367081
207200.0	2000.0	1641.6633051880797	0.0	0	95.87281754930154	1841.6633051880053	1	0	1	1.712953654367081
208438.11800246657	2000.0	1403.5453027215553	0.0	0	0.0	1841.6633051880053	1	0	1	1.712953654367081
209203.5506532896	2000.0	1638.1126518985	0.0	0	0.0	1841.6633051880053	1	0	1	1.712953654367081
210370.96027248687	2000.0	1470.703032701182	0.0	0	0.0	1841.6633051880053	1	0	1	1.712953654367081
212720.96040819975	2000.0	200.0	79.29710301171738	0	0.0	1920.9604081996658	1	0	1	1.234293322383054
213376.7740359323	1000.0	679.3518545151835	135.16548224773476	0	0.0	2056.125890447409	1	0	1	-0.5057798587651585
213890.3460369125	1000.0	1165.7798535349693	0.0	0	0.0	2056.125890447438	1	0	1	0.9983602152811923
214502.80208976078	1000.0	1492.0781954018682	0.0	0	0.0	1994.8802851626242	1	0	2	0.6029005330394475
215200.0	1000.0	1794.880285162662	0.0	0	262.768813752773	1994.8802851626242	1	0	1	0.8044847758096736
216200.0	1000.0	1794.8802851626865	0.0	0	650.8584342685353	1994.8802851626242	1	0	1	1.0044847758096738
217200.0	1000.0	1794.8802851627004	0.0	0	674.3306365406606	1994.8802851626242	1	0	1	1.0044847758096738
218200.0	1000.0	1694.880285162681	0.0	0	678.090742180415	1894.880285162595	1	0	2	0.6104847758096763
219200.0	1000.0	1694.8802851626865	0.0	0	730.4992275040131	1894.880285162595	1	0	1	0.8144847758096765
220200.0	1000.0	1694.8802851626767	0.0	0	641.8432684017171	1894.880285162566	1	0	1	1.0144847758096796
221412.40887177936	2000.0	1361.2305262053558	0.0	0	0.0	1773.6393979846034	1	0	2	0.6236680761801077
222612.45782776678	3000.0	1161.181570217899	0.0	0	0.0	1773.6393979846325	1	0	1	1.519756045087418
223655.77053337634	3000.0	1117.8688646083397	0.0	0	0.0	1773.6393979846616	1	0	1	2.1252211531955822
224307.23694178747	3000.0	1466.4024561971996	0.0	0	0.0	1773.6393979846616	1	0	1	2.12522115319558
225200.0	3000.0	1573.6393979846725	0.0	0	72.13289644059842	1773.6393979846907	1	0	1	2.125221153195577
226200.0	3000.0	1573.6393979846591	0.0	0	35.8330216271861	1773.6393979846907	1	0	1	2.125221153195577
227306.51844004652	3000.0	1467.1209579381289	0.0	0	0.0	1773.6393979846616	1	0	1	2.12522115319558
228986.70098127588	3000.0	786.9384167087636	0.0	0	0.0	1773.6393979846325	1	0	1	2.1252211531955827
231065.28014465352	3000.0	200.0	491.6407466688621	0	0.0	2265.280144653516	1	0	1	-0.8643608720142318
232317.8506872347	2000.0	422.00916535412046	474.57970793531115	0	0.0	2739.859852588823	1	0	1	-1.6298093560930318
233108.54306680898	2000.0	633.9249180595623	2.6081322797368216	0	0.0	2742.467984868563	1	0	1	1.6072243927206042
234112.5088846632	2000.0	629.9591002053396	0.0	0	0.0	2742.467984868563	1	0	1	1.6228731863990251
235033.28386733768	2000.0	709.1841175308582	0.0	0	0.0	2742.4679848685337	1	0	1	1.6228731863990278
235695.63393153675	2000.0	1046.8340533317848	0.0	0	0.0	2742.4679848685337	1	0	1	1.6228731863990278
236530.74050129022	3000.0	1211.7274835783367	0.0	0	0.0	2742.4679848685337	1	0	1	1.622873186399028
236920.5972227205	2000.0	1821.870762148054	0.0	0	0.0	2742.4679848685337	1	0	1	1.2174080782908632
237358.26889721677	2000.0	2340.4319202021766	0.0	0	0.0	2698.700817418867	1	0	2	1.2261021504952092
238200.0	3000.0	2414.527707140605	0.0	0	198.17621579990373	2614.5277071405726	1	0	2	1.4324441262168728
239316.87145096678	3000.0	2185.969111077167	0.0	0	0.0	2502.840562043886	1	0	2	1.8489107557377495
241017.81995784512	3000.0	1485.0206041988147	0.0	0	0.0	2502.840562043857	1	0	1	1.8523010367896604
242560.16585675903	3000.0	942.6747052848882	0.0	0	0.0	2502.840562043828	1	0	1	2.0523010367896632
243717.5511232182	3000.0	785.2894388257182	0.0	0	0.0	2502.840562043828	1	0	1	2.0523010367896632
244450.76192982902	2000.0	1052.0786322148774	0.0	0	0.0	2502.840562043828	1	0	1	1.2413708205733338
245354.54771189005	3000.0	1148.292850153885	0.0	0	0.0	2502.840562043828	1	0	1	1.6468359286814986
246109.8841813965	2000.0	1392.956380647411	0.0	0	0.0	2502.840562043828	1	0	1	1.2413708205733338
247012.68831464334	2000.0	1490.1522474005767	0.0	0	0.0	2502.840562043828	1	0	1	1.6468359286814984
247684.404470079	2000.0	1818.436091964895	0.0	0	0.0	2502.840562043828	1	0	1	1.6468359286814984
248840.50573143273	2000.0	1546.7247044758253	0.0	0	0.0	2387.230435908481	1	0	2	1.255030651833339
249878.22005007236	2000.0	1509.0103858361904	0.0	0	0.0	2387.230435908481	1	0	1	1.458396941295033
250779.9804898182	2000.0	1607.2499460903812	0.0	0	0.0	2387.230435908481	1	0	1	1.6583969412950332
252379.2369187804	2000.0	1007.9935171282121	0.0	0	0.0	2387.230435908481	1	0	1	1.6583969412950332
253804.65935736135	2000.0	582.5710785472816	0.0	0	0.0	2387.230435908452	1	0	1	1.6583969412950343
254646.53817156242	2000.0	740.6922643462301	0.0	0	0.0	2387.230435908452	1	0	1	1.6583969412950361
254940.96995695136	1000.0	1446.2604789572906	0.0	0	0.0	2387.230435908452	1	0	1	0.27210258017514577
255230.02393188525	1000.0	2157.206504023374	0.0	0	0.0	2387.230435908452	1	0	1	0.965249760735091
256200.0	1000.0	2187.2304359086556	0.0	0	635.2515201712085	2387.230435908481	1	0	1	0.9652497607350881
257200.0	1000.0	2187.2304359086693	0.0	0	722.6959315229615	2387.230435908481	1	0	1	0.9652497607350881
258200.0	2000.0	2187.230435908674	0.0	0	193.4473659542855	2387.230435908481	1	0	1	0.9652497607350882
259200.0	2000.0	2187.23043590867	0.0	0	407.80755820765626	2387.230435908481	1	0	1	1.6583969412950332
260200.0	3000.0	2187.230435908689	0.0	0	211.5917417423625	2387.230435908481	1	0	1	1.6583969412950332
261383.85240720323	3000.0	1884.9927879851184	0.0	0	0.0	2268.845195188158	1	0	2	1.6725281033559383
262499.32772446476	3000.0	1657.9699389974705	0.0	0	0.0	2157.2976634620572	1	0	2	1.8840942155042502
263964.2890131702	3000.0	1193.0086502920565	0.0	0	0.0	2157.2976634620863	1	0	1	1.8868553266478372
265141.23602322204	2000.0	1016.0616402401672	0.0	0	0.0	2157.2976634620572	1	0	1	1.275925110431511
265838.6770940224	2000.0	1318.6205694398361	0.0	0	0.0	2157.2976634620572	1	0	1	1.6813902185396745
266200.0	1000.0	1957.2976634621587	0.0	0	89.77106841810746	2157.2976634620572	1	0	1	0.29509585741978533
267200.0	2000.0	1957.2976634622046	0.0	0	438.7496256957529	2157.2976634620572	1	0	1	0.9882430379797305
268200.0	2000.0	1957.2976634622282	0.0	0	374.9053481943556	2157.2976634620572	1	0	1	1.6813902185396756
270023.8296604349	3000.0	951.0850369838267	0.0	0	0.0	1974.9146974185714	1	0	2	1.2949662758977964
270866.5600583396	2000.0	1108.3546390790875	0.0	0	0.0	1974.9146974186297	1	0	1	1.0941634070358535
271866.27469240944	2000.0	1108.6400050092375	0.0	0	0.0	1974.9146974185714	1	0	1	1.6996285151440216
272900.87470960343	2000.0	1074.0399878152734	0.0	0	0.0	1974.9146974186297	1	0	1	1.6996285151440194
273939.04689385695	2000.0	1035.8678035617631	0.0	0	0.0	1974.9146974186297	1	0	1	1.6996285151440182
274648.5012237214	2000.0	1326.413473697287	0.0	0	0.0	1974.9146974186297	1	0	1	1.6996285151440182
275200.0	1000.0	1774.9146974186654	0.0	0	205.4548669392243	1974.9146974186297	1	0	1	0.313334154024128
276200.0	2000.0	1774.9146974186406	0.0	0	238.57885176385753	1974.9146974186297	1	0	1	1.006481334584073
277200.0	2000.0	1774.9146974186353	0.0	0	390.99534791940823	1974.9146974185714	1	0	1	1.699628515144024
278200.0	2000.0	1774.9146974186451	0.0	0	37.070690473832656	1974.9146974185714	1	0	1	1.699628515144024
279277.45116543723	2000.0	1697.4635319814508	0.0	0	0.0	1974.9146974185714	1	0	1	1.699628515144024
280856.9767220207	2000.0	1117.9379753980038	0.0	0	0.0	1974.9146974185714	1	0	1	1.699628515144024
281674.68854194053	2000.0	1300.2261554781203	0.0	0	0.0	1974.9146974185714	1	0	1	1.699628515144024
282603.60827710875	2000.0	1371.3064203099627	0.0	0	0.0	1974.9146974186297	1	0	1	1.699628515144023
283200.0	1000.0	1774.9146974187736	0.0	0	71.78173263568897	1974.9146974186879	1	0	1	0.31333415402412224
284200.0	2000.0	1774.9146974187845	0.0	0	147.72541823395295	1974.914697418746	1	0	1	1.0064813345840613
285200.0	2000.0	1774.914697418806	0.0	0	274.4290781908203	1974.914697418746	1	0	1	1.6996285151440067
286449.8387801354	2000.0	1525.0759172835108	0.0	0	0.0	1974.9146974188043	1	0	1	1.6996285151440007
287677.6713138431	2000.0	1297.2433835758322	0.0	0	0.0	1974.9146974188043	1	0	1	1.6996285151440007
288712.2682353998	2000.0	1262.6464620191352	0.0	0	0.0	1974.9146974188043	1	0	1	1.699628515144004
289677.3518611565	2000.0	1297.5628362624325	0.0	0	0.0	1974.9146974188043	1	0	1	1.6996285151440007
290734.1741009708	2000.0	1240.740596448226	0.0	0	0.0	1974.9146974188043	1	0	1	1.6996285151440007
291398.76851068804	2000.0	1576.1461867309704	0.0	0	0.0	1974.9146974188043	1	0	1	1.6996285151440007
292337.8522808608	2000.0	1637.0624165582133	0.0	0	0.0	1974.9146974188043	1	0	1	1.6996285151440007
293716.23699345096	2000.0	1258.6777039680373	0.0	0	0.0	1974.9146974188043	1	0	1	1.6996285151440007
294511.4451390896	2000.0	1463.469558329376	0.0	0	0.0	1974.9146974188043	1	0	1	1.6996285151440007
295292.09219849255	2000.0	1682.8224989264022	0.0	0	0.0	1974.914697418746	1	0	1	1.6996285151440067
296200.0	2000.0	1774.914697418949	0.0	0	74.10559205233585	1974.914697418746	1	0	1	1.6996285151440067
298015.15775823843	2000.0	959.7569391805507	0.0	0	0.0	1974.9146974188043	1	0	1	1.6996285151440007
299347.8626337803	2000.0	627.0520636386783	0.0	0	0.0	1974.9146974188043	1	0	1	1.6996285151440007
300804.1722678728	2000.0	200.0	29.257570453826787	0	0.0	2004.1722678726073	1	0	1	1.523497941011964
301522.3060438838	1000.0	637.576687861506	155.71046387253926	0	0.0	2159.882731745136	1	0	1	-0.6394254326437581
2.21	2.92	2.81	2.2	2.06	1.99	2.2	1.38	1.37	2.06	2.71	2.5	2.33	0.92	1.25	1.8	2.32	2.99	3.52	1.73	1.36	1.61	1.51	1.61	1.96	1.55	0.61	1.23	1.49	1.93	1.4	1.18	1.54	2.07	2.32	2.48	2.87	2.73	1.82	2.06	2.61	2.81	2.57	2.62	2.29	1.52	2.04	1.78	2.15	2.51	3.17	3.26	2.31	1.9	2.21	1.46	1.07	1.1	1.62	2.26	2.58	3.36	3.9	5.0	5.31	2.06	2.07	2.76	3.35	3.54	3.36	2.46	2.65	1.58	1.12	1.48	1.71	2.11	2.64	2.5	3.13	3.67	4.34	3.48	2.33	2.56	2.25	2.73	2.71	2.88	3.06	1.9	2.48	2.11	1.55	1.87	1.42	1.42	1.78	2.35	2.95	3.63	3.32	2.57	2.77	2.95	2.98	3.44	1.66	1.9	2.46	3.2	3.7	2.56	1.7	2.17	1.68	1.68	2.42	2.93	2.8	2.81	2.27	2.03	1.58	1.59	2.04	2.33	2.43	2.61	2.19	1.83	2.04	1.73	1.93	2.2	2.37	1.56	1.95	2.27	2.69	2.07	1.24	1.53	2.02	1.54	1.04	1.14	1.4	1.31	2.21	2.92	2.81	2.2	2.06	1.99	2.2	1.38	1.37	2.06	2.71	2.5	2.33	0.92	1.25	1.8	2.32	2.99	3.52	1.73	1.36	1.61	1.51	1.61	1.96	1.55	0.61	1.23	1.49	1.93	1.4	1.18	1.54	2.07	2.32	2.48	2.87	2.73	1.82	2.06	2.61	2.81	2.57	2.62	2.29	1.52	2.04	1.78	2.15	2.51	3.17	3.26	2.31	1.9	2.21	1.46	1.07	1.1	1.62	2.26	2.58	3.36	3.9	5.0	5.31	2.06	2.07	2.76	3.35	3.54	3.36	2.46	2.65	1.58	1.12	1.48	1.71	2.11	2.64	2.5	3.13	3.67	4.34	3.48	2.33	2.56	2.25	2.73	2.71	2.88	3.06	1.9	2.48	2.11	1.55	1.87	1.42	1.42	1.78	2.35	2.95	3.63	3.32	2.57	2.77	2.95	2.98	3.44	1.66	1.9	2.46	3.2	3.7	2.56	1.7	2.17	1.68	1.68	2.42	2.93	2.8	2.81	2.27	2.03	1.58	1.59	2.04	2.33	2.43	2.61	2.19	1.83	2.04	1.73	1.93	2.2	2.37	1.56	1.95	2.27	2.69	2.07	1.24	1.53	2.02	1.54	1.04	1.14
1.0	2.0	3.0	4.0	5.0	6.0	7.0	8.0	9.0	10.0	11.0	12.0	13.0	14.0	15.0	16.0	17.0	18.0	19.0	20.0	21.0	22.0	23.0	24.0	25.0	26.0	27.0	28.0	29.0	30.0	31.0	32.0	33.0	34.0	35.0	36.0	37.0	38.0	39.0	40.0	41.0	42.0	43.0	44.0	45.0	46.0	47.0	48.0	49.0	50.0	51.0	52.0	53.0	54.0	55.0	56.0	57.0	58.0	59.0	60.0	61.0	62.0	63.0	64.0	65.0	66.0	67.0	68.0	69.0	70.0	71.0	72.0	73.0	74.0	75.0	76.0	77.0	78.0	79.0	80.0	81.0	82.0	83.0	84.0	85.0	86.0	87.0	88.0	89.0	90.0	91.0	92.0	93.0	94.0	95.0	96.0	97.0	98.0	99.0	100.0	101.0	102.0	103.0	104.0	105.0	106.0	107.0	108.0	109.0	110.0	111.0	112.0	113.0	114.0	115.0	116.0	117.0	118.0	119.0	120.0	121.0	122.0	123.0	124.0	125.0	126.0	127.0	128.0	129.0	130.0	131.0	132.0	133.0	134.0	135.0	136.0	137.0	138.0	139.0	140.0	141.0	142.0	143.0	144.0	145.0	146.0	147.0	148.0	149.0	149.0	150.0	151.0	152.0	153.0	154.0	155.0	156.0	157.0	158.0	159.0	160.0	161.0	162.0	163.0	164.0	165.0	166.0	167.0	168.0	169.0	170.0	171.0	172.0	173.0	174.0	175.0	176.0	177.0	178.0	179.0	180.0	181.0	182.0	183.0	184.0	185.0	186.0	187.0	188.0	189.0	190.0	191.0	192.0	193.0	194.0	195.0	196.0	197.0	198.0	199.0	200.0	201.0	202.0	203.0	204.0	205.0	206.0	207.0	208.0	209.0	210.0	211.0	212.0	213.0	214.0	215.0	216.0	217.0	218.0	219.0	220.0	221.0	222.0	223.0	224.0	225.0	226.0	227.0	228.0	229.0	230.0	231.0	232.0	233.0	234.0	235.0	236.0	237.0	238.0	239.0	240.0	241.0	242.0	243.0	244.0	245.0	246.0	247.0	248.0	249.0	250.0	251.0	252.0	253.0	254.0	255.0	256.0	257.0	258.0	259.0	260.0	261.0	262.0	263.0	264.0	265.0	266.0	267.0	268.0	269.0	270.0	271.0	272.0	273.0	274.0	275.0	276.0	277.0	278.0	279.0	280.0	281.0	282.0	283.0	284.0	285.0	286.0	287.0	288.0	289.0	290.0	291.0	292.0	293.0	294.0	295.0	296.0	297.0
5541.1491619832395
