3299.903563097308	300.0	2000.0	145.76413715289732	0	0.0	3299.903563097308	1	0	1	-1.2014458652765074
3494.9261782779668	300.0	2785.4751233012757	0.0	0	0.0	3280.401301579243	1	0	2	-0.7284525550415492
4200.0	500.0	3009.89391940704	0.0	0	453.56016068297595	3209.8939194070394	1	0	2	-0.5244243086199473
5200.0	500.0	2909.893919407041	0.0	0	538.4434829161819	3109.8939194070404	1	0	2	-0.004144087482801005
6200.0	500.0	2809.8939194070404	0.0	0	457.34145480340794	3009.89391940704	1	0	2	0.005960482656428852
7295.1039485194415	1000.0	2605.2795760356553	0.0	0	0.0	2900.3835245550954	1	0	2	0.018265934984791815
8563.66318541473	1000.0	2209.8644154508374	0.0	0	0.0	2773.5276008655674	1	0	2	0.7235144611461891
9415.621847536355	1000.0	2272.7098871170506	0.0	0	0.0	2688.331734653403	1	0	2	0.7331141865457586
10285.90047044835	1000.0	2315.4034019138558	0.0	0	0.0	2601.303872362204	1	0	2	0.7418805525468646
11200.0	1000.0	2309.89391940704	0.0	0	423.5417736432082	2509.8939194070354	1	0	2	0.7492983777405476
12200.0	1000.0	2209.8939194070413	0.0	0	479.02012605686105	2409.893919407037	1	0	2	0.7590669817235759
13200.0	1000.0	2209.893919407044	0.0	0	598.8232244184528	2409.893919407039	1	0	1	0.7629834123852322
14200.0	1000.0	2109.8939194070413	0.0	0	457.9878890410546	2309.893919407037	1	0	2	0.5690749129586312
15200.0	1000.0	2109.8939194070417	0.0	0	66.90095301219117	2309.8939194070354	1	0	1	0.7729834123852325
16200.0	1000.0	2109.8939194070413	0.0	0	143.9779570047158	2309.8939194070354	1	0	1	0.9729834123852327
17200.0	1000.0	2109.8939194070385	0.0	0	209.6462242845082	2309.8939194070317	1	0	1	0.972983412385233
18200.0	1000.0	2109.893919407038	0.0	0	413.1541475652775	2309.8939194070317	1	0	1	0.9729834123852328
19200.0	1000.0	2109.893919407039	0.0	0	471.6462213310697	2309.8939194070335	1	0	1	0.9729834123852328
20200.0	1000.0	2109.893919407039	0.0	0	371.71224857363995	2309.89391940703	1	0	1	0.9729834123852332
21200.0	1000.0	2109.893919407043	0.0	0	444.422982089196	2309.89391940703	1	0	1	0.9729834123852332
22200.0	1000.0	2109.8939194070445	0.0	0	237.32481365641434	2309.89391940703	1	0	1	0.9729834123852332
23230.650700938913	1000.0	2079.243218468132	0.0	0	0.0	2309.89391940703	1	0	1	0.9729834123852332
24200.0	1000.0	2012.9589895009344	0.0	0	83.8000024834364	2212.9589895009194	1	0	2	0.5798554376113186
25200.0	1000.0	2012.9589895009353	0.0	0	484.38018238624136	2212.9589895009194	1	0	1	0.7826769053758441
26200.0	1000.0	1912.9589895009356	0.0	0	309.5532776698383	2112.9589895009194	1	0	2	0.5890780534545912
27200.0	1000.0	1912.958989500934	0.0	0	487.33617970643536	2112.9589895009194	1	0	1	0.7926769053758441
28200.0	1000.0	1912.9589895009353	0.0	0	492.3056021191733	2112.9589895009194	1	0	1	0.9926769053758443
29200.0	1000.0	1812.9589895009328	0.0	0	367.5256417011442	2012.958989500923	1	0	2	0.5989461936731391
30200.0	1000.0	1812.9589895009308	0.0	0	638.0993295878361	2012.9589895009194	1	0	1	0.8026769053758441
31200.0	1000.0	1812.9589895009315	0.0	0	490.8378906397338	2012.9589895009194	1	0	1	1.0026769053758442
32200.0	1000.0	1812.9589895009349	0.0	0	64.89139764886568	2012.9589895009194	1	0	1	1.0026769053758442
33200.0	1000.0	1812.9589895009349	0.0	0	228.92719645582838	2012.958989500923	1	0	1	1.0026769053758442
34525.59571256783	1000.0	1487.3632769331116	0.0	0	0.0	2012.958989500934	1	0	1	1.0026769053758429
35200.0	1000.0	1812.9589895009462	0.0	0	83.91070385630155	2012.958989500934	1	0	1	1.0026769053758429
36200.0	1000.0	1812.958989500943	0.0	0	454.6437045412458	2012.958989500934	1	0	1	1.0026769053758429
37200.0	1000.0	1812.9589895009485	0.0	0	464.50241983663	2012.9589895009412	1	0	1	1.002676905375842
38200.0	1000.0	1812.9589895009533	0.0	0	469.6169823952441	2012.9589895009412	1	0	1	1.002676905375842
39200.0	1000.0	1812.9589895009558	0.0	0	99.04141483530839	2012.9589895009485	1	0	1	1.0026769053758413
40200.0	1000.0	1812.9589895009558	0.0	0	339.2420004546875	2012.9589895009558	1	0	1	1.0026769053758406
41200.0	1000.0	1812.958989500958	0.0	0	420.36966681396007	2012.9589895009558	1	0	1	1.0026769053758406
42200.0	1000.0	1812.9589895009603	0.0	0	386.45108369544323	2012.9589895009558	1	0	1	1.0026769053758406
43200.0	1000.0	1812.9589895009617	0.0	0	327.66353962036374	2012.9589895009558	1	0	1	1.0026769053758406
44200.0	1000.0	1812.9589895009622	0.0	0	131.75672479113564	2012.9589895009558	1	0	1	1.0026769053758406
45200.0	1000.0	1812.9589895009533	0.0	0	371.7478734317119	2012.9589895009485	1	0	1	1.0026769053758413
46362.543495806116	1000.0	1650.4154936948391	0.0	0	0.0	2012.9589895009485	1	0	1	1.0026769053758413
47386.42902570728	1000.0	1626.5299637936832	0.0	0	0.0	2012.9589895009485	1	0	1	1.0026769053758413
48200.0	1000.0	1812.958989500958	0.0	0	11.635374671663158	2012.9589895009485	1	0	1	1.0026769053758413
49200.0	1000.0	1712.958989500954	0.0	0	234.49292699715443	1912.9589895009558	1	0	2	0.6091270259115547
50200.0	1000.0	1712.9589895009524	0.0	0	366.9494061980804	1912.958989500963	1	0	1	0.8126769053758397
51200.0	1000.0	1712.958989500946	0.0	0	179.54735029055155	1912.9589895009558	1	0	1	1.0126769053758404
52200.0	1000.0	1712.9589895009447	0.0	0	284.68095701576385	1912.9589895009558	1	0	1	1.0126769053758404
53270.089076034645	1000.0	1642.869913466302	0.0	0	0.0	1912.958989500963	1	0	1	1.0126769053758398
54455.17658405125	1000.0	1457.7824054497057	0.0	0	0.0	1912.958989500963	1	0	1	1.0126769053758398
55200.0	1000.0	1712.9589895009644	0.0	0	90.96575869655499	1912.958989500963	1	0	1	1.0126769053758398
56200.0	1000.0	1712.9589895009633	0.0	0	259.6533554942216	1912.958989500963	1	0	1	1.0126769053758398
57200.0	1000.0	1712.9589895009633	0.0	0	609.3775805940386	1912.958989500963	1	0	1	1.0126769053758398
58200.0	1000.0	1712.9589895009608	0.0	0	499.72261635264294	1912.9589895009558	1	0	1	1.0126769053758402
59200.0	1000.0	1712.9589895009676	0.0	0	401.4433302632242	1912.9589895009558	1	0	1	1.0126769053758404
60300.98565070897	1000.0	1611.9733387919944	0.0	0	0.0	1912.9589895009558	1	0	1	1.0126769053758404
61520.19476202762	1000.0	1392.7642274733455	0.0	0	0.0	1912.9589895009558	1	0	1	1.0126769053758404
62752.375699676246	1000.0	1160.5832898247204	0.0	0	0.0	1912.9589895009558	1	0	1	1.0126769053758404
63427.91200206961	1000.0	1485.0469874313644	0.0	0	0.0	1912.958989500963	1	0	1	1.0126769053758398
64200.0	1000.0	1712.9589895009772	0.0	0	220.4594629388157	1912.958989500963	1	0	1	1.0126769053758398
65202.08176550597	1000.0	1710.8772239950074	0.0	0	0.0	1912.958989500963	1	0	1	1.0126769053758398
66200.0	1000.0	1712.9589895009697	0.0	0	179.97604185540695	1912.9589895009558	1	0	1	1.0126769053758395
67200.0	1000.0	1712.9589895009572	0.0	0	380.6431136827159	1912.9589895009485	1	0	1	1.0126769053758409
68200.0	1000.0	1712.9589895009512	0.0	0	565.7939970379521	1912.9589895009558	1	0	1	1.0126769053758407
69200.0	1000.0	1712.9589895009312	0.0	0	520.6944673823164	1912.9589895009558	1	0	1	1.0126769053758404
70200.0	1000.0	1712.9589895009258	0.0	0	479.97219053070876	1912.9589895009558	1	0	1	1.0126769053758404
71200.0	1000.0	1712.958989500943	0.0	0	252.85866844217526	1912.9589895009558	1	0	1	1.0126769053758404
72200.0	1000.0	1712.95898950095	0.0	0	159.31656195418327	1912.9589895009412	1	0	1	1.012676905375842
73200.0	1000.0	1712.9589895009533	0.0	0	432.08010422679945	1912.9589895009267	1	0	1	1.0126769053758435
74200.0	1000.0	1812.958989500948	0.0	0	29.809687255488825	2012.9589895009267	1	0	0	0.8053282336552563
75200.0	1000.0	1812.9589895009578	0.0	0	103.9299494271545	2012.9589895009121	1	0	1	0.802676905375845
76200.0	1000.0	1712.9589895009428	0.0	0	418.68264382187044	1912.958989500883	1	0	2	0.6088214394570332
77521.93846454032	1000.0	1391.0205249606252	0.0	0	0.0	1912.958989500883	1	0	1	0.8126769053758477
78585.52519236882	1000.0	1327.433797132116	0.0	0	0.0	1912.958989500883	1	0	1	1.012676905375848
79762.76994223752	1000.0	1150.1890472634325	0.0	0	0.0	1912.958989500883	1	0	1	1.012676905375848
80379.40597667948	1000.0	1533.5530128214677	0.0	0	0.0	1912.958989500883	1	0	1	1.012676905375848
81200.0	1000.0	1712.95898950097	0.0	0	200.07721692604537	1912.958989500883	1	0	1	1.012676905375848
82200.0	1000.0	1712.9589895009553	0.0	0	409.8803025636298	1912.9589895008685	1	0	1	1.0126769053758493
83200.0	1000.0	1712.958989500948	0.0	0	156.2521163351048	1912.9589895008685	1	0	1	1.0126769053758493
84200.0	1000.0	1712.9589895009526	0.0	0	51.68657032256306	1912.9589895008685	1	0	1	1.0126769053758493
85240.53157555495	1000.0	1672.4274139460085	0.0	0	0.0	1912.9589895008685	1	0	1	1.0126769053758493
86200.0	1000.0	1712.9589895009524	0.0	0	364.94741883412644	1912.9589895008685	1	0	1	1.0126769053758493
87200.0	1000.0	1712.9589895009412	0.0	0	371.5265241685411	1912.958989500854	1	0	1	1.0126769053758509
88200.0	1000.0	1612.958989500949	0.0	0	438.62292403547326	1812.958989500854	1	0	2	0.6188372416105923
89200.0	1000.0	1612.958989500937	0.0	0	222.33261226654577	1812.958989500854	1	0	1	0.8226769053758507
90200.0	1000.0	1612.9589895009367	0.0	0	288.3645826253196	1812.9589895008685	1	0	1	1.0226769053758495
91200.0	1000.0	1612.9589895009249	0.0	0	244.01833119016374	1812.958989500854	1	0	1	1.0226769053758509
92320.44244644338	1000.0	1492.5165430575446	0.0	0	0.0	1812.958989500854	1	0	1	1.0226769053758509
93371.88686895889	1000.0	1441.072120542041	0.0	0	0.0	1812.958989500854	1	0	1	1.0226769053758509
94200.0	1000.0	1612.95898950092	0.0	0	133.60772148806427	1812.958989500854	1	0	1	1.0226769053758509
95200.0	1000.0	1612.958989500916	0.0	0	536.2510495778406	1812.958989500854	1	0	1	1.0226769053758509
96200.0	1000.0	1612.9589895009196	0.0	0	620.3510966766189	1812.958989500854	1	0	1	1.0226769053758509
97200.0	1000.0	1612.958989500917	0.0	0	520.7680130471708	1812.9589895008685	1	0	1	1.0226769053758495
98200.0	1000.0	1612.9589895009053	0.0	0	596.8071300496522	1812.958989500854	1	0	1	1.0226769053758509
99200.0	1000.0	1612.9589895009008	0.0	0	95.97212387234322	1812.9589895008685	1	0	1	1.0226769053758495
100200.0	1000.0	1612.9589895009094	0.0	0	207.66208443435607	1812.9589895008685	1	0	1	1.0226769053758495
101389.24759609601	1000.0	1423.7113934049003	0.0	0	0.0	1812.958989500854	1	0	1	1.0226769053758509
102200.0	1000.0	1612.958989500906	0.0	0	41.692552624532254	1812.9589895008394	1	0	1	1.0226769053758522
103200.0	1000.0	1612.958989500903	0.0	0	332.75946683163056	1812.958989500854	1	0	1	1.0226769053758509
104200.0	1000.0	1612.9589895009133	0.0	0	421.1645339105744	1812.958989500854	1	0	1	1.0226769053758509
105200.0	1000.0	1612.9589895009237	0.0	0	479.7374375107174	1812.9589895008685	1	0	1	1.0226769053758495
106200.0	1000.0	1612.958989500904	0.0	0	414.758360144755	1812.958989500854	1	0	1	1.0226769053758509
107200.0	1000.0	1612.9589895009012	0.0	0	330.65978245271253	1812.958989500854	1	0	1	1.0226769053758509
108200.0	1000.0	1612.9589895008985	0.0	0	553.1206952293869	1812.958989500854	1	0	1	1.0226769053758509
109277.24768898869	1000.0	1535.7113005122096	0.0	0	0.0	1812.9589895008394	1	0	1	1.0226769053758522
110614.3698052483	1000.0	1198.589184252595	0.0	0	0.0	1812.9589895008394	1	0	1	1.0226769053758522
111200.0	1000.0	1612.9589895008885	0.0	0	16.801032670598943	1812.9589895008394	1	0	1	1.0226769053758522
112200.0	1000.0	1612.9589895008844	0.0	0	319.75125924158783	1812.9589895008394	1	0	1	1.0226769053758522
113200.0	1000.0	1612.9589895008935	0.0	0	446.3324279015651	1812.9589895008394	1	0	1	1.0226769053758522
114200.0	1000.0	1612.9589895008914	0.0	0	489.8271605938062	1812.958989500854	1	0	1	1.0226769053758509
115202.41635205146	1000.0	1610.5426374494286	0.0	0	0.0	1812.958989500854	1	0	1	1.0226769053758509
116200.0	1000.0	1612.9589895008664	0.0	0	380.2946624982287	1812.9589895008394	1	0	1	1.0226769053758522
117200.0	1000.0	1612.958989500868	0.0	0	299.65525691365474	1812.958989500854	1	0	1	1.0226769053758509
118200.0	1000.0	1612.9589895008721	0.0	0	355.4149943765078	1812.9589895008685	1	0	1	1.0226769053758495
119200.0	1000.0	1612.9589895008592	0.0	0	466.5308493318007	1812.9589895008685	1	0	1	1.0226769053758495
120200.0	1000.0	1612.958989500878	0.0	0	280.6837331366987	1812.9589895008685	1	0	1	1.0226769053758495
121200.0	1000.0	1612.958989500873	0.0	0	141.08590344170807	1812.9589895008685	1	0	1	1.0226769053758495
122200.0	1000.0	1612.9589895008778	0.0	0	336.3754239357222	1812.9589895008685	1	0	1	1.0226769053758495
123200.0	1000.0	1612.958989500864	0.0	0	269.32625714117603	1812.958989500854	1	0	1	1.0226769053758509
124200.0	1000.0	1512.958989500851	0.0	0	395.0757431371021	1712.9589895008685	1	0	2	0.6288559281484039
125200.0	1000.0	1412.9589895008717	0.0	0	131.3577626000333	1612.9589895008976	1	0	2	0.8394572140486452
126200.0	1000.0	1412.958989500862	0.0	0	268.1004645979265	1612.9589895008976	1	0	1	0.8426769053758463
127200.0	1000.0	1412.9589895008708	0.0	0	455.1614042444271	1612.9589895008976	1	0	1	1.0426769053758465
128430.69968882961	1000.0	1182.2593006712573	0.0	0	0.0	1612.9589895008976	1	0	1	1.0426769053758465
129442.88711304401	1000.0	1170.0718764568448	0.0	0	0.0	1612.9589895008976	1	0	1	1.0426769053758465
130710.60537599525	1000.0	902.3536135056111	0.0	0	0.0	1612.9589895009121	1	0	1	1.0426769053758451
131511.3854534275	1000.0	1101.5735360733806	0.0	0	0.0	1612.9589895009412	1	0	1	1.0426769053758438
132200.0	1000.0	1412.9589895008708	0.0	0	22.716653362265788	1612.9589895009267	1	0	1	1.0426769053758425
133200.0	1000.0	1412.9589895008485	0.0	0	333.34093850664794	1612.9589895009121	1	0	1	1.0426769053758445
134200.0	1000.0	1412.9589895008085	0.0	0	373.03469565548585	1612.9589895009121	1	0	1	1.0426769053758451
135200.0	1000.0	1412.9589895008087	0.0	0	364.5942678390129	1612.9589895009121	1	0	1	1.0426769053758451
136200.0	1000.0	1412.958989500808	0.0	0	396.44296418700833	1612.9589895009121	1	0	1	1.0426769053758451
137200.0	1000.0	1412.9589895008162	0.0	0	156.29634706804063	1612.9589895009121	1	0	1	1.0426769053758451
138200.0	1000.0	1412.958989500802	0.0	0	287.28607030634885	1612.9589895009121	1	0	1	1.0426769053758451
139200.0	1000.0	1412.9589895007955	0.0	0	82.72593156801304	1612.9589895009412	1	0	1	1.042676905375842
140359.61585429177	1000.0	1253.3431352090086	0.0	0	0.0	1612.9589895009121	1	0	1	1.0426769053758451
141550.05739863456	1000.0	1062.9015908662393	0.0	0	0.0	1612.9589895009121	1	0	1	1.0426769053758451
142678.72035376416	1000.0	934.238635736649	0.0	0	0.0	1612.9589895009121	1	0	1	1.0426769053758451
143200.0	500.0	1412.9589895008037	0.0	0	178.94666604316444	1612.9589895009121	1	0	1	-0.3436174557440458
144200.0	500.0	1412.9589895007732	0.0	0	594.6561763756035	1612.958989500883	1	0	1	0.3495297248159024
145200.0	1000.0	1412.9589895007618	0.0	0	393.9139532938134	1612.9589895009121	1	0	1	0.3495297248158996
146200.0	1000.0	1412.9589895007819	0.0	0	269.1791713034909	1612.958989500883	1	0	1	1.042676905375848
147200.0	1000.0	1412.958989500785	0.0	0	256.22842185752233	1612.958989500854	1	0	1	1.042676905375851
148200.0	1000.0	1412.9589895007357	0.0	0	91.27876733598532	1612.958989500854	1	0	1	1.042676905375851
149200.0	1000.0	1412.9589895007311	0.0	0	476.038473505876	1612.958989500883	1	0	1	1.042676905375848
150200.0	1000.0	1412.958989500748	0.0	0	397.8754532551102	1612.958989500883	1	0	1	1.042676905375848
151200.0	1000.0	1412.9589895007302	0.0	0	493.8756162056816	1612.958989500883	1	0	1	1.042676905375848
152200.0	1000.0	1412.958989500728	0.0	0	511.9300361418573	1612.9589895009121	1	0	1	1.0426769053758451
153200.0	1000.0	1412.9589895007332	0.0	0	285.56365902064135	1612.9589895009121	1	0	1	1.0426769053758451
154200.0	1000.0	1412.9589895007362	0.0	0	327.3677946885	1612.9589895009121	1	0	1	1.0426769053758451
155863.25234715108	1000.0	749.7066423496549	0.0	0	0.0	1612.958989500883	1	0	1	1.0426769053758473
156992.09113012932	1000.0	620.8678593714151	0.0	0	0.0	1612.9589895009121	1	0	1	1.0426769053758451
157805.80044419886	1000.0	807.158545301898	0.0	0	0.0	1612.9589895009412	1	0	1	1.042676905375842
158677.48930991007	1000.0	935.4696795906672	0.0	0	0.0	1612.9589895009412	1	0	1	1.042676905375842
159285.8347331107	1000.0	1327.1242563900314	0.0	0	0.0	1612.9589895009412	1	0	1	1.042676905375842
160200.0	1000.0	1412.9589895007216	0.0	0	239.02905584918335	1612.9589895009703	1	0	1	1.0426769053758391
161200.0	1000.0	1412.958989500698	0.0	0	501.0438562479394	1612.9589895009703	1	0	1	1.0426769053758391
162200.0	1000.0	1412.9589895006916	0.0	0	487.40691539735417	1612.9589895009703	1	0	1	1.0426769053758391
163200.0	1000.0	1412.958989500677	0.0	0	443.1372966209601	1612.9589895009703	1	0	1	1.0426769053758391
164200.0	1000.0	1412.9589895006707	0.0	0	228.53478372498648	1612.9589895009412	1	0	1	1.042676905375842
165200.0	1000.0	1412.9589895006432	0.0	0	12.880123805894982	1612.9589895009121	1	0	1	1.0426769053758451
166200.0	1000.0	1412.9589895006563	0.0	0	10.392828007985372	1612.9589895009412	1	0	1	1.042676905375842
167200.0	1000.0	1412.9589895006195	0.0	0	504.5492482496484	1612.9589895009412	1	0	1	1.042676905375842
168200.0	1000.0	1412.9589895006065	0.0	0	256.06670392584056	1612.9589895009121	1	0	1	1.0426769053758451
169200.0	1000.0	1412.9589895006045	0.0	0	267.2866868498095	1612.9589895009121	1	0	1	1.0426769053758451
170200.0	1000.0	1412.9589895006243	0.0	0	381.3148281907197	1612.9589895009121	1	0	1	1.0426769053758451
171200.0	1000.0	1412.9589895006277	0.0	0	208.55009557778249	1612.9589895009121	1	0	1	1.0426769053758451
172200.0	1000.0	1412.9589895006193	0.0	0	52.069396603648784	1612.9589895009412	1	0	1	1.0426769053758438
173200.0	1000.0	1412.9589895005963	0.0	0	424.0847837101319	1612.9589895009121	1	0	1	1.0426769053758451
174200.0	1000.0	1412.9589895006318	0.0	0	364.143803916435	1612.9589895009121	1	0	1	1.0426769053758451
175200.0	1000.0	1412.9589895006304	0.0	0	203.25536907318747	1612.9589895009412	1	0	1	1.042676905375842
176200.0	1000.0	1412.95898950066	0.0	0	276.75696237184457	1612.9589895009412	1	0	1	1.042676905375842
177200.0	1000.0	1412.9589895006447	0.0	0	465.6224872113089	1612.9589895009121	1	0	1	1.0426769053758451
178200.0	1000.0	1412.9589895006443	0.0	0	575.1120370903809	1612.9589895009121	1	0	1	1.0426769053758451
179200.0	1000.0	1412.9589895006184	0.0	0	610.160866187507	1612.9589895009121	1	0	1	1.0426769053758451
180200.0	1000.0	1412.9589895006384	0.0	0	423.23428259638604	1612.9589895009121	1	0	1	1.0426769053758451
181200.0	1000.0	1412.9589895006366	0.0	0	128.38808149308898	1612.9589895009121	1	0	1	1.0426769053758451
182200.0	1000.0	1412.9589895006534	0.0	0	246.83444229641464	1612.9589895009121	1	0	1	1.0426769053758451
183549.86064736304	1000.0	1063.098342137624	0.0	0	0.0	1612.958989500883	1	0	1	1.042676905375848
184408.03153074786	1000.0	1204.9274587528134	0.0	0	0.0	1612.958989500883	1	0	1	1.042676905375848
185200.0	1000.0	1412.958989500664	0.0	0	188.06500600083382	1612.958989500854	1	0	1	1.042676905375851
186200.0	1000.0	1412.9589895007186	0.0	0	511.07314894141746	1612.958989500854	1	0	1	1.042676905375851
187200.0	1000.0	1412.9589895007368	0.0	0	609.6224415848847	1612.958989500883	1	0	1	1.042676905375848
188200.0	1000.0	1412.958989500745	0.0	0	169.5106407966523	1612.958989500883	1	0	1	1.042676905375848
189200.0	1000.0	1312.95898950076	0.0	0	460.5454941529606	1512.958989500883	1	0	2	0.6488472128453331
190200.0	1000.0	1312.9589895007591	0.0	0	370.1243860189861	1512.958989500883	1	0	1	0.8526769053758477
191200.0	1000.0	1312.9589895007714	0.0	0	564.2660316665715	1512.958989500883	1	0	1	1.052676905375848
192200.0	1000.0	1312.958989500782	0.0	0	171.465311328182	1512.958989500883	1	0	1	1.052676905375848
193200.0	1000.0	1312.9589895008016	0.0	0	415.68476685878704	1512.958989500854	1	0	1	1.052676905375851
194200.0	1000.0	1312.9589895007873	0.0	0	312.06701868533855	1512.958989500854	1	0	1	1.052676905375851
195200.0	1000.0	1312.9589895007648	0.0	0	250.13979726383695	1512.958989500883	1	0	1	1.052676905375848
196200.0	1000.0	1312.9589895007555	0.0	0	135.76150252771913	1512.958989500883	1	0	1	1.052676905375848
197200.0	1000.0	1312.958989500746	0.0	0	354.89946494446485	1512.958989500883	1	0	1	1.052676905375848
198200.0	1000.0	1312.9589895007675	0.0	0	260.405642748432	1512.958989500883	1	0	1	1.052676905375848
199200.0	1000.0	1312.958989500723	0.0	0	426.425897187175	1512.958989500883	1	0	1	1.052676905375848
200200.0	1000.0	1312.9589895007307	0.0	0	266.8100687119004	1512.958989500883	1	0	1	1.052676905375848
201209.2227946885	1000.0	1303.7361948122218	0.0	0	0.0	1512.958989500883	1	0	1	1.052676905375848
202310.55670081492	1000.0	1202.4022886858454	0.0	0	0.0	1512.9589895009121	1	0	1	1.052676905375845
203418.64375171677	1000.0	1094.3152377839774	0.0	0	0.0	1512.9589895009121	1	0	1	1.052676905375845
204253.3215132506	1000.0	1259.637476250139	0.0	0	0.0	1512.9589895009121	1	0	1	1.052676905375845
205200.0	1000.0	1312.9589895007477	0.0	0	201.3951711996342	1512.9589895009121	1	0	1	1.052676905375845
206200.0	1000.0	1312.9589895007239	0.0	0	636.5404780305689	1512.9589895009412	1	0	1	1.052676905375842
207200.0	1000.0	1312.958989500723	0.0	0	397.71975916888914	1512.9589895009412	1	0	1	1.052676905375842
208200.0	1000.0	1312.9589895007337	0.0	0	396.97105786571046	1512.9589895009412	1	0	1	1.052676905375842
209638.08693724772	1000.0	874.8720522529987	0.0	0	0.0	1512.9589895009412	1	0	1	1.052676905375842
210784.9942684217	1000.0	727.9647210790213	0.0	0	0.0	1512.9589895009412	1	0	1	1.052676905375842
211743.26131185843	1000.0	769.697677642297	0.0	0	0.0	1512.9589895009412	1	0	1	1.052676905375842
212370.03477030236	1000.0	1142.9242191983449	0.0	0	0.0	1512.9589895009412	1	0	1	1.052676905375842
213200.0	1000.0	1312.9589895006939	0.0	0	224.80410581227625	1512.9589895009412	1	0	1	1.052676905375842
214200.0	1000.0	1312.9589895007273	0.0	0	37.009470865596086	1512.9589895009703	1	0	1	1.0526769053758391
215200.0	1000.0	1312.9589895007698	0.0	0	117.01522623046185	1512.9589895009703	1	0	1	1.0526769053758391
216200.0	1000.0	1312.9589895007737	0.0	0	530.147134903993	1512.9589895009703	1	0	1	1.0526769053758391
217200.0	1000.0	1312.9589895007591	0.0	0	505.83754698201665	1512.9589895009412	1	0	1	1.052676905375842
218200.0	1000.0	1312.9589895007584	0.0	0	318.07120744674467	1512.9589895009412	1	0	1	1.052676905375842
219200.0	1000.0	1312.9589895007553	0.0	0	424.99907574712415	1512.9589895009412	1	0	1	1.052676905375842
220265.49403178884	1000.0	1247.464957711924	0.0	0	0.0	1512.9589895009703	1	0	1	1.0526769053758402
221200.0	1000.0	1312.9589895007537	0.0	0	221.9906288984057	1512.9589895009703	1	0	1	1.0526769053758391
222200.0	1000.0	1312.9589895007502	0.0	0	425.26954632630805	1512.9589895009703	1	0	1	1.0526769053758391
223200.0	1000.0	1312.9589895007746	0.0	0	35.782065090344986	1512.9589895009995	1	0	1	1.0526769053758362
224200.0	1000.0	1312.958989500773	0.0	0	46.57009124715114	1512.9589895009995	1	0	1	1.0526769053758362
225200.0	1000.0	1312.958989500782	0.0	0	354.350148731377	1512.9589895009995	1	0	1	1.0526769053758362
226302.61058976466	1000.0	1210.3483997361316	0.0	0	0.0	1512.9589895009995	1	0	1	1.0526769053758362
227640.81019644105	1000.0	872.148793059758	0.0	0	0.0	1512.9589895010286	1	0	1	1.0526769053758338
228666.30920871597	1000.0	846.6497807848251	0.0	0	0.0	1512.9589895009995	1	0	1	1.0526769053758362
229372.69209831336	1000.0	1140.2668911874423	0.0	0	0.0	1512.9589895009703	1	0	1	1.0526769053758391
230200.0	1000.0	1312.958989500793	0.0	0	63.81906041625189	1512.9589895009703	1	0	1	1.0526769053758391
231200.0	1000.0	1312.9589895008278	0.0	0	421.1669260219205	1512.9589895009703	1	0	1	1.0526769053758391
232282.47204066336	1000.0	1230.4869488374675	0.0	0	0.0	1512.9589895009703	1	0	1	1.0526769053758391
233200.0	1000.0	1312.9589895008528	0.0	0	50.60463064649957	1512.9589895009995	1	0	1	1.0526769053758362
234200.0	1000.0	1312.9589895008742	0.0	0	143.1899024618906	1512.9589895009703	1	0	1	1.0526769053758391
235200.0	1000.0	1312.9589895008676	0.0	0	277.65564980599447	1512.9589895009703	1	0	1	1.0526769053758391
236200.0	1000.0	1312.9589895008576	0.0	0	481.61814362712903	1512.9589895009703	1	0	1	1.0526769053758391
237200.0	1000.0	1312.9589895008703	0.0	0	485.29498445423087	1512.9589895009703	1	0	1	1.0526769053758391
238200.0	1000.0	1312.9589895008203	0.0	0	61.67315222552861	1512.9589895009703	1	0	1	1.0526769053758391
239200.0	1000.0	1312.9589895007898	0.0	0	349.3227389070671	1512.9589895009703	1	0	1	1.0526769053758391
240200.0	1000.0	1312.958989500782	0.0	0	388.7510990771698	1512.9589895009703	1	0	1	1.0526769053758391
241200.0	1000.0	1312.9589895007916	0.0	0	12.692609530407935	1512.9589895009703	1	0	1	1.052676905375841
242200.0	1000.0	1312.9589895007994	0.0	0	284.9646319504827	1512.9589895009412	1	0	1	1.052676905375842
243200.0	1000.0	1312.9589895008048	0.0	0	194.46409435174428	1512.9589895009412	1	0	1	1.052676905375842
244200.0	1000.0	1312.958989500805	0.0	0	444.51189663706464	1512.9589895009412	1	0	1	1.052676905375842
245200.0	1000.0	1312.95898950081	0.0	0	595.5430135293864	1512.9589895009412	1	0	1	1.052676905375842
246200.0	1000.0	1312.958989500848	0.0	0	539.0237180809199	1512.9589895009412	1	0	1	1.052676905375842
247200.0	1000.0	1312.9589895008576	0.0	0	608.4195570162556	1512.9589895009412	1	0	1	1.052676905375842
248200.0	1000.0	1312.9589895008644	0.0	0	124.69348696613451	1512.9589895009412	1	0	1	1.052676905375842
249237.33572891852	1000.0	1275.6232605823643	0.0	0	0.0	1512.9589895009412	1	0	1	1.052676905375842
250440.74987329112	1000.0	1072.2091162097383	0.0	0	0.0	1512.9589895009412	1	0	1	1.0526769053758427
251236.65945002035	1000.0	1276.2995394805434	0.0	0	0.0	1512.9589895009412	1	0	1	1.052676905375842
252200.0	1000.0	1312.9589895008958	0.0	0	360.17423966890783	1512.9589895009412	1	0	1	1.052676905375842
253200.0	1000.0	1312.9589895009174	0.0	0	376.2547717448033	1512.9589895009412	1	0	1	1.052676905375842
254200.0	1000.0	1312.9589895009394	0.0	0	444.5265283905028	1512.9589895009412	1	0	1	1.052676905375842
255200.0	1000.0	1312.9589895009324	0.0	0	410.76653976313537	1512.9589895009121	1	0	1	1.052676905375845
256200.0	1000.0	1312.9589895009208	0.0	0	354.748535187362	1512.9589895009121	1	0	1	1.052676905375845
257200.0	1000.0	1312.9589895008914	0.0	0	291.1952214000339	1512.9589895009121	1	0	1	1.052676905375845
258398.3347180435	1000.0	1114.6242714573682	0.0	0	0.0	1512.9589895009121	1	0	1	1.052676905375845
259292.2177402271	1000.0	1220.741249273793	0.0	0	0.0	1512.9589895009121	1	0	1	1.052676905375845
260200.0	1000.0	1312.9589895008687	0.0	0	222.24263536580838	1512.9589895009121	1	0	1	1.052676905375845
261200.0	1000.0	1312.9589895008676	0.0	0	186.22965916519752	1512.9589895009121	1	0	1	1.052676905375845
262200.0	1000.0	1312.9589895008676	0.0	0	606.9009264168271	1512.9589895009121	1	0	1	1.052676905375845
263200.0	1000.0	1312.958989500861	0.0	0	533.9133252674364	1512.9589895009121	1	0	1	1.0526769053758445
264219.18867609603	1000.0	1293.7703134048277	0.0	0	0.0	1512.9589895009412	1	0	1	1.052676905375842
265200.0	1000.0	1312.9589895008153	0.0	0	159.97986809379654	1512.9589895009412	1	0	1	1.052676905375842
266200.0	1000.0	1312.9589895008728	0.0	0	372.1291631346103	1512.9589895009995	1	0	1	1.0526769053758362
267200.0	1000.0	1312.9589895008519	0.0	0	372.8374052934232	1512.9589895009995	1	0	1	1.0526769053758362
268200.0	1000.0	1312.958989500836	0.0	0	287.8274027230218	1512.9589895009995	1	0	1	1.0526769053758362
269200.0	1000.0	1312.9589895008264	0.0	0	398.1619839068153	1512.9589895009995	1	0	1	1.0526769053758362
270200.0	1000.0	1312.958989500878	0.0	0	182.03091923397733	1512.9589895009412	1	0	1	1.052676905375842
271200.0	1000.0	1312.9589895009328	0.0	0	288.64096598664764	1512.9589895009412	1	0	1	1.052676905375842
272200.0	1000.0	1312.9589895009344	0.0	0	136.9993732505245	1512.9589895009412	1	0	1	1.052676905375842
273200.0	1000.0	1312.9589895009535	0.0	0	148.34673132316675	1512.9589895009995	1	0	1	1.0526769053758362
274200.0	1000.0	1312.9589895009635	0.0	0	472.49601462692954	1512.9589895009412	1	0	1	1.052676905375842
275200.0	1000.0	1312.9589895009833	0.0	0	122.43972532148473	1512.9589895009412	1	0	1	1.052676905375842
276200.0	1000.0	1312.9589895009594	0.0	0	503.221324251499	1512.9589895009412	1	0	1	1.052676905375842
277200.0	1000.0	1312.9589895009167	0.0	0	218.6857719187974	1512.9589895009412	1	0	1	1.052676905375842
278200.0	1000.0	1312.958989500949	0.0	0	132.79356930818176	1512.9589895009412	1	0	1	1.052676905375842
279402.45039232087	1000.0	1110.5085971800875	0.0	0	0.0	1512.9589895009412	1	0	1	1.052676905375842
280330.28511839145	1000.0	1182.6738711095945	0.0	0	0.0	1512.9589895009412	1	0	1	1.052676905375842
281200.0	1000.0	1312.9589895009801	0.0	0	73.05506840907037	1512.9589895009412	1	0	1	1.0526769053758387
282200.0	1000.0	1312.9589895009608	0.0	0	208.42095284862444	1512.9589895009412	1	0	1	1.052676905375842
283200.0	1000.0	1312.9589895010001	0.0	0	33.904954466444906	1512.9589895009412	1	0	1	1.052676905375842
284200.0	1000.0	1312.9589895010363	0.0	0	363.795747251017	1512.9589895009412	1	0	1	1.052676905375842
285200.0	1000.0	1212.9589895011088	0.0	0	382.5868610308389	1412.9589895009995	1	0	2	0.6588615314761309
286200.0	1000.0	1212.9589895010843	0.0	0	384.305650229624	1412.9589895009412	1	0	1	0.862676905375842
287200.0	1000.0	1212.9589895010563	0.0	0	79.31284163997043	1412.9589895009412	1	0	1	1.062676905375842
288200.0	1000.0	1212.9589895010552	0.0	0	316.80783331010025	1412.9589895009412	1	0	1	1.062676905375842
289200.0	1000.0	1212.9589895010445	0.0	0	38.802781954582315	1412.9589895009412	1	0	1	1.0626769053758456
290462.8452556449	1000.0	950.1137338561261	0.0	0	0.0	1412.9589895009412	1	0	1	1.062676905375842
291216.67527041916	1000.0	1196.2837190817986	0.0	0	0.0	1412.9589895009412	1	0	1	1.062676905375842
292200.0	1000.0	1212.958989500968	0.0	0	150.09564008220332	1412.9589895009995	1	0	1	1.0626769053758363
293200.0	1000.0	1212.9589895009854	0.0	0	450.884287897381	1412.9589895009995	1	0	1	1.0626769053758363
294200.0	1000.0	1212.958989500982	0.0	0	88.33823962812312	1412.9589895009995	1	0	1	1.0626769053758363
295200.0	1000.0	1212.9589895010326	0.0	0	114.08691745816031	1412.9589895010577	1	0	1	1.0626769053758305
296200.0	1000.0	1212.958989500981	0.0	0	410.7317722865846	1412.9589895010577	1	0	1	1.0626769053758305
297200.0	1000.0	1212.9589895009124	0.0	0	278.3165154790622	1412.9589895010577	1	0	1	1.0626769053758305
298200.0	1000.0	1212.9589895008712	0.0	0	178.68354125501355	1412.9589895010577	1	0	1	1.0626769053758305
299200.0	1000.0	1212.9589895008635	0.0	0	420.0775407111505	1412.9589895010577	1	0	1	1.0626769053758305
300200.0	1000.0	1212.9589895008794	0.0	0	433.25164150528144	1412.9589895010577	1	0	1	1.0626769053758305
2.15	1.25	0.96	0.68	0.95	1.08	1.47	1.76	2.5	2.78	1.87	1.47	1.31	1.25	1.55	1.81	1.6	1.41	1.71	1.26	1.46	1.53	1.26	1.55	2.0	2.09	2.64	2.17	1.05	1.15	0.88	1.15	1.73	2.18	2.25	1.45	1.59	2.04	2.33	1.18	1.53	1.42	0.98	1.41	1.27	1.63	1.88	1.84	1.26	1.3	0.97	1.31	1.76	2.19	2.31	2.42	0.89	1.08	1.05	1.12	1.58	1.15	1.46	1.76	1.95	2.0	1.58	1.01	1.12	1.56	1.17	1.33	1.44	1.02	0.89	0.72	1.1	1.52	1.83	1.16	0.95	0.93	1.34	1.9	1.91	1.37	1.76	1.85	1.26	1.07	1.48	2.09	2.75	2.9	2.29	1.44	1.29	0.89	0.95	1.2	2.09	2.42	1.74	1.53	1.93	1.32	0.76	1.27	1.64	2.34	2.24	1.17	1.55	2.04	1.76	1.68	1.97	1.34	1.88	1.58	1.45	1.58	1.49	1.68	1.17	0.88	0.85	1.15	1.62	1.78	1.38	1.39	1.83	1.37	1.12	1.18	1.03	1.07	1.04	1.12	1.64	1.54	1.25	1.81	1.41	1.56	2.35	2.53	2.27	1.9	2.15	1.25	0.96	0.68	0.95	1.08	1.47	1.76	2.5	2.78	1.87	1.47	1.31	1.25	1.55	1.81	1.6	1.41	1.71	1.26	1.46	1.53	1.26	1.55	2.0	2.09	2.64	2.17	1.05	1.15	0.88	1.15	1.73	2.18	2.25	1.45	1.59	2.04	2.33	1.18	1.53	1.42	0.98	1.41	1.27	1.63	1.88	1.84	1.26	1.3	0.97	1.31	1.76	2.19	2.31	2.42	0.89	1.08	1.05	1.12	1.58	1.15	1.46	1.76	1.95	2.0	1.58	1.01	1.12	1.56	1.17	1.33	1.44	1.02	0.89	0.72	1.1	1.52	1.83	1.16	0.95	0.93	1.34	1.9	1.91	1.37	1.76	1.85	1.26	1.07	1.48	2.09	2.75	2.9	2.29	1.44	1.29	0.89	0.95	1.2	2.09	2.42	1.74	1.53	1.93	1.32	0.76	1.27	1.64	2.34	2.24	1.17	1.55	2.04	1.76	1.68	1.97	1.34	1.88	1.58	1.45	1.58	1.49	1.68	1.17	0.88	0.85	1.15	1.62	1.78	1.38	1.39	1.83	1.37	1.12	1.18	1.03	1.07	1.04	1.12	1.64	1.54	1.25	1.81	1.41	1.56	2.35	2.53	2.27	1.9	2.15
1.0	2.0	3.0	4.0	5.0	6.0	7.0	8.0	9.0	10.0	11.0	12.0	13.0	14.0	15.0	16.0	17.0	18.0	19.0	20.0	21.0	22.0	23.0	24.0	25.0	26.0	27.0	28.0	29.0	30.0	31.0	32.0	33.0	34.0	35.0	36.0	37.0	38.0	39.0	40.0	41.0	42.0	43.0	44.0	45.0	46.0	47.0	48.0	49.0	50.0	51.0	52.0	53.0	54.0	55.0	56.0	57.0	58.0	59.0	60.0	61.0	62.0	63.0	64.0	65.0	66.0	67.0	68.0	69.0	70.0	71.0	72.0	73.0	74.0	75.0	76.0	77.0	78.0	79.0	80.0	81.0	82.0	83.0	84.0	85.0	86.0	87.0	88.0	89.0	90.0	91.0	92.0	93.0	94.0	95.0	96.0	97.0	98.0	99.0	100.0	101.0	102.0	103.0	104.0	105.0	106.0	107.0	108.0	109.0	110.0	111.0	112.0	113.0	114.0	115.0	116.0	117.0	118.0	119.0	120.0	121.0	122.0	123.0	124.0	125.0	126.0	127.0	128.0	129.0	130.0	131.0	132.0	133.0	134.0	135.0	136.0	137.0	138.0	139.0	140.0	141.0	142.0	143.0	144.0	145.0	146.0	147.0	148.0	149.0	149.0	150.0	151.0	152.0	153.0	154.0	155.0	156.0	157.0	158.0	159.0	160.0	161.0	162.0	163.0	164.0	165.0	166.0	167.0	168.0	169.0	170.0	171.0	172.0	173.0	174.0	175.0	176.0	177.0	178.0	179.0	180.0	181.0	182.0	183.0	184.0	185.0	186.0	187.0	188.0	189.0	190.0	191.0	192.0	193.0	194.0	195.0	196.0	197.0	198.0	199.0	200.0	201.0	202.0	203.0	204.0	205.0	206.0	207.0	208.0	209.0	210.0	211.0	212.0	213.0	214.0	215.0	216.0	217.0	218.0	219.0	220.0	221.0	222.0	223.0	224.0	225.0	226.0	227.0	228.0	229.0	230.0	231.0	232.0	233.0	234.0	235.0	236.0	237.0	238.0	239.0	240.0	241.0	242.0	243.0	244.0	245.0	246.0	247.0	248.0	249.0	250.0	251.0	252.0	253.0	254.0	255.0	256.0	257.0	258.0	259.0	260.0	261.0	262.0	263.0	264.0	265.0	266.0	267.0	268.0	269.0	270.0	271.0	272.0	273.0	274.0	275.0	276.0	277.0	278.0	279.0	280.0	281.0	282.0	283.0	284.0	285.0	286.0	287.0	288.0	289.0	290.0	291.0	292.0	293.0	294.0	295.0	296.0	297.0	298.0	298.0	299.0
2947.698125751719
