5505.962744890472	300.0	2000.0	250.96131375664632	0	0.0	5505.962744890472	1	0	1	-2.0510401337021076
5700.755601605418	300.0	2785.7278576135614	0.0	0	0.0	5486.483459218979	1	0	2	-0.9490753666393061
5981.1058321205	500.0	3477.342604046972	0.0	0	0.0	5458.448436167471	1	0	2	-0.746514193478335
6255.144739368957	500.0	4175.89980607367	0.0	0	0.0	5431.044545442625	1	0	2	-0.23294540297611202
6501.446703080385	500.0	4904.967645991099	0.0	0	0.0	5406.414349071483	1	0	2	-0.23037062313378595
7200.0	1000.0	5136.559019379522	0.0	0	3.133531687710274	5336.5590193795215	1	0	2	-0.22486432571991927
8200.0	1000.0	5036.5590193795215	0.0	0	444.7614587917269	5236.5590193795215	1	0	2	0.4764854948987958
9200.0	1000.0	4936.559019379521	0.0	0	312.29729344914995	5136.5590193795215	1	0	2	0.486565664549773
10200.0	1000.0	4836.559019379522	0.0	0	456.80505436230305	5036.559019379523	1	0	2	0.4964676469974306
11200.0	2000.0	4736.559019379522	0.0	0	13.020003864417959	4936.559019379524	1	0	2	0.507825966780419
12302.60298142311	2000.0	4523.695739814101	0.0	0	0.0	4826.298721237213	1	0	2	1.2115486718827073
13410.811517685652	2000.0	4304.666349925304	0.0	0	0.0	4715.477867610956	1	0	2	1.2231127175792027
14500.20931603028	2000.0	4106.328771746215	0.0	0	0.0	4606.538087776498	1	0	2	1.2338385962584133
15200.736067183136	2000.0	4335.749345478072	0.0	0	0.0	4536.485412661214	1	0	2	1.2417594170830566
16200.0	2000.0	4236.5590193795215	0.0	0	281.1183985659245	4436.559019379529	1	0	2	1.2498214192264074
17200.0	2000.0	4136.5590193795215	0.0	0	102.10530649873544	4336.559019379534	1	0	2	1.2603134289308553
18414.600845188055	3000.0	3800.498089672658	0.0	0	0.0	4215.098934860725	1	0	2	1.2725688050149782
20223.668213072455	3000.0	2810.5239849998193	0.0	0	0.0	4034.1921980722873	1	0	2	1.6947171184060266
21001.18780940948	2000.0	2955.252429029093	0.0	0	0.0	3956.4402384385867	1	0	2	0.8940944146617705
21641.02794305541	2000.0	3251.4282820185686	0.0	0	0.0	3892.4562250739946	1	0	2	1.3062348797773764
22200.0	1000.0	3636.5590193795247	0.0	0	24.33225440964452	3836.5590193795433	1	0	2	-0.07431805823671345
23200.0	2000.0	3536.5590193795206	0.0	0	345.276845230801	3736.559019379536	1	0	2	0.6265499175993177
24541.320545696013	3000.0	3061.106419113913	0.0	0	0.0	3602.42696480994	1	0	2	1.3328730955815127
27099.323456661157	3000.0	1247.3032170522506	0.0	0	0.0	3346.6266737134174	1	0	2	1.7609386846320272
28674.76907793909	2000.0	514.3130336465263	0.0	0	0.0	3189.082111585627	1	0	2	0.9695860108585186
29570.229755781373	1000.0	618.852355804248	0.0	0	0.0	3189.0821115856306	1	0	1	-0.008082587392572338
30385.01675901502	1000.0	804.0653525706037	0.0	0	0.0	3189.0821115856306	1	0	1	0.8850645931673731
31211.723890332072	1000.0	977.358221253553	0.0	0	0.0	3189.0821115856306	1	0	1	0.8850645931673731
32418.115098484737	1000.0	770.9670131008862	0.0	0	0.0	3189.0821115856306	1	0	1	0.8850645931673731
33428.4674334028	1000.0	760.6146781828178	0.0	0	0.0	3189.0821115856234	1	0	1	0.8850645931673736
34175.00029705195	1000.0	1014.0818145336659	0.0	0	0.0	3189.082111585616	1	0	1	0.8850645931673746
34756.21884644183	1000.0	1432.863265143785	0.0	0	0.0	3189.0821115856197	1	0	1	0.8850645931673744
35210.610457552866	1000.0	1978.4716540327454	0.0	0	0.0	3189.0821115856197	1	0	1	0.8850645931673744
35638.93568242671	1000.0	2507.3139066715285	0.0	0	0.0	3146.24958909825	1	0	2	0.48827816246176137
36200.0	1000.0	2890.1431573409077	0.0	0	181.61458274941106	3090.1431573409136	1	0	2	0.6925993805231243
37200.0	1000.0	2790.1431573409136	0.0	0	289.1794479512828	2990.143157340921	1	0	2	0.7014218195127935
38200.0	1000.0	2690.1431573409172	0.0	0	215.1978217212236	2890.143157340928	1	0	2	0.7115411384385153
39281.7729668972	2000.0	2500.1928937539997	0.0	0	0.0	2781.9658606512094	1	0	2	0.7230747742489962
40200.0	1000.0	2490.1431573409172	0.0	0	139.96260633703787	2690.143157340921	1	0	2	0.0388666102950484
41200.0	1000.0	2390.1431573409195	0.0	0	451.0455136914461	2590.143157340921	1	0	2	0.7410947098323986
42200.0	1000.0	2390.143157340923	0.0	0	597.0764362343325	2590.1431573409136	1	0	1	0.7449584885918447
43200.0	1000.0	2290.143157340922	0.0	0	548.473912396752	2490.1431573409063	1	0	2	0.5510389369815752
44200.0	1000.0	2290.1431573409177	0.0	0	668.1715314840476	2490.143157340899	1	0	1	0.7549584885918461
45200.0	1000.0	2290.143157340924	0.0	0	264.16897849158704	2490.1431573409063	1	0	1	0.9549584885918455
46200.0	1000.0	2290.1431573409245	0.0	0	25.923583793395665	2490.1431573409063	1	0	1	0.9549584885918455
47200.0	1000.0	2190.1431573409254	0.0	0	314.22294788796717	2390.1431573409136	1	0	2	0.5613620885243271
48200.0	1000.0	2190.143157340931	0.0	0	430.7161767414873	2390.1431573409136	1	0	1	0.7649584885918447
49379.5358671386	1000.0	2010.6072902023361	0.0	0	0.0	2390.1431573409063	1	0	1	0.9649584885918455
50200.0	1000.0	2190.1431573409413	0.0	0	37.51926516459207	2390.1431573409063	1	0	1	0.9649584885918455
51200.0	1000.0	2190.1431573409413	0.0	0	451.32267388996115	2390.143157340899	1	0	1	0.9649584885918463
52200.0	1000.0	2190.1431573409427	0.0	0	593.475422761323	2390.143157340892	1	0	1	0.9649584885918471
53200.0	1000.0	2190.1431573409354	0.0	0	399.85639344865194	2390.143157340892	1	0	1	0.9649584885918471
54200.0	1000.0	2090.14315734093	0.0	0	383.6419532528598	2290.143157340877	1	0	2	0.5711585250471127
55200.0	1000.0	2090.143157340938	0.0	0	553.8424881051687	2290.143157340877	1	0	1	0.7749584885918482
56200.0	1000.0	2090.1431573409404	0.0	0	493.3252393858929	2290.143157340877	1	0	1	0.9749584885918484
57204.3052596385	2000.0	2085.837897702439	0.0	0	73.34433690960577	2290.1431573408845	1	0	1	0.9749584885918476
58223.90363828896	2000.0	2066.2395190519846	0.0	0	0.0	2290.143157340877	1	0	1	1.6681056691517937
60766.2367767661	2000.0	523.9063805748459	0.0	0	0.0	2290.143157340877	1	0	1	1.6681056691517937
61468.93648860045	1000.0	821.2066687404968	0.0	0	0.0	2290.14315734087	1	0	1	0.28181130803190396
62066.49223900364	1000.0	1163.8953432969888	0.0	0	0.0	2230.3875823005437	1	0	2	0.5792960484286098
62743.154733398165	1000.0	1487.2328489024633	0.0	0	0.0	2230.3875823005437	1	0	1	0.7809340460958816
63589.32357141951	1000.0	1641.0640108811244	0.0	0	0.0	2230.3875823005437	1	0	1	0.9809340460958818
64389.84660915606	1000.0	1840.5409731445714	0.0	0	0.0	2230.3875823005437	1	0	1	0.9809340460958818
65253.52741253902	1000.0	1976.8601697616166	0.0	0	0.0	2230.3875823005437	1	0	1	0.9809340460958818
66200.0	1000.0	2030.3875823006374	0.0	0	435.09661630392657	2230.3875823005365	1	0	1	0.9809340460958823
67200.0	1000.0	2030.387582300636	0.0	0	246.64694200610393	2230.3875823005365	1	0	1	0.9809340460958828
68200.0	1000.0	2030.3875823006251	0.0	0	236.1692969418218	2230.387582300522	1	0	1	0.9809340460958835
69200.0	1000.0	2030.3875823006274	0.0	0	392.7501590452448	2230.3875823005073	1	0	1	0.9809340460958854
70208.14300826681	1000.0	2022.2445740338258	0.0	0	0.0	2230.387582300522	1	0	1	0.980934046095884
71234.40356801348	1000.0	1893.3579583124927	0.0	0	0.0	2127.7615263258485	1	0	2	0.5891976717911379
72200.0	1000.0	1927.7615263259704	0.0	0	306.52132060730946	2127.761526325863	1	0	1	0.7911966516933497
73200.0	1000.0	1927.761526325969	0.0	0	443.319866415055	2127.7615263258485	1	0	1	0.9911966516933512
74200.0	1000.0	1927.7615263259645	0.0	0	423.6086362924543	2127.7615263258485	1	0	1	0.9911966516933512
75200.0	1000.0	1927.7615263259586	0.0	0	218.50264000885363	2127.7615263258485	1	0	1	0.9911966516933512
76200.0	1000.0	1927.7615263259504	0.0	0	589.532615287957	2127.7615263258485	1	0	1	0.9911966516933512
77200.0	1000.0	1927.7615263259304	0.0	0	515.6218021680106	2127.7615263258485	1	0	1	0.9911966516933512
78200.0	1000.0	1927.7615263259256	0.0	0	484.77622575542773	2127.7615263258485	1	0	1	0.9911966516933512
79200.0	1000.0	1927.7615263259206	0.0	0	93.29930036015867	2127.7615263258485	1	0	1	0.9911966516933512
80200.0	1000.0	1927.761526325914	0.0	0	234.47472185418883	2127.7615263258485	1	0	1	0.9911966516933512
81200.0	1000.0	1927.761526325925	0.0	0	393.165981856946	2127.7615263258485	1	0	1	0.9911966516933512
82200.0	1000.0	1927.761526325936	0.0	0	518.501653371437	2127.7615263258485	1	0	1	0.9911966516933512
84003.9090992644	2000.0	1123.852427061513	0.0	0	0.0	2127.7615263258485	1	0	1	0.9911966516933512
84683.71567285522	1000.0	1444.0458534706852	0.0	0	0.0	2127.7615263258485	1	0	1	0.2980494711334061
85200.0	1000.0	1927.7615263259231	0.0	0	6.949800049580517	2127.7615263258485	1	0	1	0.9911966516933512
86200.0	1000.0	1927.7615263259206	0.0	0	432.47843554573774	2127.7615263258485	1	0	1	0.9911966516933512
87200.0	1000.0	1927.7615263259286	0.0	0	509.76913492807944	2127.7615263258485	1	0	1	0.9911966516933512
88200.0	1000.0	1927.7615263259113	0.0	0	252.54692865995457	2127.7615263258485	1	0	1	0.9911966516933512
89200.0	1000.0	1927.7615263259177	0.0	0	602.2224776271323	2127.7615263258485	1	0	1	0.9911966516933512
90200.0	1000.0	1927.76152632593	0.0	0	421.3577518844686	2127.7615263258485	1	0	1	0.9911966516933512
91200.0	1000.0	1927.7615263259304	0.0	0	352.9707890595746	2127.7615263258485	1	0	1	0.9911966516933512
92200.0	1000.0	1827.761526325916	0.0	0	104.88230607695004	2027.761526325834	1	0	2	0.5982805478351704
93200.0	1000.0	1827.7615263259136	0.0	0	295.61220020175097	2027.761526325834	1	0	1	0.8011966516933526
94200.0	1000.0	1827.7615263259368	0.0	0	412.28708889267	2027.761526325834	1	0	1	1.0011966516933528
95200.0	1000.0	1827.7615263259465	0.0	0	257.2441833506891	2027.761526325834	1	0	1	1.0011966516933528
96200.0	1000.0	1827.7615263259552	0.0	0	313.1154454709467	2027.761526325834	1	0	1	1.0011966516933528
97301.88615845807	1000.0	1725.875367867883	0.0	0	0.0	2027.7615263258194	1	0	1	1.0011966516933544
98200.0	1000.0	1827.7615263259536	0.0	0	33.792040372107294	2027.7615263258049	1	0	1	1.0011966516933557
99241.26001292796	1000.0	1786.5015133980178	0.0	0	0.0	2027.7615263258049	1	0	1	1.0011966516933557
100200.0	1000.0	1827.7615263260043	0.0	0	246.38359779323218	2027.7615263258049	1	0	1	1.0011966516933557
101217.00144621926	1000.0	1810.760080106761	0.0	0	0.0	2027.7615263258194	1	0	1	1.0011966516933544
102200.0	1000.0	1827.7615263260227	0.0	0	209.06764667484094	2027.7615263258194	1	0	1	1.0011966516933544
103200.0	1000.0	1827.761526326014	0.0	0	319.9086860951793	2027.7615263258194	1	0	1	1.0011966516933544
104200.0	1000.0	1827.7615263260077	0.0	0	350.4259058413154	2027.7615263258194	1	0	1	1.0011966516933544
105200.0	1000.0	1827.7615263260095	0.0	0	133.45365497680905	2027.7615263258194	1	0	1	1.0011966516933544
106200.0	1000.0	1827.7615263260063	0.0	0	74.01202681154246	2027.7615263258194	1	0	1	1.0011966516933544
107220.86195502848	1000.0	1806.8995712975266	0.0	0	0.0	2027.7615263258194	1	0	1	1.0011966516933544
108200.0	1000.0	1827.7615263260031	0.0	0	189.50094502957654	2027.7615263258194	1	0	1	1.0011966516933544
109414.19025814963	1000.0	1613.5712681763844	0.0	0	0.0	2027.7615263258194	1	0	1	1.0011966516933544
110447.76508993017	1000.0	1579.9964363958445	0.0	0	0.0	2027.7615263258194	1	0	1	1.0011966516933544
111251.63769321599	1000.0	1776.1238331100055	0.0	0	0.0	2027.7615263258194	1	0	1	1.0011966516933544
112200.0	1000.0	1827.7615263259904	0.0	0	214.2955468926957	2027.7615263258194	1	0	1	1.0011966516933544
113200.0	1000.0	1827.7615263259804	0.0	0	469.9613926666934	2027.7615263258194	1	0	1	1.0011966516933544
114200.0	1000.0	1827.76152632598	0.0	0	539.3889234745147	2027.7615263258049	1	0	1	1.0011966516933557
115200.0	1000.0	1827.7615263259952	0.0	0	326.4540227344114	2027.7615263258049	1	0	1	1.0011966516933557
116262.19025171585	1000.0	1659.3522494385716	0.0	0	0.0	1921.5425011542247	1	0	2	0.6091819988905527
117200.0	1000.0	1721.5425011544166	0.0	0	32.78492043474398	1921.5425011542247	1	0	1	0.8118185542105136
118200.0	1000.0	1721.5425011544137	0.0	0	296.0368064633658	1921.5425011542247	1	0	1	1.0118185542105138
119200.0	1000.0	1721.542501154418	0.0	0	559.3946506586944	1921.5425011542393	1	0	1	1.0118185542105123
120200.0	1000.0	1721.54250115442	0.0	0	655.2199662821804	1921.5425011542393	1	0	1	1.0118185542105123
121200.0	1000.0	1721.5425011544116	0.0	0	479.61978571352665	1921.5425011542393	1	0	1	1.0118185542105123
122200.0	1000.0	1721.5425011543957	0.0	0	537.6075014666858	1921.5425011542393	1	0	1	1.0118185542105123
123200.0	1000.0	1721.5425011544078	0.0	0	555.9485288859141	1921.5425011542393	1	0	1	1.0118185542105123
124200.0	1000.0	1621.5425011544094	0.0	0	562.4231263018592	1821.5425011542538	1	0	2	0.6178580338914085
125200.0	1000.0	1621.5425011543953	0.0	0	463.2511518555548	1821.5425011542393	1	0	1	0.8218185542105121
126200.0	1000.0	1621.5425011543894	0.0	0	409.7639890467253	1821.5425011542247	1	0	1	1.0218185542105138
127200.0	1000.0	1621.5425011544191	0.0	0	437.1178819172492	1821.5425011542393	1	0	1	1.0218185542105123
128200.0	1000.0	1621.5425011544066	0.0	0	265.1543881259131	1821.5425011542393	1	0	1	1.0218185542105123
129200.0	1000.0	1621.542501154405	0.0	0	499.8010301828326	1821.5425011542393	1	0	1	1.0218185542105123
130200.0	1000.0	1621.5425011544212	0.0	0	309.5622214644245	1821.5425011542393	1	0	1	1.0218185542105123
131200.0	1000.0	1621.5425011544069	0.0	0	237.13242165607517	1821.5425011542247	1	0	1	1.0218185542105125
132200.0	1000.0	1621.5425011544069	0.0	0	344.86889428523136	1821.5425011542393	1	0	1	1.0218185542105132
133200.0	1000.0	1621.5425011543755	0.0	0	299.4423285082157	1821.542501154181	1	0	1	1.0218185542105163
134200.0	1000.0	1621.5425011543462	0.0	0	487.2312695994042	1821.542501154152	1	0	1	1.021818554210521
135200.0	1000.0	1521.5425011543382	0.0	0	382.74467417699634	1721.5425011541229	1	0	2	0.6280123655738563
136200.0	1000.0	1521.5425011543232	0.0	0	405.3004207510676	1721.5425011541229	1	0	1	0.8318185542105238
137200.0	1000.0	1521.5425011542957	0.0	0	526.2340400968969	1721.5425011541229	1	0	1	1.0318185542105238
138200.0	1000.0	1521.542501154256	0.0	0	612.1329878813413	1721.5425011541229	1	0	1	1.0318185542105238
139200.0	1000.0	1521.5425011542122	0.0	0	496.48363016423536	1721.5425011540938	1	0	1	1.0318185542105267
140200.0	1000.0	1521.5425011542045	0.0	0	509.5404816578666	1721.5425011540938	1	0	1	1.0318185542105267
141200.0	1000.0	1521.542501154222	0.0	0	110.57497342850547	1721.5425011540647	1	0	1	1.0318185542105298
142200.0	1000.0	1521.54250115421	0.0	0	312.73420609364985	1721.5425011540647	1	0	1	1.0318185542105298
143200.0	1000.0	1521.5425011542034	0.0	0	305.82962716789916	1721.5425011540647	1	0	1	1.0318185542105298
144200.0	1000.0	1521.5425011542136	0.0	0	226.73613843289786	1721.5425011540647	1	0	1	1.0318185542105298
145200.0	1000.0	1521.5425011542457	0.0	0	271.0229305633111	1721.5425011540938	1	0	1	1.0318185542105267
146200.0	1000.0	1521.5425011542657	0.0	0	495.3741646373237	1721.5425011540938	1	0	1	1.0318185542105267
147200.0	1000.0	1521.5425011542816	0.0	0	637.1751313631539	1721.5425011540938	1	0	1	1.0318185542105267
148200.0	1000.0	1521.5425011543025	0.0	0	716.2333401123178	1721.5425011540938	1	0	1	1.0318185542105267
149200.0	1000.0	1521.5425011542718	0.0	0	736.5369927565625	1721.5425011540938	1	0	1	1.0318185542105267
150200.0	1000.0	1521.5425011542786	0.0	0	634.8519657037104	1721.5425011540938	1	0	1	1.0318185542105267
151200.0	1000.0	1521.5425011542811	0.0	0	272.62313835683744	1721.5425011540938	1	0	1	1.0318185542105267
152200.0	1000.0	1521.5425011542711	0.0	0	620.8157079977973	1721.5425011540938	1	0	1	1.0318185542105267
153200.0	2000.0	1521.5425011542957	0.0	0	155.68603561999043	1721.5425011540938	1	0	1	1.0318185542105267
154258.75101066974	2000.0	1462.7914904845584	0.0	0	0.0	1721.5425011541229	1	0	1	1.724965734770469
155542.70197501633	2000.0	1178.840526137968	0.0	0	0.0	1721.5425011541229	1	0	1	1.724965734770469
156603.9986085658	2000.0	1117.5438925885255	0.0	0	0.0	1721.5425011541229	1	0	1	1.724965734770469
157780.70607162922	2000.0	940.8364295251033	0.0	0	0.0	1721.542501154152	1	0	1	1.724965734770466
158968.35646442327	2000.0	753.1860367310259	0.0	0	0.0	1721.542501154152	1	0	1	1.724965734770466
160199.27740833003	2000.0	522.2650928242542	0.0	0	0.0	1721.542501154152	1	0	1	1.724965734770466
160671.3739121982	1000.0	1050.1685889560576	0.0	0	0.0	1721.542501154152	1	0	1	0.3386713736505758
161455.00328995954	1000.0	1266.5392111947153	0.0	0	0.0	1721.542501154152	1	0	1	1.031818554210521
162200.0	1000.0	1521.5425011542347	0.0	0	262.80932048274553	1721.542501154152	1	0	1	1.031818554210521
163200.0	1000.0	1521.5425011542002	0.0	0	565.2955553994107	1721.542501154152	1	0	1	1.031818554210521
164200.0	1000.0	1521.5425011541922	0.0	0	594.7610958709556	1721.542501154152	1	0	1	1.031818554210521
165200.0	1000.0	1521.542501154176	0.0	0	640.1462834477134	1721.542501154152	1	0	1	1.031818554210521
166200.0	1000.0	1521.5425011541727	0.0	0	513.1398750375665	1721.5425011541229	1	0	1	1.0318185542105238
167200.0	1000.0	1521.5425011541718	0.0	0	608.0842362778494	1721.5425011541229	1	0	1	1.0318185542105238
168200.0	2000.0	1521.5425011541681	0.0	0	211.01381974178366	1721.542501154152	1	0	1	1.031818554210521
169200.0	2000.0	1521.5425011541984	0.0	0	123.7316695060581	1721.542501154152	1	0	1	1.724965734770466
170281.47384476126	2000.0	1440.0686563929114	0.0	0	0.0	1721.542501154152	1	0	1	1.724965734770466
171250.26633442123	2000.0	1471.276166732933	0.0	0	0.0	1721.5425011540938	1	0	1	1.7249657347704699
172200.0	2000.0	1521.5425011541568	0.0	0	167.70429619692732	1721.5425011540938	1	0	1	1.7249657347704719
173200.0	2000.0	1521.5425011541606	0.0	0	16.668940861476585	1721.5425011540938	1	0	1	1.7249657347704719
174200.0	2000.0	1521.5425011541492	0.0	0	183.50185097489157	1721.5425011540647	1	0	1	1.724965734770475
175905.08528332913	2000.0	816.4572178250068	0.0	0	0.0	1721.5425011540356	1	0	1	1.7249657347704779
178041.2673751754	2000.0	200.0	519.7248740212844	0	0.0	2241.2673751754046	1	0	1	-1.4401976025342564
178628.4622559922	1000.0	705.6485959986042	92.84347681537668	0	0.0	2334.1108519907866	1	0	1	-0.2796463223253477
179305.6409975487	1000.0	1028.4698544421008	0.0	0	0.0	2334.1108519907866	1	0	1	0.9705617191268576
179823.84285053978	1000.0	1510.2680014510254	0.0	0	0.0	2334.1108519907866	1	0	1	0.9705617191268576
181076.099244876	1000.0	1258.0116071147927	0.0	0	0.0	2334.1108519907866	1	0	1	0.9705617191268576
182046.3722250887	1000.0	1287.738626902076	0.0	0	0.0	2334.1108519907866	1	0	1	0.9705617191268576
182836.83215136858	1000.0	1497.2787006222393	0.0	0	0.0	2334.1108519907866	1	0	1	0.9705617191268576
183472.63029682057	1000.0	1861.4805551702445	0.0	0	0.0	2334.1108519907866	1	0	1	0.9705617191268576
184200.0	1000.0	2134.1108519908344	0.0	0	155.11965393761056	2334.1108519907575	1	0	1	0.9705617191268605
185200.0	1000.0	2134.110851990831	0.0	0	390.5557955853874	2334.1108519907866	1	0	1	0.9705617191268576
186200.0	1000.0	2134.110851990827	0.0	0	382.35219597874675	2334.1108519907575	1	0	1	0.9705617191268605
187200.0	1000.0	2134.110851990811	0.0	0	215.00388046630542	2334.1108519907575	1	0	1	0.9705617191268605
188200.0	1000.0	2134.110851990785	0.0	0	172.2117337762611	2334.1108519907575	1	0	1	0.9705617191268605
189200.0	1000.0	2134.1108519907907	0.0	0	556.4486665525183	2334.1108519907575	1	0	1	0.9705617191268605
190200.0	1000.0	2134.110851990842	0.0	0	374.91481989173917	2334.1108519907866	1	0	1	0.9705617191268576
191200.0	1000.0	2134.110851990853	0.0	0	437.7998612461961	2334.1108519907866	1	0	1	0.9705617191268576
192200.0	1000.0	2134.1108519908953	0.0	0	600.6620932183578	2334.1108519908157	1	0	1	0.9705617191268546
193200.0	1000.0	2134.1108519908657	0.0	0	485.8038608210627	2334.1108519907866	1	0	1	0.9705617191268576
194200.0	1000.0	2134.110851990843	0.0	0	469.74307927364134	2334.1108519907575	1	0	1	0.9705617191268605
195297.66726051184	1000.0	2036.4435914790238	0.0	0	0.0	2334.1108519907575	1	0	1	0.9705617191268605
196200.0	1000.0	2043.8775780420285	0.0	0	28.33735306430026	2243.8775780419237	1	0	2	0.5776759312236366
197200.0	1000.0	2043.8775780419846	0.0	0	219.7030408665305	2243.8775780418946	1	0	1	0.7795850465217466
198200.0	1000.0	2043.8775780419755	0.0	0	29.844370210077614	2243.8775780418946	1	0	1	0.9795850465217468
199200.0	1000.0	2043.8775780419774	0.0	0	466.5750081797596	2243.8775780418946	1	0	1	0.9795850465217468
200200.0	1000.0	2043.8775780419955	0.0	0	397.90562570953625	2243.8775780418946	1	0	1	0.9795850465217468
201200.0	1000.0	2043.8775780420046	0.0	0	307.87618910256424	2243.8775780418946	1	0	1	0.9795850465217468
202200.0	1000.0	1943.877578041985	0.0	0	540.5736289765919	2143.8775780419237	1	0	2	0.5856347593886211
203200.0	1000.0	1943.8775780420137	0.0	0	547.3127357451594	2143.8775780419237	1	0	1	0.7895850465217435
204200.0	1000.0	1943.877578042006	0.0	0	616.4676490289858	2143.8775780418946	1	0	1	0.9895850465217468
205200.0	1000.0	1943.8775780420247	0.0	0	493.98168321873527	2143.8775780418946	1	0	1	0.9895850465217468
206200.0	1000.0	1943.8775780420126	0.0	0	434.18603410874493	2143.8775780418946	1	0	1	0.9895850465217468
207200.0	1000.0	1943.8775780419999	0.0	0	91.99601602679468	2143.8775780418655	1	0	1	0.9895850465217497
208200.0	1000.0	1943.877578042014	0.0	0	237.50093694822863	2143.8775780418655	1	0	1	0.9895850465217497
209790.24341806272	2000.0	1353.6341599793009	0.0	0	0.0	2143.8775780418655	1	0	1	0.9895850465217495
210456.84389798425	1000.0	1687.033680057747	0.0	0	0.0	2143.8775780418655	1	0	1	0.29643786596180444
211263.59571862643	1000.0	1880.2818594155417	0.0	0	0.0	2143.8775780418655	1	0	1	0.9895850465217497
212200.0	1000.0	1943.8775780419496	0.0	0	351.6251457990147	2143.8775780418655	1	0	1	0.9895850465217497
213200.0	1000.0	1943.877578041966	0.0	0	436.0157161275565	2143.8775780418655	1	0	1	0.9895850465217497
214200.0	1000.0	1943.877578041992	0.0	0	274.2146970512986	2143.8775780418655	1	0	1	0.9895850465217497
215200.0	1000.0	1943.8775780419924	0.0	0	200.48479106024024	2143.8775780418364	1	0	1	0.9895850465217526
216200.0	1000.0	1943.8775780420083	0.0	0	365.77866850377177	2143.8775780418364	1	0	1	0.9895850465217526
217200.0	1000.0	1943.8775780420322	0.0	0	96.7824111271475	2143.8775780418364	1	0	1	0.9895850465217526
218200.0	1000.0	1943.8775780420358	0.0	0	355.86414715170395	2143.8775780418364	1	0	1	0.9895850465217526
219200.0	1000.0	1943.8775780420524	0.0	0	111.99312414054293	2143.8775780418364	1	0	1	0.9895850465217526
220200.0	1000.0	1943.8775780420592	0.0	0	12.647234847478103	2143.8775780418364	1	0	1	0.9895850465217515
221200.0	1000.0	1943.8775780420474	0.0	0	402.15449066250585	2143.8775780418364	1	0	1	0.9895850465217526
222200.0	1000.0	1943.8775780420115	0.0	0	375.20785509972484	2143.8775780418364	1	0	1	0.9895850465217526
223200.0	1000.0	1943.8775780420092	0.0	0	351.23949420443387	2143.8775780418364	1	0	1	0.9895850465217526
224200.0	1000.0	1943.8775780419865	0.0	0	150.54673672409263	2143.8775780418073	1	0	1	0.9895850465217555
225200.0	1000.0	1943.8775780419865	0.0	0	530.8215695300023	2143.8775780418073	1	0	1	0.9895850465217555
226200.0	1000.0	1943.8775780419692	0.0	0	628.786858791922	2143.8775780418364	1	0	1	0.9895850465217526
227200.0	1000.0	1943.877578041951	0.0	0	564.1491591509548	2143.8775780418655	1	0	1	0.9895850465217497
228200.0	1000.0	1943.8775780419587	0.0	0	89.59710429128609	2143.8775780418364	1	0	1	0.9895850465217526
229200.0	1000.0	1943.8775780419583	0.0	0	324.89877778166556	2143.8775780418364	1	0	1	0.9895850465217526
230200.0	1000.0	1943.8775780419287	0.0	0	507.1307948738395	2143.8775780418364	1	0	1	0.9895850465217526
231200.0	1000.0	1943.8775780419087	0.0	0	513.0319719324762	2143.8775780418364	1	0	1	0.9895850465217526
232200.0	1000.0	1943.8775780418919	0.0	0	363.853378760512	2143.8775780418364	1	0	1	0.9895850465217526
233200.0	1000.0	1943.8775780418964	0.0	0	171.0695686370891	2143.8775780418364	1	0	1	0.9895850465217526
234200.0	1000.0	1943.8775780419282	0.0	0	454.7902008561359	2143.8775780418655	1	0	1	0.9895850465217497
235200.0	1000.0	1943.877578041942	0.0	0	260.0277621646819	2143.8775780418655	1	0	1	0.9895850465217497
236200.0	1000.0	1943.8775780419505	0.0	0	250.4383303374343	2143.8775780418946	1	0	1	0.9895850465217468
237200.0	1000.0	1943.8775780419141	0.0	0	339.35529533665976	2143.8775780418946	1	0	1	0.9895850465217468
238200.0	1000.0	1943.8775780419173	0.0	0	528.5484342296841	2143.8775780418946	1	0	1	0.9895850465217468
239200.0	1000.0	1943.8775780419064	0.0	0	218.41882148306468	2143.8775780418946	1	0	1	0.9895850465217468
240200.0	1000.0	1943.87757804189	0.0	0	206.9934680989536	2143.8775780418946	1	0	1	0.9895850465217468
241200.0	1000.0	1943.8775780418982	0.0	0	393.47596407696255	2143.8775780418946	1	0	1	0.9895850465217468
242200.0	1000.0	1943.8775780419137	0.0	0	327.19630119547946	2143.8775780418946	1	0	1	0.9895850465217468
243200.0	1000.0	1943.87757804195	0.0	0	480.02793474184	2143.8775780419237	1	0	1	0.9895850465217437
244200.0	1000.0	1943.877578041932	0.0	0	399.82607039192226	2143.8775780419237	1	0	1	0.9895850465217437
245200.0	1000.0	1943.8775780419328	0.0	0	310.4686020081572	2143.8775780419237	1	0	1	0.9895850465217437
246200.0	1000.0	1943.8775780419078	0.0	0	130.0165378356469	2143.8775780419237	1	0	1	0.9895850465217437
247260.95036040174	1000.0	1882.9272176401537	0.0	0	0.0	2143.8775780419237	1	0	1	0.9895850465217437
248253.81442603446	1000.0	1890.063152007416	0.0	0	0.0	2143.8775780419237	1	0	1	0.989585046521745
249200.0	1000.0	1943.8775780418812	0.0	0	279.37539904378355	2143.8775780419237	1	0	1	0.9895850465217437
250200.0	1000.0	1843.8775780418698	0.0	0	192.79692364370567	2043.8775780419528	1	0	2	0.5963340407751778
251200.0	1000.0	1843.8775780418778	0.0	0	177.8595682529267	2043.8775780419528	1	0	1	0.7995850465217408
252200.0	1000.0	1743.877578041897	0.0	0	208.12774483533576	1943.877578041982	1	0	2	0.6062418988944291
253200.0	1000.0	1743.8775780419028	0.0	0	449.2959570932726	1943.877578041982	1	0	1	0.8095850465217378
254389.47054613646	1000.0	1554.407031905475	0.0	0	0.0	1943.877578042011	1	0	1	1.0095850465217362
255311.83812874256	1000.0	1632.0394492993694	0.0	0	0.0	1943.877578042011	1	0	1	1.009585046521735
256309.92091140524	1000.0	1633.9566666366695	0.0	0	0.0	1943.877578042011	1	0	1	1.009585046521735
257200.0	1000.0	1743.8775780419342	0.0	0	229.45963596066576	1943.87757804204	1	0	1	1.0095850465217322
258204.5467494098	1000.0	1739.3308286321471	0.0	0	0.0	1943.877578042011	1	0	1	1.0095850465217333
259440.0279156798	1000.0	1503.8496623621525	0.0	0	0.0	1943.877578042011	1	0	1	1.009585046521735
260394.70276948067	1000.0	1549.1748085612546	0.0	0	0.0	1943.877578042011	1	0	1	1.009585046521735
261200.0	1000.0	1743.8775780419571	0.0	0	238.82870107653434	1943.877578042011	1	0	1	1.009585046521735
262200.0	1000.0	1743.877578041979	0.0	0	343.8590988870128	1943.877578041982	1	0	1	1.009585046521738
263200.0	1000.0	1743.877578041947	0.0	0	461.95015395776136	1943.8775780419528	1	0	1	1.0095850465217426
264200.0	1000.0	1743.877578041984	0.0	0	145.9492394621484	1943.877578041982	1	0	1	1.0095850465217393
265257.94984856586	1000.0	1685.9277294760634	0.0	0	0.0	1943.8775780419237	1	0	1	1.0095850465217415
266200.0	1000.0	1743.877578041904	0.0	0	51.90467013651505	1943.8775780419237	1	0	1	1.0095850465217402
267200.0	1000.0	1743.8775780418903	0.0	0	479.9488200874184	1943.8775780419237	1	0	1	1.0095850465217437
268200.0	1000.0	1743.8775780419521	0.0	0	572.680223107629	1943.8775780419237	1	0	1	1.0095850465217437
269200.0	1000.0	1743.8775780419128	0.0	0	575.6989857698791	1943.877578041982	1	0	1	1.009585046521738
270200.0	1000.0	1743.8775780418543	0.0	0	501.6029269184219	1943.877578041982	1	0	1	1.009585046521738
271200.0	1000.0	1743.8775780418985	0.0	0	543.1604255280108	1943.877578041982	1	0	1	1.009585046521738
272200.0	2000.0	1743.877578041795	0.0	0	231.69142166210804	1943.877578041982	1	0	1	1.009585046521738
273200.0	2000.0	1743.8775780417977	0.0	0	215.29215373308398	1943.877578041982	1	0	1	1.702732227081683
274200.0	1000.0	1743.8775780417438	0.0	0	542.691596685152	1943.877578041982	1	0	1	0.31643786596179274
275200.0	1000.0	1743.8775780417473	0.0	0	315.2597943340079	1943.877578041982	1	0	1	1.009585046521738
276200.0	1000.0	1743.8775780417457	0.0	0	440.8612144990475	1943.877578041982	1	0	1	1.009585046521738
277200.0	1000.0	1743.877578041756	0.0	0	507.46572348609334	1943.87757804204	1	0	1	1.0095850465217322
278200.0	1000.0	1743.8775780417832	0.0	0	268.9763000225066	1943.87757804204	1	0	1	1.0095850465217322
279200.0	1000.0	1743.8775780418152	0.0	0	150.40984340698924	1943.87757804204	1	0	1	1.0095850465217322
280200.0	1000.0	1743.8775780417727	0.0	0	196.23124294838635	1943.877578041982	1	0	1	1.009585046521738
281200.0	1000.0	1743.8775780417463	0.0	0	415.71978336264146	1943.877578041982	1	0	1	1.009585046521738
282200.0	1000.0	1743.8775780417473	0.0	0	440.5202687983401	1943.877578041982	1	0	1	1.009585046521738
283200.0	1000.0	1743.877578041709	0.0	0	187.20781563722994	1943.877578041982	1	0	1	1.009585046521738
284200.0	1000.0	1643.877578041774	0.0	0	471.0502874623053	1843.87757804204	1	0	2	0.6157115435959916
285200.0	1000.0	1543.8775780417957	0.0	0	573.9149584913393	1743.8775780420983	1	0	2	0.8256585615858989
286200.0	1000.0	1543.877578041893	0.0	0	654.3677090120618	1743.8775780421565	1	0	1	0.8295850465217204
287200.0	1000.0	1543.8775780418625	0.0	0	611.9924891935079	1743.8775780421565	1	0	1	1.0295850465217207
288200.0	1000.0	1543.877578041895	0.0	0	434.1140231760801	1743.8775780421565	1	0	1	1.0295850465217207
289200.0	1000.0	1543.877578041902	0.0	0	531.9607298542978	1743.8775780421565	1	0	1	1.0295850465217207
290200.0	1000.0	1543.877578041956	0.0	0	242.00646893738303	1743.8775780421565	1	0	1	1.0295850465217207
291200.0	1000.0	1543.877578041922	0.0	0	346.67369620263344	1743.8775780421565	1	0	1	1.0295850465217207
292200.0	2000.0	1543.8775780419612	0.0	0	190.242580898921	1743.8775780421565	1	0	1	1.0295850465217204
293306.5705142491	2000.0	1437.307063792917	0.0	0	0.0	1743.8775780421565	1	0	1	1.7227322270816656
294326.7939964298	2000.0	1417.0835816121873	0.0	0	0.0	1743.8775780421565	1	0	1	1.7227322270816656
295200.0	2000.0	1543.8775780420094	0.0	0	137.81105284119258	1743.8775780421565	1	0	1	1.7227322270816656
296200.0	2000.0	1543.8775780420283	0.0	0	206.3004345864756	1743.8775780421565	1	0	1	1.7227322270816656
297200.0	2000.0	1543.8775780420372	0.0	0	320.2787665431388	1743.8775780421565	1	0	1	1.7227322270816656
298200.0	2000.0	1543.8775780419971	0.0	0	196.67447992961388	1743.8775780420983	1	0	1	1.7227322270816714
299363.92343463	2000.0	1379.9541434120717	0.0	0	0.0	1743.8775780420983	1	0	1	1.7227322270816714
300548.09307992744	2000.0	1195.7844981146195	0.0	0	0.0	1743.8775780420983	1	0	1	1.7227322270816714
1.47	2.04	1.58	1.71	2.09	1.6	1.7	1.88	2.41	2.54	2.66	2.24	2.3	2.33	2.05	2.4	2.54	2.68	2.8	2.21	1.36	1.47	1.04	1.45	1.63	1.71	1.01	1.03	1.37	1.88	2.29	1.55	1.75	1.63	1.75	2.07	2.26	2.58	2.63	1.93	1.1	1.38	2.07	0.88	1.56	1.98	1.99	2.08	1.89	2.21	2.69	2.73	1.53	1.16	0.82	1.12	1.74	1.48	1.39	1.48	1.51	1.64	1.45	1.6	1.07	1.14	1.78	1.86	1.47	1.47	1.95	2.43	2.06	1.32	1.76	1.81	2.0	1.26	1.2	1.4	1.9	1.7	1.83	2.2	1.78	1.3	1.48	1.78	1.62	1.73	1.12	1.04	1.22	1.04	1.36	0.9	1.59	1.48	1.56	1.04	1.12	1.26	1.58	1.1	1.01	1.09	1.39	1.83	2.27	1.26	1.16	1.36	1.99	2.05	2.26	2.75	2.1	2.28	2.2	2.28	1.62	1.76	1.85	1.84	1.45	1.4	1.39	1.58	1.56	1.92	2.27	2.92	3.06	2.7	1.66	1.53	1.61	1.99	1.81	1.47	2.07	2.73	3.34	3.7	2.33	1.84	2.32	2.85	2.11	1.03	1.47	2.04	1.58	1.71	2.09	1.6	1.7	1.88	2.41	2.54	2.66	2.24	2.3	2.33	2.05	2.4	2.54	2.68	2.8	2.21	1.36	1.47	1.04	1.45	1.63	1.71	1.01	1.03	1.37	1.88	2.29	1.55	1.75	1.63	1.75	2.07	2.26	2.58	2.63	1.93	1.1	1.38	2.07	0.88	1.56	1.98	1.99	2.08	1.89	2.21	2.69	2.73	1.53	1.16	0.82	1.12	1.74	1.48	1.39	1.48	1.51	1.64	1.45	1.6	1.07	1.14	1.78	1.86	1.47	1.47	1.95	2.43	2.06	1.32	1.76	1.81	2.0	1.26	1.2	1.4	1.9	1.7	1.83	2.2	1.78	1.3	1.48	1.78	1.62	1.73	1.12	1.04	1.22	1.04	1.36	0.9	1.59	1.48	1.56	1.04	1.12	1.26	1.58	1.1	1.01	1.09	1.39	1.83	2.27	1.26	1.16	1.36	1.99	2.05	2.26	2.75	2.1	2.28	2.2	2.28	1.62	1.76	1.85	1.84	1.45	1.4	1.39	1.58	1.56	1.92	2.27	2.92	3.06	2.7	1.66	1.53	1.61	1.99	1.81	1.47	2.07	2.73	3.34	3.7	2.33	1.84	2.32	2.85
1.0	2.0	3.0	4.0	5.0	6.0	7.0	8.0	9.0	10.0	11.0	12.0	13.0	14.0	15.0	16.0	17.0	18.0	19.0	20.0	21.0	22.0	23.0	24.0	25.0	26.0	27.0	28.0	29.0	30.0	31.0	32.0	33.0	34.0	35.0	36.0	37.0	38.0	39.0	40.0	41.0	42.0	43.0	44.0	45.0	46.0	47.0	48.0	49.0	50.0	51.0	52.0	53.0	54.0	55.0	56.0	57.0	58.0	59.0	60.0	61.0	62.0	63.0	64.0	65.0	66.0	67.0	68.0	69.0	70.0	71.0	72.0	73.0	74.0	75.0	76.0	77.0	78.0	79.0	80.0	81.0	82.0	83.0	84.0	85.0	86.0	87.0	88.0	89.0	90.0	91.0	92.0	93.0	94.0	95.0	96.0	97.0	98.0	99.0	100.0	101.0	102.0	103.0	104.0	105.0	106.0	107.0	108.0	109.0	110.0	111.0	112.0	113.0	114.0	115.0	116.0	117.0	118.0	119.0	120.0	121.0	122.0	123.0	124.0	125.0	126.0	127.0	128.0	129.0	130.0	131.0	132.0	133.0	134.0	135.0	136.0	137.0	138.0	139.0	140.0	141.0	142.0	143.0	144.0	145.0	146.0	147.0	148.0	149.0	149.0	150.0	151.0	152.0	153.0	154.0	155.0	156.0	157.0	158.0	159.0	160.0	161.0	162.0	163.0	164.0	165.0	166.0	167.0	168.0	169.0	170.0	171.0	172.0	173.0	174.0	175.0	176.0	177.0	178.0	179.0	180.0	181.0	182.0	183.0	184.0	185.0	186.0	187.0	188.0	189.0	190.0	191.0	192.0	193.0	194.0	195.0	196.0	197.0	198.0	199.0	200.0	201.0	202.0	203.0	204.0	205.0	206.0	207.0	208.0	209.0	210.0	211.0	212.0	213.0	214.0	215.0	216.0	217.0	218.0	219.0	220.0	221.0	222.0	223.0	224.0	225.0	226.0	227.0	228.0	229.0	230.0	231.0	232.0	233.0	234.0	235.0	236.0	237.0	238.0	239.0	240.0	241.0	242.0	243.0	244.0	245.0	246.0	247.0	248.0	249.0	250.0	251.0	252.0	253.0	254.0	255.0	256.0	257.0	258.0	259.0	260.0	261.0	262.0	263.0	264.0	265.0	266.0	267.0	268.0	269.0	270.0	271.0	272.0	273.0	274.0	275.0	276.0	277.0	278.0	279.0	280.0	281.0	282.0	283.0	284.0	285.0	286.0	287.0	288.0	289.0	290.0	291.0	292.0	293.0	294.0	295.0	296.0	297.0
4998.4951358032395
