5339.063338245396	300.0	2000.0	207.8175019070007	0	0.0	5339.063338245396	1	0	1	-1.7762777852159795
5594.464108979244	300.0	2719.0591521927677	0.0	0	0.0	5313.523261172012	1	0	2	-0.9319237200330748
6072.134605682502	500.0	3193.6216058191844	0.0	0	0.0	5265.756211501687	1	0	2	-0.7276355110809782
6437.773433965558	500.0	3791.4188947078246	0.0	0	0.0	5229.192328673383	1	0	2	-0.2129126417838731
6749.930406802185	500.0	4448.046224587536	0.0	0	0.0	5197.97663138972	1	0	2	-0.2097319284955363
7972.51816984781	1000.0	4103.199685237349	0.0	0	0.0	5075.717855085159	1	0	2	-0.20002740237872102
9034.47083677699	1000.0	3935.0517516152477	0.0	0	0.0	4969.5225883922385	1	0	2	0.5045954761980088
10021.709881607665	1000.0	3849.088802301506	0.0	0	0.0	4870.79868390917	1	0	2	0.514297426483049
11242.55976355451	1000.0	3506.1539321599776	0.0	0	0.0	4748.713695714485	1	0	2	0.5256377113098996
12781.640058742343	1000.0	2813.165607453361	0.0	0	0.0	4594.8056661957025	1	0	2	0.5405443150103986
14078.144824337962	1000.0	2387.0103652981807	0.0	0	0.0	4465.155189636142	1	0	2	0.5539287863478674
14619.58850537265	500.0	2791.422316160022	0.0	0	0.0	4411.010821532673	1	0	2	-0.824845807191454
15053.52463989993	500.0	3314.092568180016	0.0	0	0.0	4367.617208079946	1	0	2	-0.12692651969609092
16045.010024936684	1000.0	3223.458644639587	0.0	0	0.0	4268.46866957627	1	0	2	-0.1185473520264489
16850.514977728988	1000.0	3337.4031965680506	0.0	0	0.0	4187.918174297038	1	0	2	0.5830555362014957
17942.262506472176	1000.0	3136.480914950542	0.0	0	0.0	4078.743421422714	1	0	2	0.593421086211073
18554.035837428397	1000.0	3463.530250898694	0.0	0	0.0	4017.5660883270866	1	0	2	0.6006686603519946
19782.38606115459	1000.0	3112.3450047998845	0.0	0	0.0	3894.731065954469	1	0	2	0.6108304541706593
20614.655682889126	1000.0	3196.848420891891	0.0	0	0.0	3811.5041037810115	1	0	2	0.6208131332144895
21565.96309845254	1000.0	3150.4102637721357	0.0	0	0.0	3716.3733622246655	1	0	2	0.6298509374162471
22345.40487553939	1000.0	3293.024308976599	0.0	0	0.0	3638.4291845159823	1	0	2	0.6380711214165409
23200.0	1000.0	3352.9696720699203	0.0	0	154.97545460729452	3552.969672069914	1	0	2	0.6454311526451733
24536.146484176752	1000.0	2883.2085394754954	0.0	0	0.0	3419.3550236522424	1	0	2	0.6592526477040015
25338.854361598867	1000.0	3000.2298743111655	0.0	0	0.0	3339.084235910028	1	0	2	0.6679635767079902
26200.0	1000.0	3052.9696720699153	0.0	0	12.265096450111741	3252.969672069914	1	0	2	0.6764699969681709
27586.397944864948	1000.0	2527.9319327184758	0.0	0	0.0	3114.329877583423	1	0	2	0.6881490991013552
29515.810133650088	1000.0	1405.5785250548217	0.0	0	0.0	2921.388658704913	1	0	2	0.7075743092751741
30842.234228564856	1000.0	946.5120206485751	0.0	0	0.0	2788.746249213429	1	0	2	0.721506914426354
32231.786333702818	1000.0	556.9599155106135	0.0	0	0.0	2788.746249213429	1	0	1	0.7250981794045931
33386.047160863396	1000.0	421.52854047597	18.829452125938246	0	0.0	2807.575701339367	1	0	1	0.8102385214363699
33968.831659296775	500.0	838.7440420425951	0.0	0	0.0	2807.575701339367	1	0	1	-0.4630791269278914
34434.20208505616	500.0	1373.3736162832029	0.0	0	0.0	2807.575701339356	1	0	1	0.23006805363205468
34810.510052631325	500.0	1959.4348519505277	0.0	0	0.0	2769.9449045818474	1	0	2	-0.16713334568951108
35430.23347188345	500.0	2277.7390907731865	0.0	0	0.0	2707.9725626566324	1	0	2	0.038314990123001984
36507.24297260343	1000.0	2093.0286399812144	0.0	0	0.0	2600.271612584642	1	0	2	0.047985456757059786
38306.435886872634	1000.0	1293.8357257120078	0.0	0	0.0	2600.271612584642	1	0	1	0.7439456430674718
40593.10112817677	1000.0	200.0	192.82951559213305	0	0.0	2793.1011281767715	1	0	1	-0.22661047554524816
41414.30543969544	500.0	564.1504015973908	185.3547131160633	0	0.0	2978.455841292838	1	0	1	-1.5922954196196186
42046.45261064574	500.0	932.0032306470874	0.0	0	0.0	2978.455841292838	1	0	1	0.21298003963670686
42613.36609271587	500.0	1365.0897485769601	0.0	0	0.0	2978.455841292838	1	0	1	0.21298003963670686
43224.52358704493	500.0	1692.816504814989	0.0	0	0.0	2917.3400918599364	1	0	2	-0.18249649414510813
44029.58826470828	500.0	1887.751827151637	0.0	0	0.0	2917.3400918599364	1	0	1	0.019091614579996877
44844.01389975802	500.0	1991.8836285969269	0.0	0	0.0	2835.897528354959	1	0	2	-0.17489828435625338
45870.292902734844	500.0	1862.9767253224172	0.0	0	0.0	2733.269628057278	1	0	2	0.03463665008212257
46328.114826926154	500.0	2359.3726087119753	0.0	0	0.0	2687.4874356381406	1	0	2	0.0409740924613474
47200.0	500.0	2400.298918330758	0.0	0	291.5044772938636	2600.298918330758	1	0	2	0.04744764598053903
48200.0	500.0	2400.298918330765	0.0	0	463.2358496782181	2600.298918330758	1	0	1	0.05079573193291472
49200.0	500.0	2300.2989183307664	0.0	0	624.226263647266	2500.298918330758	1	0	2	-0.14320426806708542
50200.0	500.0	2200.298918330774	0.0	0	627.0292314765757	2400.298918330758	1	0	2	0.06679573193291444
51200.0	500.0	2100.2989183307827	0.0	0	526.052594780238	2300.29891833078	1	0	2	0.07687887509213595
52200.0	500.0	2000.2989183307768	0.0	0	584.6021212148189	2200.2989183307654	1	0	2	0.0867957319329137
53200.0	1000.0	2000.298918330769	0.0	0	218.57930012336146	2200.2989183307654	1	0	1	0.09079573193291407
54200.0	1000.0	2000.2989183307636	0.0	0	206.93006575661275	2200.298918330758	1	0	1	0.9839429124928603
55242.4187268897	1000.0	1853.6383187520905	0.0	0	0.0	2096.0570456417845	1	0	2	0.5917283851900637
56200.0	1000.0	1896.0570456417802	0.0	0	91.4048032202918	2096.057045641777	1	0	1	0.7943670997617582
57200.0	1000.0	1896.057045641783	0.0	0	158.04027593347564	2096.057045641777	1	0	1	0.9943670997617584
58200.0	1000.0	1896.0570456417863	0.0	0	73.30865151435864	2096.057045641777	1	0	1	0.9943670997617584
59217.305577286286	1000.0	1878.751468355503	0.0	0	0.0	2096.057045641777	1	0	1	0.9943670997617584
60200.0	1000.0	1896.0570456417927	0.0	0	233.03426823369227	2096.057045641777	1	0	1	0.9943670997617584
61348.6385076864	1000.0	1747.418537955391	0.0	0	0.0	2096.057045641777	1	0	1	0.9943670997617584
62200.0	1000.0	1896.0570456417909	0.0	0	249.2591464284924	2096.0570456417845	1	0	1	0.9943670997617577
63200.0	1000.0	1896.0570456417886	0.0	0	231.58322089496505	2096.0570456417845	1	0	1	0.9943670997617577
64200.0	1000.0	1896.0570456417806	0.0	0	296.384519465435	2096.057045641777	1	0	1	0.9943670997617584
65273.048894971376	1000.0	1823.0081506704096	0.0	0	0.0	2096.05704564177	1	0	1	0.9943670997617592
66200.0	1000.0	1896.0570456417936	0.0	0	181.29166332745808	2096.0570456417845	1	0	1	0.9943670997617587
67200.0	1000.0	1896.0570456418188	0.0	0	185.92797224927926	2096.0570456418136	1	0	1	0.9943670997617559
68235.63202768294	1000.0	1860.4250179588873	0.0	0	0.0	2096.0570456418063	1	0	1	0.9943670997617555
69200.0	1000.0	1896.0570456418307	0.0	0	340.7797972358967	2096.0570456418063	1	0	1	0.9943670997617555
70200.0	1000.0	1796.057045641822	0.0	0	201.55700340341718	1996.0570456418063	1	0	2	0.6007573936223688
71200.0	1000.0	1796.0570456418411	0.0	0	50.00140406208811	1996.0570456418063	1	0	1	0.8043670997617554
72221.9156759628	1000.0	1671.9498020827775	0.0	0	0.0	1893.8654780455545	1	0	2	0.6117483115749036
73339.80452183203	1000.0	1554.060956213553	0.0	0	0.0	1893.8654780455545	1	0	1	0.8145862565213806
74233.86443245236	1000.0	1660.0010455932304	0.0	0	0.0	1893.8654780455545	1	0	1	1.0145862565213808
75379.83371075099	1000.0	1514.03176729461	0.0	0	0.0	1893.8654780455545	1	0	1	1.0145862565213808
76415.45720468018	1000.0	1478.4082733654259	0.0	0	0.0	1893.865478045569	1	0	1	1.0145862565213792
77255.27871175519	1000.0	1638.5867662904054	0.0	0	0.0	1893.865478045569	1	0	1	1.0145862565213792
78231.86027592282	1000.0	1662.005202122786	0.0	0	0.0	1893.8654780455836	1	0	1	1.014586256521378
79317.29543201331	1000.0	1576.570046032273	0.0	0	0.0	1893.8654780455836	1	0	1	1.014586256521378
80632.05408480327	1000.0	1261.811393242324	0.0	0	0.0	1893.8654780455836	1	0	1	1.014586256521378
81818.0783070398	1000.0	1075.7871710057877	0.0	0	0.0	1893.8654780455836	1	0	1	1.014586256521378
82721.20687002766	1000.0	1172.6586080179363	0.0	0	0.0	1893.8654780455981	1	0	1	1.0145862565213766
84091.63589748144	1000.0	802.2295805641533	0.0	0	0.0	1893.8654780455981	1	0	1	1.0145862565213766
85396.79795919846	1000.0	497.06751884710275	0.0	0	0.0	1893.8654780455836	1	0	1	1.014586256521378
86687.99003931589	1000.0	296.17536082545314	90.29992209577428	0	0.0	1984.1654001413408	1	0	1	0.4637567317371565
87163.38188476152	500.0	820.7835153798333	0.0	0	0.0	1984.1654001413408	1	0	1	-0.3807380968080887
87516.36930211692	500.0	1467.7960980244268	0.0	0	0.0	1984.1654001413408	1	0	1	0.31240908375185666
88200.0	500.0	1784.1654001413558	0.0	0	273.7373958025564	1984.1654001413408	1	0	1	0.31240908375185666
89200.0	500.0	1784.1654001413476	0.0	0	561.4943882812076	1984.1654001413408	1	0	1	0.31240908375185666
90200.0	500.0	1684.1654001413706	0.0	0	687.5724044304661	1884.1654001413553	1	0	2	-0.08159091624814456
91200.0	500.0	1684.1654001413683	0.0	0	621.8505002523889	1884.16540014137	1	0	1	0.12240908375185355
92841.74334930447	1000.0	1042.4220508368935	0.0	0	0.0	1884.1654001413845	1	0	1	0.3224090837518523
94330.80180822234	1000.0	553.3635919190197	0.0	0	0.0	1884.1654001413845	1	0	1	1.0155562643117977
95016.68066109867	500.0	867.4847390426761	0.0	0	0.0	1884.16540014137	1	0	1	-0.3707380968080916
95538.7815513213	500.0	1345.3838488200558	0.0	0	0.0	1884.1654001413845	1	0	1	0.3224090837518523
96200.0	500.0	1684.165400141345	0.0	0	297.0816823181376	1884.16540014137	1	0	1	0.32240908375185373
97200.0	500.0	1684.1654001413415	0.0	0	609.9462708020437	1884.1654001413845	1	0	1	0.3224090837518523
98200.0	500.0	1684.165400141347	0.0	0	640.4455392747332	1884.165400141399	1	0	1	0.32240908375185084
99200.0	500.0	1684.1654001413672	0.0	0	582.384741367976	1884.1654001414136	1	0	1	0.3224090837518494
100200.0	1000.0	1684.165400141369	0.0	0	180.0569994370744	1884.1654001414136	1	0	1	0.3224090837518495
101459.2777731342	1000.0	1424.8876270071685	0.0	0	0.0	1884.1654001414136	1	0	1	1.0155562643117948
102717.28152644653	1000.0	1166.8838736948396	0.0	0	0.0	1884.1654001414136	1	0	1	1.0155562643117948
104075.7389558588	1000.0	808.4264442825746	0.0	0	0.0	1884.1654001414136	1	0	1	1.0155562643117948
105062.25692629162	1000.0	821.9084738497626	0.0	0	0.0	1884.1654001414136	1	0	1	1.0155562643117948
106435.56607237701	1000.0	448.59932776436943	0.0	0	0.0	1884.1654001414136	1	0	1	1.0155562643117948
106948.55485279628	500.0	935.6105473450868	0.0	0	0.0	1884.165400141428	1	0	1	-0.37073809680809755
107492.34893181518	500.0	1391.8164683261857	0.0	0	0.0	1884.165400141428	1	0	1	0.3224090837518479
108200.0	500.0	1684.1654001413629	0.0	0	100.15044962607499	1884.165400141428	1	0	1	0.3224090837518479
109200.0	500.0	1684.165400141352	0.0	0	95.13332728623936	1884.165400141428	1	0	1	0.3224090837518479
110200.0	500.0	1684.1654001413538	0.0	0	321.7196703189402	1884.165400141428	1	0	1	0.3224090837518479
111200.0	500.0	1684.1654001413378	0.0	0	300.7360864267248	1884.1654001414136	1	0	1	0.3224090837518494
112200.0	500.0	1684.1654001413337	0.0	0	457.06822136642586	1884.165400141399	1	0	1	0.32240908375185084
113200.0	500.0	1684.1654001413367	0.0	0	430.2510904607916	1884.165400141399	1	0	1	0.32240908375185084
114200.0	500.0	1684.1654001413215	0.0	0	37.12484782328829	1884.1654001413845	1	0	1	0.3224090837518523
115200.0	500.0	1684.1654001413356	0.0	0	97.76147609949112	1884.1654001413845	1	0	1	0.3224090837518523
116200.0	500.0	1684.1654001413435	0.0	0	538.3309334049409	1884.165400141399	1	0	1	0.32240908375185084
117200.0	500.0	1684.165400141327	0.0	0	482.34201229020255	1884.1654001413845	1	0	1	0.3224090837518523
118200.0	500.0	1684.1654001413262	0.0	0	456.54461621576047	1884.1654001413845	1	0	1	0.3224090837518523
119200.0	500.0	1684.1654001413185	0.0	0	657.5695529337681	1884.1654001413845	1	0	1	0.3224090837518523
120200.0	500.0	1684.1654001413237	0.0	0	612.6524024242244	1884.165400141399	1	0	1	0.32240908375185084
121200.0	500.0	1684.1654001413137	0.0	0	340.1994435517263	1884.165400141399	1	0	1	0.32240908375185084
122200.0	500.0	1684.1654001413021	0.0	0	130.9928483569238	1884.1654001414136	1	0	1	0.3224090837518494
123200.0	500.0	1684.1654001412983	0.0	0	400.4479472742678	1884.1654001414136	1	0	1	0.3224090837518494
124200.0	500.0	1684.1654001412965	0.0	0	494.4445298741048	1884.1654001414136	1	0	1	0.3224090837518494
125200.0	500.0	1684.1654001412878	0.0	0	516.8816318343597	1884.165400141399	1	0	1	0.32240908375185084
126200.0	500.0	1684.1654001412805	0.0	0	321.93983979176846	1884.165400141399	1	0	1	0.32240908375185084
127200.0	500.0	1684.165400141293	0.0	0	542.5788160739467	1884.1654001414136	1	0	1	0.3224090837518494
128268.41808866577	500.0	1508.9055026089238	0.0	0	0.0	1777.3235912748205	1	0	2	-0.07006001240434351
129200.0	500.0	1577.3235912747064	0.0	0	53.452375427499646	1777.3235912748205	1	0	1	0.1330932646385085
130200.0	500.0	1577.3235912747018	0.0	0	172.10130896468763	1777.3235912748205	1	0	1	0.3330932646385087
131225.9336267554	500.0	1551.389964519296	0.0	0	0.0	1777.323591274835	1	0	1	0.3330932646385084
132200.0	500.0	1577.323591274726	0.0	0	314.6851174441108	1777.3235912748642	1	0	1	0.3330932646385052
133527.5311389607	500.0	1249.7924523139898	0.0	0	0.0	1777.3235912748496	1	0	1	0.33309326463850575
134327.72521350608	500.0	1449.598377768638	0.0	0	0.0	1777.3235912748496	1	0	1	0.33309326463850575
135200.0	500.0	1577.3235912747189	0.0	0	373.6630256801145	1777.3235912748496	1	0	1	0.33309326463850575
136200.0	500.0	1577.3235912747343	0.0	0	686.4143915985769	1777.3235912748496	1	0	1	0.33309326463850575
137200.0	500.0	1577.323591274745	0.0	0	569.1441097650386	1777.3235912748496	1	0	1	0.33309326463850575
138200.0	500.0	1577.3235912747389	0.0	0	426.04834943817696	1777.3235912748496	1	0	1	0.33309326463850575
139200.0	500.0	1577.323591274768	0.0	0	533.7457162966311	1777.3235912748496	1	0	1	0.33309326463850575
140200.0	500.0	1577.32359127478	0.0	0	66.36407664776198	1777.3235912748787	1	0	1	0.3330932646385029
141200.0	500.0	1477.3235912748007	0.0	0	624.1829627229599	1677.3235912749078	1	0	2	-0.06090673536149867
142200.0	500.0	1477.3235912748034	0.0	0	477.4016148697701	1677.3235912749078	1	0	1	0.14309326463849975
143200.0	500.0	1477.3235912748123	0.0	0	561.0267311069474	1677.3235912748787	1	0	1	0.34309326463850287
144200.0	500.0	1477.3235912747857	0.0	0	468.2408899940201	1677.3235912748787	1	0	1	0.34309326463850287
145200.0	500.0	1477.3235912747577	0.0	0	505.7406689048221	1677.3235912749078	1	0	1	0.34309326463849993
146200.0	500.0	1477.3235912747728	0.0	0	374.2359907296777	1677.3235912749078	1	0	1	0.34309326463849993
147200.0	500.0	1477.3235912747698	0.0	0	348.9807070849347	1677.3235912749078	1	0	1	0.34309326463849993
148200.0	500.0	1477.3235912747814	0.0	0	415.0998052886571	1677.3235912749078	1	0	1	0.34309326463849993
149200.0	500.0	1477.3235912747682	0.0	0	551.1360777922091	1677.3235912748787	1	0	1	0.34309326463850287
150214.90791137185	1000.0	1462.4156799029038	0.0	0	0.0	1677.3235912748787	1	0	1	0.3430932646385029
151531.18894322618	1000.0	1146.1346480485483	0.0	0	0.0	1677.3235912748787	1	0	1	1.0362404451984484
152459.54256573936	1000.0	1217.7810255353688	0.0	0	0.0	1677.3235912748787	1	0	1	1.0362404451984484
153816.9327853397	1000.0	860.3908059350256	0.0	0	0.0	1677.3235912748787	1	0	1	1.0362404451984484
154468.47708623286	1000.0	1143.6920749525511	0.0	0	0.0	1612.169161185564	1	0	2	0.641311406214081
155200.0	500.0	1412.1691611854026	0.0	0	316.3768460578285	1612.169161185535	1	0	1	-0.5435384729125081
156200.0	500.0	1412.1691611854133	0.0	0	631.910060712602	1612.169161185564	1	0	1	0.34960870764743435
157200.0	500.0	1412.1691611854344	0.0	0	299.19962689618114	1612.169161185564	1	0	1	0.34960870764743435
158200.0	500.0	1412.169161185423	0.0	0	573.191964873462	1612.169161185564	1	0	1	0.34960870764743435
159200.0	500.0	1412.1691611853857	0.0	0	626.5903993214306	1612.169161185564	1	0	1	0.34960870764743435
160200.0	500.0	1412.1691611854137	0.0	0	493.21607645295444	1612.169161185564	1	0	1	0.34960870764743435
161200.0	500.0	1412.1691611854005	0.0	0	471.60424725926714	1612.169161185564	1	0	1	0.34960870764743435
162200.0	500.0	1412.1691611854146	0.0	0	241.46357175006415	1612.169161185564	1	0	1	0.34960870764743435
163200.0	500.0	1412.1691611854085	0.0	0	350.425767600158	1612.169161185564	1	0	1	0.34960870764743435
164200.0	500.0	1412.1691611853744	0.0	0	419.12827431887854	1612.169161185564	1	0	1	0.34960870764743435
165200.0	500.0	1412.1691611853703	0.0	0	481.27291212417185	1612.169161185564	1	0	1	0.34960870764743435
166200.0	500.0	1412.169161185391	0.0	0	558.4980851622822	1612.169161185593	1	0	1	0.3496087076474314
167200.0	500.0	1412.169161185401	0.0	0	563.1365646809863	1612.169161185593	1	0	1	0.3496087076474314
168200.0	500.0	1412.169161185403	0.0	0	529.0107569585089	1612.169161185593	1	0	1	0.3496087076474314
169200.0	500.0	1412.1691611853823	0.0	0	474.2048430618597	1612.169161185593	1	0	1	0.3496087076474314
170200.0	500.0	1412.1691611853767	0.0	0	407.751696614665	1612.169161185564	1	0	1	0.34960870764743435
171200.0	500.0	1412.1691611854012	0.0	0	595.984548942215	1612.169161185593	1	0	1	0.3496087076474314
172283.16580147194	1000.0	1329.0033597134532	0.0	0	0.0	1612.169161185593	1	0	1	0.34960870764743146
173679.9101660427	1000.0	932.2589951427146	0.0	0	0.0	1612.1691611856222	1	0	1	1.042755888207374
174848.50492907548	1000.0	763.6642321099183	0.0	0	0.0	1612.1691611856222	1	0	1	1.042755888207374
175686.47753836316	1000.0	925.6916228222442	0.0	0	0.0	1612.1691611856222	1	0	1	1.042755888207374
177176.23414418462	1000.0	435.9350170007941	0.0	0	0.0	1612.1691611856222	1	0	1	1.042755888207374
178790.0804573512	1000.0	217.15861360824428	395.0699097740341	0	0.0	2007.2390709594474	1	0	1	-1.3671705614142131
179376.97121136123	500.0	698.6735126632	68.40565306498706	0	0.0	2075.6447240244306	1	0	1	-0.8003199475863203
180256.51755528804	500.0	819.1271687364149	0.0	0	0.0	2075.6447240244597	1	0	1	0.3032611513635453
181000.29970078176	500.0	1075.345023242668	0.0	0	0.0	2075.6447240244597	1	0	1	0.30326115136354476
181536.38156976303	500.0	1539.2631542613956	0.0	0	0.0	2075.6447240244597	1	0	1	0.30326115136354476
182200.0	500.0	1875.6447240244272	0.0	0	97.97777596887317	2075.6447240244597	1	0	1	0.30326115136354476
183200.0	500.0	1875.6447240244477	0.0	0	556.888796160114	2075.644724024489	1	0	1	0.3032611513635418
184200.0	500.0	1875.6447240244456	0.0	0	551.6297305235348	2075.644724024489	1	0	1	0.3032611513635418
185200.0	500.0	1875.6447240244568	0.0	0	477.40725071096676	2075.644724024489	1	0	1	0.3032611513635418
186200.0	500.0	1875.6447240244527	0.0	0	378.82941611282877	2075.644724024489	1	0	1	0.3032611513635418
187385.22559350234	500.0	1690.4191305221075	0.0	0	0.0	2075.6447240244597	1	0	1	0.30326115136354415
188200.0	500.0	1875.6447240244363	0.0	0	139.88420967612183	2075.6447240244597	1	0	1	0.30326115136354476
189345.85751988782	500.0	1729.7872041366109	0.0	0	0.0	2075.6447240244597	1	0	1	0.30326115136354476
190200.0	500.0	1875.644724024424	0.0	0	193.72950030490756	2075.6447240244597	1	0	1	0.30326115136354476
191200.0	500.0	1875.6447240244026	0.0	0	155.1647975341766	2075.6447240244597	1	0	1	0.30326115136354476
192200.0	500.0	1875.644724024395	0.0	0	163.34380672333646	2075.6447240244597	1	0	1	0.30326115136354476
193200.0	500.0	1875.6447240243992	0.0	0	70.22159161127638	2075.6447240244597	1	0	1	0.30326115136354476
194453.35535862306	500.0	1622.28936540136	0.0	0	0.0	2075.6447240244597	1	0	1	0.30326115136354476
195334.38076239702	500.0	1741.263961627373	0.0	0	0.0	2075.6447240244306	1	0	1	0.30326115136354764
196200.0	500.0	1875.6447240244036	0.0	0	344.38793421481387	2075.6447240244306	1	0	1	0.30326115136354764
197200.0	500.0	1875.6447240244145	0.0	0	551.2403876219469	2075.6447240244306	1	0	1	0.30326115136354764
198200.0	500.0	1875.644724024426	0.0	0	641.5602143782307	2075.6447240244306	1	0	1	0.30326115136354764
199200.0	500.0	1875.6447240244195	0.0	0	471.00499641284114	2075.6447240244597	1	0	1	0.30326115136354476
200200.0	500.0	1875.644724024427	0.0	0	615.1785474990902	2075.6447240244597	1	0	1	0.30326115136354476
201200.0	500.0	1875.6447240244358	0.0	0	630.4779218426847	2075.6447240244597	1	0	1	0.30326115136354476
202200.0	500.0	1875.644724024446	0.0	0	386.5115319796314	2075.6447240244597	1	0	1	0.30326115136354476
203200.0	500.0	1875.6447240244229	0.0	0	499.1070197324152	2075.6447240244597	1	0	1	0.30326115136354476
204200.0	1000.0	1875.644724024421	0.0	0	98.74094718066044	2075.644724024489	1	0	1	0.3032611513635436
205222.4734368298	1000.0	1853.17128719458	0.0	0	0.0	2075.6447240244597	1	0	1	0.9964083319234884
206200.0	1000.0	1875.6447240243956	0.0	0	214.34235393436393	2075.6447240244597	1	0	1	0.9964083319234902
207200.0	1000.0	1875.6447240243872	0.0	0	236.39795004582265	2075.6447240244597	1	0	1	0.9964083319234902
208200.0	1000.0	1875.6447240243758	0.0	0	59.40101053955732	2075.644724024489	1	0	1	0.9964083319234873
209275.83139267852	1000.0	1799.8133313458416	0.0	0	0.0	2075.644724024489	1	0	1	0.9964083319234873
210200.0	1000.0	1783.2278632922685	0.0	0	10.29926829363103	1983.2278632923844	1	0	2	0.6036572409736247
211200.0	1000.0	1783.2278632922823	0.0	0	228.25934776384383	1983.2278632923844	1	0	1	0.8056500179966976
212200.0	1000.0	1683.227863292288	0.0	0	245.9015302307089	1883.2278632924135	1	0	2	0.6120873138980834
213231.92130019492	1000.0	1651.3065630973629	0.0	0	0.0	1883.2278632924135	1	0	1	0.8156500179966947
214258.9829080128	1000.0	1624.2449552794706	0.0	0	0.0	1883.2278632924135	1	0	1	1.0156500179966947
215242.00927460584	1000.0	1641.218588686445	0.0	0	0.0	1883.2278632924135	1	0	1	1.0156500179966947
216634.868105763	1000.0	1248.3597575292865	0.0	0	0.0	1883.2278632924135	1	0	1	1.0156500179966947
217270.31757491347	1000.0	1612.910288378815	0.0	0	0.0	1883.2278632924135	1	0	1	1.0156500179966947
218202.44157396257	1000.0	1680.786289329706	0.0	0	0.0	1883.2278632924135	1	0	1	1.0156500179966947
219200.0	1000.0	1683.227863292255	0.0	0	327.5431010690518	1883.2278632924135	1	0	1	1.0156500179966947
220503.73503029894	1000.0	1379.492832993341	0.0	0	0.0	1883.2278632924426	1	0	1	1.0156500179966925
221721.77284088405	1000.0	1161.4550224082113	0.0	0	0.0	1883.2278632924426	1	0	1	1.0156500179966919
223084.1566515334	1000.0	799.0712117588519	0.0	0	0.0	1883.2278632924135	1	0	1	1.0156500179966947
223835.56037067005	1000.0	1047.6674926221904	0.0	0	0.0	1883.2278632924135	1	0	1	1.0156500179966947
224831.58180153935	1000.0	1051.646061752896	0.0	0	0.0	1883.2278632924426	1	0	1	1.0156500179966919
225905.14629665215	1000.0	978.0815666400879	0.0	0	0.0	1883.2278632924426	1	0	1	1.0156500179966919
226448.18204046323	500.0	1435.0458228289988	0.0	0	0.0	1883.2278632924426	1	0	1	-0.3706443431231989
227200.0	500.0	1683.227863292216	0.0	0	162.2803811756312	1883.2278632924717	1	0	1	0.3225028374367436
228200.0	500.0	1683.2278632922266	0.0	0	368.97681425197516	1883.2278632924717	1	0	1	0.3225028374367436
229200.0	500.0	1683.2278632922314	0.0	0	363.7875320590683	1883.2278632925008	1	0	1	0.32250283743674063
230422.367812965	1000.0	1460.8600503272003	0.0	0	0.0	1883.2278632924717	1	0	1	0.32250283743674363
231200.0	1000.0	1605.4646445887035	0.0	0	77.91346842373605	1805.4646445889666	1	0	2	0.6209733248802529
232395.01344827976	1000.0	1410.4511963089435	0.0	0	0.0	1805.4646445889375	1	0	1	0.8234263398670411
233630.30062907096	1000.0	1175.164015517728	0.0	0	0.0	1805.4646445889375	1	0	1	1.0234263398670425
234240.16377471128	500.0	1565.3008698774095	0.0	0	0.0	1805.4646445889666	1	0	1	-0.36286802125285067
235200.0	500.0	1605.464644588708	0.0	0	99.86643961098162	1805.4646445889375	1	0	1	0.33027915930709517
236200.0	500.0	1605.4646445886908	0.0	0	417.2271761185548	1805.4646445889375	1	0	1	0.33027915930709695
237200.0	500.0	1605.464644588709	0.0	0	458.7775810844905	1805.4646445889375	1	0	1	0.33027915930709695
238200.0	500.0	1605.4646445887038	0.0	0	553.0280649362539	1805.4646445889375	1	0	1	0.33027915930709695
239200.0	500.0	1605.4646445886897	0.0	0	713.9059171497356	1805.4646445889375	1	0	1	0.33027915930709695
240200.0	500.0	1605.4646445886733	0.0	0	438.56132346281083	1805.4646445889084	1	0	1	0.33027915930709983
241200.0	500.0	1505.4646445886394	0.0	0	200.09610283086658	1705.4646445888502	1	0	2	-0.06309520948866464
242200.0	500.0	1505.4646445886137	0.0	0	217.28416545668733	1705.4646445888502	1	0	1	0.14027915930710552
243200.0	500.0	1505.4646445886385	0.0	0	117.92897880714736	1705.4646445888502	1	0	1	0.3402791593071057
244200.0	500.0	1505.46464458863	0.0	0	504.8651144243195	1705.4646445888502	1	0	1	0.3402791593071057
245200.0	500.0	1505.46464458865	0.0	0	592.1217006706283	1705.464644588821	1	0	1	0.3402791593071086
246200.0	500.0	1505.4646445886497	0.0	0	620.022784546949	1705.464644588792	1	0	1	0.3402791593071115
247200.0	500.0	1505.4646445886688	0.0	0	637.4089304915396	1705.464644588792	1	0	1	0.3402791593071115
248200.0	500.0	1505.4646445886776	0.0	0	617.3480032198713	1705.464644588792	1	0	1	0.3402791593071115
249200.0	500.0	1505.4646445887001	0.0	0	394.6746521789173	1705.464644588821	1	0	1	0.3402791593071086
250421.6237140132	1000.0	1283.8409305755456	0.0	0	0.0	1705.4646445888793	1	0	1	0.34027915930710406
251842.3293251113	1000.0	863.1353194774853	0.0	0	0.0	1705.4646445889084	1	0	1	1.0334263398670454
253261.78921841132	1000.0	443.6754261774727	0.0	0	0.0	1705.4646445889666	1	0	1	1.0334263398670414
254012.6499748495	500.0	692.8146697392879	0.0	0	0.0	1705.4646445889666	1	0	1	-0.3528680212528512
254429.05974660514	500.0	1276.40489798367	0.0	0	0.0	1705.4646445889666	1	0	1	0.34027915930709407
255200.0	500.0	1505.4646445888184	0.0	0	286.2158502386301	1705.4646445889957	1	0	1	0.34027915930709113
256200.0	500.0	1505.464644588786	0.0	0	581.4187824814871	1705.4646445889957	1	0	1	0.34027915930709113
257200.0	500.0	1505.4646445887586	0.0	0	575.7170545732661	1705.4646445889957	1	0	1	0.34027915930709113
258200.0	500.0	1505.4646445887754	0.0	0	259.63219738096814	1705.4646445889957	1	0	1	0.34027915930709113
259200.0	500.0	1505.4646445887627	0.0	0	164.86120172977098	1705.4646445889666	1	0	1	0.3402791593070923
260200.0	500.0	1505.464644588745	0.0	0	435.0734448978037	1705.4646445889666	1	0	1	0.34027915930709407
261200.0	500.0	1505.4646445887693	0.0	0	601.8046956146718	1705.4646445889666	1	0	1	0.34027915930709407
262200.0	500.0	1505.4646445887615	0.0	0	492.0542757330404	1705.4646445889666	1	0	1	0.34027915930709407
263388.696315373	500.0	1316.7683292157362	0.0	0	0.0	1705.4646445889375	1	0	1	0.34027915930709696
264200.0	500.0	1505.4646445887597	0.0	0	41.57170844671782	1705.4646445889957	1	0	1	0.3402791593070923
265200.0	500.0	1505.464644588769	0.0	0	623.0271861639922	1705.4646445889957	1	0	1	0.34027915930709113
266200.0	500.0	1505.4646445888295	0.0	0	234.93259559274884	1705.464644589054	1	0	1	0.3402791593070853
267200.0	500.0	1505.464644588834	0.0	0	463.15320983034326	1705.464644589054	1	0	1	0.3402791593070853
268200.0	500.0	1505.4646445888366	0.0	0	713.2043329867302	1705.4646445889957	1	0	1	0.34027915930709113
269200.0	500.0	1505.4646445888402	0.0	0	416.56004510069033	1705.4646445889957	1	0	1	0.34027915930709113
270980.0353460364	1000.0	725.429298552431	0.0	0	0.0	1705.4646445889375	1	0	1	0.34027915930709707
272078.81542561244	1000.0	626.6492189764249	0.0	0	0.0	1705.4646445889375	1	0	1	1.0334263398670425
272525.4090195078	500.0	1180.055625081055	0.0	0	0.0	1705.4646445889375	1	0	1	-0.35286802125284844
273200.0	500.0	1505.4646445889155	0.0	0	264.61672586842906	1705.4646445889375	1	0	1	0.34027915930709696
274200.0	500.0	1505.4646445889423	0.0	0	535.6628326803329	1705.4646445889375	1	0	1	0.34027915930709696
275200.0	500.0	1505.464644588954	0.0	0	417.53708213492064	1705.4646445889375	1	0	1	0.34027915930709696
276200.0	500.0	1505.464644588947	0.0	0	465.49935391690815	1705.4646445889375	1	0	1	0.34027915930709696
278073.0537723332	1000.0	632.4108722557773	0.0	0	0.0	1705.4646445888793	1	0	1	0.3402791593070982
280457.36937938863	1000.0	200.0	951.9047347996898	0	0.0	2657.369379388634	1	0	1	-4.749082170641936
281071.49822059297	500.0	662.6936430760638	76.82248428038105	0	0.0	2734.1918636690243	1	0	1	-0.9166756488431436
282033.2637071212	500.0	700.9281565477986	0.0	0	0.0	2734.1918636690243	1	0	1	0.2374064373990883
282879.5945207807	500.0	854.5973428882069	0.0	0	0.0	2734.191863668966	1	0	1	0.23740643739909412
283469.82705275546	500.0	1264.364810913563	0.0	0	0.0	2734.191863668966	1	0	1	0.23740643739909412
283959.1532087349	500.0	1775.0386549341351	0.0	0	0.0	2734.191863668966	1	0	1	0.23740643739909412
284265.4636128607	500.0	2438.097210395654	0.0	0	0.0	2703.5608232563245	1	0	2	-0.16029050701563624
285200.0	500.0	2503.5608232563604	0.0	0	446.7145048637176	2703.5608232563245	1	0	1	0.04046954144035808
286200.0	500.0	2403.5608232563623	0.0	0	380.9944726814283	2603.5608232563827	1	0	2	-0.15328962399227103
287200.0	500.0	2403.560823256332	0.0	0	234.9590183288674	2603.5608232563827	1	0	1	0.05046954144035223
288200.0	500.0	2303.560823256339	0.0	0	459.86647794168675	2503.5608232563827	1	0	2	-0.14346716157446293
289200.0	500.0	2203.560823256407	0.0	0	295.66060841764556	2403.560823256441	1	0	2	0.06696623778321308
290200.0	500.0	2103.5608232563577	0.0	0	452.5957377150189	2303.5608232563827	1	0	2	0.07666154337484965
291200.0	500.0	2003.560823256354	0.0	0	459.17272648768267	2203.560823256441	1	0	2	0.08662129870286091
292200.0	500.0	2003.5608232563782	0.0	0	494.014046438504	2203.560823256441	1	0	1	0.09046954144034647
293200.0	500.0	2003.5608232564018	0.0	0	576.1925540338852	2203.560823256499	1	0	1	0.2904695414403408
294200.0	500.0	2003.5608232564573	0.0	0	338.76398464420345	2203.5608232565573	1	0	1	0.290469541440335
295200.0	500.0	2003.5608232564618	0.0	0	622.0679436535574	2203.5608232566155	1	0	1	0.29046954144032916
296200.0	500.0	1903.5608232564834	0.0	0	528.2953166646184	2103.5608232566155	1	0	2	-0.10347615170698171
297200.0	500.0	1903.5608232564646	0.0	0	421.8305734526366	2103.5608232566155	1	0	1	0.10046954144032896
298200.0	500.0	1803.5608232565328	0.0	0	581.2605124035617	2003.5608232566155	1	0	2	-0.09353045855967235
299200.0	500.0	1703.5608232565305	0.0	0	412.90426902472973	1903.5608232564991	1	0	2	0.11662447877353865
300200.0	500.0	1703.5608232565683	0.0	0	417.12505231349496	1903.5608232564991	1	0	1	0.12046954144034061
1.41	1.51	1.02	0.98	1.37	1.03	0.79	0.89	0.96	0.98	1.02	1.24	1.22	1.34	0.97	1.14	1.42	1.29	0.66	1.04	1.0	0.98	0.61	0.61	0.78	0.66	0.82	0.97	1.16	1.3	1.05	0.93	0.57	0.61	0.45	0.8	0.81	0.69	0.58	0.53	0.57	0.92	1.08	1.14	1.19	1.26	1.74	1.12	1.19	1.26	1.22	1.04	1.01	1.04	1.12	0.87	1.24	1.2	1.07	1.3	1.1	0.93	1.03	1.52	1.42	0.97	0.83	0.8	0.97	1.19	1.01	1.24	1.12	0.95	1.02	0.71	1.14	1.12	0.87	0.93	0.82	0.76	1.2	1.27	1.83	1.19	0.72	0.85	0.73	0.83	1.32	1.38	1.46	1.54	0.92	1.0	0.8	0.82	0.75	0.82	1.08	1.0	1.18	0.76	0.76	0.86	1.29	1.22	0.52	0.64	1.15	0.85	1.23	1.54	1.24	0.83	0.61	0.83	1.34	1.14	0.93	1.18	0.67	0.52	0.64	0.42	0.64	0.5	0.52	1.02	1.54	1.08	0.86	0.87	0.59	1.11	1.04	1.14	0.97	0.9	1.11	0.87	1.03	1.55	1.0	0.89	0.92	0.72	0.73	1.16	1.41	1.51	1.02	0.98	1.37	1.03	0.79	0.89	0.96	0.98	1.02	1.24	1.22	1.34	0.97	1.14	1.42	1.29	0.66	1.04	1.0	0.98	0.61	0.61	0.78	0.66	0.82	0.97	1.16	1.3	1.05	0.93	0.57	0.61	0.45	0.8	0.81	0.69	0.58	0.53	0.57	0.92	1.08	1.14	1.19	1.26	1.74	1.12	1.19	1.26	1.22	1.04	1.01	1.04	1.12	0.87	1.24	1.2	1.07	1.3	1.1	0.93	1.03	1.52	1.42	0.97	0.83	0.8	0.97	1.19	1.01	1.24	1.12	0.95	1.02	0.71	1.14	1.12	0.87	0.93	0.82	0.76	1.2	1.27	1.83	1.19	0.72	0.85	0.73	0.83	1.32	1.38	1.46	1.54	0.92	1.0	0.8	0.82	0.75	0.82	1.08	1.0	1.18	0.76	0.76	0.86	1.29	1.22	0.52	0.64	1.15	0.85	1.23	1.54	1.24	0.83	0.61	0.83	1.34	1.14	0.93	1.18	0.67	0.52	0.64	0.42	0.64	0.5	0.52	1.02	1.54	1.08	0.86	0.87	0.59	1.11	1.04	1.14	0.97	0.9	1.11	0.87	1.03	1.55	1.0	0.89	0.92	0.72
1.0	2.0	3.0	4.0	5.0	6.0	7.0	8.0	9.0	10.0	11.0	12.0	13.0	14.0	15.0	16.0	17.0	18.0	19.0	20.0	21.0	22.0	23.0	24.0	25.0	26.0	27.0	28.0	29.0	30.0	31.0	32.0	33.0	34.0	35.0	36.0	37.0	38.0	39.0	40.0	41.0	42.0	43.0	44.0	45.0	46.0	47.0	48.0	49.0	50.0	51.0	52.0	53.0	54.0	55.0	56.0	57.0	58.0	59.0	60.0	61.0	62.0	63.0	64.0	65.0	66.0	67.0	68.0	69.0	70.0	71.0	72.0	73.0	74.0	75.0	76.0	77.0	78.0	79.0	80.0	81.0	82.0	83.0	84.0	85.0	86.0	87.0	88.0	89.0	90.0	91.0	92.0	93.0	94.0	95.0	96.0	97.0	98.0	99.0	100.0	101.0	102.0	103.0	104.0	105.0	106.0	107.0	108.0	109.0	110.0	111.0	112.0	113.0	114.0	115.0	116.0	117.0	118.0	119.0	120.0	121.0	122.0	123.0	124.0	125.0	126.0	127.0	128.0	129.0	130.0	131.0	132.0	133.0	134.0	135.0	136.0	137.0	138.0	139.0	140.0	141.0	142.0	143.0	144.0	145.0	146.0	147.0	148.0	149.0	149.0	150.0	151.0	152.0	153.0	154.0	155.0	156.0	157.0	158.0	159.0	160.0	161.0	162.0	163.0	164.0	165.0	166.0	167.0	168.0	169.0	170.0	171.0	172.0	173.0	174.0	175.0	176.0	177.0	178.0	179.0	180.0	181.0	182.0	183.0	184.0	185.0	186.0	187.0	188.0	189.0	190.0	191.0	192.0	193.0	194.0	195.0	196.0	197.0	198.0	199.0	200.0	201.0	202.0	203.0	204.0	205.0	206.0	207.0	208.0	209.0	210.0	211.0	212.0	213.0	214.0	215.0	216.0	217.0	218.0	219.0	220.0	221.0	222.0	223.0	224.0	225.0	226.0	227.0	228.0	229.0	230.0	231.0	232.0	233.0	234.0	235.0	236.0	237.0	238.0	239.0	240.0	241.0	242.0	243.0	244.0	245.0	246.0	247.0	248.0	249.0	250.0	251.0	252.0	253.0	254.0	255.0	256.0	257.0	258.0	259.0	260.0	261.0	262.0	263.0	264.0	265.0	266.0	267.0	268.0	269.0	270.0	271.0	272.0	273.0	274.0	275.0	276.0	277.0	278.0	279.0	280.0	281.0	282.0	283.0	284.0	285.0	286.0	287.0	288.0	289.0	290.0	291.0	292.0	293.0	294.0	295.0	296.0	297.0
4934.023423440568
