4581.100277354697	300.0	2000.0	238.0274134651701	0	0.0	4581.100277354697	1	0	1	-1.8807079412554837
4897.1054287873	300.0	2683.9948485673976	0.0	0	0.0	4581.100277354698	1	0	1	-0.4581100277354698
5173.231092414568	300.0	3380.256618577404	0.0	0	0.0	4553.487710991972	1	0	2	-0.8558556689641446
5506.528270006953	500.0	4013.629723225781	0.0	0	0.0	4520.157993232734	1	0	2	-0.6528524173296805
6200.0	500.0	4250.81082023343	0.0	0	273.23761085238857	4450.81082023343	1	0	2	-0.1372361316411327
7200.0	1000.0	4150.81082023343	0.0	0	384.60998798939545	4350.81082023343	1	0	2	-0.12800168836080245
9102.242958659177	1000.0	3058.343565708335	0.0	0	0.0	4160.586524367512	1	0	2	0.5833387507211747
9960.611058019751	1000.0	3114.1386564117033	0.0	0	0.0	4074.749714431454	1	0	2	0.5945013019247076
11066.979897148036	1000.0	2897.1329333705894	0.0	0	0.0	3964.112830518625	1	0	2	0.6048176508132213
12222.843894371154	1000.0	2625.682536425158	0.0	0	0.0	3848.5264307963116	1	0	2	0.6162582139110699
13237.882413286721	1000.0	2509.1401656180337	0.0	0	0.0	3747.0225789047563	1	0	2	0.6266768206736689
13924.79836562013	1000.0	2753.5326180512843	0.0	0	0.0	3678.330983671416	1	0	2	0.6342810357198755
14684.806743466745	1000.0	2917.5234024200104	0.0	0	0.0	3602.3301458867572	1	0	2	0.641890826903999
15510.311209412936	1000.0	3009.4684898792	0.0	0	0.0	3519.7796992921394	1	0	2	0.6499244979873005
16306.03797470106	1000.0	3134.169048062266	0.0	0	0.0	3440.2070227633285	1	0	2	0.6581841281019846
17200.0	1000.0	3150.8108202334283	0.0	0	420.29779822280034	3350.8108202334333	1	0	2	0.6652482839595388
18200.0	1000.0	3050.810820233433	0.0	0	482.668573937739	3250.810820233439	1	0	2	0.6750304449578575
19200.0	1000.0	2950.810820233439	0.0	0	423.72385002558804	3150.8108202334442	1	0	2	0.6850980726875389
20200.0	1000.0	2850.8108202334392	0.0	0	100.34443733251464	3050.8108202334406	1	0	2	0.6957032861027445
21200.0	1000.0	2750.8108202334397	0.0	0	294.22379634444223	2950.8108202334333	1	0	2	0.7052655565263101
22200.0	1000.0	2650.8108202334342	0.0	0	257.7382045110862	2850.8108202334224	1	0	2	0.715255321284838
23200.0	1000.0	2550.810820233435	0.0	0	402.05013729782877	2750.810820233415	1	0	2	0.7250800893823968
24200.0	1000.0	2550.810820233437	0.0	0	376.5277824001387	2750.810820233415	1	0	1	0.7288917223025946
25200.0	1000.0	2450.8108202334392	0.0	0	561.4871724642035	2650.8108202334115	1	0	2	0.5349197118897908
26200.0	1000.0	2350.81082023344	0.0	0	245.773929046165	2550.8108202334115	1	0	2	0.7453225594353269
27200.0	1000.0	2350.8108202334392	0.0	0	303.88001149109914	2550.8108202334115	1	0	1	0.7488917223025948
28200.0	1000.0	2350.8108202334392	0.0	0	170.90669252855878	2550.810820233415	1	0	1	0.9488917223025948
29200.0	1000.0	2350.810820233436	0.0	0	366.19309180329947	2550.810820233415	1	0	1	0.9488917223025948
30200.0	1000.0	2250.8108202334356	0.0	0	499.3953163173901	2450.8108202334224	1	0	2	0.5549741982966303
31200.0	1000.0	2250.8108202334383	0.0	0	381.894291810142	2450.8108202334224	1	0	1	0.7588917223025937
32200.0	1000.0	2250.8108202334365	0.0	0	315.3302657571403	2450.8108202334224	1	0	1	0.9588917223025939
33200.0	1000.0	2250.810820233435	0.0	0	326.89025188520463	2450.810820233419	1	0	1	0.958891722302594
34200.0	1000.0	2250.810820233425	0.0	0	465.7173703629378	2450.810820233408	1	0	1	0.9588917223025951
35248.52890067323	1000.0	2202.2819195601987	0.0	0	0.0	2450.8108202334115	1	0	1	0.9588917223025952
36317.89254454257	1000.0	2025.9819113039284	0.0	0	0.0	2343.8744558464823	1	0	2	0.5674527146832588
37200.0	1000.0	2143.874455846497	0.0	0	49.01352453675645	2343.8744558464823	1	0	1	0.7695853587412878
38200.0	1000.0	2043.8744558464991	0.0	0	14.132765669332002	2243.8744558464823	1	0	2	0.5769746713572479
39308.62786804406	1000.0	1935.2465878024466	0.0	0	0.0	2243.8744558464823	1	0	1	0.7795853587412878
40351.053025981775	1000.0	1892.82142986473	0.0	0	0.0	2243.8744558464823	1	0	1	0.9795853587412879
41231.734446798204	1000.0	2012.1400090482978	0.0	0	0.0	2243.8744558464823	1	0	1	0.9795853587412879
42200.0	1000.0	2043.8744558464946	0.0	0	396.06615151535516	2243.8744558464823	1	0	1	0.9795853587412879
43200.0	1000.0	2043.874455846496	0.0	0	438.07795271492796	2243.874455846475	1	0	1	0.9795853587412886
44200.0	1000.0	2043.8744558465019	0.0	0	258.7152993941345	2243.8744558464823	1	0	1	0.9795853587412879
45200.0	1000.0	2043.8744558464978	0.0	0	63.276611585053615	2243.8744558464823	1	0	1	0.9795853587412879
46200.0	1000.0	2043.8744558464978	0.0	0	198.3700559247809	2243.8744558464823	1	0	1	0.9795853587412879
47200.0	1000.0	2043.8744558465032	0.0	0	370.05516717435967	2243.8744558464823	1	0	1	0.9795853587412879
48200.0	1000.0	2043.8744558465105	0.0	0	360.0535475376237	2243.874455846475	1	0	1	0.9795853587412886
49200.0	1000.0	2043.8744558465169	0.0	0	9.61347620527522	2243.874455846475	1	0	1	0.9795853587412886
50330.707550836116	1000.0	1913.1669050104097	0.0	0	0.0	2243.874455846475	1	0	1	0.9795853587412886
51200.0	1000.0	2043.8744558465269	0.0	0	65.28539082772477	2243.8744558464678	1	0	1	0.9795853587412895
52200.0	1000.0	1943.8744558465253	0.0	0	229.588676719286	2143.8744558464605	1	0	2	0.5860134939444017
53200.0	1000.0	1943.8744558465228	0.0	0	202.44757462746202	2143.8744558464605	1	0	1	0.78958535874129
54200.0	1000.0	1943.8744558465205	0.0	0	184.29146825023054	2143.8744558464605	1	0	1	0.9895853587412902
55200.0	1000.0	1943.87445584652	0.0	0	383.77550575939676	2143.8744558464605	1	0	1	0.9895853587412902
56200.0	1000.0	1943.874455846526	0.0	0	533.2370202459133	2143.8744558464605	1	0	1	0.9895853587412902
57200.0	1000.0	1943.8744558465273	0.0	0	576.9616279853362	2143.8744558464605	1	0	1	0.9895853587412902
58200.0	1000.0	1943.8744558465285	0.0	0	92.11435874789458	2143.8744558464605	1	0	1	0.9895853587412902
59200.0	1000.0	1943.8744558465269	0.0	0	319.4018153120487	2143.8744558464605	1	0	1	0.9895853587412902
60200.0	1000.0	1943.8744558465269	0.0	0	660.9566919389617	2143.874455846453	1	0	1	0.9895853587412908
61200.0	1000.0	1943.8744558465319	0.0	0	291.93575097418216	2143.874455846453	1	0	1	0.9895853587412908
62692.29037875804	2000.0	1451.584077088485	0.0	0	0.0	2143.874455846453	1	0	1	0.9895853587412908
63386.49929058025	1000.0	1757.3751652662745	0.0	0	0.0	2143.874455846453	1	0	1	0.2964381781813457
64200.0	1000.0	1943.8744558465137	0.0	0	50.360210511607875	2143.874455846453	1	0	1	0.9895853587412908
65200.0	1000.0	1943.8744558465178	0.0	0	345.08188301131304	2143.8744558464605	1	0	1	0.9895853587412902
66200.0	1000.0	1943.8744558465087	0.0	0	348.4165112627379	2143.874455846453	1	0	1	0.9895853587412906
67200.0	1000.0	1943.8744558465219	0.0	0	33.21052215137752	2143.8744558464678	1	0	1	0.9895853587412903
68200.0	1000.0	1943.8744558465203	0.0	0	199.51802238098753	2143.8744558464678	1	0	1	0.9895853587412894
69200.0	1000.0	1943.8744558465196	0.0	0	423.2245846262522	2143.8744558464823	1	0	1	0.989585358741288
70277.30249549942	1000.0	1866.5719603470964	0.0	0	0.0	2143.8744558464823	1	0	1	0.989585358741288
71200.0	1000.0	1943.8744558465228	0.0	0	367.5278409091843	2143.8744558464823	1	0	1	0.989585358741288
72200.0	1000.0	1943.8744558465291	0.0	0	200.5072915404453	2143.8744558464823	1	0	1	0.989585358741288
73200.0	1000.0	1943.874455846526	0.0	0	299.572951193637	2143.8744558464823	1	0	1	0.989585358741288
74200.0	1000.0	1943.8744558465346	0.0	0	334.83851568523096	2143.8744558464823	1	0	1	0.989585358741288
75200.0	1000.0	1943.8744558465455	0.0	0	476.240149432022	2143.8744558464823	1	0	1	0.989585358741288
76200.0	1000.0	1943.8744558465605	0.0	0	650.5015112833353	2143.8744558464823	1	0	1	0.989585358741288
77200.0	1000.0	1943.8744558465535	0.0	0	198.85058271783055	2143.8744558464823	1	0	1	0.989585358741288
78200.0	1000.0	1943.8744558465605	0.0	0	408.85060090143816	2143.874455846497	1	0	1	0.9895853587412864
79200.0	1000.0	1943.8744558465396	0.0	0	532.3245815221453	2143.874455846497	1	0	1	0.9895853587412864
80200.0	1000.0	1943.8744558465378	0.0	0	475.29581299646816	2143.874455846497	1	0	1	0.9895853587412864
81200.0	1000.0	1943.8744558465391	0.0	0	367.1538146316452	2143.874455846497	1	0	1	0.9895853587412864
82200.0	1000.0	1843.8744558465407	0.0	0	358.6211506950349	2043.8744558464969	1	0	2	0.5958252938862592
83200.0	1000.0	1843.874455846544	0.0	0	436.69276250567054	2043.8744558464969	1	0	1	0.7995853587412862
84200.0	1000.0	1843.8744558465607	0.0	0	163.5849212809553	2043.8744558464969	1	0	1	0.9995853587412864
85200.0	1000.0	1843.8744558465464	0.0	0	217.5942923660914	2043.8744558464969	1	0	1	0.9995853587412864
86200.0	1000.0	1843.874455846538	0.0	0	562.5274333215639	2043.8744558464969	1	0	1	0.9995853587412864
87200.0	1000.0	1743.8744558465323	0.0	0	534.4389115225204	1943.8744558464969	1	0	2	0.605669012679124
88200.0	1000.0	1743.8744558465269	0.0	0	460.29296908169636	1943.8744558464969	1	0	1	0.8095853587412862
89200.0	1000.0	1743.8744558465164	0.0	0	210.08854212360166	1943.8744558464969	1	0	1	1.0095853587412864
90200.0	1000.0	1743.8744558465205	0.0	0	235.65978524077218	1943.8744558464969	1	0	1	1.0095853587412864
91200.0	1000.0	1743.874455846519	0.0	0	389.0321656579763	1943.8744558464969	1	0	1	1.0095853587412864
92200.0	1000.0	1743.8744558465157	0.0	0	413.21339858256397	1943.8744558465114	1	0	1	1.009585358741285
93200.0	1000.0	1743.8744558465191	0.0	0	29.206267277273582	1943.874455846526	1	0	1	1.0095853587412835
94200.0	1000.0	1743.8744558465137	0.0	0	26.447980872442713	1943.874455846526	1	0	1	1.0095853587412835
95200.0	1000.0	1743.8744558465144	0.0	0	365.3697320537467	1943.874455846526	1	0	1	1.0095853587412835
96200.0	1000.0	1743.874455846515	0.0	0	201.05165367558948	1943.874455846526	1	0	1	1.0095853587412835
97200.0	1000.0	1743.874455846506	0.0	0	18.863117599961697	1943.874455846526	1	0	1	1.0095853587412835
98491.05290781378	1000.0	1452.8215480327367	0.0	0	0.0	1943.874455846526	1	0	1	1.0095853587412835
99238.57790025201	1000.0	1705.2965555945	0.0	0	0.0	1943.8744558465114	1	0	1	1.009585358741285
100256.59104340638	1000.0	1687.2834124401263	0.0	0	0.0	1943.8744558464969	1	0	1	1.0095853587412864
101200.0	1000.0	1743.8744558465073	0.0	0	282.57551805079856	1943.8744558464823	1	0	1	1.009585358741288
102200.0	1000.0	1743.8744558465157	0.0	0	306.2941940934543	1943.8744558464823	1	0	1	1.009585358741288
103200.0	1000.0	1743.874455846529	0.0	0	346.79515396559145	1943.8744558464823	1	0	1	1.009585358741288
104200.0	1000.0	1743.8744558465173	0.0	0	390.2422728984384	1943.8744558464678	1	0	1	1.0095853587412893
105200.0	1000.0	1743.874455846519	0.0	0	310.7011684716126	1943.8744558464678	1	0	1	1.0095853587412893
106200.0	1000.0	1743.8744558465041	0.0	0	416.080372718905	1943.8744558464678	1	0	1	1.0095853587412893
107200.0	1000.0	1743.8744558464932	0.0	0	557.2726827339211	1943.8744558464678	1	0	1	1.0095853587412893
108200.0	1000.0	1743.8744558465005	0.0	0	462.5003349190665	1943.8744558464678	1	0	1	1.0095853587412893
109200.0	1000.0	1743.874455846502	0.0	0	606.5278500690474	1943.8744558464532	1	0	1	1.0095853587412909
110200.0	1000.0	1743.8744558464978	0.0	0	280.87680375568743	1943.8744558464532	1	0	1	1.0095853587412909
111432.79172569	1000.0	1511.0827301565096	0.0	0	0.0	1943.8744558464532	1	0	1	1.0095853587412909
112200.0	1000.0	1743.8744558464984	0.0	0	0.6762278799869819	1943.8744558464532	1	0	1	1.0095853587412909
113200.0	1000.0	1743.8744558464887	0.0	0	497.3106529744837	1943.8744558464678	1	0	1	1.0095853587412893
114200.0	1000.0	1743.874455846506	0.0	0	303.6161773706408	1943.8744558464678	1	0	1	1.0095853587412893
115200.0	1000.0	1743.8744558465023	0.0	0	315.05866841151146	1943.8744558464678	1	0	1	1.0095853587412893
116200.0	1000.0	1743.874455846488	0.0	0	260.3668567612913	1943.8744558464678	1	0	1	1.0095853587412893
117200.0	1000.0	1743.8744558464803	0.0	0	295.66508611834433	1943.8744558464678	1	0	1	1.0095853587412893
118200.0	1000.0	1743.8744558464737	0.0	0	282.829412358813	1943.8744558464678	1	0	1	1.0095853587412893
119200.0	1000.0	1743.8744558464732	0.0	0	441.93594954862783	1943.8744558464678	1	0	1	1.0095853587412893
120200.0	1000.0	1743.874455846469	0.0	0	370.36463707593794	1943.8744558464532	1	0	1	1.0095853587412909
121200.0	1000.0	1743.87445584646	0.0	0	461.61058406124357	1943.8744558464532	1	0	1	1.0095853587412909
122200.0	1000.0	1743.874455846463	0.0	0	20.67813128097623	1943.8744558464532	1	0	1	1.0095853587412909
123200.0	1000.0	1743.8744558464773	0.0	0	384.56587993235735	1943.8744558464678	1	0	1	1.0095853587412893
124200.0	1000.0	1643.8744558464832	0.0	0	380.76708161651914	1843.8744558464823	1	0	2	0.6157700339822277
125200.0	1000.0	1643.8744558464798	0.0	0	293.9949943434185	1843.8744558464823	1	0	1	0.8195853587412878
126200.0	1000.0	1643.8744558464664	0.0	0	122.73976124786714	1843.8744558464823	1	0	1	1.019585358741288
127200.0	1000.0	1643.874455846455	0.0	0	130.5326270312653	1843.8744558464823	1	0	1	1.019585358741288
128200.0	1000.0	1643.8744558464437	0.0	0	399.6961737927195	1843.8744558464678	1	0	1	1.0195853587412893
129200.0	1000.0	1643.8744558464382	0.0	0	471.3119014080148	1843.8744558464678	1	0	1	1.0195853587412893
130200.0	1000.0	1543.874455846437	0.0	0	547.0522301733145	1743.8744558464678	1	0	2	0.625664297637718
131200.0	1000.0	1443.8744558464427	0.0	0	353.58456270743045	1643.8744558464823	1	0	2	0.8357833106142919
132200.0	1000.0	1443.8744558464684	0.0	0	170.70195231342223	1643.874455846526	1	0	1	0.839585358741284
133200.0	1000.0	1443.8744558464832	0.0	0	575.8289740192122	1643.874455846555	1	0	1	1.0395853587412813
134200.0	1000.0	1443.8744558464539	0.0	0	543.6916026359831	1643.874455846555	1	0	1	1.0395853587412807
135200.0	1000.0	1443.8744558464434	0.0	0	564.7563452499744	1643.874455846555	1	0	1	1.0395853587412807
136200.0	1000.0	1443.874455846476	0.0	0	513.1049118884257	1643.8744558465842	1	0	1	1.0395853587412778
137200.0	1000.0	1443.8744558464666	0.0	0	267.82405589681	1643.8744558465842	1	0	1	1.0395853587412778
138200.0	1000.0	1443.8744558464932	0.0	0	210.8117571149487	1643.8744558465842	1	0	1	1.0395853587412778
139200.0	1000.0	1443.8744558465125	0.0	0	370.4865012677037	1643.8744558466133	1	0	1	1.039585358741275
140200.0	1000.0	1443.8744558465255	0.0	0	57.88810202712193	1643.8744558466133	1	0	1	1.039585358741275
141200.0	1000.0	1443.8744558465567	0.0	0	430.1377466717677	1643.8744558466424	1	0	1	1.039585358741272
142200.0	1000.0	1443.87445584655	0.0	0	600.4020615024492	1643.8744558466715	1	0	1	1.039585358741269
143200.0	1000.0	1443.874455846541	0.0	0	157.17821844480932	1643.8744558466424	1	0	1	1.039585358741272
144213.38323433287	1000.0	1430.491221513693	0.0	0	0.0	1643.8744558466715	1	0	1	1.039585358741269
145200.0	1000.0	1443.874455846552	0.0	0	464.0808926434547	1643.8744558466715	1	0	1	1.039585358741269
146200.0	1000.0	1443.874455846555	0.0	0	465.57948960681097	1643.8744558467006	1	0	1	1.039585358741266
147200.0	1000.0	1443.8744558465762	0.0	0	37.74984368411242	1643.8744558467006	1	0	1	1.039585358741266
148338.98588423472	1000.0	1304.88857161184	0.0	0	0.0	1643.8744558467006	1	0	1	1.039585358741266
149229.51685518833	1000.0	1414.3576006582232	0.0	0	0.0	1643.8744558467006	1	0	1	1.039585358741266
150200.0	1000.0	1443.8744558465503	0.0	0	336.6964176679903	1643.8744558467006	1	0	1	1.039585358741266
151200.0	1000.0	1443.8744558465123	0.0	0	609.7274511147116	1643.8744558467006	1	0	1	1.039585358741266
152200.0	1000.0	1443.8744558465062	0.0	0	644.9743574251479	1643.8744558467006	1	0	1	1.039585358741266
153200.0	1000.0	1443.8744558465075	0.0	0	653.9189180156973	1643.8744558467006	1	0	1	1.039585358741266
154200.0	1000.0	1443.874455846508	0.0	0	67.82888328534318	1643.8744558467297	1	0	1	1.0395853587412631
155200.0	1000.0	1443.8744558465178	0.0	0	286.44925425056135	1643.8744558467006	1	0	1	1.0395853587412638
158243.0458254932	2000.0	200.0	799.1713696466777	0	0.0	2443.045825493202	1	0	1	-3.791156116501591
159061.10275674774	1000.0	579.1501686554782	197.20709990999038	0	0.0	2640.2529254031833	1	0	1	-0.9364422682342692
160404.77991964621	1000.0	302.05878126039227	66.58577550335826	0	0.0	2706.838700906548	1	0	1	0.5337742812151318
161252.50358897285	1000.0	560.4136801981447	106.07856826438518	0	0.0	2812.9172691709246	1	0	1	0.2862096678225326
162384.46939299777	1000.0	428.4478761731983	0.0	0	0.0	2812.9172691708955	1	0	1	0.9226810774088466
163090.4221396532	1000.0	722.4951295177677	0.0	0	0.0	2812.9172691708663	1	0	1	0.9226810774088495
163856.09059550168	1000.0	956.826673669271	0.0	0	0.0	2812.9172691708372	1	0	1	0.9226810774088524
164617.74123092438	1000.0	1195.1760382465663	0.0	0	0.0	2812.9172691708372	1	0	1	0.9226810774088524
165251.94253067512	1000.0	1560.9747384958046	0.0	0	0.0	2812.9172691708372	1	0	1	0.9226810774088524
165833.69634231823	1000.0	1979.220926852714	0.0	0	0.0	2812.9172691708372	1	0	1	0.9226810774088524
166269.04743537866	1000.0	2500.334724486248	0.0	0	0.0	2769.382159864763	1	0	2	0.5260854416040399
167200.0	1000.0	2476.286903402831	0.0	0	524.744035384676	2676.2869034026517	1	0	2	0.7324814313839615
168200.0	1000.0	2376.286903402865	0.0	0	156.55095068723313	2576.2869034026517	1	0	2	0.7431564107038063
169200.0	1000.0	2276.2869034028513	0.0	0	402.24375835841056	2476.2869034026808	1	0	2	0.7525624129710858
170200.0	1000.0	2176.2869034028645	0.0	0	184.52473247793387	2376.2869034026808	1	0	2	0.7629129314553186
171200.0	1000.0	2176.286903402869	0.0	0	52.033930094359675	2376.2869034026808	1	0	1	0.7663441139856679
172200.0	1000.0	2176.2869034028795	0.0	0	133.0152509874606	2376.2869034026808	1	0	1	0.9663441139856658
173200.0	1000.0	2076.2869034028654	0.0	0	401.99573492933996	2276.2869034026517	1	0	2	0.5725346998396106
174200.0	1000.0	1976.286903402834	0.0	0	591.8902872391627	2176.2869034026226	1	0	2	0.7823441139856714
175200.0	1000.0	1976.2869034028581	0.0	0	392.28646778780967	2176.2869034026226	1	0	1	0.7863441139856737
176200.0	1000.0	1876.2869034028815	0.0	0	205.72417972210678	2076.2869034026808	1	0	2	0.5928478186735444
177200.0	1000.0	1776.2869034028658	0.0	0	257.91513892196235	1976.2869034026517	1	0	2	0.8027631606565002
178200.0	1000.0	1776.2869034028577	0.0	0	404.63626515414217	1976.2869034026517	1	0	1	0.8063441139856709
179200.0	1000.0	1776.2869034028654	0.0	0	309.52902632165933	1976.2869034026226	1	0	1	1.006344113985674
180200.0	1000.0	1776.2869034028972	0.0	0	404.4525658702187	1976.2869034026226	1	0	1	1.006344113985674
181200.0	1000.0	1776.2869034028909	0.0	0	268.3589514498599	1976.2869034025935	1	0	1	1.0063441139856746
182200.0	1000.0	1776.2869034029125	0.0	0	244.1209605562908	1976.2869034026226	1	0	1	1.006344113985674
183200.0	1000.0	1776.2869034028918	0.0	0	399.8056869773718	1976.2869034026226	1	0	1	1.006344113985674
184200.0	1000.0	1776.2869034028924	0.0	0	169.5303168798273	1976.2869034026226	1	0	1	1.006344113985674
185338.66369569127	1000.0	1637.6232077116226	0.0	0	0.0	1976.2869034026226	1	0	1	1.006344113985674
186362.7535160968	1000.0	1613.533387306143	0.0	0	0.0	1976.2869034026226	1	0	1	1.006344113985674
187200.0	1000.0	1776.2869034029463	0.0	0	223.63416873922688	1976.2869034026226	1	0	1	1.006344113985674
188455.1766318172	1000.0	1521.110271585733	0.0	0	0.0	1976.2869034026226	1	0	1	1.006344113985674
189907.12327066693	1000.0	1069.1636327360068	0.0	0	0.0	1976.2869034026226	1	0	1	1.006344113985674
190823.65261783058	1000.0	1152.634285572355	0.0	0	0.0	1976.2869034025935	1	0	1	1.0063441139856768
191375.7125667312	1000.0	1600.574336671731	0.0	0	0.0	1976.2869034026226	1	0	1	1.006344113985674
192200.0	1000.0	1776.2869034029654	0.0	0	48.944668093987275	1976.2869034026808	1	0	1	1.0063441139856704
193200.0	1000.0	1776.2869034029893	0.0	0	464.58072456353693	1976.2869034026808	1	0	1	1.0063441139856681
194200.0	1000.0	1676.2869034029693	0.0	0	250.2106725530466	1876.2869034026226	1	0	2	0.6127486583907185
195200.0	1000.0	1676.2869034029711	0.0	0	184.43863506783964	1876.2869034026226	1	0	1	0.8163441139856737
196200.0	1000.0	1676.2869034029768	0.0	0	282.173168523208	1876.2869034026226	1	0	1	1.016344113985674
197200.0	1000.0	1676.2869034029763	0.0	0	87.05741551631945	1876.2869034026226	1	0	1	1.016344113985674
198200.0	1000.0	1676.2869034029486	0.0	0	248.67323042819044	1876.2869034026226	1	0	1	1.016344113985674
199395.8142654229	1000.0	1480.4726379800172	0.0	0	0.0	1876.2869034026226	1	0	1	1.016344113985674
200273.8896170404	1000.0	1602.3972863625415	0.0	0	0.0	1876.2869034026226	1	0	1	1.016344113985674
201200.0	1000.0	1676.2869034029443	0.0	0	74.48424362562946	1876.2869034026226	1	0	1	1.016344113985674
202200.0	1000.0	1676.2869034029366	0.0	0	187.67347997022443	1876.2869034025935	1	0	1	1.0163441139856768
203200.0	1000.0	1676.286903402923	0.0	0	319.17058440324035	1876.2869034025935	1	0	1	1.0163441139856768
204200.0	1000.0	1676.2869034029115	0.0	0	311.0657504419796	1876.2869034025935	1	0	1	1.0163441139856768
205200.0	1000.0	1676.286903402914	0.0	0	553.3309723317798	1876.2869034025935	1	0	1	1.0163441139856768
206200.0	1000.0	1676.2869034028768	0.0	0	347.6476850566687	1876.2869034025643	1	0	1	1.0163441139856797
207200.0	1000.0	1576.2869034028768	0.0	0	107.92005799509934	1776.2869034025643	1	0	2	0.6232811959100082
208200.0	1000.0	1576.286903402856	0.0	0	442.8224622007692	1776.2869034025352	1	0	1	0.8263441139856825
209200.0	1000.0	1576.2869034028868	0.0	0	480.6219147045922	1776.2869034025352	1	0	1	1.0263441139856826
210200.0	1000.0	1576.286903402882	0.0	0	433.787193953729	1776.2869034025352	1	0	1	1.0263441139856826
212106.4611915055	2000.0	669.8257118973517	0.0	0	0.0	1776.2869034025061	1	0	1	1.0263441139856848
212595.7593950106	1000.0	1180.527508392276	0.0	0	0.0	1776.2869034025061	1	0	1	0.3331969334257404
213289.57497508227	1000.0	1486.7119283206082	0.0	0	0.0	1776.2869034025061	1	0	1	1.026344113985684
214200.0	1000.0	1576.2869034028881	0.0	0	294.662240745849	1776.2869034025061	1	0	1	1.0263441139856857
215200.0	1000.0	1576.2869034029113	0.0	0	325.50897835046635	1776.2869034025352	1	0	1	1.0263441139856826
216200.0	1000.0	1576.2869034028865	0.0	0	176.50048167360364	1776.2869034025352	1	0	1	1.0263441139856826
217200.0	1000.0	1576.2869034028704	0.0	0	204.3492522383167	1776.2869034025061	1	0	1	1.0263441139856857
218200.0	1000.0	1476.2869034028786	0.0	0	403.8595767802326	1676.2869034025352	1	0	2	0.6325057284678506
219200.0	1000.0	1476.286903402875	0.0	0	49.38431719582877	1676.2869034025061	1	0	1	0.8363441139856854
220200.0	1000.0	1476.2869034028863	0.0	0	496.1092272125825	1676.2869034025352	1	0	1	1.0363441139856828
221222.03969407702	1000.0	1454.2472093258866	0.0	0	0.0	1676.2869034025352	1	0	1	1.0363441139856828
222200.0	1000.0	1476.2869034028656	0.0	0	280.4555876417726	1676.2869034025352	1	0	1	1.0363441139856828
223200.0	1000.0	1476.2869034028415	0.0	0	248.39853513988783	1676.2869034025352	1	0	1	1.0363441139856828
224200.0	1000.0	1476.2869034028533	0.0	0	273.03348887941684	1676.2869034025352	1	0	1	1.0363441139856828
225200.0	1000.0	1476.2869034028506	0.0	0	577.477139056311	1676.2869034025352	1	0	1	1.0363441139856828
226200.0	1000.0	1476.2869034028654	0.0	0	406.9479089450906	1676.2869034025352	1	0	1	1.0363441139856828
227200.0	1000.0	1476.2869034028513	0.0	0	233.8930232449202	1676.2869034025061	1	0	1	1.0363441139856857
228200.0	1000.0	1476.286903402841	0.0	0	300.75381654824014	1676.286903402477	1	0	1	1.0363441139856862
229200.0	1000.0	1476.286903402858	0.0	0	473.77401543970336	1676.286903402477	1	0	1	1.0363441139856886
230200.0	1000.0	1476.286903402846	0.0	0	525.4410982462578	1676.286903402448	1	0	1	1.0363441139856915
231200.0	1000.0	1476.2869034028347	0.0	0	565.0491177732183	1676.286903402448	1	0	1	1.0363441139856915
232200.0	1000.0	1476.2869034028224	0.0	0	406.8296044806775	1676.2869034024188	1	0	1	1.0363441139856944
233200.0	1000.0	1476.2869034028336	0.0	0	51.60367317046621	1676.2869034023606	1	0	1	1.0363441139856977
234200.0	1000.0	1476.2869034028436	0.0	0	220.7001859030279	1676.2869034023897	1	0	1	1.0363441139856997
235200.0	1000.0	1476.2869034028383	0.0	0	444.42493074416416	1676.2869034023606	1	0	1	1.0363441139857001
236200.0	1000.0	1476.2869034028272	0.0	0	472.3441624066909	1676.2869034023897	1	0	1	1.036344113985697
237200.0	1000.0	1476.2869034028013	0.0	0	372.21288298643776	1676.2869034023897	1	0	1	1.036344113985697
238200.0	1000.0	1476.2869034027553	0.0	0	150.97578247933416	1676.2869034023606	1	0	1	1.0363441139857001
239200.0	1000.0	1476.2869034027897	0.0	0	367.7296643455047	1676.2869034023897	1	0	1	1.0363441139856997
240200.0	1000.0	1476.2869034027954	0.0	0	494.508620708948	1676.2869034023606	1	0	1	1.0363441139857001
241200.0	1000.0	1476.286903402823	0.0	0	322.3815238342504	1676.2869034023606	1	0	1	1.0363441139857001
242200.0	1000.0	1476.2869034028058	0.0	0	194.31766937594512	1676.2869034023315	1	0	1	1.0363441139857008
243200.0	1000.0	1476.2869034028113	0.0	0	363.4421177704353	1676.2869034023024	1	0	1	1.036344113985706
244200.0	1000.0	1476.2869034027842	0.0	0	263.19479146858794	1676.2869034022733	1	0	1	1.0363441139857066
245346.5172024132	1000.0	1329.7697009895678	0.0	0	0.0	1676.2869034022733	1	0	1	1.0363441139857088
246884.76359119973	1000.0	791.5233122030564	0.0	0	0.0	1676.2869034022733	1	0	1	1.0363441139857088
247957.85335610065	1000.0	718.4335473021348	0.0	0	0.0	1676.2869034022733	1	0	1	1.0363441139857088
249039.48620857584	1000.0	636.8006948269776	0.0	0	0.0	1676.2869034022733	1	0	1	1.0363441139857088
249524.7322152943	1000.0	1151.5546881084847	0.0	0	0.0	1676.2869034022733	1	0	1	1.0363441139857088
250200.0	1000.0	1476.2869034027622	0.0	0	115.45519017457264	1676.2869034022733	1	0	1	1.0363441139857088
251200.0	1000.0	1476.286903402749	0.0	0	364.39387178001925	1676.2869034022733	1	0	1	1.0363441139857088
252200.0	1000.0	1476.2869034027754	0.0	0	519.1570647354529	1676.2869034022733	1	0	1	1.0363441139857088
253200.0	1000.0	1476.286903402803	0.0	0	475.59348813202814	1676.2869034023024	1	0	1	1.036344113985706
254200.0	1000.0	1476.2869034027565	0.0	0	372.7984384611773	1676.2869034022733	1	0	1	1.0363441139857088
255200.0	1000.0	1476.2869034027299	0.0	0	400.49045447557	1676.2869034022442	1	0	1	1.0363441139857117
256200.0	1000.0	1476.2869034027315	0.0	0	369.5060091771884	1676.2869034022442	1	0	1	1.0363441139857117
257200.0	1000.0	1476.2869034027212	0.0	0	426.7500736869406	1676.2869034022733	1	0	1	1.0363441139857088
258200.0	1000.0	1476.2869034027367	0.0	0	365.50596340335323	1676.2869034023024	1	0	1	1.036344113985706
259200.0	1000.0	1476.2869034027049	0.0	0	523.0765818486398	1676.2869034023024	1	0	1	1.036344113985706
260288.0960486963	1000.0	1388.1908547064393	0.0	0	0.0	1676.2869034022733	1	0	1	1.0363441139857077
261200.0	1000.0	1476.2869034027071	0.0	0	286.38712581893196	1676.2869034022733	1	0	1	1.0363441139857088
262200.0	1000.0	1476.2869034026858	0.0	0	490.004499423143	1676.2869034022733	1	0	1	1.0363441139857088
263200.0	1000.0	1476.2869034026246	0.0	0	222.32970470067812	1676.286903402215	1	0	1	1.036344113985711
264200.0	1000.0	1476.2869034026107	0.0	0	348.3627968978835	1676.286903402186	1	0	1	1.036344113985716
265200.0	1000.0	1476.286903402627	0.0	0	357.5341489628772	1676.286903402186	1	0	1	1.0363441139857177
266200.0	1000.0	1476.2869034026724	0.0	0	112.93689571786672	1676.286903402186	1	0	1	1.0363441139857177
267200.0	1000.0	1476.286903402684	0.0	0	253.50015486287884	1676.2869034021278	1	0	1	1.0363441139857235
268200.0	1000.0	1476.2869034026353	0.0	0	391.39894600206753	1676.2869034021278	1	0	1	1.0363441139857235
269200.0	1000.0	1476.2869034025828	0.0	0	421.0393245542655	1676.2869034021278	1	0	1	1.0363441139857235
270200.0	1000.0	1476.2869034025612	0.0	0	310.69960692472523	1676.2869034021278	1	0	1	1.0363441139857235
271200.0	1000.0	1476.2869034025157	0.0	0	209.73359127214644	1676.286903402186	1	0	1	1.0363441139857177
272200.0	1000.0	1476.2869034025794	0.0	0	382.7101591206156	1676.286903402186	1	0	1	1.0363441139857177
273200.0	1000.0	1476.2869034025098	0.0	0	517.9737647181028	1676.286903402186	1	0	1	1.0363441139857177
274200.0	1000.0	1476.2869034024634	0.0	0	443.34571681637317	1676.286903402186	1	0	1	1.0363441139857177
275200.0	1000.0	1476.286903402365	0.0	0	294.7033975365921	1676.286903402186	1	0	1	1.0363441139857177
276200.0	1000.0	1476.2869034023643	0.0	0	125.47164432780119	1676.286903402186	1	0	1	1.0363441139857177
277200.0	1000.0	1476.286903402375	0.0	0	348.4201417299919	1676.286903402186	1	0	1	1.0363441139857177
278200.0	1000.0	1476.2869034023743	0.0	0	335.9806243648636	1676.286903402186	1	0	1	1.0363441139857177
279200.0	1000.0	1376.2869034023229	0.0	0	576.7359561569174	1576.2869034021278	1	0	2	0.6423886167646622
280200.0	1000.0	1376.2869034023124	0.0	0	363.1408196944976	1576.2869034021278	1	0	1	0.8463441139857232
281200.0	1000.0	1376.2869034022856	0.0	0	298.5597670590505	1576.2869034020696	1	0	1	1.0463441139857246
282200.0	1000.0	1376.286903402275	0.0	0	336.49367166287266	1576.2869034020696	1	0	1	1.0463441139857292
283200.0	1000.0	1376.2869034022815	0.0	0	349.68677217315417	1576.2869034020696	1	0	1	1.0463441139857292
284200.0	1000.0	1376.2869034022413	0.0	0	619.8997319091577	1576.2869034020696	1	0	1	1.0463441139857292
285200.0	1000.0	1376.2869034022433	0.0	0	440.70071801915765	1576.2869034020696	1	0	1	1.0463441139857292
286200.0	1000.0	1376.2869034022528	0.0	0	151.3740890842746	1576.2869034020114	1	0	1	1.0463441139857304
287200.0	1000.0	1376.2869034023258	0.0	0	145.78253182210028	1576.2869034020114	1	0	1	1.046344113985735
288200.0	1000.0	1376.2869034023463	0.0	0	224.03154063189868	1576.2869034020114	1	0	1	1.046344113985735
289200.0	1000.0	1376.286903402317	0.0	0	37.91344712796854	1576.2869034019532	1	0	1	1.0463441139857408
290200.0	1000.0	1376.286903402335	0.0	0	270.84058416151674	1576.2869034019532	1	0	1	1.0463441139857408
291200.0	1000.0	1376.2869034023058	0.0	0	544.0313124334789	1576.2869034019532	1	0	1	1.0463441139857408
292200.0	1000.0	1376.2869034023665	0.0	0	163.35781812516507	1576.2869034020114	1	0	1	1.046344113985735
293200.0	1000.0	1376.2869034023217	0.0	0	33.407618829922285	1576.2869034020114	1	0	1	1.046344113985735
294200.0	1000.0	1376.2869034023383	0.0	0	406.4627216437948	1576.2869034019532	1	0	1	1.0463441139857408
295200.0	1000.0	1376.2869034023354	0.0	0	564.1367092865403	1576.2869034020114	1	0	1	1.046344113985735
296200.0	1000.0	1376.2869034023724	0.0	0	381.86190202774014	1576.2869034020114	1	0	1	1.046344113985735
297523.6163593052	1000.0	1052.6705440971537	0.0	0	0.0	1576.2869034019532	1	0	1	1.0463441139857386
298329.2801238575	1000.0	1247.0067795448663	0.0	0	0.0	1576.2869034018368	1	0	1	1.0463441139857514
299200.0	1000.0	1376.286903402277	0.0	0	85.20518030697713	1576.2869034017785	1	0	1	1.0463441139857537
300200.0	1000.0	1376.2869034023124	0.0	0	410.6741383850458	1576.2869034018368	1	0	1	1.0463441139857526
1.31	1.73	1.36	0.6	0.7	1.17	1.02	1.09	1.23	1.25	1.47	1.47	1.81	2.57	1.55	1.56	1.38	1.01	1.4	1.8	1.98	1.55	1.41	1.05	1.32	1.59	1.88	1.15	1.26	1.82	1.42	0.65	1.26	1.41	0.95	0.7	0.87	1.59	1.68	1.83	1.2	1.19	1.55	1.47	1.27	1.0	1.27	1.27	1.46	1.49	1.99	2.54	1.96	1.33	1.85	2.46	1.56	1.31	1.04	1.66	1.38	1.46	1.02	1.22	1.6	1.08	1.61	1.18	1.95	1.83	1.73	2.32	1.75	1.49	1.8	1.9	2.26	1.86	2.19	1.27	1.19	2.07	2.39	1.81	1.49	1.81	1.91	1.45	1.42	1.18	1.81	1.08	0.87	0.8	1.14	1.23	1.69	1.89	2.06	1.54	1.69	1.9	2.21	1.97	1.97	1.75	0.85	1.53	1.99	1.42	1.34	1.52	1.41	1.42	1.81	2.15	1.63	1.38	1.47	1.81	1.44	1.41	1.42	1.61	2.07	2.73	1.55	1.42	1.89	1.93	2.58	1.6	1.24	1.53	1.34	1.17	1.66	1.99	0.96	0.7	2.15	2.28	1.34	0.94	1.1	1.7	2.33	2.7	3.36	1.03	1.31	1.73	1.36	0.6	0.7	1.17	1.02	1.09	1.23	1.25	1.47	1.47	1.81	2.57	1.55	1.56	1.38	1.01	1.4	1.8	1.98	1.55	1.41	1.05	1.32	1.59	1.88	1.15	1.26	1.82	1.42	0.65	1.26	1.41	0.95	0.7	0.87	1.59	1.68	1.83	1.2	1.19	1.55	1.47	1.27	1.0	1.27	1.27	1.46	1.49	1.99	2.54	1.96	1.33	1.85	2.46	1.56	1.31	1.04	1.66	1.38	1.46	1.02	1.22	1.6	1.08	1.61	1.18	1.95	1.83	1.73	2.32	1.75	1.49	1.8	1.9	2.26	1.86	2.19	1.27	1.19	2.07	2.39	1.81	1.49	1.81	1.91	1.45	1.42	1.18	1.81	1.08	0.87	0.8	1.14	1.23	1.69	1.89	2.06	1.54	1.69	1.9	2.21	1.97	1.97	1.75	0.85	1.53	1.99	1.42	1.34	1.52	1.41	1.42	1.81	2.15	1.63	1.38	1.47	1.81	1.44	1.41	1.42	1.61	2.07	2.73	1.55	1.42	1.89	1.93	2.58	1.6	1.24	1.53	1.34	1.17	1.66	1.99	0.96	0.7	2.15	2.28	1.34	0.94	1.1	1.7	2.33	2.7	3.36	1.03
1.0	2.0	3.0	4.0	5.0	6.0	7.0	8.0	9.0	10.0	11.0	12.0	13.0	14.0	15.0	16.0	17.0	18.0	19.0	20.0	21.0	22.0	23.0	24.0	25.0	26.0	27.0	28.0	29.0	30.0	31.0	32.0	33.0	34.0	35.0	36.0	37.0	38.0	39.0	40.0	41.0	42.0	43.0	44.0	45.0	46.0	47.0	48.0	49.0	50.0	51.0	52.0	53.0	54.0	55.0	56.0	57.0	58.0	59.0	60.0	61.0	62.0	63.0	64.0	65.0	66.0	67.0	68.0	69.0	70.0	71.0	72.0	73.0	74.0	75.0	76.0	77.0	78.0	79.0	80.0	81.0	82.0	83.0	84.0	85.0	86.0	87.0	88.0	89.0	90.0	91.0	92.0	93.0	94.0	95.0	96.0	97.0	98.0	99.0	100.0	101.0	102.0	103.0	104.0	105.0	106.0	107.0	108.0	109.0	110.0	111.0	112.0	113.0	114.0	115.0	116.0	117.0	118.0	119.0	120.0	121.0	122.0	123.0	124.0	125.0	126.0	127.0	128.0	129.0	130.0	131.0	132.0	133.0	134.0	135.0	136.0	137.0	138.0	139.0	140.0	141.0	142.0	143.0	144.0	145.0	146.0	147.0	148.0	149.0	149.0	150.0	151.0	152.0	153.0	154.0	155.0	156.0	157.0	158.0	159.0	160.0	161.0	162.0	163.0	164.0	165.0	166.0	167.0	168.0	169.0	170.0	171.0	172.0	173.0	174.0	175.0	176.0	177.0	178.0	179.0	180.0	181.0	182.0	183.0	184.0	185.0	186.0	187.0	188.0	189.0	190.0	191.0	192.0	193.0	194.0	195.0	196.0	197.0	198.0	199.0	200.0	201.0	202.0	203.0	204.0	205.0	206.0	207.0	208.0	209.0	210.0	211.0	212.0	213.0	214.0	215.0	216.0	217.0	218.0	219.0	220.0	221.0	222.0	223.0	224.0	225.0	226.0	227.0	228.0	229.0	230.0	231.0	232.0	233.0	234.0	235.0	236.0	237.0	238.0	239.0	240.0	241.0	242.0	243.0	244.0	245.0	246.0	247.0	248.0	249.0	250.0	251.0	252.0	253.0	254.0	255.0	256.0	257.0	258.0	259.0	260.0	261.0	262.0	263.0	264.0	265.0	266.0	267.0	268.0	269.0	270.0	271.0	272.0	273.0	274.0	275.0	276.0	277.0	278.0	279.0	280.0	281.0	282.0	283.0	284.0	285.0	286.0	287.0	288.0	289.0	290.0	291.0	292.0	293.0	294.0	295.0	296.0	297.0	298.0	298.0
4082.355362812287
