2758.3953683753093	300.0	2000.0	107.14488322503334	0	0.0	2758.3953683753093	1	0	1	-0.9170153934623471
3200.0	500.0	2558.395368375309	0.0	0	301.8082938553039	2758.3953683753093	1	0	1	-0.27583953683753093
4200.0	500.0	2558.395368375309	0.0	0	818.5019716639003	2758.395368375309	1	0	1	0.2349860869284598
5200.0	500.0	2458.39536837531	0.0	0	786.7783939611909	2658.39536837531	1	0	2	-0.1590139130715406
6200.0	500.0	2358.39536837531	0.0	0	801.5205531423135	2558.39536837531	1	0	2	0.05098608692845952
7200.0	1000.0	2258.3953683753084	0.0	0	541.6697639944159	2458.3953683753098	1	0	2	0.061131900688915136
8200.0	1000.0	2258.3953683753093	0.0	0	693.7210471001281	2458.3953683753098	1	0	1	0.758133267488405
9200.0	2000.0	2258.39536837531	0.0	0	412.39967652699306	2458.3953683753107	1	0	1	0.9581332674884051
10200.0	3000.0	2258.3953683753116	0.0	0	98.96462560635337	2458.3953683753125	1	0	1	1.6512804480483505
11242.580704735254	3000.0	2215.814663640057	0.0	0	0.0	2458.3953683753116	1	0	1	2.056745556156515
12200.0	3000.0	2162.6534388488344	0.0	0	120.66213272030836	2362.653438848838	1	0	2	1.663349540239554
13361.291028022111	3000.0	1885.233308024512	0.0	0	0.0	2246.5243360466266	1	0	2	1.8747089333347264
14456.698533530938	3000.0	1789.8258025156854	0.0	0	0.0	2246.5243360466284	1	0	1	1.877932659389383
15570.804165358872	3000.0	1675.7201706877495	0.0	0	0.0	2246.5243360466284	1	0	1	2.077932659389383
16287.57106533154	3000.0	1958.9532707150806	0.0	0	0.0	2246.5243360466284	1	0	1	2.077932659389383
17200.0	3000.0	2046.524336046621	0.0	0	50.67007006713902	2246.52433604663	1	0	1	2.077932659389383
18200.0	3000.0	2046.5243360466188	0.0	0	154.1630528203823	2246.5243360466266	1	0	1	2.077932659389383
19200.0	3000.0	1946.524336046615	0.0	0	238.92960854371995	2146.524336046623	1	0	2	1.684338441469881
20200.0	3000.0	1946.5243360466159	0.0	0	99.92915516619541	2146.5243360466266	1	0	1	1.8879326593893833
21200.0	3000.0	1946.5243360466152	0.0	0	269.7842650336461	2146.5243360466266	1	0	1	2.0879326593893834
22200.0	3000.0	1946.5243360466166	0.0	0	357.23680057308957	2146.5243360466266	1	0	1	2.0879326593893834
23225.44798868657	3000.0	1921.076347360045	0.0	0	0.0	2146.5243360466266	1	0	1	2.0879326593893834
24200.0	3000.0	1946.5243360466193	0.0	0	110.49403118863847	2146.5243360466266	1	0	1	2.0879326593893834
25200.0	3000.0	1946.5243360466193	0.0	0	234.586475094653	2146.5243360466266	1	0	1	2.0879326593893834
26200.0	3000.0	1946.5243360466175	0.0	0	151.94502345419096	2146.5243360466266	1	0	1	2.0879326593893834
27206.22894231177	3000.0	1940.2953937348477	0.0	0	0.0	2146.5243360466266	1	0	1	2.0879326593893834
28200.0	3000.0	1847.147230277792	0.0	0	414.38891189692004	2047.1472302778056	1	0	2	1.6940802688662413
29200.0	3000.0	1847.1472302777956	0.0	0	377.6598962629614	2047.1472302778056	1	0	1	1.8978703699662653
30200.0	3000.0	1847.1472302777954	0.0	0	265.0755545285356	2047.1472302778056	1	0	1	2.0978703699662655
31375.349820164996	3000.0	1671.7974101127943	0.0	0	0.0	2047.1472302778056	1	0	1	2.0978703699662655
32200.0	3000.0	1847.1472302777877	0.0	0	94.09535304313613	2047.1472302778056	1	0	1	2.0978703699662655
33200.0	3000.0	1847.14723027779	0.0	0	290.46841416570896	2047.1472302778093	1	0	1	2.097870369966265
34200.0	3000.0	1847.1472302777875	0.0	0	361.5354817398402	2047.1472302778056	1	0	1	2.0978703699662655
35200.0	3000.0	1847.1472302777877	0.0	0	166.8377845497962	2047.1472302778056	1	0	1	2.097870369966266
36200.0	3000.0	1847.1472302777895	0.0	0	14.33270301657467	2047.1472302778056	1	0	1	2.0978703699662655
37200.0	3000.0	1847.1472302777909	0.0	0	113.9389707628361	2047.147230277813	1	0	1	2.097870369966265
38200.0	3000.0	1847.147230277797	0.0	0	357.3914155204475	2047.147230277813	1	0	1	2.097870369966265
39200.0	3000.0	1847.147230277801	0.0	0	115.5439786295101	2047.1472302778056	1	0	1	2.0978703699662655
40200.0	3000.0	1847.1472302778009	0.0	0	85.730299992465	2047.1472302778056	1	0	1	2.0978703699662655
41200.0	2000.0	1747.147230277799	0.0	0	583.5772889862856	1947.1472302777984	1	0	2	0.8930154734443246
42509.448454478304	3000.0	1437.6987757994916	0.0	0	0.0	1947.1472302777984	1	0	1	1.5024052618581014
43665.59976775249	2000.0	1281.5474625253134	0.0	0	0.0	1947.1472302777984	1	0	1	1.296940153749937
44353.1301295173	3000.0	1594.0171007605031	0.0	0	0.0	1947.1472302778056	1	0	1	1.7024052618581007
45367.90166406194	3000.0	1579.24556621587	0.0	0	0.0	1947.1472302778056	1	0	1	2.1078703699662653
46553.422341833975	3000.0	1393.724888443838	0.0	0	0.0	1947.1472302778056	1	0	1	2.1078703699662653
47281.09309953766	3000.0	1666.0541307401447	0.0	0	0.0	1947.1472302778056	1	0	1	2.1078703699662653
48200.0	3000.0	1747.1472302778081	0.0	0	213.6937048101172	1947.1472302778056	1	0	1	2.1078703699662653
49346.82246226049	3000.0	1600.3247680173088	0.0	0	0.0	1947.1472302777984	1	0	1	2.107870369966266
50520.75351365666	3000.0	1426.3937166211285	0.0	0	0.0	1947.1472302777984	1	0	1	2.107870369966266
51561.70315268001	3000.0	1385.444077597773	0.0	0	0.0	1947.1472302777984	1	0	1	2.107870369966266
52230.30299578201	3000.0	1716.8442344957705	0.0	0	0.0	1947.147230277791	1	0	1	2.107870369966267
53200.0	3000.0	1747.1472302777854	0.0	0	316.99073143578426	1947.147230277791	1	0	1	2.107870369966267
54211.758500425276	3000.0	1735.388729852512	0.0	0	0.0	1947.147230277791	1	0	1	2.107870369966267
55495.70679865001	3000.0	1451.4404316277798	0.0	0	0.0	1947.1472302777984	1	0	1	2.107870369966266
56806.54703148122	3000.0	1140.6001987965715	0.0	0	0.0	1947.1472302777984	1	0	1	2.107870369966266
57948.595198191986	3000.0	998.5520320857985	0.0	0	0.0	1947.147230277791	1	0	1	2.107870369966267
59254.15546148123	3000.0	692.9917687965467	0.0	0	0.0	1947.147230277791	1	0	1	2.107870369966267
60120.53613134923	3000.0	826.6110989285417	0.0	0	0.0	1947.147230277791	1	0	1	2.107870369966267
60942.853444415996	3000.0	1004.2937858617761	0.0	0	0.0	1947.147230277791	1	0	1	2.107870369966267
61426.98074390158	2000.0	1520.1664863761932	0.0	0	0.0	1947.147230277791	1	0	1	1.2969401537499377
62200.0	2000.0	1747.1472302777688	0.0	0	156.47594885372382	1947.147230277791	1	0	1	1.7024052618581023
63200.0	3000.0	1747.1472302777652	0.0	0	302.7457364855436	1947.1472302777984	1	0	1	1.7024052618581016
64297.677594894885	3000.0	1649.469635382872	0.0	0	0.0	1947.1472302777984	1	0	1	2.107870369966266
65200.0	3000.0	1656.9149897672442	0.0	0	214.4224925458475	1856.9149897672905	1	0	2	1.7136525077703308
66200.0	3000.0	1656.9149897672257	0.0	0	358.99007579279714	1856.9149897672687	1	0	1	1.916893594017318
67253.06792154718	3000.0	1603.84706822005	0.0	0	0.0	1856.9149897672687	1	0	1	2.116893594017318
68200.0	3000.0	1562.2217819219518	0.0	0	228.3287938862486	1762.2217819220095	1	0	2	1.7230093505348483
69200.0	3000.0	1562.2217819219609	0.0	0	446.27695470373146	1762.2217819220095	1	0	1	1.9263629148018449
70525.9650426134	3000.0	1236.2567393085517	0.0	0	0.0	1762.2217819220095	1	0	1	2.1263629148018452
71515.05020015217	3000.0	1247.171581769792	0.0	0	0.0	1762.2217819220095	1	0	1	2.1263629148018452
72200.0	3000.0	1562.2217819219488	0.0	0	134.5779189458699	1762.2217819220095	1	0	1	2.1263629148018452
73200.0	3000.0	1562.2217819219434	0.0	0	326.7055705985258	1762.221781921995	1	0	1	2.1263629148018466
74200.0	3000.0	1562.2217819219386	0.0	0	183.91183343683952	1762.2217819219804	1	0	1	2.126362914801848
75231.27706778789	3000.0	1530.9447141340659	0.0	0	0.0	1762.2217819219804	1	0	1	2.126362914801848
76200.0	3000.0	1562.2217819219552	0.0	0	141.99734124506358	1762.221781921995	1	0	1	2.1263629148018466
77343.70420996388	3000.0	1418.5175719580768	0.0	0	0.0	1762.221781921995	1	0	1	2.1263629148018466
78200.0	3000.0	1562.2217819219497	0.0	0	159.80251069316	1762.221781921995	1	0	1	2.1263629148018466
79200.0	3000.0	1562.2217819219377	0.0	0	205.85714848371572	1762.221781921995	1	0	1	2.1263629148018466
80200.0	3000.0	1562.2217819219397	0.0	0	297.71677346283104	1762.221781921995	1	0	1	2.1263629148018466
81200.0	3000.0	1562.2217819219343	0.0	0	123.11748647497734	1762.221781921995	1	0	1	2.1263629148018466
82200.0	3000.0	1562.2217819219502	0.0	0	112.41827378234302	1762.221781921995	1	0	1	2.1263629148018466
83200.0	3000.0	1562.2217819219363	0.0	0	52.0717233230971	1762.221781921995	1	0	1	2.1263629148018466
84200.0	3000.0	1562.2217819219325	0.0	0	56.979737523171934	1762.221781921995	1	0	1	2.1263629148018466
85263.60115448387	3000.0	1498.6206274380563	0.0	0	0.0	1762.221781921995	1	0	1	2.1263629148018466
86200.0	3000.0	1562.2217819219263	0.0	0	313.87891831615707	1762.221781921995	1	0	1	2.1263629148018466
87200.0	3000.0	1562.2217819219281	0.0	0	105.63323116228275	1762.221781921995	1	0	1	2.1263629148018466
88200.0	3000.0	1562.2217819219265	0.0	0	199.9251732340199	1762.221781921995	1	0	1	2.1263629148018466
89200.0	3000.0	1562.2217819219259	0.0	0	406.67950629834377	1762.221781921995	1	0	1	2.1263629148018466
90200.0	3000.0	1562.2217819219368	0.0	0	408.7346927780891	1762.221781921995	1	0	1	2.1263629148018466
91200.0	3000.0	1562.2217819219316	0.0	0	323.42128032125765	1762.221781921995	1	0	1	2.1263629148018466
92200.0	2000.0	1562.221781921925	0.0	0	450.9221484814916	1762.221781921995	1	0	1	1.3154326985855171
93200.0	3000.0	1562.2217819219372	0.0	0	15.310700003174134	1762.221781921995	1	0	1	1.720897806693682
94558.49351887118	3000.0	1203.7282630507507	0.0	0	0.0	1762.221781921995	1	0	1	2.1263629148018466
95557.50382418127	3000.0	1204.7179577406591	0.0	0	0.0	1762.221781921995	1	0	1	2.1263629148018466
96894.06656070473	3000.0	868.15522121719	0.0	0	0.0	1762.221781921995	1	0	1	2.1263629148018466
98064.81189730747	3000.0	697.4098846144441	0.0	0	0.0	1762.221781921995	1	0	1	2.1263629148018466
98688.65878069476	2000.0	1073.5630012271458	0.0	0	0.0	1762.2217819220095	1	0	1	1.3154326985855156
99438.03390516128	3000.0	1324.1878767606302	0.0	0	0.0	1762.2217819220095	1	0	1	1.7208978066936804
100200.0	3000.0	1562.2217819219043	0.0	0	160.09141441920656	1762.2217819220095	1	0	1	2.1263629148018452
101200.0	3000.0	1562.2217819219027	0.0	0	449.6191483478906	1762.2217819220095	1	0	1	2.1263629148018452
102304.23744000535	3000.0	1457.9843419165497	0.0	0	0.0	1762.221781922024	1	0	1	2.1263629148018435
103231.77320869587	3000.0	1530.4485732260355	0.0	0	0.0	1762.221781922024	1	0	1	2.1263629148018435
104200.0	3000.0	1562.2217819219127	0.0	0	316.7355550369539	1762.221781922024	1	0	1	2.1263629148018435
105200.0	3000.0	1562.2217819219045	0.0	0	0.1757720854220679	1762.221781922024	1	0	1	2.1263629148018435
106352.85359029332	3000.0	1409.3681916285675	0.0	0	0.0	1762.221781922024	1	0	1	2.1263629148018435
107200.0	3000.0	1562.2217819218936	0.0	0	14.917384740736452	1762.221781922024	1	0	1	2.1263629148018435
108373.34765887613	3000.0	1388.8741230457722	0.0	0	0.0	1762.221781922024	1	0	1	2.1263629148018435
109200.0	3000.0	1562.2217819219022	0.0	0	211.45981307474722	1762.2217819220095	1	0	1	2.1263629148018452
110200.0	3000.0	1562.2217819219081	0.0	0	369.3836769534828	1762.2217819220095	1	0	1	2.1263629148018452
111200.0	3000.0	1562.22178192191	0.0	0	357.77627559415123	1762.2217819220095	1	0	1	2.1263629148018452
112200.0	3000.0	1562.2217819219006	0.0	0	106.18029170442605	1762.2217819220095	1	0	1	2.1263629148018452
113200.0	3000.0	1462.221781921915	0.0	0	111.67486068839207	1662.2217819220095	1	0	2	1.733265607159734
114200.0	3000.0	1462.2217819219288	0.0	0	390.7819520531484	1662.2217819220095	1	0	1	1.9363629148018449
115200.0	3000.0	1462.221781921931	0.0	0	133.5678258351254	1662.2217819220095	1	0	1	2.136362914801845
116200.0	3000.0	1462.2217819219277	0.0	0	173.30284001312975	1662.2217819220095	1	0	1	2.136362914801845
117200.0	3000.0	1462.2217819219386	0.0	0	478.106321211686	1662.2217819220095	1	0	1	2.136362914801845
118200.0	3000.0	1462.2217819219436	0.0	0	160.00431081929128	1662.2217819220095	1	0	1	2.136362914801845
119200.0	3000.0	1462.2217819219527	0.0	0	336.8914222311723	1662.2217819220095	1	0	1	2.136362914801845
120200.0	3000.0	1462.2217819219547	0.0	0	232.68462953460403	1662.2217819220095	1	0	1	2.136362914801845
121321.52552517911	3000.0	1340.6962567428445	0.0	0	0.0	1662.221781922024	1	0	1	2.1363629148018437
122316.27395932307	3000.0	1345.9478225988914	0.0	0	0.0	1662.221781922024	1	0	1	2.1363629148018437
123200.0	3000.0	1462.2217819219738	0.0	0	182.1024271544884	1662.221781922024	1	0	1	2.1363629148018437
124200.0	3000.0	1462.2217819219668	0.0	0	415.17460261369706	1662.221781922024	1	0	1	2.1363629148018437
125200.0	3000.0	1462.2217819219666	0.0	0	172.87336055896594	1662.2217819220095	1	0	1	2.136362914801845
126200.0	3000.0	1462.2217819219627	0.0	0	36.35334672067256	1662.221781921995	1	0	1	2.1363629148018464
127277.55161058484	3000.0	1384.670171337118	0.0	0	0.0	1662.221781921995	1	0	1	2.1363629148018464
128361.31311022775	3000.0	1300.9086716941952	0.0	0	0.0	1662.221781921995	1	0	1	2.1363629148018464
129362.72770858878	3000.0	1299.4940733331819	0.0	0	0.0	1662.221781921995	1	0	1	2.1363629148018464
130200.0	3000.0	1462.221781921955	0.0	0	16.19914338075614	1662.221781921995	1	0	1	2.1363629148018464
131200.0	3000.0	1462.2217819219509	0.0	0	359.655621007405	1662.221781921995	1	0	1	2.1363629148018464
132200.0	3000.0	1462.2217819219188	0.0	0	414.1683490567666	1662.2217819219659	1	0	1	2.136362914801849
133200.0	3000.0	1462.2217819219345	0.0	0	295.0879396053497	1662.2217819219804	1	0	1	2.1363629148018495
134289.67609997687	3000.0	1372.5456819450526	0.0	0	0.0	1662.2217819219513	1	0	1	2.136362914801851
135316.81083415516	3000.0	1345.4109477667787	0.0	0	0.0	1662.2217819219513	1	0	1	2.136362914801851
136233.3325703647	3000.0	1428.8892115572326	0.0	0	0.0	1662.2217819219513	1	0	1	2.136362914801851
137200.0	3000.0	1462.2217819219388	0.0	0	203.3919825538178	1662.2217819219513	1	0	1	2.136362914801851
138200.0	3000.0	1462.2217819219354	0.0	0	180.14017328471527	1662.2217819219222	1	0	1	2.136362914801854
139200.0	3000.0	1462.2217819219181	0.0	0	169.2584263406461	1662.2217819219222	1	0	1	2.136362914801854
140200.0	3000.0	1462.2217819219331	0.0	0	231.97735961026046	1662.2217819219222	1	0	1	2.136362914801854
141200.0	3000.0	1462.2217819219118	0.0	0	245.09163284374517	1662.2217819219222	1	0	1	2.136362914801854
142200.0	3000.0	1462.221781921914	0.0	0	153.0401019131823	1662.2217819219513	1	0	1	2.136362914801851
143200.0	3000.0	1462.2217819219081	0.0	0	312.6708240121952	1662.2217819219513	1	0	1	2.136362914801851
144202.54772019674	3000.0	1459.6740617251455	0.0	0	0.0	1662.2217819219222	1	0	1	2.136362914801854
145200.0	3000.0	1462.221781921876	0.0	0	57.00207039018278	1662.2217819219222	1	0	1	2.136362914801854
146200.0	3000.0	1462.2217819218877	0.0	0	342.74626266988344	1662.2217819219513	1	0	1	2.136362914801851
147633.70479313098	3000.0	1028.5169887908917	0.0	0	0.0	1662.2217819219513	1	0	1	2.136362914801851
148409.2616588793	3000.0	1252.9601230425503	0.0	0	0.0	1662.2217819219513	1	0	1	2.136362914801851
149200.0	3000.0	1462.221781921857	0.0	0	214.64030237987754	1662.2217819219513	1	0	1	2.136362914801851
150200.0	3000.0	1462.2217819218617	0.0	0	213.79673859197646	1662.2217819219804	1	0	1	2.136362914801848
151235.9866685263	3000.0	1426.2351133955476	0.0	0	0.0	1662.2217819219804	1	0	1	2.136362914801848
152245.25399382948	3000.0	1416.9677880923775	0.0	0	0.0	1662.2217819219804	1	0	1	2.136362914801848
153305.30607338937	3000.0	1356.9157085325007	0.0	0	0.0	1662.2217819219804	1	0	1	2.136362914801848
154316.53552632805	3000.0	1345.6862555938487	0.0	0	0.0	1662.2217819219804	1	0	1	2.136362914801848
155603.83368759998	3000.0	1058.3880943219033	0.0	0	0.0	1662.2217819219804	1	0	1	2.136362914801848
156537.6669146105	3000.0	1124.5548673113922	0.0	0	0.0	1662.2217819219804	1	0	1	2.136362914801848
157240.2473893959	3000.0	1421.97439252604	0.0	0	0.0	1662.2217819219804	1	0	1	2.136362914801848
158200.0	3000.0	1462.2217819219402	0.0	0	99.35909338330384	1662.2217819219804	1	0	1	2.136362914801848
159200.0	3000.0	1462.221781921921	0.0	0	115.40667373192264	1662.2217819219804	1	0	1	2.136362914801848
160483.94766878014	3000.0	1178.2741131418243	0.0	0	0.0	1662.2217819220095	1	0	1	2.136362914801845
161438.9085922371	3000.0	1223.3131896848663	0.0	0	0.0	1662.2217819220095	1	0	1	2.136362914801845
162613.9365233841	3000.0	1048.2852585378878	0.0	0	0.0	1662.2217819220677	1	0	1	2.1363629148018415
163540.21125092008	3000.0	1122.0105310018962	0.0	0	0.0	1662.2217819220969	1	0	1	2.136362914801839
164521.22824921669	3000.0	1140.9935327052756	0.0	0	0.0	1662.2217819220969	1	0	1	2.1363629148018366
165367.93484729916	3000.0	1294.28693462283	0.0	0	0.0	1662.2217819220969	1	0	1	2.1363629148018366
166200.0	2000.0	1545.4282971920845	0.0	0	407.4271455061389	1745.4282971922075	1	0	0	1.1206447990731028
167200.0	2000.0	1545.4282971920934	0.0	0	394.98071186666493	1745.4282971922366	1	0	1	1.5225771551666578
168200.0	3000.0	1545.428297192102	0.0	0	213.24349794126465	1745.4282971922366	1	0	1	1.722577155166658
169200.0	3000.0	1545.4282971921011	0.0	0	216.9222102575004	1745.4282971922366	1	0	1	2.1280422632748226
170200.0	3000.0	1545.4282971920654	0.0	0	112.73687417950714	1745.4282971922366	1	0	1	2.1280422632748226
171200.0	3000.0	1545.428297192039	0.0	0	347.06129099961254	1745.4282971922366	1	0	1	2.1280422632748226
172200.0	3000.0	1545.4282971920602	0.0	0	371.9390944982879	1745.4282971922366	1	0	1	2.1280422632748226
173502.1657574296	3000.0	1243.2625397624313	0.0	0	0.0	1745.4282971922075	1	0	1	2.1280422632748253
174483.52451531522	3000.0	1261.903781876788	0.0	0	0.0	1745.4282971922075	1	0	1	2.1280422632748253
175349.4582783025	3000.0	1395.9700188895008	0.0	0	0.0	1745.4282971922075	1	0	1	2.1280422632748253
176200.0	3000.0	1545.4282971919934	0.0	0	55.394710661814315	1745.4282971921784	1	0	1	2.1280422632748284
177200.0	3000.0	1545.428297192002	0.0	0	203.55416342482204	1745.4282971921493	1	0	1	2.128042263274831
178200.0	3000.0	1545.4282971919997	0.0	0	422.44118258805247	1745.4282971921784	1	0	1	2.1280422632748284
179200.0	3000.0	1545.4282971920056	0.0	0	95.84414286844549	1745.4282971921784	1	0	1	2.1280422632748284
180200.0	3000.0	1545.4282971920131	0.0	0	108.97821051653591	1745.4282971922075	1	0	1	2.1280422632748253
181200.0	3000.0	1545.4282971919959	0.0	0	380.93586597402464	1745.4282971922075	1	0	1	2.1280422632748253
182200.0	3000.0	1545.4282971919804	0.0	0	125.08334802387981	1745.4282971922075	1	0	1	2.1280422632748253
183215.14039888387	3000.0	1530.2878983081391	0.0	0	0.0	1745.4282971922075	1	0	1	2.1280422632748253
184200.0	2000.0	1545.428297191999	0.0	0	394.2008750656969	1745.4282971922075	1	0	1	1.3171120470584958
185200.0	3000.0	1545.4282971920231	0.0	0	192.8570660314872	1745.4282971922075	1	0	1	1.7225771551666607
186200.0	3000.0	1545.428297192026	0.0	0	92.8658537088777	1745.4282971921784	1	0	1	2.1280422632748284
187200.0	3000.0	1545.4282971920281	0.0	0	449.6617314671166	1745.4282971921784	1	0	1	2.1280422632748284
188200.0	3000.0	1545.4282971920293	0.0	0	68.31093851098558	1745.4282971921784	1	0	1	2.1280422632748284
189200.0	3000.0	1545.4282971920557	0.0	0	31.145134834747296	1745.4282971921784	1	0	1	2.1280422632748284
190200.0	3000.0	1545.4282971920488	0.0	0	235.47279966509086	1745.4282971922075	1	0	1	2.1280422632748253
191200.0	3000.0	1545.4282971920945	0.0	0	120.02876558233402	1745.4282971922075	1	0	1	2.1280422632748253
192625.95036089674	3000.0	1119.4779362953836	0.0	0	0.0	1745.4282971922075	1	0	1	2.1280422632748253
193272.12334388995	3000.0	1473.3049533021535	0.0	0	0.0	1745.4282971922075	1	0	1	2.1280422632748253
194673.41969024838	3000.0	1072.008606943706	0.0	0	0.0	1745.4282971922075	1	0	1	2.1280422632748253
196007.10408113926	3000.0	738.3242160528202	0.0	0	0.0	1745.4282971922075	1	0	1	2.1280422632748253
196599.2765518409	3000.0	1146.1517453511706	0.0	0	0.0	1745.4282971922075	1	0	1	2.1280422632748253
197489.14536000614	3000.0	1256.2829371859407	0.0	0	0.0	1745.4282971922075	1	0	1	2.1280422632748253
198200.0	3000.0	1545.4282971920743	0.0	0	80.49860234063817	1745.4282971922075	1	0	1	2.1280422632748253
199200.0	3000.0	1545.4282971920832	0.0	0	12.706757372245193	1745.4282971922366	1	0	1	2.1280422632748226
200200.0	3000.0	1545.4282971920616	0.0	0	2.206127818033565	1745.4282971922075	1	0	1	2.1280422632748253
201200.0	3000.0	1545.42829719203	0.0	0	243.1756881661713	1745.4282971921784	1	0	1	2.1280422632748284
202200.0	3000.0	1545.4282971920527	0.0	0	418.6103920498281	1745.4282971921493	1	0	1	2.1280422632748306
203200.0	3000.0	1545.4282971920343	0.0	0	132.95235813522595	1745.4282971921493	1	0	1	2.128042263274831
204716.99693227667	3000.0	1028.431364915382	0.0	0	0.0	1745.4282971921493	1	0	1	2.128042263274831
206152.69794304858	3000.0	592.7303541434853	0.0	0	0.0	1745.4282971921493	1	0	1	2.128042263274831
207304.59711589754	3000.0	440.8311812945158	0.0	0	0.0	1745.4282971921493	1	0	1	2.128042263274831
208608.46269592847	3000.0	327.97196331698035	191.00636205339924	0	0.0	1936.4346592455113	1	0	1	0.9629034547490973
209419.3555586577	2000.0	612.2706736323672	95.19157304464778	0	0.0	2031.6262322901748	1	0	1	0.7173428152808123
209980.49286008812	2000.0	1051.133372201886	0.0	0	0.0	2031.6262322901748	1	0	1	1.6939573616568637
210518.6117439124	2000.0	1513.0144883776402	0.0	0	0.0	2031.6262322901748	1	0	1	1.6939573616568637
211391.1216859981	3000.0	1640.5045462919138	0.0	0	0.0	2031.6262322901748	1	0	1	1.693957361656864
212200.0	3000.0	1831.6262322900163	0.0	0	208.87952258638688	2031.626232290204	1	0	1	2.0994224697650257
213200.0	3000.0	1831.6262322900309	0.0	0	156.334503081016	2031.626232290204	1	0	1	2.0994224697650257
214200.0	3000.0	1831.6262322900504	0.0	0	237.40785599395167	2031.626232290233	1	0	1	2.0994224697650226
215200.0	3000.0	1731.626232289998	0.0	0	364.25032034679316	1931.6262322901748	1	0	2	1.7056989906182933
216200.0	3000.0	1731.626232290004	0.0	0	115.71039700537222	1931.6262322901748	1	0	1	1.9094224697650284
217200.0	3000.0	1731.6262322900122	0.0	0	152.4405256927712	1931.6262322901748	1	0	1	2.1094224697650286
218200.0	3000.0	1731.6262322900443	0.0	0	219.41319566126913	1931.6262322901748	1	0	1	2.1094224697650286
219348.6734592483	3000.0	1582.9527730417058	0.0	0	0.0	1931.6262322901748	1	0	1	2.1094224697650286
220566.5685314519	3000.0	1365.0577008381356	0.0	0	0.0	1931.626232290233	1	0	1	2.109422469765025
221200.0	3000.0	1731.626232290019	0.0	0	225.51971021894133	1931.626232290233	1	0	1	2.109422469765023
222200.0	3000.0	1731.6262322900307	0.0	0	483.77609376370674	1931.626232290233	1	0	1	2.109422469765023
223200.0	3000.0	1731.6262322900234	0.0	0	180.88569658930646	1931.626232290233	1	0	1	2.109422469765023
224331.32180183002	3000.0	1600.3044304600069	0.0	0	0.0	1931.6262322902621	1	0	1	2.10942246976502
225200.0	3000.0	1731.626232289993	0.0	0	52.218302117311396	1931.6262322902621	1	0	1	2.10942246976502
226330.83770421232	3000.0	1600.7885280776723	0.0	0	0.0	1931.6262322902621	1	0	1	2.10942246976502
227243.12429659534	3000.0	1688.501935694617	0.0	0	0.0	1931.626232290233	1	0	1	2.109422469765023
228200.0	3000.0	1731.626232289925	0.0	0	285.6508010655234	1931.626232290233	1	0	1	2.109422469765023
229200.0	3000.0	1731.6262322899463	0.0	0	128.25440469270688	1931.6262322902621	1	0	1	2.10942246976502
230200.0	3000.0	1631.626232289942	0.0	0	153.48063524710597	1831.6262322902912	1	0	2	1.7161656566834693
231200.0	3000.0	1631.6262322899695	0.0	0	153.04060443589697	1831.6262322902912	1	0	1	1.9194224697650166
232200.0	3000.0	1631.6262322899563	0.0	0	76.87166004331084	1831.6262322902912	1	0	1	2.119422469765017
233200.0	3000.0	1631.6262322899777	0.0	0	274.5894348931033	1831.6262322902621	1	0	1	2.11942246976502
234200.0	3000.0	1631.6262322899615	0.0	0	146.15153855475364	1831.626232290233	1	0	1	2.1194224697650226
235200.0	3000.0	1631.6262322899727	0.0	0	121.13071511226008	1831.626232290233	1	0	1	2.1194224697650226
236200.0	3000.0	1631.6262322899843	0.0	0	163.2285322691605	1831.626232290233	1	0	1	2.1194224697650226
237200.0	3000.0	1631.6262322899777	0.0	0	377.16369531684904	1831.626232290233	1	0	1	2.1194224697650226
238200.0	3000.0	1531.6262322899754	0.0	0	346.51778714737156	1731.626232290233	1	0	2	1.7258265911354576
239200.0	3000.0	1531.6262322899615	0.0	0	11.327461450826377	1731.626232290233	1	0	1	1.9294224697650226
240382.01622885832	3000.0	1349.6100034316432	0.0	0	0.0	1731.6262322902621	1	0	1	2.1294224697650197
241477.69574263127	3000.0	1253.9304896586898	0.0	0	0.0	1731.6262322902621	1	0	1	2.1294224697650197
242380.6794542706	3000.0	1350.9467780193477	0.0	0	0.0	1731.6262322902621	1	0	1	2.1294224697650197
243700.47354656763	3000.0	1031.1526857223287	0.0	0	0.0	1731.6262322902621	1	0	1	2.1294224697650197
244742.27047687353	3000.0	989.3557554164126	0.0	0	0.0	1731.6262322902621	1	0	1	2.1294224697650197
245797.34118952695	3000.0	934.2850427629878	0.0	0	0.0	1731.626232290233	1	0	1	2.129422469765023
247024.0829285188	3000.0	707.5433037711387	0.0	0	0.0	1731.626232290233	1	0	1	2.1294224697650237
248033.9310278467	3000.0	697.6952044432282	0.0	0	0.0	1731.626232290204	1	0	1	2.129422469765026
248819.43018489922	3000.0	912.1960473907519	0.0	0	0.0	1731.626232290233	1	0	1	2.1294224697650237
249500.30557116188	3000.0	1231.3206611280818	0.0	0	0.0	1731.626232290233	1	0	1	2.129422469765023
250200.0	3000.0	1531.626232289985	0.0	0	67.51237029818003	1731.6262322902621	1	0	1	2.1294224697650197
251200.0	3000.0	1531.6262322899577	0.0	0	35.53683990929858	1731.6262322902912	1	0	1	2.129422469765017
252200.0	3000.0	1531.626232289965	0.0	0	115.08768040253199	1731.6262322902912	1	0	1	2.129422469765017
253200.0	3000.0	1531.626232289968	0.0	0	172.0353553708701	1731.6262322902912	1	0	1	2.129422469765017
254200.0	3000.0	1531.6262322899893	0.0	0	165.19458866131026	1731.6262322902912	1	0	1	2.129422469765017
255200.0	3000.0	1531.6262322899706	0.0	0	6.4163319388753735	1731.6262322902912	1	0	1	2.129422469765017
256200.0	2000.0	1531.6262322899831	0.0	0	451.9565560584306	1731.6262322903203	1	0	1	1.3184922535486852
257358.42625087177	3000.0	1373.1999814182059	0.0	0	0.0	1731.6262322903203	1	0	1	1.7239573616568495
258362.6774803938	3000.0	1368.9487518961919	0.0	0	0.0	1731.6262322903203	1	0	1	2.129422469765014
259200.0	3000.0	1531.626232289976	0.0	0	228.3811589621473	1731.6262322903203	1	0	1	2.129422469765014
260200.0	3000.0	1531.6262322899743	0.0	0	232.54396467245533	1731.6262322903203	1	0	1	2.129422469765014
261200.0	3000.0	1531.6262322899859	0.0	0	214.95966245938325	1731.6262322903203	1	0	1	2.129422469765014
262200.0	3000.0	1531.6262322899843	0.0	0	205.0188891015714	1731.6262322902912	1	0	1	2.129422469765017
263200.0	3000.0	1531.6262322900145	0.0	0	296.400675302546	1731.6262322903494	1	0	1	2.1294224697650113
264200.0	3000.0	1531.626232290023	0.0	0	33.95717126230011	1731.6262322903494	1	0	1	2.1294224697650104
265200.0	3000.0	1531.6262322900368	0.0	0	249.00234790280228	1731.6262322903494	1	0	1	2.129422469765011
266200.0	3000.0	1531.6262322899586	0.0	0	316.8379438298871	1731.6262322902912	1	0	1	2.129422469765017
267200.0	3000.0	1531.6262322899709	0.0	0	261.2946523327264	1731.6262322902912	1	0	1	2.129422469765017
268200.0	3000.0	1531.6262322900213	0.0	0	127.85896501800744	1731.6262322902912	1	0	1	2.129422469765017
269200.0	3000.0	1531.626232290066	0.0	0	393.7064350924338	1731.626232290233	1	0	1	2.129422469765023
270200.0	3000.0	1531.6262322900984	0.0	0	245.1024489798583	1731.6262322901748	1	0	1	2.1294224697650286
271200.0	3000.0	1531.6262322901507	0.0	0	284.203979108308	1731.626232290233	1	0	1	2.129422469765023
272200.0	3000.0	1531.626232290139	0.0	0	200.3478521152283	1731.626232290233	1	0	1	2.129422469765023
273200.0	3000.0	1531.6262322901914	0.0	0	206.1151666501537	1731.6262322902912	1	0	1	2.129422469765017
274200.0	3000.0	1531.6262322901375	0.0	0	186.98031692689983	1731.6262322903494	1	0	1	2.129422469765011
275200.0	3000.0	1531.6262322901496	0.0	0	441.25912223773776	1731.6262322903494	1	0	1	2.129422469765011
276200.0	3000.0	1531.6262322901457	0.0	0	0.4539359360933304	1731.6262322903494	1	0	1	2.129422469765011
277200.0	3000.0	1531.6262322901368	0.0	0	7.282996887806803	1731.6262322903494	1	0	1	2.129422469765011
278200.0	3000.0	1531.6262322900993	0.0	0	338.91263312788215	1731.6262322903494	1	0	1	2.129422469765011
279200.0	3000.0	1531.6262322901198	0.0	0	259.85292727907654	1731.6262322903494	1	0	1	2.129422469765011
280200.0	3000.0	1531.6262322900939	0.0	0	445.9280188968987	1731.6262322903494	1	0	1	2.129422469765011
281200.0	3000.0	1531.6262322900843	0.0	0	66.10700267466018	1731.6262322902912	1	0	1	2.129422469765017
282372.5268421904	3000.0	1359.0993900996211	0.0	0	0.0	1731.6262322902912	1	0	1	2.129422469765017
283200.0	3000.0	1531.62623229003	0.0	0	182.79880542348837	1731.6262322902912	1	0	1	2.129422469765017
284200.0	3000.0	1531.6262322899654	0.0	0	130.40126997529296	1731.6262322902912	1	0	1	2.129422469765017
285231.0678499554	3000.0	1500.5583823345753	0.0	0	0.0	1731.6262322903494	1	0	1	2.129422469765011
286200.0	3000.0	1531.6262322899966	0.0	0	60.34686102386331	1731.6262322903494	1	0	1	2.129422469765011
287200.0	3000.0	1531.6262322899333	0.0	0	316.28299511387013	1731.6262322902912	1	0	1	2.129422469765017
288200.0	3000.0	1531.6262322899097	0.0	0	92.87333006988047	1731.6262322903494	1	0	1	2.129422469765011
289200.0	3000.0	1531.6262322899188	0.0	0	355.8158886626479	1731.6262322903494	1	0	1	2.129422469765011
290200.0	3000.0	1531.6262322899004	0.0	0	389.530458994559	1731.6262322903494	1	0	1	2.129422469765011
291200.0	3000.0	1531.6262322898888	0.0	0	384.1959790507681	1731.6262322903494	1	0	1	2.129422469765011
292200.0	3000.0	1531.6262322899456	0.0	0	286.35946083645103	1731.6262322903494	1	0	1	2.129422469765011
293309.8467569549	3000.0	1421.779475335014	0.0	0	0.0	1731.6262322903494	1	0	1	2.129422469765011
294200.0	3000.0	1531.6262322899995	0.0	0	112.48568867036374	1731.6262322904076	1	0	1	2.129422469765005
295371.40879816125	3000.0	1360.21743412868	0.0	0	0.0	1731.6262322904076	1	0	1	2.129422469765005
296361.2569916777	3000.0	1370.3692406121734	0.0	0	0.0	1731.6262322903494	1	0	1	2.129422469765011
297295.3215896565	3000.0	1436.3046426333556	0.0	0	0.0	1731.6262322903494	1	0	1	2.129422469765011
298295.1816541057	3000.0	1436.4445781841816	0.0	0	0.0	1731.6262322903494	1	0	1	2.129422469765011
299200.0	3000.0	1531.626232289941	0.0	0	127.1448126337491	1731.6262322903494	1	0	1	2.129422469765011
300200.0	3000.0	1531.6262322899313	0.0	0	303.1216243050876	1731.6262322903494	1	0	1	2.129422469765011
3.65	3.54	3.65	2.71	3.68	4.39	4.26	3.0	3.23	4.24	2.88	3.45	3.44	3.73	4.6	4.78	4.27	3.67	4.69	4.32	3.64	2.87	3.85	3.35	4.01	4.1	4.04	3.5	3.45	4.34	3.06	4.08	3.41	3.96	4.62	3.83	3.83	3.56	4.38	2.22	1.76	4.31	2.54	2.03	4.6	3.74	3.49	3.2	3.82	4.56	3.7	3.6	2.21	2.83	2.85	3.44	2.69	3.39	3.31	4.03	3.85	3.64	3.71	3.78	3.78	4.66	3.71	2.94	2.79	6.31	3.83	4.02	3.35	3.7	3.23	4.08	4.31	3.68	4.04	3.37	3.85	4.36	3.15	4.23	4.51	3.46	4.61	3.78	2.93	3.51	3.72	2.56	3.93	2.99	2.9	2.92	4.26	4.45	4.36	3.05	3.85	4.26	3.95	2.93	3.72	3.28	3.92	3.8	4.56	4.09	4.33	4.4	4.48	3.98	5.06	4.56	3.3	4.6	2.65	4.19	4.77	3.85	4.77	3.71	3.96	3.41	3.59	4.77	4.59	4.24	3.12	3.74	3.58	3.83	4.52	4.66	4.36	4.22	3.9	5.05	4.17	3.38	4.45	2.63	2.4	4.02	4.26	4.24	3.59	4.38	3.65	3.54	3.65	2.71	3.68	4.39	4.26	3.0	3.23	4.24	2.88	3.45	3.44	3.73	4.6	4.78	4.27	3.67	4.69	4.32	3.64	2.87	3.85	3.35	4.01	4.1	4.04	3.5	3.45	4.34	3.06	4.08	3.41	3.96	4.62	3.83	3.83	3.56	4.38	2.22	1.76	4.31	2.54	2.03	4.6	3.74	3.49	3.2	3.82	4.56	3.7	3.6	2.21	2.83	2.85	3.44	2.69	3.39	3.31	4.03	3.85	3.64	3.71	3.78	3.78	4.66	3.71	2.94	2.79	6.31	3.83	4.02	3.35	3.7	3.23	4.08	4.31	3.68	4.04	3.37	3.85	4.36	3.15	4.23	4.51	3.46	4.61	3.78	2.93	3.51	3.72	2.56	3.93	2.99	2.9	2.92	4.26	4.45	4.36	3.05	3.85	4.26	3.95	2.93	3.72	3.28	3.92	3.8	4.56	4.09	4.33	4.4	4.48	3.98	5.06	4.56	3.3	4.6	2.65	4.19	4.77	3.85	4.77	3.71	3.96	3.41	3.59	4.77	4.59	4.24	3.12	3.74	3.58	3.83	4.52	4.66	4.36	4.22	3.9	5.05	4.17	3.38	4.45	2.63	2.4	4.02	4.26	4.24	3.59	4.38	3.65	3.54
1.0	2.0	3.0	4.0	5.0	6.0	7.0	8.0	9.0	10.0	11.0	12.0	13.0	14.0	15.0	16.0	17.0	18.0	19.0	20.0	21.0	22.0	23.0	24.0	25.0	26.0	27.0	28.0	29.0	30.0	31.0	32.0	33.0	34.0	35.0	36.0	37.0	38.0	39.0	40.0	41.0	42.0	43.0	44.0	45.0	46.0	47.0	48.0	49.0	50.0	51.0	52.0	53.0	54.0	55.0	56.0	57.0	58.0	59.0	60.0	61.0	62.0	63.0	64.0	65.0	66.0	67.0	68.0	69.0	70.0	71.0	72.0	73.0	74.0	75.0	76.0	77.0	78.0	79.0	80.0	81.0	82.0	83.0	84.0	85.0	86.0	87.0	88.0	89.0	90.0	91.0	92.0	93.0	94.0	95.0	96.0	97.0	98.0	99.0	100.0	101.0	102.0	103.0	104.0	105.0	106.0	107.0	108.0	109.0	110.0	111.0	112.0	113.0	114.0	115.0	116.0	117.0	118.0	119.0	120.0	121.0	122.0	123.0	124.0	125.0	126.0	127.0	128.0	129.0	130.0	131.0	132.0	133.0	134.0	135.0	136.0	137.0	138.0	139.0	140.0	141.0	142.0	143.0	144.0	145.0	146.0	147.0	148.0	149.0	149.0	150.0	151.0	152.0	153.0	154.0	155.0	156.0	157.0	158.0	159.0	160.0	161.0	162.0	163.0	164.0	165.0	166.0	167.0	168.0	169.0	170.0	171.0	172.0	173.0	174.0	175.0	176.0	177.0	178.0	179.0	180.0	181.0	182.0	183.0	184.0	185.0	186.0	187.0	188.0	189.0	190.0	191.0	192.0	193.0	194.0	195.0	196.0	197.0	198.0	199.0	200.0	201.0	202.0	203.0	204.0	205.0	206.0	207.0	208.0	209.0	210.0	211.0	212.0	213.0	214.0	215.0	216.0	217.0	218.0	219.0	220.0	221.0	222.0	223.0	224.0	225.0	226.0	227.0	228.0	229.0	230.0	231.0	232.0	233.0	234.0	235.0	236.0	237.0	238.0	239.0	240.0	241.0	242.0	243.0	244.0	245.0	246.0	247.0	248.0	249.0	250.0	251.0	252.0	253.0	254.0	255.0	256.0	257.0	258.0	259.0	260.0	261.0	262.0	263.0	264.0	265.0	266.0	267.0	268.0	269.0	270.0	271.0	272.0	273.0	274.0	275.0	276.0	277.0	278.0	279.0	280.0	281.0	282.0	283.0	284.0	285.0	286.0	287.0	288.0	289.0	290.0	291.0	292.0	293.0	294.0	295.0	296.0	297.0	298.0	298.0	299.0	300.0
2514.017972791657
