4350.830461731611	300.0	2000.0	79.39005011165516	0	0.0	4350.830461731611	1	0	1	-0.9103202149240255
4471.781146591285	500.0	2866.9542466543585	0.0	0	0.0	4338.7353932456435	1	0	2	-0.8341020233607694
4594.263603535524	500.0	3732.2235440156933	0.0	0	0.0	4326.487147551218	1	0	2	-0.12204419098545911
5200.0	500.0	4065.9135079047705	0.0	0	481.18082927454907	4265.91350790477	1	0	2	-0.11906209921729172
6200.0	1000.0	3965.9135079047687	0.0	0	849.9349862330819	4165.913507904769	1	0	2	-0.10976572702448639
7200.0	1000.0	3865.913507904768	0.0	0	803.8624376151793	4065.9135079047687	1	0	2	0.5933814535354591
8200.0	2000.0	3765.9135079047674	0.0	0	769.1575730727463	3965.9135079047683	1	0	2	0.6033814535354591
9200.0	2000.0	3665.9135079047637	0.0	0	745.2360973136147	3865.9135079047664	1	0	2	1.3065286340954043
10200.0	3000.0	3565.9135079047633	0.0	0	564.332806626282	3765.9135079047664	1	0	2	1.3165936669979303
11200.0	6000.0	3465.9135079047637	0.0	0	106.69688040712936	3665.9135079047655	1	0	2	1.7327738815289682
12200.0	6000.0	3365.913507904764	0.0	0	93.76768758270009	3565.9135079047683	1	0	2	2.436183721123239
13200.0	6000.0	3265.9135079047646	0.0	0	514.475200977422	3465.9135079047664	1	0	2	2.4452375489124996
14262.266150171386	6000.0	3097.420742716237	0.0	0	0.0	3359.6868928876247	1	0	2	2.4570553822604655
15308.879232928382	6000.0	2946.1463516835415	0.0	0	0.0	3255.025584611927	1	0	2	2.4677575333913047
16200.0	6000.0	2965.9135079047614	0.0	0	257.98841224194985	3165.9135079047646	1	0	2	2.4758155315340766
17200.0	6000.0	2965.913507904758	0.0	0	515.2342111555081	3165.913507904759	1	0	1	2.479140922763514
18254.883866686552	6000.0	2911.029641218203	0.0	0	0.0	3165.9135079047555	1	0	1	2.6791409227635157
19200.0	6000.0	2965.913507904758	0.0	0	52.62372417874576	3165.9135079047555	1	0	1	2.6791409227635157
20200.0	6000.0	2965.913507904761	0.0	0	238.7211802162019	3165.913507904752	1	0	1	2.6791409227635157
21200.0	6000.0	2965.91350790476	0.0	0	271.38139279299867	3165.913507904752	1	0	1	2.6791409227635157
22200.0	6000.0	2965.9135079047564	0.0	0	291.7324058907434	3165.913507904752	1	0	1	2.6791409227635157
23200.0	6000.0	2965.9135079047587	0.0	0	553.2777200665078	3165.913507904752	1	0	1	2.6791409227635157
24200.0	6000.0	2965.9135079047587	0.0	0	499.86674430231506	3165.913507904752	1	0	1	2.6791409227635157
25200.0	6000.0	2965.91350790476	0.0	0	352.4951552163875	3165.913507904752	1	0	1	2.6791409227635157
26200.0	6000.0	2965.9135079047583	0.0	0	298.9361613137444	3165.913507904752	1	0	1	2.6791409227635157
27200.0	6000.0	2965.9135079047555	0.0	0	366.14029970702904	3165.913507904752	1	0	1	2.6791409227635157
28200.0	6000.0	2965.913507904757	0.0	0	19.371683270255744	3165.9135079047555	1	0	1	2.6791409227635157
29475.7366022182	6000.0	2690.17690568656	0.0	0	0.0	3165.9135079047555	1	0	1	2.6791409227635157
30299.275764468708	6000.0	2866.6377434360525	0.0	0	0.0	3165.913507904752	1	0	1	2.6791409227635157
31200.0	6000.0	2965.913507904762	0.0	0	19.382602318910358	3165.913507904752	1	0	1	2.6791409227635157
32200.0	6000.0	2965.9135079047655	0.0	0	441.13807046982765	3165.9135079047555	1	0	1	2.6791409227635157
33200.0	6000.0	2965.9135079047624	0.0	0	393.17295897472286	3165.9135079047555	1	0	1	2.6791409227635157
34200.0	6000.0	2965.913507904765	0.0	0	346.8739744612394	3165.913507904759	1	0	1	2.679140922763515
35200.0	6000.0	2965.9135079047705	0.0	0	409.5633854823245	3165.913507904763	1	0	1	2.679140922763515
36200.0	6000.0	2965.9135079047737	0.0	0	321.3876251909969	3165.913507904763	1	0	1	2.6791409227635143
37200.0	6000.0	2965.91350790478	0.0	0	572.2453831608436	3165.913507904763	1	0	1	2.6791409227635143
38200.0	6000.0	2965.913507904785	0.0	0	56.59743951382552	3165.913507904763	1	0	1	2.6791409227635143
39200.0	6000.0	2965.9135079047833	0.0	0	292.87665445638413	3165.913507904763	1	0	1	2.6791409227635143
40200.0	6000.0	2965.913507904786	0.0	0	222.16446403497685	3165.91350790477	1	0	1	2.679140922763514
41200.0	6000.0	2965.91350790478	0.0	0	83.39801472465479	3165.91350790477	1	0	1	2.679140922763514
42200.0	6000.0	2965.913507904781	0.0	0	199.15290585169714	3165.91350790477	1	0	1	2.679140922763514
43200.0	6000.0	2965.9135079047783	0.0	0	158.42554922694399	3165.91350790477	1	0	1	2.679140922763514
44200.0	6000.0	2965.9135079047815	0.0	0	182.20202820214035	3165.913507904763	1	0	1	2.6791409227635143
45309.1324725212	6000.0	2856.7810353835785	0.0	0	0.0	3165.913507904763	1	0	1	2.6791409227635143
46200.0	6000.0	2876.8267551568965	0.0	0	270.6004050997508	3076.826755156886	1	0	2	2.2846735060250807
47200.0	6000.0	2776.826755156901	0.0	0	208.301471153085	2976.826755156886	1	0	2	2.4945667816338695
48200.0	6000.0	2676.8267551568983	0.0	0	446.89728237085365	2876.8267551568715	1	0	2	2.504223717619216
49200.0	6000.0	2676.8267551568906	0.0	0	353.2365705976117	2876.826755156879	1	0	1	2.5080495980383026
50200.0	6000.0	2676.826755156889	0.0	0	448.7861232779105	2876.826755156886	1	0	1	2.7080495980383024
51200.0	6000.0	2676.826755156881	0.0	0	239.7233814065039	2876.826755156886	1	0	1	2.7080495980383024
52200.0	6000.0	2676.826755156882	0.0	0	409.89797269105475	2876.826755156879	1	0	1	2.708049598038303
53200.0	6000.0	2676.82675515689	0.0	0	58.88533513353468	2876.826755156879	1	0	1	2.708049598038303
54200.0	6000.0	2676.8267551568897	0.0	0	48.581528253700526	2876.826755156879	1	0	1	2.708049598038303
55200.0	6000.0	2676.8267551568956	0.0	0	382.7272640453666	2876.8267551568715	1	0	1	2.7080495980383033
56200.0	6000.0	2676.826755156901	0.0	0	175.18924943303864	2876.8267551568715	1	0	1	2.7080495980383033
57200.0	6000.0	2676.826755156907	0.0	0	179.2782646031119	2876.8267551568715	1	0	1	2.7080495980383033
58200.0	6000.0	2676.826755156913	0.0	0	45.116181868135754	2876.8267551568715	1	0	1	2.7080495980383033
59200.0	6000.0	2676.8267551569074	0.0	0	96.09047516393184	2876.8267551568715	1	0	1	2.7080495980383033
60200.0	6000.0	2676.8267551569097	0.0	0	102.67928732163273	2876.826755156879	1	0	1	2.708049598038303
61200.0	6000.0	2676.8267551569097	0.0	0	107.95808370564919	2876.826755156879	1	0	1	2.708049598038303
62200.0	6000.0	2676.8267551569083	0.0	0	0.8991563808813225	2876.826755156879	1	0	1	2.708049598038303
63200.0	6000.0	2676.826755156913	0.0	0	59.75028527752147	2876.826755156879	1	0	1	2.708049598038303
64200.0	6000.0	2676.8267551569024	0.0	0	42.01130974019907	2876.826755156879	1	0	1	2.708049598038303
65200.0	6000.0	2676.8267551569024	0.0	0	253.59236277624586	2876.826755156879	1	0	1	2.708049598038303
66200.0	6000.0	2676.8267551569033	0.0	0	13.361327227554284	2876.826755156879	1	0	1	2.7080495980383033
67200.0	6000.0	2676.8267551569074	0.0	0	209.36433743145608	2876.826755156886	1	0	1	2.7080495980383033
68200.0	6000.0	2676.8267551568993	0.0	0	27.967116624189657	2876.826755156879	1	0	1	2.708049598038303
69200.0	6000.0	2676.8267551568892	0.0	0	452.6219045903126	2876.8267551568715	1	0	1	2.7080495980383033
70200.0	6000.0	2676.8267551568856	0.0	0	455.49676887350506	2876.826755156857	1	0	1	2.708049598038305
71200.0	6000.0	2676.8267551568915	0.0	0	545.4077960729483	2876.826755156857	1	0	1	2.708049598038305
72200.0	6000.0	2676.826755156889	0.0	0	386.115906581108	2876.8267551568424	1	0	1	2.708049598038307
73200.0	6000.0	2676.826755156887	0.0	0	436.2940284504002	2876.8267551568424	1	0	1	2.708049598038307
74200.0	6000.0	2676.8267551568724	0.0	0	157.85578096896643	2876.8267551568424	1	0	1	2.708049598038307
75265.94163871882	6000.0	2610.8851164380594	0.0	0	0.0	2876.826755156828	1	0	1	2.7080495980383077
76200.0	6000.0	2676.826755156884	0.0	0	275.80208334026975	2876.826755156828	1	0	1	2.7080495980383077
77215.93855035186	6000.0	2660.888204805038	0.0	0	0.0	2876.826755156828	1	0	1	2.7080495980383077
78502.70478066197	6000.0	2374.1219744949303	0.0	0	0.0	2876.826755156828	1	0	1	2.7080495980383077
79316.99387914065	6000.0	2559.8328760162412	0.0	0	0.0	2876.826755156828	1	0	1	2.7080495980383077
80200.0	6000.0	2676.8267551568847	0.0	0	309.23311560603906	2876.8267551568424	1	0	1	2.708049598038307
81200.0	6000.0	2676.8267551568847	0.0	0	314.5015280106454	2876.8267551568424	1	0	1	2.708049598038307
82200.0	6000.0	2676.826755156906	0.0	0	165.13831045555708	2876.8267551568424	1	0	1	2.708049598038307
83200.0	6000.0	2676.8267551568974	0.0	0	215.37838011202984	2876.8267551568424	1	0	1	2.708049598038307
84200.0	6000.0	2676.8267551568983	0.0	0	86.74277380504645	2876.826755156828	1	0	1	2.7080495980383077
85200.0	6000.0	2676.8267551569106	0.0	0	395.3206212970399	2876.826755156828	1	0	1	2.7080495980383077
86200.0	6000.0	2676.8267551569043	0.0	0	541.7162661791372	2876.826755156828	1	0	1	2.7080495980383077
87667.27551454044	6000.0	2209.5512406164844	0.0	0	0.0	2876.8267551568424	1	0	1	2.708049598038307
88826.31287095664	6000.0	2050.5138842002825	0.0	0	0.0	2876.8267551568424	1	0	1	2.708049598038307
89773.88490902708	6000.0	2102.9418461298355	0.0	0	0.0	2876.8267551568424	1	0	1	2.708049598038307
90894.58044829924	6000.0	1982.246306857666	0.0	0	0.0	2876.8267551568424	1	0	1	2.708049598038307
91695.84106903661	6000.0	2180.9856861202716	0.0	0	0.0	2876.8267551568424	1	0	1	2.708049598038307
92357.87397436475	6000.0	2518.9527807921368	0.0	0	0.0	2876.826755156857	1	0	1	2.708049598038305
93200.0	6000.0	2676.826755156882	0.0	0	112.39729748469836	2876.826755156857	1	0	1	2.708049598038305
94262.66655654082	6000.0	2614.1601986160726	0.0	0	0.0	2876.8267551568715	1	0	1	2.7080495980383033
95213.79116379759	6000.0	2663.035591359304	0.0	0	0.0	2876.8267551568715	1	0	1	2.7080495980383033
96200.0	6000.0	2676.826755156902	0.0	0	471.06598058553936	2876.826755156886	1	0	1	2.7080495980383024
97200.0	6000.0	2676.8267551569056	0.0	0	255.0607230597816	2876.826755156886	1	0	1	2.7080495980383024
98200.0	6000.0	2676.8267551569047	0.0	0	219.22180765097437	2876.826755156886	1	0	1	2.7080495980383024
99200.0	6000.0	2676.826755156906	0.0	0	17.31786984592327	2876.826755156886	1	0	1	2.7080495980383024
100200.0	6000.0	2676.826755156906	0.0	0	410.7154817864648	2876.826755156886	1	0	1	2.7080495980383024
101200.0	6000.0	2676.826755156907	0.0	0	258.4462854083249	2876.826755156886	1	0	1	2.7080495980383024
102200.0	6000.0	2676.8267551569093	0.0	0	439.5537348377402	2876.826755156886	1	0	1	2.7080495980383024
103365.05349604572	6000.0	2511.7732591111903	0.0	0	0.0	2876.826755156886	1	0	1	2.7080495980383024
104200.0	6000.0	2676.8267551569124	0.0	0	15.411070188783924	2876.8267551569006	1	0	1	2.7080495980383006
105200.0	6000.0	2676.82675515691	0.0	0	143.8326946998859	2876.8267551569006	1	0	1	2.7080495980383006
106200.0	6000.0	2676.826755156921	0.0	0	307.7891806709813	2876.826755156915	1	0	1	2.7080495980383
107200.0	6000.0	2676.8267551569334	0.0	0	1.0988949866732582	2876.826755156915	1	0	1	2.7080495980382997
108200.0	6000.0	2676.826755156927	0.0	0	195.92378442587506	2876.826755156915	1	0	1	2.7080495980382997
109200.0	6000.0	2676.8267551569247	0.0	0	198.84974356960447	2876.826755156915	1	0	1	2.7080495980382997
110200.0	6000.0	2676.826755156922	0.0	0	261.1272653220367	2876.826755156915	1	0	1	2.7080495980382997
111200.0	6000.0	2676.826755156934	0.0	0	292.96947975544026	2876.826755156915	1	0	1	2.7080495980382997
112200.0	6000.0	2676.8267551569315	0.0	0	97.53420599699894	2876.826755156915	1	0	1	2.7080495980382997
113200.0	6000.0	2676.8267551569265	0.0	0	87.69025253906148	2876.8267551569297	1	0	1	2.708049598038298
114200.0	6000.0	2676.8267551569156	0.0	0	377.24649424834934	2876.826755156915	1	0	1	2.7080495980382997
115200.0	6000.0	2676.8267551569324	0.0	0	115.2181079563743	2876.826755156915	1	0	1	2.7080495980382997
116200.0	6000.0	2676.8267551569274	0.0	0	563.9394507576362	2876.826755156915	1	0	1	2.7080495980382997
117200.0	6000.0	2676.8267551569243	0.0	0	48.46113799753948	2876.826755156915	1	0	1	2.7080495980382997
118200.0	6000.0	2676.8267551569074	0.0	0	135.85761518320942	2876.826755156915	1	0	1	2.7080495980382997
119309.56665598087	6000.0	2567.2600991760096	0.0	0	0.0	2876.826755156915	1	0	1	2.7080495980382997
120200.0	6000.0	2676.8267551568933	0.0	0	83.38517972781847	2876.826755156915	1	0	1	2.7080495980382997
121200.0	6000.0	2676.826755156898	0.0	0	453.73605526416213	2876.826755156915	1	0	1	2.7080495980382997
122200.0	6000.0	2676.8267551569056	0.0	0	381.94722673436627	2876.826755156915	1	0	1	2.7080495980382997
123200.0	6000.0	2676.826755156907	0.0	0	481.5151077290793	2876.8267551569297	1	0	1	2.708049598038298
124330.67740220405	6000.0	2546.1493529528652	0.0	0	0.0	2876.8267551569297	1	0	1	2.708049598038298
125295.55112317455	6000.0	2581.2756319823598	0.0	0	0.0	2876.8267551569297	1	0	1	2.708049598038298
126200.0	6000.0	2676.826755156908	0.0	0	242.56675839195668	2876.8267551569297	1	0	1	2.708049598038298
127200.0	6000.0	2676.8267551569015	0.0	0	230.77558890693763	2876.826755156915	1	0	1	2.7080495980382997
128200.0	6000.0	2676.826755156915	0.0	0	350.93057129500085	2876.826755156915	1	0	1	2.7080495980382997
129200.0	6000.0	2676.8267551569393	0.0	0	380.4049643968028	2876.826755156915	1	0	1	2.7080495980382997
130200.0	6000.0	2676.8267551569356	0.0	0	244.645751484044	2876.8267551569006	1	0	1	2.7080495980383006
131200.0	6000.0	2676.8267551569525	0.0	0	190.29736880060227	2876.8267551569006	1	0	1	2.7080495980383006
132200.0	6000.0	2676.826755156942	0.0	0	263.4155916305899	2876.826755156886	1	0	1	2.708049598038302
133200.0	6000.0	2676.8267551569334	0.0	0	523.8204929742787	2876.8267551568715	1	0	1	2.7080495980383024
134200.0	6000.0	2676.826755156938	0.0	0	447.19414628017694	2876.826755156857	1	0	1	2.708049598038304
135200.0	6000.0	2676.826755156927	0.0	0	384.8827490218973	2876.826755156857	1	0	1	2.708049598038305
136200.0	6000.0	2676.8267551569215	0.0	0	311.94161241603433	2876.826755156857	1	0	1	2.708049598038305
137232.993204468	6000.0	2643.833550688931	0.0	0	0.0	2876.826755156857	1	0	1	2.708049598038305
138200.0	6000.0	2676.826755156872	0.0	0	459.9221431341721	2876.826755156828	1	0	1	2.7080495980383077
139200.0	6000.0	2676.8267551568556	0.0	0	46.95580036309548	2876.826755156828	1	0	1	2.7080495980383077
140200.0	6000.0	2676.826755156838	0.0	0	381.5778440076974	2876.826755156828	1	0	1	2.7080495980383077
141200.0	6000.0	2676.8267551568565	0.0	0	308.74933604343096	2876.826755156857	1	0	1	2.708049598038305
142267.72931812904	6000.0	2609.0974370278136	0.0	0	0.0	2876.826755156857	1	0	1	2.708049598038305
143200.0	6000.0	2676.8267551568615	0.0	0	70.30029842691147	2876.826755156857	1	0	1	2.708049598038305
144200.0	6000.0	2676.826755156854	0.0	0	528.6223628314328	2876.826755156857	1	0	1	2.708049598038305
145200.0	6000.0	2676.826755156879	0.0	0	477.61036227774457	2876.826755156857	1	0	1	2.708049598038305
146200.0	6000.0	2676.8267551568633	0.0	0	486.1046576977824	2876.826755156857	1	0	1	2.708049598038305
147200.0	6000.0	2676.826755156855	0.0	0	287.7756998940313	2876.826755156857	1	0	1	2.708049598038305
148200.0	6000.0	2676.826755156851	0.0	0	14.148968513094587	2876.826755156857	1	0	1	2.708049598038305
149200.0	6000.0	2676.826755156863	0.0	0	398.18826980961603	2876.826755156886	1	0	1	2.7080495980383024
150200.0	6000.0	2676.8267551568356	0.0	0	28.758438820921583	2876.826755156886	1	0	1	2.7080495980383024
151226.31374372082	6000.0	2650.513011435965	0.0	0	0.0	2876.826755156886	1	0	1	2.7080495980383024
152200.0	6000.0	2676.826755156799	0.0	0	303.99294092250057	2876.826755156886	1	0	1	2.7080495980383024
153200.0	6000.0	2676.8267551567806	0.0	0	329.1938019169611	2876.826755156886	1	0	1	2.7080495980383024
154200.0	6000.0	2676.8267551567906	0.0	0	173.01648845369346	2876.826755156886	1	0	1	2.7080495980383024
155200.0	6000.0	2676.8267551567983	0.0	0	195.36455901124282	2876.826755156886	1	0	1	2.7080495980383024
156200.0	6000.0	2676.8267551568224	0.0	0	336.2667254228145	2876.826755156886	1	0	1	2.7080495980383024
157200.0	6000.0	2676.826755156801	0.0	0	530.1793479178159	2876.826755156886	1	0	1	2.7080495980383024
158200.0	6000.0	2676.826755156792	0.0	0	51.710008959751576	2876.826755156886	1	0	1	2.7080495980383024
159200.0	6000.0	2676.8267551567983	0.0	0	264.2237476420414	2876.826755156886	1	0	1	2.7080495980383024
160200.0	6000.0	2676.8267551567787	0.0	0	98.75518898793962	2876.826755156886	1	0	1	2.7080495980383024
161200.0	6000.0	2676.8267551567774	0.0	0	462.3522598821437	2876.826755156915	1	0	1	2.7080495980382997
162200.0	6000.0	2676.826755156804	0.0	0	486.6721720387577	2876.826755156915	1	0	1	2.7080495980382997
163200.0	6000.0	2676.8267551568	0.0	0	422.4637482383987	2876.826755156915	1	0	1	2.7080495980382997
164200.0	6000.0	2676.8267551568024	0.0	0	50.257345560909016	2876.826755156915	1	0	1	2.7080495980382997
165200.0	6000.0	2676.826755156815	0.0	0	327.22331542585744	2876.826755156915	1	0	1	2.7080495980382997
166200.0	6000.0	2676.826755156813	0.0	0	476.44355711509706	2876.826755156915	1	0	1	2.7080495980382997
167511.7998080766	6000.0	2365.026947080206	0.0	0	0.0	2876.826755156915	1	0	1	2.7080495980382997
168220.0060966241	6000.0	2656.820658532721	0.0	0	0.0	2876.826755156915	1	0	1	2.7080495980382997
169200.0	6000.0	2676.826755156789	0.0	0	465.66849662640016	2876.826755156915	1	0	1	2.7080495980382997
170200.0	6000.0	2676.8267551568024	0.0	0	147.13503857899923	2876.8267551569443	1	0	1	2.708049598038296
171200.0	6000.0	2676.82675515684	0.0	0	255.56467350383173	2876.8267551569443	1	0	1	2.708049598038296
172200.0	6000.0	2676.8267551568433	0.0	0	393.4686454523471	2876.8267551569734	1	0	1	2.7080495980382935
173200.0	6000.0	2676.826755156797	0.0	0	701.5911999800883	2876.8267551569734	1	0	1	2.7080495980382935
174200.0	6000.0	2676.826755156812	0.0	0	325.0358422824647	2876.8267551570025	1	0	1	2.708049598038291
175200.0	6000.0	2676.8267551568506	0.0	0	471.3609575254086	2876.8267551570316	1	0	1	2.708049598038288
176200.0	6000.0	2676.8267551568238	0.0	0	322.7574596327904	2876.8267551570316	1	0	1	2.708049598038288
177491.940354407	6000.0	2384.8864007498273	0.0	0	0.0	2876.8267551570607	1	0	1	2.7080495980382846
178580.06566797866	6000.0	2296.7610871781894	0.0	0	0.0	2876.82675515709	1	0	1	2.708049598038282
179372.20469185174	6000.0	2504.6220633051057	0.0	0	0.0	2876.82675515709	1	0	1	2.708049598038282
180200.0	6000.0	2676.8267551568633	0.0	0	254.03249815263553	2876.82675515709	1	0	1	2.708049598038282
181200.0	6000.0	2676.8267551568742	0.0	0	157.89364578563254	2876.82675515709	1	0	1	2.708049598038282
182200.0	6000.0	2676.826755156857	0.0	0	547.4736266785767	2876.826755157119	1	0	1	2.7080495980382793
183200.0	6000.0	2676.826755156869	0.0	0	397.52656342540286	2876.826755157119	1	0	1	2.7080495980382793
184200.0	6000.0	2676.826755156851	0.0	0	372.3647475645121	2876.826755157119	1	0	1	2.7080495980382793
185200.0	6000.0	2676.8267551568597	0.0	0	566.7199178919545	2876.826755157119	1	0	1	2.7080495980382793
186200.0	6000.0	2676.826755156833	0.0	0	634.8392501330527	2876.826755157119	1	0	1	2.7080495980382793
187200.0	6000.0	2676.82675515683	0.0	0	241.73886515045888	2876.82675515709	1	0	1	2.708049598038282
188200.0	6000.0	2676.8267551568397	0.0	0	303.54867677020957	2876.8267551570607	1	0	1	2.7080495980382846
189200.0	6000.0	2676.8267551568574	0.0	0	122.1709709353745	2876.8267551570607	1	0	1	2.7080495980382846
190362.20014006548	6000.0	2514.6266150913652	0.0	0	0.0	2876.8267551570607	1	0	1	2.7080495980382846
191217.9845375808	6000.0	2658.842217576044	0.0	0	0.0	2876.8267551570607	1	0	1	2.7080495980382846
192206.68484011857	6000.0	2670.141915038261	0.0	0	0.0	2876.8267551570316	1	0	1	2.7080495980382855
193345.34377471887	6000.0	2531.4829804379624	0.0	0	0.0	2876.8267551570025	1	0	1	2.708049598038291
194432.93560031315	6000.0	2443.891154843666	0.0	0	0.0	2876.8267551570025	1	0	1	2.708049598038291
195200.0	6000.0	2676.826755156806	0.0	0	53.93880291984533	2876.8267551569734	1	0	1	2.7080495980382935
196200.0	6000.0	2676.8267551567924	0.0	0	149.05776678863913	2876.8267551569734	1	0	1	2.7080495980382935
197200.0	6000.0	2676.8267551567837	0.0	0	490.3843656893587	2876.8267551570025	1	0	1	2.708049598038291
198200.0	6000.0	2676.826755156811	0.0	0	284.225763417955	2876.8267551570316	1	0	1	2.708049598038288
199200.0	6000.0	2676.82675515682	0.0	0	493.99013005927554	2876.8267551570316	1	0	1	2.708049598038288
200200.0	6000.0	2676.82675515683	0.0	0	492.0435771745106	2876.8267551570316	1	0	1	2.708049598038288
201200.0	6000.0	2676.8267551568388	0.0	0	230.60132256071665	2876.8267551570316	1	0	1	2.708049598038288
202200.0	6000.0	2676.826755156857	0.0	0	245.29752945367363	2876.8267551570316	1	0	1	2.708049598038288
203200.0	6000.0	2676.8267551568415	0.0	0	275.81937848837697	2876.8267551570316	1	0	1	2.708049598038288
204200.0	6000.0	2676.8267551568274	0.0	0	61.38888243006659	2876.8267551570316	1	0	1	2.708049598038288
205200.0	6000.0	2676.8267551568124	0.0	0	82.80289938664646	2876.8267551570316	1	0	1	2.708049598038288
206200.0	6000.0	2676.8267551567965	0.0	0	86.48859095619991	2876.8267551570316	1	0	1	2.708049598038288
207260.77397615448	6000.0	2616.0527790023357	0.0	0	0.0	2876.8267551570607	1	0	1	2.7080495980382846
208375.02228169632	6000.0	2501.8044734605037	0.0	0	0.0	2876.8267551570607	1	0	1	2.7080495980382846
209200.0	6000.0	2676.8267551567988	0.0	0	127.91518193599768	2876.8267551570607	1	0	1	2.7080495980382846
210288.74024396812	6000.0	2588.0865111886474	0.0	0	0.0	2876.8267551570607	1	0	1	2.7080495980382846
211366.53902651693	6000.0	2510.2877286398534	0.0	0	0.0	2876.82675515709	1	0	1	2.7080495980382837
212431.27595705522	6000.0	2445.550798101566	0.0	0	0.0	2876.82675515709	1	0	1	2.708049598038282
213410.52955592357	6000.0	2466.297199233207	0.0	0	0.0	2876.8267551570607	1	0	1	2.7080495980382837
214200.0	6000.0	2676.8267551567724	0.0	0	52.356839835701976	2876.82675515709	1	0	1	2.708049598038282
215200.0	6000.0	2676.8267551567787	0.0	0	206.8381471564644	2876.82675515709	1	0	1	2.708049598038282
216200.0	6000.0	2676.8267551567988	0.0	0	3.4028597412107047	2876.82675515709	1	0	1	2.708049598038282
217200.0	6000.0	2676.826755156803	0.0	0	95.76916031583096	2876.82675515709	1	0	1	2.708049598038282
218200.0	6000.0	2676.8267551567997	0.0	0	494.6808635247289	2876.82675515709	1	0	1	2.708049598038282
219200.0	6000.0	2676.8267551567856	0.0	0	229.7693867435155	2876.82675515709	1	0	1	2.708049598038282
220200.0	6000.0	2676.8267551567947	0.0	0	318.16373107914114	2876.82675515709	1	0	1	2.708049598038282
221200.0	6000.0	2676.8267551568083	0.0	0	413.70627587044146	2876.82675515709	1	0	1	2.708049598038282
222200.0	6000.0	2676.8267551568238	0.0	0	547.5972928183328	2876.8267551570607	1	0	1	2.7080495980382846
223200.0	6000.0	2676.8267551568283	0.0	0	154.68585222787806	2876.8267551570607	1	0	1	2.7080495980382846
224285.6840754265	6000.0	2591.142679730315	0.0	0	0.0	2876.82675515709	1	0	1	2.708049598038284
225259.28355286687	6000.0	2617.5432022899386	0.0	0	0.0	2876.82675515709	1	0	1	2.708049598038282
226601.43437727622	6000.0	2275.3923778805874	0.0	0	0.0	2876.82675515709	1	0	1	2.708049598038282
227674.17709906204	6000.0	2202.649656094762	0.0	0	0.0	2876.82675515709	1	0	1	2.708049598038282
228465.38235141378	6000.0	2411.4444037430153	0.0	0	0.0	2876.82675515709	1	0	1	2.708049598038282
229200.0	6000.0	2676.8267551568147	0.0	0	157.77296199806733	2876.82675515709	1	0	1	2.708049598038282
230200.0	6000.0	2676.8267551568106	0.0	0	137.51118955481797	2876.82675515709	1	0	1	2.708049598038282
231200.0	6000.0	2676.8267551567933	0.0	0	336.22958519897657	2876.82675515709	1	0	1	2.708049598038282
232200.0	6000.0	2676.826755156783	0.0	0	148.46171389421215	2876.82675515709	1	0	1	2.708049598038282
233200.0	6000.0	2676.826755156773	0.0	0	251.6049665544997	2876.82675515709	1	0	1	2.708049598038282
234200.0	6000.0	2676.826755156751	0.0	0	421.31544645148097	2876.8267551570607	1	0	1	2.7080495980382846
235200.0	6000.0	2676.8267551567587	0.0	0	295.27489073271863	2876.8267551570607	1	0	1	2.7080495980382846
236459.73160057754	6000.0	2417.0951545792295	0.0	0	0.0	2876.82675515709	1	0	1	2.7080495980382833
237435.52762438613	6000.0	2441.2991307706275	0.0	0	0.0	2876.82675515709	1	0	1	2.708049598038282
238324.19341714116	6000.0	2552.633338015609	0.0	0	0.0	2876.82675515709	1	0	1	2.708049598038282
239250.82163891208	6000.0	2626.005116244689	0.0	0	0.0	2876.82675515709	1	0	1	2.708049598038282
240414.40835178882	6000.0	2462.418403367939	0.0	0	0.0	2876.826755157119	1	0	1	2.70804959803828
241267.5900118251	6000.0	2609.236743331696	0.0	0	0.0	2876.826755157119	1	0	1	2.7080495980382793
242200.0	6000.0	2676.8267551567847	0.0	0	276.22781699482584	2876.826755157119	1	0	1	2.7080495980382793
243608.4732244629	6000.0	2268.3535306938657	0.0	0	0.0	2876.82675515709	1	0	1	2.708049598038282
244389.04617434388	6000.0	2487.7805808129456	0.0	0	0.0	2876.82675515709	1	0	1	2.708049598038282
245200.0	6000.0	2676.826755156821	0.0	0	78.72460846343893	2876.82675515709	1	0	1	2.708049598038282
246200.0	6000.0	2676.8267551568283	0.0	0	368.66481859379564	2876.82675515709	1	0	1	2.708049598038282
247200.0	6000.0	2676.8267551568383	0.0	0	31.03841452821507	2876.8267551570607	1	0	1	2.7080495980382846
248205.3971249007	6000.0	2671.4296302561534	0.0	0	0.0	2876.8267551570607	1	0	1	2.7080495980382846
249200.0	6000.0	2676.82675515687	0.0	0	296.13054483989254	2876.8267551570607	1	0	1	2.7080495980382846
250200.0	6000.0	2676.8267551568742	0.0	0	273.3226585839293	2876.82675515709	1	0	1	2.708049598038282
251200.0	6000.0	2676.826755156885	0.0	0	490.6921297618828	2876.82675515709	1	0	1	2.708049598038282
252200.0	6000.0	2676.8267551568615	0.0	0	156.38120948226424	2876.82675515709	1	0	1	2.708049598038282
253200.0	6000.0	2676.8267551568542	0.0	0	335.7002974237548	2876.8267551570607	1	0	1	2.7080495980382846
254272.2691727431	6000.0	2604.557582413751	0.0	0	0.0	2876.8267551570607	1	0	1	2.7080495980382846
255243.14273336972	6000.0	2633.6840217871672	0.0	0	0.0	2876.8267551570607	1	0	1	2.7080495980382846
256200.0	6000.0	2676.826755156926	0.0	0	147.64241454124567	2876.8267551570607	1	0	1	2.7080495980382846
257200.0	6000.0	2676.8267551569297	0.0	0	131.05639282276388	2876.8267551570607	1	0	1	2.7080495980382846
258200.0	6000.0	2676.8267551569156	0.0	0	419.0794343012676	2876.8267551570316	1	0	1	2.708049598038288
259200.0	6000.0	2676.8267551569315	0.0	0	404.43035612851963	2876.8267551570316	1	0	1	2.708049598038288
260200.0	6000.0	2676.8267551569656	0.0	0	256.68961848699837	2876.8267551570316	1	0	1	2.708049598038288
261222.19361646142	6000.0	2654.6331386955558	0.0	0	0.0	2876.8267551570316	1	0	1	2.708049598038288
262450.68192220794	6000.0	2426.144832948985	0.0	0	0.0	2876.8267551570025	1	0	1	2.70804959803829
263378.4213181638	6000.0	2498.405436993098	0.0	0	0.0	2876.8267551570316	1	0	1	2.70804959803829
264204.62662341027	6000.0	2672.2001317465865	0.0	0	0.0	2876.8267551570316	1	0	1	2.7080495980382864
265200.0	6000.0	2676.8267551569024	0.0	0	345.22980538592674	2876.82675515709	1	0	1	2.7080495980382837
266200.0	6000.0	2676.8267551568715	0.0	0	262.7133755480754	2876.82675515709	1	0	1	2.708049598038282
267220.4088221024	6000.0	2656.4179330544134	0.0	0	0.0	2876.82675515709	1	0	1	2.708049598038282
268349.1084467569	6000.0	2527.7183083999585	0.0	0	0.0	2876.82675515709	1	0	1	2.708049598038282
269200.0	6000.0	2676.826755156794	0.0	0	202.4716170009924	2876.826755157148	1	0	1	2.708049598038276
270200.0	6000.0	2676.8267551567305	0.0	0	386.14028509921627	2876.826755157148	1	0	1	2.708049598038276
271200.0	6000.0	2676.8267551567023	0.0	0	416.2219523717649	2876.826755157148	1	0	1	2.708049598038276
272200.0	6000.0	2676.826755156678	0.0	0	523.0926385305938	2876.826755157148	1	0	1	2.708049598038276
273200.0	6000.0	2676.8267551566905	0.0	0	227.31042362982407	2876.826755157148	1	0	1	2.708049598038276
274255.96155259764	6000.0	2620.865202559032	0.0	0	0.0	2876.82675515709	1	0	1	2.7080495980382775
275200.0	6000.0	2676.8267551566732	0.0	0	37.3681590462802	2876.82675515709	1	0	1	2.708049598038282
276200.0	6000.0	2676.826755156661	0.0	0	12.148288762313314	2876.82675515709	1	0	1	2.7080495980382775
277200.0	6000.0	2676.826755156707	0.0	0	505.273549451842	2876.82675515709	1	0	1	2.708049598038282
278200.0	6000.0	2676.826755156737	0.0	0	137.72664534131764	2876.82675515709	1	0	1	2.708049598038282
279200.0	6000.0	2676.826755156672	0.0	0	318.7689735199674	2876.8267551570316	1	0	1	2.708049598038288
280200.0	6000.0	2676.826755156593	0.0	0	395.92690371419303	2876.8267551569734	1	0	1	2.7080495980382935
281200.0	6000.0	2676.8267551565873	0.0	0	269.18975185992895	2876.8267551569734	1	0	1	2.7080495980382935
282200.0	6000.0	2676.8267551566196	0.0	0	425.82425060053356	2876.8267551569734	1	0	1	2.7080495980382935
283200.0	6000.0	2676.826755156596	0.0	0	537.4968864913681	2876.8267551569734	1	0	1	2.7080495980382935
284200.0	6000.0	2676.826755156688	0.0	0	390.4094788490329	2876.8267551570316	1	0	1	2.708049598038288
285200.0	6000.0	2676.8267551567683	0.0	0	13.286267139366828	2876.8267551570316	1	0	1	2.708049598038288
286240.44392431626	6000.0	2636.3828308405105	0.0	0	0.0	2876.8267551570316	1	0	1	2.708049598038288
287200.0	6000.0	2676.826755156765	0.0	0	179.94810276740463	2876.8267551570316	1	0	1	2.708049598038288
288200.0	6000.0	2676.8267551567483	0.0	0	169.77405392820947	2876.8267551570316	1	0	1	2.708049598038288
289200.0	6000.0	2676.8267551567096	0.0	0	425.057172176952	2876.8267551570316	1	0	1	2.708049598038288
290200.0	6000.0	2676.826755156742	0.0	0	297.91058998170774	2876.82675515709	1	0	1	2.708049598038282
291200.0	6000.0	2676.8267551567537	0.0	0	249.07048043585382	2876.82675515709	1	0	1	2.708049598038282
292200.0	6000.0	2676.8267551567606	0.0	0	205.62184546870412	2876.82675515709	1	0	1	2.708049598038282
293200.0	6000.0	2676.826755156697	0.0	0	606.9727725039702	2876.82675515709	1	0	1	2.708049598038282
294200.0	6000.0	2676.8267551567083	0.0	0	274.4887188929715	2876.82675515709	1	0	1	2.708049598038282
295200.0	6000.0	2676.8267551566546	0.0	0	366.1105369635625	2876.82675515709	1	0	1	2.708049598038282
296200.0	6000.0	2676.826755156713	0.0	0	391.2105570411077	2876.82675515709	1	0	1	2.708049598038282
297200.0	6000.0	2676.8267551566832	0.0	0	7.792925302288495	2876.82675515709	1	0	1	2.708049598038282
298200.0	6000.0	2676.8267551567087	0.0	0	328.7482676318032	2876.8267551570316	1	0	1	2.708049598038288
299319.2132219037	6000.0	2557.613533252999	0.0	0	0.0	2876.8267551569734	1	0	1	2.7080495980382935
300200.0	6000.0	2676.8267551567756	0.0	0	268.8281362395501	2876.8267551569734	1	0	1	2.7080495980382935
6.61	7.96	8.25	10.3	8.07	7.1	8.05	9.33	12.4	7.59	6.1	9.48	10.7	5.44	7.66	10.4	9.26	10.5	12.7	16.7	9.7	9.2	8.92	6.41	5.98	7.96	8.69	9.22	13.5	11.8	9.93	11.3	13.7	8.18	8.31	8.02	5.71	7.06	6.96	7.11	6.3	8.61	6.87	9.66	9.6	12.1	10.3	9.48	8.38	8.72	8.48	8.32	6.92	7.19	6.52	7.39	6.05	7.8	6.63	6.73	10.2	7.69	7.97	8.09	9.55	9.13	10.9	8.53	11.9	6.7	6.8	8.46	4.81	5.91	7.15	10.0	7.55	7.02	8.88	7.65	10.8	10.7	4.22	6.86	6.73	5.86	4.84	6.78	10.7	5.35	5.98	8.66	7.49	8.27	5.83	10.2	10.6	11.0	6.79	7.16	6.45	7.77	7.96	9.29	9.24	7.89	10.7	6.73	6.51	8.0	8.56	11.8	6.94	6.89	5.93	8.12	10.1	12.5	12.6	7.29	6.59	7.75	8.58	10.4	9.2	10.9	8.18	7.89	11.7	12.1	11.4	6.67	7.09	9.36	8.79	14.1	7.94	7.38	9.49	15.8	10.5	10.4	11.5	6.87	7.66	6.44	7.7	10.8	8.91	10.8	6.61	7.96	8.25	10.3	8.07	7.1	8.05	9.33	12.4	7.59	6.1	9.48	10.7	5.44	7.66	10.4	9.26	10.5	12.7	16.7	9.7	9.2	8.92	6.41	5.98	7.96	8.69	9.22	13.5	11.8	9.93	11.3	13.7	8.18	8.31	8.02	5.71	7.06	6.96	7.11	6.3	8.61	6.87	9.66	9.6	12.1	10.3	9.48	8.38	8.72	8.48	8.32	6.92	7.19	6.52	7.39	6.05	7.8	6.63	6.73	10.2	7.69	7.97	8.09	9.55	9.13	10.9	8.53	11.9	6.7	6.8	8.46	4.81	5.91	7.15	10.0	7.55	7.02	8.88	7.65	10.8	10.7	4.22	6.86	6.73	5.86	4.84	6.78	10.7	5.35	5.98	8.66	7.49	8.27	5.83	10.2	10.6	11.0	6.79	7.16	6.45	7.77	7.96	9.29	9.24	7.89	10.7	6.73	6.51	8.0	8.56	11.8	6.94	6.89	5.93	8.12	10.1	12.5	12.6	7.29	6.59	7.75	8.58	10.4	9.2	10.9	8.18	7.89	11.7	12.1	11.4	6.67	7.09	9.36	8.79	14.1	7.94	7.38	9.49	15.8	10.5	10.4	11.5	6.87	7.66	6.44	7.7	10.8	8.91	10.8	6.61
1.0	2.0	3.0	4.0	5.0	6.0	7.0	8.0	9.0	10.0	11.0	12.0	13.0	14.0	15.0	16.0	17.0	18.0	19.0	20.0	21.0	22.0	23.0	24.0	25.0	26.0	27.0	28.0	29.0	30.0	31.0	32.0	33.0	34.0	35.0	36.0	37.0	38.0	39.0	40.0	41.0	42.0	43.0	44.0	45.0	46.0	47.0	48.0	49.0	50.0	51.0	52.0	53.0	54.0	55.0	56.0	57.0	58.0	59.0	60.0	61.0	62.0	63.0	64.0	65.0	66.0	67.0	68.0	69.0	70.0	71.0	72.0	73.0	74.0	75.0	76.0	77.0	78.0	79.0	80.0	81.0	82.0	83.0	84.0	85.0	86.0	87.0	88.0	89.0	90.0	91.0	92.0	93.0	94.0	95.0	96.0	97.0	98.0	99.0	100.0	101.0	102.0	103.0	104.0	105.0	106.0	107.0	108.0	109.0	110.0	111.0	112.0	113.0	114.0	115.0	116.0	117.0	118.0	119.0	120.0	121.0	122.0	123.0	124.0	125.0	126.0	127.0	128.0	129.0	130.0	131.0	132.0	133.0	134.0	135.0	136.0	137.0	138.0	139.0	140.0	141.0	142.0	143.0	144.0	145.0	146.0	147.0	148.0	149.0	149.0	150.0	151.0	152.0	153.0	154.0	155.0	156.0	157.0	158.0	159.0	160.0	161.0	162.0	163.0	164.0	165.0	166.0	167.0	168.0	169.0	170.0	171.0	172.0	173.0	174.0	175.0	176.0	177.0	178.0	179.0	180.0	181.0	182.0	183.0	184.0	185.0	186.0	187.0	188.0	189.0	190.0	191.0	192.0	193.0	194.0	195.0	196.0	197.0	198.0	199.0	200.0	201.0	202.0	203.0	204.0	205.0	206.0	207.0	208.0	209.0	210.0	211.0	212.0	213.0	214.0	215.0	216.0	217.0	218.0	219.0	220.0	221.0	222.0	223.0	224.0	225.0	226.0	227.0	228.0	229.0	230.0	231.0	232.0	233.0	234.0	235.0	236.0	237.0	238.0	239.0	240.0	241.0	242.0	243.0	244.0	245.0	246.0	247.0	248.0	249.0	250.0	251.0	252.0	253.0	254.0	255.0	256.0	257.0	258.0	259.0	260.0	261.0	262.0	263.0	264.0	265.0	266.0	267.0	268.0	269.0	270.0	271.0	272.0	273.0	274.0	275.0	276.0	277.0	278.0	279.0	280.0	281.0	282.0	283.0	284.0	285.0	286.0	287.0	288.0	289.0	290.0	291.0	292.0	293.0	294.0	295.0	296.0	297.0	298.0	298.0	299.0
4179.540010106464
