4635.341082561489	300.0	2000.0	112.67838854804747	0	0.0	4635.341082561489	1	0	1	-1.1376256962227047
4749.756530255933	300.0	2874.143007536112	0.0	0	0.0	4623.899537792045	1	0	2	-0.8626093914660566
4948.209629627242	500.0	3655.8445982276717	0.0	0	0.0	4604.054227854914	1	0	2	-0.6608631908752587
5200.0	500.0	4378.875190817637	0.0	0	96.16398563097573	4578.875190817638	1	0	2	-0.1481438479207529
6200.0	500.0	4278.8751908176355	0.0	0	857.3507701990693	4478.875190817636	1	0	2	-0.1410618953157733
7200.0	1000.0	4178.875190817635	0.0	0	770.3154097270108	4378.875190817638	1	0	2	-0.13106189531577322
8200.0	1000.0	4078.8751908176346	0.0	0	795.4766205859742	4278.875190817638	1	0	2	0.5720852852441721
9200.0	2000.0	3978.8751908176328	0.0	0	479.24506408646266	4178.875190817635	1	0	2	0.5820852852441724
10433.287797019657	3000.0	3622.2586140960098	0.0	0	0.0	4055.546411115669	1	0	2	1.2883238694253227
11305.73476027582	3000.0	3662.56695451423	0.0	0	0.0	3968.301714790051	1	0	2	1.7035390707180724
12200.0	3000.0	3678.875190817631	0.0	0	134.86923635814674	3878.8751908176346	1	0	2	1.711758464831155
13200.0	3000.0	3678.8751908176305	0.0	0	13.46780373177171	3878.8751908176364	1	0	1	1.7146975739122823
14200.0	3000.0	3578.8751908176305	0.0	0	156.2389779123314	3778.875190817638	1	0	2	1.521433129780036
15622.201020010369	3000.0	3014.454068806224	0.0	0	0.0	3636.6550888166003	1	0	2	1.7360034127279345
16318.571798745908	3000.0	3318.083290070685	0.0	0	0.0	3636.655088816602	1	0	1	1.7389195841123857
17200.0	3000.0	3348.5122686911877	0.0	0	151.94498262323395	3548.5122686911945	1	0	2	1.5447299782478183
18200.0	3000.0	3248.512268691189	0.0	0	291.4043773990088	3448.5122686911945	1	0	2	1.7541988247161842
19200.0	3000.0	3148.5122686911864	0.0	0	285.2069921963848	3348.512268691191	1	0	2	1.7641702844163683
20200.0	3000.0	3048.512268691185	0.0	0	58.86206944701917	3248.5122686911927	1	0	2	1.7746945690562537
21624.1419465305	3000.0	2481.956127507629	0.0	0	0.0	3106.0980740381383	1	0	2	1.7878142331393958
22874.945842517736	3000.0	2106.0718419216623	0.0	0	0.0	2981.017684439408	1	0	2	1.8016497686221888
23934.097908572643	3000.0	1941.0045692612707	0.0	0	0.0	2875.1024778339233	1	0	2	1.8126871971490934
24542.046851793755	3000.0	2272.2607317180436	0.0	0	0.0	2814.307583511807	1	0	2	1.8194192149348571
25417.711040704056	3000.0	2309.0301239167115	0.0	0	0.0	2726.7411646207765	1	0	2	1.827775549565601
26200.0	3000.0	2448.512268691174	0.0	0	167.03878355398774	2648.512268691178	1	0	2	1.8349226092512443
27200.0	3000.0	2348.5122686911764	0.0	0	16.610915049510368	2548.512268691178	1	0	2	1.8447571111070649
28212.817393648584	3000.0	2335.6948750425936	0.0	0	0.0	2548.5122686911745	1	0	1	1.8477338661249285
29200.0	3000.0	2348.5122686911777	0.0	0	354.93288890505573	2548.5122686911745	1	0	1	2.0477338661249287
30200.0	3000.0	2348.5122686911786	0.0	0	370.0373233266255	2548.5122686911745	1	0	1	2.0477338661249287
31200.0	3000.0	2348.5122686911745	0.0	0	221.26185081018775	2548.5122686911745	1	0	1	2.0477338661249287
32200.0	3000.0	2248.512268691175	0.0	0	386.32872173014766	2448.512268691178	1	0	2	1.6539686371957716
33200.0	3000.0	2248.5122686911736	0.0	0	361.3859785165041	2448.512268691178	1	0	1	1.8577338661249283
34283.6807245797	3000.0	2164.8315441114787	0.0	0	0.0	2448.5122686911855	1	0	1	2.057733866124928
35200.0	3000.0	2248.5122686911764	0.0	0	32.239419974401244	2448.512268691178	1	0	1	2.0577338661249285
36200.0	3000.0	2248.512268691174	0.0	0	423.7125543171496	2448.512268691178	1	0	1	2.0577338661249285
37200.0	3000.0	2248.512268691174	0.0	0	152.2142812328093	2448.512268691178	1	0	1	2.0577338661249285
38200.0	3000.0	2248.512268691169	0.0	0	100.2141324040349	2448.512268691178	1	0	1	2.0577338661249285
39337.955479984776	3000.0	1996.761240707917	0.0	0	0.0	2334.716720692697	1	0	2	1.6663927716663605
40516.010603237635	3000.0	1818.7061174550456	0.0	0	0.0	2334.716720692697	1	0	1	1.8691134209247762
41257.99306613966	3000.0	2076.723654553027	0.0	0	0.0	2334.716720692697	1	0	1	2.0691134209247766
42200.0	3000.0	2134.716720692685	0.0	0	23.117028715161723	2334.7167206926897	1	0	1	2.069113420924777
43315.05982657381	3000.0	2019.65689411888	0.0	0	0.0	2334.7167206926824	1	0	1	2.069113420924778
44290.32104106028	3000.0	2044.3956796324023	0.0	0	0.0	2334.716720692675	1	0	1	2.0691134209247783
45200.0	2000.0	2134.716720692679	0.0	0	451.17509802646236	2334.7167206926824	1	0	1	1.2581832047084482
46200.0	3000.0	2134.716720692676	0.0	0	179.19238173193298	2334.7167206926824	1	0	1	1.663648312816613
47200.0	3000.0	2134.7167206926774	0.0	0	43.13297419990704	2334.7167206926824	1	0	1	2.069113420924778
48279.83248854338	3000.0	2054.8842321492907	0.0	0	0.0	2334.7167206926824	1	0	1	2.069113420924778
49200.0	3000.0	2134.7167206926824	0.0	0	181.0658542887977	2334.7167206926824	1	0	1	2.069113420924778
50453.07507170449	3000.0	1881.6416489881972	0.0	0	0.0	2334.7167206926824	1	0	1	2.069113420924778
51200.0	3000.0	2134.7167206926824	0.0	0	42.731002698994416	2334.7167206926824	1	0	1	2.069113420924778
52200.0	3000.0	2034.716720692681	0.0	0	150.79123403644917	2234.716720692668	1	0	2	1.6758470847497813
53200.0	3000.0	2034.7167206926788	0.0	0	226.68161326022528	2234.716720692668	1	0	1	1.8791134209247793
54310.09166784106	3000.0	1924.6250528516157	0.0	0	0.0	2234.716720692668	1	0	1	2.0791134209247795
55543.25012588621	3000.0	1691.4665948064685	0.0	0	0.0	2234.716720692668	1	0	1	2.0791134209247795
56261.73045712721	3000.0	1972.9862635654679	0.0	0	0.0	2234.7167206926606	1	0	1	2.07911342092478
57200.0	3000.0	2034.7167206926879	0.0	0	275.66670774704835	2234.7167206926606	1	0	1	2.07911342092478
58243.84168807235	3000.0	1990.8750326203308	0.0	0	0.0	2234.7167206926606	1	0	1	2.07911342092478
59200.0	3000.0	1939.1008894999209	0.0	0	257.51283035683446	2139.100889499896	1	0	2	1.6851409792411158
60200.0	3000.0	1839.100889499919	0.0	0	380.89673721657164	2039.1008894998959	1	0	2	1.8948370246812933
61223.85490716191	3000.0	1815.245982338003	0.0	0	0.0	2039.1008894998886	1	0	1	1.898675004044057
62200.0	3000.0	1839.1008894999095	0.0	0	456.69050700320804	2039.1008894998813	1	0	1	2.098675004044058
63200.0	3000.0	1839.1008894999036	0.0	0	262.0881431136004	2039.1008894998886	1	0	1	2.098675004044057
64357.17913428559	3000.0	1681.9217552143182	0.0	0	0.0	2039.1008894998959	1	0	1	2.0986750040440567
65511.626280281496	3000.0	1412.029894618821	0.0	0	0.0	1923.6561749003085	1	0	2	1.7075788126444789
66229.05853676976	3000.0	1694.5976381305557	0.0	0	0.0	1923.6561749003085	1	0	1	1.910219475504015
67201.56598512978	3000.0	1722.0901897705312	0.0	0	0.0	1923.656174900294	1	0	1	2.110219475504016
68200.0	3000.0	1723.6561749003044	0.0	0	181.90925880140276	1923.6561749003013	1	0	1	2.110219475504016
69200.0	3000.0	1723.6561749002956	0.0	0	56.89371289679548	1923.6561749003013	1	0	1	2.110219475504016
70200.0	3000.0	1723.656174900317	0.0	0	238.07216531901213	1923.6561749003013	1	0	1	2.110219475504016
71200.0	3000.0	1723.6561749003301	0.0	0	169.45026742895425	1923.6561749003013	1	0	1	2.110219475504016
72200.0	3000.0	1723.6561749003315	0.0	0	253.69202646355552	1923.6561749002867	1	0	1	2.1102194755040173
73260.67448118606	3000.0	1662.9816937142793	0.0	0	0.0	1923.6561749002867	1	0	1	2.1102194755040173
74200.0	2000.0	1723.656174900334	0.0	0	162.57822004875925	1923.6561749002867	1	0	1	1.2992892592876881
75200.0	3000.0	1723.6561749003322	0.0	0	218.54552780030644	1923.6561749003013	1	0	1	1.7047543673958514
76227.19797598782	3000.0	1696.4581989125154	0.0	0	0.0	1923.6561749003013	1	0	1	2.110219475504016
77200.0	3000.0	1723.6561749003467	0.0	0	241.35250887011352	1923.6561749003013	1	0	1	2.110219475504016
78200.0	3000.0	1723.656174900351	0.0	0	200.6148887109448	1923.6561749003013	1	0	1	2.110219475504016
79200.0	3000.0	1723.656174900344	0.0	0	297.7845775907772	1923.6561749003013	1	0	1	2.110219475504016
80200.0	3000.0	1723.656174900354	0.0	0	427.9439963909681	1923.6561749003013	1	0	1	2.110219475504016
81200.0	3000.0	1723.656174900346	0.0	0	462.3948930599581	1923.6561749003013	1	0	1	2.110219475504016
82200.0	3000.0	1723.6561749003386	0.0	0	177.36969298044278	1923.6561749003013	1	0	1	2.110219475504016
83225.6004461469	3000.0	1698.0557287534211	0.0	0	0.0	1923.6561749003013	1	0	1	2.110219475504016
84200.0	3000.0	1723.6561749003213	0.0	0	287.6577727637341	1923.6561749003013	1	0	1	2.110219475504016
85200.0	3000.0	1723.6561749003258	0.0	0	36.4095269387617	1923.6561749002867	1	0	1	2.1102194755040173
86256.28841554307	3000.0	1667.367759357271	0.0	0	0.0	1923.6561749003013	1	0	1	2.110219475504016
87358.55297176192	3000.0	1565.1032031384025	0.0	0	0.0	1923.6561749003158	1	0	1	2.1102194755040147
88256.16750499827	3000.0	1667.488669902046	0.0	0	0.0	1923.6561749003158	1	0	1	2.1102194755040147
89566.36070683078	3000.0	1357.295468069546	0.0	0	0.0	1923.6561749003158	1	0	1	2.1102194755040147
90545.7659837734	3000.0	1377.8901911269268	0.0	0	0.0	1923.6561749003158	1	0	1	2.1102194755040147
91513.93371373438	3000.0	1409.7224611659533	0.0	0	0.0	1923.6561749003158	1	0	1	2.1102194755040147
92395.89919208873	3000.0	1527.7569828115788	0.0	0	0.0	1923.6561749003158	1	0	1	2.1102194755040147
93446.99583348031	3000.0	1476.6603414199983	0.0	0	0.0	1923.6561749003158	1	0	1	2.1102194755040147
94200.0	3000.0	1723.656174900302	0.0	0	16.80232043750584	1923.6561749003304	1	0	1	2.110219475504013
95200.0	3000.0	1723.6561749003013	0.0	0	179.89458867035864	1923.6561749003304	1	0	1	2.110219475504013
96200.0	3000.0	1723.6561749003126	0.0	0	495.9074564320181	1923.656174900345	1	0	1	2.1102194755040116
97200.0	3000.0	1723.656174900313	0.0	0	371.5503578448406	1923.656174900345	1	0	1	2.1102194755040116
98200.0	3000.0	1723.6561749003085	0.0	0	289.9750539196393	1923.6561749003304	1	0	1	2.110219475504013
99279.73024724593	3000.0	1643.9259276543792	0.0	0	0.0	1923.656174900345	1	0	1	2.1102194755040116
100200.0	3000.0	1723.6561749003035	0.0	0	99.44916821134393	1923.6561749003595	1	0	1	2.1102194755040102
101200.0	3000.0	1723.6561749003179	0.0	0	182.40206622461847	1923.6561749003595	1	0	1	2.1102194755040102
102236.06104379268	3000.0	1687.5951311076171	0.0	0	0.0	1923.6561749003595	1	0	1	2.1102194755040102
103672.32994367278	3000.0	1251.3262312275176	0.0	0	0.0	1923.6561749003595	1	0	1	2.1102194755040102
104812.9409495999	3000.0	1110.7152253004188	0.0	0	0.0	1923.6561749003595	1	0	1	2.1102194755040102
106079.74198402793	3000.0	843.9141908723902	0.0	0	0.0	1923.656174900374	1	0	1	2.110219475504009
107010.68166283659	3000.0	912.9745120637231	0.0	0	0.0	1923.6561749003886	1	0	1	2.110219475504007
108358.43300483815	3000.0	565.2231700621775	0.0	0	0.0	1923.6561749003886	1	0	1	2.110219475504007
109420.29453353524	3000.0	503.36164136508086	0.0	0	0.0	1923.6561749003886	1	0	1	2.110219475504007
110349.769864299	3000.0	573.8863106013281	0.0	0	0.0	1923.6561749003886	1	0	1	2.110219475504007
111098.86219705406	2000.0	824.7939778462681	0.0	0	0.0	1923.6561749003886	1	0	1	1.2992892592876777
111811.60186908543	2000.0	1112.054305814891	0.0	0	0.0	1923.6561749003886	1	0	1	1.7047543673958423
112531.68246748325	3000.0	1391.973707417082	0.0	0	0.0	1923.6561749003886	1	0	1	1.7047543673958425
113264.35043267885	3000.0	1659.3057422214742	0.0	0	0.0	1923.6561749003886	1	0	1	2.110219475504007
114200.0	3000.0	1723.6561749003472	0.0	0	16.79902573901927	1923.6561749003886	1	0	1	2.110219475504007
115200.0	3000.0	1723.6561749003317	0.0	0	207.7236828439054	1923.656174900374	1	0	1	2.110219475504009
116200.0	3000.0	1723.6561749003242	0.0	0	148.72499407079886	1923.656174900374	1	0	1	2.110219475504009
117200.0	3000.0	1723.6561749003195	0.0	0	148.69716346608766	1923.656174900374	1	0	1	2.110219475504009
118330.52913267504	3000.0	1593.1270422252737	0.0	0	0.0	1923.6561749003595	1	0	1	2.1102194755040102
119463.26124999225	3000.0	1460.3949249080654	0.0	0	0.0	1923.6561749003595	1	0	1	2.1102194755040102
120238.33174617117	2000.0	1685.3244287291286	0.0	0	0.0	1923.656174900345	1	0	1	1.2992892592876821
121200.0	3000.0	1723.656174900291	0.0	0	124.27606499119429	1923.656174900345	1	0	1	1.704754367395847
122200.0	3000.0	1723.6561749002915	0.0	0	110.83898553895415	1923.656174900345	1	0	1	2.1102194755040116
123200.0	3000.0	1723.6561749002801	0.0	0	83.28048571752151	1923.656174900345	1	0	1	2.1102194755040116
124222.0716295358	3000.0	1701.5845453644881	0.0	0	0.0	1923.6561749003595	1	0	1	2.1102194755040102
125302.1856076539	3000.0	1621.4705672463824	0.0	0	0.0	1923.6561749003595	1	0	1	2.1102194755040102
126344.65858652572	3000.0	1578.9975883745608	0.0	0	0.0	1923.656174900345	1	0	1	2.1102194755040116
127200.0	3000.0	1723.6561749002822	0.0	0	140.21244256592763	1923.656174900345	1	0	1	2.1102194755040116
128200.0	3000.0	1723.6561749002813	0.0	0	127.15536606959358	1923.656174900345	1	0	1	2.1102194755040116
129200.0	3000.0	1723.656174900269	0.0	0	458.8893723559886	1923.656174900345	1	0	1	2.1102194755040116
130200.0	3000.0	1723.6561749002585	0.0	0	180.71359372953884	1923.656174900345	1	0	1	2.1102194755040116
131200.0	3000.0	1723.6561749002808	0.0	0	422.3356060610822	1923.656174900345	1	0	1	2.1102194755040116
132200.0	3000.0	1723.6561749003106	0.0	0	109.82122594909742	1923.6561749003595	1	0	1	2.1102194755040102
133200.0	3000.0	1723.6561749002808	0.0	0	211.95240684002056	1923.6561749003304	1	0	1	2.110219475504012
134200.0	3000.0	1623.6561749002854	0.0	0	297.1633079421881	1823.6561749003595	1	0	2	1.7165278742766477
135200.0	3000.0	1623.65617490027	0.0	0	463.99018276360584	1823.6561749003595	1	0	1	1.92021947550401
136200.0	3000.0	1623.656174900286	0.0	0	332.9999802526727	1823.6561749003595	1	0	1	2.12021947550401
137200.0	3000.0	1523.6561749003379	0.0	0	115.65268143071444	1723.6561749003886	1	0	2	1.7271017449489445
138549.8974638055	3000.0	1173.7587110948286	0.0	0	0.0	1723.6561749004177	1	0	1	1.9302194755040043
139635.3146941637	3000.0	1088.3414807366182	0.0	0	0.0	1723.6561749003886	1	0	1	2.130219475504007
140252.39497362933	3000.0	1471.2612012709892	0.0	0	0.0	1723.6561749004177	1	0	1	2.1302194755040045
141200.0	3000.0	1523.6561749003388	0.0	0	156.3428562542249	1723.6561749004177	1	0	1	2.1302194755040045
142382.1897256002	3000.0	1341.466449300137	0.0	0	0.0	1723.6561749004468	1	0	1	2.1302194755040014
143242.70392912175	3000.0	1480.9522457785952	0.0	0	0.0	1723.6561749004468	1	0	1	2.1302194755040014
144200.0	3000.0	1523.6561749003731	0.0	0	272.10320583099383	1723.6561749004468	1	0	1	2.1302194755040014
145200.0	3000.0	1523.6561749003697	0.0	0	189.5527485839557	1723.656174900476	1	0	1	2.1302194755039987
146200.0	3000.0	1523.6561749003668	0.0	0	189.9427630371356	1723.656174900476	1	0	1	2.1302194755039987
147200.0	3000.0	1523.656174900377	0.0	0	262.91137849594816	1723.656174900505	1	0	1	2.1302194755039956
148258.88828647646	3000.0	1464.7678884239194	0.0	0	0.0	1723.656174900505	1	0	1	2.1302194755039956
149200.0	3000.0	1523.6561749003517	0.0	0	54.42823366509401	1723.656174900505	1	0	1	2.1302194755039956
150601.33700933063	3000.0	1122.319165569726	0.0	0	0.0	1723.656174900505	1	0	1	2.1302194755039956
151631.17356550574	3000.0	1092.4826093945965	0.0	0	0.0	1723.656174900505	1	0	1	2.1302194755039956
152376.35386995328	3000.0	1347.3023049470767	0.0	0	0.0	1723.656174900505	1	0	1	2.1302194755039956
153371.8692217719	3000.0	1351.7869531284766	0.0	0	0.0	1723.656174900505	1	0	1	2.1302194755039956
154200.0	3000.0	1523.6561749003847	0.0	0	55.852852496667765	1723.656174900505	1	0	1	2.1302194755039956
155202.48530425545	3000.0	1420.9223402194161	0.0	0	0.0	1623.4076444749662	1	0	2	1.7378759108833233
156200.0	3000.0	1423.4076444748653	0.0	0	402.0657062055834	1623.4076444749662	1	0	1	1.9402443285465494
157200.0	3000.0	1423.4076444748557	0.0	0	249.96213114916463	1623.4076444749662	1	0	1	2.1402443285465496
158200.0	3000.0	1423.4076444748307	0.0	0	391.36865995128755	1623.4076444749662	1	0	1	2.1402443285465496
159427.11756282733	3000.0	1196.290081647462	0.0	0	0.0	1623.4076444749662	1	0	1	2.1402443285465496
160433.53268176506	3000.0	1189.8749627097304	0.0	0	0.0	1623.4076444749662	1	0	1	2.1402443285465496
161376.2850597211	3000.0	1247.1225847536984	0.0	0	0.0	1623.4076444749662	1	0	1	2.1402443285465496
162345.96861630375	3000.0	1277.439028171022	0.0	0	0.0	1623.4076444749953	1	0	1	2.1402443285465464
163221.24781192114	3000.0	1402.159832553617	0.0	0	0.0	1623.4076444749953	1	0	1	2.1402443285465464
164526.25992533553	3000.0	1097.1477191392519	0.0	0	0.0	1623.4076444749953	1	0	1	2.1402443285465464
165478.4670355226	3000.0	1144.940608952184	0.0	0	0.0	1623.4076444749953	1	0	1	2.1402443285465464
166669.88033626226	3000.0	953.5273082125108	0.0	0	0.0	1623.4076444750244	1	0	1	2.140244328546544
167680.63077031545	3000.0	942.7768741593375	0.0	0	0.0	1623.4076444750535	1	0	1	2.1402443285465407
168602.34087587826	3000.0	1021.0667685965025	0.0	0	0.0	1623.4076444750535	1	0	1	2.1402443285465407
169338.19178448725	3000.0	1285.2158599875213	0.0	0	0.0	1623.4076444750244	1	0	1	2.140244328546544
170879.61155119515	3000.0	743.7960932796399	0.0	0	0.0	1623.4076444750535	1	0	1	2.1402443285465407
172245.6644360224	3000.0	377.7432084523854	0.0	0	0.0	1623.4076444750535	1	0	1	2.1402443285465407
172851.17733508404	2000.0	772.2303093907226	0.0	0	0.0	1623.4076444750535	1	0	1	1.3293141123302115
173266.01026949455	2000.0	1357.397374980191	0.0	0	0.0	1623.4076444750244	1	0	1	1.7347792204383787
174200.0	2000.0	1423.4076444747493	0.0	0	465.22395503296866	1623.4076444750244	1	0	1	1.7347792204383787
175200.0	3000.0	1423.4076444747604	0.0	0	193.5329240661231	1623.4076444750535	1	0	1	1.7347792204383763
176200.0	3000.0	1423.4076444747743	0.0	0	131.1093449954351	1623.4076444750535	1	0	1	2.1402443285465407
177311.2404008331	3000.0	1312.1672436416775	0.0	0	0.0	1623.4076444750826	1	0	1	2.1402443285465376
178200.0	3000.0	1423.4076444747966	0.0	0	163.02858684712555	1623.4076444750826	1	0	1	2.1402443285465376
179201.74201627882	3000.0	1421.6656281959363	0.0	0	0.0	1623.4076444750826	1	0	1	2.1402443285465376
180200.0	3000.0	1423.407644474725	0.0	0	92.58287530139205	1623.4076444750826	1	0	1	2.1402443285465376
181200.0	3000.0	1423.4076444747113	0.0	0	312.4460542994493	1623.4076444750826	1	0	1	2.1402443285465376
182200.0	3000.0	1423.407644474745	0.0	0	307.4970710245543	1623.4076444750826	1	0	1	2.1402443285465376
183200.0	3000.0	1423.4076444747304	0.0	0	203.36516093448154	1623.4076444750826	1	0	1	2.1402443285465376
184200.0	3000.0	1423.4076444747313	0.0	0	320.39081276615616	1623.4076444751117	1	0	1	2.140244328546535
185200.0	3000.0	1423.4076444747282	0.0	0	327.9838465729845	1623.4076444750826	1	0	1	2.1402443285465376
186200.0	3000.0	1423.4076444747507	0.0	0	138.95719136644038	1623.4076444751117	1	0	1	2.140244328546535
187200.0	3000.0	1423.4076444747743	0.0	0	251.7404393912002	1623.4076444751117	1	0	1	2.140244328546535
188284.29135956583	3000.0	1339.1162849089378	0.0	0	0.0	1623.4076444751408	1	0	1	2.140244328546532
189407.6810441808	3000.0	1215.7266002939714	0.0	0	0.0	1623.4076444751117	1	0	1	2.140244328546535
190200.0	3000.0	1423.4076444747461	0.0	0	97.95606949736248	1623.4076444751117	1	0	1	2.140244328546535
191200.0	3000.0	1423.4076444747693	0.0	0	243.2534597958729	1623.4076444751117	1	0	1	2.140244328546535
192200.0	3000.0	1423.4076444747645	0.0	0	327.21634712369996	1623.4076444751117	1	0	1	2.140244328546535
193333.142254843	3000.0	1290.2653896317483	0.0	0	0.0	1623.4076444751117	1	0	1	2.140244328546535
194249.265799342	3000.0	1374.1418451327177	0.0	0	0.0	1623.4076444750826	1	0	1	2.1402443285465376
195200.0	3000.0	1423.407644474728	0.0	0	293.20654952176847	1623.4076444750535	1	0	1	2.1402443285465407
196200.0	3000.0	1423.4076444747159	0.0	0	262.0623318144644	1623.4076444750826	1	0	1	2.1402443285465376
197413.62048742408	3000.0	1209.7871570506518	0.0	0	0.0	1623.4076444751117	1	0	1	2.140244328546537
198298.78833986536	3000.0	1324.619304609371	0.0	0	0.0	1623.4076444751117	1	0	1	2.140244328546535
199579.4110483581	3000.0	1043.9965961166065	0.0	0	0.0	1623.4076444750826	1	0	1	2.1402443285465376
200480.25199243752	3000.0	1143.155652037207	0.0	0	0.0	1623.4076444750826	1	0	1	2.140244328546536
201387.32837095784	3000.0	1236.0792735169255	0.0	0	0.0	1623.4076444750826	1	0	1	2.1402443285465376
202240.86434390122	3000.0	1382.5433005735124	0.0	0	0.0	1623.4076444750826	1	0	1	2.1402443285465376
203200.0	3000.0	1423.4076444747595	0.0	0	41.24412107889657	1623.4076444750826	1	0	1	2.1402443285465376
204607.48075041134	3000.0	1015.9268940633998	0.0	0	0.0	1623.4076444750826	1	0	1	2.1402443285465376
205657.26230887615	3000.0	966.1453355986012	0.0	0	0.0	1623.4076444750826	1	0	1	2.1402443285465376
206354.46448481205	3000.0	1268.9431596627037	0.0	0	0.0	1623.4076444750535	1	0	1	2.1402443285465407
207284.6707084412	3000.0	1338.7369360335456	0.0	0	0.0	1623.4076444750535	1	0	1	2.1402443285465407
208200.0	3000.0	1423.4076444747402	0.0	0	141.33192980798776	1623.4076444750244	1	0	1	2.140244328546544
209200.0	3000.0	1423.4076444747272	0.0	0	340.0755894530157	1623.4076444750244	1	0	1	2.140244328546544
210200.0	3000.0	1423.407644474718	0.0	0	236.69349642965244	1623.4076444750244	1	0	1	2.140244328546544
211200.0	3000.0	1423.4076444747368	0.0	0	354.91366305053816	1623.4076444750244	1	0	1	2.140244328546544
212200.0	3000.0	1423.407644474721	0.0	0	141.98735875994316	1623.4076444750244	1	0	1	2.140244328546544
213200.0	3000.0	1423.4076444747352	0.0	0	44.482388282049214	1623.4076444749953	1	0	1	2.1402443285465464
214433.2129118161	3000.0	1190.1947326585928	0.0	0	0.0	1623.4076444749953	1	0	1	2.1402443285465464
215411.17084528916	3000.0	1212.2367991855099	0.0	0	0.0	1623.4076444749953	1	0	1	2.1402443285465464
216200.0	2000.0	1423.407644474697	0.0	0	393.51908850847394	1623.4076444749953	1	0	1	1.3293141123302172
217200.0	3000.0	1423.407644474719	0.0	0	257.91239341694745	1623.4076444749953	1	0	1	1.734779220438382
218203.52785059586	3000.0	1419.8797938788755	0.0	0	0.0	1623.4076444749953	1	0	1	2.1402443285465464
219200.0	3000.0	1423.4076444747498	0.0	0	308.32394138074596	1623.4076444750244	1	0	1	2.140244328546544
220278.68420018617	3000.0	1344.7234442885754	0.0	0	0.0	1623.4076444750244	1	0	1	2.140244328546544
221600.98610274124	3000.0	1022.421541733504	0.0	0	0.0	1623.4076444750244	1	0	1	2.140244328546542
222398.10733130874	3000.0	1225.3003131659761	0.0	0	0.0	1623.4076444749953	1	0	1	2.1402443285465442
223200.0	3000.0	1423.4076444746897	0.0	0	12.23320762993535	1623.4076444749953	1	0	1	2.1402443285465464
224200.0	3000.0	1423.4076444747068	0.0	0	445.0746012869058	1623.4076444750244	1	0	1	2.140244328546544
225200.0	3000.0	1423.4076444746975	0.0	0	92.57309122013976	1623.4076444750244	1	0	1	2.140244328546544
226200.0	3000.0	1423.4076444747104	0.0	0	97.11394617409678	1623.4076444750244	1	0	1	2.140244328546544
227248.41458998754	3000.0	1374.993054487189	0.0	0	0.0	1623.4076444750244	1	0	1	2.140244328546544
228200.0	3000.0	1423.407644474757	0.0	0	458.4943873163429	1623.4076444749953	1	0	1	2.1402443285465464
229200.0	3000.0	1423.40764447479	0.0	0	283.12439335742965	1623.4076444749953	1	0	1	2.1402443285465464
230200.0	3000.0	1423.4076444747939	0.0	0	387.3411146585422	1623.4076444749953	1	0	1	2.1402443285465464
231255.1036131173	3000.0	1368.304031357513	0.0	0	0.0	1623.4076444749953	1	0	1	2.1402443285465464
232200.0	3000.0	1423.4076444747998	0.0	0	210.3512058260094	1623.4076444749662	1	0	1	2.1402443285465496
233200.0	3000.0	1423.407644474819	0.0	0	153.181549170753	1623.4076444749662	1	0	1	2.1402443285465496
234629.0957168075	3000.0	994.3119276673273	0.0	0	0.0	1623.4076444749371	1	0	1	2.1402443285465504
236000.0281720781	3000.0	623.3794723967223	0.0	0	0.0	1623.407644474908	1	0	1	2.1402443285465553
236898.2570144697	3000.0	725.1506300051306	0.0	0	0.0	1623.407644474908	1	0	1	2.1402443285465553
237987.07846403343	3000.0	636.329180441432	0.0	0	0.0	1623.407644474908	1	0	1	2.1402443285465553
238728.14551239	2000.0	895.2621320849028	0.0	0	0.0	1623.407644474908	1	0	1	1.329314112330226
239342.2468388307	2000.0	1281.160805644213	0.0	0	0.0	1623.407644474908	1	0	1	1.7347792204383905
240283.47168486982	2000.0	1339.9359596051252	0.0	0	0.0	1623.407644474908	1	0	1	1.7347792204383905
241200.0	3000.0	1423.4076444749674	0.0	0	25.048216716590105	1623.4076444749371	1	0	1	1.7347792204383878
242263.03503243532	3000.0	1360.3726120396673	0.0	0	0.0	1623.4076444749662	1	0	1	2.1402443285465496
243200.0	3000.0	1423.4076444749699	0.0	0	219.7630223092856	1623.4076444749662	1	0	1	2.1402443285465496
244200.0	3000.0	1423.4076444749562	0.0	0	305.2013735152723	1623.4076444749662	1	0	1	2.1402443285465496
245200.0	3000.0	1423.407644474952	0.0	0	107.4209506791376	1623.4076444749953	1	0	1	2.1402443285465464
246218.1217612789	3000.0	1405.2858831961037	0.0	0	0.0	1623.4076444749953	1	0	1	2.1402443285465464
247200.0	3000.0	1423.4076444749942	0.0	0	133.15966116890195	1623.4076444749953	1	0	1	2.1402443285465464
248200.0	3000.0	1423.4076444750135	0.0	0	13.397606847749557	1623.4076444749953	1	0	1	2.1402443285465464
249200.0	3000.0	1423.4076444750046	0.0	0	315.94826592638856	1623.4076444749662	1	0	1	2.1402443285465496
250200.0	3000.0	1423.4076444749876	0.0	0	295.23525543202413	1623.4076444749662	1	0	1	2.1402443285465496
251200.0	3000.0	1423.407644474964	0.0	0	113.04395366398967	1623.4076444749953	1	0	1	2.1402443285465464
252257.06922939428	3000.0	1366.3384150806628	0.0	0	0.0	1623.4076444749662	1	0	1	2.1402443285465496
253200.0	3000.0	1423.40764447495	0.0	0	203.59536981541896	1623.4076444749662	1	0	1	2.1402443285465496
254200.0	3000.0	1423.407644474959	0.0	0	174.58583686428028	1623.4076444749662	1	0	1	2.1402443285465496
255474.06933062963	3000.0	1149.3383138453491	0.0	0	0.0	1623.4076444749662	1	0	1	2.1402443285465496
256343.23369713587	3000.0	1280.1739473391046	0.0	0	0.0	1623.4076444749662	1	0	1	2.1402443285465496
257848.37719539623	3000.0	775.0304490787547	0.0	0	0.0	1623.4076444749371	1	0	1	2.1402443285465527
259021.23123141043	3000.0	602.1764130645457	0.0	0	0.0	1623.4076444749662	1	0	1	2.1402443285465496
260154.6773446033	3000.0	468.73029987167547	0.0	0	0.0	1623.4076444749662	1	0	1	2.1402443285465496
260874.1879797068	2000.0	749.2196647681409	0.0	0	0.0	1623.4076444749371	1	0	1	1.329314112330223
261708.26022850722	2000.0	915.1474159677202	0.0	0	0.0	1623.4076444749371	1	0	1	1.7347792204383876
262401.6947402194	2000.0	1221.7129042555653	0.0	0	0.0	1623.4076444749371	1	0	1	1.7347792204383867
263200.0	2000.0	1423.4076444748866	0.0	0	239.8236396521679	1623.4076444748498	1	0	1	1.734779220438393
264200.0	3000.0	1423.40764447486	0.0	0	275.01601753837895	1623.407644474879	1	0	1	1.7347792204383943
265200.0	3000.0	1423.4076444748644	0.0	0	396.71128840598976	1623.407644474879	1	0	1	2.1402443285465584
266200.0	3000.0	1423.4076444748844	0.0	0	294.3141225838335	1623.407644474879	1	0	1	2.1402443285465584
267247.52886209683	3000.0	1375.8787823780933	0.0	0	0.0	1623.407644474879	1	0	1	2.1402443285465584
268600.1290770171	3000.0	1023.2785674578199	0.0	0	0.0	1623.4076444749371	1	0	1	2.1402443285465527
269765.30394229974	3000.0	858.1037021751729	0.0	0	0.0	1623.4076444750535	1	0	1	2.1402443285465433
270460.7813583752	3000.0	1162.6262860997194	0.0	0	0.0	1623.4076444750535	1	0	1	2.1402443285465407
271289.11205543467	3000.0	1334.2955890402384	0.0	0	0.0	1623.4076444750535	1	0	1	2.1402443285465407
272200.0	3000.0	1423.407644474853	0.0	0	7.5576730986940674	1623.4076444750535	1	0	1	2.1402443285465407
273300.6543335473	3000.0	1322.7533109275819	0.0	0	0.0	1623.4076444750535	1	0	1	2.1402443285465407
274639.72196176235	3000.0	983.6856827125354	0.0	0	0.0	1623.4076444750535	1	0	1	2.1402443285465407
275480.2452522844	3000.0	1143.1623921905125	0.0	0	0.0	1623.4076444750535	1	0	1	2.1402443285465407
276200.0	3000.0	1423.4076444749728	0.0	0	3.1276184867019765	1623.4076444750535	1	0	1	2.1402443285465407
277200.0	3000.0	1423.407644475	0.0	0	274.6290911733522	1623.4076444751117	1	0	1	2.140244328546535
278200.0	3000.0	1423.4076444750103	0.0	0	150.32087095809402	1623.4076444751117	1	0	1	2.140244328546535
279200.0	3000.0	1423.4076444750197	0.0	0	328.9066379683791	1623.4076444751117	1	0	1	2.140244328546535
280200.0	3000.0	1423.4076444750779	0.0	0	256.0775626845425	1623.4076444751117	1	0	1	2.140244328546535
281225.86741151486	3000.0	1397.540232960275	0.0	0	0.0	1623.40764447517	1	0	1	2.140244328546529
282200.0	3000.0	1423.4076444750601	0.0	0	301.5751381747541	1623.40764447517	1	0	1	2.140244328546529
283286.8092637653	3000.0	1336.5983807097628	0.0	0	0.0	1623.40764447517	1	0	1	2.140244328546529
284200.0	3000.0	1423.4076444751106	0.0	0	429.19244161853567	1623.4076444752282	1	0	1	2.1402443285465234
285200.0	3000.0	1423.4076444751477	0.0	0	46.101860342838336	1623.4076444752282	1	0	1	2.1402443285465234
286200.0	3000.0	1423.4076444751493	0.0	0	101.96427025838057	1623.4076444752282	1	0	1	2.1402443285465234
287627.738326501	3000.0	995.6693179741886	0.0	0	0.0	1623.4076444752864	1	0	1	2.140244328546521
288403.3744509506	3000.0	1220.033193524599	0.0	0	0.0	1623.4076444752864	1	0	1	2.1402443285465176
289265.7817320218	3000.0	1357.6259124534672	0.0	0	0.0	1623.4076444752864	1	0	1	2.1402443285465176
290493.5061353746	3000.0	1129.901509100654	0.0	0	0.0	1623.4076444752282	1	0	1	2.1402443285465234
291691.95630408375	3000.0	931.4513403915388	0.0	0	0.0	1623.4076444752282	1	0	1	2.1402443285465234
292607.39358531707	3000.0	1016.0140591582643	0.0	0	0.0	1623.4076444752282	1	0	1	2.1402443285465234
293210.44647449197	3000.0	1412.961169983368	0.0	0	0.0	1623.4076444752282	1	0	1	2.1402443285465234
294200.0	3000.0	1423.4076444754078	0.0	0	97.65286861534696	1623.4076444752282	1	0	1	2.1402443285465234
295388.43502053496	3000.0	1234.9726239404094	0.0	0	0.0	1623.4076444752282	1	0	1	2.1402443285465234
296231.7679621106	3000.0	1391.6396823648226	0.0	0	0.0	1623.4076444752282	1	0	1	2.1402443285465234
297200.0	3000.0	1423.4076444754478	0.0	0	22.695618130092043	1623.4076444752282	1	0	1	2.1402443285465234
298200.0	3000.0	1423.4076444754721	0.0	0	215.32072745717596	1623.4076444752282	1	0	1	2.1402443285465234
299451.7895105435	3000.0	1171.6181339319864	0.0	0	0.0	1623.4076444752282	1	0	1	2.1402443285465234
300388.78128468874	3000.0	1234.6263597867985	0.0	0	0.0	1623.4076444752282	1	0	1	2.1402443285465234
3.75	3.75	4.25	5.54	3.32	2.92	4.24	3.06	3.96	3.83	1.82	3.81	3.12	3.54	3.74	3.28	2.54	2.17	2.73	4.48	3.52	4.85	3.48	3.73	3.72	3.73	3.76	4.1	3.76	3.43	3.75	4.67	3.44	3.02	3.38	3.1	3.39	4.37	3.46	3.09	3.87	3.61	2.99	3.41	3.22	2.44	3.6	4.41	3.29	3.31	2.39	3.19	4.05	3.45	3.9	3.73	3.86	5.8	3.6	3.3	1.81	3.61	4.1	4.63	4.01	4.08	3.7	2.9	3.93	3.41	4.54	3.82	4.55	3.79	5.54	4.29	4.47	3.09	3.64	3.63	2.2	2.83	3.13	3.83	2.5	3.19	3.01	3.38	3.67	4.52	4.71	4.3	3.65	3.87	3.3	3.39	3.75	4.17	1.96	3.89	2.7	2.97	2.68	1.76	3.29	3.66	3.35	3.17	3.72	3.96	3.43	4.27	3.49	3.59	2.48	3.14	3.96	4.05	3.52	3.26	2.17	3.57	4.01	3.98	4.85	2.99	4.63	3.73	3.97	3.74	5.17	3.06	3.81	2.15	3.44	4.1	3.21	3.49	2.69	4.73	3.41	2.9	3.46	2.87	3.43	2.15	3.51	3.3	3.86	2.42	3.75	3.75	4.25	5.54	3.32	2.92	4.24	3.06	3.96	3.83	1.82	3.81	3.12	3.54	3.74	3.28	2.54	2.17	2.73	4.48	3.52	4.85	3.48	3.73	3.72	3.73	3.76	4.1	3.76	3.43	3.75	4.67	3.44	3.02	3.38	3.1	3.39	4.37	3.46	3.09	3.87	3.61	2.99	3.41	3.22	2.44	3.6	4.41	3.29	3.31	2.39	3.19	4.05	3.45	3.9	3.73	3.86	5.8	3.6	3.3	1.81	3.61	4.1	4.63	4.01	4.08	3.7	2.9	3.93	3.41	4.54	3.82	4.55	3.79	5.54	4.29	4.47	3.09	3.64	3.63	2.2	2.83	3.13	3.83	2.5	3.19	3.01	3.38	3.67	4.52	4.71	4.3	3.65	3.87	3.3	3.39	3.75	4.17	1.96	3.89	2.7	2.97	2.68	1.76	3.29	3.66	3.35	3.17	3.72	3.96	3.43	4.27	3.49	3.59	2.48	3.14	3.96	4.05	3.52	3.26	2.17	3.57	4.01	3.98	4.85	2.99	4.63	3.73	3.97	3.74	5.17	3.06	3.81	2.15	3.44	4.1	3.21	3.49	2.69	4.73	3.41	2.9	3.46	2.87	3.43	2.15	3.51	3.3	3.86	2.42
1.0	2.0	3.0	4.0	5.0	6.0	7.0	8.0	9.0	10.0	11.0	12.0	13.0	14.0	15.0	16.0	17.0	18.0	19.0	20.0	21.0	22.0	23.0	24.0	25.0	26.0	27.0	28.0	29.0	30.0	31.0	32.0	33.0	34.0	35.0	36.0	37.0	38.0	39.0	40.0	41.0	42.0	43.0	44.0	45.0	46.0	47.0	48.0	49.0	50.0	51.0	52.0	53.0	54.0	55.0	56.0	57.0	58.0	59.0	60.0	61.0	62.0	63.0	64.0	65.0	66.0	67.0	68.0	69.0	70.0	71.0	72.0	73.0	74.0	75.0	76.0	77.0	78.0	79.0	80.0	81.0	82.0	83.0	84.0	85.0	86.0	87.0	88.0	89.0	90.0	91.0	92.0	93.0	94.0	95.0	96.0	97.0	98.0	99.0	100.0	101.0	102.0	103.0	104.0	105.0	106.0	107.0	108.0	109.0	110.0	111.0	112.0	113.0	114.0	115.0	116.0	117.0	118.0	119.0	120.0	121.0	122.0	123.0	124.0	125.0	126.0	127.0	128.0	129.0	130.0	131.0	132.0	133.0	134.0	135.0	136.0	137.0	138.0	139.0	140.0	141.0	142.0	143.0	144.0	145.0	146.0	147.0	148.0	149.0	149.0	150.0	151.0	152.0	153.0	154.0	155.0	156.0	157.0	158.0	159.0	160.0	161.0	162.0	163.0	164.0	165.0	166.0	167.0	168.0	169.0	170.0	171.0	172.0	173.0	174.0	175.0	176.0	177.0	178.0	179.0	180.0	181.0	182.0	183.0	184.0	185.0	186.0	187.0	188.0	189.0	190.0	191.0	192.0	193.0	194.0	195.0	196.0	197.0	198.0	199.0	200.0	201.0	202.0	203.0	204.0	205.0	206.0	207.0	208.0	209.0	210.0	211.0	212.0	213.0	214.0	215.0	216.0	217.0	218.0	219.0	220.0	221.0	222.0	223.0	224.0	225.0	226.0	227.0	228.0	229.0	230.0	231.0	232.0	233.0	234.0	235.0	236.0	237.0	238.0	239.0	240.0	241.0	242.0	243.0	244.0	245.0	246.0	247.0	248.0	249.0	250.0	251.0	252.0	253.0	254.0	255.0	256.0	257.0	258.0	259.0	260.0	261.0	262.0	263.0	264.0	265.0	266.0	267.0	268.0	269.0	270.0	271.0	272.0	273.0	274.0	275.0	276.0	277.0	278.0	279.0	280.0	281.0	282.0	283.0	284.0	285.0	286.0	287.0	288.0	289.0	290.0	291.0	292.0	293.0	294.0	295.0	296.0	297.0	298.0	298.0
4389.077729083045
