3153.6362247608886	300.0	2000.0	75.96385911053241	0	0.0	3153.6362247608886	1	0	1	-0.7699622347988565
3221.1233533525774	300.0	2925.7641585491433	0.0	0	0.0	3146.8875119017202	1	0	2	-0.714777671172568
4200.0	500.0	2848.999847236979	0.0	0	883.6067861461415	3048.9998472369775	1	0	2	-0.508899984723698
5200.0	500.0	2748.999847236979	0.0	0	905.0406333459941	2948.999847236977	1	0	2	0.011925639042292775
6200.0	1000.0	2648.9998472369784	0.0	0	749.2586532942396	2848.9998472369766	1	0	2	0.021925639042292888
7200.0	1000.0	2548.9998472369775	0.0	0	806.9758989604643	2748.9998472369753	1	0	2	0.7250728196022385
8200.0	1000.0	2448.999847236977	0.0	0	842.1969634470552	2648.9998472369734	1	0	2	0.7350728196022387
9200.0	2000.0	2448.999847236977	0.0	0	819.2896137756634	2648.9998472369734	1	0	1	0.7390728196022386
10200.0	3000.0	2448.999847236977	0.0	0	658.1656734113658	2648.9998472369734	1	0	1	1.632220000162184
11362.302676944393	6000.0	2286.6971702925844	0.0	0	0.0	2648.9998472369734	1	0	1	2.037685108270349
12200.0	6000.0	2448.999847236977	0.0	0	343.56640992141365	2648.9998472369734	1	0	1	2.730832288830294
13200.0	6000.0	2448.999847236976	0.0	0	398.7481827601259	2648.9998472369753	1	0	1	2.7308322888302934
14200.0	6000.0	2448.9998472369753	0.0	0	431.16637910260397	2648.999847236977	1	0	1	2.7308322888302934
15200.0	6000.0	2448.9998472369757	0.0	0	520.9934948083992	2648.999847236977	1	0	1	2.7308322888302934
16200.0	6000.0	2448.9998472369743	0.0	0	450.2907453793723	2648.999847236977	1	0	1	2.7308322888302934
17200.0	6000.0	2448.9998472369775	0.0	0	322.38022989236197	2648.9998472369825	1	0	1	2.7308322888302925
18200.0	6000.0	2448.999847236974	0.0	0	295.1871094115704	2648.999847236977	1	0	1	2.7308322888302934
19200.0	6000.0	2448.9998472369734	0.0	0	115.66097151854046	2648.999847236977	1	0	1	2.7308322888302934
20200.0	6000.0	2448.9998472369734	0.0	0	252.42015589897346	2648.9998472369734	1	0	1	2.730832288830294
21200.0	6000.0	2448.9998472369716	0.0	0	326.1761191208752	2648.9998472369734	1	0	1	2.730832288830294
22200.0	6000.0	2448.99984723697	0.0	0	166.18094406298042	2648.9998472369734	1	0	1	2.730832288830294
23200.0	6000.0	2448.999847236966	0.0	0	345.65412751805343	2648.99984723697	1	0	1	2.730832288830294
24200.0	6000.0	2448.999847236964	0.0	0	105.89898820396047	2648.99984723697	1	0	1	2.730832288830294
25200.0	6000.0	2448.9998472369616	0.0	0	79.7023101335144	2648.99984723697	1	0	1	2.730832288830294
26200.0	6000.0	2448.9998472369625	0.0	0	367.372697014227	2648.9998472369734	1	0	1	2.730832288830294
27200.0	6000.0	2448.999847236962	0.0	0	152.15291659011928	2648.999847236977	1	0	1	2.7308322888302934
28200.0	6000.0	2448.999847236965	0.0	0	520.5771818745707	2648.999847236977	1	0	1	2.7308322888302934
29374.65940624138	6000.0	2274.340440995588	0.0	0	0.0	2648.999847236977	1	0	1	2.7308322888302934
30366.871491502407	6000.0	2282.1283557345587	0.0	0	0.0	2648.9998472369807	1	0	1	2.7308322888302925
31200.0	6000.0	2448.999847236963	0.0	0	204.56222940965745	2648.9998472369807	1	0	1	2.7308322888302925
32200.0	6000.0	2448.9998472369675	0.0	0	465.8563416411889	2648.9998472369844	1	0	1	2.7308322888302925
33200.0	6000.0	2448.999847236969	0.0	0	219.75694887456848	2648.9998472369844	1	0	1	2.7308322888302925
34512.36840185548	6000.0	2136.631445381485	0.0	0	0.0	2648.999847236977	1	0	1	2.7308322888302934
35437.552112222176	6000.0	2211.4477350147913	0.0	0	0.0	2648.9998472369844	1	0	1	2.7308322888302925
36343.16603650491	6000.0	2305.833810732066	0.0	0	0.0	2648.9998472369916	1	0	1	2.7308322888302916
37535.75451797224	6000.0	2113.245329264738	0.0	0	0.0	2648.9998472369844	1	0	1	2.7308322888302925
38330.6901886825	6000.0	2318.3096585544718	0.0	0	0.0	2648.9998472369844	1	0	1	2.7308322888302925
39200.0	6000.0	2448.99984723697	0.0	0	51.987623961395	2648.999847236977	1	0	1	2.7308322888302934
40200.0	6000.0	2448.999847236979	0.0	0	216.27605690226483	2648.999847236977	1	0	1	2.7308322888302934
41200.0	6000.0	2448.9998472369853	0.0	0	251.36100176219043	2648.9998472369844	1	0	1	2.7308322888302925
42200.0	6000.0	2448.9998472369994	0.0	0	307.2780765974894	2648.9998472369844	1	0	1	2.7308322888302925
43200.0	6000.0	2448.9998472369953	0.0	0	283.4975082779347	2648.999847236977	1	0	1	2.7308322888302934
44200.0	6000.0	2448.9998472369984	0.0	0	224.6550550299071	2648.9998472369844	1	0	1	2.7308322888302925
45200.0	6000.0	2448.9998472370057	0.0	0	323.0132670091407	2648.9998472369844	1	0	1	2.7308322888302925
46200.0	6000.0	2448.999847237004	0.0	0	425.26204437191336	2648.9998472369844	1	0	1	2.7308322888302925
47200.0	6000.0	2448.9998472370035	0.0	0	380.7000732712404	2648.9998472369844	1	0	1	2.7308322888302925
48200.0	6000.0	2448.999847237009	0.0	0	494.11397279695666	2648.9998472369916	1	0	1	2.7308322888302916
49200.0	6000.0	2448.999847237009	0.0	0	262.86028303015337	2648.9998472369916	1	0	1	2.7308322888302916
50200.0	6000.0	2448.9998472370135	0.0	0	127.2700031974382	2648.9998472369916	1	0	1	2.7308322888302916
51200.0	6000.0	2448.999847237018	0.0	0	412.38316052692244	2648.9998472369916	1	0	1	2.7308322888302916
52200.0	6000.0	2448.999847237019	0.0	0	99.15927979507251	2648.9998472369844	1	0	1	2.7308322888302925
53200.0	6000.0	2448.9998472370094	0.0	0	273.9349379837586	2648.9998472369844	1	0	1	2.7308322888302925
54200.0	6000.0	2448.9998472370153	0.0	0	162.93668536449695	2648.9998472369844	1	0	1	2.7308322888302925
55200.0	6000.0	2448.99984723702	0.0	0	384.12719165493763	2648.9998472369916	1	0	1	2.7308322888302916
56200.0	6000.0	2448.9998472370185	0.0	0	378.0883206899307	2648.9998472369916	1	0	1	2.7308322888302916
57200.0	6000.0	2448.999847237023	0.0	0	328.0434793541135	2648.9998472369916	1	0	1	2.7308322888302916
58200.0	6000.0	2448.9998472370257	0.0	0	323.3636029389745	2648.9998472369916	1	0	1	2.7308322888302916
59312.16759211094	6000.0	2336.832255126077	0.0	0	0.0	2648.9998472369844	1	0	1	2.7308322888302925
60322.161877925384	6000.0	2326.8379693116303	0.0	0	0.0	2648.999847236977	1	0	1	2.7308322888302934
61226.40332044841	6000.0	2422.5965267886	0.0	0	0.0	2648.999847236977	1	0	1	2.7308322888302934
62200.0	6000.0	2448.9998472370075	0.0	0	278.0528530571828	2648.999847236977	1	0	1	2.7308322888302934
63200.0	6000.0	2448.999847237008	0.0	0	377.2616299214569	2648.9998472369844	1	0	1	2.7308322888302925
64200.0	6000.0	2448.999847237004	0.0	0	24.73917974401411	2648.999847236977	1	0	1	2.7308322888302934
65200.0	6000.0	2448.9998472370107	0.0	0	371.38341664453037	2648.9998472369844	1	0	1	2.7308322888302925
66263.63424737049	6000.0	2385.3655998665204	0.0	0	0.0	2648.9998472369844	1	0	1	2.7308322888302925
67200.0	6000.0	2448.9998472369966	0.0	0	26.213879552815342	2648.999847236977	1	0	1	2.7308322888302925
68200.0	6000.0	2448.999847236999	0.0	0	327.9598013719806	2648.9998472369625	1	0	1	2.730832288830294
69200.0	6000.0	2448.9998472369775	0.0	0	253.14349511187174	2648.9998472369625	1	0	1	2.7308322888302943
70200.0	6000.0	2448.999847236983	0.0	0	60.57812552212272	2648.9998472369625	1	0	1	2.7308322888302943
71200.0	6000.0	2448.999847236976	0.0	0	330.56189186933625	2648.9998472369625	1	0	1	2.7308322888302943
72200.0	6000.0	2448.999847236989	0.0	0	184.41210100633907	2648.9998472369625	1	0	1	2.7308322888302943
73200.0	6000.0	2448.99984723699	0.0	0	271.569949804456	2648.9998472369625	1	0	1	2.7308322888302943
74200.0	6000.0	2448.9998472369975	0.0	0	434.9506333962199	2648.9998472369625	1	0	1	2.7308322888302943
75334.16376861832	6000.0	2314.836078618681	0.0	0	0.0	2648.9998472369625	1	0	1	2.7308322888302943
76200.0	6000.0	2448.9998472370103	0.0	0	323.0888572924596	2648.9998472369625	1	0	1	2.7308322888302943
77200.0	6000.0	2448.999847237012	0.0	0	316.19534873405064	2648.9998472369625	1	0	1	2.7308322888302943
78200.0	6000.0	2448.9998472370094	0.0	0	118.91108888050076	2648.9998472369625	1	0	1	2.7308322888302943
79273.42707101603	6000.0	2375.5727762209794	0.0	0	0.0	2648.999847236948	1	0	1	2.730832288830296
80393.92336111871	6000.0	2255.076486118312	0.0	0	0.0	2648.999847236948	1	0	1	2.730832288830296
81345.68042527676	6000.0	2303.3194219602724	0.0	0	0.0	2648.999847236948	1	0	1	2.730832288830296
82200.0	6000.0	2448.9998472370426	0.0	0	225.58344773149292	2648.999847236948	1	0	1	2.730832288830296
83200.0	6000.0	2448.9998472370385	0.0	0	533.7465226226195	2648.999847236948	1	0	1	2.730832288830296
84200.0	6000.0	2448.9998472370394	0.0	0	527.5004167441512	2648.999847236948	1	0	1	2.730832288830296
85200.0	6000.0	2448.999847237039	0.0	0	394.77710159061826	2648.9998472369625	1	0	1	2.7308322888302943
86200.0	6000.0	2448.999847237047	0.0	0	426.1440174917079	2648.999847236977	1	0	1	2.7308322888302934
87200.0	6000.0	2448.9998472370326	0.0	0	152.27727723123098	2648.999847236977	1	0	1	2.7308322888302934
88200.0	6000.0	2448.999847237035	0.0	0	391.32087250449695	2648.999847236977	1	0	1	2.7308322888302934
89200.0	6000.0	2448.999847237047	0.0	0	209.70845493314846	2648.999847236977	1	0	1	2.7308322888302934
90200.0	6000.0	2448.999847237042	0.0	0	444.47227731235034	2648.9998472369916	1	0	1	2.7308322888302916
91200.0	6000.0	2448.999847237038	0.0	0	572.4393607413076	2648.9998472369916	1	0	1	2.7308322888302916
92427.1646480829	6000.0	2221.835199154146	0.0	0	0.0	2648.999847236977	1	0	1	2.7308322888302934
93416.15040199253	6000.0	2232.8494452444875	0.0	0	0.0	2648.999847236977	1	0	1	2.7308322888302934
94326.12946175536	6000.0	2322.8703854816645	0.0	0	0.0	2648.999847236977	1	0	1	2.7308322888302934
95200.0	6000.0	2448.9998472370303	0.0	0	65.9351159006037	2648.999847236977	1	0	1	2.7308322888302934
96200.0	6000.0	2448.9998472370203	0.0	0	347.8499210687587	2648.9998472369625	1	0	1	2.7308322888302943
97200.0	6000.0	2448.9998472370257	0.0	0	342.5419555679837	2648.999847236977	1	0	1	2.7308322888302934
98200.0	6000.0	2448.999847237039	0.0	0	388.2108561653731	2648.9998472369916	1	0	1	2.7308322888302916
99200.0	6000.0	2448.9998472370376	0.0	0	40.380538121869904	2648.9998472369916	1	0	1	2.7308322888302916
100200.0	6000.0	2448.9998472370376	0.0	0	22.345409157598624	2648.9998472369916	1	0	1	2.7308322888302916
101200.0	6000.0	2448.9998472370485	0.0	0	484.4564424849814	2648.999847237006	1	0	1	2.7308322888302907
102200.0	6000.0	2448.9998472370585	0.0	0	420.14369533570425	2648.999847237006	1	0	1	2.7308322888302907
103200.0	6000.0	2448.999847237075	0.0	0	312.01121589326067	2648.999847237006	1	0	1	2.7308322888302907
104200.0	6000.0	2448.9998472370576	0.0	0	61.82342568502645	2648.999847237006	1	0	1	2.7308322888302907
105200.0	6000.0	2448.9998472370817	0.0	0	250.47843723674305	2648.999847237006	1	0	1	2.7308322888302907
106200.0	6000.0	2448.9998472370717	0.0	0	316.5840440339962	2648.999847237006	1	0	1	2.7308322888302907
107200.0	6000.0	2448.999847237057	0.0	0	188.76536187107558	2648.999847237006	1	0	1	2.7308322888302907
108200.0	6000.0	2448.9998472370444	0.0	0	29.851527767808875	2648.999847237006	1	0	1	2.7308322888302907
109213.4352735177	6000.0	2435.5645737193468	0.0	0	0.0	2648.999847237006	1	0	1	2.7308322888302907
110200.0	6000.0	2448.999847237032	0.0	0	132.78911261251778	2648.999847237006	1	0	1	2.7308322888302907
111236.15336606304	6000.0	2412.846481174005	0.0	0	0.0	2648.999847237006	1	0	1	2.7308322888302907
112200.0	6000.0	2448.999847237035	0.0	0	88.56358149785956	2648.999847237006	1	0	1	2.7308322888302907
113200.0	6000.0	2448.9998472370366	0.0	0	226.5153854017408	2648.999847237006	1	0	1	2.7308322888302907
114200.0	6000.0	2448.9998472370244	0.0	0	339.4759940779186	2648.9998472369916	1	0	1	2.7308322888302916
115200.0	6000.0	2448.9998472370257	0.0	0	294.4223794684076	2648.999847236977	1	0	1	2.7308322888302934
116200.0	6000.0	2448.9998472370276	0.0	0	540.4678191700659	2648.9998472369625	1	0	1	2.7308322888302943
117200.0	6000.0	2448.9998472370335	0.0	0	410.85255699793925	2648.9998472369625	1	0	1	2.7308322888302943
118200.0	6000.0	2448.999847237042	0.0	0	97.61248706371407	2648.9998472369625	1	0	1	2.7308322888302943
119557.1506302674	6000.0	2091.8492169696465	0.0	0	0.0	2648.999847236948	1	0	1	2.730832288830296
120373.7741055286	6000.0	2275.2257417084497	0.0	0	0.0	2648.999847236948	1	0	1	2.730832288830296
121291.1177693837	6000.0	2357.882077853356	0.0	0	0.0	2648.999847236948	1	0	1	2.730832288830296
122267.26718481885	6000.0	2381.7326624182006	0.0	0	0.0	2648.999847236948	1	0	1	2.730832288830296
123200.0	6000.0	2448.9998472370653	0.0	0	236.53552987797593	2648.999847236948	1	0	1	2.730832288830296
124200.0	6000.0	2448.999847237069	0.0	0	385.1298021294497	2648.9998472369625	1	0	1	2.7308322888302943
125200.0	6000.0	2448.9998472370908	0.0	0	250.26507029941422	2648.9998472369625	1	0	1	2.7308322888302943
126200.0	6000.0	2448.9998472370644	0.0	0	326.82725762884365	2648.9998472369625	1	0	1	2.7308322888302943
127200.0	6000.0	2448.999847237055	0.0	0	430.2944326143188	2648.9998472369625	1	0	1	2.7308322888302943
128200.0	6000.0	2448.999847237062	0.0	0	361.53804762577056	2648.9998472369625	1	0	1	2.7308322888302943
129366.9941916788	6000.0	2282.0056555582805	0.0	0	0.0	2648.999847236977	1	0	1	2.7308322888302934
130215.57754696233	6000.0	2433.4223002747426	0.0	0	0.0	2648.999847236977	1	0	1	2.7308322888302934
131200.0	6000.0	2448.9998472370626	0.0	0	296.2469987329532	2648.999847236977	1	0	1	2.7308322888302934
132200.0	6000.0	2448.9998472370444	0.0	0	41.59836604000884	2648.999847236948	1	0	1	2.7308322888302947
133218.99473502705	6000.0	2430.0051122100185	0.0	0	0.0	2648.9998472369916	1	0	1	2.7308322888302934
134200.0	6000.0	2448.999847237102	0.0	0	220.28011962078745	2648.9998472370207	1	0	1	2.7308322888302894
135431.65016690647	6000.0	2217.3496803306407	0.0	0	0.0	2648.9998472370207	1	0	1	2.730832288830289
136200.0	6000.0	2448.9998472371394	0.0	0	218.13898536300985	2648.9998472370207	1	0	1	2.730832288830289
137200.0	6000.0	2448.99984723711	0.0	0	408.9919801535434	2648.9998472370207	1	0	1	2.730832288830289
138200.0	6000.0	2448.999847237115	0.0	0	222.7557011952158	2648.9998472370207	1	0	1	2.730832288830289
139200.0	6000.0	2448.9998472371335	0.0	0	11.911222397873644	2648.9998472370207	1	0	1	2.730832288830289
140200.0	6000.0	2448.9998472371094	0.0	0	3.357788035616977	2648.9998472369916	1	0	1	2.7308322888302916
141200.0	6000.0	2448.999847237111	0.0	0	156.42617235827493	2648.9998472369625	1	0	1	2.7308322888302943
142200.0	6000.0	2448.9998472371394	0.0	0	451.6244611508446	2648.9998472369625	1	0	1	2.7308322888302943
143200.0	6000.0	2448.99984723713	0.0	0	295.1118401499698	2648.9998472369625	1	0	1	2.7308322888302943
144335.19884830824	6000.0	2313.8009989289067	0.0	0	0.0	2648.9998472369916	1	0	1	2.7308322888302916
145243.07720743408	6000.0	2405.922639803069	0.0	0	0.0	2648.9998472369916	1	0	1	2.7308322888302916
146200.0	6000.0	2448.999847237137	0.0	0	242.0644784248143	2648.9998472369916	1	0	1	2.7308322888302916
147200.0	6000.0	2448.999847237109	0.0	0	502.2857861506345	2648.9998472369916	1	0	1	2.7308322888302916
148200.0	6000.0	2448.9998472370885	0.0	0	96.86613301362377	2648.9998472369916	1	0	1	2.7308322888302916
149200.0	6000.0	2448.9998472370635	0.0	0	184.3054913097003	2648.9998472369625	1	0	1	2.7308322888302943
150200.0	6000.0	2448.9998472370467	0.0	0	230.55950646847486	2648.9998472369625	1	0	1	2.7308322888302943
151200.0	6000.0	2448.999847236999	0.0	0	75.22709007302183	2648.9998472369625	1	0	1	2.7308322888302943
152200.0	6000.0	2448.9998472370085	0.0	0	95.98906111891847	2648.9998472369625	1	0	1	2.7308322888302943
153200.0	6000.0	2448.99984723703	0.0	0	351.0604114057496	2648.9998472369625	1	0	1	2.7308322888302943
154200.0	6000.0	2448.999847237018	0.0	0	178.45268384442898	2648.9998472369625	1	0	1	2.7308322888302943
155200.0	6000.0	2448.999847237058	0.0	0	112.03173239485477	2648.9998472369625	1	0	1	2.7308322888302943
156200.0	6000.0	2448.999847237064	0.0	0	160.34068840713007	2648.9998472369625	1	0	1	2.730832288830297
157200.0	6000.0	2448.9998472370917	0.0	0	235.8233714105445	2648.9998472369334	1	0	1	2.730832288830295
158200.0	6000.0	2448.999847237107	0.0	0	332.1367579064099	2648.9998472369625	1	0	1	2.7308322888302943
159501.42928177406	6000.0	2147.570565463071	0.0	0	0.0	2648.9998472369625	1	0	1	2.7308322888302943
160357.40881361577	6000.0	2291.5910336213783	0.0	0	0.0	2648.9998472369625	1	0	1	2.7308322888302943
161200.0	6000.0	2448.999847237107	0.0	0	258.64913461654214	2648.9998472369334	1	0	1	2.730832288830298
162200.0	6000.0	2448.9998472371417	0.0	0	600.8276642692508	2648.9998472369334	1	0	1	2.730832288830298
163200.0	6000.0	2448.9998472371544	0.0	0	383.67167012704886	2648.9998472369625	1	0	1	2.730832288830297
164200.0	6000.0	2448.9998472371963	0.0	0	547.8226095418213	2648.9998472369625	1	0	1	2.7308322888302943
165200.0	6000.0	2448.999847237208	0.0	0	404.01636373612564	2648.9998472369625	1	0	1	2.7308322888302943
166200.0	6000.0	2448.9998472372476	0.0	0	475.86436040280387	2648.9998472369916	1	0	1	2.730832288830294
167200.0	6000.0	2448.9998472372617	0.0	0	272.9773133000126	2648.9998472369916	1	0	1	2.7308322888302916
168200.0	6000.0	2448.999847237276	0.0	0	6.68661667543347	2648.9998472370207	1	0	1	2.730832288830289
169200.0	6000.0	2448.9998472372977	0.0	0	237.56093039322877	2648.999847237079	1	0	1	2.7308322888302854
170200.0	6000.0	2448.9998472372827	0.0	0	204.64715388862533	2648.999847237108	1	0	1	2.73083228883028
171200.0	6000.0	2448.999847237313	0.0	0	271.56924990031985	2648.999847237108	1	0	1	2.73083228883028
172200.0	6000.0	2448.999847237321	0.0	0	116.54387557585142	2648.999847237108	1	0	1	2.73083228883028
173200.0	6000.0	2448.999847237297	0.0	0	234.14895554553368	2648.999847237108	1	0	1	2.73083228883028
174200.0	6000.0	2448.99984723729	0.0	0	33.282643409766024	2648.999847237108	1	0	1	2.73083228883028
175200.0	6000.0	2448.999847237307	0.0	0	299.3898338788713	2648.999847237137	1	0	1	2.730832288830279
176200.0	6000.0	2448.999847237328	0.0	0	6.898314265650697	2648.999847237137	1	0	1	2.7308322888302774
177200.0	6000.0	2448.999847237356	0.0	0	158.42142909264658	2648.9998472371663	1	0	1	2.7308322888302765
178200.0	6000.0	2448.9998472373245	0.0	0	106.16712509497302	2648.9998472371663	1	0	1	2.7308322888302765
179200.0	6000.0	2448.9998472373486	0.0	0	75.32903436163906	2648.9998472371663	1	0	1	2.7308322888302743
180200.0	6000.0	2448.999847237335	0.0	0	94.76260918940534	2648.9998472371663	1	0	1	2.7308322888302743
181200.0	6000.0	2448.9998472373513	0.0	0	297.2592213565367	2648.9998472371663	1	0	1	2.7308322888302743
182200.0	6000.0	2448.9998472373736	0.0	0	243.6645230561262	2648.9998472371954	1	0	1	2.7308322888302716
183326.0227572509	6000.0	2322.97708998647	0.0	0	0.0	2648.9998472371954	1	0	1	2.7308322888302716
184200.0	6000.0	2448.9998472374036	0.0	0	86.91725211494486	2648.9998472371954	1	0	1	2.7308322888302716
185247.37568431284	6000.0	2401.624162924554	0.0	0	0.0	2648.9998472371954	1	0	1	2.7308322888302716
186265.00730781278	6000.0	2383.9925394246375	0.0	0	0.0	2648.9998472371954	1	0	1	2.7308322888302716
187352.03277472762	6000.0	2296.9670725098	0.0	0	0.0	2648.9998472371954	1	0	1	2.7308322888302716
188200.0	6000.0	2448.999847237437	0.0	0	126.88826829069876	2648.9998472371954	1	0	1	2.7308322888302716
189200.0	6000.0	2448.999847237403	0.0	0	391.5051733061846	2648.9998472371954	1	0	1	2.7308322888302716
190200.0	6000.0	2448.9998472373723	0.0	0	366.2129624966765	2648.9998472371954	1	0	1	2.7308322888302716
191200.0	6000.0	2448.9998472374014	0.0	0	171.5143810020527	2648.9998472372245	1	0	1	2.730832288830271
192200.0	6000.0	2448.9998472373927	0.0	0	294.49079418965266	2648.9998472371954	1	0	1	2.730832288830269
193200.0	6000.0	2448.999847237388	0.0	0	463.95678584076813	2648.9998472371954	1	0	1	2.7308322888302716
194200.0	6000.0	2448.999847237341	0.0	0	277.76252223251504	2648.999847237137	1	0	1	2.7308322888302747
195200.0	6000.0	2448.9998472373736	0.0	0	361.7442617865745	2648.999847237137	1	0	1	2.730832288830279
196200.0	6000.0	2448.999847237382	0.0	0	264.62887912016595	2648.999847237137	1	0	1	2.7308322888302774
197200.0	6000.0	2448.9998472373886	0.0	0	472.5398883681337	2648.999847237137	1	0	1	2.7308322888302774
198200.0	6000.0	2448.9998472373954	0.0	0	412.46622114727506	2648.9998472371663	1	0	1	2.7308322888302765
199200.0	6000.0	2448.999847237415	0.0	0	326.4560337116418	2648.9998472371663	1	0	1	2.7308322888302743
200200.0	6000.0	2448.9998472374195	0.0	0	390.1446609640843	2648.9998472371663	1	0	1	2.7308322888302743
201225.91464160947	6000.0	2423.085205627938	0.0	0	0.0	2648.9998472371663	1	0	1	2.7308322888302743
202200.0	6000.0	2448.9998472374596	0.0	0	145.0255587011634	2648.9998472371954	1	0	1	2.7308322888302716
203200.0	6000.0	2448.9998472374996	0.0	0	269.7880930483516	2648.9998472371954	1	0	1	2.7308322888302716
204200.0	6000.0	2448.9998472374723	0.0	0	548.2417780977848	2648.9998472371663	1	0	1	2.730832288830272
205200.0	6000.0	2448.9998472375	0.0	0	463.62034503929317	2648.9998472371663	1	0	1	2.7308322888302743
206200.0	6000.0	2448.999847237474	0.0	0	161.2296638432599	2648.9998472371663	1	0	1	2.7308322888302765
207200.0	6000.0	2448.9998472374245	0.0	0	372.24403453755076	2648.9998472371663	1	0	1	2.7308322888302743
208200.0	6000.0	2448.999847237405	0.0	0	105.48340095538879	2648.999847237137	1	0	1	2.7308322888302774
209200.0	6000.0	2448.999847237402	0.0	0	192.14054414065322	2648.999847237137	1	0	1	2.7308322888302774
210200.0	6000.0	2448.999847237388	0.0	0	50.081299068260705	2648.999847237108	1	0	1	2.73083228883028
211200.0	6000.0	2448.9998472374	0.0	0	249.30405947071267	2648.999847237108	1	0	1	2.73083228883028
212200.0	6000.0	2448.999847237408	0.0	0	97.95106113923248	2648.999847237108	1	0	1	2.73083228883028
213200.0	6000.0	2448.999847237388	0.0	0	108.03552099887747	2648.999847237108	1	0	1	2.73083228883028
214200.0	6000.0	2448.999847237396	0.0	0	365.2870220359182	2648.999847237108	1	0	1	2.73083228883028
215200.0	6000.0	2448.9998472373823	0.0	0	39.3680461179174	2648.999847237108	1	0	1	2.73083228883028
216200.0	6000.0	2448.9998472373863	0.0	0	305.6949154237809	2648.999847237108	1	0	1	2.73083228883028
217200.0	6000.0	2448.9998472373636	0.0	0	247.84550999625935	2648.999847237137	1	0	1	2.7308322888302774
218200.0	6000.0	2448.999847237366	0.0	0	272.8499042732001	2648.999847237137	1	0	1	2.730832288830279
219200.0	6000.0	2448.9998472373973	0.0	0	244.91583449559403	2648.999847237108	1	0	1	2.73083228883028
220200.0	6000.0	2448.999847237408	0.0	0	287.7856137737108	2648.999847237108	1	0	1	2.730832288830278
221200.0	6000.0	2448.999847237406	0.0	0	440.97693204687675	2648.999847237108	1	0	1	2.73083228883028
222200.0	6000.0	2448.9998472374236	0.0	0	300.5116188787797	2648.999847237137	1	0	1	2.730832288830279
223200.0	6000.0	2448.9998472373995	0.0	0	135.50486249651294	2648.999847237108	1	0	1	2.730832288830278
224200.0	6000.0	2448.9998472374373	0.0	0	87.80065809446387	2648.999847237137	1	0	1	2.7308322888302774
225200.0	6000.0	2448.9998472374477	0.0	0	409.09023197952774	2648.999847237108	1	0	1	2.730832288830278
226200.0	6000.0	2448.9998472374496	0.0	0	46.0515581513464	2648.999847237108	1	0	1	2.73083228883028
227306.42282670716	6000.0	2342.577020530354	0.0	0	0.0	2648.999847237108	1	0	1	2.73083228883028
228289.3024070116	6000.0	2359.6974402259525	0.0	0	0.0	2648.999847237137	1	0	1	2.7308322888302774
229348.1818817812	6000.0	2300.8179654563123	0.0	0	0.0	2648.999847237108	1	0	1	2.7308322888302796
230200.0	6000.0	2448.9998472375128	0.0	0	110.19641279635835	2648.999847237108	1	0	1	2.73083228883028
231200.0	6000.0	2448.9998472375046	0.0	0	333.06229012220865	2648.999847237108	1	0	1	2.73083228883028
232200.0	6000.0	2448.9998472375364	0.0	0	273.728902957082	2648.999847237108	1	0	1	2.73083228883028
233200.0	6000.0	2448.99984723752	0.0	0	234.63277925466537	2648.999847237108	1	0	1	2.73083228883028
234200.0	6000.0	2448.9998472375287	0.0	0	529.677659195353	2648.999847237108	1	0	1	2.73083228883028
235200.0	6000.0	2448.9998472375014	0.0	0	491.95756519021234	2648.999847237108	1	0	1	2.73083228883028
236200.0	6000.0	2448.9998472375178	0.0	0	306.5776565502747	2648.999847237137	1	0	1	2.7308322888302774
237200.0	6000.0	2448.999847237522	0.0	0	415.1318486354721	2648.999847237108	1	0	1	2.730832288830278
238200.0	6000.0	2448.99984723755	0.0	0	464.9604343112733	2648.999847237108	1	0	1	2.73083228883028
239200.0	6000.0	2448.9998472375787	0.0	0	349.87436952258577	2648.999847237137	1	0	1	2.7308322888302774
240200.0	6000.0	2448.9998472376	0.0	0	446.6421833129425	2648.9998472371663	1	0	1	2.7308322888302743
241229.18756315688	6000.0	2419.8122840806996	0.0	0	0.0	2648.9998472371663	1	0	1	2.7308322888302743
242339.453165545	6000.0	2309.5466816925623	0.0	0	0.0	2648.9998472371954	1	0	1	2.730832288830272
243200.0	6000.0	2448.9998472375723	0.0	0	81.48793994096923	2648.9998472371954	1	0	1	2.7308322888302716
244200.0	6000.0	2448.999847237556	0.0	0	392.9470124410291	2648.9998472371954	1	0	1	2.7308322888302716
245200.0	6000.0	2448.9998472375387	0.0	0	415.7059504527424	2648.9998472371954	1	0	1	2.7308322888302716
246200.0	6000.0	2448.9998472375455	0.0	0	509.4565501952311	2648.9998472371954	1	0	1	2.7308322888302716
247200.0	6000.0	2448.999847237529	0.0	0	493.14388926845277	2648.9998472371954	1	0	1	2.7308322888302716
248200.0	6000.0	2448.9998472375064	0.0	0	135.93518552582827	2648.9998472371663	1	0	1	2.7308322888302743
249200.0	6000.0	2448.9998472375005	0.0	0	126.61990070875618	2648.9998472371663	1	0	1	2.7308322888302743
250200.0	6000.0	2448.9998472375287	0.0	0	369.3160936139175	2648.9998472371663	1	0	1	2.7308322888302743
251200.0	6000.0	2448.999847237545	0.0	0	247.9254562325077	2648.9998472371663	1	0	1	2.7308322888302743
252200.0	6000.0	2448.99984723756	0.0	0	504.60459748021094	2648.9998472371663	1	0	1	2.7308322888302743
253200.0	6000.0	2448.999847237537	0.0	0	336.84432345817913	2648.999847237137	1	0	1	2.7308322888302747
254200.0	6000.0	2448.999847237562	0.0	0	456.0036257292668	2648.999847237108	1	0	1	2.73083228883028
255200.0	6000.0	2448.9998472376137	0.0	0	549.932452450943	2648.999847237137	1	0	1	2.7308322888302774
256200.0	6000.0	2448.9998472376424	0.0	0	356.8693928209832	2648.999847237137	1	0	1	2.7308322888302774
257200.0	6000.0	2448.999847237632	0.0	0	73.76737172584399	2648.999847237137	1	0	1	2.7308322888302774
258274.97335234343	6000.0	2374.026494894206	0.0	0	0.0	2648.999847237137	1	0	1	2.7308322888302774
259200.0	6000.0	2448.999847237634	0.0	0	83.18911656533601	2648.999847237137	1	0	1	2.7308322888302774
260259.86462958934	6000.0	2389.135217648299	0.0	0	0.0	2648.9998472371663	1	0	1	2.7308322888302743
261200.0	6000.0	2448.999847237638	0.0	0	448.21513599465834	2648.999847237108	1	0	1	2.730832288830278
262200.0	6000.0	2448.999847237618	0.0	0	470.855557948933	2648.999847237108	1	0	1	2.73083228883028
263200.0	6000.0	2448.999847237645	0.0	0	312.049047449138	2648.999847237137	1	0	1	2.730832288830279
264200.0	6000.0	2448.999847237719	0.0	0	341.79427319951355	2648.9998472372245	1	0	1	2.730832288830271
265200.0	6000.0	2448.999847237738	0.0	0	503.4334839807125	2648.9998472373118	1	0	1	2.730832288830265
266201.28355325776	6000.0	2447.716293980007	0.0	0	0.0	2648.99984723737	1	0	1	2.7308322888302574
267286.96639866626	6000.0	2362.0334485714952	0.0	0	0.0	2648.999847237428	1	0	1	2.7308322888302516
268302.8693206716	6000.0	2346.130526566192	0.0	0	0.0	2648.999847237428	1	0	1	2.730832288830248
269200.0	6000.0	2448.999847237798	0.0	0	109.93482813099399	2648.9998472374864	1	0	1	2.730832288830247
270302.8808480386	6000.0	2346.118999199146	0.0	0	0.0	2648.999847237428	1	0	1	2.730832288830248
271200.0	6000.0	2448.999847237751	0.0	0	276.2241185596795	2648.999847237428	1	0	1	2.730832288830248
272200.0	6000.0	2448.9998472377843	0.0	0	239.96023672667798	2648.999847237428	1	0	1	2.730832288830248
273200.0	6000.0	2448.9998472377224	0.0	0	321.0199677181663	2648.99984723737	1	0	1	2.730832288830254
274200.0	6000.0	2448.999847237743	0.0	0	329.389076599502	2648.99984723737	1	0	1	2.730832288830254
275200.0	6000.0	2448.999847237697	0.0	0	268.6567203489831	2648.9998472373118	1	0	1	2.730832288830255
276200.0	6000.0	2448.9998472377515	0.0	0	250.072396233154	2648.99984723737	1	0	1	2.7308322888302587
277200.0	6000.0	2448.999847237779	0.0	0	436.12962994002737	2648.9998472373118	1	0	1	2.730832288830255
278200.0	6000.0	2448.9998472377565	0.0	0	168.42256792786065	2648.99984723737	1	0	1	2.730832288830254
279226.3019965196	6000.0	2422.6978507181393	0.0	0	0.0	2648.99984723737	1	0	1	2.730832288830254
280200.0	6000.0	2448.999847237765	0.0	0	393.6417680666782	2648.99984723737	1	0	1	2.730832288830254
281200.0	6000.0	2448.9998472377283	0.0	0	341.0646723805112	2648.9998472373118	1	0	1	2.73083228883026
282471.4242044115	6000.0	2177.575642826251	0.0	0	0.0	2648.9998472373118	1	0	1	2.73083228883026
283559.27593057597	6000.0	2089.723916661858	0.0	0	0.0	2648.9998472373118	1	0	1	2.73083228883026
284612.7183699798	6000.0	2036.2814772579893	0.0	0	0.0	2648.99984723737	1	0	1	2.730832288830254
285404.7379141277	6000.0	2244.261933110113	0.0	0	0.0	2648.99984723737	1	0	1	2.730832288830254
286200.0	6000.0	2448.9998472378006	0.0	0	290.96814030740643	2648.99984723737	1	0	1	2.730832288830254
287200.0	6000.0	2448.999847237772	0.0	0	300.82954215205973	2648.99984723737	1	0	1	2.730832288830254
288200.0	6000.0	2448.9998472377933	0.0	0	389.48910290718777	2648.99984723737	1	0	1	2.730832288830254
289299.307919573	6000.0	2349.691927664835	0.0	0	0.0	2648.99984723737	1	0	1	2.730832288830254
290272.44130668003	6000.0	2376.5585405578076	0.0	0	0.0	2648.999847237428	1	0	1	2.730832288830248
291200.0	6000.0	2448.9998472378643	0.0	0	375.80690903036157	2648.999847237428	1	0	1	2.730832288830248
292200.0	6000.0	2448.9998472378757	0.0	0	317.3505523033091	2648.9998472374864	1	0	1	2.730832288830247
293200.0	6000.0	2448.9998472378948	0.0	0	68.7677058475092	2648.999847237428	1	0	1	2.7308322888302445
294200.0	6000.0	2448.999847237802	0.0	0	366.77547138166847	2648.999847237428	1	0	1	2.730832288830248
295200.0	6000.0	2448.9998472377933	0.0	0	126.74336584127741	2648.999847237428	1	0	1	2.730832288830248
296200.0	6000.0	2448.999847237753	0.0	0	450.5571382663911	2648.999847237428	1	0	1	2.730832288830248
297200.0	6000.0	2448.9998472377824	0.0	0	36.378068719932344	2648.99984723737	1	0	1	2.730832288830254
298200.0	6000.0	2448.9998472377943	0.0	0	169.95765401032986	2648.9998472373118	1	0	1	2.730832288830255
299200.0	6000.0	2448.9998472378134	0.0	0	144.64301513816463	2648.9998472373118	1	0	1	2.73083228883026
300200.0	6000.0	2448.9998472377983	0.0	0	390.9561555283144	2648.9998472373118	1	0	1	2.73083228883026
9.28	7.75	5.75	6.96	8.91	10.7	7.2	5.42	11.1	12.0	11.6	11.3	11.0	12.2	10.3	6.15	8.98	8.88	9.33	8.75	6.45	7.29	13.1	6.12	10.0	7.61	6.07	7.17	8.75	11.3	5.78	7.39	8.22	5.55	4.0	9.01	11.3	8.06	8.64	8.86	8.72	8.34	11.7	10.7	14.2	11.3	6.65	10.7	8.22	7.25	9.73	10.9	11.3	9.16	8.82	7.94	6.26	8.2	8.97	8.65	7.38	8.34	6.09	8.24	8.88	10.3	6.65	9.5	9.81	8.56	9.01	5.07	8.95	7.45	5.49	7.81	5.97	8.48	8.69	9.86	9.53	11.6	11.1	9.29	8.13	9.09	11.8	14.4	7.16	4.9	8.62	8.6	7.98	10.2	10.1	6.78	7.39	10.8	11.0	9.81	8.24	10.1	11.0	10.4	6.89	7.22	7.74	6.8	9.51	9.06	8.22	8.54	14.1	8.29	8.36	4.81	6.58	6.59	8.77	7.33	12.3	9.57	8.77	11.3	11.4	6.54	7.62	9.08	8.64	5.48	8.29	5.02	9.22	10.5	7.06	7.96	6.64	8.36	9.41	10.7	7.29	8.29	6.54	10.2	7.96	8.84	8.39	8.2	6.06	7.01	9.28	7.75	5.75	6.96	8.91	10.7	7.2	5.42	11.1	12.0	11.6	11.3	11.0	12.2	10.3	6.15	8.98	8.88	9.33	8.75	6.45	7.29	13.1	6.12	10.0	7.61	6.07	7.17	8.75	11.3	5.78	7.39	8.22	5.55	4.0	9.01	11.3	8.06	8.64	8.86	8.72	8.34	11.7	10.7	14.2	11.3	6.65	10.7	8.22	7.25	9.73	10.9	11.3	9.16	8.82	7.94	6.26	8.2	8.97	8.65	7.38	8.34	6.09	8.24	8.88	10.3	6.65	9.5	9.81	8.56	9.01	5.07	8.95	7.45	5.49	7.81	5.97	8.48	8.69	9.86	9.53	11.6	11.1	9.29	8.13	9.09	11.8	14.4	7.16	4.9	8.62	8.6	7.98	10.2	10.1	6.78	7.39	10.8	11.0	9.81	8.24	10.1	11.0	10.4	6.89	7.22	7.74	6.8	9.51	9.06	8.22	8.54	14.1	8.29	8.36	4.81	6.58	6.59	8.77	7.33	12.3	9.57	8.77	11.3	11.4	6.54	7.62	9.08	8.64	5.48	8.29	5.02	9.22	10.5	7.06	7.96	6.64	8.36	9.41	10.7	7.29	8.29	6.54	10.2	7.96	8.84	8.39	8.2	6.06	7.01	9.28	7.75
1.0	2.0	3.0	4.0	5.0	6.0	7.0	8.0	9.0	10.0	11.0	12.0	13.0	14.0	15.0	16.0	17.0	18.0	19.0	20.0	21.0	22.0	23.0	24.0	25.0	26.0	27.0	28.0	29.0	30.0	31.0	32.0	33.0	34.0	35.0	36.0	37.0	38.0	39.0	40.0	41.0	42.0	43.0	44.0	45.0	46.0	47.0	48.0	49.0	50.0	51.0	52.0	53.0	54.0	55.0	56.0	57.0	58.0	59.0	60.0	61.0	62.0	63.0	64.0	65.0	66.0	67.0	68.0	69.0	70.0	71.0	72.0	73.0	74.0	75.0	76.0	77.0	78.0	79.0	80.0	81.0	82.0	83.0	84.0	85.0	86.0	87.0	88.0	89.0	90.0	91.0	92.0	93.0	94.0	95.0	96.0	97.0	98.0	99.0	100.0	101.0	102.0	103.0	104.0	105.0	106.0	107.0	108.0	109.0	110.0	111.0	112.0	113.0	114.0	115.0	116.0	117.0	118.0	119.0	120.0	121.0	122.0	123.0	124.0	125.0	126.0	127.0	128.0	129.0	130.0	131.0	132.0	133.0	134.0	135.0	136.0	137.0	138.0	139.0	140.0	141.0	142.0	143.0	144.0	145.0	146.0	147.0	148.0	149.0	149.0	150.0	151.0	152.0	153.0	154.0	155.0	156.0	157.0	158.0	159.0	160.0	161.0	162.0	163.0	164.0	165.0	166.0	167.0	168.0	169.0	170.0	171.0	172.0	173.0	174.0	175.0	176.0	177.0	178.0	179.0	180.0	181.0	182.0	183.0	184.0	185.0	186.0	187.0	188.0	189.0	190.0	191.0	192.0	193.0	194.0	195.0	196.0	197.0	198.0	199.0	200.0	201.0	202.0	203.0	204.0	205.0	206.0	207.0	208.0	209.0	210.0	211.0	212.0	213.0	214.0	215.0	216.0	217.0	218.0	219.0	220.0	221.0	222.0	223.0	224.0	225.0	226.0	227.0	228.0	229.0	230.0	231.0	232.0	233.0	234.0	235.0	236.0	237.0	238.0	239.0	240.0	241.0	242.0	243.0	244.0	245.0	246.0	247.0	248.0	249.0	250.0	251.0	252.0	253.0	254.0	255.0	256.0	257.0	258.0	259.0	260.0	261.0	262.0	263.0	264.0	265.0	266.0	267.0	268.0	269.0	270.0	271.0	272.0	273.0	274.0	275.0	276.0	277.0	278.0	279.0	280.0	281.0	282.0	283.0	284.0	285.0	286.0	287.0	288.0	289.0	290.0	291.0	292.0	293.0	294.0	295.0	296.0	297.0	298.0	298.0	299.0	300.0
3023.9095682465063
