2917.6871098312663	300.0	2000.0	81.72736972635471	0	0.0	2917.6871098312663	1	0	1	-0.780658692900827
3200.0	300.0	2717.6871098312663	0.0	0	183.93441517818292	2917.687109831266	1	0	1	-0.2917687109831266
4200.0	500.0	2617.6871098312663	0.0	0	855.028597528215	2817.687109831266	1	0	2	-0.685768710983127
5200.0	500.0	2517.6871098312668	0.0	0	809.9703043036634	2717.687109831266	1	0	2	0.03505691278286395
6200.0	500.0	2417.6871098312677	0.0	0	844.7715358879404	2617.6871098312668	1	0	2	0.045056912782863875
7200.0	1000.0	2417.6871098312668	0.0	0	682.6184158717197	2617.687109831266	1	0	1	0.04905691278286389
8200.0	1000.0	2317.687109831267	0.0	0	752.8144696766803	2517.6871098312677	1	0	2	0.5482040933428092
9200.0	2000.0	2317.6871098312668	0.0	0	296.35679866913415	2517.6871098312677	1	0	1	0.7522040933428091
10200.0	3000.0	2317.6871098312668	0.0	0	249.46025188713793	2517.6871098312677	1	0	1	1.6453512739027547
11286.661125815539	3000.0	2231.025984015726	0.0	0	0.0	2517.6871098312695	1	0	1	2.050816382010919
12291.417434824769	3000.0	2226.269675006496	0.0	0	0.0	2517.6871098312713	1	0	1	2.050816382010919
13200.0	3000.0	2317.6871098312645	0.0	0	406.9952148570337	2517.6871098312713	1	0	1	2.050816382010919
14200.0	3000.0	2217.6871098312636	0.0	0	58.93053301891996	2417.6871098312713	1	0	2	1.6578561537790764
15200.0	3000.0	2117.687109831262	0.0	0	315.5160829375418	2317.6871098312695	1	0	2	1.8673113164172734
16365.220576796644	3000.0	1952.4665330346181	0.0	0	0.0	2317.6871098312695	1	0	1	1.870816382010919
17200.0	3000.0	2117.6871098312627	0.0	0	38.93551486544675	2317.6871098312695	1	0	1	2.070816382010919
18200.0	3000.0	2117.687109831262	0.0	0	256.91002860921435	2317.6871098312713	1	0	1	2.070816382010919
19200.0	3000.0	2117.687109831265	0.0	0	252.61162978426364	2317.687109831273	1	0	1	2.0708163820109187
20200.0	3000.0	2117.687109831265	0.0	0	190.05946413795755	2317.6871098312695	1	0	1	2.070816382010919
21208.246232636837	3000.0	2109.44087719443	0.0	0	0.0	2317.687109831273	1	0	1	2.0708163820109187
22200.0	3000.0	2117.6871098312668	0.0	0	154.5880612689798	2317.6871098312695	1	0	1	2.070816382010919
23226.474313477323	3000.0	2091.2127963539433	0.0	0	0.0	2317.6871098312695	1	0	1	2.070816382010919
24309.953666941645	3000.0	2007.7334428896218	0.0	0	0.0	2317.687109831266	1	0	1	2.0708163820109196
25451.846772434004	3000.0	1865.8403373972606	0.0	0	0.0	2317.687109831262	1	0	1	2.07081638201092
26653.65920026678	3000.0	1664.0279095644898	0.0	0	0.0	2317.687109831262	1	0	1	2.07081638201092
27616.398825996508	3000.0	1701.2882838347548	0.0	0	0.0	2317.687109831262	1	0	1	2.07081638201092
28579.21462499811	3000.0	1738.4724848331512	0.0	0	0.0	2317.687109831262	1	0	1	2.07081638201092
29560.996736859943	3000.0	1756.690372971314	0.0	0	0.0	2317.6871098312586	1	0	1	2.07081638201092
30511.648678726542	3000.0	1806.0384311047128	0.0	0	0.0	2317.687109831262	1	0	1	2.07081638201092
31291.01368698694	2000.0	2026.6734228443179	0.0	0	0.0	2317.6871098312586	1	0	1	1.2598861657945908
32200.0	2000.0	2117.6871098312577	0.0	0	320.3920132819658	2317.6871098312586	1	0	1	1.6653512739027554
33200.0	2000.0	2117.687109831255	0.0	0	312.0642483462907	2317.687109831255	1	0	1	1.6653512739027554
34200.0	3000.0	2117.6871098312545	0.0	0	189.9917951073512	2317.6871098312586	1	0	1	1.6653512739027558
35200.0	3000.0	2117.687109831255	0.0	0	205.2782055783755	2317.687109831255	1	0	1	2.0708163820109204
36200.0	3000.0	2117.687109831253	0.0	0	296.3896926776142	2317.687109831255	1	0	1	2.0708163820109204
37220.71330171029	3000.0	2096.9738081209616	0.0	0	0.0	2317.687109831255	1	0	1	2.0708163820109204
38200.0	3000.0	2117.6871098312554	0.0	0	308.8638541856053	2317.687109831262	1	0	1	2.07081638201092
39285.73551027654	3000.0	2031.9515995547176	0.0	0	0.0	2317.687109831262	1	0	1	2.07081638201092
40504.28872929674	3000.0	1813.3983805345256	0.0	0	0.0	2317.687109831262	1	0	1	2.07081638201092
41265.3685550636	3000.0	2052.3185547676753	0.0	0	0.0	2317.687109831262	1	0	1	2.07081638201092
42200.0	3000.0	2117.6871098312713	0.0	0	321.192989356452	2317.687109831262	1	0	1	2.07081638201092
43390.16068250151	3000.0	1808.5103590796066	0.0	0	0.0	2198.6710415811103	1	0	2	1.6795401706648136
44587.89462294143	3000.0	1610.7764186396876	0.0	0	0.0	2198.6710415811103	1	0	1	1.8827179888359349
45979.899347933264	3000.0	1218.771693647853	0.0	0	0.0	2198.6710415811103	1	0	1	2.082717988835935
47033.54306715547	3000.0	1165.1279744256412	0.0	0	0.0	2198.6710415811103	1	0	1	2.082717988835935
47935.11229890539	3000.0	1263.5587426757172	0.0	0	0.0	2198.6710415811103	1	0	1	2.082717988835935
48456.02676650823	3000.0	1742.6442750728836	0.0	0	0.0	2198.6710415811103	1	0	1	2.082717988835935
49480.47669772304	3000.0	1718.1943438580695	0.0	0	0.0	2198.6710415811103	1	0	1	2.082717988835935
50603.78660513455	3000.0	1594.8844364465592	0.0	0	0.0	2198.6710415811103	1	0	1	2.082717988835935
52087.3665297519	3000.0	1111.304511829222	0.0	0	0.0	2198.6710415811103	1	0	1	2.082717988835935
53173.12773795123	3000.0	1025.5433036298843	0.0	0	0.0	2198.6710415811176	1	0	1	2.082717988835934
54301.96537351763	3000.0	896.7056680634735	0.0	0	0.0	2198.6710415811176	1	0	1	2.082717988835934
55644.83344338008	3000.0	553.8375982010299	0.0	0	0.0	2198.671041581125	1	0	1	2.0827179888359337
56621.913841568276	3000.0	576.7572000128264	0.0	0	0.0	2198.671041581132	1	0	1	2.082717988835933
57126.11902623217	2000.0	1072.5520153489233	0.0	0	0.0	2198.671041581125	1	0	1	1.271787772619604
57760.11455829951	2000.0	1438.5564832815926	0.0	0	0.0	2198.671041581125	1	0	1	1.6772528807277687
58200.0	2000.0	1998.671041581094	0.0	0	40.51771694638592	2198.671041581125	1	0	1	1.6772528807277687
59200.0	3000.0	1998.6710415810985	0.0	0	230.58152654628793	2198.671041581125	1	0	1	1.6772528807277691
60200.0	3000.0	1998.6710415810926	0.0	0	209.65656291152845	2198.671041581125	1	0	1	2.0827179888359337
61200.0	3000.0	1998.6710415810921	0.0	0	153.41033392137615	2198.671041581132	1	0	1	2.082717988835933
62200.0	3000.0	1998.6710415810949	0.0	0	325.35599785917293	2198.671041581132	1	0	1	2.082717988835933
63200.0	3000.0	1998.6710415810944	0.0	0	144.64296459672914	2198.6710415811394	1	0	1	2.082717988835932
64262.0685002457	3000.0	1830.3956913108188	0.0	0	0.0	2092.4641915565735	1	0	2	1.6905561423664321
65241.08703684604	3000.0	1851.3771547104845	0.0	0	0.0	2092.4641915565735	1	0	1	1.8933386738383886
66317.9857073353	3000.0	1774.4784842212068	0.0	0	0.0	2092.464191556559	1	0	1	2.0933386738383897
67452.21956151085	3000.0	1640.2446300456472	0.0	0	0.0	2092.464191556537	1	0	1	2.0933386738383915
68625.66259332256	3000.0	1466.8015982339364	0.0	0	0.0	2092.4641915565444	1	0	1	2.0933386738383915
69847.81263532973	3000.0	1244.651556226772	0.0	0	0.0	2092.464191556559	1	0	1	2.09333867383839
70602.31323437256	2000.0	1490.1509571839442	0.0	0	0.0	2092.464191556559	1	0	1	1.282408457622061
71200.0	3000.0	1892.4641915564969	0.0	0	21.290956832715892	2092.464191556559	1	0	1	1.6878735657302255
72200.0	3000.0	1892.4641915564944	0.0	0	41.77210021216888	2092.464191556559	1	0	1	2.09333867383839
73200.0	3000.0	1892.4641915564982	0.0	0	279.4848311240785	2092.464191556559	1	0	1	2.09333867383839
74200.0	3000.0	1892.4641915564878	0.0	0	224.78964855782397	2092.464191556559	1	0	1	2.09333867383839
75200.0	2000.0	1892.4641915564903	0.0	0	145.22451979691687	2092.4641915565735	1	0	1	1.2824084576220596
76414.965673575	3000.0	1677.4985179814894	0.0	0	0.0	2092.4641915565735	1	0	1	1.6878735657302242
77322.42790435847	3000.0	1770.036287198035	0.0	0	0.0	2092.4641915565735	1	0	1	2.093338673838389
78200.0	2000.0	1892.4641915565185	0.0	0	22.741356960119447	2092.4641915565735	1	0	1	1.2824084576220596
79200.0	2000.0	1892.4641915565126	0.0	0	103.49911958440498	2092.4641915565735	1	0	1	1.6878735657302242
80246.51517437672	3000.0	1845.9490171798045	0.0	0	0.0	2092.4641915565735	1	0	1	1.6878735657302242
81200.0	3000.0	1892.4641915565314	0.0	0	85.72402684041299	2092.4641915565735	1	0	1	2.093338673838389
82200.0	3000.0	1892.4641915565285	0.0	0	482.54619065712905	2092.4641915565735	1	0	1	2.093338673838389
83200.0	3000.0	1892.4641915565314	0.0	0	581.6726163145213	2092.4641915565735	1	0	1	2.093338673838389
84200.0	3000.0	1892.46419155654	0.0	0	377.48901558617945	2092.464191556588	1	0	1	2.093338673838387
85976.920191324	3000.0	1115.5440002325483	0.0	0	0.0	2092.464191556588	1	0	1	2.093338673838387
86908.78724571236	3000.0	1183.676945844195	0.0	0	0.0	2092.4641915565735	1	0	1	2.093338673838389
87573.77816310604	3000.0	1518.6860284505196	0.0	0	0.0	2092.4641915565735	1	0	1	2.093338673838389
88436.72766913853	3000.0	1655.7365224180276	0.0	0	0.0	2092.464191556588	1	0	1	2.093338673838387
89200.0	3000.0	1892.4641915565503	0.0	0	62.791539957834175	2092.464191556588	1	0	1	2.093338673838387
90200.0	3000.0	1892.4641915565494	0.0	0	269.3570927183173	2092.4641915565735	1	0	1	2.093338673838389
91200.0	3000.0	1892.464191556548	0.0	0	194.26407125980768	2092.4641915565735	1	0	1	2.093338673838389
92200.0	3000.0	1892.4641915565524	0.0	0	497.5303111036337	2092.464191556559	1	0	1	2.09333867383839
93200.0	2000.0	1792.4641915565492	0.0	0	650.2427377509739	1992.464191556559	1	0	2	0.8884084576220606
94200.0	3000.0	1692.464191556544	0.0	0	164.37346650547988	1892.4641915565444	1	0	2	1.5049452533894403
95200.0	3000.0	1692.4641915565378	0.0	0	277.88223445448966	1892.4641915565444	1	0	1	1.9133386738383915
96200.0	3000.0	1692.464191556539	0.0	0	302.7918394868466	1892.4641915565444	1	0	1	2.1133386738383915
97553.64105322702	3000.0	1338.8231383295058	0.0	0	0.0	1892.4641915565444	1	0	1	2.1133386738383915
98291.21750165043	3000.0	1601.2466899060846	0.0	0	0.0	1892.4641915565444	1	0	1	2.1133386738383915
99200.0	3000.0	1692.4641915565019	0.0	0	49.01556595067086	1892.4641915565444	1	0	1	2.1133386738383915
100200.0	3000.0	1692.4641915564996	0.0	0	343.58831625798484	1892.4641915565444	1	0	1	2.1133386738383915
101754.99121251135	3000.0	1137.4729790451443	0.0	0	0.0	1892.4641915565444	1	0	1	2.1133386738383915
102669.54203699435	3000.0	1222.9221545621483	0.0	0	0.0	1892.464191556559	1	0	1	2.11333867383839
103446.08367765202	3000.0	1446.3805139044678	0.0	0	0.0	1892.4641915565444	1	0	1	2.1133386738383915
104440.62013229032	3000.0	1451.8440592661611	0.0	0	0.0	1892.4641915565444	1	0	1	2.1133386738383915
105338.8803810629	3000.0	1553.5838104935763	0.0	0	0.0	1892.4641915565444	1	0	1	2.1133386738383915
106200.0	3000.0	1692.464191556483	0.0	0	172.2609582888108	1892.4641915565444	1	0	1	2.1133386738383915
107200.0	3000.0	1692.4641915564807	0.0	0	374.7361191958189	1892.4641915565444	1	0	1	2.1133386738383915
108200.0	3000.0	1692.464191556508	0.0	0	85.81826515332796	1892.4641915565444	1	0	1	2.1133386738383915
109200.0	3000.0	1692.4641915565098	0.0	0	173.1013581410516	1892.4641915565444	1	0	1	2.1133386738383915
110200.0	3000.0	1692.4641915565157	0.0	0	206.99486652790802	1892.4641915565444	1	0	1	2.1133386738383915
111200.0	3000.0	1692.4641915565164	0.0	0	54.52817340828187	1892.4641915565444	1	0	1	2.1133386738383915
112200.0	3000.0	1692.4641915565091	0.0	0	493.15764076216146	1892.464191556559	1	0	1	2.11333867383839
113200.0	3000.0	1692.4641915564946	0.0	0	63.18191671045497	1892.464191556559	1	0	1	2.11333867383839
114200.0	3000.0	1692.4641915564662	0.0	0	58.73356908347341	1892.4641915565444	1	0	1	2.1133386738383915
115200.0	3000.0	1692.4641915564707	0.0	0	12.580617895320756	1892.4641915565444	1	0	1	2.1133386738383915
116200.0	3000.0	1692.4641915564691	0.0	0	113.69582789171545	1892.4641915565444	1	0	1	2.1133386738383915
117200.0	3000.0	1692.4641915564698	0.0	0	185.72226713660348	1892.464191556559	1	0	1	2.11333867383839
118859.24109858522	3000.0	1033.2230929712555	0.0	0	0.0	1892.464191556559	1	0	1	2.11333867383839
120030.21908481942	3000.0	862.2451067370542	0.0	0	0.0	1892.464191556559	1	0	1	2.11333867383839
121104.98529688534	3000.0	787.4788946711375	0.0	0	0.0	1892.464191556559	1	0	1	2.11333867383839
122017.29041900906	3000.0	875.1737725474238	0.0	0	0.0	1892.464191556559	1	0	1	2.11333867383839
122916.19037244619	3000.0	976.2738191102942	0.0	0	0.0	1892.464191556559	1	0	1	2.11333867383839
123671.56291209496	3000.0	1220.9012794615146	0.0	0	0.0	1892.464191556559	1	0	1	2.11333867383839
124200.0	3000.0	1692.4641915564798	0.0	0	81.58106224924268	1892.464191556559	1	0	1	2.11333867383839
125200.0	3000.0	1692.464191556463	0.0	0	540.2838908931444	1892.464191556559	1	0	1	2.11333867383839
126200.0	3000.0	1692.4641915564562	0.0	0	297.3909598446917	1892.464191556559	1	0	1	2.11333867383839
127200.0	2000.0	1692.464191556455	0.0	0	423.4449945239321	1892.4641915565444	1	0	1	1.3024084576220623
128200.0	3000.0	1692.4641915564655	0.0	0	58.390066751875565	1892.4641915565444	1	0	1	1.707873565730227
129200.0	3000.0	1592.46419155647	0.0	0	0.21132339497853536	1792.4641915565298	1	0	2	1.720884491841165
130286.0035892441	3000.0	1506.4606023123767	0.0	0	0.0	1792.4641915565153	1	0	1	1.9233386738383946
131523.3739944626	3000.0	1269.0901970938585	0.0	0	0.0	1792.4641915565153	1	0	1	2.123338673838393
132940.1927497714	3000.0	852.2714417850343	0.0	0	0.0	1792.4641915565007	1	0	1	2.123338673838394
133692.42967683752	3000.0	1100.0345147189478	0.0	0	0.0	1792.4641915565007	1	0	1	2.123338673838396
134472.7072789644	3000.0	1319.7569125920777	0.0	0	0.0	1792.4641915565298	1	0	1	2.123338673838393
135283.47252065124	3000.0	1508.9916709052586	0.0	0	0.0	1792.4641915565298	1	0	1	2.123338673838393
136641.5833262156	3000.0	1150.8808653409033	0.0	0	0.0	1792.464191556559	1	0	1	2.1233386738383904
137225.66399543404	2000.0	1566.8001961224911	0.0	0	0.0	1792.464191556588	1	0	1	1.3124084576220578
138200.0	3000.0	1592.4641915565428	0.0	0	12.821117833838798	1792.464191556588	1	0	1	1.7178735657302227
139200.0	3000.0	1492.4641915565194	0.0	0	107.16043555366923	1692.4641915565298	1	0	2	1.7301757684784622
140255.0965624976	3000.0	1437.3676290589176	0.0	0	0.0	1692.4641915565298	1	0	1	1.9333386738383929
141200.0	3000.0	1492.4641915565094	0.0	0	67.66837727028178	1692.4641915565298	1	0	1	2.1333386738383933
142405.06468208047	3000.0	1287.399509476033	0.0	0	0.0	1692.4641915565298	1	0	1	2.1333386738383933
143200.0	3000.0	1492.4641915565169	0.0	0	59.39670626854058	1692.4641915565298	1	0	1	2.1333386738383933
144200.0	3000.0	1492.4641915565267	0.0	0	288.86850623745704	1692.4641915565298	1	0	1	2.1333386738383933
145200.0	3000.0	1492.4641915565016	0.0	0	54.00766361132264	1692.4641915565298	1	0	1	2.1333386738383933
146200.0	3000.0	1492.4641915565187	0.0	0	223.85479106908315	1692.4641915565298	1	0	1	2.1333386738383933
147200.0	3000.0	1492.4641915565144	0.0	0	321.90172803081805	1692.4641915565298	1	0	1	2.1333386738383933
148280.64866911058	3000.0	1411.8155224459506	0.0	0	0.0	1692.464191556559	1	0	1	2.13333867383839
149404.29232504728	3000.0	1288.1718665092212	0.0	0	0.0	1692.464191556559	1	0	1	2.13333867383839
150200.0	3000.0	1492.4641915565269	0.0	0	119.00204426056007	1692.4641915565298	1	0	1	2.1333386738383933
151372.5633398143	3000.0	1319.9008517421978	0.0	0	0.0	1692.4641915565298	1	0	1	2.1333386738383933
152322.88867654643	3000.0	1369.575515010085	0.0	0	0.0	1692.4641915565298	1	0	1	2.1333386738383933
153200.0	3000.0	1404.7530592111846	0.0	0	7.87291426162119	1604.7530592112162	1	0	2	1.739371655988173
154386.8401280517	3000.0	1217.9129311595038	0.0	0	0.0	1604.7530592112162	1	0	1	1.9421097870729243
155354.8841412511	3000.0	1249.868917960064	0.0	0	0.0	1604.753059211187	1	0	1	2.1421097870729273
156200.0	3000.0	1404.7530592111652	0.0	0	79.81940237886738	1604.753059211158	1	0	1	2.1421097870729304
157200.0	3000.0	1404.7530592111575	0.0	0	119.05355669624987	1604.753059211158	1	0	1	2.1421097870729304
158200.0	3000.0	1404.7530592111575	0.0	0	279.78520603771904	1604.753059211158	1	0	1	2.1421097870729304
159246.20177180477	3000.0	1358.5512874063797	0.0	0	129.01759270209004	1604.753059211187	1	0	1	2.1421097870729273
160255.23772402905	3000.0	1349.5153351820807	0.0	0	0.0	1604.753059211187	1	0	1	2.1421097870729273
161248.5634400821	3000.0	1356.189619129039	0.0	0	0.0	1604.753059211187	1	0	1	2.1421097870729273
162200.0	3000.0	1404.7530592111423	0.0	0	37.54561590353842	1604.753059211187	1	0	1	2.1421097870729273
163200.0	3000.0	1404.753059211149	0.0	0	305.3388942342135	1604.753059211187	1	0	1	2.1421097870729273
164200.0	3000.0	1404.75305921119	0.0	0	3.815960700274445	1604.753059211187	1	0	1	2.1421097870729273
165274.9855763632	3000.0	1329.7674828479846	0.0	0	0.0	1604.753059211187	1	0	1	2.1421097870729273
166200.0	2000.0	1497.2545015748497	0.0	0	184.18541254315642	1697.2545015749056	1	0	0	1.1251157955199091
167200.0	3000.0	1497.2545015748578	0.0	0	235.37545355409384	1697.2545015749347	1	0	1	1.5273945347283893
168200.0	3000.0	1497.254501574878	0.0	0	285.42472650515265	1697.2545015749347	1	0	1	2.1328596428365527
169200.0	3000.0	1497.2545015748854	0.0	0	475.23552317076246	1697.2545015749347	1	0	1	2.1328596428365527
170200.0	3000.0	1497.2545015749154	0.0	0	348.97534940129844	1697.2545015749347	1	0	1	2.1328596428365527
171200.0	3000.0	1497.2545015748894	0.0	0	28.805848496733233	1697.2545015749056	1	0	1	2.132859642836555
172200.0	3000.0	1497.2545015749045	0.0	0	4.675417016347637	1697.2545015749056	1	0	1	2.1328596428365554
173510.13977388619	3000.0	1187.1147276886927	0.0	0	0.0	1697.2545015749056	1	0	1	2.1328596428365554
174509.10691598957	3000.0	1188.1475855853064	0.0	0	0.0	1697.2545015749056	1	0	1	2.1328596428365554
175506.06750842347	3000.0	1191.1869931514009	0.0	0	0.0	1697.2545015749056	1	0	1	2.1328596428365554
176325.84015891072	3000.0	1371.4143426641174	0.0	0	0.0	1697.2545015749056	1	0	1	2.1328596428365554
177610.42969108705	3000.0	1086.8248104877757	0.0	0	0.0	1697.2545015749056	1	0	1	2.1328596428365554
178483.2703635019	3000.0	1213.9841380728917	0.0	0	0.0	1697.2545015749056	1	0	1	2.1328596428365554
179510.47379271706	3000.0	1084.0603659362287	0.0	0	0.0	1594.534158653405	1	0	2	1.7405319732326543
180435.46880599833	3000.0	1159.0653526549618	0.0	0	0.0	1594.534158653405	1	0	1	1.9431316771287055
181597.81396981416	3000.0	996.7201888391776	0.0	0	0.0	1594.5341586534341	1	0	1	2.143131677128703
182767.64474275892	3000.0	826.8894158944142	0.0	0	0.0	1594.534158653405	1	0	1	2.1431316771287054
183340.47921185842	2000.0	1254.0549467949168	0.0	0	0.0	1594.534158653405	1	0	1	1.3322014609123762
184200.0	2000.0	1394.5341586533157	0.0	0	309.35464856473845	1594.534158653376	1	0	1	1.7376665690205437
185200.0	3000.0	1394.5341586533252	0.0	0	102.76349793814006	1594.534158653376	1	0	1	1.737666569020544
186241.4860137752	3000.0	1353.0481448781668	0.0	0	0.0	1594.534158653376	1	0	1	2.1431316771287086
187200.0	3000.0	1394.5341586533675	0.0	0	105.80416079628048	1594.534158653376	1	0	1	2.1431316771287086
188200.0	3000.0	1394.5341586533978	0.0	0	415.18514443558524	1594.534158653405	1	0	1	2.1431316771287054
189200.0	3000.0	1394.5341586533941	0.0	0	237.0334485732019	1594.534158653405	1	0	1	2.1431316771287054
190340.53286880252	3000.0	1254.001289850873	0.0	0	0.0	1594.534158653405	1	0	1	2.1431316771287054
191444.1346778793	3000.0	1150.399480774091	0.0	0	0.0	1594.534158653376	1	0	1	2.1431316771287086
192786.92133931216	3000.0	807.6128193412566	0.0	0	0.0	1594.534158653405	1	0	1	2.143131677128708
193798.55491771759	3000.0	795.9792409358533	0.0	0	0.0	1594.534158653376	1	0	1	2.1431316771287063
194595.05215154632	3000.0	999.4820071071152	0.0	0	0.0	1594.534158653376	1	0	1	2.1431316771287086
196100.4773114873	3000.0	494.0568471660873	0.0	0	0.0	1594.534158653376	1	0	1	2.1431316771287086
197190.66811761417	3000.0	590.3945995482943	186.5285585090637	0	0.0	1781.062717162451	1	0	1	1.0053074702234186
197804.03835981264	3000.0	977.024357349833	0.0	0	0.0	1781.0627171623928	1	0	1	2.1244788212778047
199151.81531818074	3000.0	629.2473989817397	0.0	0	0.0	1781.062717162422	1	0	1	2.1244788212778056
200340.39477707955	3000.0	440.66794008294175	0.0	0	0.0	1781.062717162451	1	0	1	2.124478821277801
201300.63356615877	2000.0	480.42915100371226	0.0	0	0.0	1781.062717162451	1	0	1	1.3135486050614715
202008.57461915642	2000.0	772.4880980060686	0.0	0	0.0	1781.06271716248	1	0	1	1.719013713169633
202394.84432599673	2000.0	1386.2183911657612	0.0	0	0.0	1781.06271716248	1	0	1	1.719013713169633
203200.0	3000.0	1581.0627171624647	0.0	0	78.81907917675562	1781.06271716248	1	0	1	1.7190137131696335
204381.02064551838	3000.0	1400.0420716440956	0.0	0	0.0	1781.0627171625092	1	0	1	2.124478821277795
205559.8175937312	3000.0	1221.2451234312684	0.0	0	0.0	1781.0627171625092	1	0	1	2.124478821277795
206403.01470718917	3000.0	1378.0480099733004	0.0	0	0.0	1781.0627171625092	1	0	1	2.124478821277795
207200.0	3000.0	1581.0627171624826	0.0	0	202.345370099938	1781.0627171625092	1	0	1	2.124478821277796
208200.0	3000.0	1581.0627171625054	0.0	0	310.70015032647643	1781.0627171625383	1	0	1	2.1244788212777923
209200.0	3000.0	1581.0627171624906	0.0	0	249.14966879226267	1781.0627171625092	1	0	1	2.124478821277795
210408.9146145278	3000.0	1372.1481026346642	0.0	0	0.0	1781.0627171625092	1	0	1	2.124478821277795
211200.0	3000.0	1581.0627171624897	0.0	0	62.625193560816115	1781.06271716248	1	0	1	2.124478821277798
212200.0	3000.0	1581.0627171624944	0.0	0	65.24540846890886	1781.0627171625383	1	0	1	2.1244788212777936
213200.0	3000.0	1581.0627171624883	0.0	0	319.8276631846675	1781.0627171625383	1	0	1	2.1244788212777923
214725.4213617992	3000.0	1055.6413553633076	0.0	0	0.0	1781.0627171625674	1	0	1	2.124478821277789
216311.40302129264	3000.0	469.659695869869	0.0	0	0.0	1781.0627171625965	1	0	1	2.1244788212777865
217374.14113421546	3000.0	422.9127753748536	15.991192427813559	0	0.0	1797.0539095904096	1	0	1	2.0269325474681237
218159.9889662587	2000.0	637.0649433316069	0.0	0	0.0	1797.0539095904096	1	0	1	1.3119494858186758
218958.1687925474	2000.0	838.8851170429087	0.0	0	0.0	1797.0539095903805	1	0	1	1.717414593926843
219593.04824192304	2000.0	1204.0056676672966	0.0	0	0.0	1797.0539095903805	1	0	1	1.717414593926843
220390.52683713872	3000.0	1406.5270724516372	0.0	0	0.0	1797.0539095904096	1	0	1	1.7174145939268406
221442.99323473903	3000.0	1354.0606748513128	0.0	0	0.0	1797.0539095904096	1	0	1	2.122879702035005
222200.0	3000.0	1597.0539095903196	0.0	0	29.858756883681053	1797.0539095904387	1	0	1	2.122879702035002
223200.0	2000.0	1597.0539095903496	0.0	0	516.5470257157285	1797.0539095904678	1	0	1	1.31194948581867
224200.0	3000.0	1597.0539095903468	0.0	0	219.52977041414124	1797.0539095904387	1	0	1	1.7174145939268364
225377.52107469068	3000.0	1419.5328348996727	0.0	0	0.0	1797.0539095904387	1	0	1	2.122879702035002
226321.57591531778	3000.0	1475.477994272612	0.0	0	0.0	1797.0539095904096	1	0	1	2.122879702035005
227337.76397393044	3000.0	1459.289935659996	0.0	0	0.0	1797.0539095904096	1	0	1	2.122879702035005
228200.0	3000.0	1510.8303069835097	0.0	0	60.48285942719667	1710.8303069834656	1	0	2	1.7291757747377368
229200.0	3000.0	1510.8303069834838	0.0	0	238.44935059579439	1710.8303069834365	1	0	1	1.9315020622957022
230200.0	3000.0	1510.8303069834606	0.0	0	279.0723920004675	1710.8303069834074	1	0	1	2.131502062295704
231200.0	3000.0	1510.8303069834726	0.0	0	444.0153175309533	1710.8303069834365	1	0	1	2.131502062295702
232200.0	3000.0	1510.830306983468	0.0	0	491.6442291776475	1710.8303069834365	1	0	1	2.131502062295702
233200.0	3000.0	1510.830306983506	0.0	0	56.59395465164562	1710.8303069834365	1	0	1	2.131502062295702
234946.62910355546	3000.0	764.2012034280386	0.0	0	0.0	1710.8303069834365	1	0	1	2.131502062295702
235811.8050809069	3000.0	899.0252260765855	0.0	0	0.0	1710.8303069834365	1	0	1	2.131502062295702
236782.64129349196	3000.0	928.1890134915228	0.0	0	0.0	1710.8303069834656	1	0	1	2.1315020622956995
237432.3262111327	3000.0	1278.5040958508064	0.0	0	0.0	1710.8303069834656	1	0	1	2.1315020622956995
238200.0	3000.0	1510.8303069834844	0.0	0	39.760109934431966	1710.8303069834365	1	0	1	2.131502062295702
239200.0	3000.0	1510.830306983464	0.0	0	146.51825656022993	1710.8303069834365	1	0	1	2.131502062295702
240200.0	3000.0	1510.8303069834521	0.0	0	23.055993355810642	1710.8303069834365	1	0	1	2.131502062295702
241200.0	3000.0	1510.8303069834326	0.0	0	408.62408762823907	1710.8303069834365	1	0	1	2.131502062295702
242200.0	3000.0	1510.83030698345	0.0	0	81.49335089579108	1710.8303069834365	1	0	1	2.131502062295702
243200.0	3000.0	1510.8303069834628	0.0	0	202.67637775477488	1710.8303069834365	1	0	1	2.131502062295702
244200.0	3000.0	1510.8303069834624	0.0	0	575.4033378115273	1710.8303069834656	1	0	1	2.1315020622956995
245200.0	3000.0	1510.8303069834838	0.0	0	302.58312888941146	1710.8303069834656	1	0	1	2.1315020622956995
246319.32693484295	3000.0	1391.5033721405389	0.0	0	0.0	1710.8303069834656	1	0	1	2.1315020622956995
247237.78544879018	3000.0	1473.0448581933135	0.0	0	0.0	1710.8303069834656	1	0	1	2.1315020622956995
248200.0	3000.0	1510.8303069834706	0.0	0	430.72451062628534	1710.8303069834365	1	0	1	2.131502062295702
249200.0	3000.0	1510.8303069834535	0.0	0	111.15811858166126	1710.8303069834365	1	0	1	2.131502062295702
250300.91668029095	3000.0	1409.9136266925116	0.0	0	0.0	1710.8303069834365	1	0	1	2.131502062295702
251527.16078755484	3000.0	1183.6695194286606	0.0	0	0.0	1710.8303069834656	1	0	1	2.1315020622956995
252230.86021584464	3000.0	1479.9700911388568	0.0	0	0.0	1710.8303069834947	1	0	1	2.1315020622956964
253200.0	3000.0	1510.830306983492	0.0	0	161.1378964719188	1710.8303069834365	1	0	1	2.1315020622957013
254200.0	3000.0	1510.8303069835	0.0	0	149.6931861983321	1710.8303069834365	1	0	1	2.131502062295702
255200.0	3000.0	1510.8303069835156	0.0	0	9.151440332294442	1710.8303069834365	1	0	1	2.131502062295702
256200.0	3000.0	1510.8303069835197	0.0	0	130.48544933801168	1710.8303069834365	1	0	1	2.131502062295702
257257.8043396685	3000.0	1453.0259673150276	0.0	0	0.0	1710.8303069834365	1	0	1	2.131502062295702
258200.0	3000.0	1510.830306983539	0.0	0	197.96545257658	1710.8303069834365	1	0	1	2.131502062295702
259200.0	3000.0	1510.8303069835456	0.0	0	191.7699912933458	1710.8303069834365	1	0	1	2.131502062295702
260200.0	3000.0	1510.8303069835542	0.0	0	19.68445270045777	1710.8303069834365	1	0	1	2.131502062295702
261200.0	3000.0	1510.8303069835802	0.0	0	385.82284691603854	1710.8303069834656	1	0	1	2.1315020622956995
262200.0	3000.0	1510.8303069835702	0.0	0	283.68155153957196	1710.8303069834656	1	0	1	2.1315020622956995
263200.0	3000.0	1510.830306983536	0.0	0	2.1896916271653026	1710.8303069834656	1	0	1	2.1315020622957004
264200.0	3000.0	1510.830306983583	0.0	0	91.07620573922759	1710.8303069834947	1	0	1	2.1315020622956977
265200.0	3000.0	1510.830306983577	0.0	0	217.1187418422778	1710.8303069834365	1	0	1	2.131502062295702
266200.0	3000.0	1510.8303069835663	0.0	0	367.2243234231137	1710.8303069834365	1	0	1	2.131502062295702
267200.0	3000.0	1510.8303069835965	0.0	0	157.34561445913278	1710.8303069834365	1	0	1	2.131502062295702
268605.383880103	3000.0	1105.446426880577	0.0	0	0.0	1710.8303069834947	1	0	1	2.1315020622956964
269286.0960750301	3000.0	1424.7342319535014	0.0	0	0.0	1710.8303069834947	1	0	1	2.1315020622956964
270200.0	3000.0	1510.8303069835924	0.0	0	30.82828132569557	1710.8303069834947	1	0	1	2.1315020622956964
271200.0	3000.0	1510.8303069835633	0.0	0	185.22959281282965	1710.8303069834947	1	0	1	2.1315020622956964
272200.0	3000.0	1510.8303069835752	0.0	0	201.8336058986024	1710.8303069834365	1	0	1	2.131502062295702
273200.0	3000.0	1510.8303069835808	0.0	0	180.59802780253813	1710.8303069833783	1	0	1	2.1315020622957084
274200.0	3000.0	1510.8303069836059	0.0	0	433.7412283431622	1710.8303069833783	1	0	1	2.1315020622957084
275200.0	3000.0	1510.8303069835981	0.0	0	317.6644024558482	1710.8303069833783	1	0	1	2.1315020622957084
276200.0	3000.0	1510.8303069836202	0.0	0	329.15907258400694	1710.8303069833783	1	0	1	2.1315020622957084
277212.5730726802	3000.0	1498.257234303419	0.0	0	0.0	1710.8303069833783	1	0	1	2.1315020622957093
278200.0	3000.0	1510.830306983546	0.0	0	86.87896921671927	1710.83030698332	1	0	1	2.131502062295713
279200.0	3000.0	1510.830306983496	0.0	0	320.36770257214084	1710.83030698332	1	0	1	2.131502062295714
280200.0	3000.0	1510.8303069834842	0.0	0	232.15044309390942	1710.8303069833783	1	0	1	2.1315020622957084
281624.0410586061	3000.0	1086.7892483773503	0.0	0	0.0	1710.8303069833783	1	0	1	2.1315020622957084
282581.35114026716	3000.0	1129.4791667162322	0.0	0	0.0	1710.8303069833783	1	0	1	2.1315020622957084
283596.95240699704	3000.0	1113.8778999863484	0.0	0	0.0	1710.8303069833783	1	0	1	2.1315020622957084
284551.6137361795	3000.0	1159.2165708038726	0.0	0	0.0	1710.8303069833783	1	0	1	2.1315020622957084
285891.75944606203	3000.0	819.0708609213742	0.0	0	0.0	1710.8303069834365	1	0	1	2.1315020622957057
286881.2654564121	3000.0	829.5648505712616	0.0	0	0.0	1710.8303069834947	1	0	1	2.1315020622957
287833.3766522482	3000.0	877.4536547350717	0.0	0	0.0	1710.8303069833783	1	0	1	2.1315020622957035
289073.90253365494	3000.0	636.9277733283732	0.0	0	0.0	1710.8303069834365	1	0	1	2.131502062295702
290018.1464960938	3000.0	692.6838108894788	0.0	0	0.0	1710.8303069834365	1	0	1	2.131502062295702
291292.35749307356	3000.0	459.9855252480877	41.51271133837679	0	0.0	1752.3430183216115	1	0	1	1.8782745231316242
292326.2762000524	3000.0	462.9159511200195	36.84913285077202	0	0.0	1789.1921511723776	1	0	1	1.902571080772176
293032.87356686534	3000.0	756.3185843070816	0.0	0	0.0	1789.1921511723776	1	0	1	2.1236658778768085
293773.40929188643	3000.0	1015.7828592860047	0.0	0	0.0	1789.1921511723776	1	0	1	2.1236658778768085
294715.92223671946	3000.0	1073.2699144530086	0.0	0	0.0	1789.1921511723194	1	0	1	2.1236658778768143
295917.1123177347	3000.0	872.0798334377134	0.0	0	0.0	1789.1921511723194	1	0	1	2.1236658778768143
296866.3082099544	3000.0	922.8839412179697	0.0	0	0.0	1789.1921511723194	1	0	1	2.1236658778768143
297948.95461493667	3000.0	840.2375362357292	0.0	0	0.0	1789.1921511723776	1	0	1	2.1236658778768085
298593.81510251027	3000.0	1195.3770486621288	0.0	0	0.0	1789.1921511723776	1	0	1	2.1236658778768085
299707.67168482015	3000.0	1081.5204663522916	0.0	0	0.0	1789.1921511723776	1	0	1	2.1236658778768085
300890.1294398555	3000.0	899.0627113169656	0.0	0	0.0	1789.1921511724358	1	0	1	2.1236658778768023
4.58	3.51	3.38	4.41	3.96	3.86	4.54	1.55	3.0	4.6	4.24	3.57	4.04	2.72	3.26	3.72	4.47	4.3	3.32	3.48	4.07	1.95	3.38	2.63	2.88	3.27	2.77	3.41	3.45	3.46	3.21	4.55	3.49	3.21	4.36	4.59	3.13	2.66	4.24	3.1	2.56	3.21	2.97	1.81	2.92	5.11	3.48	2.44	2.78	1.78	4.55	2.64	2.09	2.7	3.97	4.32	3.2	3.52	3.38	4.59	3.36	3.14	2.37	2.34	2.37	2.57	3.0	3.58	4.05	3.54	3.68	3.12	3.06	2.66	3.38	2.25	3.3	4.17	5.76	8.0	5.53	2.85	1.73	3.58	4.0	4.95	4.37	3.74	4.53	5.06	3.96	6.21	4.55	2.63	3.13	4.89	4.02	4.12	1.93	3.99	4.37	2.37	3.28	4.58	3.94	3.48	4.44	3.56	4.45	4.78	3.22	2.7	4.32	4.67	3.29	1.83	3.24	3.51	3.31	3.72	3.81	5.84	4.15	3.74	4.12	3.08	3.15	3.96	3.0	2.68	3.54	3.86	2.68	2.81	2.77	3.09	3.05	3.92	2.29	4.01	3.86	3.85	3.14	3.06	4.38	3.01	4.08	3.63	2.97	4.31	4.58	3.51	3.38	4.41	3.96	3.86	4.54	1.55	3.0	4.6	4.24	3.57	4.04	2.72	3.26	3.72	4.47	4.3	3.32	3.48	4.07	1.95	3.38	2.63	2.88	3.27	2.77	3.41	3.45	3.46	3.21	4.55	3.49	3.21	4.36	4.59	3.13	2.66	4.24	3.1	2.56	3.21	2.97	1.81	2.92	5.11	3.48	2.44	2.78	1.78	4.55	2.64	2.09	2.7	3.97	4.32	3.2	3.52	3.38	4.59	3.36	3.14	2.37	2.34	2.37	2.57	3.0	3.58	4.05	3.54	3.68	3.12	3.06	2.66	3.38	2.25	3.3	4.17	5.76	8.0	5.53	2.85	1.73	3.58	4.0	4.95	4.37	3.74	4.53	5.06	3.96	6.21	4.55	2.63	3.13	4.89	4.02	4.12	1.93	3.99	4.37	2.37	3.28	4.58	3.94	3.48	4.44	3.56	4.45	4.78	3.22	2.7	4.32	4.67	3.29	1.83	3.24	3.51	3.31	3.72	3.81	5.84	4.15	3.74	4.12	3.08	3.15	3.96	3.0	2.68	3.54	3.86	2.68	2.81	2.77	3.09	3.05	3.92	2.29	4.01	3.86	3.85	3.14	3.06	4.38	3.01	4.08	3.63	2.97	4.31	4.58	3.51
1.0	2.0	3.0	4.0	5.0	6.0	7.0	8.0	9.0	10.0	11.0	12.0	13.0	14.0	15.0	16.0	17.0	18.0	19.0	20.0	21.0	22.0	23.0	24.0	25.0	26.0	27.0	28.0	29.0	30.0	31.0	32.0	33.0	34.0	35.0	36.0	37.0	38.0	39.0	40.0	41.0	42.0	43.0	44.0	45.0	46.0	47.0	48.0	49.0	50.0	51.0	52.0	53.0	54.0	55.0	56.0	57.0	58.0	59.0	60.0	61.0	62.0	63.0	64.0	65.0	66.0	67.0	68.0	69.0	70.0	71.0	72.0	73.0	74.0	75.0	76.0	77.0	78.0	79.0	80.0	81.0	82.0	83.0	84.0	85.0	86.0	87.0	88.0	89.0	90.0	91.0	92.0	93.0	94.0	95.0	96.0	97.0	98.0	99.0	100.0	101.0	102.0	103.0	104.0	105.0	106.0	107.0	108.0	109.0	110.0	111.0	112.0	113.0	114.0	115.0	116.0	117.0	118.0	119.0	120.0	121.0	122.0	123.0	124.0	125.0	126.0	127.0	128.0	129.0	130.0	131.0	132.0	133.0	134.0	135.0	136.0	137.0	138.0	139.0	140.0	141.0	142.0	143.0	144.0	145.0	146.0	147.0	148.0	149.0	149.0	150.0	151.0	152.0	153.0	154.0	155.0	156.0	157.0	158.0	159.0	160.0	161.0	162.0	163.0	164.0	165.0	166.0	167.0	168.0	169.0	170.0	171.0	172.0	173.0	174.0	175.0	176.0	177.0	178.0	179.0	180.0	181.0	182.0	183.0	184.0	185.0	186.0	187.0	188.0	189.0	190.0	191.0	192.0	193.0	194.0	195.0	196.0	197.0	198.0	199.0	200.0	201.0	202.0	203.0	204.0	205.0	206.0	207.0	208.0	209.0	210.0	211.0	212.0	213.0	214.0	215.0	216.0	217.0	218.0	219.0	220.0	221.0	222.0	223.0	224.0	225.0	226.0	227.0	228.0	229.0	230.0	231.0	232.0	233.0	234.0	235.0	236.0	237.0	238.0	239.0	240.0	241.0	242.0	243.0	244.0	245.0	246.0	247.0	248.0	249.0	250.0	251.0	252.0	253.0	254.0	255.0	256.0	257.0	258.0	259.0	260.0	261.0	262.0	263.0	264.0	265.0	266.0	267.0	268.0	269.0	270.0	271.0	272.0	273.0	274.0	275.0	276.0	277.0	278.0	279.0	280.0	281.0	282.0	283.0	284.0	285.0	286.0	287.0	288.0	289.0	290.0	291.0	292.0	293.0	294.0	295.0	296.0	297.0	298.0	298.0	299.0	300.0
2720.7171344196595
