5499.050488578038	300.0	2000.0	318.65972119446246	0	0.0	5499.050488578038	1	0	1	-2.454332351116358
5814.152487768067	300.0	2653.3878008909683	0.0	0	0.0	5467.540288659035	1	0	2	-0.9474986344962883
6107.536088450838	300.0	3330.6658401399213	0.0	0	0.0	5438.201928590759	1	0	2	-0.7445535103067209
6624.288884381103	500.0	3762.2377646166306	0.0	0	0.0	5386.526648997734	1	0	2	-0.7399873212467075
7067.499444293217	500.0	4274.706148713305	0.0	0	0.0	5342.205593006523	1	0	2	-0.22427103070499466
7739.440378342305	1000.0	4535.571121259309	0.0	0	0.0	5275.011499601613	1	0	2	-0.21847079613526982
8258.272017666783	1000.0	4964.856318002383	0.0	0	0.0	5223.1283356691665	1	0	2	0.4804603164215162
9200.0	1000.0	4928.955537435846	0.0	0	458.26077842750055	5128.955537435846	1	0	2	0.4872777235336697
10200.0	1000.0	4828.955537435848	0.0	0	97.09923605113909	5028.955537435848	1	0	2	0.49840059558345406
11200.0	1000.0	4728.955537435849	0.0	0	543.2794334254104	4928.955537435849	1	0	2	0.5071392038736888
12200.0	2000.0	4628.955537435851	0.0	0	181.08243149591	4828.955537435851	1	0	2	0.5176793059027996
13204.678647625731	2000.0	4523.809025047545	0.0	0	168.51962959736738	4728.487672673276	1	0	2	1.2206017587796214
14274.007924056923	2000.0	4347.546820973231	0.0	0	0.0	4621.554745030153	1	0	2	1.2331807357391364
15314.779395188303	2000.0	4202.69820272871	0.0	0	0.0	4517.477597917014	1	0	2	1.2430465723729693
16232.629262689488	3000.0	4193.063348477408	0.0	0	0.0	4425.692611166898	1	0	2	1.2517722300140386
18486.929923021635	3000.0	2713.332622112045	0.0	0	0.0	4200.262545133681	1	0	2	1.6769811168523283
18922.24190147239	1000.0	3234.4894458162175	0.0	0	0.0	4156.731347288609	1	0	2	-0.5113279734936004
20211.750996070616	2000.0	2816.0294417581636	0.0	0	0.0	4027.780437828782	1	0	2	0.5980464531061507
21366.888165897806	2000.0	2545.378554948259	0.0	0	0.0	3912.2667208460625	1	0	2	1.3032332163880647
22297.861529282163	2000.0	2521.30785522547	0.0	0	0.0	3819.1693845076334	1	0	2	1.3126466323260155
23514.63240815005	2000.0	2304.5369763575827	0.0	0	0.0	3819.1693845076334	1	0	1	1.3152030464351179
24548.60206245917	2000.0	2167.170356617553	0.0	0	0.0	3715.772419076726	1	0	2	1.122862694614139
25505.80462227669	2000.0	2209.9677968000337	0.0	0	0.0	3715.7724190767294	1	0	1	1.3255427429782083
26690.168635644324	2000.0	2025.6037834323965	0.0	0	0.0	3715.7724190767294	1	0	1	1.5255427429782085
27676.342024634017	2000.0	1940.813055543732	0.0	0	0.0	3617.1550801777557	1	0	2	1.1329495886516028
28799.116776783612	2000.0	1705.7608281791754	0.0	0	0.0	3504.8776049627922	1	0	2	1.3433316413302934
29495.698606567057	2000.0	2009.178998395732	0.0	0	0.0	3504.8776049627886	1	0	1	1.3466322243896023
29967.65133954672	1000.0	2490.0309921181047	0.0	0	0.0	3457.682331664826	1	0	2	-0.23605244589572244
30860.849674070203	2000.0	2507.5128241422703	0.0	0	0.0	3368.3624982124747	1	0	2	0.6648976872514076
32015.279854589444	2000.0	2237.6396255711047	0.0	0	0.0	3252.919480160548	1	0	2	1.3688983374468149
32872.04240078566	2000.0	2380.877079374885	0.0	0	0.0	3252.9194801605445	1	0	1	1.3718280368698264
34104.417686823654	2000.0	2148.5017933369	0.0	0	0.0	3252.919480160548	1	0	1	1.5718280368698265
34777.54349498412	2000.0	2408.063404360381	0.0	0	0.0	3185.6068993445006	1	0	2	1.1768968392663428
35877.379214391294	2000.0	2198.2441130124853	0.0	0	0.0	3075.623327403773	1	0	2	1.386392199196731
37425.223286667926	2000.0	1495.6156335081855	0.0	0	0.0	2920.8389201761092	1	0	2	1.4012926452387813
38582.38232092032	2000.0	1338.4565992557957	0.0	0	0.0	2920.8389201761165	1	0	1	1.4050360928682695
39020.41737674787	1000.0	1900.4215434282473	0.0	0	0.0	2920.838920176124	1	0	1	0.21874173174837863
39847.688564417214	1000.0	1990.4232369919823	0.0	0	0.0	2838.1118014092062	1	0	2	0.5180773277788537
40900.885316292864	2000.0	1831.9068099287674	0.0	0	0.0	2732.792126221633	1	0	2	0.727899504215679
42067.31185778139	2000.0	1665.4802684402505	0.0	0	0.0	2732.792126221633	1	0	1	1.4238407722637179
42834.46087484257	2000.0	1898.3312513790718	0.0	0	0.0	2732.7921262216405	1	0	1	1.6238407722637171
43599.21117462908	2000.0	2133.5809515925575	0.0	0	0.0	2732.7921262216405	1	0	1	1.6238407722637171
44547.65039745236	2000.0	2185.1417287692757	0.0	0	0.0	2732.7921262216405	1	0	1	1.6238407722637171
45648.07936903238	2000.0	2084.7127571892534	0.0	0	0.0	2732.7921262216405	1	0	1	1.6238407722637171
46523.70668484404	2000.0	2209.085441377598	0.0	0	0.0	2732.7921262216405	1	0	1	1.6238407722637171
47425.806768257775	2000.0	2216.775349622486	0.0	0	0.0	2642.5821178802726	1	0	2	1.230843575678614
48200.0	2000.0	2365.162794706041	0.0	0	20.871068323212967	2565.162794706055	1	0	2	1.4384677741877736
49327.77463546839	2000.0	2124.6106956908097	0.0	0	0.0	2452.3853311592247	1	0	2	1.4488038082729648
50231.245264993224	2000.0	2221.140066165979	0.0	0	0.0	2452.3853311592247	1	0	1	1.4518814517699585
51356.754331687174	2000.0	2095.630999472026	0.0	0	0.0	2452.3853311592247	1	0	1	1.6518814517699587
52257.55718116271	2000.0	2194.828149996494	0.0	0	0.0	2452.3853311592247	1	0	1	1.6518814517699587
53200.0	1000.0	2158.141049275479	0.0	0	585.1742100582851	2358.141049275495	1	0	2	-0.12888445890917197
54200.0	2000.0	2158.141049275484	0.0	0	271.0195821843881	2358.141049275495	1	0	1	0.7681586993983865
55200.0	1000.0	2158.1410492754976	0.0	0	279.84632697455527	2358.141049275502	1	0	1	0.27501151883844077
56200.0	1000.0	2158.1410492754967	0.0	0	49.37088212002709	2358.141049275495	1	0	1	0.9681586993983866
57200.0	1000.0	2158.141049275495	0.0	0	298.96502476443857	2358.141049275495	1	0	1	0.9681586993983866
58200.0	1000.0	2158.1410492754926	0.0	0	551.5516402013382	2358.141049275495	1	0	1	0.9681586993983866
59200.0	1000.0	2158.141049275481	0.0	0	715.013466565928	2358.141049275495	1	0	1	0.9681586993983866
60200.0	1000.0	2158.1410492754785	0.0	0	659.6260692373253	2358.141049275495	1	0	1	0.9681586993983866
61200.0	1000.0	2158.1410492754767	0.0	0	545.9304479543061	2358.1410492754876	1	0	1	0.9681586993983875
62200.0	2000.0	2058.1410492754735	0.0	0	125.8917625144386	2258.1410492754876	1	0	2	0.5749726041932164
63200.0	2000.0	2058.141049275472	0.0	0	54.83356476254994	2258.141049275495	1	0	1	1.4713058799583316
64372.51578856855	2000.0	1885.6252607069296	0.0	0	0.0	2258.141049275495	1	0	1	1.6713058799583318
65200.0	2000.0	2058.1410492754794	0.0	0	108.82595453835529	2258.141049275495	1	0	1	1.6713058799583318
66299.12747936639	2000.0	1959.0135699091009	0.0	0	0.0	2258.1410492755094	1	0	1	1.671305879958331
67412.31347632149	3000.0	1734.5089732584793	0.0	0	0.0	2146.8224495799805	1	0	2	1.2793004521840443
68200.0	3000.0	1946.8224495799686	0.0	0	19.069904405638226	2146.8224495799805	1	0	1	1.887902848036048
69469.62407778406	3000.0	1677.1983717959101	0.0	0	0.0	2146.822449579966	1	0	1	2.0879028480360495
70615.2721222058	3000.0	1531.550327374154	0.0	0	0.0	2146.8224495799514	1	0	1	2.087902848036051
73248.52688660039	3000.0	200.0	301.70443702043565	0	0.0	2448.52688660039	1	0	1	0.269959139421591
74285.88850058266	2000.0	576.3279798681187	413.6895938503945	0	0.0	2862.2164804507775	1	0	1	-1.2767043343697277
74806.52418712014	1000.0	1055.692293330639	0.0	0	0.0	2862.2164804507775	1	0	1	0.22460397572091315
75407.22161802469	1000.0	1454.9948624260912	0.0	0	0.0	2862.2164804507775	1	0	1	0.9177511562808583
76273.8502663762	1000.0	1588.3662140745892	0.0	0	0.0	2862.2164804507775	1	0	1	0.9177511562808583
77663.45361039756	2000.0	1198.7628700532237	0.0	0	0.0	2862.2164804507775	1	0	1	0.9177511562808585
78260.62066001604	1000.0	1601.5958204347357	0.0	0	0.0	2862.2164804507775	1	0	1	0.22460397572091315
78725.32384153252	1000.0	2090.4223207666214	0.0	0	0.0	2815.746162299154	1	0	2	0.5213001422344623
79210.08622408484	1000.0	2605.6599382143327	0.0	0	0.0	2815.746162299154	1	0	1	0.7223981880960206
80200.0	1000.0	2516.754784707643	0.0	0	569.449281268724	2716.7547847076203	1	0	2	0.528334220217628
81200.0	2000.0	2416.7547847076576	0.0	0	163.39427236508345	2616.754784707635	1	0	2	0.7387583997037134
82200.0	2000.0	2316.7547847076457	0.0	0	17.53949329671741	2516.7547847076203	1	0	2	1.4429971629628038
83200.0	2000.0	2216.7547847076453	0.0	0	303.57156035247317	2416.7547847076057	1	0	2	1.4518185593446664
84295.58473860633	2000.0	2121.1700461013347	0.0	0	0.0	2416.7547847076057	1	0	1	1.4554445064151205
85686.64230427313	2000.0	1730.1124804345332	0.0	0	0.0	2416.7547847076057	1	0	1	1.6554445064151206
87077.23576229713	2000.0	1200.4596766081452	0.0	0	0.0	2277.6954389052116	1	0	2	1.2660482977259742
87506.11472059312	1000.0	1771.5807183121565	0.0	0	0.0	2277.6954389052116	1	0	1	0.08305607987546965
88200.0	1000.0	2077.695438905284	0.0	0	37.19215714529855	2277.6954389052116	1	0	1	0.9762032604354149
89200.0	2000.0	2077.6954389052926	0.0	0	260.0673886924196	2277.6954389052116	1	0	1	0.976203260435415
90379.148150055	2000.0	1898.5472888502795	0.0	0	0.0	2277.6954389052116	1	0	1	1.6693504409953603
91777.85895385494	2000.0	1499.836485050356	0.0	0	0.0	2277.6954389052116	1	0	1	1.6693504409953603
92499.99001125386	2000.0	1777.7054276514452	0.0	0	0.0	2277.695438905226	1	0	1	1.6693504409953586
93593.43977981088	2000.0	1684.2556590944225	0.0	0	0.0	2277.695438905226	1	0	1	1.6693504409953586
94515.09497328103	2000.0	1670.434946277249	0.0	0	0.0	2185.52991955819	1	0	2	1.276287010116154
95200.0	2000.0	1985.5299195582713	0.0	0	20.77895236002223	2185.52991955819	1	0	1	1.478566992930062
96573.85703961275	2000.0	1611.672879945543	0.0	0	0.0	2185.52991955819	1	0	1	1.6785669929300622
97492.76068207897	2000.0	1600.878873232711	0.0	0	0.0	2093.6395553115726	1	0	2	1.2856725096390504
98309.94545776678	2000.0	1783.6940975449027	0.0	0	0.0	2093.6395553115726	1	0	1	1.4877560293547236
99200.0	2000.0	1893.6395553116824	0.0	0	113.92360563250259	2093.639555311587	1	0	1	1.6877560293547225
100200.0	2000.0	1893.639555311694	0.0	0	218.3069419915555	2093.6395553115726	1	0	1	1.6877560293547238
101906.35269825274	2000.0	1187.286857058954	0.0	0	0.0	2093.639555311587	1	0	1	1.6877560293547225
102679.63823625038	1000.0	1414.00131906132	0.0	0	0.0	2093.6395553116017	1	0	1	0.30146166823483084
103637.76461703985	2000.0	1455.874938271852	0.0	0	0.0	2093.6395553116017	1	0	1	0.994608848794776
104875.68912232597	2000.0	1217.950432985723	0.0	0	0.0	2093.6395553116017	1	0	1	1.6877560293547211
105842.70327610738	2000.0	1154.234863826181	0.0	0	0.0	1996.9381399334525	1	0	2	1.2948127922146964
106400.3568801065	1000.0	1596.5812598270659	0.0	0	0.0	1996.9381399334525	1	0	1	0.11113180977264564
107200.0	1000.0	1796.938139933553	0.0	0	155.40061174357834	1996.938139933438	1	0	1	1.0042789903325924
108200.0	1000.0	1796.9381399335573	0.0	0	579.6157835756603	1996.9381399334525	1	0	1	1.0042789903325908
109200.0	1000.0	1796.9381399335716	0.0	0	522.3213279158663	1996.9381399334525	1	0	1	1.0042789903325908
110200.0	1000.0	1796.9381399335712	0.0	0	495.11603671553894	1996.9381399334525	1	0	1	1.0042789903325908
111200.0	1000.0	1796.9381399335723	0.0	0	449.7284579885745	1996.938139933438	1	0	1	1.0042789903325924
112200.0	1000.0	1796.9381399335768	0.0	0	14.933917429836583	1996.938139933438	1	0	1	1.0042789903325924
113200.0	1000.0	1796.9381399335691	0.0	0	418.26288701170415	1996.938139933438	1	0	1	1.0042789903325924
114200.0	1000.0	1696.9381399335593	0.0	0	377.9000643049949	1896.9381399334234	1	0	2	0.6104946817310613
115200.0	1000.0	1696.9381399335325	0.0	0	620.3466021811764	1896.9381399334234	1	0	1	0.8142789903325937
116200.0	1000.0	1696.938139933523	0.0	0	353.0542723917024	1896.9381399334088	1	0	1	1.0142789903325953
117200.0	1000.0	1696.938139933523	0.0	0	528.6264013146283	1896.9381399334088	1	0	1	1.0142789903325953
118200.0	1000.0	1696.938139933537	0.0	0	431.41395416873274	1896.9381399334088	1	0	1	1.0142789903325953
119200.0	1000.0	1696.9381399335418	0.0	0	374.37336000500363	1896.9381399333943	1	0	1	1.0142789903325968
120200.0	1000.0	1696.9381399335432	0.0	0	498.1747577787173	1896.9381399333943	1	0	1	1.0142789903325968
121200.0	1000.0	1696.9381399335443	0.0	0	504.0585305097193	1896.9381399333943	1	0	1	1.0142789903325968
122200.0	1000.0	1696.938139933544	0.0	0	465.26251430383127	1896.9381399334088	1	0	1	1.0142789903325953
123339.6160316492	2000.0	1557.3221082843309	0.0	0	0.0	1896.9381399334088	1	0	1	1.014278990332595
124735.59797778676	2000.0	1161.3401621467744	0.0	0	0.0	1896.9381399334088	1	0	1	1.7074261708925405
125746.81497425542	2000.0	1150.1231656781101	0.0	0	0.0	1896.9381399334088	1	0	1	1.7074261708925405
126377.69164369618	2000.0	1519.2464962373563	0.0	0	0.0	1896.9381399334088	1	0	1	1.7074261708925405
127231.08516022412	2000.0	1665.852979709391	0.0	0	0.0	1896.9381399333943	1	0	1	1.707426170892542
128200.06425624952	2000.0	1696.8738836839875	0.0	0	0.0	1896.9381399333943	1	0	1	1.707426170892542
129427.24037930134	2000.0	1469.697760632176	0.0	0	0.0	1896.9381399333943	1	0	1	1.707426170892542
130471.11493233392	2000.0	1425.8232075995886	0.0	0	0.0	1896.9381399333943	1	0	1	1.707426170892542
131645.35613443254	2000.0	1251.5820055009606	0.0	0	0.0	1896.9381399333797	1	0	1	1.707426170892543
132276.064275604	2000.0	1620.8738643294819	0.0	0	0.0	1896.9381399333652	1	0	1	1.707426170892545
133200.0	2000.0	1696.9381399335111	0.0	0	248.25051863183035	1896.9381399333943	1	0	1	1.7074261708925433
134200.0	2000.0	1696.938139933504	0.0	0	323.29572601037216	1896.9381399333943	1	0	1	1.707426170892542
135370.40884290115	2000.0	1526.5292970323483	0.0	0	0.0	1896.9381399333943	1	0	1	1.707426170892542
136451.5630766749	2000.0	1445.3750632586136	0.0	0	0.0	1896.9381399333943	1	0	1	1.707426170892542
138294.44723653138	2000.0	602.4909034021367	0.0	0	0.0	1896.9381399333652	1	0	1	1.707426170892545
139338.222827774	2000.0	558.7153121595413	0.0	0	0.0	1896.9381399333652	1	0	1	1.707426170892545
140465.60800606242	2000.0	531.5206921726984	100.19055830156317	0	0.0	1997.1286982351157	1	0	1	1.0962637652529907
141513.295676463	2000.0	492.35770283038926	8.52468105821378	0	0.0	2005.6533792933333	1	0	1	1.645406560607265
142734.58149623926	2000.0	331.74340336733724	60.67152031322614	0	0.0	2066.324899606552	1	0	1	1.3264583730458692
144013.4088456376	2000.0	301.56463430552924	248.64858033653638	0	0.0	2314.973479943088	1	0	1	0.1737311548723542
144840.01142217	1000.0	573.8077075928111	98.84564981968151	0	0.0	2413.8191297627636	1	0	1	-0.32363018812837446
145578.74766809246	1000.0	835.0714616703295	0.0	0	0.0	2413.8191297627345	1	0	1	0.9625908913496628
146194.66341306662	1000.0	1219.1557166961911	0.0	0	0.0	2413.8191297627345	1	0	1	0.9625908913496628
146837.65485017688	1000.0	1576.1642795859211	0.0	0	0.0	2413.8191297627345	1	0	1	0.9625908913496628
147326.23147134634	1000.0	2038.7299962995107	0.0	0	0.0	2364.9614676457713	1	0	2	0.5663707420887593
148200.0	1000.0	2164.961467645845	0.0	0	326.9999548056512	2364.9614676457713	1	0	1	0.7674766575613589
149200.0	1000.0	2164.9614676458577	0.0	0	40.80374739621766	2364.9614676457713	1	0	1	0.967476657561359
150200.0	1000.0	2164.961467645844	0.0	0	287.38627730793087	2364.9614676457713	1	0	1	0.967476657561359
151200.0	1000.0	2164.9614676458755	0.0	0	329.94182705535786	2364.9614676457713	1	0	1	0.967476657561359
152200.0	1000.0	2164.961467645893	0.0	0	494.56076657469384	2364.9614676457713	1	0	1	0.967476657561359
153200.0	1000.0	2164.961467645866	0.0	0	211.2597126100154	2364.9614676457422	1	0	1	0.9674766575613619
154200.0	1000.0	2164.961467645841	0.0	0	300.18865310645197	2364.9614676457422	1	0	1	0.9674766575613619
155200.0	1000.0	2164.961467645832	0.0	0	364.3577427281707	2364.9614676457713	1	0	1	0.967476657561359
156200.0	1000.0	2164.9614676458036	0.0	0	59.32255923267803	2364.9614676457713	1	0	1	0.967476657561359
157200.0	1000.0	2164.96146764581	0.0	0	340.1242222939327	2364.9614676457713	1	0	1	0.967476657561359
158200.0	1000.0	2164.9614676457795	0.0	0	343.128821788996	2364.9614676457713	1	0	1	0.967476657561359
159200.0	1000.0	2164.961467645798	0.0	0	252.94996434336645	2364.9614676457422	1	0	1	0.9674766575613619
160200.0	1000.0	2164.96146764579	0.0	0	415.4260434411699	2364.9614676457422	1	0	1	0.9674766575613619
161200.0	1000.0	2164.9614676457927	0.0	0	423.50678786743083	2364.9614676457422	1	0	1	0.9674766575613619
162200.0	1000.0	2164.9614676458073	0.0	0	520.1496645052102	2364.9614676457713	1	0	1	0.967476657561359
163200.0	1000.0	2064.9614676458236	0.0	0	204.59290995055926	2264.9614676457713	1	0	2	0.5740543546592344
164200.0	1000.0	2064.9614676458737	0.0	0	416.91588387830416	2264.9614676458004	1	0	1	0.7774766575613559
165200.0	1000.0	1964.961467645879	0.0	0	540.1796154003241	2164.9614676457713	1	0	2	0.583523231988453
166200.0	1000.0	1864.9614676458605	0.0	0	415.2938429157366	2064.9614676457713	1	0	2	0.7936853213843371
167200.0	1000.0	1864.9614676458757	0.0	0	210.67279118206352	2064.9614676457713	1	0	1	0.7974766575613589
168200.0	1000.0	1864.9614676458573	0.0	0	227.63793020806042	2064.9614676457713	1	0	1	0.9974766575613591
169200.0	1000.0	1864.961467645898	0.0	0	256.49919786144164	2064.9614676457713	1	0	1	0.9974766575613591
170200.0	1000.0	1864.9614676459064	0.0	0	381.53129672052455	2064.9614676457713	1	0	1	0.9974766575613591
171200.0	1000.0	1864.9614676459098	0.0	0	541.7756147405307	2064.9614676457713	1	0	1	0.9974766575613591
172200.0	1000.0	1864.9614676459205	0.0	0	463.2417835610977	2064.9614676457713	1	0	1	0.9974766575613591
173200.0	1000.0	1864.9614676459246	0.0	0	352.0762803197722	2064.9614676457713	1	0	1	0.9974766575613591
174200.0	1000.0	1864.9614676459055	0.0	0	358.0650518417242	2064.9614676457713	1	0	1	0.9974766575613591
175200.0	1000.0	1864.9614676458789	0.0	0	559.9472116391989	2064.9614676457713	1	0	1	0.9974766575613591
176200.0	1000.0	1864.9614676458814	0.0	0	343.79215559043223	2064.9614676457713	1	0	1	0.9974766575613591
177200.0	1000.0	1864.9614676458823	0.0	0	445.5324547063501	2064.9614676457422	1	0	1	0.997476657561362
178200.0	1000.0	1864.961467645843	0.0	0	240.68125060139573	2064.961467645713	1	0	1	0.9974766575613648
179200.0	1000.0	1864.9614676458311	0.0	0	608.8739819812763	2064.961467645713	1	0	1	0.9974766575613648
180200.0	1000.0	1864.9614676458352	0.0	0	621.5767581181717	2064.961467645713	1	0	1	0.9974766575613648
181581.69983326847	2000.0	1483.261634377384	0.0	0	0.0	2064.961467645713	1	0	1	0.9974766575613649
182832.462890209	2000.0	1107.4222717427936	0.0	0	0.0	1939.88516195165	1	0	2	1.2996848685964169
183633.89421504264	2000.0	1305.9909469091406	0.0	0	0.0	1939.88516195165	1	0	1	1.503131468690716
184204.863927777	2000.0	1735.0212341747585	0.0	0	0.0	1939.88516195165	1	0	1	1.7031314686907162
185377.16560323437	2000.0	1562.719558717392	0.0	0	0.0	1939.88516195165	1	0	1	1.7031314686907162
186608.14934236725	2000.0	1331.7358195844865	0.0	0	0.0	1939.88516195165	1	0	1	1.7031314686907162
187822.57831145028	2000.0	1117.3068505014335	0.0	0	0.0	1939.885161951679	1	0	1	1.7031314686907133
188939.56317236624	2000.0	1000.3219895854747	0.0	0	0.0	1939.885161951679	1	0	1	1.7031314686907133
189648.1135847349	2000.0	1291.7715772168037	0.0	0	0.0	1939.885161951679	1	0	1	1.7031314686907133
190896.838065419	2000.0	1043.0470965327058	0.0	0	0.0	1939.885161951679	1	0	1	1.7031314686907133
191395.33129999036	1000.0	1544.5538619613446	0.0	0	0.0	1939.885161951679	1	0	1	0.3168371075708231
192200.0	1000.0	1739.8851619516956	0.0	0	419.7580060681503	1939.885161951679	1	0	1	1.0099842881307683
193200.0	1000.0	1739.8851619517193	0.0	0	354.59260553185595	1939.885161951679	1	0	1	1.0099842881307683
194312.1653714251	2000.0	1627.7197905266044	0.0	0	0.0	1939.885161951679	1	0	1	1.0099842881307683
195200.0	2000.0	1739.8851619516734	0.0	0	128.11980522522936	1939.885161951679	1	0	1	1.7031314686907133
196490.27785716183	2000.0	1449.607304789834	0.0	0	0.0	1939.885161951679	1	0	1	1.7031314686907133
197437.5519014147	2000.0	1502.3332605369942	0.0	0	0.0	1939.8851619517081	1	0	1	1.7031314686907106
198522.77164990743	2000.0	1308.591537194976	0.0	0	0.0	1831.3631871024554	1	0	2	1.3110571240782523
199548.1192438203	2000.0	1283.243943282057	0.0	0	0.0	1831.3631871024554	1	0	1	1.5139836661756356
200317.97071103242	2000.0	1513.3924760699394	0.0	0	0.0	1831.3631871024554	1	0	1	1.7139836661756358
201268.9507785419	2000.0	1562.4124085604383	0.0	0	0.0	1831.3631871024554	1	0	1	1.7139836661756358
202200.0	2000.0	1631.3631871023435	0.0	0	140.3999109394208	1831.3631871024554	1	0	1	1.7139836661756358
203200.0	2000.0	1631.363187102388	0.0	0	223.97686548825004	1831.3631871024554	1	0	1	1.7139836661756358
205073.84559330114	2000.0	757.5175938012245	0.0	0	0.0	1831.3631871023972	1	0	1	1.7139836661756391
206059.85383919982	2000.0	771.5093479025705	0.0	0	0.0	1831.3631871024554	1	0	1	1.713983666175638
206899.9254233447	2000.0	931.4377637576449	0.0	0	0.0	1831.3631871024263	1	0	1	1.7139836661756385
207616.691815931	2000.0	1214.6713711713746	0.0	0	0.0	1831.3631871024263	1	0	1	1.7139836661756385
208273.76297708834	2000.0	1557.6002100140297	0.0	0	0.0	1831.3631871023972	1	0	1	1.713983666175641
209200.0	2000.0	1631.3631871023645	0.0	0	1.8582337763800751	1831.3631871023972	1	0	1	1.7139836661756416
210200.0	2000.0	1631.3631871023595	0.0	0	129.02617127611302	1831.363187102368	1	0	1	1.7139836661756445
211200.0	2000.0	1631.363187102348	0.0	0	84.05909292120486	1831.3631871023972	1	0	1	1.7139836661756416
212428.76727673758	2000.0	1402.59591036474	0.0	0	0.0	1831.3631871023972	1	0	1	1.7139836661756416
213691.15426334916	2000.0	1140.2089237531427	0.0	0	0.0	1831.3631871023972	1	0	1	1.7139836661756416
214646.71796457755	2000.0	1184.645222524771	0.0	0	0.0	1831.3631871023972	1	0	1	1.7139836661756416
215568.13872034752	2000.0	1263.2244667548082	0.0	0	0.0	1831.3631871023972	1	0	1	1.7139836661756416
216301.98252178472	2000.0	1602.7650454613422	0.0	0	0.0	1904.7475672461442	1	0	0	1.5086884943267014
217200.0	2000.0	1704.7475672460612	0.0	0	223.13637775173993	1904.7475672461442	1	0	1	1.5066452281612668
218200.0	2000.0	1704.7475672460794	0.0	0	386.5403210451186	1904.7475672461442	1	0	1	1.7066452281612667
219200.0	2000.0	1704.7475672460725	0.0	0	224.68326930620242	1904.7475672461442	1	0	1	1.7066452281612667
220216.65930351982	2000.0	1688.088263726247	0.0	0	117.37422778439941	1904.7475672461442	1	0	1	1.7066452281612667
221410.69278937596	2000.0	1494.0547778701223	0.0	0	0.0	1904.7475672461442	1	0	1	1.7066452281612667
223166.56067804506	2000.0	738.1868892009862	0.0	0	0.0	1904.747567246115	1	0	1	1.706645228161268
224164.2958150287	2000.0	740.4517522173654	0.0	0	0.0	1904.747567246086	1	0	1	1.7066452281612703
225159.6948777633	2000.0	745.0526894827653	0.0	0	0.0	1904.747567246115	1	0	1	1.7066452281612698
226338.01888431094	2000.0	566.7286829351611	0.0	0	0.0	1904.7475672461442	1	0	1	1.7066452281612667
227320.9691818391	2000.0	583.7783854070101	0.0	0	0.0	1904.7475672461733	1	0	1	1.7066452281612647
228028.28000569344	2000.0	876.467561552671	0.0	0	0.0	1904.7475672462024	1	0	1	1.706645228161261
228823.7054342714	2000.0	1081.0421329747014	0.0	0	0.0	1904.7475672462024	1	0	1	1.706645228161261
229412.10560869524	2000.0	1492.6419585508233	0.0	0	0.0	1904.7475672461733	1	0	1	1.706645228161264
230236.75409666405	2000.0	1667.9934705820253	0.0	0	0.0	1904.7475672462024	1	0	1	1.7066452281612627
231256.1651385136	2000.0	1648.5824287324645	0.0	0	0.0	1904.7475672462024	1	0	1	1.706645228161261
232374.51966541476	2000.0	1530.2279018313175	0.0	0	0.0	1904.7475672462024	1	0	1	1.706645228161261
233200.0	2000.0	1704.7475672460694	0.0	0	91.47968224383658	1904.7475672461733	1	0	1	1.706645228161264
234265.3361439335	2000.0	1639.4114233125683	0.0	0	71.29027637204854	1904.7475672461733	1	0	1	1.706645228161264
236668.22908531106	3000.0	236.51848193499612	0.0	0	0.0	1904.7475672461733	1	0	1	1.706645228161264
237618.35844965655	2000.0	560.1703735734193	273.78125598393103	0	0.0	2178.528823229979	1	0	1	-0.3688855414488675
238466.45493794142	2000.0	712.0738852885544	0.0	0	0.0	2178.528823230008	1	0	1	1.6792671025628805
239783.55954143315	2000.0	394.96928179683147	0.0	0	0.0	2178.528823230008	1	0	1	1.6792671025628805
241020.54325545876	2000.0	354.69289299877033	196.70732522752587	0	0.0	2375.2361484575376	1	0	1	0.4793524186749722
241521.82000485892	1000.0	853.4161435985998	0.0	0	0.0	2375.2361484575376	1	0	1	0.27330200892023726
242058.3207399938	1000.0	1316.9154084637325	0.0	0	0.0	2375.2361484575376	1	0	1	0.9664491894801824
242624.62252022227	1000.0	1750.6136282352754	0.0	0	0.0	2375.2361484575376	1	0	1	0.9664491894801824
243212.60432675245	1000.0	2162.6318217051003	0.0	0	0.0	2375.2361484575376	1	0	1	0.9664491894801824
244200.0	1000.0	2175.236148457562	0.0	0	489.6013790103607	2375.2361484575376	1	0	1	0.9664491894801824
245207.30095990372	2000.0	2167.935188553839	0.0	0	0.0	2375.2361484575085	1	0	1	0.9664491894801852
246779.95849157267	2000.0	1595.2776568848963	0.0	0	0.0	2375.2361484575085	1	0	1	1.6595963700401304
247827.1155996063	2000.0	1548.120548851248	0.0	0	0.0	2375.2361484575085	1	0	1	1.6595963700401304
248460.84225582678	2000.0	1914.3938926307653	0.0	0	0.0	2375.2361484575085	1	0	1	1.6595963700401304
249287.30894167148	2000.0	2087.927206786043	0.0	0	0.0	2375.2361484575085	1	0	1	1.6595963700401304
251221.9216736619	2000.0	1153.3144747956262	0.0	0	0.0	2375.2361484575667	1	0	1	1.6595963700401262
252185.4311719776	2000.0	1189.8049764799068	0.0	0	0.0	2375.2361484575376	1	0	1	1.6595963700401275
253306.32267092654	2000.0	1068.9134775309944	0.0	0	0.0	2375.2361484575667	1	0	1	1.6595963700401262
254003.1462521391	1000.0	1372.0898963184466	0.0	0	0.0	2375.2361484575376	1	0	1	0.2733020089202349
254445.6452645885	1000.0	1929.5908838690166	0.0	0	0.0	2375.2361484575376	1	0	1	0.9664491894801824
255200.0	1000.0	2175.2361484575285	0.0	0	272.1828449869063	2375.2361484575376	1	0	1	0.9664491894801824
256200.0	1000.0	2175.236148457533	0.0	0	429.13728642856586	2375.2361484575376	1	0	1	0.9664491894801824
257200.0	1000.0	2075.236148457529	0.0	0	400.23330128355883	2275.2361484575376	1	0	2	0.5726677921665733
258200.0	1000.0	2075.2361484575295	0.0	0	322.72948763985187	2275.2361484575376	1	0	1	0.7764491894801823
259200.0	1000.0	1975.2361484575156	0.0	0	349.2658604812168	2175.2361484574794	1	0	2	0.5826560328424475
260200.0	1000.0	1975.2361484575072	0.0	0	394.6390799295332	2175.2361484575085	1	0	1	0.7864491894801852
261200.0	1000.0	1975.236148457525	0.0	0	328.790398643323	2175.2361484575376	1	0	1	0.9864491894801825
262200.0	1000.0	1975.236148457503	0.0	0	201.77992213735706	2175.2361484575376	1	0	1	0.9864491894801825
263200.0	1000.0	1975.2361484574817	0.0	0	351.97482524550287	2175.2361484575085	1	0	1	0.9864491894801859
264200.0	1000.0	1975.2361484574571	0.0	0	512.9668006920256	2175.2361484574503	1	0	1	0.9864491894801889
265200.0	1000.0	1975.2361484575022	0.0	0	311.3727884386317	2175.2361484574503	1	0	1	0.9864491894801912
266200.0	1000.0	1975.2361484574944	0.0	0	550.0848579806043	2175.236148457392	1	0	1	0.986449189480197
267200.0	1000.0	1975.2361484574649	0.0	0	530.4705580822192	2175.236148457392	1	0	1	0.986449189480197
268200.0	1000.0	1975.2361484574885	0.0	0	584.0583992195898	2175.236148457392	1	0	1	0.986449189480197
269200.0	1000.0	1975.2361484574194	0.0	0	641.1694833920919	2175.236148457334	1	0	1	0.9864491894802028
270200.0	1000.0	1975.2361484574267	0.0	0	572.0407849849435	2175.236148457334	1	0	1	0.9864491894802028
271200.0	1000.0	1975.2361484573876	0.0	0	410.2551951406058	2175.236148457334	1	0	1	0.9864491894802028
272200.0	1000.0	1975.2361484574003	0.0	0	430.66507476218976	2175.236148457334	1	0	1	0.9864491894802028
273200.0	1000.0	1975.2361484573944	0.0	0	293.1238111896673	2175.236148457392	1	0	1	0.986449189480197
274200.0	2000.0	1975.236148457414	0.0	0	197.15612652903656	2175.236148457392	1	0	1	0.9864491894801968
275200.0	2000.0	1975.2361484574562	0.0	0	305.5038595654187	2175.236148457392	1	0	1	1.679596370040142
276200.0	2000.0	1975.2361484573842	0.0	0	166.22372088668635	2175.236148457392	1	0	1	1.679596370040142
277406.8844891897	2000.0	1768.3516592676685	0.0	0	0.0	2175.236148457392	1	0	1	1.679596370040142
278459.89148627786	2000.0	1715.344662179574	0.0	0	0.0	2175.236148457392	1	0	1	1.679596370040142
279383.40156219096	2000.0	1699.4835786751448	0.0	0	0.0	2082.8851408660994	1	0	2	1.2863978840489378
280246.9465980605	2000.0	1835.9385428055718	0.0	0	0.0	2082.885140866041	1	0	1	1.488831470799277
281200.0	2000.0	1882.8851408661121	0.0	0	40.614536770270206	2082.885140866041	1	0	1	1.688831470799277
282200.0	2000.0	1782.8851408660892	0.0	0	371.0666176531813	1982.8851408659248	1	0	2	1.2950361356807436
283200.0	2000.0	1782.8851408660369	0.0	0	61.15345173579408	1982.8851408659248	1	0	1	1.4988314707992887
284200.0	2000.0	1782.8851408659932	0.0	0	51.95518704096321	1982.8851408658666	1	0	1	1.698831470799291
285290.76255774003	2000.0	1692.1225831259699	0.0	0	0.0	1982.8851408658666	1	0	1	1.6988314707992946
286200.0	1000.0	1782.8851408659627	0.0	0	194.12799374066526	1982.8851408658666	1	0	1	0.31253710967940435
287791.959793975	2000.0	1190.9253468909014	0.0	0	0.0	1982.8851408658666	1	0	1	1.0056842902393495
288797.72662319656	2000.0	1185.1585176693043	0.0	0	0.0	1982.8851408658666	1	0	1	1.6988314707992946
289746.90386024624	2000.0	1235.981280619526	0.0	0	0.0	1982.8851408658666	1	0	1	1.6988314707992946
290736.6677541636	2000.0	1246.21738670215	0.0	0	0.0	1982.8851408658666	1	0	1	1.6988314707992946
291882.2044580161	2000.0	1100.6806828496997	0.0	0	0.0	1982.8851408658084	1	0	1	1.6988314707993004
293004.47774588875	2000.0	978.407394977033	0.0	0	0.0	1982.8851408658084	1	0	1	1.6988314707993004
293677.60185062024	1000.0	1305.2832902455498	0.0	0	0.0	1982.8851408658084	1	0	1	0.3125371096794102
294349.95733579283	1000.0	1632.9278050729797	0.0	0	0.0	1982.8851408658084	1	0	1	1.0056842902393552
295200.0	1000.0	1782.8851408658174	0.0	0	313.76203332684236	1982.8851408658084	1	0	1	1.0056842902393552
296200.0	1000.0	1782.8851408658238	0.0	0	331.3571821269579	1982.8851408658084	1	0	1	1.0056842902393552
297200.0	1000.0	1782.8851408658825	0.0	0	361.38544833136257	1982.8851408658084	1	0	1	1.0056842902393552
298200.0	1000.0	1682.8851408658588	0.0	0	155.5888156267465	1882.8851408658666	1	0	2	0.6124205569992766
299805.62511416775	2000.0	1077.260026698088	0.0	0	0.0	1882.8851408659248	1	0	1	0.8156842902393435
300317.39870083466	1000.0	1565.4864400311124	0.0	0	0.0	1882.8851408659248	1	0	1	0.3225371096793985
1.4	1.23	1.78	1.82	1.23	1.8	2.11	2.55	1.24	2.35	2.83	1.84	1.71	1.85	1.42	1.74	2.53	1.95	1.92	1.93	2.21	2.17	2.42	1.58	2.7	2.49	1.74	2.24	1.99	3.44	1.89	1.55	1.88	2.31	1.54	2.35	1.96	2.78	1.93	2.35	2.21	1.64	2.06	2.28	1.95	2.14	2.09	2.66	2.7	1.61	1.2	1.88	1.83	3.26	2.98	2.29	1.95	1.97	1.31	2.34	2.22	3.27	2.93	3.06	2.54	2.85	1.31	1.38	1.26	2.66	1.59	1.33	2.07	2.42	3.07	2.91	1.89	2.33	2.4	2.35	1.09	1.64	2.0	2.46	2.13	1.59	1.92	2.75	1.81	2.35	2.4	1.42	1.9	2.57	2.95	1.42	1.29	1.82	2.24	1.59	1.84	1.75	2.22	1.93	2.28	1.46	1.24	1.61	1.84	2.56	1.64	1.85	1.95	1.99	2.83	2.21	1.97	2.54	1.77	2.06	2.36	3.24	2.37	2.07	2.26	2.22	2.29	2.76	2.35	2.02	2.7	1.75	1.09	2.02	1.47	2.28	2.39	1.74	1.75	1.58	1.88	1.77	2.48	1.22	1.32	1.61	1.83	1.45	1.7	1.89	1.4	1.23	1.78	1.82	1.23	1.8	2.11	2.55	1.24	2.35	2.83	1.84	1.71	1.85	1.42	1.74	2.53	1.95	1.92	1.93	2.21	2.17	2.42	1.58	2.7	2.49	1.74	2.24	1.99	3.44	1.89	1.55	1.88	2.31	1.54	2.35	1.96	2.78	1.93	2.35	2.21	1.64	2.06	2.28	1.95	2.14	2.09	2.66	2.7	1.61	1.2	1.88	1.83	3.26	2.98	2.29	1.95	1.97	1.31	2.34	2.22	3.27	2.93	3.06	2.54	2.85	1.31	1.38	1.26	2.66	1.59	1.33	2.07	2.42	3.07	2.91	1.89	2.33	2.4	2.35	1.09	1.64	2.0	2.46	2.13	1.59	1.92	2.75	1.81	2.35	2.4	1.42	1.9	2.57	2.95	1.42	1.29	1.82	2.24	1.59	1.84	1.75	2.22	1.93	2.28	1.46	1.24	1.61	1.84	2.56	1.64	1.85	1.95	1.99	2.83	2.21	1.97	2.54	1.77	2.06	2.36	3.24	2.37	2.07	2.26	2.22	2.29	2.76	2.35	2.02	2.7	1.75	1.09	2.02	1.47	2.28	2.39	1.74	1.75	1.58	1.88	1.77	2.48	1.22	1.32	1.61	1.83	1.45
1.0	2.0	3.0	4.0	5.0	6.0	7.0	8.0	9.0	10.0	11.0	12.0	13.0	14.0	15.0	16.0	17.0	18.0	19.0	20.0	21.0	22.0	23.0	24.0	25.0	26.0	27.0	28.0	29.0	30.0	31.0	32.0	33.0	34.0	35.0	36.0	37.0	38.0	39.0	40.0	41.0	42.0	43.0	44.0	45.0	46.0	47.0	48.0	49.0	50.0	51.0	52.0	53.0	54.0	55.0	56.0	57.0	58.0	59.0	60.0	61.0	62.0	63.0	64.0	65.0	66.0	67.0	68.0	69.0	70.0	71.0	72.0	73.0	74.0	75.0	76.0	77.0	78.0	79.0	80.0	81.0	82.0	83.0	84.0	85.0	86.0	87.0	88.0	89.0	90.0	91.0	92.0	93.0	94.0	95.0	96.0	97.0	98.0	99.0	100.0	101.0	102.0	103.0	104.0	105.0	106.0	107.0	108.0	109.0	110.0	111.0	112.0	113.0	114.0	115.0	116.0	117.0	118.0	119.0	120.0	121.0	122.0	123.0	124.0	125.0	126.0	127.0	128.0	129.0	130.0	131.0	132.0	133.0	134.0	135.0	136.0	137.0	138.0	139.0	140.0	141.0	142.0	143.0	144.0	145.0	146.0	147.0	148.0	149.0	149.0	150.0	151.0	152.0	153.0	154.0	155.0	156.0	157.0	158.0	159.0	160.0	161.0	162.0	163.0	164.0	165.0	166.0	167.0	168.0	169.0	170.0	171.0	172.0	173.0	174.0	175.0	176.0	177.0	178.0	179.0	180.0	181.0	182.0	183.0	184.0	185.0	186.0	187.0	188.0	189.0	190.0	191.0	192.0	193.0	194.0	195.0	196.0	197.0	198.0	199.0	200.0	201.0	202.0	203.0	204.0	205.0	206.0	207.0	208.0	209.0	210.0	211.0	212.0	213.0	214.0	215.0	216.0	217.0	218.0	219.0	220.0	221.0	222.0	223.0	224.0	225.0	226.0	227.0	228.0	229.0	230.0	231.0	232.0	233.0	234.0	235.0	236.0	237.0	238.0	239.0	240.0	241.0	242.0	243.0	244.0	245.0	246.0	247.0	248.0	249.0	250.0	251.0	252.0	253.0	254.0	255.0	256.0	257.0	258.0	259.0	260.0	261.0	262.0	263.0	264.0	265.0	266.0	267.0	268.0	269.0	270.0	271.0	272.0	273.0	274.0	275.0	276.0	277.0	278.0	279.0	280.0	281.0	282.0	283.0	284.0	285.0	286.0	287.0	288.0	289.0	290.0	291.0	292.0	293.0	294.0	295.0	296.0	297.0
4980.01234507911
