6117.212798383566	300.0	2000.0	116.38945569813502	0	0.0	6117.212798383566	1	0	1	-1.3078472957505687
6227.486090257995	300.0	2878.699378938129	0.0	0	0.0	6106.185469196123	1	0	2	-1.0108219559438762
6379.000518744539	500.0	3712.0335076029314	0.0	0	0.0	6091.03402634747	1	0	2	-0.8094175134779903
6543.151585628524	500.0	4531.467334030549	0.0	0	0.0	6074.618919659072	1	0	2	-0.29696797720338614
6670.50769557984	500.0	5391.3756130841	0.0	0	0.0	6061.883308663939	1	0	2	-0.2956226693146065
7200.0	500.0	5808.934078221926	0.0	0	374.1130665435803	6008.934078221923	1	0	2	-0.2929741183354943
8200.0	2000.0	5708.934078221925	0.0	0	730.993239140822	5908.9340782219215	1	0	2	-0.28406778405620176
9200.0	2000.0	5608.934078221923	0.0	0	631.5098394492725	5808.93407822192	1	0	2	1.112226577063689
10200.0	3000.0	5508.934078221923	0.0	0	234.86949219196686	5708.93407822192	1	0	2	1.1227525671332113
11424.605335535982	6000.0	5161.868209132343	0.0	0	0.0	5586.473544668321	1	0	2	1.5407959521794445
12872.69527237459	6000.0	4568.96927860987	0.0	0	0.0	5441.6645509844575	1	0	2	2.2478380377113383
13843.149089613291	6000.0	4501.4700796473035	0.0	0	0.0	5344.61916926059	1	0	2	2.2586336613794717
15317.931053006683	6000.0	3879.2099199145723	0.0	0	0.0	5197.14097292125	1	0	2	2.272098778806613
16472.216259284945	6000.0	3609.496193008482	0.0	0	0.0	5081.712452293419	1	0	2	2.2846124501255547
18198.650695329357	6000.0	2710.418313359627	0.0	0	0.0	4909.069008688977	1	0	2	2.3000524796236728
19679.519166169117	6000.0	2081.462995435888	0.0	0	0.0	4760.982161604999	1	0	2	2.316327860276255
21164.40417482192	6000.0	1448.0894859178036	0.0	0	0.0	4612.493660739721	1	0	2	2.3300773791221974
22208.611094009568	6000.0	1299.4618748113912	0.0	0	0.0	4508.072968820961	1	0	2	2.342587654635268
22644.980092506758	3000.0	1819.4559764644828	0.0	0	0.0	4464.436068971238	1	0	2	0.9618353395071043
23113.073253694893	3000.0	2304.5534991575355	0.0	0	0.0	4417.626752852426	1	0	2	1.6597312530457562
23801.466214097207	3000.0	2547.321242714986	0.0	0	0.0	4348.7874568121915	1	0	2	1.665938346042831
25041.084421161326	6000.0	2183.7412149444554	0.0	0	0.0	4224.825636105783	1	0	2	1.6770167369365598
26206.266291086256	6000.0	1902.0411580270327	0.0	0	0.0	4108.307449113287	1	0	2	2.3816235405779347
27248.219008921267	6000.0	1755.8931684085228	0.0	0	0.0	4004.1121773297928	1	0	2	2.3930336751190953
28045.516666748015	6000.0	1878.865744799099	0.0	0	0.0	3924.3824115471143	1	0	2	2.401128367539698
28673.20343599205	6000.0	2188.4102986306625	0.0	0	0.0	3861.6137346227115	1	0	2	2.4081042283738325
30177.172549551975	6000.0	1534.044273714746	0.0	0	0.0	3711.2168232667173	1	0	2	2.4204209019335394
32162.591638460544	6000.0	350.08327591531884	0.0	0	0.0	3512.674914375857	1	0	2	2.4375440967323603
33581.08650981998	6000.0	401.52898071114936	469.9405761552654	0	0.0	3982.615490531127	1	0	1	-0.42217273243071485
34357.18058213792	3000.0	672.2195264104291	46.78461801721156	0	0.0	4029.400108548347	1	0	1	0.9257901934759974
34845.68058926374	3000.0	1134.8695185720264	0.0	0	0.0	3980.5501078357665	1	0	2	1.5034279569918785
35201.377249810655	3000.0	1743.6031919704171	0.0	0	0.0	3944.98044178107	1	0	2	1.7072595984489611
35537.667779849646	3000.0	2373.683608927527	0.0	0	0.0	3911.3513887771733	1	0	2	1.7105848963189372
36180.52672019178	6000.0	2666.5387745511744	0.0	0	0.0	3847.0654947429575	1	0	2	1.7161925456277485
37376.52637448855	6000.0	2350.9391548247304	0.0	0	0.0	3727.465529313282	1	0	2	2.4187981024894425
38566.8883411596	6000.0	2041.5409914865745	0.0	0	0.0	3608.42933264617	1	0	2	2.432256916100617
40195.350918954566	6000.0	1250.232155912121	0.0	0	0.0	3445.5830748666776	1	0	2	2.4464847813735817
41832.55691377926	6000.0	449.30556160495456	0.0	0	0.0	3281.8624753842087	1	0	2	2.462461777682746
43320.59741845347	3000.0	328.0386066003707	366.7735496696203	0	0.0	3648.6360250538273	1	0	1	-1.1560669880890042
44098.244974046094	3000.0	614.4515815286	128.932078254649	0	0.0	3712.696555574672	1	0	2	0.7561683041573963
44814.07129104146	3000.0	827.0426328336977	0.0	0	0.0	3641.1139238751275	1	0	2	1.7365838993857632
45806.617652581364	3000.0	735.2416351398011	0.0	0	0.0	3541.8592877211413	1	0	2	1.7456713909609414
46349.50736603423	3000.0	1246.6408930322148	0.0	0	0.0	3596.1482590664236	1	0	0	1.5442677234885
46851.62114929318	3000.0	1694.3157314473667	0.0	0	0.0	3545.9368807405262	1	0	2	1.3468149032189627
47257.44535458821	3000.0	2288.4915261523456	0.0	0	0.0	3545.9368807405335	1	0	1	1.7479914049199925
47629.89842707995	3000.0	2878.793146411438	0.0	0	0.0	3508.6915734913637	1	0	2	1.5508036581817033
48200.0	3000.0	3251.6814161993875	0.0	0	1.939838033154956	3451.681416199368	1	0	2	1.7558675402622708
49200.0	3000.0	3151.681416199382	0.0	0	425.7334710284631	3351.681416199346	1	0	2	1.763524797555605
51132.33835676668	6000.0	2026.1092237560288	0.0	0	0.0	3158.4475805226684	1	0	2	1.7816495846863827
53154.406297526126	6000.0	801.8344889206347	0.0	0	0.0	2956.240786446717	1	0	2	2.494819795307123
53774.31318175819	3000.0	1181.927604688569	0.0	0	0.0	2956.240786446717	1	0	1	1.1138138337894292
54792.20731942661	3000.0	1062.2440532533024	0.0	0	0.0	2854.451372679876	1	0	2	1.614556695083681
55429.224882421215	3000.0	1361.5247339592454	0.0	0	0.0	2790.7496163804244	1	0	2	1.8218808356993548
56083.03220383753	3000.0	1707.7174125429235	0.0	0	0.0	2790.7496163804244	1	0	1	1.8235101313560034
56689.43366471838	3000.0	2040.6758055739795	0.0	0	0.0	2730.1094702923365	1	0	2	1.6279481416036052
57536.68950978674	3000.0	2108.6943759987853	0.0	0	0.0	2645.3838857854935	1	0	2	1.8357889551156108
58385.94550151055	3000.0	2259.4383842749726	0.0	0	0.0	2645.3838857854935	1	0	1	1.8380467044154967
59200.0	3000.0	2363.978435936575	0.0	0	218.63868140878913	2563.9784359365513	1	0	2	1.6431694951526998
60200.0	3000.0	2263.9784359365776	0.0	0	200.53745162799896	2463.978435936566	1	0	2	1.8528440911975208
61523.92102271603	6000.0	1940.057413220552	0.0	0	0.0	2463.978435936573	1	0	1	1.8561872494003882
62200.0	3000.0	2196.3705382081903	0.0	0	270.1691294924749	2396.37053820819	1	0	2	0.9668855749862508
63200.0	3000.0	2196.3705382081976	0.0	0	199.65278084205784	2396.37053820819	1	0	1	1.862948039173227
64200.0	3000.0	2096.3705382082053	0.0	0	527.9911448282437	2296.37053820819	1	0	2	1.6689668960647492
65200.0	3000.0	2096.3705382082067	0.0	0	151.26011587047833	2296.37053820819	1	0	1	1.872948039173227
66200.0	3000.0	2096.3705382082157	0.0	0	153.5744885244203	2296.370538208197	1	0	1	2.0729480391732262
67200.0	3000.0	2096.3705382082203	0.0	0	113.51951665633533	2296.370538208197	1	0	1	2.0729480391732262
68318.22911560486	3000.0	1866.3185110428774	0.0	0	0.0	2184.5476266477053	1	0	2	1.6811189756660638
69446.422753747	3000.0	1738.1248729007505	0.0	0	0.0	2184.547626647691	1	0	1	1.8841303303292767
70206.98425381708	3000.0	1977.5633728306834	0.0	0	0.0	2184.547626647676	1	0	1	2.084130330329278
71200.0	3000.0	1984.5476266477654	0.0	0	131.68087201323942	2184.547626647676	1	0	1	2.0841303303292786
72200.0	3000.0	1984.5476266477563	0.0	0	526.0933195416874	2184.547626647676	1	0	1	2.0841303303292786
73200.0	3000.0	1984.5476266477694	0.0	0	549.730437158607	2184.547626647676	1	0	1	2.0841303303292786
74200.0	3000.0	1984.5476266477672	0.0	0	348.8347656244732	2184.547626647676	1	0	1	2.0841303303292786
75200.0	3000.0	1984.5476266477772	0.0	0	428.4758505370264	2184.547626647676	1	0	1	2.0841303303292786
76200.0	3000.0	1984.5476266477795	0.0	0	352.5785780148435	2184.5476266476617	1	0	1	2.08413033032928
77200.0	3000.0	1984.5476266477917	0.0	0	536.1917198714218	2184.547626647676	1	0	1	2.0841303303292786
78200.0	3000.0	1984.5476266477872	0.0	0	382.9948288794112	2184.547626647676	1	0	1	2.0841303303292786
79200.0	3000.0	1984.547626647779	0.0	0	480.023309368029	2184.547626647676	1	0	1	2.0841303303292786
80200.0	3000.0	1984.5476266477935	0.0	0	318.14322669786634	2184.547626647676	1	0	1	2.0841303303292786
81200.0	3000.0	1984.5476266477945	0.0	0	85.03701363338041	2184.547626647676	1	0	1	2.0841303303292786
82200.0	3000.0	1984.5476266477935	0.0	0	219.5578813655011	2184.547626647676	1	0	1	2.0841303303292786
83200.0	3000.0	1984.5476266478029	0.0	0	52.62607772820047	2184.547626647676	1	0	1	2.0841303303292786
84200.0	3000.0	1984.547626647809	0.0	0	361.0435709053272	2184.547626647676	1	0	1	2.0841303303292786
85200.0	3000.0	1984.5476266478045	0.0	0	522.8271309761622	2184.547626647676	1	0	1	2.0841303303292786
86200.0	3000.0	1984.5476266477865	0.0	0	234.41911634421558	2184.547626647676	1	0	1	2.0841303303292786
87200.0	3000.0	1984.5476266477833	0.0	0	62.56578729279863	2184.547626647676	1	0	1	2.0841303303292786
88200.0	3000.0	1984.547626647778	0.0	0	351.0439765386109	2184.547626647691	1	0	1	2.084130330329277
89200.0	3000.0	1984.5476266477822	0.0	0	27.626084575036657	2184.547626647691	1	0	1	2.084130330329277
90200.0	3000.0	1984.5476266477913	0.0	0	298.5051417853101	2184.547626647691	1	0	1	2.084130330329277
91200.0	3000.0	1984.54762664778	0.0	0	606.9477093883761	2184.547626647691	1	0	1	2.084130330329277
92200.0	3000.0	1884.5476266477701	0.0	0	483.6945333217009	2084.5476266477053	1	0	2	1.6902853207886914
93200.0	3000.0	1784.5476266477706	0.0	0	249.42935307281732	1984.5476266477199	1	0	2	1.900511556382395
94200.0	3000.0	1784.5476266477729	0.0	0	46.21988430870988	1984.5476266477199	1	0	1	1.904130330329274
95200.0	3000.0	1684.5476266477697	0.0	0	440.7970388597023	1884.5476266477344	1	0	2	1.710262981505348
96200.0	3000.0	1684.5476266477806	0.0	0	60.94391275069211	1884.5476266477344	1	0	1	1.9141303303292725
97200.0	3000.0	1684.5476266477738	0.0	0	446.92215655399195	1884.5476266477344	1	0	1	2.1141303303292727
98200.0	3000.0	1584.5476266477579	0.0	0	448.54896183912933	1784.5476266477199	1	0	2	1.7202805181885457
99200.0	3000.0	1584.5476266477713	0.0	0	441.97954918777396	1784.5476266477199	1	0	1	1.924130330329274
100200.0	3000.0	1584.547626647772	0.0	0	399.6427289605199	1784.5476266477199	1	0	1	2.1241303303292742
101200.0	3000.0	1584.5476266477701	0.0	0	694.5313883815688	1784.5476266477199	1	0	1	2.1241303303292742
102200.0	3000.0	1584.5476266477724	0.0	0	421.676953275135	1784.5476266477199	1	0	1	2.1241303303292742
103447.62821721689	3000.0	1336.9194094308787	0.0	0	0.0	1784.5476266477199	1	0	1	2.1241303303292742
104200.0	3000.0	1584.5476266477554	0.0	0	112.99138760945061	1784.5476266477344	1	0	1	2.124130330329273
105200.0	3000.0	1584.5476266477563	0.0	0	437.34812714433065	1784.5476266477344	1	0	1	2.124130330329273
106200.0	3000.0	1584.5476266477594	0.0	0	484.89126678428147	1784.5476266477344	1	0	1	2.124130330329273
107200.0	3000.0	1484.547626647752	0.0	0	173.25374310673214	1684.5476266477199	1	0	2	1.730884752279748
108200.0	3000.0	1484.547626647763	0.0	0	335.5726761210535	1684.5476266477199	1	0	1	1.9341303303292738
109200.0	3000.0	1484.5476266477704	0.0	0	84.40188455043244	1684.5476266477199	1	0	1	2.134130330329274
110200.0	3000.0	1484.5476266477665	0.0	0	196.40570910052338	1684.5476266477199	1	0	1	2.134130330329274
111362.23646719502	3000.0	1322.3111594527502	0.0	0	0.0	1684.5476266477199	1	0	1	2.134130330329274
112343.61314994433	3000.0	1340.9344767034286	0.0	0	0.0	1684.5476266477199	1	0	1	2.134130330329274
113200.0	3000.0	1484.5476266477713	0.0	0	74.69440099636267	1684.5476266477199	1	0	1	2.134130330329274
114200.0	3000.0	1484.5476266477692	0.0	0	200.92493220114557	1684.5476266477199	1	0	1	2.134130330329274
115200.0	3000.0	1484.5476266477665	0.0	0	273.4201504662633	1684.5476266477199	1	0	1	2.134130330329274
116200.0	3000.0	1484.547626647769	0.0	0	226.4902303973795	1684.5476266477199	1	0	1	2.134130330329274
117200.0	3000.0	1484.5476266477635	0.0	0	417.0814007618319	1684.5476266477199	1	0	1	2.134130330329274
118200.0	3000.0	1484.547626647748	0.0	0	382.3671702890133	1684.5476266477199	1	0	1	2.134130330329274
119396.0941927988	3000.0	1288.453433848942	0.0	0	0.0	1684.5476266477199	1	0	1	2.134130330329274
120200.0	3000.0	1484.5476266477601	0.0	0	14.053216679836623	1684.5476266477199	1	0	1	2.134130330329274
121200.0	3000.0	1484.5476266477635	0.0	0	175.30642438287032	1684.5476266477199	1	0	1	2.134130330329274
122200.0	3000.0	1484.547626647756	0.0	0	17.989176531060366	1684.5476266477199	1	0	1	2.134130330329274
123200.0	3000.0	1484.5476266477442	0.0	0	304.1414727047086	1684.5476266477199	1	0	1	2.134130330329274
124200.0	3000.0	1484.5476266477415	0.0	0	98.87273228169943	1684.5476266477199	1	0	1	2.134130330329274
125200.0	3000.0	1484.5476266477385	0.0	0	202.13048793903727	1684.5476266477053	1	0	1	2.1341303303292753
126200.0	3000.0	1484.5476266477294	0.0	0	273.7750167737104	1684.5476266477053	1	0	1	2.1341303303292753
127200.0	3000.0	1484.5476266477397	0.0	0	555.1677732255484	1684.5476266477053	1	0	1	2.1341303303292753
128200.0	3000.0	1484.5476266477265	0.0	0	416.29719404094794	1684.5476266476908	1	0	1	2.1341303303292767
129200.0	3000.0	1484.547626647721	0.0	0	388.86595303397917	1684.5476266476908	1	0	1	2.1341303303292767
130200.0	3000.0	1484.5476266477258	0.0	0	276.35551816113	1684.5476266476762	1	0	1	2.1341303303292785
131200.0	3000.0	1484.5476266477215	0.0	0	239.60179629104096	1684.5476266476908	1	0	1	2.1341303303292767
132200.0	3000.0	1484.5476266477597	0.0	0	220.9198401454778	1684.547626647749	1	0	1	2.134130330329274
133200.0	3000.0	1484.5476266477826	0.0	0	415.527420774888	1684.547626647749	1	0	1	2.1341303303292705
134200.0	3000.0	1484.547626647759	0.0	0	583.1487718766148	1684.547626647749	1	0	1	2.134130330329271
135200.0	3000.0	1484.547626647755	0.0	0	705.3090267094376	1684.547626647749	1	0	1	2.134130330329271
136200.0	6000.0	1484.5476266477524	0.0	0	358.79161492097774	1684.5476266477199	1	0	1	2.134130330329274
137200.0	6000.0	1484.547626647746	0.0	0	164.72800090064993	1684.547626647749	1	0	1	2.827277510889218
138306.00079074586	6000.0	1378.5468359018805	0.0	0	0.0	1684.547626647749	1	0	1	2.8272775108892163
139200.0	6000.0	1484.547626647725	0.0	0	61.751863053883426	1684.547626647749	1	0	1	2.8272775108892163
140453.11210689356	6000.0	1231.4355197541506	0.0	0	0.0	1684.547626647749	1	0	1	2.8272775108892163
142086.56180466124	6000.0	597.9858219864641	0.0	0	0.0	1684.5476266477199	1	0	1	2.827277510889219
142786.70279190355	3000.0	897.8448347441418	0.0	0	0.0	1684.5476266477199	1	0	1	1.440983149769329
143200.0	3000.0	1484.5476266476808	0.0	0	70.5030714905879	1684.5476266477199	1	0	1	2.134130330329274
144200.0	6000.0	1484.5476266476637	0.0	0	206.46664081601193	1684.5476266477199	1	0	1	2.134130330329274
145200.93735825454	6000.0	1483.610268393135	0.0	0	0.0	1684.5476266477199	1	0	1	2.827277510889219
146200.0	6000.0	1484.5476266477024	0.0	0	83.36886630501249	1684.5476266477199	1	0	1	2.827277510889219
147200.0	6000.0	1484.547626647708	0.0	0	30.392100703611504	1684.5476266477199	1	0	1	2.827277510889219
148703.79937899733	6000.0	980.7482476504158	0.0	0	0.0	1684.5476266477199	1	0	1	2.827277510889219
150000.99194249336	6000.0	683.555684154357	0.0	0	0.0	1684.5476266477199	1	0	1	2.827277510889219
152197.57769096037	6000.0	200.0	713.0300643126265	0	0.0	2397.5776909603737	1	0	1	-1.5016139892907
152966.68440760986	3000.0	601.709145161419	170.81586181093658	0	0.0	2568.393552771304	1	0	1	0.3277033862913512
153584.0777320824	3000.0	984.3158206888371	0.0	0	0.0	2568.393552771304	1	0	1	2.0457457377169157
154236.9834298353	3000.0	1331.4101229359746	0.0	0	0.0	2568.393552771304	1	0	1	2.0457457377169157
155103.05604801772	3000.0	1465.3375047535178	0.0	0	0.0	2568.393552771304	1	0	1	2.0457457377169157
155887.5100465543	3000.0	1680.8835062169353	0.0	0	0.0	2568.393552771304	1	0	1	2.0457457377169157
156385.1717326332	3000.0	2133.455651530115	0.0	0	0.0	2518.627384163381	1	0	2	1.649530656565592
157200.0	3000.0	2318.6273841633392	0.0	0	391.0291313510388	2518.62738416341	1	0	1	1.850722354577705
158200.0	3000.0	2218.6273841633365	0.0	0	622.5148106237466	2418.627384163381	1	0	2	1.656722354577705
159200.0	3000.0	2118.6273841633183	0.0	0	204.8684069136798	2318.627384163381	1	0	2	1.867376383651727
160200.0	3000.0	2018.6273841633074	0.0	0	314.331440677488	2218.627384163381	1	0	2	1.8769459664934205
161200.0	3000.0	2018.6273841633406	0.0	0	220.91587498795707	2218.627384163381	1	0	1	1.8807223545777076
162200.0	3000.0	2018.627384163332	0.0	0	289.9497806461877	2218.627384163381	1	0	1	2.080722354577708
163200.0	3000.0	2018.6273841632974	0.0	0	608.1471703925345	2218.627384163381	1	0	1	2.080722354577708
164200.0	6000.0	2018.6273841633483	0.0	0	135.85881043825066	2218.62738416341	1	0	1	2.0807223545777047
165280.2610268004	6000.0	1938.3663573629565	0.0	0	0.0	2218.62738416341	1	0	1	2.7738695351376497
166899.14898875137	6000.0	1319.4783954119787	0.0	0	0.0	2218.62738416341	1	0	1	2.7738695351376523
167766.68231746156	3000.0	1451.9450667017775	0.0	0	0.0	2218.62738416341	1	0	1	1.3875751740177602
168200.0	3000.0	2018.6273841633526	0.0	0	27.774034858186496	2218.62738416341	1	0	1	2.080722354577705
169200.0	3000.0	2018.627384163326	0.0	0	530.0493009163765	2218.62738416341	1	0	1	2.080722354577705
170200.0	3000.0	2018.6273841633129	0.0	0	267.7551866785798	2218.62738416341	1	0	1	2.080722354577705
171200.0	3000.0	2018.6273841633038	0.0	0	420.0437655642454	2218.627384163381	1	0	1	2.080722354577708
172200.0	3000.0	2018.627384163292	0.0	0	580.7575182283763	2218.627384163381	1	0	1	2.080722354577708
173200.0	3000.0	2018.6273841632974	0.0	0	500.9065158991143	2218.627384163381	1	0	1	2.080722354577708
174200.0	3000.0	2018.6273841632756	0.0	0	332.8973589850648	2218.627384163381	1	0	1	2.080722354577708
175200.0	3000.0	2018.6273841632838	0.0	0	554.363969566999	2218.627384163381	1	0	1	2.080722354577708
176200.0	3000.0	2018.627384163272	0.0	0	440.81053063002764	2218.627384163381	1	0	1	2.080722354577708
177200.0	6000.0	2018.6273841632938	0.0	0	249.16405127980397	2218.627384163381	1	0	1	2.0807223545777083
178277.55373532124	6000.0	1941.073648842083	0.0	0	0.0	2218.627384163381	1	0	1	2.7738695351376528
179549.15658960617	6000.0	1669.4707945571538	0.0	0	0.0	2218.627384163352	1	0	1	2.773869535137656
180885.91105642007	6000.0	1332.7163277432896	0.0	0	0.0	2218.627384163352	1	0	1	2.773869535137656
182329.16425346036	6000.0	889.4631307030118	0.0	0	0.0	2218.627384163352	1	0	1	2.773869535137656
183691.3083421423	6000.0	527.3190420210599	0.0	0	0.0	2218.627384163352	1	0	1	2.773869535137656
184134.25968249186	3000.0	1084.3677016714844	0.0	0	0.0	2218.627384163323	1	0	1	1.3875751740177686
184435.99013727254	3000.0	1782.6372468907707	0.0	0	0.0	2218.627384163323	1	0	1	2.0807223545777136
185200.0	3000.0	1942.2263978905683	0.0	0	388.446056267363	2142.2263978905394	1	0	2	1.6850123280848184
186200.0	6000.0	1942.226397890574	0.0	0	180.18056359738694	2142.2263978905394	1	0	1	1.8883624532049919
187290.66622240498	6000.0	1851.560175485591	0.0	0	0.0	2142.2263978905685	1	0	1	2.781509633764934
188200.0	6000.0	1942.2263978905771	0.0	0	49.15660969968303	2142.2263978905685	1	0	1	2.781509633764934
189401.9253833812	6000.0	1740.3010145093908	0.0	0	0.0	2142.2263978905685	1	0	1	2.781509633764934
190484.5146064317	3000.0	1657.7117914588882	0.0	0	0.0	2142.2263978905685	1	0	1	1.3952152726450444
191623.6514381034	3000.0	1518.5749597871982	0.0	0	0.0	2142.2263978905976	1	0	1	2.0883624532049865
192618.62544992744	3000.0	1523.6009479631552	0.0	0	0.0	2142.2263978906267	1	0	1	2.0883624532049834
193273.9897480401	3000.0	1868.2366498505428	0.0	0	0.0	2142.226397890656	1	0	1	2.0883624532049803
194200.0	3000.0	1942.2263978906144	0.0	0	115.7350362362049	2142.226397890656	1	0	1	2.0883624532049803
195200.0	3000.0	1942.226397890609	0.0	0	423.73330691523734	2142.2263978906267	1	0	1	2.0883624532049834
196200.0	3000.0	1942.2263978906312	0.0	0	246.9618417712627	2142.2263978906267	1	0	1	2.0883624532049834
197200.0	3000.0	1942.2263978906558	0.0	0	447.39579778315965	2142.2263978906267	1	0	1	2.0883624532049834
198200.0	3000.0	1942.2263978906876	0.0	0	395.4358956980868	2142.2263978906267	1	0	1	2.0883624532049834
199200.0	3000.0	1942.2263978906885	0.0	0	211.0617477320775	2142.2263978906267	1	0	1	2.0883624532049834
200200.0	3000.0	1942.2263978906792	0.0	0	286.4907775844622	2142.2263978906267	1	0	1	2.0883624532049834
201200.0	3000.0	1942.2263978906713	0.0	0	297.0580187673331	2142.2263978906267	1	0	1	2.0883624532049834
202200.0	3000.0	1942.2263978906808	0.0	0	242.25775468570646	2142.2263978906267	1	0	1	2.0883624532049834
203200.0	3000.0	1942.22639789072	0.0	0	138.07734169982723	2142.2263978906267	1	0	1	2.0883624532049834
204200.0	3000.0	1842.2263978907254	0.0	0	17.957609406876145	2042.2263978905976	1	0	2	1.6955609581850062
205200.0	3000.0	1842.2263978907522	0.0	0	3.0467651424114592	2042.2263978905976	1	0	1	1.898362453204986
206200.0	3000.0	1842.2263978907486	0.0	0	414.29434066815884	2042.2263978905976	1	0	1	2.0983624532049863
207200.0	3000.0	1842.2263978907324	0.0	0	372.3313694274693	2042.2263978905685	1	0	1	2.0983624532049894
208216.97538127482	3000.0	1825.2510166159088	0.0	0	0.0	2042.2263978905394	1	0	1	2.0983624532049907
209200.0	3000.0	1842.2263978907242	0.0	0	181.20298615389038	2042.2263978905103	1	0	1	2.098362453204995
210200.0	3000.0	1842.2263978907245	0.0	0	438.5337695538474	2042.2263978905394	1	0	1	2.098362453204992
211200.0	3000.0	1742.2263978907392	0.0	0	297.9564178409928	1942.2263978905394	1	0	2	1.7047146271171734
212200.0	3000.0	1742.226397890716	0.0	0	340.99404351675184	1942.2263978905394	1	0	1	1.908362453204992
213200.0	3000.0	1742.2263978907142	0.0	0	436.4074516998371	1942.2263978905394	1	0	1	2.1083624532049923
214200.0	3000.0	1742.22639789071	0.0	0	285.85967403120594	1942.2263978905103	1	0	1	2.108362453204993
215200.0	3000.0	1742.22639789075	0.0	0	1.073465886496706	1942.2263978905394	1	0	1	2.1083624532049923
216200.0	3000.0	1742.2263978907722	0.0	0	206.3027471837122	1942.2263978905685	1	0	1	2.108362453204991
217200.0	3000.0	1742.2263978907736	0.0	0	193.82800799969118	1942.2263978905685	1	0	1	2.108362453204991
218200.0	3000.0	1742.226397890789	0.0	0	148.80584284540964	1942.2263978905685	1	0	1	2.1083624532049896
219200.0	3000.0	1742.2263978908009	0.0	0	77.59105365391588	1942.2263978905685	1	0	1	2.1083624532049896
220200.0	3000.0	1742.2263978908068	0.0	0	402.4329795204685	1942.2263978905685	1	0	1	2.1083624532049896
221200.0	3000.0	1742.2263978907874	0.0	0	314.6116665794689	1942.2263978905685	1	0	1	2.1083624532049896
222200.0	3000.0	1642.2263978907974	0.0	0	296.234558919532	1842.2263978905685	1	0	2	1.7147102119084185
223200.0	3000.0	1642.226397890793	0.0	0	251.1892349322152	1842.2263978905685	1	0	1	1.9183624532049892
224200.0	3000.0	1642.2263978907797	0.0	0	445.18962945297244	1842.2263978905685	1	0	1	2.1183624532049894
225200.0	3000.0	1642.226397890765	0.0	0	366.3592774455319	1842.2263978905685	1	0	1	2.1183624532049894
226200.0	3000.0	1642.2263978907438	0.0	0	484.8638133041968	1842.2263978905685	1	0	1	2.1183624532049894
227200.0	3000.0	1642.226397890792	0.0	0	541.8784482948249	1842.2263978905685	1	0	1	2.1183624532049894
228200.0	3000.0	1642.2263978907627	0.0	0	532.9901649638487	1842.2263978905685	1	0	1	2.1183624532049894
229200.0	3000.0	1642.2263978907615	0.0	0	358.41456201285473	1842.2263978905976	1	0	1	2.1183624532049863
230200.0	3000.0	1642.2263978908015	0.0	0	67.3817632625287	1842.2263978906267	1	0	1	2.118362453204983
231339.2507531144	3000.0	1502.9756447763896	0.0	0	0.0	1842.2263978906267	1	0	1	2.118362453204983
232491.40447051	3000.0	1350.821927380812	0.0	0	0.0	1842.2263978906558	1	0	1	2.1183624532049805
233200.0	3000.0	1642.2263978908286	0.0	0	128.90342687501106	1842.226397890685	1	0	1	2.1183624532049783
234200.0	3000.0	1642.226397890805	0.0	0	553.8203112189076	1842.226397890685	1	0	1	2.118362453204978
235200.0	3000.0	1642.2263978908065	0.0	0	206.5850130931649	1842.226397890685	1	0	1	2.118362453204978
236200.0	3000.0	1642.226397890824	0.0	0	43.58714399198652	1842.226397890685	1	0	1	2.118362453204978
237200.0	3000.0	1642.2263978908359	0.0	0	335.15481973215356	1842.226397890685	1	0	1	2.118362453204978
238200.0	3000.0	1642.2263978908495	0.0	0	380.60509191587334	1842.226397890685	1	0	1	2.118362453204978
239200.0	3000.0	1642.2263978908463	0.0	0	393.6323473556258	1842.226397890714	1	0	1	2.1183624532049747
240200.0	3000.0	1642.226397890869	0.0	0	371.336304630182	1842.226397890743	1	0	1	2.1183624532049716
241200.0	3000.0	1642.2263978908666	0.0	0	170.40510588756297	1842.226397890743	1	0	1	2.1183624532049716
242200.0	3000.0	1642.2263978908795	0.0	0	249.07742967334343	1842.226397890743	1	0	1	2.1183624532049716
243200.0	3000.0	1642.226397890868	0.0	0	27.475931514432887	1842.2263978907722	1	0	1	2.118362453204969
244200.0	3000.0	1642.2263978908566	0.0	0	122.14866200755932	1842.2263978907722	1	0	1	2.118362453204969
245200.0	3000.0	1642.2263978908616	0.0	0	128.6326133920229	1842.2263978907722	1	0	1	2.118362453204969
246200.0	3000.0	1542.2263978908798	0.0	0	234.82487666781526	1742.2263978908595	1	0	2	1.7248856591121464
247200.0	3000.0	1542.226397890886	0.0	0	423.6703639389889	1742.2263978908595	1	0	1	1.9283624532049601
248200.0	3000.0	1542.2263978908725	0.0	0	383.0091921798303	1742.2263978908595	1	0	1	2.1283624532049603
249200.0	3000.0	1542.2263978908709	0.0	0	503.75753273718874	1742.2263978908595	1	0	1	2.1283624532049603
250200.0	3000.0	1542.2263978908868	0.0	0	574.9589172057749	1742.2263978908595	1	0	1	2.1283624532049603
251201.16822856222	3000.0	1541.0581693286667	0.0	0	381.8926569947216	1742.2263978908595	1	0	1	2.1283624532049603
252271.66866781624	3000.0	1470.5577300746647	0.0	0	0.0	1742.2263978908886	1	0	1	2.128362453204957
253200.0	3000.0	1542.2263978909143	0.0	0	78.26215180949657	1742.2263978909177	1	0	1	2.1283624532049545
254200.0	3000.0	1542.2263978908943	0.0	0	259.07439518821775	1742.2263978909177	1	0	1	2.1283624532049545
255200.0	3000.0	1542.226397890851	0.0	0	404.349990199873	1742.2263978908886	1	0	1	2.128362453204957
256200.0	3000.0	1542.2263978908618	0.0	0	141.64389507018495	1742.2263978908886	1	0	1	2.128362453204957
257200.0	3000.0	1542.2263978908495	0.0	0	77.86901532951742	1742.2263978908595	1	0	1	2.1283624532049585
258200.0	3000.0	1542.2263978908563	0.0	0	254.7240341177676	1742.2263978908595	1	0	1	2.1283624532049603
259200.0	3000.0	1542.2263978908413	0.0	0	235.84181752012228	1742.2263978908595	1	0	1	2.1283624532049603
260325.2754665241	3000.0	1416.9509313667825	0.0	0	0.0	1742.2263978908595	1	0	1	2.1283624532049603
261200.0	3000.0	1542.2263978908734	0.0	0	299.14514896515175	1742.2263978908886	1	0	1	2.128362453204957
262209.426795208	3000.0	1532.7996026828366	0.0	0	0.0	1742.2263978908886	1	0	1	2.128362453204957
263200.0	3000.0	1542.2263978908873	0.0	0	158.3652843394666	1742.2263978909177	1	0	1	2.128362453204957
264200.0	3000.0	1542.226397890851	0.0	0	325.937010693131	1742.2263978909468	1	0	1	2.128362453204953
265200.0	3000.0	1542.226397890823	0.0	0	273.65879824839067	1742.2263978909468	1	0	1	2.1283624532049514
266200.0	3000.0	1542.226397890838	0.0	0	182.27152761572506	1742.2263978908886	1	0	1	2.128362453204957
267200.0	3000.0	1542.2263978907877	0.0	0	255.81900878658053	1742.2263978908886	1	0	1	2.128362453204957
268243.0972965015	3000.0	1499.1291013892624	0.0	0	0.0	1742.2263978908304	1	0	1	2.1283624532049608
269200.0	3000.0	1542.226397890845	0.0	0	197.60386327345623	1742.2263978908886	1	0	1	2.1283624532049608
270200.0	3000.0	1542.2263978908502	0.0	0	135.88328599755187	1742.2263978908886	1	0	1	2.128362453204957
271200.0	3000.0	1542.2263978908695	0.0	0	148.51365611271467	1742.2263978907722	1	0	1	2.128362453204965
272204.8498698279	3000.0	1537.3765280629573	0.0	0	0.0	1742.2263978907722	1	0	1	2.1283624532049688
273200.0	3000.0	1542.2263978909002	0.0	0	359.97126531082904	1742.2263978907722	1	0	1	2.1283624532049688
274200.0	3000.0	1542.226397890861	0.0	0	282.4155375699047	1742.2263978907722	1	0	1	2.1283624532049688
275200.0	3000.0	1542.2263978908927	0.0	0	351.40868071536534	1742.2263978907722	1	0	1	2.1283624532049688
276200.0	3000.0	1542.2263978909057	0.0	0	338.26229915296426	1742.2263978908304	1	0	1	2.128362453204963
277200.0	3000.0	1542.2263978909539	0.0	0	222.81764718319755	1742.2263978908304	1	0	1	2.128362453204963
278200.0	3000.0	1542.2263978909345	0.0	0	325.20309863676084	1742.2263978907722	1	0	1	2.1283624532049688
279200.0	3000.0	1542.2263978909375	0.0	0	36.696102383721154	1742.2263978907722	1	0	1	2.1283624532049688
280200.0	3000.0	1542.2263978908422	0.0	0	464.6636754514184	1742.2263978907722	1	0	1	2.1283624532049688
281200.0	3000.0	1542.226397890881	0.0	0	414.6849939771346	1742.2263978907722	1	0	1	2.1283624532049688
282200.0	3000.0	1542.226397890879	0.0	0	445.30702668911545	1742.2263978907722	1	0	1	2.1283624532049688
283200.0	3000.0	1542.2263978908497	0.0	0	612.3812880500336	1742.2263978908304	1	0	1	2.128362453204963
284200.0	3000.0	1542.2263978908254	0.0	0	743.466587291623	1742.2263978908304	1	0	1	2.128362453204963
285200.0	6000.0	1542.226397890777	0.0	0	130.5614796548034	1742.2263978908304	1	0	1	2.1283624532049634
286200.0	6000.0	1542.226397890735	0.0	0	272.6938766289968	1742.2263978908304	1	0	1	2.821509633764908
287560.7604944096	6000.0	1181.4659034811516	0.0	0	0.0	1742.2263978907722	1	0	1	2.821509633764913
288472.27828379924	6000.0	1269.9481140915123	0.0	0	0.0	1742.2263978908304	1	0	1	2.821509633764908
290215.58094413433	6000.0	526.6454537564132	0.0	0	0.0	1742.2263978908304	1	0	1	2.821509633764908
291710.72478914517	6000.0	360.9373786459639	329.4357699002911	0	0.0	2071.6621677910443	1	0	1	0.81195143737314
292193.2179895668	3000.0	878.4441782242855	0.0	0	0.0	2071.6621677910443	1	0	1	1.4022716956549968
292775.29287769477	6000.0	1296.3692900963315	0.0	0	0.0	2071.6621677910443	1	0	1	2.0954188762149415
293510.2575259112	6000.0	1561.4046418798816	0.0	0	0.0	2071.6621677910443	1	0	1	2.7885660567748864
294781.83397025836	6000.0	1289.8281975326893	0.0	0	0.0	2071.6621677910443	1	0	1	2.7885660567748864
295829.5060042858	6000.0	1242.1561635051894	0.0	0	0.0	2071.6621677910443	1	0	1	2.7885660567748864
297117.2216067331	6000.0	954.4405610578694	0.0	0	0.0	2071.6621677910443	1	0	1	2.7885660567748864
297795.6214686223	3000.0	1276.0406991687028	0.0	0	0.0	2071.6621677910443	1	0	1	1.4022716956549968
298479.24767999933	3000.0	1592.4144877916756	0.0	0	0.0	2071.662167790986	1	0	1	2.0954188762149477
299348.31503314263	3000.0	1723.3471346483905	0.0	0	0.0	2071.6621677910443	1	0	1	2.095418876214943
300356.4609234091	3000.0	1715.20124438192	0.0	0	0.0	2071.6621677910443	1	0	1	2.095418876214942
4.92	6.35	8.26	4.09	5.24	5.09	5.5	7.8	5.47	5.43	6.37	3.68	4.56	6.37	4.66	4.39	5.58	6.22	5.62	6.6	6.66	8.72	7.7	4.29	5.53	3.09	2.92	4.37	6.06	8.39	7.39	3.75	5.87	5.0	3.54	2.66	1.89	2.39	4.34	4.15	5.12	6.89	6.53	4.24	3.56	3.49	3.6	3.86	3.72	3.71	5.04	4.18	3.74	4.66	4.87	6.26	4.74	6.64	3.66	3.66	3.7	3.48	3.26	4.1	4.56	5.29	5.56	5.32	4.33	4.76	4.99	6.61	7.7	3.72	3.49	3.82	2.5	4.33	6.64	4.23	2.73	4.67	3.89	4.9	6.99	4.62	4.97	2.76	4.7	3.07	4.38	5.55	6.19	6.39	8.09	7.25	2.4	3.95	5.06	5.2	3.93	4.38	3.39	4.07	2.95	4.2	3.65	3.07	4.56	3.44	4.91	3.97	3.17	3.35	3.86	3.15	4.01	4.24	3.31	4.85	5.66	4.95	4.74	3.54	5.83	4.62	6.09	8.47	10.8	9.99	6.96	5.51	5.49	6.09	3.81	3.93	6.09	8.62	5.92	4.91	6.34	4.81	5.72	4.14	3.86	3.29	3.53	4.87	4.04	5.34	4.92	6.35	8.26	4.09	5.24	5.09	5.5	7.8	5.47	5.43	6.37	3.68	4.56	6.37	4.66	4.39	5.58	6.22	5.62	6.6	6.66	8.72	7.7	4.29	5.53	3.09	2.92	4.37	6.06	8.39	7.39	3.75	5.87	5.0	3.54	2.66	1.89	2.39	4.34	4.15	5.12	6.89	6.53	4.24	3.56	3.49	3.6	3.86	3.72	3.71	5.04	4.18	3.74	4.66	4.87	6.26	4.74	6.64	3.66	3.66	3.7	3.48	3.26	4.1	4.56	5.29	5.56	5.32	4.33	4.76	4.99	6.61	7.7	3.72	3.49	3.82	2.5	4.33	6.64	4.23	2.73	4.67	3.89	4.9	6.99	4.62	4.97	2.76	4.7	3.07	4.38	5.55	6.19	6.39	8.09	7.25	2.4	3.95	5.06	5.2	3.93	4.38	3.39	4.07	2.95	4.2	3.65	3.07	4.56	3.44	4.91	3.97	3.17	3.35	3.86	3.15	4.01	4.24	3.31	4.85	5.66	4.95	4.74	3.54	5.83	4.62	6.09	8.47	10.8	9.99	6.96	5.51	5.49	6.09	3.81	3.93	6.09	8.62	5.92	4.91	6.34	4.81	5.72	4.14	3.86	3.29	3.53	4.87
1.0	2.0	3.0	4.0	5.0	6.0	7.0	8.0	9.0	10.0	11.0	12.0	13.0	14.0	15.0	16.0	17.0	18.0	19.0	20.0	21.0	22.0	23.0	24.0	25.0	26.0	27.0	28.0	29.0	30.0	31.0	32.0	33.0	34.0	35.0	36.0	37.0	38.0	39.0	40.0	41.0	42.0	43.0	44.0	45.0	46.0	47.0	48.0	49.0	50.0	51.0	52.0	53.0	54.0	55.0	56.0	57.0	58.0	59.0	60.0	61.0	62.0	63.0	64.0	65.0	66.0	67.0	68.0	69.0	70.0	71.0	72.0	73.0	74.0	75.0	76.0	77.0	78.0	79.0	80.0	81.0	82.0	83.0	84.0	85.0	86.0	87.0	88.0	89.0	90.0	91.0	92.0	93.0	94.0	95.0	96.0	97.0	98.0	99.0	100.0	101.0	102.0	103.0	104.0	105.0	106.0	107.0	108.0	109.0	110.0	111.0	112.0	113.0	114.0	115.0	116.0	117.0	118.0	119.0	120.0	121.0	122.0	123.0	124.0	125.0	126.0	127.0	128.0	129.0	130.0	131.0	132.0	133.0	134.0	135.0	136.0	137.0	138.0	139.0	140.0	141.0	142.0	143.0	144.0	145.0	146.0	147.0	148.0	149.0	149.0	150.0	151.0	152.0	153.0	154.0	155.0	156.0	157.0	158.0	159.0	160.0	161.0	162.0	163.0	164.0	165.0	166.0	167.0	168.0	169.0	170.0	171.0	172.0	173.0	174.0	175.0	176.0	177.0	178.0	179.0	180.0	181.0	182.0	183.0	184.0	185.0	186.0	187.0	188.0	189.0	190.0	191.0	192.0	193.0	194.0	195.0	196.0	197.0	198.0	199.0	200.0	201.0	202.0	203.0	204.0	205.0	206.0	207.0	208.0	209.0	210.0	211.0	212.0	213.0	214.0	215.0	216.0	217.0	218.0	219.0	220.0	221.0	222.0	223.0	224.0	225.0	226.0	227.0	228.0	229.0	230.0	231.0	232.0	233.0	234.0	235.0	236.0	237.0	238.0	239.0	240.0	241.0	242.0	243.0	244.0	245.0	246.0	247.0	248.0	249.0	250.0	251.0	252.0	253.0	254.0	255.0	256.0	257.0	258.0	259.0	260.0	261.0	262.0	263.0	264.0	265.0	266.0	267.0	268.0	269.0	270.0	271.0	272.0	273.0	274.0	275.0	276.0	277.0	278.0	279.0	280.0	281.0	282.0	283.0	284.0	285.0	286.0	287.0	288.0	289.0	290.0	291.0	292.0	293.0	294.0	295.0	296.0	297.0
5895.698043412269
