4213.303260699679	300.0	2000.0	159.02206402098236	0	0.0	4213.303260699679	1	0	1	-1.3720276112072254
4448.41302416081	500.0	2741.379260192755	0.0	0	0.0	4189.792284353565	1	0	2	-0.8195268943016186
4661.704437614626	500.0	3506.7587053935567	0.0	0	0.0	4168.463143008183	1	0	2	-0.10645984624923956
5200.0	500.0	3914.633586769646	0.0	0	320.6224753304623	4114.633586769645	1	0	2	-0.10341974775098953
6200.0	500.0	3814.6335867696475	0.0	0	699.1280825011645	4014.633586769646	1	0	2	-0.09463773491097409
7200.0	1000.0	3714.6335867696466	0.0	0	428.4009855031345	3914.6335867696453	1	0	2	-0.08443415985423613
8200.0	1000.0	3614.6335867696466	0.0	0	314.3239364717183	3814.633586769646	1	0	2	0.6188430481155929
9880.050285540407	2000.0	2766.5782726752004	0.0	0	0.0	3646.628558215606	1	0	2	0.6340638491886776
10887.489906542083	2000.0	2658.3946895733584	0.0	0	0.0	3545.8845961154393	1	0	2	1.3398971981457042
12394.786138811043	2000.0	2000.3688340775002	0.0	0	0.0	3395.15497288854	1	0	2	1.3529318865425155
14180.157593962122	2000.0	1214.9973789264207	0.0	0	0.0	3395.15497288854	1	0	1	1.3576044875970272
14611.691202936212	1000.0	1783.46376995233	0.0	0	0.0	3395.15497288854	1	0	1	0.17131012647713692
15162.148829373333	1000.0	2177.960380871498	0.0	0	0.0	3340.1092102448292	1	0	2	0.468720859295822
15518.353199671781	1000.0	2821.7560105730477	0.0	0	0.0	3340.1092102448292	1	0	1	0.6699618833014531
16365.525376091393	1000.0	2889.8666165114746	0.0	0	0.0	3255.3919926028684	1	0	2	0.4751646145329278
17274.32267008018	1000.0	2981.0693225226896	0.0	0	0.0	3255.3919926028684	1	0	1	0.6784336050656492
18200.0	1000.0	2962.8242596108835	0.0	0	404.1856227703538	3162.824259610881	1	0	2	0.4839374609825111
19200.0	1000.0	2862.8242596108844	0.0	0	299.7652563787997	3062.824259610883	1	0	2	0.6940203266089171
20200.0	1000.0	2762.824259610886	0.0	0	361.40175634146726	2962.824259610883	1	0	2	0.7039564772920677
21200.0	1000.0	2662.8242596108817	0.0	0	339.62202482052453	2862.8242596108794	1	0	2	0.7139196604202593
22200.0	1000.0	2562.8242596108826	0.0	0	499.8763330003494	2762.824259610883	1	0	2	0.7237617550309999
23200.0	2000.0	2462.82425961088	0.0	0	139.4708152646308	2662.8242596108794	1	0	2	0.7347625052779105
24200.0	2000.0	2462.824259610875	0.0	0	203.90730581221214	2662.8242596108794	1	0	1	1.4308375589247933
25200.0	2000.0	2362.8242596108803	0.0	0	262.2491857827117	2562.824259610883	1	0	2	1.2373239007072632
26200.0	2000.0	2262.8242596108853	0.0	0	310.9013685143618	2462.8242596108903	1	0	2	1.447078208291336
28319.93311792591	3000.0	930.8978298923843	0.0	0	0.0	2250.8309478183073	1	0	2	1.4655075612597084
30044.60419885967	2000.0	206.2267489586255	0.0	0	0.0	2250.8309478183073	1	0	1	1.0665717819958858
30905.40564526115	1000.0	530.4505261749746	185.0252236178273	0	0.0	2435.856171436135	1	0	1	-0.8429113350845859
31301.66193428938	1000.0	1134.1942371467453	0.0	0	0.0	2435.856171436135	1	0	1	0.9603871871823227
31748.226569171766	1000.0	1687.6296022643558	0.0	0	0.0	2435.856171436135	1	0	1	0.9603871871823227
32325.78602663855	1000.0	2110.070144797573	0.0	0	0.0	2435.856171436135	1	0	1	0.9603871871823227
33200.0	1000.0	2235.8561714361235	0.0	0	187.62250799255708	2435.856171436135	1	0	1	0.9603871871823226
34672.42667809044	2000.0	1616.1868255366267	0.0	0	0.0	2288.6135036270825	1	0	2	0.5719295019584865
35643.12191100293	2000.0	1645.4915926241345	0.0	0	0.0	2288.613503627079	1	0	1	1.4682586345231732
36404.58051473676	2000.0	1884.0329888903104	0.0	0	0.0	2288.6135036270716	1	0	1	1.6682586345231742
37200.0	2000.0	2088.6135036270643	0.0	0	132.62495095900522	2288.6135036270716	1	0	1	1.6682586345231742
38200.0	2000.0	1988.613503627067	0.0	0	329.17339450956206	2188.613503627079	1	0	2	1.2746235865478197
39200.0	2000.0	1988.6135036270653	0.0	0	252.06338771313312	2188.613503627079	1	0	1	1.4782586345231732
40298.24273159283	2000.0	1890.3707720342395	0.0	0	0.0	2188.613503627079	1	0	1	1.6782586345231734
41406.014032950065	2000.0	1782.5994706770084	0.0	0	0.0	2188.613503627079	1	0	1	1.6782586345231734
42200.0	1000.0	1988.6135036270794	0.0	0	137.45299094081565	2188.613503627079	1	0	1	0.2919642734032831
43200.0	1000.0	1988.613503627067	0.0	0	612.393528937806	2188.6135036270716	1	0	1	0.985111453963229
44200.0	1000.0	1988.6135036270725	0.0	0	546.7215084999698	2188.6135036270716	1	0	1	0.985111453963229
45200.0	2000.0	1988.6135036270744	0.0	0	446.2902809373991	2188.6135036270716	1	0	1	0.9851114539632291
46400.341018186955	2000.0	1788.272485440124	0.0	0	0.0	2188.6135036270716	1	0	1	1.6782586345231743
47492.236695137275	2000.0	1696.3768084898034	0.0	0	0.0	2188.6135036270716	1	0	1	1.6782586345231743
48458.356945243	2000.0	1730.256558384079	0.0	0	0.0	2188.6135036270716	1	0	1	1.6782586345231743
49200.0	2000.0	1988.613503627082	0.0	0	95.71266451555857	2188.6135036270716	1	0	1	1.6782586345231743
50200.0	2000.0	1988.613503627081	0.0	0	206.0198128605989	2188.6135036270716	1	0	1	1.6782586345231743
51359.78140414789	2000.0	1828.8320994791816	0.0	0	0.0	2188.6135036270716	1	0	1	1.6782586345231743
52209.90575269616	2000.0	1978.7077509309063	0.0	0	0.0	2188.6135036270716	1	0	1	1.6782586345231743
53322.93222727629	2000.0	1865.681276350771	0.0	0	0.0	2188.6135036270716	1	0	1	1.6782586345231743
54504.43768460894	2000.0	1684.1758190181183	0.0	0	0.0	2188.6135036270716	1	0	1	1.6782586345231743
55519.813629725315	2000.0	1567.262279390114	0.0	0	0.0	2087.0759091154323	1	0	2	1.285771155162328
56492.65328974954	2000.0	1594.4226193658926	0.0	0	0.0	2087.0759091154323	1	0	1	1.4884123939743379
57656.43183874469	2000.0	1430.6440703707444	0.0	0	0.0	2087.0759091154323	1	0	1	1.688412393974338
58707.33054863871	2000.0	1379.7453604767327	0.0	0	0.0	2087.0759091154323	1	0	1	1.688412393974338
59475.814867554145	2000.0	1611.2610415612958	0.0	0	0.0	2087.0759091154323	1	0	1	1.688412393974338
61209.944903676325	2000.0	877.1310054391158	0.0	0	0.0	2087.0759091154323	1	0	1	1.688412393974338
62272.77195130483	2000.0	814.3039578106094	0.0	0	0.0	2087.075909115425	1	0	1	1.6884123939743387
62841.0925890319	1000.0	1245.9833200835465	0.0	0	0.0	2087.075909115425	1	0	1	0.3021180328544485
63506.59624765678	1000.0	1580.4796614586612	0.0	0	0.0	2087.075909115425	1	0	1	0.9952652134143937
64200.0	1000.0	1887.0759091154432	0.0	0	123.48986794907978	2087.075909115425	1	0	1	0.9952652134143937
65200.0	1000.0	1887.0759091154487	0.0	0	625.108850595454	2087.075909115425	1	0	1	0.9952652134143937
66200.0	2000.0	1887.0759091154455	0.0	0	163.13931209202565	2087.075909115425	1	0	1	0.9952652134143933
67200.0	2000.0	1887.0759091154607	0.0	0	238.86955026551732	2087.0759091154396	1	0	1	1.6884123939743385
68200.0	2000.0	1887.0759091154719	0.0	0	312.3148927414004	2087.075909115447	1	0	1	1.6884123939743367
69254.10900412923	2000.0	1832.9669049862214	0.0	0	0.0	2087.075909115447	1	0	1	1.6884123939743367
71722.80323119716	3000.0	364.27267791829365	0.0	0	0.0	2087.075909115447	1	0	1	1.688412393974337
72967.52313115694	2000.0	351.6837104770998	232.13093251858209	0	0.0	2319.206841634019	1	0	1	-0.1330514024971775
73789.53816961091	1000.0	573.8039467552923	44.13527473216436	0	0.0	2363.342116366184	1	0	1	0.009679763736386349
74198.1992588543	1000.0	1165.1428575119044	0.0	0	0.0	2363.3421163661988	1	0	1	0.9676385926893163
74982.84112213102	2000.0	1380.5009942351921	0.0	0	0.0	2363.3421163661988	1	0	1	0.9676385926893163
75695.42922554718	2000.0	1596.654080477415	0.0	0	0.0	2292.0833060245786	1	0	2	1.2660772196592802
76647.75968040124	2000.0	1644.323625623353	0.0	0	0.0	2292.0833060245786	1	0	1	1.4679116542834234
78097.4492129085	2000.0	1049.6651398653626	0.0	0	0.0	2147.1143527738313	1	0	2	1.2790050968253088
79055.24769759983	2000.0	1091.8666551740253	0.0	0	0.0	2147.1143527738313	1	0	1	1.482408549608498
79944.41775823337	2000.0	1202.6965945404881	0.0	0	0.0	2147.114352773846	1	0	1	1.6824085496084966
81112.1594947526	2000.0	1034.9548580212527	0.0	0	0.0	2147.114352773846	1	0	1	1.6824085496084966
81915.8335751656	2000.0	1231.2807776082523	0.0	0	0.0	2147.114352773846	1	0	1	1.6824085496084966
83560.68211276442	2000.0	586.4322400094288	0.0	0	0.0	2147.1143527738313	1	0	1	1.6824085496084982
84153.86884067563	1000.0	993.2455120982315	0.0	0	0.0	2147.1143527738313	1	0	1	0.2961141884886078
85080.14694245928	1000.0	1066.9674103145733	0.0	0	0.0	2147.114352773846	1	0	1	0.9892613690485517
85516.30314069668	1000.0	1630.8112120771675	0.0	0	0.0	2147.114352773846	1	0	1	0.9892613690485517
86200.0	1000.0	1878.7446668435325	0.0	0	247.00206979300128	2078.7446668435296	1	0	2	0.5934191133139699
87200.0	1000.0	1878.7446668435382	0.0	0	515.5168424174335	2078.7446668435296	1	0	1	0.7960983376415831
88200.0	1000.0	1878.7446668435402	0.0	0	394.6067968330899	2078.7446668435296	1	0	1	0.9960983376415833
89200.0	2000.0	1778.7446668435527	0.0	0	197.18254919839092	1978.7446668435296	1	0	2	0.6027411813087031
90200.0	2000.0	1778.74466684355	0.0	0	213.3161250678677	1978.7446668435296	1	0	1	1.4992455182015283
91200.0	1000.0	1778.7446668435432	0.0	0	602.8615156564629	1978.7446668435296	1	0	1	0.3129511570816381
92200.0	1000.0	1778.7446668435393	0.0	0	611.9008220285032	1978.7446668435296	1	0	1	1.0060983376415833
93200.0	1000.0	1778.7446668435364	0.0	0	598.1605890968203	1978.7446668435296	1	0	1	1.0060983376415833
94200.0	1000.0	1778.7446668435407	0.0	0	532.6172570683702	1978.7446668435296	1	0	1	1.0060983376415833
95200.0	1000.0	1778.7446668435132	0.0	0	585.5701804253767	1978.7446668435296	1	0	1	1.0060983376415833
96200.0	1000.0	1778.7446668435093	0.0	0	447.02143611293286	1978.744666843544	1	0	1	1.0060983376415817
97200.0	1000.0	1778.7446668435232	0.0	0	553.5282006234338	1978.744666843544	1	0	1	1.0060983376415817
98200.0	1000.0	1778.7446668435368	0.0	0	272.0715866564133	1978.744666843544	1	0	1	1.0060983376415817
99200.0	1000.0	1778.7446668435352	0.0	0	483.0909840623208	1978.744666843544	1	0	1	1.0060983376415817
100200.0	1000.0	1778.7446668435532	0.0	0	329.7306631746178	1978.7446668435587	1	0	1	1.0060983376415802
101200.0	1000.0	1778.74466684355	0.0	0	593.1656967684539	1978.7446668435587	1	0	1	1.0060983376415802
102200.0	1000.0	1778.7446668435489	0.0	0	456.3589279618027	1978.7446668435587	1	0	1	1.0060983376415802
103200.0	1000.0	1778.7446668435514	0.0	0	472.24479000606516	1978.7446668435587	1	0	1	1.0060983376415802
104200.0	1000.0	1778.744666843561	0.0	0	106.99023311764176	1978.7446668435587	1	0	1	1.0060983376415802
105200.0	1000.0	1778.744666843585	0.0	0	376.14791016094387	1978.7446668435732	1	0	1	1.0060983376415789
106200.0	1000.0	1778.7446668435757	0.0	0	203.5940896022803	1978.7446668435732	1	0	1	1.0060983376415789
107200.0	1000.0	1778.7446668435616	0.0	0	515.9235518906789	1978.7446668435732	1	0	1	1.0060983376415789
108200.0	1000.0	1778.7446668435746	0.0	0	598.7590394566214	1978.7446668435878	1	0	1	1.0060983376415775
109200.0	1000.0	1778.7446668435646	0.0	0	628.133194272159	1978.7446668435878	1	0	1	1.0060983376415775
110200.0	1000.0	1778.744666843564	0.0	0	522.1458214216545	1978.7446668435878	1	0	1	1.0060983376415775
111623.10338133364	2000.0	1355.6412855099377	0.0	0	0.0	1978.7446668435878	1	0	1	1.0060983376415775
112934.88525055611	2000.0	1043.8594162874624	0.0	0	0.0	1978.7446668435878	1	0	1	1.6992455182015225
113229.89368801711	1000.0	1748.8509788264635	0.0	0	0.0	1978.7446668435878	1	0	1	0.3129511570816323
114200.0	1000.0	1778.7446668435753	0.0	0	588.9647907086328	1978.7446668436023	1	0	1	1.006098337641576
115200.0	1000.0	1778.7446668435987	0.0	0	715.6574750945438	1978.7446668436169	1	0	1	1.0060983376415746
116200.0	2000.0	1778.7446668436066	0.0	0	358.7890971128363	1978.7446668436169	1	0	1	1.0060983376415744
117438.87744900849	2000.0	1539.8672178351146	0.0	0	0.0	1978.7446668436169	1	0	1	1.6992455182015196
118626.1882644722	2000.0	1352.55640237141	0.0	0	0.0	1978.7446668436169	1	0	1	1.6992455182015196
119643.23096571231	2000.0	1335.5137011313052	0.0	0	0.0	1978.7446668436169	1	0	1	1.6992455182015196
120686.38529890613	2000.0	1292.3593679374899	0.0	0	0.0	1978.7446668436169	1	0	1	1.6992455182015196
121665.27275017703	2000.0	1313.471916666599	0.0	0	0.0	1978.7446668436169	1	0	1	1.6992455182015196
122456.84861890123	2000.0	1521.8960479423877	0.0	0	0.0	1978.7446668436169	1	0	1	1.6992455182015196
123327.4441510822	2000.0	1651.3005157614032	0.0	0	0.0	1978.7446668436169	1	0	1	1.6992455182015196
124299.9059582429	2000.0	1678.838708600714	0.0	0	0.0	1978.7446668436169	1	0	1	1.6992455182015196
125200.0	2000.0	1778.744666843633	0.0	0	41.48281617568864	1978.7446668436169	1	0	1	1.6992455182015196
126200.0	2000.0	1778.7446668436269	0.0	0	33.53986856710981	1978.7446668436023	1	0	1	1.699245518201521
127200.0	2000.0	1778.7446668436367	0.0	0	363.6830647712486	1978.7446668436169	1	0	1	1.6992455182015196
128263.39278114708	2000.0	1715.351885696556	0.0	0	0.0	1978.7446668436169	1	0	1	1.6992455182015196
129272.38320765841	3000.0	1706.3614591852256	0.0	0	0.0	1978.7446668436314	1	0	1	1.6992455182015183
130200.0	2000.0	1778.7446668436162	0.0	0	79.66701367917995	1978.7446668436169	1	0	1	1.293780410093355
131980.44016290753	2000.0	998.3045039360863	0.0	0	0.0	1978.7446668436169	1	0	1	1.6992455182015194
132870.07189212233	2000.0	1108.672774721303	0.0	0	0.0	1978.7446668436314	1	0	1	1.6992455182015194
133866.12493126222	2000.0	1112.6197355814065	0.0	0	0.0	1978.7446668436169	1	0	1	1.6992455182015196
134942.25478152672	2000.0	1036.4898853169266	0.0	0	0.0	1978.744666843646	1	0	1	1.6992455182015167
135958.2845228809	2000.0	1020.4601439627488	0.0	0	0.0	1978.744666843646	1	0	1	1.6992455182015167
136755.65946809977	2000.0	1223.0851987438657	0.0	0	0.0	1978.744666843646	1	0	1	1.6992455182015167
137278.13748263582	1000.0	1700.6071842078159	0.0	0	0.0	1978.7446668436169	1	0	1	0.31295115708162935
138200.0	1000.0	1778.7446668436316	0.0	0	567.8189064527105	1978.7446668436169	1	0	1	1.0060983376415746
139200.0	1000.0	1778.7446668436112	0.0	0	369.25300938478904	1978.7446668436169	1	0	1	1.0060983376415746
140200.0	1000.0	1778.7446668436187	0.0	0	243.32287469616858	1978.7446668436169	1	0	1	1.0060983376415746
141200.0	1000.0	1778.7446668435848	0.0	0	447.2458679334668	1978.7446668435878	1	0	1	1.0060983376415775
142200.0	1000.0	1778.7446668435975	0.0	0	715.8854918951693	1978.7446668435878	1	0	1	1.0060983376415775
143200.0	1000.0	1778.7446668436046	0.0	0	516.700575281604	1978.7446668435878	1	0	1	1.0060983376415775
144200.0	1000.0	1778.7446668436055	0.0	0	299.9102449324564	1978.7446668435878	1	0	1	1.0060983376415775
145200.0	1000.0	1778.7446668435937	0.0	0	286.41946592670865	1978.7446668435878	1	0	1	1.0060983376415775
146200.0	1000.0	1778.7446668436048	0.0	0	143.93701866365154	1978.7446668435878	1	0	1	1.0060983376415775
147200.0	1000.0	1778.7446668435753	0.0	0	371.65487303739064	1978.7446668435878	1	0	1	1.0060983376415775
148200.0	1000.0	1778.7446668435498	0.0	0	465.7315378228377	1978.7446668435878	1	0	1	1.0060983376415775
149200.0	1000.0	1778.744666843565	0.0	0	293.52834650158184	1978.7446668435878	1	0	1	1.0060983376415775
150200.0	1000.0	1778.744666843606	0.0	0	415.38692444827757	1978.7446668435878	1	0	1	1.0060983376415775
151200.0	1000.0	1778.7446668436303	0.0	0	596.8227810450189	1978.7446668435878	1	0	1	1.0060983376415775
152200.0	1000.0	1678.7446668435937	0.0	0	318.1973492348916	1878.7446668435587	1	0	2	0.612470733081895
153200.0	1000.0	1678.7446668436044	0.0	0	400.32694652929786	1878.7446668435587	1	0	1	0.81609833764158
154200.0	1000.0	1678.7446668436282	0.0	0	593.9624179967213	1878.7446668435587	1	0	1	1.0160983376415802
155200.0	1000.0	1678.7446668436119	0.0	0	596.7615833273449	1878.7446668435587	1	0	1	1.0160983376415802
156200.0	1000.0	1678.744666843609	0.0	0	251.5860236871813	1878.7446668435587	1	0	1	1.0160983376415802
157200.0	1000.0	1678.7446668435764	0.0	0	459.7672489680699	1878.7446668435587	1	0	1	1.0160983376415802
158200.0	1000.0	1678.7446668435794	0.0	0	529.8199795895489	1878.7446668435587	1	0	1	1.0160983376415802
159200.0	1000.0	1678.744666843605	0.0	0	279.34608227811987	1878.7446668435587	1	0	1	1.0160983376415802
160200.0	1000.0	1678.7446668435891	0.0	0	416.73791498533683	1878.7446668435587	1	0	1	1.0160983376415802
161200.0	1000.0	1678.7446668435741	0.0	0	101.39227166539058	1878.7446668435587	1	0	1	1.0160983376415802
162200.0	1000.0	1678.7446668435698	0.0	0	60.90602223010501	1878.7446668435587	1	0	1	1.0160983376415802
163208.3178200106	1000.0	1670.426846832965	0.0	0	0.0	1878.7446668435587	1	0	1	1.0160983376415802
164200.0	1000.0	1678.7446668435225	0.0	0	427.2122614453838	1878.7446668435296	1	0	1	1.0160983376415833
165200.0	1000.0	1678.7446668435382	0.0	0	481.1230213595263	1878.7446668435296	1	0	1	1.0160983376415833
166200.0	1000.0	1678.7446668435523	0.0	0	186.6210132643173	1878.7446668435296	1	0	1	1.0160983376415833
167200.0	1000.0	1678.744666843553	0.0	0	579.3701610306161	1878.7446668435587	1	0	1	1.0160983376415802
168200.0	1000.0	1678.7446668435462	0.0	0	550.42537593015	1878.7446668435587	1	0	1	1.0160983376415802
169200.0	1000.0	1578.74466684353	0.0	0	410.03890353796305	1778.7446668435005	1	0	2	0.6222482618598202
170200.0	1000.0	1578.7446668435084	0.0	0	553.3793305113504	1778.7446668435005	1	0	1	0.8260983376415859
171200.0	1000.0	1578.7446668434825	0.0	0	330.312785481161	1778.7446668434714	1	0	1	1.026098337641589
172200.0	1000.0	1578.7446668434789	0.0	0	301.48626899850206	1778.7446668434714	1	0	1	1.026098337641589
173200.0	1000.0	1578.7446668434386	0.0	0	644.9965407398995	1778.7446668434714	1	0	1	1.026098337641589
174200.0	1000.0	1578.7446668434347	0.0	0	542.966285821778	1778.7446668434422	1	0	1	1.026098337641592
175200.0	1000.0	1578.7446668434393	0.0	0	674.0787100116431	1778.7446668434714	1	0	1	1.026098337641589
176200.0	1000.0	1578.744666843427	0.0	0	373.6644922705891	1778.7446668434714	1	0	1	1.026098337641589
177200.0	1000.0	1578.7446668434193	0.0	0	413.54994655260816	1778.7446668434714	1	0	1	1.026098337641589
178200.0	1000.0	1578.7446668433981	0.0	0	427.95588417042745	1778.7446668434714	1	0	1	1.026098337641589
179200.0	1000.0	1478.7446668433602	0.0	0	224.00445270026103	1678.7446668434131	1	0	2	0.63259159911109
180200.0	1000.0	1478.7446668433868	0.0	0	498.7450752565637	1678.7446668434422	1	0	1	0.8360983376415918
181200.0	1000.0	1478.7446668433633	0.0	0	450.25484161864733	1678.7446668434422	1	0	1	1.036098337641592
182200.0	1000.0	1478.7446668433795	0.0	0	317.6682320491818	1678.7446668434422	1	0	1	1.036098337641592
183200.0	1000.0	1478.7446668434186	0.0	0	177.36490879955818	1678.7446668434714	1	0	1	1.036098337641589
184200.0	1000.0	1478.7446668434086	0.0	0	287.63595469939173	1678.7446668434422	1	0	1	1.036098337641592
185200.0	1000.0	1478.7446668434043	0.0	0	455.8789497280959	1678.7446668434422	1	0	1	1.036098337641592
186200.0	1000.0	1478.7446668434172	0.0	0	382.0291755993094	1678.7446668434422	1	0	1	1.036098337641592
187200.0	1000.0	1478.7446668434104	0.0	0	488.07643023564015	1678.7446668434422	1	0	1	1.036098337641592
188200.0	1000.0	1478.744666843378	0.0	0	555.1555528059253	1678.7446668434422	1	0	1	1.036098337641592
189200.0	1000.0	1478.7446668434134	0.0	0	531.7991615917708	1678.7446668434422	1	0	1	1.036098337641592
190200.0	1000.0	1478.7446668433847	0.0	0	328.56964296125807	1678.7446668434422	1	0	1	1.036098337641592
191200.0	1000.0	1478.7446668433709	0.0	0	435.3332561828138	1678.7446668434131	1	0	1	1.0360983376415949
192200.0	1000.0	1478.7446668433952	0.0	0	612.8503791087132	1678.7446668434131	1	0	1	1.0360983376415949
193200.0	2000.0	1478.7446668433788	0.0	0	406.2252084829088	1678.744666843384	1	0	1	1.0360983376415978
194200.0	2000.0	1478.744666843394	0.0	0	230.029355058301	1678.744666843384	1	0	1	1.729245518201543
195542.61489162492	2000.0	1136.1297752184744	0.0	0	0.0	1678.7446668434131	1	0	1	1.7292455182015405
196224.24164153327	2000.0	1454.5030253101147	0.0	0	0.0	1678.7446668434131	1	0	1	1.72924551820154
197200.0	2000.0	1478.7446668434077	0.0	0	319.62980912197963	1678.7446668434131	1	0	1	1.72924551820154
198255.8580350996	2000.0	1422.8866317438083	0.0	0	0.0	1678.7446668434131	1	0	1	1.72924551820154
199237.86046639524	2000.0	1440.8842004482017	0.0	0	0.0	1678.7446668434131	1	0	1	1.72924551820154
200200.0	2000.0	1478.7446668434422	0.0	0	116.77352022565901	1678.7446668434131	1	0	1	1.72924551820154
201200.0	2000.0	1478.7446668434577	0.0	0	10.03763347302447	1678.7446668434131	1	0	1	1.72924551820154
202200.0	2000.0	1478.7446668434802	0.0	0	105.63124263013015	1678.7446668434131	1	0	1	1.72924551820154
203543.86322551378	2000.0	1134.8814413296723	0.0	0	0.0	1678.7446668434131	1	0	1	1.72924551820154
205026.98075629884	2000.0	651.7639105446135	0.0	0	0.0	1678.7446668434422	1	0	1	1.729245518201537
205959.0140160936	2000.0	719.7306507498237	0.0	0	0.0	1678.7446668434422	1	0	1	1.729245518201537
207326.93348203157	2000.0	422.3481609292777	70.53697611743871	0	0.0	1749.2816429608793	1	0	1	1.298969963885161
207722.20625780933	1000.0	1027.0753851515278	0.0	0	0.0	1749.2816429609084	1	0	1	0.33589745946990013
208200.0	1000.0	1549.2816429608413	0.0	0	108.95027372954064	1749.2816429608793	1	0	1	1.0290446400298483
209200.0	1000.0	1549.2816429608515	0.0	0	333.81179082320887	1749.2816429608793	1	0	1	1.0290446400298483
210200.0	1000.0	1549.2816429608583	0.0	0	254.0766467982612	1749.2816429608793	1	0	1	1.0290446400298483
211200.0	1000.0	1549.2816429608315	0.0	0	484.79324129299494	1749.2816429608793	1	0	1	1.0290446400298483
212200.0	1000.0	1549.2816429608536	0.0	0	491.4387662484078	1749.2816429609084	1	0	1	1.0290446400298454
213200.0	1000.0	1549.2816429608192	0.0	0	251.56593020501896	1749.2816429609084	1	0	1	1.0290446400298454
214200.0	1000.0	1549.2816429608147	0.0	0	476.75824085855857	1749.2816429609084	1	0	1	1.0290446400298454
215200.0	1000.0	1549.2816429608306	0.0	0	459.87063457112527	1749.2816429609084	1	0	1	1.0290446400298454
216200.0	1000.0	1549.2816429608408	0.0	0	669.6063613736478	1749.2816429608793	1	0	1	1.0290446400298483
217200.0	1000.0	1549.2816429608179	0.0	0	495.80803834288963	1749.2816429608793	1	0	1	1.0290446400298483
218200.0	1000.0	1549.2816429608113	0.0	0	377.55232501530554	1749.2816429608793	1	0	1	1.0290446400298483
219411.4310305795	2000.0	1337.8506123813008	0.0	0	0.0	1749.2816429608793	1	0	1	1.0290446400298483
220651.24110660865	2000.0	1098.04053635211	0.0	0	0.0	1749.2816429609084	1	0	1	1.7221918205897904
221799.9507642703	2000.0	949.3308786904427	0.0	0	0.0	1749.2816429608793	1	0	1	1.7221918205897935
222463.05254935767	1000.0	1286.2290936030754	0.0	0	0.0	1749.2816429608793	1	0	1	0.3358974594699031
223200.0	1000.0	1549.2816429607474	0.0	0	93.32719519699458	1749.2816429608793	1	0	1	1.0290446400298483
224200.0	1000.0	1549.2816429607567	0.0	0	416.1087752142921	1749.2816429609084	1	0	1	1.0290446400298454
225200.0	1000.0	1549.2816429607374	0.0	0	640.600698157039	1749.2816429609084	1	0	1	1.0290446400298454
226200.0	1000.0	1549.2816429607471	0.0	0	537.8356346486253	1749.2816429609084	1	0	1	1.0290446400298454
227200.0	1000.0	1549.2816429607537	0.0	0	394.9362928555638	1749.2816429609084	1	0	1	1.0290446400298454
228200.0	1000.0	1549.2816429607476	0.0	0	521.6469660559087	1749.2816429609084	1	0	1	1.0290446400298454
229200.0	1000.0	1549.2816429607344	0.0	0	510.2961488690635	1749.2816429609084	1	0	1	1.0290446400298454
230200.0	1000.0	1549.2816429607371	0.0	0	403.2663605984708	1749.2816429609084	1	0	1	1.0290446400298454
231200.0	1000.0	1549.281642960701	0.0	0	337.97311982430983	1749.2816429609084	1	0	1	1.0290446400298454
232200.0	1000.0	1549.281642960718	0.0	0	352.04663554386934	1749.2816429609084	1	0	1	1.0290446400298454
233200.0	1000.0	1549.2816429607378	0.0	0	431.0630756332539	1749.2816429609084	1	0	1	1.0290446400298454
234200.0	1000.0	1549.2816429607362	0.0	0	311.7339022369706	1749.2816429609084	1	0	1	1.0290446400298454
235200.0	1000.0	1549.2816429607224	0.0	0	550.3094681474904	1749.2816429609084	1	0	1	1.0290446400298454
236200.0	1000.0	1549.2816429607165	0.0	0	467.0628973302664	1749.2816429609084	1	0	1	1.0290446400298454
237200.0	1000.0	1549.2816429607335	0.0	0	364.99586809048196	1749.2816429609084	1	0	1	1.0290446400298454
238200.0	1000.0	1449.2816429607394	0.0	0	315.88067565418896	1649.2816429609084	1	0	2	0.6353562603630386
239200.0	1000.0	1449.2816429607435	0.0	0	552.4360992975708	1649.2816429608793	1	0	1	0.839044640029848
240200.0	1000.0	1449.2816429607738	0.0	0	623.351372064295	1649.2816429609084	1	0	1	1.0390446400298452
241200.0	1000.0	1349.2816429607828	0.0	0	689.2780512605386	1549.2816429608501	1	0	2	0.6450446400298497
242200.0	1000.0	1349.2816429608145	0.0	0	593.8868924170092	1549.2816429608501	1	0	1	0.849044640029851
243200.0	1000.0	1349.2816429608395	0.0	0	686.5286124476115	1549.2816429608501	1	0	1	1.0490446400298512
244200.0	1000.0	1349.2816429608408	0.0	0	408.0691957840463	1549.2816429608501	1	0	1	1.0490446400298512
245200.0	1000.0	1349.2816429608777	0.0	0	546.0999748800532	1549.2816429608501	1	0	1	1.0490446400298512
246351.90558002848	2000.0	1197.3760629324106	0.0	0	0.0	1549.2816429608501	1	0	1	1.0490446400298512
247328.10501776307	2000.0	1221.1766251978254	0.0	0	0.0	1549.2816429608501	1	0	1	1.7421918205897962
248614.12624339518	2000.0	935.1553995656975	0.0	0	0.0	1549.2816429608501	1	0	1	1.7421918205897962
249826.8832172964	2000.0	722.3984256644891	0.0	0	0.0	1549.2816429608501	1	0	1	1.7421918205897962
250612.32590207018	2000.0	936.9557408907025	0.0	0	0.0	1549.2816429608501	1	0	1	1.7421918205897962
251776.65030791555	2000.0	772.6313350453538	0.0	0	0.0	1549.2816429608501	1	0	1	1.7421918205897962
252769.00753507117	2000.0	780.2741078897275	0.0	0	0.0	1549.2816429608793	1	0	1	1.7421918205897935
254350.57822568517	2000.0	212.89636167790096	14.192944402144832	0	0.0	1563.4745873630454	1	0	1	1.6556995538527732
255061.41551371707	1000.0	672.6494491876515	170.59037554164803	0	0.0	1734.0649629046675	1	0	1	-0.6861231257743652
255452.06054797696	1000.0	1282.0044149277771	0.0	0	0.0	1734.0649629046675	1	0	1	1.0305663080354694
256200.0	1000.0	1534.0649629047202	0.0	0	205.39231411312358	1734.0649629046675	1	0	1	1.0305663080354694
257200.0	1000.0	1534.0649629046925	0.0	0	578.7643301716889	1734.0649629046384	1	0	1	1.0305663080354723
258200.0	1000.0	1534.0649629047111	0.0	0	660.8874830673158	1734.0649629046384	1	0	1	1.0305663080354723
259200.0	1000.0	1534.0649629047336	0.0	0	466.82523913073237	1734.0649629046384	1	0	1	1.0305663080354723
260200.0	1000.0	1534.0649629047168	0.0	0	433.0153450395155	1734.0649629046384	1	0	1	1.0305663080354723
261200.0	1000.0	1534.0649629046868	0.0	0	390.03379104222404	1734.0649629046384	1	0	1	1.0305663080354723
262200.0	1000.0	1534.0649629046711	0.0	0	298.20351421649684	1734.0649629046384	1	0	1	1.0305663080354723
263200.0	1000.0	1534.0649629047052	0.0	0	659.1831573369564	1734.0649629046384	1	0	1	1.0305663080354723
264200.0	1000.0	1534.0649629047089	0.0	0	668.6519043125445	1734.0649629046675	1	0	1	1.030566308035473
265200.0	1000.0	1534.0649629047339	0.0	0	665.5946495119715	1734.0649629046675	1	0	1	1.0305663080354694
266200.0	1000.0	1534.0649629048005	0.0	0	564.9306882413803	1734.0649629046675	1	0	1	1.0305663080354694
267200.0	1000.0	1534.0649629048633	0.0	0	312.5481232291786	1734.0649629046675	1	0	1	1.0305663080354694
268200.0	1000.0	1534.064962904858	0.0	0	590.894332878408	1734.0649629046093	1	0	1	1.0305663080354752
269200.0	2000.0	1534.0649629048216	0.0	0	135.02564867178444	1734.0649629046093	1	0	1	1.0305663080354752
270200.0	2000.0	1534.0649629047637	0.0	0	2.6001637003500946	1734.0649629046093	1	0	1	1.7237134885954202
271200.0	2000.0	1534.0649629047184	0.0	0	206.3996418339084	1734.0649629046093	1	0	1	1.7237134885954202
272200.0	2000.0	1534.0649629047293	0.0	0	71.85164415306645	1734.0649629046675	1	0	1	1.7237134885954184
273200.0	2000.0	1534.0649629047257	0.0	0	47.091494675551075	1734.0649629047257	1	0	1	1.7237134885954086
274355.49631621793	2000.0	1378.568646686866	0.0	0	0.0	1734.0649629047257	1	0	1	1.7237134885954086
275200.0	2000.0	1534.0649629047862	0.0	0	87.60223781247623	1734.0649629047257	1	0	1	1.7237134885954086
276200.0	2000.0	1534.0649629047418	0.0	0	327.74361370748375	1734.0649629046675	1	0	1	1.7237134885954148
277344.86687350215	2000.0	1389.1980894025332	0.0	0	0.0	1734.0649629046093	1	0	1	1.7237134885954188
278523.5589084653	2000.0	1210.5060544393982	0.0	0	0.0	1734.0649629046093	1	0	1	1.7237134885954202
279445.9847021953	2000.0	1288.0802607094506	0.0	0	0.0	1734.0649629046093	1	0	1	1.7237134885954202
280556.80723890784	2000.0	1177.257723996886	0.0	0	0.0	1734.0649629046093	1	0	1	1.7237134885954202
281821.0388753554	2000.0	913.0260875493711	0.0	0	0.0	1734.0649629046093	1	0	1	1.7237134885954202
282738.62411149853	2000.0	995.4408514062163	0.0	0	0.0	1734.064962904551	1	0	1	1.7237134885954262
284102.85759821505	2000.0	631.2073646896785	0.0	0	0.0	1734.064962904551	1	0	1	1.7237134885954262
284698.95051647694	1000.0	1035.1144464277422	0.0	0	0.0	1734.064962904551	1	0	1	0.33741912747553593
285200.0	1000.0	1534.0649629046652	0.0	0	117.65832118038088	1734.0649629046093	1	0	1	1.0305663080354752
286200.0	2000.0	1534.0649629046652	0.0	0	118.15841606620234	1734.0649629044929	1	0	1	1.0305663080354832
287386.57215640316	2000.0	1347.49280650151	0.0	0	0.0	1734.0649629044929	1	0	1	1.723713488595432
289006.44188913825	2000.0	727.6230737663861	0.0	0	0.0	1734.0649629044347	1	0	1	1.723713488595433
289526.3170821938	1000.0	1207.7478807108969	0.0	0	0.0	1734.0649629044347	1	0	1	0.3374191274755475
290200.0	1000.0	1534.064962904664	0.0	0	249.58633347717114	1734.0649629044929	1	0	1	1.030566308035487
291200.0	1000.0	1534.0649629046513	0.0	0	610.6829945280333	1734.0649629044347	1	0	1	1.0305663080354925
292200.0	1000.0	1534.0649629046393	0.0	0	581.6330202594982	1734.0649629044347	1	0	1	1.0305663080354925
293200.0	1000.0	1534.0649629046552	0.0	0	454.08743199525634	1734.0649629044347	1	0	1	1.0305663080354925
294200.0	1000.0	1534.0649629045893	0.0	0	220.0026846086257	1734.0649629044347	1	0	1	1.0305663080354925
295200.0	1000.0	1534.0649629045956	0.0	0	57.386035190254916	1734.0649629044347	1	0	1	1.0305663080354925
296200.0	1000.0	1534.064962904595	0.0	0	174.9806918159593	1734.0649629044347	1	0	1	1.0305663080354925
297200.0	1000.0	1534.064962904663	0.0	0	350.57335728011094	1734.0649629044347	1	0	1	1.0305663080354925
298200.0	1000.0	1534.0649629046693	0.0	0	447.0469696256914	1734.0649629044347	1	0	1	1.0305663080354925
299200.0	1000.0	1534.0649629046347	0.0	0	393.95026248542126	1734.0649629044347	1	0	1	1.0305663080354925
300200.0	1000.0	1534.0649629045909	0.0	0	364.12776092783315	1734.0649629044347	1	0	1	1.0305663080354925
3.13	3.02	1.34	2.05	2.11	1.22	1.47	1.51	1.05	1.05	1.89	2.34	0.83	2.48	1.76	1.81	1.83	1.85	1.9	2.34	2.46	2.76	2.19	1.34	1.54	1.58	1.58	2.51	1.76	1.36	2.0	1.68	2.26	2.63	2.79	2.84	1.56	1.75	2.53	3.1	3.15	2.36	1.69	2.93	2.2	2.72	1.66	2.34	2.63	1.6	1.83	1.61	2.63	1.48	2.84	1.84	1.19	1.81	2.39	1.6	2.76	2.5	2.49	2.61	2.15	2.29	1.53	1.34	2.11	1.31	2.14	2.35	2.44	1.44	2.17	1.89	2.0	1.87	1.19	1.75	1.2	1.89	2.94	1.73	2.06	2.13	2.17	2.75	2.79	3.2	2.22	2.61	2.34	1.63	2.62	1.76	2.17	2.58	1.84	1.53	1.54	1.6	2.31	3.27	2.51	2.69	1.64	2.07	1.66	3.05	3.41	3.12	2.26	1.99	2.41	2.26	1.98	2.39	2.71	2.19	2.49	2.12	2.97	2.29	2.51	1.9	1.99	0.88	2.68	1.91	1.55	1.99	2.28	2.31	2.06	1.37	2.04	3.65	2.19	1.52	1.07	1.42	1.48	1.73	1.62	2.21	1.99	1.51	1.97	2.5	3.13	3.02	1.34	2.05	2.11	1.22	1.47	1.51	1.05	1.05	1.89	2.34	0.83	2.48	1.76	1.81	1.83	1.85	1.9	2.34	2.46	2.76	2.19	1.34	1.54	1.58	1.58	2.51	1.76	1.36	2.0	1.68	2.26	2.63	2.79	2.84	1.56	1.75	2.53	3.1	3.15	2.36	1.69	2.93	2.2	2.72	1.66	2.34	2.63	1.6	1.83	1.61	2.63	1.48	2.84	1.84	1.19	1.81	2.39	1.6	2.76	2.5	2.49	2.61	2.15	2.29	1.53	1.34	2.11	1.31	2.14	2.35	2.44	1.44	2.17	1.89	2.0	1.87	1.19	1.75	1.2	1.89	2.94	1.73	2.06	2.13	2.17	2.75	2.79	3.2	2.22	2.61	2.34	1.63	2.62	1.76	2.17	2.58	1.84	1.53	1.54	1.6	2.31	3.27	2.51	2.69	1.64	2.07	1.66	3.05	3.41	3.12	2.26	1.99	2.41	2.26	1.98	2.39	2.71	2.19	2.49	2.12	2.97	2.29	2.51	1.9	1.99	0.88	2.68	1.91	1.55	1.99	2.28	2.31	2.06	1.37	2.04	3.65	2.19	1.52	1.07	1.42	1.48	1.73	1.62	2.21	1.99	1.51	1.97	2.5
1.0	2.0	3.0	4.0	5.0	6.0	7.0	8.0	9.0	10.0	11.0	12.0	13.0	14.0	15.0	16.0	17.0	18.0	19.0	20.0	21.0	22.0	23.0	24.0	25.0	26.0	27.0	28.0	29.0	30.0	31.0	32.0	33.0	34.0	35.0	36.0	37.0	38.0	39.0	40.0	41.0	42.0	43.0	44.0	45.0	46.0	47.0	48.0	49.0	50.0	51.0	52.0	53.0	54.0	55.0	56.0	57.0	58.0	59.0	60.0	61.0	62.0	63.0	64.0	65.0	66.0	67.0	68.0	69.0	70.0	71.0	72.0	73.0	74.0	75.0	76.0	77.0	78.0	79.0	80.0	81.0	82.0	83.0	84.0	85.0	86.0	87.0	88.0	89.0	90.0	91.0	92.0	93.0	94.0	95.0	96.0	97.0	98.0	99.0	100.0	101.0	102.0	103.0	104.0	105.0	106.0	107.0	108.0	109.0	110.0	111.0	112.0	113.0	114.0	115.0	116.0	117.0	118.0	119.0	120.0	121.0	122.0	123.0	124.0	125.0	126.0	127.0	128.0	129.0	130.0	131.0	132.0	133.0	134.0	135.0	136.0	137.0	138.0	139.0	140.0	141.0	142.0	143.0	144.0	145.0	146.0	147.0	148.0	149.0	149.0	150.0	151.0	152.0	153.0	154.0	155.0	156.0	157.0	158.0	159.0	160.0	161.0	162.0	163.0	164.0	165.0	166.0	167.0	168.0	169.0	170.0	171.0	172.0	173.0	174.0	175.0	176.0	177.0	178.0	179.0	180.0	181.0	182.0	183.0	184.0	185.0	186.0	187.0	188.0	189.0	190.0	191.0	192.0	193.0	194.0	195.0	196.0	197.0	198.0	199.0	200.0	201.0	202.0	203.0	204.0	205.0	206.0	207.0	208.0	209.0	210.0	211.0	212.0	213.0	214.0	215.0	216.0	217.0	218.0	219.0	220.0	221.0	222.0	223.0	224.0	225.0	226.0	227.0	228.0	229.0	230.0	231.0	232.0	233.0	234.0	235.0	236.0	237.0	238.0	239.0	240.0	241.0	242.0	243.0	244.0	245.0	246.0	247.0	248.0	249.0	250.0	251.0	252.0	253.0	254.0	255.0	256.0	257.0	258.0	259.0	260.0	261.0	262.0	263.0	264.0	265.0	266.0	267.0	268.0	269.0	270.0	271.0	272.0	273.0	274.0	275.0	276.0	277.0	278.0	279.0	280.0	281.0	282.0	283.0	284.0	285.0	286.0	287.0	288.0	289.0	290.0	291.0	292.0	293.0	294.0	295.0	296.0	297.0	298.0	298.0
3903.8063290036857
