4846.411650699532	300.0	2000.0	116.36595562930185	0	0.0	4846.411650699532	1	0	1	-1.1808547960199527
4936.557246716083	300.0	2900.839844381794	0.0	0	0.0	4837.397091097877	1	0	2	-0.8838947350598685
5087.7347776407005	500.0	3734.5445603647136	0.0	0	0.0	4822.2793380054145	1	0	2	-0.6825051440581408
5245.640942512849	500.0	4560.84777900535	0.0	0	0.0	4806.488721518199	1	0	2	-0.17017183988149132
6200.0	1000.0	4511.052815769485	0.0	0	670.9829721145907	4711.052815769484	1	0	2	-0.1642709526677504
7200.0	1000.0	4411.052815769484	0.0	0	673.7115206451526	4611.052815769484	1	0	2	0.5388675227489875
8200.0	1000.0	4311.0528157694835	0.0	0	647.4058258555315	4511.052815769485	1	0	2	0.5488675227489874
9200.0	2000.0	4211.0528157694835	0.0	0	173.65508254564338	4411.052815769485	1	0	2	0.5590851353423403
10200.0	3000.0	4111.052815769481	0.0	0	141.22207099767365	4311.0528157694835	1	0	2	1.2632421302671895
11200.0	3000.0	4011.052815769481	0.0	0	273.9048246244729	4211.052815769484	1	0	2	1.678160263220259
12200.0	3000.0	3911.052815769483	0.0	0	355.54634688922306	4111.052815769485	1	0	2	1.6876770775889205
13200.0	3000.0	3811.0528157694844	0.0	0	221.18216476408998	4011.052815769486	1	0	2	1.6977619486925195
14455.836729169245	3000.0	3429.6324136833177	0.0	0	0.0	3885.469142852564	1	0	2	1.7104684514553719
15627.816208364951	3000.0	3257.652934487611	0.0	0	0.0	3885.469142852564	1	0	1	1.7140381787087895
16294.478783057843	3000.0	3524.3241023254304	0.0	0	0.0	3818.802885383273	1	0	2	1.519110373904573
17452.724176358533	3000.0	3366.078709024738	0.0	0	0.0	3818.802885383271	1	0	1	1.7207048044557185
18200.0	3000.0	3544.0753030191267	0.0	0	22.362307224972028	3744.0753030191263	1	0	2	1.5261288435670122
19200.0	3000.0	3444.0753030191236	0.0	0	262.3135589492158	3644.075303019121	1	0	2	1.734504509985307
20203.39505011415	3000.0	3340.340747893556	0.0	0	0.0	3543.735798007703	1	0	2	1.7460010601739058
21200.0	3000.0	3244.0753030191213	0.0	0	45.9957154066833	3444.0753030191154	1	0	2	1.7549479495471334
22200.0	3000.0	3144.075303019119	0.0	0	285.9112609644908	3344.0753030191117	1	0	2	1.7647697179020407
23200.0	3000.0	3144.075303019123	0.0	0	12.904396796016954	3344.0753030191117	1	0	1	1.7681775626921348
24200.0	3000.0	3144.075303019121	0.0	0	99.92859816627242	3344.0753030191117	1	0	1	1.968177562692135
25200.0	3000.0	3044.075303019121	0.0	0	149.37063483657403	3244.0753030191154	1	0	2	1.5750515676692691
26200.0	3000.0	2944.075303019119	0.0	0	415.5724239016272	3144.0753030191154	1	0	2	1.7843012209329463
27200.0	3000.0	2844.0753030191167	0.0	0	149.14139607986	3044.0753030191117	1	0	2	1.7944640274306305
28200.0	3000.0	2744.0753030191177	0.0	0	37.82012128077622	2944.0753030191154	1	0	2	1.8060323136031968
29200.0	3000.0	2644.075303019119	0.0	0	398.8822305342619	2844.0753030191227	1	0	2	1.8144256496513202
30200.0	3000.0	2544.0753030191227	0.0	0	261.8035719213185	2744.0753030191263	1	0	2	1.8246108944940405
31200.0	3000.0	2544.0753030191204	0.0	0	20.165763360051642	2744.0753030191263	1	0	1	1.828177562692133
32274.666055635596	3000.0	2361.942641819964	0.0	0	0.0	2636.6086974555656	1	0	2	1.6361720013965784
34161.01322527625	3000.0	1475.5954721793094	0.0	0	0.0	2636.6086974555656	1	0	1	1.8389242232484893
34953.63933481906	3000.0	1682.9693626364954	0.0	0	0.0	2636.6086974555656	1	0	1	2.0389242232484897
35933.94926906506	3000.0	1702.659428390493	0.0	0	0.0	2636.6086974555656	1	0	1	2.0389242232484897
37014.54243706751	3000.0	1514.0069435878029	0.0	0	0.0	2528.5493806553277	1	0	2	1.6477331613536188
37516.82780488726	3000.0	2011.7215757680483	0.0	0	0.0	2528.5493806553204	1	0	1	1.849730154928514
38200.0	3000.0	2260.2321611440348	0.0	0	235.13702131342143	2460.2321611440493	1	0	2	1.6537910687090616
39200.0	3000.0	2160.2321611440284	0.0	0	379.82396041287575	2360.2321611440348	1	0	2	1.862670471661077
40408.967090294274	3000.0	1951.265070849752	0.0	0	0.0	2360.2321611440348	1	0	1	1.8665618768796424
41303.47058499477	3000.0	2056.761576149246	0.0	0	0.0	2360.2321611440275	1	0	1	2.0665618768796437
42200.0	3000.0	2160.232161144021	0.0	0	33.74198455213627	2360.2321611440275	1	0	1	2.0665618768796437
43240.50622247701	3000.0	2119.725938667013	0.0	0	0.0	2360.2321611440275	1	0	1	2.0665618768796437
44710.65336571922	3000.0	1649.5787954247953	0.0	0	0.0	2360.23216114402	1	0	1	2.066561876879644
45562.1533750499	2000.0	1798.0787860941127	0.0	0	0.0	2360.23216114402	1	0	1	1.2556316606633147
46501.86093269112	2000.0	1858.3712284528995	0.0	0	0.0	2360.2321611440275	1	0	1	1.6610967687714786
47377.033887346915	3000.0	1983.198273797096	0.0	0	0.0	2360.23216114402	1	0	1	1.6610967687714795
48435.16600730895	3000.0	1925.0661538350626	0.0	0	0.0	2360.2321611440275	1	0	1	2.0665618768796437
49475.16802935997	3000.0	1781.0639295789458	0.0	0	0.0	2256.231958938937	1	0	2	1.6743804549991295
50331.689131573294	3000.0	1838.890717144296	0.0	0	0.0	2170.5798487176144	1	0	2	1.8835033296250256
51200.0	3000.0	1970.5798487175903	0.0	0	94.41654526468483	2170.5798487176144	1	0	1	1.8855271081222844
52638.23543319904	3000.0	1532.344415518545	0.0	0	0.0	2170.579848717607	1	0	1	2.0855271081222853
54111.43248837455	3000.0	1059.147360343033	0.0	0	0.0	2170.5798487176	1	0	1	2.085527108122286
54731.021395773794	2000.0	1439.5584529437895	0.0	0	0.0	2170.5798487176	1	0	1	1.274596891905957
55372.28211998081	2000.0	1798.2977287367762	0.0	0	0.0	2170.5798487175925	1	0	1	1.680062000014122
56200.0	3000.0	1970.5798487175862	0.0	0	98.51695692905923	2170.5798487175925	1	0	1	1.6800620000141222
57200.0	3000.0	1970.5798487175853	0.0	0	9.12917826197372	2170.5798487175925	1	0	1	2.0855271081222866
58431.99410562933	3000.0	1738.5857430882536	0.0	0	0.0	2170.5798487175925	1	0	1	2.0855271081222866
59598.65096377825	3000.0	1571.928884939335	0.0	0	0.0	2170.5798487175925	1	0	1	2.0855271081222866
60514.317295425775	3000.0	1656.2625532918023	0.0	0	0.0	2170.5798487175925	1	0	1	2.0855271081222866
61342.75663308345	3000.0	1827.823215634127	0.0	0	0.0	2170.5798487176	1	0	1	2.085527108122286
62200.0	3000.0	1970.5798487175834	0.0	0	137.23414021536883	2170.5798487176	1	0	1	2.085527108122286
63329.73198163185	3000.0	1840.8478670857294	0.0	0	0.0	2170.579848717607	1	0	1	2.0855271081222853
64269.39636263563	3000.0	1901.183486081954	0.0	0	0.0	2170.579848717607	1	0	1	2.0855271081222853
65565.79674734158	3000.0	1604.7831013759992	0.0	0	0.0	2170.579848717607	1	0	1	2.0855271081222853
66587.53912106199	3000.0	1583.0407276555877	0.0	0	0.0	2170.579848717607	1	0	1	2.085527108122286
67623.96042155477	3000.0	1546.619427162808	0.0	0	0.0	2170.579848717607	1	0	1	2.085527108122285
68617.96897553114	3000.0	1552.6108731864429	0.0	0	0.0	2170.5798487175925	1	0	1	2.0855271081222866
70111.90582697265	3000.0	1058.6740217449387	0.0	0	0.0	2170.5798487175925	1	0	1	2.0855271081222866
71785.92097450496	3000.0	384.6588742126257	0.0	0	0.0	2170.579848717607	1	0	1	2.0855271081222853
72675.37163741869	2000.0	558.4991189433587	63.29090764445476	0	0.0	2233.87075636207	1	0	1	0.8885223552747813
73279.49553470433	2000.0	954.3752216577315	0.0	0	0.0	2233.8707563620846	1	0	1	1.6737329092496727
74355.43151251077	3000.0	878.439243851296	0.0	0	0.0	2233.870756362099	1	0	1	1.6737329092496716
75049.01006305136	2000.0	1184.8606933106926	0.0	0	0.0	2233.870756362099	1	0	1	1.2682678011415067
75710.0807860196	2000.0	1523.7899703424446	0.0	0	0.0	2233.870756362099	1	0	1	1.6737329092496713
76395.69368933178	2000.0	1838.177067030263	0.0	0	0.0	2233.870756362099	1	0	1	1.6737329092496713
77904.62964298019	3000.0	1329.2411133818644	0.0	0	0.0	2233.8707563621138	1	0	1	1.6737329092496702
78857.56044307112	3000.0	1376.3103132909334	0.0	0	0.0	2233.8707563621283	1	0	1	2.0791980173578333
79481.9434200095	2000.0	1751.9273363525524	0.0	0	0.0	2233.8707563621283	1	0	1	1.2682678011415036
80200.0	2000.0	2033.870756362042	0.0	0	42.99389972277277	2233.870756362143	1	0	1	1.673732909249667
81200.0	3000.0	2033.87075636204	0.0	0	388.6992798315332	2233.870756362143	1	0	1	1.6737329092496671
82200.0	3000.0	2033.8707563620337	0.0	0	433.98704545349756	2233.870756362143	1	0	1	2.0791980173578315
83200.0	3000.0	2033.8707563620474	0.0	0	398.45800253073685	2233.870756362143	1	0	1	2.0791980173578315
84284.68475472649	3000.0	1840.7175261629013	0.0	0	0.0	2125.4022808894806	1	0	2	1.686353903806793
85651.77422596219	3000.0	1336.9191078036283	0.0	0	0.0	1988.6933337658993	1	0	2	1.9001694963802034
86665.58503097326	3000.0	1323.1083027925629	0.0	0	0.0	1988.6933337658993	1	0	1	1.9037157596174559
87657.39298441878	3000.0	1331.3003493470433	0.0	0	0.0	1988.6933337658847	1	0	1	2.1037157596174576
88379.43945081285	3000.0	1609.253882952978	0.0	0	0.0	1988.6933337658847	1	0	1	2.1037157596174576
89290.12608078288	3000.0	1698.5672529829474	0.0	0	0.0	1988.6933337658993	1	0	1	2.1037157596174563
90781.62491630626	3000.0	1207.068417459584	0.0	0	0.0	1988.6933337658993	1	0	1	2.1037157596174563
91809.05835921223	3000.0	1179.6349745536143	0.0	0	0.0	1988.6933337658993	1	0	1	2.1037157596174563
93660.76802122913	3000.0	327.92531253672007	0.0	0	0.0	1988.6933337658993	1	0	1	2.1037157596174563
94384.7709679671	2000.0	648.4643163673769	44.54195056861977	0	0.0	2033.2352843345143	1	0	1	1.0210796449325468
94994.15860196999	2000.0	1039.076682364493	0.0	0	0.0	2033.2352843345143	1	0	1	1.69379645645243
95473.83275552075	2000.0	1559.4025288137175	0.0	0	0.0	2033.2352843345143	1	0	1	1.69379645645243
96200.0	2000.0	1833.235284334462	0.0	0	243.47180002475216	2033.2352843345143	1	0	1	1.69379645645243
97200.0	3000.0	1833.2352843344524	0.0	0	143.6815882214578	2033.2352843345143	1	0	1	1.6937964564524302
98200.0	2000.0	1833.2352843344593	0.0	0	605.5337567095703	2033.2352843345143	1	0	1	1.2883313483442653
99200.0	3000.0	1833.2352843344534	0.0	0	91.45290253913845	2033.2352843345288	1	0	1	1.6937964564524286
100479.66075774658	3000.0	1553.5745265878857	0.0	0	0.0	2033.2352843345434	1	0	1	2.0992615645605914
101495.66079659127	3000.0	1435.974483858739	0.0	0	0.0	1931.635280450093	1	0	2	1.7067006827545457
102706.40180516268	3000.0	1225.233475287328	0.0	0	0.0	1931.6352804500784	1	0	1	1.9094215649490383
103651.787932557	3000.0	1279.8473478929993	0.0	0	0.0	1931.6352804500784	1	0	1	2.1094215649490384
104288.26774985045	3000.0	1643.367530599537	0.0	0	0.0	1931.6352804500639	1	0	1	2.1094215649490398
105270.77506096117	3000.0	1660.8602194888085	0.0	0	0.0	1931.6352804500639	1	0	1	2.1094215649490398
106200.0	3000.0	1731.6352804499718	0.0	0	77.00184332812205	1931.6352804500639	1	0	1	2.1094215649490398
107252.5772656099	3000.0	1679.0580148400918	0.0	0	0.0	1931.6352804500493	1	0	1	2.109421564949041
108200.0	3000.0	1731.6352804499818	0.0	0	183.3146351834439	1931.6352804500348	1	0	1	2.109421564949043
109259.04257650307	3000.0	1672.5927039469348	0.0	0	0.0	1931.6352804500348	1	0	1	2.109421564949043
110200.0	3000.0	1731.6352804500032	0.0	0	239.1570616302488	1931.6352804500348	1	0	1	2.109421564949043
111200.0	3000.0	1731.635280449995	0.0	0	194.51501960892347	1931.6352804500348	1	0	1	2.109421564949043
112200.0	3000.0	1731.6352804499847	0.0	0	329.1930998635944	1931.6352804500348	1	0	1	2.109421564949043
113286.93158552724	3000.0	1644.7036949227363	0.0	0	0.0	1931.6352804500348	1	0	1	2.109421564949043
114647.1450843173	3000.0	1284.4901961326761	0.0	0	0.0	1931.6352804500202	1	0	1	2.109421564949044
115832.56749857876	3000.0	1099.0677818712131	0.0	0	0.0	1931.6352804500202	1	0	1	2.109421564949044
116515.02890536693	3000.0	1416.6063750830515	0.0	0	0.0	1931.6352804500202	1	0	1	2.109421564949044
117711.6579669478	3000.0	1219.977313502187	0.0	0	0.0	1931.6352804500202	1	0	1	2.109421564949044
118648.28580096818	3000.0	1283.3494794817996	0.0	0	0.0	1931.6352804500202	1	0	1	2.109421564949044
119590.62244518829	3000.0	1341.0128352616935	0.0	0	0.0	1931.6352804500202	1	0	1	2.109421564949044
120793.7037562015	3000.0	1137.9315242484843	0.0	0	0.0	1931.6352804500348	1	0	1	2.109421564949043
121649.45413099839	3000.0	1282.1811494515944	0.0	0	0.0	1931.6352804500202	1	0	1	2.109421564949044
122376.11039654179	3000.0	1555.524883908194	0.0	0	0.0	1931.6352804500202	1	0	1	2.109421564949044
123350.03009310339	3000.0	1581.605187346599	0.0	0	0.0	1931.6352804500348	1	0	1	2.109421564949043
124526.2548006463	3000.0	1405.380479803683	0.0	0	0.0	1931.6352804500202	1	0	1	2.109421564949044
125960.44326178043	3000.0	971.1920186695484	0.0	0	0.0	1931.6352804500202	1	0	1	2.109421564949044
126816.10157486379	3000.0	1115.5337055861812	0.0	0	0.0	1931.6352804500057	1	0	1	2.1094215649490455
127511.99089882424	3000.0	1419.644381625731	0.0	0	0.0	1931.6352804500057	1	0	1	2.1094215649490455
128842.1579443126	3000.0	1089.4773361373727	0.0	0	0.0	1931.6352804500057	1	0	1	2.1094215649490455
129995.02134578321	3000.0	936.6139346667643	0.0	0	0.0	1931.6352804500057	1	0	1	2.1094215649490455
130539.64735008695	2000.0	1391.9879303630255	0.0	0	0.0	1931.6352804500057	1	0	1	1.298491348732716
132041.9535847866	2000.0	889.6816956633699	0.0	0	0.0	1931.6352804499911	1	0	1	1.7039564568408823
133117.64158169308	2000.0	813.9936987568886	0.0	0	0.0	1931.6352804500202	1	0	1	1.7039564568408803
134156.1019752302	2000.0	775.5333052197492	0.0	0	0.0	1931.6352804500202	1	0	1	1.7039564568408794
134903.92911698564	2000.0	1027.7061634642732	0.0	0	0.0	1931.6352804499911	1	0	1	1.7039564568408818
135461.29048126264	2000.0	1470.344799187299	0.0	0	0.0	1931.6352804500202	1	0	1	1.7039564568408794
136200.0	2000.0	1731.6352804499645	0.0	0	310.21614139631856	1931.6352804500493	1	0	1	1.7039564568408763
137200.0	2000.0	1731.635280449982	0.0	0	445.5041382359341	1931.6352804500493	1	0	1	1.7039564568408763
138209.3086112543	3000.0	1722.3266691956967	0.0	0	0.0	1931.6352804500493	1	0	1	1.7039564568408765
139430.78025119944	3000.0	1500.855029250559	0.0	0	0.0	1931.6352804500493	1	0	1	2.109421564949041
140395.58398692482	3000.0	1536.0512935251572	0.0	0	0.0	1931.6352804500493	1	0	1	2.109421564949041
141200.0	3000.0	1731.6352804499847	0.0	0	143.1447663057188	1931.6352804500493	1	0	1	2.109421564949041
142200.0	3000.0	1731.635280450003	0.0	0	115.12344985257369	1931.6352804500493	1	0	1	2.109421564949041
143200.0	3000.0	1731.6352804499916	0.0	0	225.49734828306828	1931.6352804500493	1	0	1	2.109421564949041
144261.36641480649	3000.0	1670.2688656434943	0.0	0	0.0	1931.6352804500784	1	0	1	2.1094215649490384
145200.0	3000.0	1731.6352804499886	0.0	0	1.1354473892424721	1931.6352804500784	1	0	1	2.1094215649490384
146200.0	3000.0	1731.6352804499982	0.0	0	223.1438760345045	1931.6352804500784	1	0	1	2.1094215649490384
147200.0	3000.0	1731.635280450009	0.0	0	54.67897037192597	1931.6352804500493	1	0	1	2.109421564949041
148200.0	3000.0	1731.6352804500273	0.0	0	88.49207131483126	1931.6352804500493	1	0	1	2.109421564949041
149200.0	3000.0	1731.6352804500218	0.0	0	264.9811052913137	1931.6352804500784	1	0	1	2.1094215649490384
150200.0	3000.0	1731.6352804500395	0.0	0	154.3230811462563	1931.6352804500784	1	0	1	2.1094215649490384
151200.0	3000.0	1731.6352804500655	0.0	0	173.21384167231736	1931.6352804500784	1	0	1	2.1094215649490384
152200.0	3000.0	1731.6352804500768	0.0	0	94.33041261928156	1931.6352804500784	1	0	1	2.1094215649490384
153208.65719969844	3000.0	1722.9780807516254	0.0	0	0.0	1931.6352804500784	1	0	1	2.1094215649490384
154200.0	3000.0	1731.6352804500668	0.0	0	286.40098430230864	1931.6352804500784	1	0	1	2.1094215649490384
155200.0	3000.0	1731.6352804500523	0.0	0	380.2282361096586	1931.6352804501075	1	0	1	2.1094215649490353
156200.0	3000.0	1731.6352804500514	0.0	0	201.4772251129034	1931.6352804501075	1	0	1	2.1094215649490353
157355.21984787632	3000.0	1576.415432573717	0.0	0	0.0	1931.6352804500784	1	0	1	2.1094215649490384
158825.97938525968	3000.0	1105.6558951903576	0.0	0	0.0	1931.6352804501075	1	0	1	2.1094215649490353
159532.8252364437	3000.0	1398.8100440063606	0.0	0	0.0	1931.6352804500784	1	0	1	2.1094215649490384
160200.0	3000.0	1664.9178040944187	0.0	0	110.18991389530129	1864.917804094439	1	0	2	1.7139327409865865
161200.0	3000.0	1664.9178040944369	0.0	0	478.3925813541573	1864.917804094439	1	0	1	1.9160933125846018
162200.0	3000.0	1664.917804094433	0.0	0	285.531492745562	1864.917804094439	1	0	1	2.116093312584602
163233.72864390063	3000.0	1631.1891601938123	0.0	0	0.0	1864.917804094439	1	0	1	2.116093312584602
164253.0443959191	3000.0	1611.8734081753255	0.0	0	0.0	1864.917804094439	1	0	1	2.116093312584602
165200.0	3000.0	1664.9178040944391	0.0	0	205.9343388012494	1864.917804094439	1	0	1	2.116093312584602
166200.0	3000.0	1564.9178040944769	0.0	0	328.21267514143256	1764.917804094468	1	0	2	1.7223236678514782
167219.8408332788	3000.0	1545.076970815662	0.0	0	0.0	1764.917804094468	1	0	1	1.9260933125845991
168229.97870192255	3000.0	1534.9391021719273	0.0	0	0.0	1764.917804094468	1	0	1	2.126093312584599
169200.0	3000.0	1564.9178040944835	0.0	0	174.023764631449	1764.917804094439	1	0	1	2.126093312584602
170200.0	3000.0	1564.9178040945021	0.0	0	215.07718052144628	1764.917804094468	1	0	1	2.126093312584599
171200.0	3000.0	1564.9178040945194	0.0	0	105.6237005792209	1764.917804094468	1	0	1	2.126093312584599
172201.46792464075	3000.0	1563.4498794537838	0.0	0	0.0	1764.917804094439	1	0	1	2.1260933125846018
173313.6779978885	3000.0	1451.2398062060306	0.0	0	0.0	1764.917804094439	1	0	1	2.126093312584602
174200.0	3000.0	1564.91780409454	0.0	0	239.13988086313475	1764.917804094439	1	0	1	2.126093312584602
175200.0	3000.0	1564.9178040945353	0.0	0	183.08641758011072	1764.917804094468	1	0	1	2.1260933125846
176201.77325861738	3000.0	1563.1445454771422	0.0	0	0.0	1764.917804094439	1	0	1	2.126093312584602
177200.0	3000.0	1564.9178040945326	0.0	0	168.05872844491387	1764.917804094439	1	0	1	2.126093312584602
178200.0	3000.0	1564.9178040945335	0.0	0	209.9336844542413	1764.917804094439	1	0	1	2.126093312584602
179200.0	3000.0	1564.9178040945578	0.0	0	430.3314556241676	1764.917804094439	1	0	1	2.126093312584602
180200.0	3000.0	1564.917804094569	0.0	0	386.43389935742016	1764.917804094439	1	0	1	2.126093312584602
181367.24217397347	3000.0	1397.6756301210808	0.0	0	0.0	1764.917804094468	1	0	1	2.126093312584599
182864.5479013595	3000.0	900.3699027350449	0.0	0	0.0	1764.917804094439	1	0	1	2.1260933125846004
183649.76124024222	2000.0	1115.1565638523107	0.0	0	0.0	1764.917804094439	1	0	1	1.3151630963682728
184464.26199898665	3000.0	1300.6558051079028	0.0	0	0.0	1764.917804094439	1	0	1	1.7206282044764376
185657.270758378	3000.0	1107.6470457165726	0.0	0	0.0	1764.917804094439	1	0	1	2.126093312584602
186401.84608811035	3000.0	1363.0717159842327	0.0	0	0.0	1764.917804094439	1	0	1	2.126093312584602
187200.0	3000.0	1564.9178040945599	0.0	0	216.6033010824176	1764.917804094439	1	0	1	2.126093312584602
188200.0	3000.0	1564.9178040945587	0.0	0	143.76846048404695	1764.917804094468	1	0	1	2.1260933125846004
189200.0	3000.0	1564.9178040945665	0.0	0	231.94404585231678	1764.9178040944971	1	0	1	2.1260933125845964
190200.0	3000.0	1564.9178040945694	0.0	0	267.8314291847055	1764.9178040944971	1	0	1	2.1260933125845964
191200.0	3000.0	1464.9178040945808	0.0	0	83.0331018884317	1664.9178040945262	1	0	2	1.7331204434966343
192200.0	3000.0	1464.917804094599	0.0	0	207.50670230042306	1664.9178040945262	1	0	1	1.9360933125845934
194248.81469707147	3000.0	416.1031070231481	0.0	0	0.0	1664.9178040945553	1	0	1	2.136093312584592
195818.63436476048	3000.0	236.30687591934262	390.02343658519885	0	0.0	2054.9412406797346	1	0	1	-0.2429620157204313
196594.82135660938	2000.0	571.4976797329648	111.37779566249682	0	0.0	2166.3190363422327	1	0	1	0.6067561991685126
197281.18623556828	2000.0	885.1328007740418	0.0	0	0.0	2166.3190363422327	1	0	1	1.6804880812516583
197806.00830369644	2000.0	1360.3107326458687	0.0	0	0.0	2166.3190363421745	1	0	1	1.6804880812516623
198233.98807309495	2000.0	1932.330963247346	0.0	0	0.0	2166.3190363421745	1	0	1	1.6804880812516636
199200.0	2000.0	1966.3190363422646	0.0	0	446.98265476647066	2166.3190363421745	1	0	1	1.6804880812516636
200200.0	3000.0	1966.3190363422782	0.0	0	192.38407852241653	2166.3190363422036	1	0	1	1.6804880812516625
201200.0	3000.0	1966.3190363422516	0.0	0	107.74766980245477	2166.3190363421745	1	0	1	2.0859531893598278
202464.66098397138	3000.0	1701.6580523708515	0.0	0	0.0	2166.3190363421454	1	0	1	2.0859531893598318
203200.0	2000.0	1966.3190363422468	0.0	0	82.54885086484137	2166.3190363421745	1	0	1	1.275022973143499
204200.0	3000.0	1966.3190363422173	0.0	0	274.21738141731475	2166.3190363421745	1	0	1	1.680488081251664
205299.0046095004	3000.0	1867.3144268418218	0.0	0	0.0	2166.3190363421745	1	0	1	2.0859531893598287
206200.0	3000.0	1966.3190363422336	0.0	0	151.64032494390267	2166.3190363422036	1	0	1	2.0859531893598255
207200.0	3000.0	1966.31903634224	0.0	0	288.32665126232314	2166.3190363422036	1	0	1	2.0859531893598255
208200.0	2000.0	1966.3190363422523	0.0	0	293.89278243028093	2166.3190363422036	1	0	1	1.2750229731434963
209200.0	2000.0	1966.3190363422673	0.0	0	375.1017993570131	2166.3190363422036	1	0	1	1.680488081251661
210200.0	3000.0	1966.319036342274	0.0	0	157.51814996817848	2166.3190363422036	1	0	1	1.6804880812516612
211200.0	3000.0	1866.3190363422868	0.0	0	49.054339046997484	2066.3190363422327	1	0	2	1.6930099634010665
212200.0	3000.0	1866.3190363422925	0.0	0	324.4958727246849	2066.3190363422327	1	0	1	1.8959531893598225
213548.11964953825	3000.0	1383.3874218502287	0.0	0	0.0	1931.5070713883906	1	0	2	1.7058072431348443
214872.7058294022	3000.0	1058.8012419862757	0.0	0	0.0	1931.5070713884197	1	0	1	1.909434385855204
215630.4871294415	2000.0	1301.019941946966	0.0	0	0.0	1931.5070713884197	1	0	1	1.2985041696388748
216409.4745883285	3000.0	1522.0324830599536	0.0	0	0.0	1931.5070713884197	1	0	1	1.7039692777470397
217634.63819943057	3000.0	1296.8688719578724	0.0	0	0.0	1931.5070713883906	1	0	1	2.109434385855207
219090.89235245078	3000.0	694.9893036356312	0.0	0	0.0	1785.8816560863925	1	0	2	1.720807058685149
220021.67233850673	3000.0	764.2093175796876	0.0	0	0.0	1785.8816560863925	1	0	1	1.9239969273854065
220853.5404316113	2000.0	932.3412244751095	0.0	0	0.0	1785.8816560864216	1	0	1	1.3130667111690746
221596.6739842848	2000.0	1189.207671801591	0.0	0	0.0	1785.8816560864216	1	0	1	1.7185318192772392
222316.52009635646	2000.0	1469.3615597299295	0.0	0	0.0	1785.8816560864507	1	0	1	1.718531819277236
223200.0	2000.0	1585.881656086376	0.0	0	86.0371071829577	1785.8816560864507	1	0	1	1.718531819277236
224200.0	2000.0	1585.8816560863838	0.0	0	65.28533786325715	1785.8816560864507	1	0	1	1.718531819277236
225200.0	2000.0	1585.8816560863813	0.0	0	240.8279657662497	1785.8816560864507	1	0	1	1.718531819277236
226200.0	2000.0	1585.8816560863606	0.0	0	8.339169674756704	1785.8816560864216	1	0	1	1.7185318192772392
227200.0	2000.0	1585.88165608631	0.0	0	58.69909093208844	1785.8816560863925	1	0	1	1.718531819277242
228200.0	2000.0	1585.8816560863274	0.0	0	255.5819147369184	1785.8816560863925	1	0	1	1.718531819277242
229200.0	2000.0	1585.8816560862895	0.0	0	272.3582700607076	1785.8816560863925	1	0	1	1.718531819277242
230200.0	2000.0	1585.8816560862824	0.0	0	470.58562287001405	1785.8816560863925	1	0	1	1.718531819277242
231200.0	3000.0	1585.8816560862726	0.0	0	320.1437796971295	1785.8816560863343	1	0	1	1.718531819277247
232200.0	3000.0	1585.881656086289	0.0	0	327.0496591285919	1785.8816560863343	1	0	1	2.1239969273854125
233200.0	3000.0	1585.8816560863359	0.0	0	232.14754172519315	1785.8816560863343	1	0	1	2.1239969273854125
234256.14418001263	2000.0	1529.7374760736789	0.0	0	0.0	1785.8816560863052	1	0	1	1.3130667111690864
235495.71284743765	3000.0	1290.1688086486708	0.0	0	0.0	1785.8816560863052	1	0	1	1.718531819277251
236742.9766622046	3000.0	1042.9049938817593	0.0	0	0.0	1785.8816560863052	1	0	1	2.1239969273854156
237685.17284328968	3000.0	1100.7088127966854	0.0	0	0.0	1785.8816560863052	1	0	1	2.1239969273854156
239276.11051588928	3000.0	509.7711401971153	0.0	0	0.0	1785.881656086276	1	0	1	2.1239969273854182
240795.03988231593	3000.0	223.2254505163591	232.38367674591558	0	0.0	2018.2653328322049	1	0	1	0.7067402270189882
241341.8944163362	2000.0	736.4984426399261	60.127526143860024	0	0.0	2078.3928589760617	1	0	1	0.9230504340169505
242284.56763412445	2000.0	793.8252248516499	0.0	0	0.0	2078.3928589760617	1	0	1	1.6892806989882754
243140.90078363128	2000.0	937.4920753448089	0.0	0	0.0	2078.3928589760617	1	0	1	1.6892806989882754
243822.60284162685	2000.0	1255.790017349233	0.0	0	0.0	2078.3928589760617	1	0	1	1.6892806989882754
244509.0838985992	2000.0	1569.3089603769022	0.0	0	0.0	2078.392858976091	1	0	1	1.6892806989882723
245200.0	2000.0	1878.3928589761204	0.0	0	132.08260649518343	2078.392858976091	1	0	1	1.6892806989882723
246200.0	2000.0	1878.3928589760926	0.0	0	425.0005135940446	2078.3928589760617	1	0	1	1.689280698988274
247200.0	3000.0	1878.3928589760856	0.0	0	237.7829581614933	2078.3928589760617	1	0	1	1.6892806989882752
248506.94125165656	3000.0	1571.4516073195373	0.0	0	0.0	2078.392858976091	1	0	1	2.094745807096437
249326.58673799573	3000.0	1751.806120980365	0.0	0	0.0	2078.392858976091	1	0	1	2.094745807096437
250269.97151591227	3000.0	1808.4213430638356	0.0	0	0.0	2078.39285897612	1	0	1	2.094745807096434
251273.80755891989	3000.0	1804.585300056225	0.0	0	0.0	2078.39285897612	1	0	1	2.094745807096434
252200.0	3000.0	1878.3928589761183	0.0	0	42.345362776191905	2078.39285897612	1	0	1	2.094745807096434
253200.0	3000.0	1878.392858976108	0.0	0	173.07699447410414	2078.392858976091	1	0	1	2.0947458070964364
254200.0	3000.0	1878.3928589761344	0.0	0	401.2035875785223	2078.392858976091	1	0	1	2.094745807096437
255200.0	3000.0	1878.3928589761106	0.0	0	129.53558590481407	2078.392858976091	1	0	1	2.094745807096437
256200.0	2000.0	1878.39285897609	0.0	0	450.0795818399056	2078.3928589760617	1	0	1	1.2838155908801108
257200.0	3000.0	1878.392858976104	0.0	0	193.25110334545025	2078.3928589760617	1	0	1	1.6892806989882752
258242.08017791866	3000.0	1732.1046632655655	0.0	0	0.0	1974.1848411841784	1	0	2	1.7019894837511682
259245.7933756838	3000.0	1728.3914655003944	0.0	0	0.0	1974.1848411841493	1	0	1	1.9051666088756312
260200.0	3000.0	1774.1848411841784	0.0	0	399.62541080021765	1974.1848411841493	1	0	1	2.1051666088756313
261200.0	3000.0	1774.1848411841704	0.0	0	363.56957029213663	1974.1848411841493	1	0	1	2.1051666088756313
262360.9102241093	3000.0	1613.2746170748721	0.0	0	0.0	1974.1848411841493	1	0	1	2.1051666088756313
263583.9079727517	3000.0	1390.2768684324753	0.0	0	0.0	1974.1848411841784	1	0	1	2.105166608875628
264548.346288853	3000.0	1425.8385523312063	0.0	0	0.0	1974.1848411841784	1	0	1	2.1051666088756282
265334.73014523304	3000.0	1639.454695951119	0.0	0	0.0	1974.1848411841784	1	0	1	2.1051666088756282
266471.03567294497	3000.0	1503.149168239193	0.0	0	0.0	1974.1848411841202	1	0	1	2.105166608875634
267489.5031961473	3000.0	1484.6816450368096	0.0	0	0.0	1974.184841184062	1	0	1	2.1051666088756398
268911.5043943361	3000.0	1062.6804468480577	0.0	0	0.0	1974.1848411841202	1	0	1	2.1051666088756376
270062.97133525513	3000.0	911.2135059290529	0.0	0	0.0	1974.1848411841202	1	0	1	2.1051666088756353
270994.2620674082	3000.0	979.9227737760057	0.0	0	0.0	1974.1848411841202	1	0	1	2.105166608875634
272007.9699747473	3000.0	966.2148664369117	0.0	0	0.0	1974.1848411841202	1	0	1	2.105166608875634
272739.7017351805	3000.0	1234.4831060036754	0.0	0	0.0	1974.1848411841202	1	0	1	2.105166608875634
273646.5694809154	3000.0	1327.615360268814	0.0	0	0.0	1974.1848411841202	1	0	1	2.105166608875634
274848.62929942214	3000.0	1125.5555417620526	0.0	0	0.0	1974.184841184062	1	0	1	2.1051666088756398
275490.650498384	3000.0	1483.5343428001433	0.0	0	0.0	1974.184841184062	1	0	1	2.1051666088756398
276591.8892616357	3000.0	1382.2955795484918	0.0	0	0.0	1974.1848411841202	1	0	1	2.105166608875634
278226.4054037293	3000.0	747.7794374548844	0.0	0	0.0	1974.1848411841202	1	0	1	2.105166608875634
279453.3303206485	3000.0	520.8545205357343	0.0	0	0.0	1974.1848411841202	1	0	1	2.105166608875634
281265.75743212947	3000.0	302.69325377945154	594.2658447247542	0	0.0	2568.4506859088433	1	0	1	-1.5197074196074047
282192.952087622	2000.0	549.3241522050921	173.82555391821094	0	0.0	2742.2762398271007	1	0	1	0.17447392928574085
282844.0919542844	2000.0	898.1842855427228	0.0	0	0.0	2742.2762398271007	1	0	1	1.6228923609031711
283619.3764276968	2000.0	1122.899812130308	0.0	0	0.0	2742.2762398271007	1	0	1	1.6228923609031711
284245.87826042034	2000.0	1433.7477961343725	0.0	0	0.0	2679.6260565547273	1	0	2	1.2275443115570952
285012.8094899732	3000.0	1666.8165665814831	0.0	0	0.0	2679.6260565547273	1	0	1	1.4291573792304084
285641.0667675794	3000.0	2038.559288975232	0.0	0	0.0	2679.6260565547273	1	0	1	2.034622487338573
286310.42505365814	3000.0	2369.201002896485	0.0	0	0.0	2679.626056554669	1	0	1	2.034622487338579
287200.0	3000.0	2390.668561920404	0.0	0	35.2527130037779	2590.6685619204654	1	0	2	1.6404384661631601
288569.03445783147	3000.0	1884.7306583057346	0.0	0	0.0	2453.7651161371614	1	0	2	1.8537383627268464
289468.9966877719	3000.0	1984.7684283653095	0.0	0	0.0	2453.7651161371614	1	0	1	1.8572085813803296
290470.5646816593	3000.0	1983.2004344780014	0.0	0	0.0	2453.7651161372196	1	0	1	2.0572085813803245
291318.87767912034	3000.0	2134.8874370169688	0.0	0	0.0	2453.7651161372196	1	0	1	2.0572085813803245
292318.7493652219	3000.0	2135.015750915431	0.0	0	0.0	2453.765116137278	1	0	1	2.0572085813803183
293293.14479941106	3000.0	2063.1807733074083	0.0	0	0.0	2356.3255727184587	1	0	2	1.6641593057478334
294488.336468524	3000.0	1748.4699372832083	0.0	0	0.0	2236.8064058070886	1	0	2	1.8761865972577363
295309.45640553226	3000.0	1927.3500002749684	0.0	0	0.0	2236.806405807147	1	0	1	1.8789044524133314
296200.0	3000.0	2036.8064058072314	0.0	0	137.98686503019417	2236.806405807147	1	0	1	2.0789044524133313
297200.0	3000.0	1936.80640580724	0.0	0	143.83855908014812	2136.8064058070886	1	0	2	1.6855752300655156
298343.8008810877	3000.0	1793.0055247195737	0.0	0	0.0	2136.8064058070886	1	0	1	1.888904452413337
299801.40364203084	3000.0	1335.4027637764812	0.0	0	0.0	2136.806405807147	1	0	1	2.088904452413331
300446.4063333102	3000.0	1690.4000724971545	0.0	0	0.0	2136.806405807147	1	0	1	2.088904452413331
5.07	5.92	2.99	3.17	1.88	3.9	6.06	4.73	3.15	2.39	3.42	4.09	3.48	3.97	3.06	4.52	3.59	5.02	3.38	3.46	4.31	3.5	2.19	4.23	5.53	5.13	2.78	2.78	1.47	2.75	4.76	2.88	4.63	5.94	3.23	2.68	3.76	3.87	2.59	1.69	1.88	2.29	2.62	3.45	3.85	5.17	2.79	2.51	2.56	3.28	3.86	3.58	3.92	3.02	3.31	4.03	4.27	4.24	2.95	2.81	2.35	3.28	3.64	3.14	2.15	2.75	1.92	2.46	2.95	2.78	2.55	2.42	1.89	2.88	3.72	3.85	5.26	5.09	3.94	2.12	2.86	2.95	2.73	3.36	2.42	1.89	2.55	2.86	1.67	3.73	3.98	3.81	4.76	3.32	2.81	3.3	2.17	2.56	4.23	4.45	3.3	3.51	4.0	4.37	2.83	3.7	5.79	3.88	3.04	2.17	3.28	3.68	2.88	3.52	2.54	2.62	3.6	3.72	3.34	3.54	1.92	3.56	3.35	2.11	2.85	3.05	1.05	2.21	2.36	2.83	4.56	5.14	3.96	2.36	3.12	3.75	3.93	3.48	3.87	2.4	3.34	2.93	3.85	3.56	3.36	2.42	3.86	3.44	3.08	3.97	5.07	5.92	2.99	3.17	1.88	3.9	6.06	4.73	3.15	2.39	3.42	4.09	3.48	3.97	3.06	4.52	3.59	5.02	3.38	3.46	4.31	3.5	2.19	4.23	5.53	5.13	2.78	2.78	1.47	2.75	4.76	2.88	4.63	5.94	3.23	2.68	3.76	3.87	2.59	1.69	1.88	2.29	2.62	3.45	3.85	5.17	2.79	2.51	2.56	3.28	3.86	3.58	3.92	3.02	3.31	4.03	4.27	4.24	2.95	2.81	2.35	3.28	3.64	3.14	2.15	2.75	1.92	2.46	2.95	2.78	2.55	2.42	1.89	2.88	3.72	3.85	5.26	5.09	3.94	2.12	2.86	2.95	2.73	3.36	2.42	1.89	2.55	2.86	1.67	3.73	3.98	3.81	4.76	3.32	2.81	3.3	2.17	2.56	4.23	4.45	3.3	3.51	4.0	4.37	2.83	3.7	5.79	3.88	3.04	2.17	3.28	3.68	2.88	3.52	2.54	2.62	3.6	3.72	3.34	3.54	1.92	3.56	3.35	2.11	2.85	3.05	1.05	2.21	2.36	2.83	4.56	5.14	3.96	2.36	3.12	3.75	3.93	3.48	3.87	2.4	3.34	2.93	3.85	3.56	3.36	2.42	3.86	3.44	3.08	3.97
1.0	2.0	3.0	4.0	5.0	6.0	7.0	8.0	9.0	10.0	11.0	12.0	13.0	14.0	15.0	16.0	17.0	18.0	19.0	20.0	21.0	22.0	23.0	24.0	25.0	26.0	27.0	28.0	29.0	30.0	31.0	32.0	33.0	34.0	35.0	36.0	37.0	38.0	39.0	40.0	41.0	42.0	43.0	44.0	45.0	46.0	47.0	48.0	49.0	50.0	51.0	52.0	53.0	54.0	55.0	56.0	57.0	58.0	59.0	60.0	61.0	62.0	63.0	64.0	65.0	66.0	67.0	68.0	69.0	70.0	71.0	72.0	73.0	74.0	75.0	76.0	77.0	78.0	79.0	80.0	81.0	82.0	83.0	84.0	85.0	86.0	87.0	88.0	89.0	90.0	91.0	92.0	93.0	94.0	95.0	96.0	97.0	98.0	99.0	100.0	101.0	102.0	103.0	104.0	105.0	106.0	107.0	108.0	109.0	110.0	111.0	112.0	113.0	114.0	115.0	116.0	117.0	118.0	119.0	120.0	121.0	122.0	123.0	124.0	125.0	126.0	127.0	128.0	129.0	130.0	131.0	132.0	133.0	134.0	135.0	136.0	137.0	138.0	139.0	140.0	141.0	142.0	143.0	144.0	145.0	146.0	147.0	148.0	149.0	149.0	150.0	151.0	152.0	153.0	154.0	155.0	156.0	157.0	158.0	159.0	160.0	161.0	162.0	163.0	164.0	165.0	166.0	167.0	168.0	169.0	170.0	171.0	172.0	173.0	174.0	175.0	176.0	177.0	178.0	179.0	180.0	181.0	182.0	183.0	184.0	185.0	186.0	187.0	188.0	189.0	190.0	191.0	192.0	193.0	194.0	195.0	196.0	197.0	198.0	199.0	200.0	201.0	202.0	203.0	204.0	205.0	206.0	207.0	208.0	209.0	210.0	211.0	212.0	213.0	214.0	215.0	216.0	217.0	218.0	219.0	220.0	221.0	222.0	223.0	224.0	225.0	226.0	227.0	228.0	229.0	230.0	231.0	232.0	233.0	234.0	235.0	236.0	237.0	238.0	239.0	240.0	241.0	242.0	243.0	244.0	245.0	246.0	247.0	248.0	249.0	250.0	251.0	252.0	253.0	254.0	255.0	256.0	257.0	258.0	259.0	260.0	261.0	262.0	263.0	264.0	265.0	266.0	267.0	268.0	269.0	270.0	271.0	272.0	273.0	274.0	275.0	276.0	277.0	278.0	279.0	280.0	281.0	282.0	283.0	284.0	285.0	286.0	287.0	288.0	289.0	290.0	291.0	292.0	293.0	294.0	295.0	296.0	297.0	298.0	298.0
4639.41106288215
