4278.377319421659	300.0	2000.0	83.13811424324174	0	0.0	4278.377319421659	1	0	1	-0.9253080674032481
4394.29055624115	300.0	2872.495439498561	0.0	0	0.0	4266.785995739711	1	0	2	-0.8268890337250766
4524.424059007632	500.0	3729.3485864554314	0.0	0	0.0	4253.772645463064	1	0	2	-0.6256176053276069
5200.0	500.0	3986.215051363828	0.0	0	511.864280641983	4186.215051363828	1	0	2	-0.11129346006876237
6200.0	1000.0	3886.215051363828	0.0	0	549.5141732796164	4086.2150513638285	1	0	2	-0.10174009761897959
7200.0	1000.0	3786.215051363827	0.0	0	583.7867644795524	3986.2150513638276	1	0	2	0.6013925010706371
8200.0	1000.0	3686.215051363826	0.0	0	561.0996787563727	3886.215051363827	1	0	2	0.6113956464974052
9200.0	2000.0	3586.2150513638276	0.0	0	337.3526177436943	3786.215051363826	1	0	2	0.6216286510659503
10200.0	3000.0	3486.2150513638276	0.0	0	373.92089629646944	3686.215051363826	1	0	2	1.3247234435339017
11200.0	3000.0	3386.215051363829	0.0	0	175.78851189506713	3586.215051363828	1	0	2	1.7406083502510028
12200.0	3000.0	3386.2150513638294	0.0	0	238.8278516192695	3586.215051363828	1	0	1	1.7439635878576631
13200.0	3000.0	3386.2150513638294	0.0	0	404.8075711246329	3586.215051363828	1	0	1	1.9439635878576633
14200.0	3000.0	3286.2150513638294	0.0	0	582.3792575053194	3486.215051363826	1	0	2	1.5500058381219008
15200.0	3000.0	3186.21505136383	0.0	0	166.82710308175047	3386.215051363828	1	0	2	1.7606051737582693
16415.718998449298	3000.0	2848.924153069602	0.0	0	0.0	3264.6431515188997	1	0	2	1.7729483974540399
17550.22398236383	3000.0	2600.968670763622	0.0	0	0.0	3151.192653127451	1	0	2	1.7843360221633386
19107.62144653779	3000.0	1887.8314601722655	0.0	0	0.0	2995.4529067100502	1	0	2	1.798962685568152
20115.85359745173	3000.0	1778.7760941669312	0.0	0	0.0	2894.6296916186548	1	0	2	1.810411501624016
20926.465532597787	3000.0	1968.1641590208717	0.0	0	0.0	2894.6296916186548	1	0	1	1.8131221238321804
21879.541542961255	3000.0	2015.0881486574053	0.0	0	0.0	2894.6296916186548	1	0	1	2.0131221238321806
22736.86557504666	3000.0	2072.0317133634603	0.0	0	0.0	2808.897288410113	1	0	2	1.6195683933747962
23482.585795058134	3000.0	2251.739471350839	0.0	0	0.0	2734.325266408967	1	0	2	1.8272364804544037
24200.0	3000.0	2534.3252664089755	0.0	0	200.65254277826898	2734.325266408967	1	0	1	1.8291525663531492
25279.276792194498	3000.0	2455.0484742144754	0.0	0	0.0	2734.325266408967	1	0	1	2.029152566353149
26301.11905846855	3000.0	2331.021981313015	0.0	0	0.0	2632.141039781556	1	0	2	1.6373909459595335
27200.0	3000.0	2432.1410397815644	0.0	0	111.77953163474376	2632.141039781556	1	0	1	1.8393709890158902
28200.0	3000.0	2332.1410397815653	0.0	0	484.6449077873185	2532.141039781556	1	0	2	1.6454448417051266
29200.0	3000.0	2232.141039781564	0.0	0	271.0727547549832	2432.141039781556	1	0	2	1.8558057561340535
30309.611372354717	3000.0	2122.529667426852	0.0	0	0.0	2432.141039781556	1	0	1	1.8593709890158903
31745.573892900276	3000.0	1686.5671468812898	0.0	0	0.0	2432.141039781556	1	0	1	2.0593709890158904
33444.756997930985	3000.0	987.3840418505681	0.0	0	0.0	2432.141039781538	1	0	1	2.0593709890158918
34638.282268118994	3000.0	793.8587716625525	0.0	0	0.0	2432.1410397815307	1	0	1	2.0593709890158927
35340.20182369932	3000.0	1091.939216082227	0.0	0	0.0	2432.141039781527	1	0	1	2.0593709890158935
36290.99609658967	3000.0	1141.144943191886	0.0	0	0.0	2432.141039781527	1	0	1	2.0593709890158935
36908.85042725265	3000.0	1523.2906125289069	0.0	0	0.0	2432.141039781527	1	0	1	2.0593709890158935
37898.42868976651	3000.0	1533.7123500150547	0.0	0	0.0	2432.141039781527	1	0	1	2.0593709890158935
38945.83379002404	3000.0	1486.3072497575274	0.0	0	0.0	2432.141039781527	1	0	1	2.0593709890158935
40404.3553599042	3000.0	1027.7856798773719	0.0	0	0.0	2432.141039781527	1	0	1	2.0593709890158935
41439.87049357136	3000.0	992.2705462102109	0.0	0	0.0	2432.141039781527	1	0	1	2.0593709890158935
42175.9863267143	3000.0	1256.1547130672752	0.0	0	0.0	2432.141039781527	1	0	1	2.0593709890158935
43032.65093750129	3000.0	1399.49010228028	0.0	0	0.0	2432.141039781527	1	0	1	2.0593709890158935
43866.41391213592	3000.0	1565.727127645651	0.0	0	0.0	2432.141039781527	1	0	1	2.0593709890158935
44835.86140090202	3000.0	1596.279638879548	0.0	0	0.0	2432.141039781527	1	0	1	2.0593709890158935
45960.2619708659	3000.0	1471.8790689156556	0.0	0	0.0	2432.141039781527	1	0	1	2.0593709890158935
47388.68713107296	3000.0	1043.4539087085889	0.0	0	0.0	2432.14103978152	1	0	1	2.059370989015894
48148.684949664814	2000.0	1207.4563082575555	0.0	0	0.0	2356.1412579223397	1	0	2	0.8542470323388438
48973.65702661418	3000.0	1299.9870236132454	0.0	0	0.0	2273.644050227391	1	0	2	1.467618734103938
50385.065867831625	3000.0	888.5781823957971	0.0	0	0.0	2273.644050227391	1	0	1	1.8752206879713067
51815.388230764394	3000.0	483.3130517052415	25.057232242214553	0	0.0	2298.7012824696067	1	0	1	1.922371571293798
52588.12601630829	3000.0	710.5752661613369	0.0	0	0.0	2298.7012824696067	1	0	1	2.0727149647470853
53449.38856145126	3000.0	935.4389755326696	0.0	0	0.0	2384.827536983925	1	0	0	1.8663851332302899
54617.46400357962	3000.0	767.363533404307	0.0	0	0.0	2384.827536983925	1	0	1	1.8641023392956537
55626.64902579888	3000.0	758.1785111850394	0.0	0	0.0	2384.827536983925	1	0	1	2.064102339295654
56248.25898919488	2000.0	1136.568547789036	0.0	0	0.0	2384.827536983925	1	0	1	1.2531721230793242
57256.812415424545	3000.0	1128.0151215593733	0.0	0	0.0	2384.8275369839175	1	0	1	1.6586372311874897
58402.03122325143	3000.0	982.7963137324866	0.0	0	0.0	2384.8275369839175	1	0	1	2.0641023392956543
59339.624948011406	3000.0	1045.2025889725173	0.0	0	0.0	2384.8275369839175	1	0	1	2.0641023392956543
60337.20314075849	3000.0	1047.6243962254387	0.0	0	0.0	2384.8275369839175	1	0	1	2.0641023392956543
61353.4406945943	3000.0	1031.3868423896258	0.0	0	0.0	2384.8275369839175	1	0	1	2.0641023392956543
62088.633498044306	3000.0	1296.1940389396186	0.0	0	0.0	2384.8275369839175	1	0	1	2.0641023392956543
62886.57300388219	3000.0	1498.2545331017245	0.0	0	0.0	2384.8275369839175	1	0	1	2.0641023392956543
63813.38553733245	3000.0	1571.4419996514757	0.0	0	0.0	2384.8275369839175	1	0	1	2.0641023392956543
64674.32672005766	3000.0	1710.5008169262683	0.0	0	0.0	2384.8275369839175	1	0	1	2.0641023392956543
65554.82647348901	3000.0	1830.0010634949215	0.0	0	0.0	2384.8275369839175	1	0	1	2.0641023392956543
66471.12471160447	3000.0	1913.7028253794642	0.0	0	0.0	2384.827536983925	1	0	1	2.064102339295654
67471.28803744294	3000.0	1913.5394995409956	0.0	0	0.0	2384.827536983932	1	0	1	2.064102339295654
68361.08366855969	3000.0	2023.7438684242588	0.0	0	0.0	2384.8275369839394	1	0	1	2.064102339295652
69200.0	3000.0	2100.935903839925	0.0	0	124.28887312374718	2300.935903839927	1	0	2	1.6697738495291825
70403.03167693784	3000.0	1777.6010592083078	0.0	0	0.0	2180.632736146159	1	0	2	1.8813138850456221
71310.67093199083	3000.0	1869.9618041553197	0.0	0	0.0	2180.632736146159	1	0	1	1.88452181937943
72336.034496102	3000.0	1844.5982400441308	0.0	0	0.0	2180.6327361461736	1	0	1	2.084521819379429
73789.57573303267	3000.0	1391.057003113444	0.0	0	0.0	2180.6327361461736	1	0	1	2.084521819379429
75261.67249351698	3000.0	918.960242629134	0.0	0	0.0	2180.6327361461736	1	0	1	2.084521819379429
76131.39135253553	2000.0	1049.241383610573	0.0	0	0.0	2180.632736146188	1	0	1	1.273591603163098
77321.32032724228	3000.0	859.3124089038304	0.0	0	0.0	2180.632736146188	1	0	1	1.6790567112712629
77900.06778073138	2000.0	1280.564955414728	0.0	0	0.0	2180.632736146188	1	0	1	1.273591603163098
78720.90840517642	2000.0	1377.6402685251715	0.0	0	0.0	2098.5486737016618	1	0	2	1.284958158592993
79544.20081534181	2000.0	1554.347858359792	0.0	0	0.0	2098.5486737016618	1	0	1	1.487265117515715
80222.2344329116	2000.0	1808.5108790330146	0.0	0	0.0	2030.7453119446727	1	0	2	1.292339479581326
81200.0	2000.0	1830.7453119446104	0.0	0	254.2063076079212	2030.7453119446873	1	0	1	1.4940454536914125
82200.0	2000.0	1830.7453119445981	0.0	0	214.68630841757113	2030.7453119446873	1	0	1	1.6940454536914127
83200.0	2000.0	1830.7453119445931	0.0	0	387.52511189569486	2030.7453119446873	1	0	1	1.6940454536914127
84200.0	3000.0	1830.7453119446125	0.0	0	374.1646507347032	2030.7453119447018	1	0	1	1.6940454536914114
85200.0	3000.0	1830.7453119446136	0.0	0	24.06155511023826	2030.7453119447018	1	0	1	2.099510561799576
86200.0	2000.0	1830.7453119446095	0.0	0	433.16841257706983	2030.7453119447018	1	0	1	1.2885803455832465
87200.0	3000.0	1830.7453119446222	0.0	0	20.032845826121047	2030.7453119447164	1	0	1	1.6940454536914098
88292.71110870935	3000.0	1738.034203235278	0.0	0	0.0	2030.7453119447164	1	0	1	2.0995105617995744
89208.89484018553	3000.0	1821.8504717590924	0.0	0	0.0	2030.7453119447164	1	0	1	2.0995105617995744
90200.0	3000.0	1830.7453119446222	0.0	0	300.91203879512614	2030.745311944731	1	0	1	2.099510561799573
91200.0	3000.0	1830.7453119446363	0.0	0	452.1416913441062	2030.745311944731	1	0	1	2.099510561799573
92200.0	3000.0	1830.7453119446247	0.0	0	124.20354234847764	2030.745311944731	1	0	1	2.099510561799573
93200.0	3000.0	1830.7453119446188	0.0	0	371.8771557572909	2030.745311944731	1	0	1	2.099510561799573
94200.0	3000.0	1830.7453119446293	0.0	0	301.228394521313	2030.745311944731	1	0	1	2.099510561799573
95200.0	3000.0	1830.745311944621	0.0	0	273.02164454564627	2030.745311944731	1	0	1	2.099510561799573
96200.0	3000.0	1830.74531194462	0.0	0	518.1755435847735	2030.7453119447164	1	0	1	2.0995105617995744
97200.0	3000.0	1830.7453119446116	0.0	0	339.7600127438636	2030.7453119447018	1	0	1	2.099510561799576
98372.68828103245	3000.0	1658.0570309121842	0.0	0	0.0	2030.7453119447164	1	0	1	2.0995105617995744
99200.0	3000.0	1830.7453119446272	0.0	0	99.7389802474645	2030.7453119447164	1	0	1	2.0995105617995744
100200.0	3000.0	1830.7453119446188	0.0	0	416.7701380434446	2030.7453119447018	1	0	1	2.099510561799576
101200.0	3000.0	1830.7453119446352	0.0	0	278.11266453443386	2030.7453119447018	1	0	1	2.099510561799576
102200.0	3000.0	1730.745311944634	0.0	0	306.50988891223096	1930.7453119447018	1	0	2	1.7059071970690929
103472.52534452287	3000.0	1458.219967421757	0.0	0	0.0	1930.7453119447018	1	0	1	1.9095105617995758
104509.09971923297	3000.0	1421.6455927116604	0.0	0	0.0	1930.7453119447018	1	0	1	2.109510561799576
105380.30919207091	3000.0	1550.4361198737076	0.0	0	0.0	1930.7453119447018	1	0	1	2.109510561799576
106502.17096145402	3000.0	1428.5743504906138	0.0	0	0.0	1930.7453119447164	1	0	1	2.1095105617995746
107514.5953132841	3000.0	1416.1499986605274	0.0	0	0.0	1930.7453119447164	1	0	1	2.109510561799574
108200.0	3000.0	1730.7453119446236	0.0	0	110.39472326444229	1930.7453119447018	1	0	1	2.109510561799576
109200.0	3000.0	1730.7453119446209	0.0	0	91.45506727966131	1930.7453119447018	1	0	1	2.109510561799576
110552.5704694527	3000.0	1378.1748424919192	0.0	0	0.0	1930.7453119447018	1	0	1	2.109510561799576
111272.93443696301	3000.0	1657.8108749816015	0.0	0	0.0	1930.7453119447018	1	0	1	2.109510561799576
112200.0	3000.0	1730.7453119446084	0.0	0	28.645960588924936	1930.7453119446873	1	0	1	2.1095105617995773
113318.86318662728	3000.0	1611.8821253173228	0.0	0	0.0	1930.7453119446873	1	0	1	2.1095105617995773
115256.65101452544	3000.0	674.0942974191474	0.0	0	0.0	1930.7453119446873	1	0	1	2.1095105617995773
116316.76369657599	3000.0	613.9816153686131	0.0	0	0.0	1930.7453119446873	1	0	1	2.1095105617995773
117349.39921805263	3000.0	581.3460938919815	0.0	0	0.0	1930.7453119446873	1	0	1	2.1095105617995773
118741.75896283219	3000.0	295.7364232745141	106.75007416210303	0	0.0	2037.4953861067916	1	0	1	1.4583351094107488
119442.3874166141	2000.0	680.3329290479529	85.22495955535834	0	0.0	2122.7203456620628	1	0	1	0.7680330848793604
120851.24212087704	3000.0	271.4782247850214	0.0	0	0.0	2122.7203456620628	1	0	1	1.6848479503196752
121416.94365352792	2000.0	776.7700666404614	70.99337450632679	0	0.0	2193.7137201683945	1	0	1	0.8463232577229167
122027.77423903874	3000.0	1165.9394811296434	0.0	0	0.0	2193.7137201683945	1	0	1	1.677748612869042
122860.32788780917	3000.0	1333.3858323592196	0.0	0	0.0	2193.7137201683945	1	0	1	2.0832137209772066
123714.97664978156	3000.0	1478.7370703868346	0.0	0	0.0	2193.7137201683945	1	0	1	2.0832137209772066
124976.24156108564	3000.0	1217.4721590827448	0.0	0	0.0	2193.71372016838	1	0	1	2.083213720977208
125587.30429464969	2000.0	1606.4094255187026	0.0	0	0.0	2193.7137201683945	1	0	1	1.2722835047608774
126200.0	2000.0	1993.7137201683981	0.0	0	69.71597400357132	2193.7137201683945	1	0	1	1.677748612869042
127200.0	3000.0	1993.7137201683922	0.0	0	355.2128804701788	2193.7137201683945	1	0	1	1.677748612869042
128200.0	3000.0	1893.7137201683938	0.0	0	140.88311455081566	2093.7137201683654	1	0	2	1.6900790326683066
129200.0	3000.0	1893.7137201683825	0.0	0	37.90925567269733	2093.7137201683654	1	0	1	1.8932137209772093
130200.0	3000.0	1793.7137201683609	0.0	0	318.3452472471836	1993.7137201683654	1	0	2	1.6995385655847726
131200.0	3000.0	1793.7137201683443	0.0	0	139.49888051711605	1993.7137201683508	1	0	1	1.9032137209772095
132437.2604163422	3000.0	1556.4533038261227	0.0	0	0.0	1993.7137201683363	1	0	1	2.1032137209772124
133597.5220351312	3000.0	1396.1916850371401	0.0	0	0.0	1993.7137201683363	1	0	1	2.1032137209772124
134275.05823436833	3000.0	1718.655485800006	0.0	0	0.0	1993.7137201683072	1	0	1	2.103213720977214
135200.0	3000.0	1701.219543605165	0.0	0	279.0943419392861	1901.2195436051115	1	0	2	1.7090359317226405
136200.0	3000.0	1701.2195436051518	0.0	0	488.49004125752253	1901.2195436051115	1	0	1	1.9124631386335347
137200.0	3000.0	1701.2195436051625	0.0	0	465.54080594072	1901.2195436051115	1	0	1	2.112463138633535
138403.78218454195	3000.0	1497.4373590632008	0.0	0	0.0	1901.2195436051115	1	0	1	2.112463138633535
139200.0	3000.0	1701.2195436051684	0.0	0	50.7209110444237	1901.2195436051115	1	0	1	2.112463138633535
140200.0	3000.0	1701.219543605147	0.0	0	519.5552582088858	1901.2195436050824	1	0	1	2.112463138633538
141200.0	3000.0	1701.2195436051352	0.0	0	257.0197938354104	1901.2195436050824	1	0	1	2.112463138633538
142200.0	3000.0	1701.2195436051402	0.0	0	313.35122371971374	1901.2195436050824	1	0	1	2.112463138633538
143278.52654602495	3000.0	1622.6929975801784	0.0	0	0.0	1901.2195436050824	1	0	1	2.112463138633538
144200.0	3000.0	1701.2195436051572	0.0	0	281.2226384241367	1901.2195436050824	1	0	1	2.112463138633538
145200.0	3000.0	1701.2195436051502	0.0	0	354.08684545761207	1901.2195436050824	1	0	1	2.112463138633538
146657.19239013654	3000.0	1244.0271534685778	0.0	0	0.0	1901.2195436050533	1	0	1	2.1124631386335406
147388.60963372694	3000.0	1512.6099098781667	0.0	0	0.0	1901.2195436050533	1	0	1	2.1124631386335406
148200.0	3000.0	1701.2195436051159	0.0	0	42.08290033420781	1901.2195436050242	1	0	1	2.1124631386335437
149200.0	3000.0	1701.2195436050984	0.0	0	4.9433045295591	1901.2195436050242	1	0	1	2.1124631386335437
150255.21356978716	3000.0	1646.0059738179493	0.0	0	0.0	1901.2195436050242	1	0	1	2.1124631386335437
151200.0	2000.0	1701.2195436050968	0.0	0	265.97969455557177	1901.2195436050242	1	0	1	1.3015329224172145
152200.0	2000.0	1701.2195436051036	0.0	0	77.64038842596347	1901.2195436050242	1	0	1	1.7069980305253791
153200.0	2000.0	1701.2195436051259	0.0	0	196.15547580321436	1901.2195436050242	1	0	1	1.7069980305253791
154200.0	2000.0	1701.2195436051022	0.0	0	375.21083701387397	1901.2195436050242	1	0	1	1.7069980305253791
155200.0	2000.0	1701.2195436051104	0.0	0	253.65860351416632	1901.2195436050533	1	0	1	1.706998030525376
156200.0	2000.0	1701.2195436051256	0.0	0	102.33857028238708	1901.2195436050533	1	0	1	1.706998030525376
157200.0	3000.0	1701.2195436051031	0.0	0	227.74795112072024	1901.2195436050242	1	0	1	1.706998030525379
158200.0	3000.0	1701.2195436051034	0.0	0	84.98072848803713	1901.2195436050533	1	0	1	2.1124631386335406
159200.0	3000.0	1701.2195436050615	0.0	0	100.97554484006832	1901.2195436050533	1	0	1	2.1124631386335406
160200.0	3000.0	1701.219543605038	0.0	0	456.3628008564119	1901.2195436050533	1	0	1	2.1124631386335406
161200.0	3000.0	1701.2195436050406	0.0	0	193.82577108414262	1901.2195436050533	1	0	1	2.1124631386335406
162200.0	3000.0	1701.219543605015	0.0	0	222.879551601829	1901.2195436050242	1	0	1	2.1124631386335437
163200.0	3000.0	1701.2195436050495	0.0	0	554.006405291002	1901.2195436050533	1	0	1	2.1124631386335406
164200.0	3000.0	1701.2195436050686	0.0	0	69.37572218061541	1901.2195436050533	1	0	1	2.1124631386335406
165269.22944552204	3000.0	1631.9900980830275	0.0	0	0.0	1901.2195436050533	1	0	1	2.1124631386335406
166363.52119923302	3000.0	1537.6983443720553	0.0	0	0.0	1901.2195436050533	1	0	1	2.1124631386335406
168037.50151644656	3000.0	863.7180271585037	0.0	0	0.0	1901.2195436050533	1	0	1	2.1124631386335406
168859.65934008636	3000.0	1041.5602035187217	0.0	0	0.0	1901.2195436050533	1	0	1	2.1124631386335406
169485.80659403448	3000.0	1415.412949570597	0.0	0	0.0	1901.2195436050533	1	0	1	2.1124631386335406
170273.78862403784	3000.0	1627.4309195672033	0.0	0	0.0	1901.2195436050533	1	0	1	2.1124631386335406
171200.0	3000.0	1701.219543605052	0.0	0	149.88193517323816	1901.2195436050533	1	0	1	2.1124631386335406
172200.0	3000.0	1701.2195436050245	0.0	0	475.1974116449419	1901.2195436050533	1	0	1	2.1124631386335406
173200.0	3000.0	1701.2195436050224	0.0	0	556.0681528467976	1901.2195436050533	1	0	1	2.1124631386335406
174200.0	3000.0	1601.219543605019	0.0	0	135.90020955741056	1801.2195436050533	1	0	2	1.719264449315847
175363.60217299775	3000.0	1437.6173706072518	0.0	0	0.0	1801.2195436050824	1	0	1	1.9224631386335378
176200.0	3000.0	1601.2195436049906	0.0	0	207.24795217622886	1801.2195436050824	1	0	1	2.122463138633538
177200.0	3000.0	1601.2195436050147	0.0	0	468.51977743333555	1801.2195436051115	1	0	1	2.122463138633535
178200.0	3000.0	1601.21954360498	0.0	0	249.57417313134647	1801.2195436051115	1	0	1	2.122463138633535
179200.0	3000.0	1601.2195436050076	0.0	0	121.78332138652331	1801.2195436051115	1	0	1	2.122463138633535
180586.10078900107	3000.0	1215.1187546039378	0.0	0	0.0	1801.2195436050533	1	0	1	2.1224631386335404
181577.81702994212	3000.0	1223.4025136629027	0.0	0	0.0	1801.2195436049951	1	0	1	2.122463138633546
182557.74638466517	3000.0	1243.4731589398625	0.0	0	0.0	1801.2195436049951	1	0	1	2.1224631386335466
183577.931592929	3000.0	1223.2879506760514	0.0	0	0.0	1801.2195436049951	1	0	1	2.1224631386335466
184447.49282015677	3000.0	1353.72672344828	0.0	0	0.0	1801.2195436050242	1	0	1	2.1224631386335444
185325.55047159406	3000.0	1475.669072011014	0.0	0	0.0	1801.2195436050242	1	0	1	2.1224631386335435
186200.0	3000.0	1601.2195436050686	0.0	0	154.94843241176568	1801.2195436050242	1	0	1	2.1224631386335435
187200.0	3000.0	1601.2195436050874	0.0	0	326.41274513464305	1801.2195436050242	1	0	1	2.1224631386335435
188200.0	3000.0	1601.219543605068	0.0	0	105.4780700894189	1801.2195436049951	1	0	1	2.1224631386335466
189200.0	3000.0	1601.2195436050472	0.0	0	25.4922784800292	1801.2195436049951	1	0	1	2.1224631386335466
190292.09135460394	3000.0	1509.1281890011132	0.0	0	0.0	1801.2195436050242	1	0	1	2.1224631386335453
191200.0	3000.0	1601.2195436050808	0.0	0	119.21860142311198	1801.2195436050242	1	0	1	2.1224631386335435
192200.0	3000.0	1601.2195436050993	0.0	0	21.177176503057126	1801.2195436050242	1	0	1	2.1224631386335435
193200.0	3000.0	1601.2195436050888	0.0	0	1.9147499466780573	1801.2195436049951	1	0	1	2.1224631386335466
194200.0	3000.0	1601.219543605064	0.0	0	34.61743089160882	1801.2195436049951	1	0	1	2.1224631386335466
195200.0	3000.0	1601.2195436050579	0.0	0	229.27736896410352	1801.219543604966	1	0	1	2.122463138633547
196221.64970652992	3000.0	1579.569837075126	0.0	0	0.0	1801.219543604966	1	0	1	2.1224631386335497
197612.85517786423	3000.0	1188.3643657408438	0.0	0	0.0	1801.219543604966	1	0	1	2.1224631386335497
198602.58575357802	3000.0	1198.6337900270987	0.0	0	0.0	1801.219543604966	1	0	1	2.1224631386335497
200130.97820098707	3000.0	670.2413426180557	0.0	0	0.0	1801.2195436049951	1	0	1	2.122463138633549
200762.2000556125	2000.0	1039.0194879926248	0.0	0	0.0	1801.2195436049951	1	0	1	1.3115329224172172
201283.7463470225	2000.0	1517.4731965826345	0.0	0	0.0	1801.2195436050242	1	0	1	1.716998030525379
202200.0	2000.0	1601.2195436051466	0.0	0	320.4513099338801	1801.2195436050242	1	0	1	1.716998030525379
203200.0	2000.0	1601.2195436051445	0.0	0	140.58306206326233	1801.2195436050242	1	0	1	1.716998030525379
204200.0	2000.0	1601.2195436051652	0.0	0	363.63130977816763	1801.2195436050242	1	0	1	1.716998030525379
205200.0	2000.0	1601.2195436051675	0.0	0	404.4221918079711	1801.2195436050533	1	0	1	1.716998030525376
206200.0	2000.0	1601.21954360515	0.0	0	441.15700444814865	1801.2195436050824	1	0	1	1.716998030525373
207200.0	3000.0	1601.2195436051475	0.0	0	279.4886651391862	1801.2195436050824	1	0	1	1.7169980305253734
208466.55567286012	3000.0	1334.6638707450243	0.0	0	0.0	1801.2195436050824	1	0	1	2.122463138633538
209200.0	3000.0	1601.2195436051363	0.0	0	31.086226450512186	1801.2195436051115	1	0	1	2.122463138633535
210200.0	3000.0	1601.219543605098	0.0	0	14.557787039346294	1801.2195436051115	1	0	1	2.122463138633535
211200.0	3000.0	1601.2195436050608	0.0	0	291.4508885073883	1801.2195436051115	1	0	1	2.122463138633535
212200.0	3000.0	1601.219543605072	0.0	0	53.27253549057059	1801.2195436051115	1	0	1	2.122463138633535
213200.0	3000.0	1601.2195436050629	0.0	0	448.1555318207247	1801.2195436051115	1	0	1	2.122463138633535
214200.0	3000.0	1601.2195436050606	0.0	0	119.57643724555965	1801.2195436051406	1	0	1	2.122463138633532
215554.27973881044	3000.0	1246.93980479462	0.0	0	0.0	1801.2195436051406	1	0	1	2.122463138633532
216693.73149441672	3000.0	1107.4880491883466	0.0	0	0.0	1801.2195436051115	1	0	1	2.122463138633534
217475.4404216051	3000.0	1247.6082292811352	0.0	0	0.0	1723.0486508862814	1	0	2	1.7286725554559432
218200.0	3000.0	1523.0486508862098	0.0	0	176.5909436577349	1723.0486508862814	1	0	1	1.9302802279054176
219565.39083091877	3000.0	1157.6578199674736	0.0	0	0.0	1723.0486508863105	1	0	1	2.130280227905416
220453.65367268276	3000.0	1269.3949782034886	0.0	0	0.0	1723.0486508863105	1	0	1	2.130280227905415
221490.42699403854	3000.0	1232.621656847724	0.0	0	0.0	1723.0486508863396	1	0	1	2.1302802279054123
222856.71082333373	3000.0	866.337827552532	0.0	0	0.0	1723.0486508863396	1	0	1	2.1302802279054123
224112.139148868	2000.0	610.9095020182451	0.0	0	0.0	1723.0486508863687	1	0	1	1.3193500116890822
224898.67110982141	2000.0	824.3775410648265	0.0	0	0.0	1723.0486508863687	1	0	1	1.7248151197972446
226108.7502047316	2000.0	614.2984461546263	0.0	0	0.0	1723.0486508863687	1	0	1	1.7248151197972446
226750.29443926513	2000.0	972.7542116210731	0.0	0	0.0	1723.0486508863687	1	0	1	1.7248151197972446
227531.4396159242	2000.0	1191.6090349620094	0.0	0	0.0	1723.0486508863687	1	0	1	1.7248151197972446
228280.73741947106	2000.0	1442.311231415153	0.0	0	0.0	1723.0486508863687	1	0	1	1.7248151197972446
229200.0	2000.0	1523.0486508862496	0.0	0	107.13518591757747	1723.0486508863687	1	0	1	1.7248151197972446
230200.0	2000.0	1523.0486508862607	0.0	0	153.8823633217835	1723.0486508863978	1	0	1	1.724815119797244
231200.0	2000.0	1523.0486508862764	0.0	0	186.13552924178657	1723.0486508863978	1	0	1	1.7248151197972417
232200.0	2000.0	1523.048650886291	0.0	0	508.5256324945949	1723.0486508863978	1	0	1	1.7248151197972417
233200.0	2000.0	1523.048650886288	0.0	0	673.6603735235403	1723.0486508863978	1	0	1	1.7248151197972417
234200.0	2000.0	1523.048650886302	0.0	0	303.8655839585699	1723.0486508863978	1	0	1	1.7248151197972417
235200.0	3000.0	1523.0486508863107	0.0	0	112.30466174168396	1723.048650886427	1	0	1	1.724815119797241
236200.0	3000.0	1523.0486508863025	0.0	0	388.41406902408926	1723.048650886427	1	0	1	2.1302802279054034
237200.0	3000.0	1523.0486508862932	0.0	0	142.97804901585914	1723.0486508863978	1	0	1	2.130280227905404
238200.0	3000.0	1523.0486508862743	0.0	0	22.01976700554951	1723.0486508863687	1	0	1	2.130280227905407
239200.0	3000.0	1523.0486508862955	0.0	0	414.9726530709013	1723.0486508863978	1	0	1	2.130280227905406
240200.0	3000.0	1523.0486508863087	0.0	0	301.1356366840191	1723.048650886427	1	0	1	2.1302802279054034
241200.0	3000.0	1523.0486508863087	0.0	0	264.4182329112955	1723.0486508863978	1	0	1	2.130280227905406
242200.0	3000.0	1523.0486508863014	0.0	0	336.29104079288663	1723.0486508863978	1	0	1	2.130280227905406
243200.0	3000.0	1523.0486508862837	0.0	0	270.01033681901754	1723.0486508863978	1	0	1	2.130280227905406
244200.0	3000.0	1523.0486508862837	0.0	0	53.7821762348176	1723.0486508863978	1	0	1	2.130280227905406
245200.0	3000.0	1423.0486508862773	0.0	0	427.8542676998477	1623.0486508863978	1	0	2	1.736457956308222
246200.0	3000.0	1423.0486508862614	0.0	0	365.6478113119374	1623.0486508863978	1	0	1	1.940280227905406
247409.548850428	3000.0	1213.49980045826	0.0	0	0.0	1623.0486508863978	1	0	1	2.1402802279054063
248200.0	3000.0	1423.048650886245	0.0	0	52.28909221172216	1623.0486508863978	1	0	1	2.1402802279054063
249200.0	3000.0	1423.0486508862555	0.0	0	319.32266347817495	1623.0486508863978	1	0	1	2.1402802279054063
250200.0	3000.0	1423.048650886246	0.0	0	80.59662950667553	1623.0486508863978	1	0	1	2.1402802279054063
251200.0	3000.0	1423.0486508862768	0.0	0	382.9688064077054	1623.0486508863687	1	0	1	2.1402802279054094
252203.49765508575	3000.0	1419.5509958005202	0.0	0	0.0	1623.0486508863687	1	0	1	2.1402802279054094
253585.29885864994	3000.0	1037.749792236354	0.0	0	0.0	1623.0486508863687	1	0	1	2.1402802279054094
254760.2935897595	3000.0	862.7550611267801	0.0	0	0.0	1623.0486508863396	1	0	1	2.1402802279054125
255721.07407580898	3000.0	901.9745750772959	0.0	0	0.0	1623.0486508863396	1	0	1	2.1402802279054125
256655.29377861417	3000.0	967.7548722720859	0.0	0	0.0	1623.0486508863396	1	0	1	2.1402802279054125
257321.22828377763	3000.0	1301.8203671086462	0.0	0	0.0	1623.0486508863396	1	0	1	2.1402802279054125
258200.0	3000.0	1423.0486508862894	0.0	0	122.39131414025906	1623.0486508863105	1	0	1	2.140280227905415
259444.1997192033	3000.0	1178.848931682968	0.0	0	0.0	1623.0486508863105	1	0	1	2.140280227905415
260570.2552405486	3000.0	1052.7934103376763	0.0	0	0.0	1623.0486508863396	1	0	1	2.1402802279054125
261200.0	3000.0	1423.0486508863237	0.0	0	10.003667604236398	1623.0486508863396	1	0	1	2.1402802279054125
262276.91234186623	3000.0	1346.136309020111	0.0	0	0.0	1623.0486508863687	1	0	1	2.1402802279054116
263267.65720922046	3000.0	1355.3914416658572	0.0	0	0.0	1623.0486508863396	1	0	1	2.140280227905409
264614.8325723237	3000.0	1008.2160785626387	0.0	0	0.0	1623.0486508863396	1	0	1	2.1402802279054125
265411.023782304	3000.0	1212.0248685823008	0.0	0	0.0	1623.0486508863396	1	0	1	2.1402802279054125
266200.0	3000.0	1423.0486508863482	0.0	0	127.89251278690062	1623.0486508863396	1	0	1	2.1402802279054125
267200.0	3000.0	1423.0486508863162	0.0	0	3.0053078354685567	1623.0486508863978	1	0	1	2.140280227905411
268200.0	3000.0	1423.0486508862966	0.0	0	73.71371746365912	1623.0486508863396	1	0	1	2.1402802279054125
269461.0754987633	3000.0	1161.9731521229664	0.0	0	0.0	1623.0486508863396	1	0	1	2.1402802279054125
270200.0	2000.0	1423.048650886316	0.0	0	144.57020223274594	1623.0486508863978	1	0	1	1.329350011689077
271200.0	2000.0	1423.0486508862728	0.0	0	602.6372303028475	1623.0486508863978	1	0	1	1.7348151197972417
272200.0	2000.0	1423.0486508862768	0.0	0	559.6364044407965	1623.0486508863978	1	0	1	1.7348151197972417
273200.0	2000.0	1423.048650886244	0.0	0	372.37676030618604	1623.0486508863978	1	0	1	1.7348151197972417
274200.0	2000.0	1423.0486508861577	0.0	0	491.43846894364106	1623.0486508863396	1	0	1	1.7348151197972472
275200.0	2000.0	1423.0486508862139	0.0	0	348.41134532977594	1623.0486508863396	1	0	1	1.7348151197972472
276200.0	2000.0	1423.0486508861868	0.0	0	245.50020082935225	1623.0486508863396	1	0	1	1.7348151197972472
277200.0	2000.0	1423.0486508861125	0.0	0	298.82020035001915	1623.0486508863396	1	0	1	1.7348151197972472
278200.0	3000.0	1423.0486508860786	0.0	0	31.524246528279036	1623.0486508863978	1	0	1	1.7348151197972417
279200.0	3000.0	1423.0486508860208	0.0	0	115.25777185481275	1623.0486508863978	1	0	1	2.1402802279054063
280200.27788484865	3000.0	1422.7707660373758	0.0	0	0.0	1623.0486508863978	1	0	1	2.1402802279054063
281729.5730792924	3000.0	893.4755715936386	0.0	0	0.0	1623.0486508863978	1	0	1	2.1402802279054063
282256.34983206267	2000.0	1366.6988188233374	0.0	0	0.0	1623.0486508863978	1	0	1	1.329350011689077
283200.0	2000.0	1423.048650886057	0.0	0	563.4918477108004	1623.0486508863396	1	0	1	1.7348151197972472
284200.0	3000.0	1423.0486508859992	0.0	0	256.01279469107976	1623.0486508863396	1	0	1	1.7348151197972477
285200.0	3000.0	1423.048650885963	0.0	0	362.89308183518006	1623.0486508863396	1	0	1	2.1402802279054125
286200.0	3000.0	1423.0486508859967	0.0	0	399.38630090112565	1623.0486508863396	1	0	1	2.1402802279054125
287268.68685179466	3000.0	1354.3617990913185	0.0	0	0.0	1623.0486508863978	1	0	1	2.14028022790541
288200.0	3000.0	1423.0486508859742	0.0	0	124.1199024891248	1623.0486508863978	1	0	1	2.1402802279054063
289200.0	3000.0	1423.0486508859967	0.0	0	448.1610046594287	1623.048650886456	1	0	1	2.1402802279054005
290200.0	3000.0	1423.0486508860863	0.0	0	130.63597316032974	1623.048650886456	1	0	1	2.1402802279054005
291200.0	3000.0	1423.048650886129	0.0	0	378.7205584827461	1623.048650886456	1	0	1	2.1402802279054005
292200.0	3000.0	1423.048650886122	0.0	0	260.4493708485388	1623.048650886456	1	0	1	2.1402802279054005
293200.0	3000.0	1423.0486508860854	0.0	0	130.61916612181813	1623.0486508865142	1	0	1	2.1402802279053947
294200.0	3000.0	1423.0486508860683	0.0	0	133.42574776452966	1623.0486508865142	1	0	1	2.1402802279053947
295343.3838746907	3000.0	1279.6647761954073	0.0	0	0.0	1623.0486508865142	1	0	1	2.1402802279053947
296200.0	3000.0	1423.0486508860768	0.0	0	46.28955687233247	1623.048650886456	1	0	1	2.1402802279053956
297205.9380264936	3000.0	1417.1106243924412	0.0	0	0.0	1623.0486508863978	1	0	1	2.140280227905402
298277.36645447457	3000.0	1345.682196411421	0.0	0	0.0	1623.0486508863396	1	0	1	2.1402802279054125
299200.0	3000.0	1423.0486508860274	0.0	0	139.80260014667874	1623.0486508863396	1	0	1	2.1402802279054125
300319.54171808634	3000.0	1303.5069327996725	0.0	0	0.0	1623.0486508863396	1	0	1	2.1402802279054125
4.25	2.95	2.87	3.07	4.1	4.14	4.61	4.31	5.24	6.09	4.22	2.99	3.06	2.36	2.42	3.88	3.42	3.93	4.44	5.22	3.12	2.56	3.97	6.43	4.72	4.0	1.34	2.51	2.27	2.71	3.41	3.94	3.93	3.79	3.48	2.33	2.88	3.96	3.63	3.31	3.72	3.37	2.78	2.55	3.28	2.88	1.61	3.6	2.95	2.85	3.08	4.03	3.79	3.51	2.84	3.58	3.43	3.32	4.0	4.27	4.46	2.78	3.7	2.51	4.27	2.91	3.01	2.79	2.49	1.66	2.04	2.97	1.85	2.91	2.34	3.22	3.13	3.16	4.19	5.6	3.74	4.66	3.85	3.61	3.96	5.1	4.1	3.72	4.91	5.51	3.96	5.42	4.81	1.9	4.05	6.23	4.56	4.37	3.71	2.0	3.31	3.45	3.78	4.03	3.9	2.73	3.24	4.46	3.41	2.56	1.7	2.42	3.6	2.47	2.48	3.32	2.64	4.58	3.98	2.68	3.49	3.51	3.6	3.57	4.08	4.25	2.71	2.46	2.84	4.31	5.4	5.46	6.34	2.9	3.89	5.71	4.65	4.42	3.74	3.85	4.12	2.36	2.83	3.9	2.51	3.38	2.36	2.72	2.76	2.82	4.25	2.95	2.87	3.07	4.1	4.14	4.61	4.31	5.24	6.09	4.22	2.99	3.06	2.36	2.42	3.88	3.42	3.93	4.44	5.22	3.12	2.56	3.97	6.43	4.72	4.0	1.34	2.51	2.27	2.71	3.41	3.94	3.93	3.79	3.48	2.33	2.88	3.96	3.63	3.31	3.72	3.37	2.78	2.55	3.28	2.88	1.61	3.6	2.95	2.85	3.08	4.03	3.79	3.51	2.84	3.58	3.43	3.32	4.0	4.27	4.46	2.78	3.7	2.51	4.27	2.91	3.01	2.79	2.49	1.66	2.04	2.97	1.85	2.91	2.34	3.22	3.13	3.16	4.19	5.6	3.74	4.66	3.85	3.61	3.96	5.1	4.1	3.72	4.91	5.51	3.96	5.42	4.81	1.9	4.05	6.23	4.56	4.37	3.71	2.0	3.31	3.45	3.78	4.03	3.9	2.73	3.24	4.46	3.41	2.56	1.7	2.42	3.6	2.47	2.48	3.32	2.64	4.58	3.98	2.68	3.49	3.51	3.6	3.57	4.08	4.25	2.71	2.46	2.84	4.31	5.4	5.46	6.34	2.9	3.89	5.71	4.65	4.42	3.74	3.85	4.12	2.36	2.83	3.9	2.51	3.38	2.36	2.72	2.76	2.82
1.0	2.0	3.0	4.0	5.0	6.0	7.0	8.0	9.0	10.0	11.0	12.0	13.0	14.0	15.0	16.0	17.0	18.0	19.0	20.0	21.0	22.0	23.0	24.0	25.0	26.0	27.0	28.0	29.0	30.0	31.0	32.0	33.0	34.0	35.0	36.0	37.0	38.0	39.0	40.0	41.0	42.0	43.0	44.0	45.0	46.0	47.0	48.0	49.0	50.0	51.0	52.0	53.0	54.0	55.0	56.0	57.0	58.0	59.0	60.0	61.0	62.0	63.0	64.0	65.0	66.0	67.0	68.0	69.0	70.0	71.0	72.0	73.0	74.0	75.0	76.0	77.0	78.0	79.0	80.0	81.0	82.0	83.0	84.0	85.0	86.0	87.0	88.0	89.0	90.0	91.0	92.0	93.0	94.0	95.0	96.0	97.0	98.0	99.0	100.0	101.0	102.0	103.0	104.0	105.0	106.0	107.0	108.0	109.0	110.0	111.0	112.0	113.0	114.0	115.0	116.0	117.0	118.0	119.0	120.0	121.0	122.0	123.0	124.0	125.0	126.0	127.0	128.0	129.0	130.0	131.0	132.0	133.0	134.0	135.0	136.0	137.0	138.0	139.0	140.0	141.0	142.0	143.0	144.0	145.0	146.0	147.0	148.0	149.0	149.0	150.0	151.0	152.0	153.0	154.0	155.0	156.0	157.0	158.0	159.0	160.0	161.0	162.0	163.0	164.0	165.0	166.0	167.0	168.0	169.0	170.0	171.0	172.0	173.0	174.0	175.0	176.0	177.0	178.0	179.0	180.0	181.0	182.0	183.0	184.0	185.0	186.0	187.0	188.0	189.0	190.0	191.0	192.0	193.0	194.0	195.0	196.0	197.0	198.0	199.0	200.0	201.0	202.0	203.0	204.0	205.0	206.0	207.0	208.0	209.0	210.0	211.0	212.0	213.0	214.0	215.0	216.0	217.0	218.0	219.0	220.0	221.0	222.0	223.0	224.0	225.0	226.0	227.0	228.0	229.0	230.0	231.0	232.0	233.0	234.0	235.0	236.0	237.0	238.0	239.0	240.0	241.0	242.0	243.0	244.0	245.0	246.0	247.0	248.0	249.0	250.0	251.0	252.0	253.0	254.0	255.0	256.0	257.0	258.0	259.0	260.0	261.0	262.0	263.0	264.0	265.0	266.0	267.0	268.0	269.0	270.0	271.0	272.0	273.0	274.0	275.0	276.0	277.0	278.0	279.0	280.0	281.0	282.0	283.0	284.0	285.0	286.0	287.0	288.0	289.0	290.0	291.0	292.0	293.0	294.0	295.0	296.0	297.0	298.0	298.0
4096.87566715327
