3120.6559868354084	300.0	2000.0	152.1732560555159	0	0.0	3120.6559868354084	1	0	1	-1.2219559588892142
3290.9455127516107	300.0	2812.6815214921776	0.0	0	0.0	3103.6270342437883	1	0	2	-0.7107174677057883
4200.0	500.0	2812.7215855189493	0.0	0	668.8640146354819	3012.7215855189497	1	0	2	-0.5052250386569971
5200.0	500.0	2712.7215855189484	0.0	0	657.8349900664434	2912.721585518949	1	0	2	0.015553465214095605
6200.0	500.0	2612.721585518948	0.0	0	708.308879384409	2812.7215855189484	1	0	2	0.025553465214095704
7200.0	500.0	2512.721585518947	0.0	0	748.9874200400309	2712.721585518948	1	0	2	0.035553465214095754
8200.0	1000.0	2412.7215855189474	0.0	0	491.03244414493474	2612.721585518949	1	0	2	0.04559689071711273
9200.0	1000.0	2312.7215855189456	0.0	0	341.3767242572485	2512.721585518947	1	0	2	0.7489264585383406
10268.229381905492	2000.0	2244.4922036134517	0.0	0	0.0	2512.7215855189443	1	0	1	0.7527006457740415
11452.570800175963	2000.0	2060.150785342981	0.0	0	0.0	2512.7215855189424	1	0	1	1.645847826333987
12332.03316097495	2000.0	2180.6884245439933	0.0	0	0.0	2512.7215855189424	1	0	1	1.645847826333987
13254.693917561368	2000.0	2258.0276679575745	0.0	0	0.0	2512.7215855189424	1	0	1	1.645847826333987
14473.237149813347	2000.0	1917.630112480399	0.0	0	0.0	2390.8672622937465	1	0	2	1.2550644500828527
15678.846565581181	2000.0	1712.0206967125634	0.0	0	0.0	2390.8672622937465	1	0	1	1.4580332586565063
16532.613597188345	2000.0	1858.2536651053995	0.0	0	0.0	2390.8672622937465	1	0	1	1.6580332586565065
17200.0	1000.0	2190.8672622937434	0.0	0	121.59023684925705	2390.8672622937465	1	0	1	0.2717388975366163
18200.0	1000.0	2190.867262293749	0.0	0	485.2141970264747	2390.867262293754	1	0	1	0.9648860780965609
19200.0	2000.0	2190.867262293744	0.0	0	203.7617432489351	2390.867262293752	1	0	1	0.9648860780965609
20200.0	2000.0	2090.8672622937415	0.0	0	1.8548537681635935	2290.8672622937484	1	0	2	1.2653523596712621
21200.0	2000.0	2090.867262293739	0.0	0	143.90502725555416	2290.8672622937484	1	0	1	1.4680332586565061
22200.0	2000.0	2090.867262293738	0.0	0	255.51339886183996	2290.8672622937484	1	0	1	1.6680332586565063
23200.0	2000.0	2090.8672622937347	0.0	0	271.37998193207386	2290.8672622937447	1	0	1	1.668033258656507
24200.0	2000.0	2090.867262293731	0.0	0	212.14158671851328	2290.867262293741	1	0	1	1.6680332586565072
25200.0	2000.0	2090.8672622937306	0.0	0	165.38890562573215	2290.867262293741	1	0	1	1.6680332586565072
26200.0	2000.0	2090.8672622937283	0.0	0	362.03127227985533	2290.8672622937447	1	0	1	1.668033258656507
27200.0	2000.0	2090.8672622937243	0.0	0	118.82833705445591	2290.8672622937447	1	0	1	1.668033258656507
28200.0	3000.0	2090.8672622937274	0.0	0	172.7201894102618	2290.8672622937447	1	0	1	1.6680332586565072
29231.01518959896	3000.0	2059.8520726947695	0.0	0	0.0	2290.8672622937484	1	0	1	2.073498366764671
30211.604531037403	3000.0	2079.262731256326	0.0	0	0.0	2290.8672622937484	1	0	1	2.073498366764671
31200.0	3000.0	2090.867262293731	0.0	0	272.7653703003307	2290.8672622937484	1	0	1	2.073498366764671
32335.89377175397	3000.0	1954.9734905397609	0.0	0	0.0	2290.8672622937447	1	0	1	2.073498366764672
33878.88592460838	3000.0	1411.9813376853474	0.0	0	0.0	2290.8672622937374	1	0	1	2.073498366764672
34925.97204860579	3000.0	1364.895213687943	0.0	0	0.0	2290.8672622937484	1	0	1	2.073498366764672
35954.39264565198	3000.0	1336.4746166417617	0.0	0	0.0	2290.867262293752	1	0	1	2.073498366764671
37232.32950564183	3000.0	1058.5377566519096	0.0	0	0.0	2290.8672622937593	1	0	1	2.07349836676467
38441.01681732889	3000.0	849.8504449648486	0.0	0	0.0	2290.8672622937593	1	0	1	2.07349836676467
39954.99916676328	3000.0	335.86809553045634	0.0	0	0.0	2290.8672622937665	1	0	1	2.0734983667646696
40876.945041740284	2000.0	515.156265842131	101.23404528867974	0	0.0	2392.101307582445	1	0	1	0.6450404742873938
41791.10082873704	2000.0	601.0004788453812	0.0	0	0.0	2392.101307582445	1	0	1	1.657909854127637
42418.318202362265	2000.0	973.7831052201634	0.0	0	0.0	2392.1013075824376	1	0	1	1.6579098541276376
43484.5595088502	3000.0	907.5417987322246	0.0	0	0.0	2392.1013075824303	1	0	1	1.6579098541276385
44088.974920637025	2000.0	1303.1263869453894	0.0	0	0.0	2392.101307582423	1	0	1	1.2524447460194745
44881.390870654475	2000.0	1510.710436927939	0.0	0	0.0	2392.101307582423	1	0	1	1.6579098541276391
45682.958822059074	2000.0	1709.1424855233395	0.0	0	0.0	2392.1013075824158	1	0	1	1.6579098541276396
46475.08526740507	2000.0	1837.803395642747	0.0	0	0.0	2312.888663047823	1	0	2	1.2636078403807642
47739.119930431894	3000.0	1573.7687326159207	0.0	0	0.0	2312.888663047823	1	0	1	1.4658311185810988
48752.46756905933	3000.0	1560.421093988489	0.0	0	0.0	2312.888663047823	1	0	1	2.0712962266892636
49342.373488105506	2000.0	1970.5151749423048	0.0	0	0.0	2312.8886630478155	1	0	1	1.2603660104729353
50268.00304844179	3000.0	2044.885614606023	0.0	0	0.0	2312.8886630478155	1	0	1	1.6658311185811
51328.47897902628	3000.0	1984.4096840215248	0.0	0	0.0	2312.8886630478155	1	0	1	2.0712962266892645
52200.0	2000.0	2112.888663047809	0.0	0	214.4137054646053	2312.8886630478155	1	0	1	1.2603660104729353
53200.0	2000.0	2012.8886630478019	0.0	0	217.38120586195146	2212.8886630478155	1	0	2	1.2724148374568824
54200.0	3000.0	2012.8886630478	0.0	0	163.12563064519054	2212.888663047808	1	0	1	1.4758311185811002
55475.19376650582	3000.0	1737.6948965419742	0.0	0	0.0	2212.888663047808	1	0	1	2.0812962266892656
57237.77622364397	3000.0	975.1124394038256	0.0	0	0.0	2212.888663047808	1	0	1	2.0812962266892656
58217.841329650386	2000.0	995.0473333974096	0.0	0	0.0	2212.888663047808	1	0	1	1.2703660104729357
59153.663002160974	2000.0	1059.2256608868236	0.0	0	0.0	2212.888663047808	1	0	1	1.6758311185811003
60318.18392239953	2000.0	894.7047406482754	0.0	0	0.0	2212.8886630478155	1	0	1	1.6758311185810997
61721.50633336471	2000.0	491.38232968308665	0.0	0	0.0	2212.8886630478155	1	0	1	1.6758311185810997
63417.06423768111	2000.0	207.54147405741503	411.7170486907214	0	0.0	2624.6057117385208	1	0	1	-0.8347161492477213
63841.92450385256	1000.0	793.6310636748279	10.9498557888638	0	0.0	2635.5555675273863	1	0	1	0.1815709322800696
65096.066846930946	1000.0	539.488720596444	0.0	0	0.0	2635.5555675273936	1	0	1	0.9404172475731969
65903.95892072358	1000.0	731.5966468038058	0.0	0	0.0	2635.5555675273863	1	0	1	0.9404172475731973
66562.97353643765	1000.0	1006.6805695183443	0.0	0	0.0	2569.6541059559895	1	0	2	0.5452392103677964
67209.09735188556	1000.0	1360.5567540704424	0.0	0	0.0	2569.654105956004	1	0	1	0.7470073937303364
67991.47824626985	1000.0	1499.9377702477145	0.0	0	0.0	2491.4160165175635	1	0	2	0.5532927145751183
68519.80581122708	1000.0	1971.610205290485	0.0	0	0.0	2491.4160165175563	1	0	1	0.7548312026741804
69200.0	1000.0	2223.3965976402574	0.0	0	284.4333165715798	2423.3965976402396	1	0	2	0.5586924465401565
70200.0	1000.0	2223.396597640255	0.0	0	412.57402493029076	2423.3965976402396	1	0	1	0.761633144561912
71200.0	1000.0	2223.396597640241	0.0	0	348.9544870515674	2423.3965976402396	1	0	1	0.9616331445619122
72200.0	1000.0	2223.396597640234	0.0	0	421.51072282089444	2423.3965976402396	1	0	1	0.9616331445619122
73200.0	1000.0	2123.396597640222	0.0	0	398.2144159710733	2323.3965976402105	1	0	2	0.5677963748227725
74200.0	1000.0	2123.3965976402224	0.0	0	336.1486407644261	2323.3965976402105	1	0	1	0.771633144561915
75200.0	1000.0	2023.3965976402296	0.0	0	337.5883652343182	2223.3965976402105	1	0	2	0.5778296946760687
76200.0	2000.0	2023.3965976402087	0.0	0	99.2684587660915	2223.3965976402105	1	0	1	0.7816331445619148
77200.0	2000.0	2023.396597640215	0.0	0	89.07889134479046	2223.396597640225	1	0	1	1.6747803251218587
78200.0	2000.0	2023.396597640207	0.0	0	60.06545601654216	2223.3965976402105	1	0	1	1.6747803251218603
79269.47524872894	2000.0	1953.9213489112576	0.0	0	0.0	2223.3965976402105	1	0	1	1.6747803251218603
80833.9988862865	2000.0	1389.3977113537042	0.0	0	0.0	2223.3965976402105	1	0	1	1.6747803251218603
81884.3475587491	2000.0	1339.049038891102	0.0	0	0.0	2223.3965976402105	1	0	1	1.6747803251218603
82706.9804173264	2000.0	1516.4161803138168	0.0	0	0.0	2223.3965976402105	1	0	1	1.6747803251218603
83841.75849823841	2000.0	1381.6380994018095	0.0	0	0.0	2223.3965976402105	1	0	1	1.6747803251218603
84585.70959429456	2000.0	1637.6870033456723	0.0	0	0.0	2223.396597640225	1	0	1	1.6747803251218587
85200.0	2000.0	2023.39659764023	0.0	0	71.05766019961447	2223.396597640225	1	0	1	1.6747803251218587
86200.0	2000.0	2023.3965976402524	0.0	0	170.44804341957206	2223.396597640225	1	0	1	1.6747803251218587
87316.41324082969	2000.0	1906.9833568105564	0.0	0	0.0	2223.396597640225	1	0	1	1.6747803251218587
88450.00213616803	2000.0	1773.3944614722038	0.0	0	0.0	2223.396597640225	1	0	1	1.6747803251218587
89389.58465469569	2000.0	1833.8119429445405	0.0	0	0.0	2223.396597640225	1	0	1	1.6747803251218587
90250.3314225377	2000.0	1973.065175102529	0.0	0	0.0	2223.396597640225	1	0	1	1.6747803251218587
91200.0	2000.0	2023.3965976402233	0.0	0	357.6498924350162	2223.396597640225	1	0	1	1.6747803251218587
92200.0	2000.0	2023.396597640211	0.0	0	479.91762362203735	2223.396597640225	1	0	1	1.6747803251218587
93200.0	2000.0	2023.3965976402005	0.0	0	595.5280263135501	2223.396597640225	1	0	1	1.6747803251218587
94200.0	3000.0	2023.3965976402087	0.0	0	380.4303294760175	2223.396597640225	1	0	1	1.674780325121859
95202.0111442844	3000.0	2021.3854533557997	0.0	0	66.77455660201667	2223.396597640225	1	0	1	2.0802454332300235
96455.65206369576	3000.0	1767.7445339444664	0.0	0	0.0	2223.3965976402396	1	0	1	2.080245433230022
97261.45146742694	2000.0	1961.9451302132884	0.0	0	0.0	2223.3965976402396	1	0	1	1.2693152170136928
98270.78411571718	3000.0	1952.6124819230397	0.0	0	0.0	2223.3965976402396	1	0	1	1.6747803251218576
99448.55823307954	3000.0	1774.8383645606739	0.0	0	0.0	2223.3965976402396	1	0	1	2.080245433230022
100327.04863111144	3000.0	1896.34796652878	0.0	0	0.0	2223.396597640225	1	0	1	2.0802454332300235
101200.0	3000.0	2023.3965976402087	0.0	0	95.11718078140984	2223.3965976402105	1	0	1	2.0802454332300253
102399.95009576515	3000.0	1823.4465018750668	0.0	0	0.0	2223.3965976402105	1	0	1	2.0802454332300253
103685.85763537759	3000.0	1537.538962262613	0.0	0	0.0	2223.3965976402105	1	0	1	2.0802454332300253
105254.34484807707	3000.0	969.0517495631208	0.0	0	0.0	2223.3965976402105	1	0	1	2.0802454332300253
106370.23022538798	2000.0	853.1663722522098	0.0	0	0.0	2223.3965976402105	1	0	1	1.2693152170136957
107026.53590645478	2000.0	1196.8606911854058	0.0	0	0.0	2223.3965976402105	1	0	1	1.6747803251218603
107431.74209864407	2000.0	1791.654498996114	0.0	0	0.0	2223.396597640225	1	0	1	1.6747803251218587
108200.0	3000.0	2023.3965976401755	0.0	0	72.54539341352938	2223.3965976402105	1	0	1	1.6747803251218607
109200.0	3000.0	2023.3965976401923	0.0	0	163.01093008491443	2223.3965976402105	1	0	1	2.0802454332300253
110288.84579975702	3000.0	1934.5507978831502	0.0	0	0.0	2223.3965976402105	1	0	1	2.0802454332300253
111390.95123906957	3000.0	1832.4453585706092	0.0	0	0.0	2223.396597640196	1	0	1	2.0802454332300266
112244.36311475627	3000.0	1979.0334828839123	0.0	0	0.0	2223.396597640196	1	0	1	2.0802454332300266
113490.06303022544	3000.0	1733.3335674147309	0.0	0	0.0	2223.3965976401814	1	0	1	2.080245433230028
114796.6050536395	3000.0	1296.137341659265	0.0	0	0.0	2092.7423952987738	1	0	2	1.6899464356758733
115998.23374832774	3000.0	1094.5086469710254	0.0	0	0.0	2092.7423952987738	1	0	1	1.8933108534641685
117178.3420785903	3000.0	914.4003167084738	0.0	0	0.0	2092.7423952987738	1	0	1	2.0933108534641685
118097.6235587204	3000.0	995.1188365783735	0.0	0	0.0	2092.7423952987738	1	0	1	2.0933108534641685
118964.58575466699	2000.0	1128.1566406317756	0.0	0	0.0	2092.7423952987738	1	0	1	1.2823806372478392
119611.11229398537	2000.0	1481.6301013134007	0.0	0	0.0	2092.7423952987738	1	0	1	1.6878457453560038
120579.68872181578	3000.0	1513.0536734830052	0.0	0	0.0	2092.7423952987738	1	0	1	1.687845745356004
121852.3813072064	3000.0	1240.3610880924107	0.0	0	0.0	2092.7423952987883	1	0	1	2.093310853464167
122576.19761764519	2000.0	1516.5447776536264	0.0	0	0.0	2092.7423952987883	1	0	1	1.282380637247838
123584.40035062682	3000.0	1508.3420446719829	0.0	0	0.0	2092.7423952987883	1	0	1	1.6878457453560027
126038.41784765401	3000.0	200.0	145.67545235520234	0	0.0	2238.417847653982	1	0	1	1.2163446302858494
127086.09789844092	2000.0	497.8939764042135	345.57402719111985	0	0.0	2583.991874845102	1	0	1	-0.8401884738535125
128088.93834072043	2000.0	523.6888302486102	28.63529612391676	0	0.0	2612.6271709690336	1	0	1	1.4640454910454774
128513.62276024134	1000.0	1099.004410727678	0.0	0	0.0	2612.6271709690336	1	0	1	0.24956290666908765
129408.4749526771	1000.0	1204.152218291908	0.0	0	0.0	2612.6271709690336	1	0	1	0.9427100872290328
130008.54722504018	1000.0	1604.0799459288187	0.0	0	0.0	2612.6271709690336	1	0	1	0.9427100872290328
130451.27402954486	1000.0	2161.353141424127	0.0	0	0.0	2612.6271709690336	1	0	1	0.9427100872290328
131200.0	1000.0	2337.7545739234756	0.0	0	130.0174543573812	2537.7545739235356	1	0	2	0.5477822890208683
132200.0	1000.0	2237.754573923487	0.0	0	530.3309577219188	2437.75457392355	1	0	2	0.7562576808323411
133200.0	1000.0	2137.7545739234956	0.0	0	484.8248372612288	2337.75457392355	1	0	2	0.7662745038979998
134200.0	1000.0	2137.7545739234647	0.0	0	413.7362999318866	2337.7545739235356	1	0	1	0.7701973469335823
135200.0	1000.0	2137.7545739234592	0.0	0	41.23627260775538	2337.7545739235065	1	0	1	0.9701973469335856
136200.0	1000.0	2037.754573923447	0.0	0	298.82414403159055	2237.7545739235065	1	0	2	0.5764957215764546
137200.0	1000.0	2037.7545739234483	0.0	0	218.86023347623996	2237.7545739235065	1	0	1	0.7801973469335853
138200.0	1000.0	2037.7545739234265	0.0	0	598.3914597511757	2237.7545739235065	1	0	1	0.9801973469335855
139200.0	1000.0	2037.7545739234502	0.0	0	447.8273161788238	2237.7545739235065	1	0	1	0.9801973469335855
140200.0	1000.0	2037.7545739234365	0.0	0	428.1986460334738	2237.7545739235356	1	0	1	0.9801973469335825
141200.0	1000.0	1937.7545739234101	0.0	0	320.80434298721957	2137.7545739234774	1	0	2	0.5864974669863503
142200.0	1000.0	1937.754573923386	0.0	0	442.28755612202804	2137.7545739234774	1	0	1	0.7901973469335882
143200.0	1000.0	1937.754573923397	0.0	0	286.911364242289	2137.7545739234483	1	0	1	0.9901973469335913
144200.0	1000.0	1937.7545739233674	0.0	0	487.4557381712657	2137.7545739234192	1	0	1	0.9901973469335943
145200.0	1000.0	1837.7545739233951	0.0	0	343.99383476458024	2037.7545739234192	1	0	2	0.5964242269907314
146200.0	1000.0	1837.7545739234124	0.0	0	278.90081725857453	2037.7545739234192	1	0	1	0.8001973469335941
147200.0	1000.0	1837.754573923405	0.0	0	502.27035576384515	2037.7545739234483	1	0	1	1.0001973469335914
148200.0	1000.0	1837.7545739233954	0.0	0	205.19161886238726	2037.7545739234483	1	0	1	1.0001973469335914
149200.0	1000.0	1837.754573923351	0.0	0	129.86970607956755	2037.7545739234483	1	0	1	1.0001973469335914
150200.0	1000.0	1737.7545739233576	0.0	0	492.22526331277913	1937.7545739234483	1	0	2	0.6063847385458291
151200.0	1000.0	1737.7545739233071	0.0	0	409.90549841930624	1937.7545739234192	1	0	1	0.8101973469335941
152200.0	1000.0	1737.7545739233253	0.0	0	439.18768507032655	1937.7545739234192	1	0	1	1.0101973469335943
153200.0	1000.0	1737.7545739233162	0.0	0	526.897254069685	1937.7545739234192	1	0	1	1.0101973469335943
154200.0	1000.0	1737.7545739232817	0.0	0	278.9073986962321	1937.754573923361	1	0	1	1.0101973469335983
155200.0	1000.0	1737.754573923275	0.0	0	618.1021162832621	1937.754573923361	1	0	1	1.0101973469336
156200.0	1000.0	1737.754573923247	0.0	0	469.7716674209223	1937.754573923332	1	0	1	1.0101973469336012
157200.0	1000.0	1737.7545739232335	0.0	0	592.0167613298981	1937.754573923361	1	0	1	1.0101973469336019
158200.0	1000.0	1737.7545739232298	0.0	0	346.8476644977054	1937.754573923361	1	0	1	1.0101973469336
159200.0	1000.0	1737.7545739232348	0.0	0	408.04221605087514	1937.7545739234192	1	0	1	1.010197346933596
160200.0	1000.0	1737.754573923285	0.0	0	611.1884992521082	1937.7545739234192	1	0	1	1.0101973469335943
161200.0	1000.0	1737.7545739232821	0.0	0	480.2631593561382	1937.7545739234192	1	0	1	1.0101973469335943
162200.0	1000.0	1737.7545739232605	0.0	0	400.7549425763427	1937.7545739233901	1	0	1	1.0101973469335972
163200.0	1000.0	1737.7545739232853	0.0	0	364.0059831037652	1937.7545739234192	1	0	1	1.010197346933596
164200.0	1000.0	1737.754573923292	0.0	0	453.3020443043497	1937.7545739234192	1	0	1	1.0101973469335943
165200.0	2000.0	1737.7545739232662	0.0	0	100.19937291974202	1937.7545739234192	1	0	1	1.010197346933594
166256.58389515168	2000.0	1681.1706787716125	0.0	0	0.0	1937.7545739234483	1	0	1	1.7033445274935366
167200.0	2000.0	1737.754573923283	0.0	0	186.7300013830245	1937.7545739234483	1	0	1	1.7033445274935366
168200.0	2000.0	1737.7545739232944	0.0	0	23.38674011317198	1937.7545739234483	1	0	1	1.7033445274935366
169200.0	2000.0	1737.7545739233224	0.0	0	214.62978524685604	1937.7545739234483	1	0	1	1.7033445274935366
170200.0	2000.0	1737.7545739233567	0.0	0	287.61442465757136	1937.7545739234774	1	0	1	1.7033445274935335
171200.0	2000.0	1737.754573923332	0.0	0	362.68865876973723	1937.7545739234192	1	0	1	1.7033445274935377
172200.0	2000.0	1737.7545739233333	0.0	0	246.16958995288587	1937.7545739233901	1	0	1	1.7033445274935404
173200.0	2000.0	1737.754573923366	0.0	0	247.92322412354406	1937.7545739233901	1	0	1	1.7033445274935421
174200.0	2000.0	1737.754573923392	0.0	0	120.02937589856447	1937.7545739233901	1	0	1	1.7033445274935421
175200.0	2000.0	1737.7545739233622	0.0	0	159.691913910734	1937.754573923361	1	0	1	1.7033445274935453
176200.0	2000.0	1737.7545739233783	0.0	0	91.47211268081446	1937.754573923361	1	0	1	1.7033445274935453
177200.0	2000.0	1737.7545739233578	0.0	0	73.01715899858391	1937.754573923332	1	0	1	1.7033445274935484
178200.0	2000.0	1737.754573923365	0.0	0	488.8830232223845	1937.754573923332	1	0	1	1.7033445274935484
179200.0	2000.0	1737.7545739233424	0.0	0	567.6219443404698	1937.754573923332	1	0	1	1.7033445274935484
180200.0	2000.0	1737.7545739233396	0.0	0	300.1514265901351	1937.754573923332	1	0	1	1.7033445274935484
181200.0	3000.0	1637.754573923321	0.0	0	108.25157408067025	1837.754573923361	1	0	2	1.3100044576269991
182473.10166704265	3000.0	1364.6529068806788	0.0	0	0.0	1837.754573923332	1	0	1	1.9188096356017121
183695.8612394715	3000.0	1141.8933344518389	0.0	0	0.0	1837.754573923361	1	0	1	2.11880963560171
184260.1073956491	2000.0	1577.6471782742592	0.0	0	0.0	1837.7545739233901	1	0	1	1.3078794193853776
185210.40139760636	3000.0	1627.3531763169885	0.0	0	0.0	1837.7545739233901	1	0	1	1.7133445274935426
186278.4788086923	3000.0	1559.2757652310147	0.0	0	0.0	1837.7545739233901	1	0	1	2.118809635601707
187531.03058115247	3000.0	1306.7239927708429	0.0	0	0.0	1837.7545739233901	1	0	1	2.118809635601707
188652.8442908931	3000.0	1184.910283030213	0.0	0	0.0	1837.754573923361	1	0	1	2.11880963560171
189935.44741594448	3000.0	902.3071579788333	0.0	0	0.0	1837.754573923332	1	0	1	2.1188096356017128
190963.636339046	2000.0	874.1182348773197	0.0	0	0.0	1837.754573923332	1	0	1	1.3078794193853835
191453.71017018368	2000.0	1384.0444037396144	0.0	0	0.0	1837.754573923332	1	0	1	1.7133445274935482
192200.0	2000.0	1637.7545739232924	0.0	0	175.95651968821767	1837.754573923332	1	0	1	1.7133445274935482
193200.0	2000.0	1637.75457392326	0.0	0	212.27210248081246	1837.754573923332	1	0	1	1.7133445274935482
194200.0	2000.0	1637.754573923281	0.0	0	378.8359103918774	1837.754573923361	1	0	1	1.7133445274935473
195256.53543403573	2000.0	1581.219139887523	0.0	0	0.0	1837.754573923361	1	0	1	1.7133445274935453
196292.20588405264	2000.0	1545.5486898706238	0.0	0	0.0	1837.7545739233901	1	0	1	1.7133445274935422
197200.0	2000.0	1637.7545739232594	0.0	0	138.24913407393615	1837.7545739233901	1	0	1	1.7133445274935422
198200.0	2000.0	1637.7545739232917	0.0	0	236.59679011674598	1837.7545739234483	1	0	1	1.7133445274935384
199200.0	3000.0	1637.7545739233021	0.0	0	4.999864275101572	1837.7545739234774	1	0	1	1.7133445274935337
200219.39115652186	3000.0	1618.363417401451	0.0	0	0.0	1837.7545739234774	1	0	1	2.118809635601698
201200.0	2000.0	1637.754573923288	0.0	0	201.429618609749	1837.7545739234774	1	0	1	1.307879419385369
202200.0	2000.0	1637.7545739233024	0.0	0	239.56676144493395	1837.7545739235065	1	0	1	1.7133445274935322
203200.0	2000.0	1637.7545739233076	0.0	0	386.6521758517192	1837.7545739235065	1	0	1	1.7133445274935304
204200.0	2000.0	1637.7545739233133	0.0	0	151.1096228765964	1837.7545739235065	1	0	1	1.7133445274935304
205261.31935410702	2000.0	1576.435219816301	0.0	0	0.0	1837.7545739235356	1	0	1	1.7133445274935282
206466.31945274543	2000.0	1371.4351211779183	0.0	0	0.0	1837.7545739235356	1	0	1	1.7133445274935277
207247.1811086967	2000.0	1590.5734652266544	0.0	0	0.0	1837.7545739235356	1	0	1	1.7133445274935277
208200.0	1000.0	1637.7545739233772	0.0	0	403.89106429641834	1837.7545739235356	1	0	1	0.32705016637363743
209293.01411800372	2000.0	1544.740455919618	0.0	0	0.0	1837.7545739235356	1	0	1	1.0201973469335825
210238.87776944382	2000.0	1598.8768044795152	0.0	0	0.0	1837.7545739235356	1	0	1	1.7133445274935277
211531.670871073	2000.0	1306.08370285033	0.0	0	0.0	1837.7545739235356	1	0	1	1.7133445274935277
212795.2727550993	2000.0	1042.4818188240306	0.0	0	0.0	1837.7545739235356	1	0	1	1.7133445274935277
214508.43779181963	2000.0	329.3167821037082	0.0	0	0.0	1837.7545739235647	1	0	1	1.7133445274935255
215156.51084083377	1000.0	763.9330594477858	82.68932635820553	0	0.0	1920.443900281738	1	0	1	-0.17735472441141586
215764.5989156251	1000.0	1155.8449846564467	0.0	0	0.0	1920.443900281738	1	0	1	1.0119284142977625
216340.36321662887	1000.0	1580.0806836526663	0.0	0	0.0	1920.4439002817671	1	0	1	1.0119284142977594
217200.0	1000.0	1720.4439002815416	0.0	0	123.20328268856974	1920.4439002817671	1	0	1	1.0119284142977594
218200.0	1000.0	1720.443900281535	0.0	0	429.345211628417	1920.443900281738	1	0	1	1.0119284142977607
219200.0	1000.0	1720.4439002815566	0.0	0	335.27538285494666	1920.4439002817962	1	0	1	1.0119284142977585
220200.0	1000.0	1720.4439002815466	0.0	0	301.5440296648303	1920.4439002817671	1	0	1	1.0119284142977576
221200.0	1000.0	1720.443900281561	0.0	0	283.6992567026173	1920.4439002817962	1	0	1	1.0119284142977567
222200.0	1000.0	1720.443900281587	0.0	0	344.1877226292272	1920.4439002818253	1	0	1	1.0119284142977536
223200.0	1000.0	1720.4439002815777	0.0	0	276.3149178622116	1920.4439002818253	1	0	1	1.0119284142977536
224200.0	1000.0	1720.4439002815689	0.0	0	83.67617712181527	1920.4439002817962	1	0	1	1.0119284142977567
225200.0	1000.0	1720.4439002815739	0.0	0	318.3968222422118	1920.4439002818253	1	0	1	1.0119284142977554
226200.0	1000.0	1720.4439002815732	0.0	0	525.201859504974	1920.4439002817962	1	0	1	1.0119284142977567
227200.0	1000.0	1720.4439002815948	0.0	0	572.9155966976832	1920.4439002818253	1	0	1	1.0119284142977554
228200.0	1000.0	1720.4439002815811	0.0	0	396.7507061168144	1920.4439002817962	1	0	1	1.0119284142977567
229200.0	1000.0	1720.4439002815984	0.0	0	356.19704443303635	1920.4439002818253	1	0	1	1.0119284142977536
230200.0	1000.0	1720.4439002816353	0.0	0	521.5563387872535	1920.4439002818253	1	0	1	1.0119284142977536
231200.0	1000.0	1720.443900281648	0.0	0	389.23494532852783	1920.4439002818544	1	0	1	1.011928414297751
232200.0	1000.0	1720.4439002816348	0.0	0	467.96988908419735	1920.4439002818835	1	0	1	1.0119284142977496
233200.0	1000.0	1720.443900281623	0.0	0	593.124397993146	1920.4439002818835	1	0	1	1.0119284142977478
234200.0	1000.0	1620.4439002816462	0.0	0	526.7565953526064	1820.4439002819418	1	0	2	0.6180129702228772
235200.0	1000.0	1620.4439002816164	0.0	0	552.5458855502657	1820.4439002819709	1	0	1	0.8219284142977407
236200.0	1000.0	1620.443900281596	0.0	0	583.3921949611104	1820.4439002819709	1	0	1	1.0219284142977392
237200.0	1000.0	1620.4439002815989	0.0	0	540.6337333172269	1820.4439002819709	1	0	1	1.0219284142977392
238200.0	1000.0	1620.443900281615	0.0	0	526.822456406313	1820.4439002819418	1	0	1	1.0219284142977403
239200.0	2000.0	1620.4439002815893	0.0	0	239.00744377984665	1820.4439002819126	1	0	1	1.0219284142977432
240200.0	2000.0	1620.443900281597	0.0	0	297.09513935857103	1820.4439002819418	1	0	1	1.715075594857687
241200.0	1000.0	1620.4439002816139	0.0	0	728.9593421489117	1820.4439002819418	1	0	1	0.3287812337377968
242200.0	1000.0	1620.4439002815977	0.0	0	752.1549771410355	1820.4439002819709	1	0	1	1.021928414297741
243200.0	2000.0	1620.4439002815795	0.0	0	563.6548128990107	1820.4439002819418	1	0	1	1.0219284142977403
244200.0	2000.0	1620.4439002815552	0.0	0	424.0417824156175	1820.4439002819709	1	0	1	1.7150755948576843
245509.58947324986	3000.0	1310.854427031671	0.0	0	0.0	1820.4439002819709	1	0	1	1.7150755948576846
246737.58105130156	3000.0	1082.862848979967	0.0	0	0.0	1820.4439002819418	1	0	1	2.120540702965852
247735.980037272	3000.0	1084.4638630095233	0.0	0	0.0	1820.4439002819709	1	0	1	2.120540702965849
248867.2326565646	3000.0	953.2112437169116	0.0	0	0.0	1820.4439002819709	1	0	1	2.120540702965849
249573.46990801967	3000.0	1246.9739922618207	0.0	0	0.0	1820.443900282	1	0	1	2.120540702965846
250446.42408819424	2000.0	1374.0198120872394	0.0	0	0.0	1820.443900282	1	0	1	1.3096104867495166
251378.53044127132	2000.0	1441.913459010137	0.0	0	0.0	1820.443900282	1	0	1	1.7150755948576812
252200.0	2000.0	1620.4439002814468	0.0	0	115.68355037353467	1820.443900282	1	0	1	1.7150755948576812
253264.48284084574	3000.0	1555.961059435719	0.0	0	54.15398497777642	1820.443900282	1	0	1	1.7150755948576815
254850.6851441262	2000.0	969.7587561552828	0.0	0	0.0	1820.443900282	1	0	1	1.3096104867495166
255722.71681125087	3000.0	1097.7270890306265	0.0	0	0.0	1820.443900282	1	0	1	1.7150755948576815
256406.68875086488	2000.0	1413.7551494165898	0.0	0	0.0	1820.443900282	1	0	1	1.3096104867495166
257200.0	2000.0	1620.4439002814843	0.0	0	166.03272992794518	1820.4439002819709	1	0	1	1.7150755948576843
258200.0	2000.0	1620.4439002814872	0.0	0	500.1026230471325	1820.4439002819709	1	0	1	1.7150755948576843
259200.0	2000.0	1620.4439002814697	0.0	0	338.9808965038974	1820.4439002819418	1	0	1	1.715075594857687
260200.0	3000.0	1620.4439002814984	0.0	0	197.91215562503203	1820.4439002819418	1	0	1	1.7150755948576872
261200.0	3000.0	1620.4439002814995	0.0	0	158.11900996419718	1820.4439002819418	1	0	1	2.120540702965852
262947.1271416174	3000.0	873.316758664092	0.0	0	0.0	1820.4439002819709	1	0	1	2.12054070296585
263908.1223498157	3000.0	912.321550465865	0.0	0	0.0	1820.443900282	1	0	1	2.120540702965849
265034.35433762666	3000.0	786.0895626549307	0.0	0	0.0	1820.4439002819709	1	0	1	2.120540702965849
266031.44055280555	2000.0	789.003347476086	0.0	0	0.0	1820.4439002819709	1	0	1	1.3096104867495197
266950.50508082664	2000.0	869.9388194550181	0.0	0	0.0	1820.4439002819709	1	0	1	1.7150755948576843
267667.7141270813	2000.0	1152.7297732004472	0.0	0	0.0	1820.4439002819709	1	0	1	1.7150755948576843
268227.5163525517	2000.0	1592.9275477300969	0.0	0	0.0	1820.4439002819709	1	0	1	1.7150755948576843
269200.0	2000.0	1620.443900281809	0.0	0	310.3143613441498	1820.443900282029	1	0	1	1.7150755948576784
270200.0	2000.0	1620.443900281815	0.0	0	560.6613804280641	1820.443900282029	1	0	1	1.7150755948576784
271200.0	2000.0	1620.4439002817562	0.0	0	327.0957448625704	1820.4439002819709	1	0	1	1.7150755948576843
272200.0	2000.0	1520.443900281753	0.0	0	256.8071602685377	1720.443900282029	1	0	2	1.3216211493424121
273401.6257806877	2000.0	1318.8181195940724	0.0	0	0.0	1720.4439002820873	1	0	1	1.5250755948576724
275099.89191361034	2000.0	620.5519866714511	0.0	0	0.0	1720.4439002820873	1	0	1	1.7250755948576726
276719.7573953025	2000.0	206.36389678473796	205.67739180551084	0	0.0	1926.1212920873077	1	0	1	0.4704435048440854
277845.1601642436	2000.0	403.7612466213572	322.8001187776257	0	0.0	2248.921410865092	1	0	1	-0.26457286886637776
279409.540732691	2000.0	328.60216678539433	489.22148861141414	0	0.0	2738.1428994765156	1	0	1	-1.3120232367302547
279913.90399232035	1000.0	824.2389071560792	0.0	0	0.0	2738.142899476574	1	0	1	0.23701133381833603
280451.5616664511	1000.0	1286.5812330253716	0.0	0	0.0	2738.142899476574	1	0	1	0.9301585143782788
280784.07166129944	1000.0	1920.8202386922187	0.0	0	0.0	2704.8918999917223	1	0	2	0.5327029121402107
282134.10245863616	2000.0	1570.789441355526	0.0	0	0.0	2704.8918999917223	1	0	1	0.7334836143267636
283949.8882749233	2000.0	573.4250434396819	0.0	0	0.0	2523.3133183630416	1	0	2	1.2390857682641438
284858.0038933788	1000.0	665.3094249842748	0.0	0	0.0	2523.3133183630416	1	0	1	0.05849429192968675
285561.47522208665	1000.0	961.8380962763769	0.0	0	0.0	2523.3133183630416	1	0	1	0.951641472489632
286056.34892073175	1000.0	1466.9643976311963	0.0	0	0.0	2523.3133183630416	1	0	1	0.951641472489632
286614.3387746947	1000.0	1908.9745436682815	0.0	0	0.0	2523.3133183630416	1	0	1	0.951641472489632
287200.0	1000.0	2323.3133183629866	0.0	0	63.31948769482551	2523.3133183630416	1	0	1	0.951641472489632
288200.0	2000.0	2223.313318363048	0.0	0	10.517070871312171	2423.313318363158	1	0	2	0.558581768447366
289449.83766186825	2000.0	1973.4756564948127	0.0	0	0.0	2423.313318363158	1	0	1	1.4547886530495655
290647.39975262235	2000.0	1775.9135657406507	0.0	0	0.0	2423.3133183631	1	0	1	1.6547886530495715
292239.298540777	2000.0	1184.0147775860673	0.0	0	0.0	2423.313318363158	1	0	1	1.6547886530495681
293554.14154356264	2000.0	869.1717748004214	0.0	0	0.0	2423.3133183632162	1	0	1	1.6547886530495597
294351.73729378317	1000.0	1071.576024579892	0.0	0	0.0	2423.3133183632162	1	0	1	0.26849429192966934
294968.4504119099	1000.0	1454.8629064532076	0.0	0	0.0	2423.3133183632162	1	0	1	0.9616414724896145
295583.9425770442	1000.0	1839.3707413188877	0.0	0	0.0	2423.3133183632162	1	0	1	0.9616414724896145
296239.7647057885	1000.0	2183.548612574594	0.0	0	0.0	2423.3133183632744	1	0	1	0.9616414724896087
297200.0	1000.0	2223.313318363049	0.0	0	346.8714485943201	2423.3133183632162	1	0	1	0.9616414724896145
298200.0	1000.0	2223.3133183630835	0.0	0	362.51673025649507	2423.3133183632744	1	0	1	0.9616414724896123
299200.0	1000.0	2223.3133183630307	0.0	0	309.506933734403	2423.3133183632162	1	0	1	0.961641472489611
300200.0	1000.0	2223.3133183629866	0.0	0	499.51000695995754	2423.3133183632162	1	0	1	0.9616414724896145
2.18	1.88	2.43	2.37	2.86	1.97	2.18	2.28	1.84	2.57	1.81	1.87	1.99	2.88	2.05	1.89	2.06	1.97	2.59	2.95	2.19	2.33	2.49	2.8	2.71	3.23	4.03	3.95	2.62	2.5	2.14	2.93	3.97	3.31	2.65	2.36	2.25	1.59	2.44	3.15	3.13	3.01	2.99	2.15	2.86	2.63	3.65	3.17	2.24	2.94	3.21	3.0	1.66	1.78	2.19	1.82	1.77	1.64	1.68	1.39	1.9	0.89	0.87	1.91	1.27	1.93	2.17	1.81	1.8	2.28	1.7	1.49	1.47	2.09	2.63	1.93	1.83	1.66	1.98	2.1	1.78	2.84	3.61	2.0	1.89	1.85	2.57	3.16	4.45	5.66	6.78	3.79	1.78	2.39	2.32	2.36	3.31	3.27	2.92	2.44	3.3	1.34	1.68	2.88	3.89	5.03	3.75	3.44	3.08	2.17	1.96	2.63	2.43	2.64	2.46	2.7	3.82	4.19	2.92	2.82	2.75	1.83	0.97	1.47	1.58	1.92	1.16	1.78	2.58	2.05	1.61	1.0	1.52	1.64	2.33	2.69	1.88	1.99	2.05	1.46	2.03	1.89	1.59	2.18	1.73	1.27	1.56	2.51	1.84	2.19	2.18	1.88	2.43	2.37	2.86	1.97	2.18	2.28	1.84	2.57	1.81	1.87	1.99	2.88	2.05	1.89	2.06	1.97	2.59	2.95	2.19	2.33	2.49	2.8	2.71	3.23	4.03	3.95	2.62	2.5	2.14	2.93	3.97	3.31	2.65	2.36	2.25	1.59	2.44	3.15	3.13	3.01	2.99	2.15	2.86	2.63	3.65	3.17	2.24	2.94	3.21	3.0	1.66	1.78	2.19	1.82	1.77	1.64	1.68	1.39	1.9	0.89	0.87	1.91	1.27	1.93	2.17	1.81	1.8	2.28	1.7	1.49	1.47	2.09	2.63	1.93	1.83	1.66	1.98	2.1	1.78	2.84	3.61	2.0	1.89	1.85	2.57	3.16	4.45	5.66	6.78	3.79	1.78	2.39	2.32	2.36	3.31	3.27	2.92	2.44	3.3	1.34	1.68	2.88	3.89	5.03	3.75	3.44	3.08	2.17	1.96	2.63	2.43	2.64	2.46	2.7	3.82	4.19	2.92	2.82	2.75	1.83	0.97	1.47	1.58	1.92	1.16	1.78	2.58	2.05	1.61	1.0	1.52	1.64	2.33	2.69	1.88	1.99	2.05	1.46	2.03	1.89	1.59	2.18	1.73	1.27	1.56	2.51	1.84	2.19	2.18	1.88
1.0	2.0	3.0	4.0	5.0	6.0	7.0	8.0	9.0	10.0	11.0	12.0	13.0	14.0	15.0	16.0	17.0	18.0	19.0	20.0	21.0	22.0	23.0	24.0	25.0	26.0	27.0	28.0	29.0	30.0	31.0	32.0	33.0	34.0	35.0	36.0	37.0	38.0	39.0	40.0	41.0	42.0	43.0	44.0	45.0	46.0	47.0	48.0	49.0	50.0	51.0	52.0	53.0	54.0	55.0	56.0	57.0	58.0	59.0	60.0	61.0	62.0	63.0	64.0	65.0	66.0	67.0	68.0	69.0	70.0	71.0	72.0	73.0	74.0	75.0	76.0	77.0	78.0	79.0	80.0	81.0	82.0	83.0	84.0	85.0	86.0	87.0	88.0	89.0	90.0	91.0	92.0	93.0	94.0	95.0	96.0	97.0	98.0	99.0	100.0	101.0	102.0	103.0	104.0	105.0	106.0	107.0	108.0	109.0	110.0	111.0	112.0	113.0	114.0	115.0	116.0	117.0	118.0	119.0	120.0	121.0	122.0	123.0	124.0	125.0	126.0	127.0	128.0	129.0	130.0	131.0	132.0	133.0	134.0	135.0	136.0	137.0	138.0	139.0	140.0	141.0	142.0	143.0	144.0	145.0	146.0	147.0	148.0	149.0	149.0	150.0	151.0	152.0	153.0	154.0	155.0	156.0	157.0	158.0	159.0	160.0	161.0	162.0	163.0	164.0	165.0	166.0	167.0	168.0	169.0	170.0	171.0	172.0	173.0	174.0	175.0	176.0	177.0	178.0	179.0	180.0	181.0	182.0	183.0	184.0	185.0	186.0	187.0	188.0	189.0	190.0	191.0	192.0	193.0	194.0	195.0	196.0	197.0	198.0	199.0	200.0	201.0	202.0	203.0	204.0	205.0	206.0	207.0	208.0	209.0	210.0	211.0	212.0	213.0	214.0	215.0	216.0	217.0	218.0	219.0	220.0	221.0	222.0	223.0	224.0	225.0	226.0	227.0	228.0	229.0	230.0	231.0	232.0	233.0	234.0	235.0	236.0	237.0	238.0	239.0	240.0	241.0	242.0	243.0	244.0	245.0	246.0	247.0	248.0	249.0	250.0	251.0	252.0	253.0	254.0	255.0	256.0	257.0	258.0	259.0	260.0	261.0	262.0	263.0	264.0	265.0	266.0	267.0	268.0	269.0	270.0	271.0	272.0	273.0	274.0	275.0	276.0	277.0	278.0	279.0	280.0	281.0	282.0	283.0	284.0	285.0	286.0	287.0	288.0	289.0	290.0	291.0	292.0	293.0	294.0	295.0	296.0	297.0	298.0	298.0	299.0	300.0
2819.6536743270876
