5822.803352732777	300.0	2000.0	136.2694275674208	0	0.0	5822.803352732777	1	0	1	-1.3972471028129458
5960.524960839739	300.0	2848.5062310823423	0.0	0	0.0	5809.031191922081	1	0	2	-0.9811735590331513
6154.143476156115	500.0	3635.5258642343297	0.0	0	0.0	5789.669340390445	1	0	2	-0.7793999615897637
6384.660367964403	500.0	4381.957283245214	0.0	0	0.0	5766.617651209616	1	0	2	-0.2663507752747191
6559.483099574437	500.0	5189.652278474176	0.0	0	0.0	5749.135378048612	1	0	2	-0.26438814378089315
7200.0	1000.0	5485.083688006055	0.0	0	288.7164905937125	5685.083688006056	1	0	2	-0.26053362841037336
8200.0	1000.0	5385.083688006053	0.0	0	691.8059213444867	5585.083688006054	1	0	2	0.44146443552533043
9200.0	2000.0	5285.083688006053	0.0	0	305.56013428987535	5485.083688006056	1	0	2	0.4515451577104806
10681.9639182881	3000.0	4654.923377889141	0.0	0	0.0	5336.887296177244	1	0	2	1.159624049951415
11808.025899378767	3000.0	4416.255198689409	0.0	0	0.0	5224.281098068177	1	0	2	1.5776734120205802
12713.94571605474	3000.0	4419.743400345835	0.0	0	0.0	5133.6891164005765	1	0	2	1.5872932460420228
13702.064691439575	3000.0	4332.8125274225185	0.0	0	0.0	5034.877218862093	1	0	2	1.5967538639938352
14380.074642843281	3000.0	4587.001580878443	0.0	0	0.0	4967.076223721724	1	0	2	1.6042666340844458
15200.0	3000.0	4685.0836880060515	0.0	0	322.0319855852431	4885.083688006052	1	0	2	1.610765176232028
16200.0	3000.0	4585.083688006053	0.0	0	501.52713730692267	4785.083688006052	1	0	2	1.6201964475485082
17200.0	3000.0	4485.083688006055	0.0	0	542.3856702031335	4685.083688006056	1	0	2	1.630160879987498
18200.0	3000.0	4385.08368800605	0.0	0	99.61469334407957	4585.083688006052	1	0	2	1.6403977891151877
19367.40764826219	3000.0	4100.93527491764	0.0	0	0.0	4468.342923179833	1	0	2	1.65295496621386
20200.0	3000.0	4185.083688006044	0.0	0	262.7213703063826	4385.083688006051	1	0	2	1.6608721882699036
21200.0	3000.0	4085.0836880060415	0.0	0	143.2930798391135	4285.083688006045	1	0	2	1.6707061752951717
23903.078426781234	6000.0	2111.697418546686	0.0	0	0.0	4014.775845327924	1	0	2	1.6946564207319224
24772.35373857951	3000.0	2155.494575568584	0.0	0	0.0	3927.8483141480974	1	0	2	1.0145578503876793
25397.657499028785	3000.0	2467.660439074381	0.0	0	0.0	3865.317938103166	1	0	2	1.7144054881562367
25937.38482840553	3000.0	2873.9603767599597	0.0	0	0.0	3811.3452051654895	1	0	2	1.720082419090737
26413.98526956422	3000.0	3349.699891485404	0.0	0	0.0	3763.6851610496196	1	0	2	1.7250112818319705
27209.936651328208	3000.0	3553.7485097214153	0.0	0	0.0	3763.6851610496196	1	0	1	1.7262165768890838
28200.0	3000.0	3464.6788261824395	0.0	0	284.6694121858054	3664.6788261824404	1	0	2	1.5325580796202112
29229.762989110524	3000.0	3331.939538160861	0.0	0	0.0	3561.7025272713836	1	0	2	1.7432971080296427
30344.036562303463	3000.0	3106.2386076486264	0.0	0	0.0	3450.275169952085	1	0	2	1.7546087205393104
31556.08798750025	3000.0	2772.98203993216	0.0	0	0.0	3329.070027432408	1	0	2	1.7666186340929373
32719.351959248233	3000.0	2493.391671009378	0.0	0	0.0	3212.7436302576098	1	0	2	1.7786862891359903
33462.37188826664	3000.0	2750.3717419909744	0.0	0	0.0	3212.743630257617	1	0	1	1.7813107299682844
34240.7640226064	3000.0	2971.9796076512193	0.0	0	0.0	3212.7436302576243	1	0	1	1.9813107299682842
35344.48630912235	3000.0	2757.8850924836725	0.0	0	0.0	3102.371401606022	1	0	2	1.5892292046942293
36320.93417847352	3000.0	2683.792436197387	0.0	0	0.0	3004.726614670908	1	0	2	1.7995924198248334
37200.0	3000.0	2804.726614670911	0.0	0	34.42097286160424	3004.726614670908	1	0	1	1.8021124315269552
38204.96345277385	3000.0	2799.763161897048	0.0	0	0.0	3004.726614670908	1	0	1	2.0021124315269554
39200.0	3000.0	2705.222959948294	0.0	0	321.7002710740053	2905.222959948296	1	0	2	1.6083428737781182
40203.263544996065	3000.0	2601.6330604526183	0.0	0	0.0	2804.896605448688	1	0	2	1.8195336823128496
41200.0	3000.0	2505.222959948289	0.0	0	1.5727786223142175	2705.222959948296	1	0	2	1.8294779063001836
42334.41714210074	3000.0	2257.364103637467	0.0	0	0.0	2591.7812457382097	1	0	2	1.840115426573273
43434.755074457644	3000.0	2157.0261712805777	0.0	0	0.0	2591.7812457382097	1	0	1	1.8434069684202248
44302.2828236062	3000.0	2289.4984221320237	0.0	0	0.0	2591.7812457382097	1	0	1	2.043406968420225
45561.098191758036	3000.0	1904.8015171650056	0.0	0	0.0	2465.899708923025	1	0	2	1.6525859604687279
47063.0894044024	3000.0	1402.8103045206342	0.0	0	0.0	2465.899708923025	1	0	1	1.8559951221017434
48068.578618600535	2000.0	1397.3210903225013	0.0	0	0.0	2465.899708923025	1	0	1	1.2450649058854142
48965.66538931018	3000.0	1500.2343196128518	0.0	0	0.0	2465.899708923018	1	0	1	1.6505300139935795
49993.0388520883	3000.0	1472.860856834745	0.0	0	0.0	2465.899708923018	1	0	1	2.055995122101744
50577.093571738704	3000.0	1888.806137184337	0.0	0	0.0	2465.8997089230106	1	0	1	2.055995122101745
51631.45255166361	2000.0	1834.4471572594184	0.0	0	0.0	2465.8997089230106	1	0	1	1.2450649058854157
52549.08567315631	2000.0	1916.8140357667207	0.0	0	0.0	2465.8997089230033	1	0	1	1.650530013993581
53492.65923758327	2000.0	1973.2404713397668	0.0	0	0.0	2465.8997089230033	1	0	1	1.650530013993581
54237.93207164557	3000.0	2227.9676372774775	0.0	0	0.0	2465.8997089230033	1	0	1	1.6505300139935812
55359.56534726856	3000.0	2106.334361654484	0.0	0	0.0	2465.899708922996	1	0	1	2.0559951221017463
56248.940806645885	3000.0	2216.958902277164	0.0	0	0.0	2465.899708922996	1	0	1	2.0559951221017463
57200.0	3000.0	2265.89970892305	0.0	0	59.68190536664042	2465.899708922996	1	0	1	2.0559951221017463
58200.0	3000.0	2265.8997089230534	0.0	0	155.4297085201324	2465.8997089230033	1	0	1	2.055995122101746
59200.0	3000.0	2165.899708923057	0.0	0	97.06197795706976	2365.8997089230106	1	0	2	1.662885311718682
60200.0	3000.0	2165.8997089230625	0.0	0	33.11227361689089	2365.8997089230106	1	0	1	1.8659951221017448
61200.0	3000.0	2165.8997089230693	0.0	0	300.3212648465633	2365.899708923018	1	0	1	2.0659951221017443
62253.69505672579	3000.0	2006.8351465247042	0.0	0	0.0	2260.5302032504333	1	0	2	1.6734575576128272
63734.76799660083	3000.0	1525.7622066496651	0.0	0	0.0	2260.5302032504333	1	0	1	1.8765320726690027
64883.73755791061	3000.0	1376.7926453398973	0.0	0	0.0	2260.5302032504405	1	0	1	2.076532072669002
65923.96358010816	3000.0	1336.5666231423509	0.0	0	0.0	2260.530203250448	1	0	1	2.0765320726690017
66782.75936540758	3000.0	1477.7708378429375	0.0	0	0.0	2260.530203250448	1	0	1	2.0765320726690013
67455.15879927085	3000.0	1805.371403979661	0.0	0	0.0	2260.530203250455	1	0	1	2.076532072669001
68200.0	3000.0	2060.530203250508	0.0	0	22.31482480937848	2260.5302032504696	1	0	1	2.076532072668999
69200.0	3000.0	2060.5302032505115	0.0	0	207.69191499560839	2260.5302032504696	1	0	1	2.076532072668999
71023.17770206866	3000.0	1237.3525011818447	0.0	0	0.0	2260.530203250484	1	0	1	2.076532072668998
72228.35999765144	3000.0	1032.1702055990668	0.0	0	0.0	2260.5302032504987	1	0	1	2.0765320726689964
73550.1818459422	3000.0	710.3483573082933	0.0	0	0.0	2260.5302032504987	1	0	1	2.0765320726689964
74459.27164602761	3000.0	801.2585572228887	0.0	0	0.0	2260.5302032504987	1	0	1	2.0765320726689964
75208.87060692816	3000.0	1051.6595963223442	0.0	0	0.0	2260.5302032504987	1	0	1	2.0765320726689964
75987.43450912526	2000.0	1195.2393039055432	0.0	0	0.0	2182.673813030793	1	0	2	0.8707767429653168
76830.30886863639	2000.0	1352.3649443944314	0.0	0	0.0	2182.673813030793	1	0	1	1.4788526035828018
77956.80486246568	2000.0	1225.8689505651369	0.0	0	0.0	2182.673813030793	1	0	1	1.678852603582802
78566.10331087395	2000.0	1616.5705021568501	0.0	0	0.0	2182.673813030793	1	0	1	1.678852603582802
79253.3623388179	2000.0	1929.3114742128935	0.0	0	0.0	2182.6738130307785	1	0	1	1.6788526035828033
80200.0	3000.0	1888.01004691258	0.0	0	74.06319994023943	2088.010046912561	1	0	2	1.2856930193391563
81200.0	3000.0	1888.010046912567	0.0	0	287.65820462342526	2088.010046912561	1	0	1	1.8937840883027899
82200.0	3000.0	1788.0100469125623	0.0	0	376.6244969100808	1988.0100469125464	1	0	2	1.7000092656654795
83200.0	3000.0	1788.0100469125705	0.0	0	405.83605279198673	1988.0100469125464	1	0	1	1.9037840883027912
84200.0	3000.0	1788.010046912571	0.0	0	313.2618237012648	1988.0100469125464	1	0	1	2.1037840883027914
85200.0	3000.0	1788.0100469125668	0.0	0	135.51996408650302	1988.0100469125464	1	0	1	2.1037840883027914
86200.0	3000.0	1788.0100469125737	0.0	0	435.3002391414484	1988.0100469125464	1	0	1	2.1037840883027914
87200.0	3000.0	1788.0100469125728	0.0	0	49.912018262635684	1988.0100469125464	1	0	1	2.1037840883027914
88200.0	3000.0	1788.0100469125687	0.0	0	144.65807224719902	1988.0100469125464	1	0	1	2.1037840883027914
89357.71988176089	3000.0	1514.5181769756027	0.0	0	0.0	1872.238058736475	1	0	2	1.7123235487671638
90601.78667409094	3000.0	1270.4513846455643	0.0	0	0.0	1872.238058736475	1	0	1	1.9153612871203984
91708.9664122307	3000.0	1163.2716465057943	0.0	0	0.0	1872.238058736475	1	0	1	2.1153612871203986
92289.38662171728	2000.0	1582.851437019203	0.0	0	0.0	1872.2380587364605	1	0	1	1.3044310709040707
93253.46621401016	3000.0	1618.771844726329	0.0	0	0.0	1872.2380587364605	1	0	1	1.7098961790122353
94200.0	3000.0	1672.2380587364692	0.0	0	116.13894799113041	1872.2380587364605	1	0	1	2.1153612871204
95200.0	3000.0	1672.2380587364692	0.0	0	205.14425824479258	1872.238058736446	1	0	1	2.1153612871204013
96200.0	3000.0	1672.2380587364585	0.0	0	13.47932240368391	1872.238058736446	1	0	1	2.1153612871204013
97270.80110007552	3000.0	1601.4369586609528	0.0	0	0.0	1872.2380587364605	1	0	1	2.1153612871204
98272.24293697739	3000.0	1599.9951217590776	0.0	0	0.0	1872.2380587364605	1	0	1	2.1153612871204
99200.0	3000.0	1672.2380587364698	0.0	0	17.7957132342126	1872.238058736475	1	0	1	2.1153612871203986
100484.44079167223	3000.0	1387.7972670642455	0.0	0	0.0	1872.238058736475	1	0	1	2.1153612871203986
101606.13304495737	3000.0	1266.1050137791037	0.0	0	0.0	1872.238058736475	1	0	1	2.1153612871203986
102200.0	3000.0	1672.238058736469	0.0	0	14.20750910276547	1872.238058736475	1	0	1	2.1153612871203986
103200.0	3000.0	1672.238058736467	0.0	0	347.87277068682306	1872.238058736475	1	0	1	2.1153612871203986
104200.0	3000.0	1672.2380587364814	0.0	0	398.069703277346	1872.2380587364896	1	0	1	2.1153612871203973
105200.0	3000.0	1672.2380587364917	0.0	0	538.4473595522577	1872.2380587364896	1	0	1	2.1153612871203973
106200.0	3000.0	1672.2380587364964	0.0	0	120.67128209565999	1872.2380587364896	1	0	1	2.1153612871203973
107200.0	3000.0	1672.2380587364946	0.0	0	87.98925308388425	1872.238058736475	1	0	1	2.1153612871203986
108200.0	3000.0	1672.238058736491	0.0	0	174.93555092725728	1872.238058736475	1	0	1	2.1153612871203986
109200.0	3000.0	1572.2380587364898	0.0	0	329.1455366410373	1772.2380587364896	1	0	2	1.7215819245799429
110200.0	3000.0	1572.2380587364796	0.0	0	347.9017007909715	1772.238058736475	1	0	1	1.9253612871203984
111248.04011363252	3000.0	1524.1979451039633	0.0	0	0.0	1772.2380587364896	1	0	1	2.125361287120397
112541.02896597101	3000.0	1231.2090927654785	0.0	0	0.0	1772.238058736475	1	0	1	2.1253612871203984
113244.52443167692	3000.0	1527.7136270595615	0.0	0	0.0	1772.238058736475	1	0	1	2.1253612871203984
114303.62039072452	3000.0	1468.617668011956	0.0	0	0.0	1772.238058736475	1	0	1	2.1253612871203984
115200.0	2000.0	1572.238058736484	0.0	0	362.0641395756393	1772.2380587364605	1	0	1	1.3144310709040705
116200.0	3000.0	1572.238058736484	0.0	0	99.10017931307084	1772.238058736446	1	0	1	1.719896179012237
117200.0	3000.0	1572.238058736478	0.0	0	204.8058109106787	1772.2380587364605	1	0	1	2.1253612871204
118200.0	3000.0	1572.238058736485	0.0	0	94.26268645038363	1772.238058736446	1	0	1	2.1253612871204015
119344.69192747034	3000.0	1427.5461312661364	0.0	0	0.0	1772.2380587364314	1	0	1	2.125361287120403
120394.05148086553	3000.0	1378.1865778709332	0.0	0	0.0	1772.2380587364314	1	0	1	2.125361287120403
121506.96876824266	3000.0	1265.2692904938003	0.0	0	0.0	1772.2380587364314	1	0	1	2.125361287120403
122245.89691495578	3000.0	1526.3411437807003	0.0	0	0.0	1772.238058736446	1	0	1	2.1253612871204015
123200.0	3000.0	1572.2380587364928	0.0	0	145.16473925510945	1772.238058736446	1	0	1	2.1253612871204015
124200.0	3000.0	1472.2380587364987	0.0	0	59.275049006871996	1672.238058736446	1	0	2	1.7327239107340748
125378.19376216893	3000.0	1294.0442965675556	0.0	0	0.0	1672.2380587364314	1	0	1	1.935361287120403
126467.49133112872	2000.0	1204.7467276077632	0.0	0	0.0	1672.2380587364314	1	0	1	1.3244310709040736
127248.13161744039	2000.0	1424.1064412960968	0.0	0	0.0	1672.238058736446	1	0	1	1.7298961790122367
128641.71630216125	3000.0	1030.521756575237	0.0	0	0.0	1672.2380587364314	1	0	1	1.7298961790122385
129712.24792170306	2000.0	959.9901370334263	0.0	0	0.0	1672.2380587364314	1	0	1	1.3244310709040736
130542.65493821916	2000.0	1129.5831205173258	0.0	0	0.0	1672.2380587364314	1	0	1	1.7298961790122382
131461.7849606297	2000.0	1210.4530981067753	0.0	0	0.0	1672.2380587364314	1	0	1	1.7298961790122378
132922.51060162327	2000.0	749.7274571132089	0.0	0	0.0	1672.2380587364314	1	0	1	1.7298961790122394
134438.6229319045	2000.0	200.0	107.26918745104192	0	0.0	1638.6229319044505	1	0	2	0.6917995757205397
134908.221201618	1000.0	788.3213405268021	57.91961024029521	0	0.0	1696.5425421447435	1	0	1	-0.20634629189025488
135320.84293927182	1000.0	1375.6996028729839	0.0	0	0.0	1696.5425421447435	1	0	1	1.0343185501114618
136200.0	1000.0	1496.5425421448094	0.0	0	311.4336160066596	1696.5425421447435	1	0	1	1.0343185501114618
137200.0	1000.0	1496.542542144811	0.0	0	475.34813383151777	1696.5425421447435	1	0	1	1.0343185501114618
138200.0	1000.0	1496.5425421448085	0.0	0	513.7373550962657	1696.5425421447435	1	0	1	1.0343185501114618
139200.0	2000.0	1496.542542144805	0.0	0	369.49402515619295	1696.5425421447435	1	0	1	1.0343185501114618
140200.0	2000.0	1496.5425421448035	0.0	0	531.4526663901925	1696.5425421447435	1	0	1	1.727465730671407
141200.0	2000.0	1496.5425421448226	0.0	0	611.7320438593451	1696.5425421447435	1	0	1	1.727465730671407
142305.05111215718	3000.0	1391.49142998765	0.0	0	0.0	1696.5425421447435	1	0	1	1.7274657306714072
143200.0	3000.0	1496.542542144785	0.0	0	65.52285851966008	1696.5425421447435	1	0	1	2.1329308387795716
144200.0	2000.0	1496.5425421448192	0.0	0	278.31486584461527	1696.5425421447435	1	0	1	1.3220006225632424
145200.0	2000.0	1496.542542144833	0.0	0	481.67019156669267	1696.5425421447435	1	0	1	1.727465730671407
146200.0	3000.0	1496.5425421448404	0.0	0	93.7397013315931	1696.5425421447435	1	0	1	1.7274657306714072
147200.0	3000.0	1496.542542144845	0.0	0	148.9748661070189	1696.5425421447435	1	0	1	2.1329308387795716
148200.0	3000.0	1496.5425421448717	0.0	0	255.1089123946149	1696.5425421447435	1	0	1	2.1329308387795716
149392.96110082808	3000.0	1303.5814413167873	0.0	0	0.0	1696.5425421447435	1	0	1	2.1329308387795716
150803.99033854433	3000.0	892.5522036005675	0.0	0	0.0	1696.5425421447726	1	0	1	2.1329308387795685
151906.26687744033	3000.0	790.2756647045587	0.0	0	0.0	1696.5425421447726	1	0	1	2.1329308387795685
152856.12622347288	3000.0	840.4163186720104	0.0	0	0.0	1696.5425421447726	1	0	1	2.1329308387795685
153559.3014598309	2000.0	1137.2410823139603	0.0	0	0.0	1696.5425421447726	1	0	1	1.3220006225632397
154251.21596852134	2000.0	1445.3265736234973	0.0	0	0.0	1696.5425421447435	1	0	1	1.727465730671407
155200.0	2000.0	1496.5425421448795	0.0	0	242.99498772382503	1696.5425421447726	1	0	1	1.7274657306714043
156200.0	2000.0	1496.5425421448745	0.0	0	471.88573072702275	1696.5425421447726	1	0	1	1.7274657306714043
157200.0	2000.0	1496.5425421448554	0.0	0	463.8567301511357	1696.5425421448017	1	0	1	1.7274657306714012
158200.0	2000.0	1496.542542144902	0.0	0	261.4559206648846	1696.5425421448017	1	0	1	1.7274657306714012
160348.06802921306	3000.0	348.4745129318419	0.0	0	0.0	1696.5425421447726	1	0	1	1.727465730671404
161107.77928451018	2000.0	636.4312532783476	47.66799564359275	0	0.0	1744.2105377883709	1	0	1	1.0312258491373232
161897.50448541762	2000.0	846.7060523709018	0.0	0	0.0	1744.2105377884	1	0	1	1.722698931107041
162571.1769571619	2000.0	1173.0335806266305	0.0	0	0.0	1744.2105377884	1	0	1	1.722698931107041
163200.0	3000.0	1544.2105377885387	0.0	0	60.150355455087265	1744.2105377884	1	0	1	1.7226989311070415
164200.0	3000.0	1544.2105377885407	0.0	0	357.54959015848	1744.2105377884	1	0	1	2.128164039215206
165200.0	3000.0	1544.210537788541	0.0	0	515.1539696570544	1744.2105377884	1	0	1	2.128164039215206
166200.0	3000.0	1544.210537788516	0.0	0	370.85742759221466	1744.2105377884	1	0	1	2.128164039215206
167200.0	3000.0	1544.2105377885239	0.0	0	432.12876739745843	1744.2105377884	1	0	1	2.128164039215206
168211.0830681561	3000.0	1533.1274696324506	0.0	0	0.0	1744.2105377884	1	0	1	2.128164039215206
169200.0	3000.0	1544.2105377885305	0.0	0	367.8351525181497	1744.2105377883709	1	0	1	2.128164039215209
170200.0	3000.0	1544.210537788527	0.0	0	54.91413366145571	1744.2105377883418	1	0	1	2.128164039215212
171516.1899949602	3000.0	1228.0205428283464	0.0	0	0.0	1744.2105377883418	1	0	1	2.128164039215212
172824.35435207415	3000.0	919.8561857143774	0.0	0	0.0	1744.2105377883418	1	0	1	2.128164039215212
173691.92202296786	3000.0	1052.288514820665	0.0	0	0.0	1744.2105377883126	1	0	1	2.128164039215213
174291.97593810016	3000.0	1452.2345996883578	0.0	0	0.0	1744.2105377882835	1	0	1	2.1281640392152177
175200.0	3000.0	1544.2105377885146	0.0	0	347.6429104753188	1744.2105377883126	1	0	1	2.128164039215215
176200.0	3000.0	1544.2105377885114	0.0	0	266.82386022710125	1744.2105377883126	1	0	1	2.128164039215215
177200.0	3000.0	1544.2105377884868	0.0	0	236.64364143955754	1744.2105377883126	1	0	1	2.128164039215215
178255.74657400776	3000.0	1488.4639637807145	0.0	0	0.0	1744.2105377883126	1	0	1	2.128164039215215
179281.45596320057	3000.0	1462.7545745878965	0.0	0	0.0	1744.2105377883126	1	0	1	2.128164039215215
180690.39836791132	3000.0	1053.8121698771577	0.0	0	0.0	1744.2105377883126	1	0	1	2.128164039215215
181978.17535717873	3000.0	766.035180609733	0.0	0	0.0	1744.2105377883126	1	0	1	2.128164039215215
182706.22801350264	3000.0	1037.9825242858417	0.0	0	0.0	1744.2105377883126	1	0	1	2.128164039215215
183862.85925411445	3000.0	881.3512836740329	0.0	0	0.0	1744.2105377882544	1	0	1	2.128164039215219
184759.7810676495	3000.0	984.42947013895	0.0	0	0.0	1744.2105377882253	1	0	1	2.128164039215222
185530.66612547875	3000.0	1213.5444123096927	0.0	0	0.0	1744.2105377882544	1	0	1	2.128164039215221
186765.2040224898	3000.0	979.0065152986347	0.0	0	0.0	1744.2105377882544	1	0	1	2.128164039215221
187826.1511332608	3000.0	918.059404527628	0.0	0	0.0	1744.2105377882544	1	0	1	2.128164039215221
188600.16881564198	3000.0	1144.0417221464688	0.0	0	0.0	1744.2105377882544	1	0	1	2.128164039215221
189543.46863437083	3000.0	1200.741903417616	0.0	0	0.0	1744.2105377882544	1	0	1	2.128164039215221
190795.73179559564	3000.0	948.4787421927822	0.0	0	0.0	1744.2105377882544	1	0	1	2.128164039215221
191920.72660163377	3000.0	823.4839361546416	0.0	0	0.0	1744.2105377882544	1	0	1	2.128164039215221
193301.97689866854	3000.0	442.23363911988133	0.0	0	0.0	1744.2105377882544	1	0	1	2.128164039215221
194405.1085997188	3000.0	447.31193393378294	108.20999586418122	0	0.0	1852.4205336524174	1	0	1	1.4680830644437168
194999.27609392477	2000.0	853.1444397278233	0.0	0	0.0	1852.4205336524465	1	0	1	1.3064128234124721
196067.2297725789	2000.0	785.1907610737027	0.0	0	0.0	1852.4205336524465	1	0	1	1.7118779315206367
196981.40152456478	2000.0	871.0190090878392	0.0	0	0.0	1852.4205336524756	1	0	1	1.7118779315206336
197777.48056259626	2000.0	1074.9399710563507	0.0	0	0.0	1852.4205336524756	1	0	1	1.7118779315206347
198551.45900416092	2000.0	1300.9615294917196	0.0	0	0.0	1852.4205336524756	1	0	1	1.7118779315206336
199200.0	2000.0	1652.4205336526338	0.0	0	140.10948354829452	1852.4205336524756	1	0	1	1.7118779315206336
200200.0	2000.0	1652.4205336525952	0.0	0	147.65700030952576	1852.4205336524756	1	0	1	1.7118779315206336
201200.0	2000.0	1652.4205336525893	0.0	0	234.60410816734657	1852.4205336524756	1	0	1	1.7118779315206336
202200.0	2000.0	1652.4205336525865	0.0	0	185.4734095649037	1852.4205336524756	1	0	1	1.7118779315206336
203200.0	2000.0	1652.4205336525818	0.0	0	378.3480201108614	1852.4205336524756	1	0	1	1.7118779315206336
204200.0	2000.0	1652.4205336525813	0.0	0	287.9793426843826	1852.4205336524756	1	0	1	1.7118779315206336
205200.0	3000.0	1652.4205336525638	0.0	0	61.31576542483526	1852.4205336524756	1	0	1	1.7118779315206338
206200.0	2000.0	1652.4205336525936	0.0	0	404.4429201716557	1852.4205336524756	1	0	1	1.3064128234124683
207200.0	2000.0	1552.4205336525918	0.0	0	174.01366126775974	1752.4205336525047	1	0	2	1.3182494435677998
208200.0	2000.0	1552.420533652588	0.0	0	185.13131613953738	1752.4205336525047	1	0	1	1.5218779315206308
209200.0	2000.0	1552.4205336525736	0.0	0	385.47610244943644	1752.4205336525047	1	0	1	1.721877931520631
210200.0	2000.0	1552.4205336526122	0.0	0	423.4312331449182	1752.4205336525338	1	0	1	1.7218779315206278
211200.0	3000.0	1552.4205336526486	0.0	0	85.88605370617006	1752.4205336525338	1	0	1	1.721877931520628
212662.27555719914	3000.0	1090.1449764534918	0.0	0	0.0	1752.4205336525047	1	0	1	2.1273430396287956
214176.3946661976	3000.0	576.0258674550499	0.0	0	0.0	1752.4205336525338	1	0	1	2.1273430396287925
215513.66295752564	3000.0	358.97665799004835	120.21908186307542	0	0.0	1872.6396155155962	1	0	1	1.3940066402640339
215936.7470962765	2000.0	935.8925192391788	0.0	0	0.0	1872.6396155155962	1	0	1	1.304390915226157
216398.03805138156	2000.0	1474.6015641341194	0.0	0	0.0	1872.6396155155671	1	0	1	1.7098560233343245
217385.00800976943	3000.0	1487.6316057462925	0.0	0	0.0	1872.6396155155671	1	0	1	1.7098560233343247
218200.0	3000.0	1672.639615515697	0.0	0	23.726889824465616	1872.6396155155671	1	0	1	2.1153211314424896
219200.0	2000.0	1672.639615515674	0.0	0	291.2447096204269	1872.6396155155671	1	0	1	1.30439091522616
220200.0	2000.0	1672.6396155157056	0.0	0	130.70497683325084	1872.6396155155671	1	0	1	1.7098560233343245
221200.0	2000.0	1672.6396155157026	0.0	0	338.9297116237576	1872.639615515538	1	0	1	1.7098560233343267
222258.53946311236	2000.0	1614.1001524033063	0.0	0	0.0	1872.639615515509	1	0	1	1.7098560233343305
223200.0	2000.0	1672.6396155156797	0.0	0	316.77294100946165	1872.639615515538	1	0	1	1.7098560233343274
224200.0	2000.0	1672.6396155156995	0.0	0	477.1727113936795	1872.6396155155671	1	0	1	1.7098560233343245
225200.0	2000.0	1672.6396155156922	0.0	0	74.40780221665045	1872.6396155155671	1	0	1	1.7098560233343245
226801.3139984929	3000.0	911.1942171735152	0.0	0	0.0	1712.5082156662538	1	0	2	1.3219649457313367
227424.55128458852	2000.0	1287.9569310778793	0.0	0	0.0	1712.5082156662538	1	0	1	1.120404055211091
228200.0	2000.0	1512.5082156663932	0.0	0	135.25824080759776	1712.5082156662247	1	0	1	1.7258691633192589
229200.0	2000.0	1512.5082156663568	0.0	0	411.38647492718883	1712.5082156662247	1	0	1	1.7258691633192589
230200.0	2000.0	1512.508215666346	0.0	0	457.9826964640233	1712.5082156662247	1	0	1	1.7258691633192589
231200.0	3000.0	1512.5082156663152	0.0	0	414.01034230564255	1712.5082156662247	1	0	1	1.7258691633192589
232200.0	3000.0	1512.5082156663016	0.0	0	448.1831156568951	1712.5082156662247	1	0	1	2.1313342714274235
233200.0	3000.0	1512.5082156663111	0.0	0	300.863567780063	1712.5082156662538	1	0	1	2.131334271427421
234200.0	3000.0	1512.5082156663086	0.0	0	304.76234042737633	1712.5082156662538	1	0	1	2.131334271427421
235200.0	3000.0	1512.5082156663163	0.0	0	413.703526828147	1712.5082156662538	1	0	1	2.131334271427421
236200.0	3000.0	1512.5082156663354	0.0	0	270.65517645078944	1712.5082156662538	1	0	1	2.131334271427421
237200.0	3000.0	1512.508215666347	0.0	0	141.49722423643107	1712.5082156662247	1	0	1	2.1313342714274235
238200.0	3000.0	1512.5082156663502	0.0	0	195.73185844632098	1712.5082156662247	1	0	1	2.1313342714274235
239495.53002582118	3000.0	1087.4251872630525	0.0	0	0.0	1582.9552130840893	1	0	2	1.7407701323921052
240326.5781976826	3000.0	1256.3770154016377	0.0	0	0.0	1582.9552130840602	1	0	1	1.9442895716856399
241414.9081409727	3000.0	1168.0470721115164	0.0	0	0.0	1582.9552130840602	1	0	1	2.14428957168564
242443.99656652272	3000.0	1138.9586465614789	0.0	0	0.0	1582.9552130840602	1	0	1	2.14428957168564
243200.0	3000.0	1382.9552130841978	0.0	0	30.898734178452287	1582.9552130840602	1	0	1	2.14428957168564
244200.0	3000.0	1382.9552130842123	0.0	0	268.6975228068186	1582.9552130840893	1	0	1	2.144289571685637
245210.79709782914	3000.0	1372.1581152550852	0.0	0	0.0	1582.9552130841184	1	0	1	2.144289571685634
246200.0	3000.0	1382.955213084226	0.0	0	98.30763065291103	1582.9552130840893	1	0	1	2.144289571685637
247214.29137513632	3000.0	1368.6638379479134	0.0	0	0.0	1582.9552130841184	1	0	1	2.144289571685634
248234.64911166317	3000.0	1348.3061014210878	0.0	0	0.0	1582.9552130841184	1	0	1	2.144289571685634
249780.796640669	3000.0	802.1585724152527	0.0	0	0.0	1582.9552130841184	1	0	1	2.144289571685634
250735.68925052226	3000.0	847.265962561986	0.0	0	0.0	1582.9552130841184	1	0	1	2.144289571685634
251475.15647442962	3000.0	1107.7987386546442	0.0	0	0.0	1582.9552130841475	1	0	1	2.1442895716856314
252200.0	3000.0	1382.9552130842785	0.0	0	197.98856948889443	1582.9552130841475	1	0	1	2.1442895716856314
253200.0	3000.0	1382.955213084293	0.0	0	605.4783293858345	1582.9552130841475	1	0	1	2.1442895716856314
254200.0	3000.0	1382.9552130843267	0.0	0	502.08200791743	1582.9552130841475	1	0	1	2.1442895716856314
255200.0	3000.0	1382.955213084336	0.0	0	160.09853073497652	1582.9552130841766	1	0	1	2.1442895716856283
256200.0	3000.0	1382.9552130843635	0.0	0	21.03902336640749	1582.9552130841766	1	0	1	2.1442895716856283
257200.0	3000.0	1382.9552130843822	0.0	0	154.46438550844323	1582.9552130841475	1	0	1	2.1442895716856314
258200.0	3000.0	1382.9552130843813	0.0	0	164.83510047383606	1582.9552130841475	1	0	1	2.1442895716856314
259200.0	3000.0	1382.9552130843588	0.0	0	317.17467092484003	1582.9552130841475	1	0	1	2.1442895716856314
260200.0	3000.0	1382.9552130843645	0.0	0	294.4211940097448	1582.9552130842058	1	0	1	2.144289571685626
261680.91937550533	3000.0	902.0358375790462	0.0	0	0.0	1582.9552130842058	1	0	1	2.1442895716856256
262417.9875982627	3000.0	1164.967614821681	0.0	0	0.0	1582.9552130842349	1	0	1	2.144289571685623
263200.0	3000.0	1382.9552130844352	0.0	0	109.18205321102869	1582.955213084264	1	0	1	2.1442895716856203
264419.23111797054	3000.0	1163.7240951139242	0.0	0	0.0	1582.9552130842349	1	0	1	2.1442895716856225
265241.11425752286	3000.0	1341.840955561688	0.0	0	0.0	1582.9552130842349	1	0	1	2.1442895716856225
266200.0	3000.0	1382.9552130845225	0.0	0	151.63100572902476	1582.9552130842349	1	0	1	2.1442895716856225
267205.6083070963	3000.0	1377.3469059881963	0.0	0	0.0	1582.9552130842349	1	0	1	2.1442895716856225
268514.09972330503	3000.0	1068.855489779427	0.0	0	0.0	1582.9552130842349	1	0	1	2.1442895716856225
270108.1146907112	3000.0	474.8405223732417	0.0	0	0.0	1582.9552130842349	1	0	1	2.1442895716856225
270695.5279858734	2000.0	887.427227211084	0.0	0	0.0	1582.955213084293	1	0	1	1.3333593554692873
271442.65492614947	2000.0	1140.3002869349743	0.0	0	0.0	1582.955213084293	1	0	1	1.738824463577452
272200.0	2000.0	1382.9552130844543	0.0	0	173.52245654317085	1582.955213084293	1	0	1	1.738824463577452
273200.0	2000.0	1382.9552130844968	0.0	0	340.4005302001606	1582.9552130843513	1	0	1	1.7388244635774464
274200.0	2000.0	1382.9552130844352	0.0	0	545.5120380743756	1582.9552130843513	1	0	1	1.7388244635774464
275436.7300660887	2000.0	1146.2251469957127	0.0	0	0.0	1582.9552130844095	1	0	1	1.7388244635774401
276302.48745457566	2000.0	1280.4677585088057	0.0	0	0.0	1582.9552130844677	1	0	1	1.7388244635774348
277200.0	2000.0	1382.955213084491	0.0	0	229.7852294673212	1582.9552130844677	1	0	1	1.7388244635774348
278200.0	2000.0	1382.9552130844663	0.0	0	35.94526534026954	1582.9552130844677	1	0	1	1.7388244635774348
279200.0	2000.0	1382.955213084442	0.0	0	92.57944258383941	1582.9552130844095	1	0	1	1.7388244635774401
280432.10747948353	2000.0	1150.8477336009416	0.0	0	0.0	1582.9552130844677	1	0	1	1.7388244635774348
281339.72275561374	2000.0	1243.2324574707	0.0	0	0.0	1582.9552130844677	1	0	1	1.7388244635774348
283098.476143423	2000.0	484.4790696614072	0.0	0	0.0	1582.9552130844095	1	0	1	1.7388244635774401
283978.7171299072	2000.0	634.2003122109772	29.96222903368357	0	0.0	1612.9174421180505	1	0	1	1.556054866471975
284704.2597090381	2000.0	908.6577330801268	0.0	0	0.0	1612.9174421180505	1	0	1	1.7358282406740764
285647.92513459746	2000.0	964.9923075207616	0.0	0	0.0	1612.9174421179923	1	0	1	1.7358282406740821
286383.5501238242	2000.0	1229.3673182939344	0.0	0	0.0	1612.9174421179923	1	0	1	1.7358282406740821
287200.0	2000.0	1412.9174421181651	0.0	0	140.59941747691482	1612.9174421179341	1	0	1	1.735828240674088
288200.0	2000.0	1412.9174421181706	0.0	0	441.5755765325739	1612.9174421179923	1	0	1	1.7358282406740821
289200.0	2000.0	1412.9174421181424	0.0	0	484.42470992094604	1612.9174421179341	1	0	1	1.735828240674088
290200.0	1000.0	1412.9174421180646	0.0	0	693.7465709274402	1612.9174421179341	1	0	1	0.3495338795541977
291200.0	2000.0	1412.9174421180794	0.0	0	524.497264328762	1612.9174421179341	1	0	1	1.0426810601141427
292200.0	2000.0	1412.9174421180687	0.0	0	360.7556476856116	1612.9174421179341	1	0	1	1.735828240674088
293237.09073473024	3000.0	1375.8267073878237	0.0	0	0.0	1612.917442117876	1	0	1	1.735828240674094
294392.05150628544	3000.0	1220.8659358326167	0.0	0	0.0	1612.917442117876	1	0	1	2.1412933487822587
295777.4413363601	3000.0	835.4761057580326	0.0	0	0.0	1612.9174421179341	1	0	1	2.1412933487822565
296812.00650531094	3000.0	800.910936807202	0.0	0	0.0	1612.9174421179341	1	0	1	2.141293348782253
297745.8913114881	3000.0	867.0261306300382	0.0	0	0.0	1612.9174421179341	1	0	1	2.141293348782253
298815.48091698036	3000.0	797.43652513778	0.0	0	0.0	1612.9174421179341	1	0	1	2.141293348782253
300135.116570563	3000.0	477.8008715550843	0.0	0	0.0	1612.9174421179341	1	0	1	2.141293348782253
301005.1358435768	3000.0	628.0545632699138	20.272964728614895	0	0.0	1633.1904068465228	1	0	1	2.0176282639377043
2.97	3.96	4.54	2.27	1.41	2.22	2.68	3.93	4.48	5.26	5.55	6.0	2.93	3.72	4.15	3.2	2.81	2.4	3.68	4.97	5.83	4.26	4.63	2.66	2.65	2.31	2.58	3.86	3.67	2.83	3.02	3.06	3.96	3.32	3.12	3.28	2.87	2.31	2.97	3.22	2.56	1.59	2.56	3.31	4.27	2.34	1.88	2.68	3.44	2.63	3.15	3.59	2.69	2.94	4.11	4.01	3.14	2.27	2.33	2.2	2.8	4.05	4.12	3.31	1.45	2.58	3.01	2.06	3.13	4.17	2.36	2.15	2.5	3.38	4.63	5.88	5.4	3.44	4.17	4.99	3.6	4.33	3.71	3.34	2.66	3.19	3.65	2.9	4.15	4.82	2.49	3.09	3.74	3.93	2.13	3.3	4.51	5.78	6.75	7.23	3.42	4.04	4.33	4.12	4.46	3.75	2.37	3.58	3.74	2.97	3.89	3.83	3.36	2.4	2.62	2.61	3.28	3.39	4.56	2.63	1.92	3.08	2.2	1.89	2.56	1.81	1.69	1.62	1.27	2.06	2.28	3.04	2.33	3.7	4.67	4.65	3.16	3.34	3.38	3.1	2.84	3.2	3.46	2.41	2.27	2.25	3.48	2.63	3.2	4.16	2.97	3.96	4.54	2.27	1.41	2.22	2.68	3.93	4.48	5.26	5.55	6.0	2.93	3.72	4.15	3.2	2.81	2.4	3.68	4.97	5.83	4.26	4.63	2.66	2.65	2.31	2.58	3.86	3.67	2.83	3.02	3.06	3.96	3.32	3.12	3.28	2.87	2.31	2.97	3.22	2.56	1.59	2.56	3.31	4.27	2.34	1.88	2.68	3.44	2.63	3.15	3.59	2.69	2.94	4.11	4.01	3.14	2.27	2.33	2.2	2.8	4.05	4.12	3.31	1.45	2.58	3.01	2.06	3.13	4.17	2.36	2.15	2.5	3.38	4.63	5.88	5.4	3.44	4.17	4.99	3.6	4.33	3.71	3.34	2.66	3.19	3.65	2.9	4.15	4.82	2.49	3.09	3.74	3.93	2.13	3.3	4.51	5.78	6.75	7.23	3.42	4.04	4.33	4.12	4.46	3.75	2.37	3.58	3.74	2.97	3.89	3.83	3.36	2.4	2.62	2.61	3.28	3.39	4.56	2.63	1.92	3.08	2.2	1.89	2.56	1.81	1.69	1.62	1.27	2.06	2.28	3.04	2.33	3.7	4.67	4.65	3.16	3.34	3.38	3.1	2.84	3.2	3.46	2.41	2.27	2.25	3.48	2.63
1.0	2.0	3.0	4.0	5.0	6.0	7.0	8.0	9.0	10.0	11.0	12.0	13.0	14.0	15.0	16.0	17.0	18.0	19.0	20.0	21.0	22.0	23.0	24.0	25.0	26.0	27.0	28.0	29.0	30.0	31.0	32.0	33.0	34.0	35.0	36.0	37.0	38.0	39.0	40.0	41.0	42.0	43.0	44.0	45.0	46.0	47.0	48.0	49.0	50.0	51.0	52.0	53.0	54.0	55.0	56.0	57.0	58.0	59.0	60.0	61.0	62.0	63.0	64.0	65.0	66.0	67.0	68.0	69.0	70.0	71.0	72.0	73.0	74.0	75.0	76.0	77.0	78.0	79.0	80.0	81.0	82.0	83.0	84.0	85.0	86.0	87.0	88.0	89.0	90.0	91.0	92.0	93.0	94.0	95.0	96.0	97.0	98.0	99.0	100.0	101.0	102.0	103.0	104.0	105.0	106.0	107.0	108.0	109.0	110.0	111.0	112.0	113.0	114.0	115.0	116.0	117.0	118.0	119.0	120.0	121.0	122.0	123.0	124.0	125.0	126.0	127.0	128.0	129.0	130.0	131.0	132.0	133.0	134.0	135.0	136.0	137.0	138.0	139.0	140.0	141.0	142.0	143.0	144.0	145.0	146.0	147.0	148.0	149.0	149.0	150.0	151.0	152.0	153.0	154.0	155.0	156.0	157.0	158.0	159.0	160.0	161.0	162.0	163.0	164.0	165.0	166.0	167.0	168.0	169.0	170.0	171.0	172.0	173.0	174.0	175.0	176.0	177.0	178.0	179.0	180.0	181.0	182.0	183.0	184.0	185.0	186.0	187.0	188.0	189.0	190.0	191.0	192.0	193.0	194.0	195.0	196.0	197.0	198.0	199.0	200.0	201.0	202.0	203.0	204.0	205.0	206.0	207.0	208.0	209.0	210.0	211.0	212.0	213.0	214.0	215.0	216.0	217.0	218.0	219.0	220.0	221.0	222.0	223.0	224.0	225.0	226.0	227.0	228.0	229.0	230.0	231.0	232.0	233.0	234.0	235.0	236.0	237.0	238.0	239.0	240.0	241.0	242.0	243.0	244.0	245.0	246.0	247.0	248.0	249.0	250.0	251.0	252.0	253.0	254.0	255.0	256.0	257.0	258.0	259.0	260.0	261.0	262.0	263.0	264.0	265.0	266.0	267.0	268.0	269.0	270.0	271.0	272.0	273.0	274.0	275.0	276.0	277.0	278.0	279.0	280.0	281.0	282.0	283.0	284.0	285.0	286.0	287.0	288.0	289.0	290.0	291.0	292.0	293.0	294.0	295.0	296.0	297.0
5534.933814407654
