5853.2454329888005	300.0	2000.0	242.34562202744914	0	0.0	5853.2454329888005	1	0	1	-2.0339853340763674
6098.211537625894	300.0	2730.537284899195	0.0	0	0.0	5828.74882252509	1	0	2	-0.9834756440634203
6394.870888086953	500.0	3404.2119993920305	0.0	0	0.0	5799.082887478984	1	0	2	-0.7806076118690632
6746.692499832378	500.0	4017.2082264720625	0.0	0	0.0	5763.9007263044405	1	0	2	-0.26638590015074365
7158.107281577203	500.0	4564.651966552755	0.0	0	0.0	5722.759248129958	1	0	2	-0.2625018774271846
7751.4732415961735	1000.0	4911.949410531888	0.0	0	0.0	5663.422652128062	1	0	2	-0.25677574678805926
8315.774560985503	1000.0	5291.217959203626	0.0	0	0.0	5606.992520189129	1	0	2	0.4417769230628178
9252.07112840143	1000.0	5261.2917350461075	0.0	0	0.0	5513.362863447538	1	0	2	0.4502623163737606
11374.532954981527	2000.0	3926.583725808001	0.0	0	0.0	5301.116680789528	1	0	2	0.46919757337068846
12485.02391681211	2000.0	3705.04366779436	0.0	0	0.0	5190.06758460647	1	0	2	1.1753408712984208
13441.06301823736	2000.0	3653.400656226585	0.0	0	0.0	5094.4636744639465	1	0	2	1.1851686422107552
14775.164927416352	2000.0	3185.8885561296934	0.0	0	0.0	4961.053483546048	1	0	2	1.1981211579346338
15520.321773259704	2000.0	3366.216025702007	0.0	0	0.0	4886.537798961714	1	0	2	1.206637757275651
16604.467272249145	2000.0	3173.6559768136212	0.0	0	0.0	4778.123249062772	1	0	2	1.2163588855677294
17341.209304431595	2000.0	3436.91394463117	0.0	0	0.0	4778.12324906277	1	0	1	1.2193076599796038
18296.278325008025	2000.0	3386.3380219970977	0.0	0	0.0	4682.616347005127	1	0	2	1.0263966644637748
19476.98487811808	3000.0	3087.5608135760317	0.0	0	0.0	4564.545691694118	1	0	2	1.2377046564352234
20974.724036184707	3000.0	2440.0477397027425	0.0	0	0.0	4414.771775887453	1	0	2	1.6562269159206289
22751.417071131815	3000.0	1485.6854012609278	0.0	0	0.0	4237.102472392748	1	0	2	1.6747355881488817
24113.38508080801	2000.0	987.5205906171128	0.0	0	0.0	4100.905671425131	1	0	2	0.8782835076396971
25156.08907348571	2000.0	840.5461986716473	0.0	0	0.0	3996.635272157371	1	0	2	1.2948695507580439
25753.228401946297	2000.0	1183.6929373650005	0.0	0	0.0	3936.9213393113096	1	0	2	1.3020404378733734
26619.324223260024	2000.0	1230.9875339198984	0.0	0	0.0	3850.311757179934	1	0	2	1.309399724741668
28219.72794075915	2000.0	470.5434446708668	0.0	0	0.0	3690.271385430031	1	0	2	1.3237460376575338
29815.589570354052	2000.0	200.0	440.82213443956925	0	0.0	4015.5895703540664	1	0	2	-1.3506757344443263
30510.13245741244	1000.0	692.3924601479373	186.93534720632562	0	0.0	4202.524917560393	1	0	1	-1.2310389512280024
30854.45356418591	1000.0	1348.0713533744658	0.0	0	0.0	4202.524917560393	1	0	1	0.7837203125698968
31407.629380500242	1000.0	1739.577955428698	0.0	0	0.0	4147.207335928957	1	0	2	0.38784254371447124
32066.30834720042	2000.0	2015.0310920585068	0.0	0	0.0	4081.33943925894	1	0	2	0.5940510517085489
32916.806397589295	2000.0	2164.5330416696306	0.0	0	0.0	4081.3394392589435	1	0	1	1.288986040959987
33659.938092769626	2000.0	2347.0881769712714	0.0	0	0.0	4007.0262697409125	1	0	2	1.0945894861041603
34662.03360977022	2000.0	2344.992659970673	0.0	0	0.0	4007.0262697409053	1	0	1	1.29641735791179
35526.30190857896	2000.0	2394.297531281064	0.0	0	0.0	3920.599439860038	1	0	2	1.102510347104863
36755.09599093967	3000.0	2042.624040684278	0.0	0	0.0	3797.7200316239687	1	0	2	1.3148280280751115
37752.960958235504	2000.0	1944.9725766588656	0.0	0	0.0	3697.9335348944005	1	0	2	0.918872627183074
38537.64330108699	2000.0	2081.8219995222303	0.0	0	0.0	3619.465300609256	1	0	2	1.3330125651766331
40366.133958281454	3000.0	1070.4822766083162	0.0	0	0.0	3436.6162348897997	1	0	2	1.349397266689642
42006.59856956801	2000.0	265.9712041931008	0.0	0	0.0	3272.5697737611335	1	0	2	0.9604459606158725
42551.30350024583	1000.0	732.8918455842723	11.62557206899453	0	0.0	3284.1953458301214	1	0	1	-0.08734734323098839
43152.853068327626	1000.0	1071.1873206942957	0.0	0	0.0	3224.040389021946	1	0	2	0.4799554401797533
43755.29022173271	1000.0	1468.750167289221	0.0	0	0.0	3224.040389021946	1	0	1	0.6815687654237415
44123.82049008797	1000.0	2063.366872098421	0.0	0	0.0	3187.1873621864142	1	0	2	0.4842726441127758
45115.24826864997	2000.0	1972.7963156802186	0.0	0	0.0	3088.0445843302223	1	0	2	0.6926136676047537
46369.06047308826	2000.0	1593.6028907981035	0.0	0	0.0	2962.663363886393	1	0	2	1.3976801426407466
47489.969367633115	2000.0	1472.693996253251	0.0	0	0.0	2962.663363886393	1	0	1	1.4008536484972418
48796.57376564122	2000.0	1166.089598245142	0.0	0	0.0	2962.663363886393	1	0	1	1.600853648497242
49491.91806032533	2000.0	1470.7453035610229	0.0	0	0.0	2962.6633638864005	1	0	1	1.6008536484972413
50285.255168008865	2000.0	1598.0744851091338	0.0	0	0.0	2883.329653118053	1	0	2	1.2066523463486618
51193.80735069019	2000.0	1689.5223024278016	0.0	0	0.0	2883.329653118053	1	0	1	1.408787019574076
53030.87539963003	2000.0	668.7474485939915	0.0	0	0.0	2699.6228482240767	1	0	2	1.2227604640628038
53636.68038730101	1000.0	1062.94246092302	0.0	0	0.0	2699.6228482240767	1	0	1	0.04086333894358324
54303.058719187226	1000.0	1396.5641290367996	0.0	0	0.0	2699.6228482240767	1	0	1	0.9340105195035285
55009.78287959458	1000.0	1689.8399686294376	0.0	0	0.0	2699.6228482240767	1	0	1	0.9340105195035285
55656.1600994881	1000.0	2043.4627487359187	0.0	0	0.0	2699.6228482240767	1	0	1	0.9340105195035285
56528.055056745456	2000.0	2171.5677914785683	0.0	0	0.0	2699.6228482240767	1	0	1	0.9340105195035283
57735.04820138449	2000.0	1843.8753323756255	0.0	0	0.0	2578.9235337601713	1	0	2	1.2359263120164987
58939.5841433681	2000.0	1639.3393903920191	0.0	0	0.0	2578.9235337601713	1	0	1	1.439227631509864
60251.12793819607	2000.0	1327.795595564049	0.0	0	0.0	2578.9235337601785	1	0	1	1.6392276315098635
61508.010076185565	2000.0	1070.9134575745552	0.0	0	0.0	2578.9235337601785	1	0	1	1.6392276315098635
62038.893081931994	1000.0	1540.0304518281264	0.0	0	0.0	2578.9235337601713	1	0	1	0.2529332703899738
62551.32706205583	1000.0	2027.596471704287	0.0	0	0.0	2578.9235337601713	1	0	1	0.946080450949919
63200.0	1000.0	2378.923533760125	0.0	0	326.0852390837754	2578.9235337601713	1	0	1	0.946080450949919
64200.0	1000.0	2378.923533760117	0.0	0	417.5633744707302	2578.923533760164	1	0	1	0.9460804509499198
65200.0	1000.0	2378.923533760125	0.0	0	181.38250810118188	2578.923533760164	1	0	1	0.9460804509499198
66200.0	1000.0	2378.923533760135	0.0	0	332.43608990238863	2578.923533760164	1	0	1	0.9460804509499201
67200.0	1000.0	2378.9235337601363	0.0	0	278.83016280630545	2578.923533760164	1	0	1	0.9460804509499195
68200.0	1000.0	2278.9235337601294	0.0	0	348.944004459423	2478.9235337601567	1	0	2	0.5523782340473682
69948.30124349201	2000.0	1530.622290268117	0.0	0	0.0	2478.9235337601567	1	0	1	0.7560804509499202
70641.56569146535	1000.0	1837.357842294778	0.0	0	0.0	2478.9235337601567	1	0	1	0.26293327038997527
71889.44269440918	2000.0	1589.480839350957	0.0	0	0.0	2478.9235337601567	1	0	1	0.9560804509499203
72974.65725663908	2000.0	1504.266277121057	0.0	0	0.0	2478.9235337601567	1	0	1	1.6492276315098655
74104.30859248136	2000.0	1374.6149412787677	0.0	0	0.0	2478.9235337601713	1	0	1	1.6492276315098642
75160.52014620995	2000.0	1318.4033875501782	0.0	0	0.0	2478.9235337601567	1	0	1	1.6492276315098655
76802.51395422374	2000.0	676.4095795363924	0.0	0	0.0	2478.9235337601567	1	0	1	1.6492276315098655
77576.15620286248	1000.0	902.767330897663	0.0	0	0.0	2478.9235337601567	1	0	1	0.26293327038997527
78277.82548518502	1000.0	1201.0980485751288	0.0	0	0.0	2478.9235337601567	1	0	1	0.9560804509499204
79108.54414814145	1000.0	1370.3793856187096	0.0	0	0.0	2478.9235337601567	1	0	1	0.9560804509499204
79814.38087686009	1000.0	1664.542656900055	0.0	0	0.0	2478.9235337601567	1	0	1	0.9560804509499204
80524.40243223394	1000.0	1954.5211015261962	0.0	0	0.0	2478.923533760142	1	0	1	0.956080450949922
81297.09539610855	1000.0	2181.8281376515924	0.0	0	0.0	2478.923533760142	1	0	1	0.956080450949922
82200.0	1000.0	2278.9235337601317	0.0	0	290.9878339178831	2478.923533760142	1	0	1	0.956080450949922
83200.0	1000.0	2278.923533760128	0.0	0	675.2242222244095	2478.923533760142	1	0	1	0.956080450949922
84200.0	1000.0	2278.9235337601367	0.0	0	659.6570378898177	2478.9235337601567	1	0	1	0.9560804509499204
85200.0	1000.0	2178.923533760129	0.0	0	156.35575760004576	2378.9235337601276	1	0	2	0.5623103779572409
86200.0	1000.0	2078.9235337601435	0.0	0	358.4260915229097	2278.9235337601567	1	0	2	0.7724709567368389
87200.0	2000.0	2078.9235337601467	0.0	0	327.1854468050442	2278.9235337601567	1	0	1	0.7760804509499202
88200.0	1000.0	1978.923533760159	0.0	0	600.7167562276445	2178.9235337601713	1	0	2	-0.11106672961002617
89200.0	1000.0	1878.9235337601624	0.0	0	265.5527026292257	2078.923533760186	1	0	2	0.7924540656047911
90200.0	1000.0	1878.9235337601526	0.0	0	355.8250932893134	2078.9235337602004	1	0	1	0.796080450949916
91200.0	1000.0	1878.9235337601428	0.0	0	628.1101305453049	2078.923533760215	1	0	1	0.9960804509499146
92200.0	1000.0	1878.9235337601474	0.0	0	505.7381661137915	2078.9235337602004	1	0	1	0.9960804509499162
93200.0	1000.0	1878.9235337601606	0.0	0	339.7252643756219	2078.923533760215	1	0	1	0.9960804509499146
94200.0	1000.0	1878.9235337601508	0.0	0	424.6783743787819	2078.923533760215	1	0	1	0.9960804509499146
95200.0	1000.0	1878.9235337601444	0.0	0	38.57439030284877	2078.923533760215	1	0	1	0.9960804509499146
96200.0	1000.0	1878.9235337601374	0.0	0	177.28126165604044	2078.923533760215	1	0	1	0.9960804509499146
97200.0	1000.0	1778.9235337601428	0.0	0	445.30623400383047	1978.9235337602295	1	0	2	0.6022409800583931
98200.0	1000.0	1778.9235337601426	0.0	0	473.08720104928943	1978.9235337602295	1	0	1	0.8060804509499131
99200.0	1000.0	1778.9235337601447	0.0	0	435.81948924712196	1978.923533760244	1	0	1	1.0060804509499117
100200.0	1000.0	1778.9235337601665	0.0	0	531.2754743966798	1978.923533760244	1	0	1	1.0060804509499117
101200.0	1000.0	1778.9235337601729	0.0	0	453.3797363223857	1978.923533760244	1	0	1	1.0060804509499117
102200.0	1000.0	1778.9235337601956	0.0	0	311.2115852384886	1978.923533760244	1	0	1	1.0060804509499117
103200.0	1000.0	1778.923533760184	0.0	0	439.3644614079967	1978.923533760244	1	0	1	1.0060804509499117
104656.93833248616	2000.0	1321.9852012740355	0.0	0	0.0	1978.9235337602295	1	0	1	1.0060804509499133
105623.29833167179	2000.0	1355.62520208839	0.0	0	0.0	1978.923533760215	1	0	1	1.6992276315098598
106823.69274312364	2000.0	1155.2307906365306	0.0	0	0.0	1978.923533760215	1	0	1	1.6992276315098598
107263.25436612814	1000.0	1715.6691676320477	0.0	0	0.0	1978.923533760215	1	0	1	0.3129332703899695
108200.0	1000.0	1778.9235337601806	0.0	0	506.06439353547466	1978.9235337602004	1	0	1	1.0060804509499162
109200.0	1000.0	1778.9235337601838	0.0	0	494.36916159086104	1978.9235337601858	1	0	1	1.0060804509499175
110200.0	1000.0	1778.9235337601888	0.0	0	452.07881807981175	1978.9235337601858	1	0	1	1.0060804509499175
111284.35288141062	1000.0	1694.5706523495664	0.0	0	0.0	1978.9235337601858	1	0	1	1.0060804509499175
112409.43774026456	1000.0	1569.4857934956335	0.0	0	0.0	1978.9235337601858	1	0	1	1.0060804509499175
113200.0	1000.0	1699.8673077866579	0.0	0	259.43054471390496	1899.867307786626	1	0	2	0.6107779088024756
114200.0	1000.0	1699.8673077866606	0.0	0	32.532330331465346	1899.867307786626	1	0	1	0.8139860735472735
115200.0	1000.0	1699.8673077866508	0.0	0	419.17751130355464	1899.867307786626	1	0	1	1.0139860735472737
116200.0	1000.0	1699.8673077866315	0.0	0	145.14701368228998	1899.8673077866115	1	0	1	1.013986073547275
117200.0	1000.0	1699.867307786636	0.0	0	499.0368186870328	1899.8673077866115	1	0	1	1.013986073547275
118200.0	1000.0	1699.8673077866372	0.0	0	609.5167112081399	1899.8673077866115	1	0	1	1.013986073547275
119200.0	1000.0	1699.867307786627	0.0	0	520.118042087488	1899.867307786597	1	0	1	1.0139860735472765
120200.0	1000.0	1599.8673077866192	0.0	0	579.442884737131	1799.8673077865678	1	0	2	0.6200173096274653
121200.0	1000.0	1599.8673077866092	0.0	0	503.2843756157963	1799.8673077865678	1	0	1	0.8239860735472793
122200.0	1000.0	1599.8673077865926	0.0	0	257.7481634914584	1799.8673077865533	1	0	1	1.0239860735472808
123200.0	1000.0	1599.8673077865867	0.0	0	438.8468537747249	1799.8673077865387	1	0	1	1.0239860735472823
124473.24456404027	1000.0	1326.6227437463087	0.0	0	0.0	1799.8673077865387	1	0	1	1.0239860735472823
125200.0	1000.0	1599.8673077865826	0.0	0	70.74734962466755	1799.8673077865387	1	0	1	1.0239860735472823
126200.0	1000.0	1599.8673077865865	0.0	0	451.3168638525094	1799.8673077865387	1	0	1	1.0239860735472823
127200.0	1000.0	1599.867307786578	0.0	0	229.2716340332263	1799.8673077865387	1	0	1	1.0239860735472823
128200.0	1000.0	1599.8673077865892	0.0	0	99.67033945371804	1799.8673077865387	1	0	1	1.0239860735472823
129200.0	1000.0	1599.8673077865888	0.0	0	471.4063021010952	1799.8673077865387	1	0	1	1.0239860735472823
130200.0	1000.0	1599.867307786591	0.0	0	525.7926608689595	1799.8673077865387	1	0	1	1.0239860735472823
131200.0	1000.0	1599.8673077865903	0.0	0	333.31149343682046	1799.8673077865387	1	0	1	1.0239860735472823
132200.0	1000.0	1599.8673077865944	0.0	0	159.68503160396358	1799.8673077865387	1	0	1	1.0239860735472814
133200.0	1000.0	1599.867307786595	0.0	0	219.60807886577095	1799.8673077865387	1	0	1	1.0239860735472817
134200.0	1000.0	1599.8673077865978	0.0	0	638.2849007228797	1799.8673077865387	1	0	1	1.0239860735472823
135200.0	1000.0	1599.8673077865799	0.0	0	611.7466767856677	1799.8673077865387	1	0	1	1.0239860735472823
136200.0	1000.0	1599.867307786564	0.0	0	270.05830232825247	1799.8673077865096	1	0	1	1.0239860735472852
137200.0	1000.0	1599.86730778654	0.0	0	67.32837144646328	1799.8673077865387	1	0	1	1.0239860735472823
138200.0	1000.0	1599.8673077865403	0.0	0	440.98849102968234	1799.8673077865678	1	0	1	1.0239860735472794
139200.0	1000.0	1599.8673077865212	0.0	0	318.93751215786324	1799.8673077865678	1	0	1	1.0239860735472794
140200.0	1000.0	1599.8673077865342	0.0	0	467.8909855047823	1799.8673077865678	1	0	1	1.0239860735472794
141200.0	1000.0	1599.8673077865396	0.0	0	413.6481309430674	1799.8673077865678	1	0	1	1.0239860735472794
142200.0	1000.0	1599.867307786502	0.0	0	388.1324735627859	1799.8673077865387	1	0	1	1.0239860735472823
143200.0	1000.0	1599.867307786504	0.0	0	162.2258239511284	1799.8673077865678	1	0	1	1.0239860735472794
144200.0	1000.0	1599.86730778648	0.0	0	605.0322774565138	1799.8673077865387	1	0	1	1.0239860735472823
145200.0	1000.0	1599.8673077864999	0.0	0	437.9132767683186	1799.8673077865387	1	0	1	1.0239860735472823
146200.0	1000.0	1599.8673077864662	0.0	0	667.4563260346767	1799.8673077865387	1	0	1	1.0239860735472823
147200.0	1000.0	1599.867307786483	0.0	0	526.8989790283085	1799.8673077865387	1	0	1	1.0239860735472823
148200.0	1000.0	1599.8673077865008	0.0	0	434.8651140499569	1799.8673077865387	1	0	1	1.0239860735472823
149200.0	1000.0	1599.867307786511	0.0	0	651.4664897620387	1799.8673077865387	1	0	1	1.0239860735472823
150200.0	1000.0	1599.86730778651	0.0	0	540.9099687314592	1799.8673077865678	1	0	1	1.0239860735472794
151200.0	1000.0	1599.8673077864833	0.0	0	665.6030917971802	1799.8673077865678	1	0	1	1.0239860735472794
152200.0	1000.0	1599.8673077864912	0.0	0	323.7734510911978	1799.8673077865678	1	0	1	1.0239860735472794
153200.0	1000.0	1599.8673077865164	0.0	0	309.7323145667615	1799.8673077865678	1	0	1	1.0239860735472794
154200.0	1000.0	1599.8673077865112	0.0	0	569.9363981217903	1799.8673077865678	1	0	1	1.0239860735472794
155200.0	1000.0	1599.8673077865085	0.0	0	319.50943529611686	1799.8673077865678	1	0	1	1.0239860735472794
156200.0	1000.0	1599.867307786509	0.0	0	67.10748105091625	1799.8673077865678	1	0	1	1.0239860735472794
157200.0	1000.0	1599.8673077865315	0.0	0	398.1874222041806	1799.867307786597	1	0	1	1.0239860735472766
158200.0	1000.0	1599.8673077865203	0.0	0	192.4619828085415	1799.867307786597	1	0	1	1.0239860735472766
159224.79614572498	1000.0	1575.0711620615505	0.0	0	0.0	1799.867307786597	1	0	1	1.0239860735472766
160200.0	1000.0	1599.8673077865308	0.0	0	162.1061193998612	1799.867307786597	1	0	1	1.0239860735472766
161200.0	1000.0	1599.8673077865124	0.0	0	512.0429663455579	1799.867307786597	1	0	1	1.0239860735472766
162200.0	1000.0	1599.8673077865028	0.0	0	551.0214409217879	1799.867307786597	1	0	1	1.0239860735472766
163200.0	1000.0	1599.8673077865	0.0	0	316.2991928794654	1799.8673077865678	1	0	1	1.0239860735472794
164200.0	1000.0	1599.8673077864928	0.0	0	544.1794657844875	1799.8673077865678	1	0	1	1.0239860735472794
165200.0	1000.0	1599.867307786523	0.0	0	465.1234751494194	1799.867307786597	1	0	1	1.0239860735472766
166200.0	1000.0	1599.8673077865142	0.0	0	661.5031747594476	1799.867307786597	1	0	1	1.0239860735472766
167200.0	1000.0	1599.8673077865183	0.0	0	459.8581321889942	1799.8673077865678	1	0	1	1.0239860735472794
168200.0	1000.0	1599.8673077865524	0.0	0	561.2144323557441	1799.8673077865678	1	0	1	1.0239860735472794
169200.0	1000.0	1599.8673077865224	0.0	0	485.28902004961856	1799.8673077865678	1	0	1	1.0239860735472794
170200.0	1000.0	1599.8673077865228	0.0	0	101.04162261655438	1799.8673077865678	1	0	1	1.0239860735472794
171200.0	1000.0	1599.8673077865044	0.0	0	255.53370402290602	1799.8673077865678	1	0	1	1.0239860735472794
172200.0	1000.0	1599.86730778653	0.0	0	489.76505610425374	1799.8673077865678	1	0	1	1.0239860735472794
173200.0	1000.0	1599.8673077865576	0.0	0	376.4122983368288	1799.8673077865678	1	0	1	1.0239860735472794
174200.0	1000.0	1599.8673077865499	0.0	0	569.8814965596539	1799.8673077865678	1	0	1	1.0239860735472794
175200.0	1000.0	1599.8673077865822	0.0	0	618.1822303208755	1799.8673077865678	1	0	1	1.0239860735472794
176200.0	1000.0	1599.8673077866217	0.0	0	560.5279567576654	1799.867307786597	1	0	1	1.0239860735472766
177200.0	1000.0	1599.8673077866158	0.0	0	280.88817117750295	1799.867307786597	1	0	1	1.0239860735472766
178200.0	1000.0	1599.8673077866424	0.0	0	162.2060221238644	1799.867307786626	1	0	1	1.0239860735472737
179200.0	1000.0	1599.8673077866106	0.0	0	321.2277730185888	1799.8673077866551	1	0	1	1.0239860735472708
180200.0	1000.0	1599.8673077866058	0.0	0	512.0164474704943	1799.867307786626	1	0	1	1.0239860735472737
181200.0	1000.0	1599.8673077866026	0.0	0	636.8142779176706	1799.867307786597	1	0	1	1.0239860735472766
182200.0	1000.0	1599.8673077866292	0.0	0	525.5199093025876	1799.867307786597	1	0	1	1.0239860735472766
183200.0	1000.0	1599.8673077866263	0.0	0	542.9309853554587	1799.867307786597	1	0	1	1.0239860735472766
184200.0	1000.0	1599.8673077866258	0.0	0	468.16231892982614	1799.867307786597	1	0	1	1.0239860735472766
185200.0	2000.0	1599.8673077865915	0.0	0	71.33245593996253	1799.867307786597	1	0	1	1.0239860735472763
186200.0	2000.0	1599.8673077865676	0.0	0	171.2514471677132	1799.867307786597	1	0	1	1.7171332541072215
187200.0	2000.0	1599.8673077865535	0.0	0	72.00687432748964	1799.867307786597	1	0	1	1.7171332541072215
188584.56783626255	2000.0	1215.299471524	0.0	0	0.0	1799.8673077865678	1	0	1	1.7171332541072246
189588.78920841287	2000.0	1211.0780993736757	0.0	0	0.0	1799.8673077865678	1	0	1	1.7171332541072246
191153.74260754886	2000.0	646.1247002376838	0.0	0	0.0	1799.867307786597	1	0	1	1.7171332541072215
192342.77843589097	2000.0	457.08887189558055	0.0	0	0.0	1799.867307786597	1	0	1	1.7171332541072215
193098.4600845555	2000.0	701.4072232310168	0.0	0	0.0	1799.867307786597	1	0	1	1.7171332541072215
194408.29873262273	2000.0	391.56857516380626	0.0	0	0.0	1799.8673077865678	1	0	1	1.7171332541072246
195013.3724776505	1000.0	786.4948301360163	0.0	0	0.0	1799.8673077865678	1	0	1	0.33083889298733427
195810.58792311687	1000.0	989.2793846696601	0.0	0	0.0	1799.8673077865678	1	0	1	1.0239860735472794
196283.88712627997	1000.0	1515.9801815065236	0.0	0	0.0	1799.8673077865678	1	0	1	1.0239860735472794
197363.12176090977	2000.0	1328.8220834137746	0.0	0	0.0	1691.9438443235995	1	0	2	0.6320718641563957
198200.0	1000.0	1491.9438443235717	0.0	0	473.49613747306284	1691.9438443235995	1	0	1	0.1416312393336308
199200.0	1000.0	1391.9438443235642	0.0	0	599.2755811137904	1591.9438443236286	1	0	2	0.6408236342525195
200200.0	1000.0	1391.9438443235917	0.0	0	645.5144781986892	1591.9438443236286	1	0	1	0.8447784198935732
201377.29526576176	1000.0	1214.6485785618395	0.0	0	0.0	1591.9438443236286	1	0	1	1.0447784198935732
202219.5608751467	1000.0	1372.3829691768706	0.0	0	0.0	1591.9438443236286	1	0	1	1.0447784198935732
203200.0	1000.0	1391.943844323598	0.0	0	226.9720409103611	1591.9438443236286	1	0	1	1.0447784198935732
204200.0	1000.0	1391.9438443235838	0.0	0	254.86832959935418	1591.9438443236286	1	0	1	1.0447784198935732
205200.0	1000.0	1391.9438443235817	0.0	0	511.4920779275126	1591.9438443236577	1	0	1	1.0447784198935703
206200.0	1000.0	1391.9438443235938	0.0	0	346.13954095332883	1591.9438443236577	1	0	1	1.0447784198935703
207200.0	1000.0	1391.9438443235638	0.0	0	450.1623270539276	1591.9438443236577	1	0	1	1.0447784198935703
208200.0	1000.0	1391.9438443235665	0.0	0	478.30221318115946	1591.9438443236577	1	0	1	1.0447784198935703
209200.0	1000.0	1391.9438443235238	0.0	0	217.4349625580653	1591.9438443236577	1	0	1	1.0447784198935703
210200.0	1000.0	1391.9438443235067	0.0	0	555.7807558412314	1591.9438443236286	1	0	1	1.0447784198935732
211200.0	1000.0	1391.9438443235338	0.0	0	362.0018407321768	1591.9438443236286	1	0	1	1.0447784198935732
212200.0	1000.0	1391.9438443235024	0.0	0	541.3670123041957	1591.9438443236286	1	0	1	1.0447784198935732
213200.0	1000.0	1391.9438443234753	0.0	0	604.0074240325193	1591.9438443236286	1	0	1	1.0447784198935732
214200.0	1000.0	1391.9438443234665	0.0	0	273.133653348661	1591.9438443236286	1	0	1	1.0447784198935732
215200.0	1000.0	1391.9438443234803	0.0	0	506.7078816641588	1591.9438443236286	1	0	1	1.0447784198935732
216200.0	1000.0	1391.943844323445	0.0	0	432.4371049179463	1591.9438443235995	1	0	1	1.0447784198935763
217200.0	1000.0	1391.9438443234583	0.0	0	528.5945607025933	1591.9438443236286	1	0	1	1.0447784198935732
218200.0	1000.0	1391.9438443234376	0.0	0	512.4109437300649	1591.9438443236286	1	0	1	1.0447784198935732
219200.0	1000.0	1391.9438443234335	0.0	0	38.66122607601574	1591.9438443236286	1	0	1	1.0447784198935732
220200.0	1000.0	1391.943844323406	0.0	0	358.7679174752848	1591.9438443236286	1	0	1	1.0447784198935732
221200.0	1000.0	1391.9438443233807	0.0	0	469.74569198465906	1591.9438443236286	1	0	1	1.0447784198935732
222200.0	1000.0	1391.9438443233696	0.0	0	561.505845584441	1591.9438443236286	1	0	1	1.0447784198935732
223200.0	1000.0	1391.9438443233653	0.0	0	449.72071875675465	1591.9438443236286	1	0	1	1.0447784198935732
224200.0	1000.0	1391.9438443234046	0.0	0	339.25911181711126	1591.9438443236577	1	0	1	1.0447784198935703
225250.5943024871	1000.0	1341.3495418363198	0.0	0	0.0	1591.9438443236577	1	0	1	1.0447784198935703
226200.0	1000.0	1391.943844323407	0.0	0	214.49274982177303	1591.9438443236868	1	0	1	1.0447784198935675
227222.8355825041	1000.0	1369.1082618192813	0.0	0	0.0	1591.9438443236868	1	0	1	1.0447784198935675
228200.0	1000.0	1391.9438443233742	0.0	0	143.0163906471862	1591.943844323716	1	0	1	1.0447784198935646
229200.0	1000.0	1391.9438443234085	0.0	0	269.67766292073065	1591.943844323716	1	0	1	1.0447784198935646
230200.0	1000.0	1391.9438443233803	0.0	0	136.76489289978053	1591.9438443236868	1	0	1	1.0447784198935675
231200.0	1000.0	1391.94384432336	0.0	0	498.23322666378226	1591.9438443236577	1	0	1	1.0447784198935703
232200.0	1000.0	1391.943844323362	0.0	0	522.6973564008076	1591.9438443236577	1	0	1	1.0447784198935703
233200.0	1000.0	1391.9438443233912	0.0	0	632.869856215606	1591.9438443236868	1	0	1	1.0447784198935675
234200.0	1000.0	1391.9438443234053	0.0	0	512.7588321071235	1591.9438443236868	1	0	1	1.0447784198935675
235200.0	1000.0	1391.943844323424	0.0	0	397.71229139500065	1591.943844323716	1	0	1	1.0447784198935646
236200.0	1000.0	1391.943844323432	0.0	0	598.9457007978053	1591.943844323716	1	0	1	1.0447784198935646
237200.0	1000.0	1391.943844323393	0.0	0	360.82287760073086	1591.943844323716	1	0	1	1.0447784198935646
238200.0	1000.0	1391.9438443233937	0.0	0	270.4695328709786	1591.943844323716	1	0	1	1.0447784198935646
239200.0	1000.0	1391.9438443233746	0.0	0	331.05076183823985	1591.943844323716	1	0	1	1.0447784198935646
240200.0	1000.0	1391.943844323379	0.0	0	463.8612594959268	1591.9438443236868	1	0	1	1.0447784198935675
241200.0	1000.0	1391.9438443233762	0.0	0	592.7173385752831	1591.9438443236868	1	0	1	1.0447784198935675
242200.0	1000.0	1391.9438443233776	0.0	0	372.69172888688627	1591.9438443236868	1	0	1	1.0447784198935675
243200.0	1000.0	1391.943844323378	0.0	0	417.22534419532167	1591.9438443236868	1	0	1	1.0447784198935675
244200.0	1000.0	1391.9438443233712	0.0	0	478.82955100235995	1591.9438443236868	1	0	1	1.0447784198935675
245200.0	1000.0	1391.943844323392	0.0	0	417.3068299953302	1591.9438443236868	1	0	1	1.0447784198935675
246200.0	1000.0	1391.9438443233519	0.0	0	428.21812916663475	1591.9438443236868	1	0	1	1.0447784198935675
247200.0	1000.0	1391.9438443233466	0.0	0	339.21359014030895	1591.9438443236868	1	0	1	1.0447784198935675
248200.0	1000.0	1391.9438443233128	0.0	0	348.1258938482497	1591.9438443236868	1	0	1	1.0447784198935675
249200.0	1000.0	1391.9438443233214	0.0	0	410.921926774492	1591.9438443236868	1	0	1	1.0447784198935675
250200.0	1000.0	1391.9438443233396	0.0	0	592.2733426468039	1591.9438443236868	1	0	1	1.0447784198935675
251200.0	1000.0	1391.943844323329	0.0	0	563.7735786589619	1591.9438443236868	1	0	1	1.0447784198935675
252200.0	1000.0	1391.9438443233453	0.0	0	459.1566349756904	1591.9438443236577	1	0	1	1.0447784198935703
253200.0	1000.0	1391.9438443233576	0.0	0	454.92295091904816	1591.9438443236868	1	0	1	1.0447784198935675
254200.0	1000.0	1391.9438443233353	0.0	0	312.84436491146334	1591.9438443236868	1	0	1	1.0447784198935675
255200.0	1000.0	1391.9438443233541	0.0	0	402.9478134441888	1591.9438443236868	1	0	1	1.0447784198935675
256200.0	1000.0	1391.9438443233362	0.0	0	494.96725263123517	1591.9438443236577	1	0	1	1.0447784198935703
257200.0	1000.0	1391.9438443233291	0.0	0	517.833263224602	1591.9438443236577	1	0	1	1.0447784198935703
258200.0	1000.0	1391.9438443233053	0.0	0	579.6715933466621	1591.9438443236868	1	0	1	1.0447784198935675
259200.0	1000.0	1391.9438443233223	0.0	0	564.5320529976452	1591.9438443236868	1	0	1	1.0447784198935675
260200.0	1000.0	1391.943844323353	0.0	0	53.019578283216106	1591.9438443236868	1	0	1	1.0447784198935675
261410.28168022988	1000.0	1181.6621640934952	0.0	0	0.0	1591.9438443236868	1	0	1	1.0447784198935675
262200.0	1000.0	1391.9438443233792	0.0	0	57.42330451484304	1591.9438443236868	1	0	1	1.0447784198935675
263200.0	1000.0	1391.943844323366	0.0	0	168.81793845829088	1591.9438443236577	1	0	1	1.0447784198935688
264200.0	1000.0	1391.9438443234092	0.0	0	360.73195176251465	1591.9438443236868	1	0	1	1.0447784198935675
265200.0	1000.0	1391.943844323469	0.0	0	328.6161341932602	1591.943844323745	1	0	1	1.0447784198935617
266200.0	1000.0	1391.943844323459	0.0	0	393.970229319355	1591.943844323745	1	0	1	1.0447784198935617
267200.0	1000.0	1391.9438443234656	0.0	0	616.7104931264184	1591.9438443238032	1	0	1	1.044778419893556
268200.0	1000.0	1391.9438443234533	0.0	0	624.5026256593992	1591.9438443238032	1	0	1	1.044778419893556
269200.0	1000.0	1391.9438443235058	0.0	0	427.3684728021617	1591.9438443238032	1	0	1	1.044778419893556
270200.0	1000.0	1391.9438443234171	0.0	0	337.6612328691408	1591.943844323745	1	0	1	1.0447784198935617
271200.0	1000.0	1391.9438443234114	0.0	0	368.53766027087113	1591.9438443236868	1	0	1	1.0447784198935675
272295.26497598557	2000.0	1296.6788683378213	0.0	0	0.0	1591.9438443236868	1	0	1	1.0447784198935675
273319.72547015327	1000.0	1272.2183741701087	0.0	0	0.0	1591.9438443236868	1	0	1	0.35163123933362234
274200.0	1000.0	1391.9438443233896	0.0	0	274.8506928216666	1591.9438443236868	1	0	1	1.0447784198935675
275200.0	1000.0	1391.9438443233466	0.0	0	126.30560876929667	1591.9438443236868	1	0	1	1.0447784198935675
276200.0	1000.0	1391.943844323347	0.0	0	153.20653632865287	1591.943844323745	1	0	1	1.0447784198935617
277200.0	1000.0	1391.9438443233742	0.0	0	114.90010288968915	1591.943844323745	1	0	1	1.0447784198935617
278200.0	1000.0	1391.943844323343	0.0	0	296.23227838479215	1591.943844323745	1	0	1	1.0447784198935617
279200.0	1000.0	1391.9438443233776	0.0	0	461.1730459977989	1591.943844323745	1	0	1	1.0447784198935617
280200.0	1000.0	1391.9438443233912	0.0	0	215.06249209702946	1591.9438443238032	1	0	1	1.044778419893556
281200.0	1000.0	1391.9438443234394	0.0	0	255.31081625045044	1591.9438443238032	1	0	1	1.044778419893556
282200.0	1000.0	1391.9438443234235	0.0	0	351.93410766590387	1591.9438443238032	1	0	1	1.044778419893556
283200.0	1000.0	1391.9438443234412	0.0	0	638.2636962225661	1591.9438443238032	1	0	1	1.044778419893556
284200.0	1000.0	1391.9438443234105	0.0	0	510.9396505280747	1591.9438443238032	1	0	1	1.044778419893556
285200.0	1000.0	1391.9438443234128	0.0	0	379.8491864213138	1591.9438443238032	1	0	1	1.044778419893556
286200.0	1000.0	1391.943844323403	0.0	0	116.13221363723278	1591.9438443238032	1	0	1	1.044778419893556
287200.0	1000.0	1391.9438443234276	0.0	0	96.66151259961771	1591.9438443238032	1	0	1	1.044778419893556
288200.0	1000.0	1391.9438443233735	0.0	0	438.89663963136263	1591.943844323745	1	0	1	1.0447784198935617
289200.0	1000.0	1391.9438443233407	0.0	0	473.0291610326967	1591.943844323745	1	0	1	1.0447784198935617
290200.0	1000.0	1391.94384432332	0.0	0	346.45545600441983	1591.9438443236868	1	0	1	1.0447784198935675
291200.0	1000.0	1391.9438443232882	0.0	0	318.12551279953914	1591.943844323745	1	0	1	1.0447784198935617
292200.0	1000.0	1391.943844323318	0.0	0	411.85004879016196	1591.943844323745	1	0	1	1.0447784198935617
293200.0	1000.0	1391.9438443232802	0.0	0	614.3281563658966	1591.943844323745	1	0	1	1.0447784198935617
294200.0	1000.0	1391.943844323187	0.0	0	397.9605892750551	1591.9438443238032	1	0	1	1.044778419893556
295200.0	1000.0	1391.9438443231404	0.0	0	441.47632417292334	1591.9438443238032	1	0	1	1.044778419893556
296200.0	1000.0	1391.9438443231513	0.0	0	417.69603477744386	1591.9438443238032	1	0	1	1.044778419893556
297200.0	1000.0	1391.9438443231795	0.0	0	459.28103138896404	1591.9438443238032	1	0	1	1.044778419893556
298200.0	1000.0	1391.943844323152	0.0	0	459.2654252858483	1591.9438443238032	1	0	1	1.044778419893556
299200.0	2000.0	1391.9438443231772	0.0	0	106.26732406875817	1591.9438443238032	1	0	1	1.044778419893556
300200.0	2000.0	1391.9438443231923	0.0	0	304.5221794503741	1591.943844323745	1	0	1	1.7379256004535069
1.85	1.25	1.7	1.47	1.12	1.4	2.05	2.48	1.61	2.49	2.47	2.68	2.47	2.11	2.22	1.29	1.44	1.68	2.24	2.65	3.0	1.6	1.44	1.67	1.81	2.41	2.98	2.78	2.68	2.8	1.63	2.53	2.13	1.52	1.9	1.33	1.7	1.96	2.13	1.89	1.84	1.63	1.49	2.27	3.17	2.1	0.97	1.37	1.56	1.46	1.97	2.04	2.15	1.67	1.7	1.83	2.06	2.75	1.76	1.62	1.91	1.81	2.04	1.47	1.32	2.06	2.12	2.1	2.5	1.8	1.17	1.58	1.34	1.4	1.4	1.59	2.32	3.15	3.37	1.2	2.35	2.57	1.99	1.42	2.28	2.54	1.96	1.17	1.89	1.33	1.63	1.98	1.87	1.37	2.06	1.91	1.83	2.2	1.58	1.91	2.15	2.04	2.32	2.79	1.49	1.25	0.81	1.58	1.26	1.56	1.63	2.03	2.28	2.33	2.49	1.8	1.85	1.97	0.74	1.56	1.39	1.04	1.25	1.92	1.68	1.8	1.62	1.83	2.68	1.89	1.62	1.15	1.6	2.06	2.72	1.8	1.51	1.7	2.39	2.21	2.72	2.37	2.33	2.56	2.31	2.79	1.67	2.05	2.87	2.58	1.85	1.25	1.7	1.47	1.12	1.4	2.05	2.48	1.61	2.49	2.47	2.68	2.47	2.11	2.22	1.29	1.44	1.68	2.24	2.65	3.0	1.6	1.44	1.67	1.81	2.41	2.98	2.78	2.68	2.8	1.63	2.53	2.13	1.52	1.9	1.33	1.7	1.96	2.13	1.89	1.84	1.63	1.49	2.27	3.17	2.1	0.97	1.37	1.56	1.46	1.97	2.04	2.15	1.67	1.7	1.83	2.06	2.75	1.76	1.62	1.91	1.81	2.04	1.47	1.32	2.06	2.12	2.1	2.5	1.8	1.17	1.58	1.34	1.4	1.4	1.59	2.32	3.15	3.37	1.2	2.35	2.57	1.99	1.42	2.28	2.54	1.96	1.17	1.89	1.33	1.63	1.98	1.87	1.37	2.06	1.91	1.83	2.2	1.58	1.91	2.15	2.04	2.32	2.79	1.49	1.25	0.81	1.58	1.26	1.56	1.63	2.03	2.28	2.33	2.49	1.8	1.85	1.97	0.74	1.56	1.39	1.04	1.25	1.92	1.68	1.8	1.62	1.83	2.68	1.89	1.62	1.15	1.6	2.06	2.72	1.8	1.51	1.7	2.39	2.21	2.72	2.37	2.33	2.56	2.31	2.79	1.67	2.05
1.0	2.0	3.0	4.0	5.0	6.0	7.0	8.0	9.0	10.0	11.0	12.0	13.0	14.0	15.0	16.0	17.0	18.0	19.0	20.0	21.0	22.0	23.0	24.0	25.0	26.0	27.0	28.0	29.0	30.0	31.0	32.0	33.0	34.0	35.0	36.0	37.0	38.0	39.0	40.0	41.0	42.0	43.0	44.0	45.0	46.0	47.0	48.0	49.0	50.0	51.0	52.0	53.0	54.0	55.0	56.0	57.0	58.0	59.0	60.0	61.0	62.0	63.0	64.0	65.0	66.0	67.0	68.0	69.0	70.0	71.0	72.0	73.0	74.0	75.0	76.0	77.0	78.0	79.0	80.0	81.0	82.0	83.0	84.0	85.0	86.0	87.0	88.0	89.0	90.0	91.0	92.0	93.0	94.0	95.0	96.0	97.0	98.0	99.0	100.0	101.0	102.0	103.0	104.0	105.0	106.0	107.0	108.0	109.0	110.0	111.0	112.0	113.0	114.0	115.0	116.0	117.0	118.0	119.0	120.0	121.0	122.0	123.0	124.0	125.0	126.0	127.0	128.0	129.0	130.0	131.0	132.0	133.0	134.0	135.0	136.0	137.0	138.0	139.0	140.0	141.0	142.0	143.0	144.0	145.0	146.0	147.0	148.0	149.0	149.0	150.0	151.0	152.0	153.0	154.0	155.0	156.0	157.0	158.0	159.0	160.0	161.0	162.0	163.0	164.0	165.0	166.0	167.0	168.0	169.0	170.0	171.0	172.0	173.0	174.0	175.0	176.0	177.0	178.0	179.0	180.0	181.0	182.0	183.0	184.0	185.0	186.0	187.0	188.0	189.0	190.0	191.0	192.0	193.0	194.0	195.0	196.0	197.0	198.0	199.0	200.0	201.0	202.0	203.0	204.0	205.0	206.0	207.0	208.0	209.0	210.0	211.0	212.0	213.0	214.0	215.0	216.0	217.0	218.0	219.0	220.0	221.0	222.0	223.0	224.0	225.0	226.0	227.0	228.0	229.0	230.0	231.0	232.0	233.0	234.0	235.0	236.0	237.0	238.0	239.0	240.0	241.0	242.0	243.0	244.0	245.0	246.0	247.0	248.0	249.0	250.0	251.0	252.0	253.0	254.0	255.0	256.0	257.0	258.0	259.0	260.0	261.0	262.0	263.0	264.0	265.0	266.0	267.0	268.0	269.0	270.0	271.0	272.0	273.0	274.0	275.0	276.0	277.0	278.0	279.0	280.0	281.0	282.0	283.0	284.0	285.0	286.0	287.0	288.0	289.0	290.0	291.0	292.0	293.0	294.0	295.0	296.0	297.0
5388.853696037309
