5968.087177493375	300.0	2000.0	228.87417245462026	0	0.0	5968.087177493375	1	0	1	-1.9645328524479408
6301.602135054654	300.0	2633.133546682592	0.0	0	0.0	5934.7356817372465	1	0	2	-0.9942654621991698
6896.617222704001	500.0	2978.616950268311	0.0	0	0.0	5875.234172972312	1	0	2	-0.7890731019205184
7395.075978966779	500.0	3430.312318379255	0.0	0	0.0	5825.388297346034	1	0	2	-0.2729647204519797
8392.807668480433	1000.0	3332.807459914236	0.0	0	0.0	5725.615128394669	1	0	2	-0.2642052803430015
9643.076756182905	1000.0	2957.5114634415168	0.0	0	0.0	5600.588219624423	1	0	2	0.44119133470703387
9996.229041887811	500.0	3569.043949166121	0.0	0	0.0	5565.272991053934	1	0	2	-0.9396389725746968
10383.361825355163	500.0	4143.197887352033	0.0	0	0.0	5526.559712707198	1	0	2	-0.2427145190446181
11378.274693440404	1000.0	4048.793732458268	0.0	0	0.0	5427.068425898674	1	0	2	-0.23475516129639387
12608.511908699851	1000.0	3695.5327956728747	0.0	0	0.0	5304.044704372727	1	0	2	0.47064316401013173
13626.669515686282	1000.0	3575.559427987799	0.0	0	0.0	5202.228943674085	1	0	2	0.4812831350346799
14356.569803841088	1000.0	3772.6691110175134	0.0	0	0.0	5129.238914858604	1	0	2	0.4892328756587788
15184.44974749422	1000.0	3862.0011729990674	0.0	0	0.0	5046.450920493289	1	0	2	0.497314093650277
16003.53043909134	1000.0	3961.0124122422335	0.0	0	0.0	4964.5428513335755	1	0	2	0.5052170214762929
16712.02322988768	1000.0	4181.670342366259	0.0	0	0.0	4893.69357225394	1	0	2	0.5130488201037804
17603.493402856642	1000.0	4201.053152100401	0.0	0	0.0	4804.546554957045	1	0	2	0.5211849383342965
18455.3444634218	1000.0	4264.01698547873	0.0	0	0.0	4719.361448900532	1	0	2	0.5298657134588693
19200.0	1000.0	4444.895895242708	0.0	0	111.08157697290517	4644.895895242711	1	0	2	0.5369615297477163
20200.0	1000.0	4344.895895242709	0.0	0	138.40604526658353	4544.895895242709	1	0	2	0.5462677467656213
21200.0	1000.0	4244.89589524271	0.0	0	144.68007272907198	4444.895895242709	1	0	2	0.5560740821652872
22351.365759703887	1000.0	3978.3935595684334	0.0	0	0.0	4329.759319272318	1	0	2	0.5679527055826739
23711.34816452456	1000.0	3482.4129142656966	0.0	0	0.0	4193.761078790252	1	0	2	0.5809305675300338
24631.596825231496	1000.0	3470.1393874880623	0.0	0	0.0	4101.736212719556	1	0	2	0.5911763992905326
26107.44489301895	1000.0	2846.7065129218627	0.0	0	0.0	3954.151405940811	1	0	2	0.6056459953878485
27236.254981982365	1000.0	2605.015415062103	0.0	0	0.0	3841.2703970444672	1	0	2	0.6170932921169514
28237.779148082795	1000.0	2503.338832351631	0.0	0	0.0	3741.117980434421	1	0	2	0.6272943862456404
29073.75539094939	1000.0	2583.7649651983747	0.0	0	0.0	3657.5203561477647	1	0	2	0.6359693298472924
30117.069651294583	1000.0	2436.119278818662	0.0	0	0.0	3553.188930113247	1	0	2	0.6455842458949287
31545.018419577496	1000.0	1865.3756337074533	0.0	0	0.0	3410.3940532849556	1	0	2	0.6592036067527516
32963.12202017523	1000.0	1447.2720331097225	0.0	0	0.0	3410.394053284959	1	0	1	0.6629333989974402
34086.946572292894	1000.0	1211.0650257802868	0.0	0	0.0	3298.011598073186	1	0	2	0.47154730597611405
35039.612241539486	1000.0	1163.1327896090381	0.0	0	0.0	3202.7450311485336	1	0	2	0.68115650767395
36094.59809819317	1000.0	1002.648347289984	0.0	0	0.0	3097.2464454831643	1	0	2	0.6909484103575098
37203.644677674434	1000.0	893.6017678087171	0.0	0	0.0	3097.2464454831643	1	0	1	0.6942481597776196
37789.40945656337	1000.0	1307.836988919774	0.0	0	0.0	3097.2464454831643	1	0	1	0.8942481597776197
38553.36106684802	1000.0	1543.8853786351262	0.0	0	0.0	3097.2464454831643	1	0	1	0.8942481597776197
39351.2471733106	1000.0	1666.2106615262835	0.0	0	0.0	3017.457834836903	1	0	2	0.5002396890004899
40095.895481663654	1000.0	1847.0975223379232	0.0	0	0.0	2942.9930040016043	1	0	2	0.7078796486451513
40759.45000889677	1000.0	2117.187542381492	0.0	0	0.0	2876.637551278298	1	0	2	0.7145236265560736
41749.17308386818	1000.0	2028.4921599129505	0.0	0	0.0	2777.6652437811717	1	0	2	0.7237342213777138
42484.863339166914	1000.0	2219.232879084349	0.0	0	0.0	2704.0962182513103	1	0	2	0.7315741639251829
43464.83960643702	1000.0	2239.256611814243	0.0	0	0.0	2704.0962182513103	1	0	1	0.733563182500805
44223.22944113956	1000.0	2405.027793641438	0.0	0	0.0	2628.257234781049	1	0	2	0.5393409783028291
45200.0	1000.0	2330.5801788949557	0.0	0	370.5239109467293	2530.5801788949975	1	0	2	0.7471709337997874
46490.69264252113	1000.0	2039.8875363738287	0.0	0	0.0	2530.580178895005	1	0	1	0.7509147864364356
48594.70041744307	1000.0	725.4789839596967	0.0	0	0.0	2320.1794014028274	1	0	2	0.56748568727698
49638.10728266209	1000.0	682.0721187406825	0.0	0	0.0	2320.1794014028274	1	0	1	0.7719548641856533
50631.58981063687	1000.0	688.5895907658977	0.0	0	0.0	2320.1794014028346	1	0	1	0.9719548641856528
51497.976781456746	1000.0	822.2026199460205	0.0	0	0.0	2320.1794014028274	1	0	1	0.9719548641856535
52065.94812885087	1000.0	1254.2312725519048	0.0	0	0.0	2320.1794014028274	1	0	1	0.9719548641856535
52699.08626055343	1000.0	1621.0931408493511	0.0	0	0.0	2320.1794014028274	1	0	1	0.9719548641856535
53251.77071305962	1000.0	2068.4086883431655	0.0	0	0.0	2320.1794014028274	1	0	1	0.9719548641856535
54200.0	1000.0	2120.179401402781	0.0	0	441.48276339554286	2320.1794014028274	1	0	1	0.9719548641856535
55200.0	1000.0	2120.17940140278	0.0	0	315.35564928713575	2320.1794014028274	1	0	1	0.9719548641856535
56318.916551629234	1000.0	2001.2628497735413	0.0	0	0.0	2320.1794014028346	1	0	1	0.9719548641856528
58112.980434920086	1000.0	1207.1989664826833	0.0	0	0.0	2320.1794014028346	1	0	1	0.9719548641856528
59615.55643947373	1000.0	704.6229619290299	0.0	0	0.0	2320.1794014028274	1	0	1	0.9719548641856535
60521.23279813013	1000.0	798.9466032726339	0.0	0	0.0	2320.1794014028346	1	0	1	0.9719548641856528
61074.25654555787	500.0	1245.9228558448897	0.0	0	0.0	2320.1794014028346	1	0	1	-0.414339496934238
61516.69454304478	500.0	1803.484858357969	0.0	0	0.0	2320.1794014028346	1	0	1	0.2788076836257073
62884.57071858961	1000.0	1435.6086828131324	0.0	0	0.0	2320.1794014028346	1	0	1	0.2788076836257073
63549.65943592958	1000.0	1770.5199654731657	0.0	0	0.0	2320.1794014028346	1	0	1	0.9719548641856528
64419.684617877436	1000.0	1900.494783525313	0.0	0	0.0	2320.1794014028274	1	0	1	0.9719548641856535
65834.59550667673	1000.0	1344.0928058460895	0.0	0	0.0	2178.6883125228997	1	0	2	0.5826445751732225
66708.21310112838	1000.0	1470.4752113944435	0.0	0	0.0	2178.6883125228997	1	0	1	0.7861039730736463
67358.780632184	1000.0	1819.9076803388157	0.0	0	0.0	2178.6883125228924	1	0	1	0.9861039730736468
68200.0	1000.0	1978.6883125228196	0.0	0	218.61398981630919	2178.688312522878	1	0	1	0.9861039730736483
69200.0	1000.0	1978.688312522825	0.0	0	393.7398135700787	2178.6883125228633	1	0	1	0.9861039730736498
70200.0	1000.0	1978.6883125228173	0.0	0	398.94153865327826	2178.688312522878	1	0	1	0.9861039730736485
71200.0	1000.0	1978.6883125228205	0.0	0	276.23214811422804	2178.688312522878	1	0	1	0.9861039730736485
72200.0	1000.0	1978.6883125228148	0.0	0	19.026954965069308	2178.6883125228633	1	0	1	0.9861039730736498
73595.1688251453	1000.0	1583.5194873775063	0.0	0	0.0	2178.6883125228633	1	0	1	0.9861039730736498
74453.99568225066	1000.0	1724.6926302721465	0.0	0	0.0	2178.6883125228633	1	0	1	0.9861039730736498
75465.23941389631	1000.0	1713.4488986264805	0.0	0	0.0	2178.6883125228487	1	0	1	0.9861039730736514
76334.77275777742	1000.0	1843.9155547453736	0.0	0	0.0	2178.6883125228487	1	0	1	0.9861039730736514
77200.0	1000.0	1978.6883125227814	0.0	0	134.72749022534117	2178.6883125228487	1	0	1	0.9861039730736514
78200.0	1000.0	1978.68831252278	0.0	0	13.014732157374965	2178.6883125228487	1	0	1	0.9861039730736514
79200.0	1000.0	1978.6883125227696	0.0	0	406.93927740553045	2178.6883125228633	1	0	1	0.9861039730736498
80200.0	1000.0	1978.6883125227675	0.0	0	39.50031751979259	2178.6883125228633	1	0	1	0.9861039730736498
81200.0	1000.0	1978.688312522775	0.0	0	208.38798860488168	2178.6883125228633	1	0	1	0.9861039730736498
82200.0	1000.0	1978.688312522785	0.0	0	327.12083703545795	2178.6883125228633	1	0	1	0.9861039730736498
83200.0	1000.0	1978.6883125227828	0.0	0	226.08069100996363	2178.6883125228633	1	0	1	0.9861039730736498
84200.0	1000.0	1878.6883125227985	0.0	0	347.54406796714466	2078.6883125228633	1	0	2	0.592378138422702
85200.0	1000.0	1878.6883125227978	0.0	0	329.57083619789046	2078.6883125228633	1	0	1	0.7961039730736497
86200.0	1000.0	1878.68831252279	0.0	0	161.54538938883343	2078.6883125228633	1	0	1	0.9961039730736498
87200.0	1000.0	1878.6883125227932	0.0	0	445.7280088864063	2078.6883125228633	1	0	1	0.9961039730736498
88200.0	1000.0	1878.6883125227994	0.0	0	270.4935491998476	2078.688312522878	1	0	1	0.9961039730736485
89483.64699343061	1000.0	1595.0413190922054	0.0	0	0.0	2078.688312522878	1	0	1	0.9961039730736485
90319.59585536773	1000.0	1759.0924571550854	0.0	0	0.0	2078.688312522878	1	0	1	0.9961039730736485
91340.45895421217	1000.0	1738.2293583106439	0.0	0	0.0	2078.688312522878	1	0	1	0.9961039730736485
92613.45303596962	1000.0	1465.2352765531905	0.0	0	0.0	2078.688312522878	1	0	1	0.9961039730736485
93690.7492509713	1000.0	1387.939061551519	0.0	0	0.0	2078.688312522878	1	0	1	0.9961039730736485
94366.96379579268	1000.0	1711.724516730147	0.0	0	0.0	2078.6883125228633	1	0	1	0.9961039730736498
95200.0	1000.0	1878.6883125228246	0.0	0	98.93216577111161	2078.688312522878	1	0	1	0.9961039730736485
96200.0	1000.0	1878.6883125228305	0.0	0	138.8396073833137	2078.688312522878	1	0	1	0.9961039730736485
97346.12948171454	1000.0	1732.5588308082783	0.0	0	0.0	2078.688312522878	1	0	1	0.9961039730736485
98451.35116478322	1000.0	1627.3371477395904	0.0	0	0.0	2078.6883125228633	1	0	1	0.9961039730736498
99821.87714430704	1000.0	1256.8111682157662	0.0	0	0.0	2078.6883125228633	1	0	1	0.9961039730736498
100970.8924165067	1000.0	1107.795896016114	0.0	0	0.0	2078.688312522878	1	0	1	0.9961039730736485
101622.59093828486	1000.0	1390.9275220601262	0.0	0	0.0	2013.5184603450616	1	0	2	0.6011074706641473
102250.98645608632	1000.0	1762.5320042586604	0.0	0	0.0	2013.5184603450616	1	0	1	0.8026209582914299
103532.62144774284	1000.0	1480.897012602147	0.0	0	0.0	2013.5184603450616	1	0	1	1.00262095829143
104816.58162283136	1000.0	1196.9368375136146	0.0	0	0.0	2013.5184603450616	1	0	1	1.00262095829143
105570.72595440957	1000.0	1442.7925059354086	0.0	0	0.0	2013.5184603450616	1	0	1	1.00262095829143
106411.59842657317	1000.0	1601.9200337718382	0.0	0	0.0	2013.5184603450616	1	0	1	1.00262095829143
107200.0	1000.0	1813.5184603450093	0.0	0	67.77125968817563	2013.518460345047	1	0	1	1.0026209582914316
108200.0	1000.0	1813.518460344988	0.0	0	254.36240310996072	2013.518460345047	1	0	1	1.0026209582914316
109200.0	1000.0	1813.5184603449927	0.0	0	355.7126435624523	2013.518460345047	1	0	1	1.0026209582914316
110200.0	1000.0	1813.5184603449807	0.0	0	94.70879673944728	2013.5184603450325	1	0	1	1.002620958291433
111200.0	1000.0	1813.5184603449825	0.0	0	184.60226181001053	2013.5184603450325	1	0	1	1.002620958291433
112200.0	1000.0	1813.5184603449707	0.0	0	350.46666338524665	2013.5184603450325	1	0	1	1.002620958291433
113707.07366009298	1000.0	1306.4448002519878	0.0	0	0.0	2013.5184603450325	1	0	1	1.002620958291433
114988.58482909751	1000.0	1024.9336312474757	0.0	0	0.0	2013.5184603450325	1	0	1	1.002620958291433
116064.26881546277	1000.0	949.2496448822197	0.0	0	0.0	2013.5184603450325	1	0	1	1.002620958291433
117077.94859006416	1000.0	935.5698702808439	0.0	0	0.0	2013.5184603450325	1	0	1	1.002620958291433
118085.61778761381	1000.0	927.9006727311971	0.0	0	0.0	2013.5184603450325	1	0	1	1.002620958291433
119024.08041767744	1000.0	989.4380426675559	0.0	0	0.0	2013.5184603450325	1	0	1	1.002620958291433
119896.96300004561	1000.0	1116.5554602993852	0.0	0	0.0	2013.5184603450325	1	0	1	1.002620958291433
120688.19745364429	1000.0	1325.32100670069	0.0	0	0.0	2013.5184603450325	1	0	1	1.002620958291433
121646.78109345124	1000.0	1366.7373668937387	0.0	0	0.0	2013.5184603450325	1	0	1	1.002620958291433
122751.21297496292	1000.0	1262.3054853820524	0.0	0	0.0	2013.5184603450325	1	0	1	1.002620958291433
123994.57306046702	1000.0	1018.9453998779612	0.0	0	0.0	2013.5184603450325	1	0	1	1.002620958291433
125077.3700144046	1000.0	936.1484459403864	0.0	0	0.0	2013.5184603450325	1	0	1	1.002620958291433
125921.56367464415	1000.0	1091.954785700831	0.0	0	0.0	2013.5184603450325	1	0	1	1.002620958291433
126758.49067039459	1000.0	1255.027789950368	0.0	0	0.0	2013.5184603450325	1	0	1	1.002620958291433
127736.38154263387	1000.0	1277.1369177110832	0.0	0	0.0	2013.518460345047	1	0	1	1.0026209582914316
128608.56854781235	1000.0	1404.9499125325938	0.0	0	0.0	2013.5184603450325	1	0	1	1.002620958291433
129224.66940855129	1000.0	1788.8490517936452	0.0	0	0.0	2013.5184603450325	1	0	1	1.002620958291433
130200.0	1000.0	1813.5184603449309	0.0	0	246.72808339897892	2013.5184603450325	1	0	1	1.002620958291433
131200.0	1000.0	1813.518460344928	0.0	0	113.44294798895135	2013.518460345047	1	0	1	1.0026209582914316
132200.0	1000.0	1813.5184603449127	0.0	0	148.18461167925852	2013.5184603450325	1	0	1	1.0026209582914318
133430.5406222246	1000.0	1459.9237758978566	0.0	0	0.0	1890.4643981225672	1	0	2	0.6117551917533508
134943.79307904257	1000.0	946.6713190798537	0.0	0	0.0	1890.4643981225672	1	0	1	0.8149263645136793
136262.0886660793	1000.0	628.3757320431596	0.0	0	0.0	1890.4643981225381	1	0	1	1.0149263645136823
137344.3262342959	1000.0	546.1381638265786	0.0	0	0.0	1890.4643981225381	1	0	1	1.0149263645136823
138713.24736516908	1000.0	308.38440168505576	131.16736873164305	0	0.0	2021.6317668542033	1	0	1	0.21492199169437134
139480.1146804837	1000.0	630.205353794946	88.68826742453359	0	0.0	2110.3200342787313	1	0	1	0.4608111963508616
140186.38401531742	1000.0	923.9360189612415	0.0	0	0.0	2110.3200342787313	1	0	1	0.9929408008980631
140653.11386894385	1000.0	1457.2061653348346	0.0	0	0.0	2110.3200342787604	1	0	1	0.9929408008980601
141472.35810608213	1000.0	1637.9619281965765	0.0	0	0.0	2110.3200342787604	1	0	1	0.9929408008980601
142272.91710147538	1000.0	1837.4029328033375	0.0	0	0.0	2110.3200342787604	1	0	1	0.9929408008980601
143200.0	1000.0	1910.3200342787093	0.0	0	244.58817414665828	2110.3200342787604	1	0	1	0.9929408008980601
144200.0	1000.0	1910.3200342787238	0.0	0	57.33933973690728	2110.3200342787604	1	0	1	0.9929408008980601
145200.0	1000.0	1910.3200342787463	0.0	0	80.5647343727178	2110.3200342787895	1	0	1	0.9929408008980573
146200.0	1000.0	1910.3200342787466	0.0	0	453.2786853510479	2110.3200342787895	1	0	1	0.9929408008980573
147272.9640509919	1000.0	1837.3559832868484	0.0	0	0.0	2110.3200342787895	1	0	1	0.9929408008980573
148622.3796542334	1000.0	1487.9403800453247	0.0	0	0.0	2110.3200342787895	1	0	1	0.9929408008980573
149281.14395788728	1000.0	1829.1760763914674	0.0	0	0.0	2110.3200342787895	1	0	1	0.9929408008980573
150200.0	1000.0	1818.4344300674807	0.0	0	333.01551870262483	2018.4344300675148	1	0	2	0.5984374256057035
151200.0	1000.0	1818.4344300674907	0.0	0	279.0450358709786	2018.4344300675148	1	0	1	0.8021293613191847
152200.0	1000.0	1818.4344300674818	0.0	0	310.6456964259269	2018.4344300675439	1	0	1	1.0021293613191817
153200.0	1000.0	1818.4344300674827	0.0	0	220.38112192996778	2018.4344300675439	1	0	1	1.0021293613191817
154200.0	1000.0	1818.4344300674675	0.0	0	165.56765510479454	2018.4344300675439	1	0	1	1.0021293613191817
155200.0	1000.0	1818.4344300674734	0.0	0	238.6425343232695	2018.4344300675439	1	0	1	1.0021293613191817
156200.0	1000.0	1818.434430067492	0.0	0	176.81331742784823	2018.434430067573	1	0	1	1.002129361319179
157271.08441320778	1000.0	1747.3500168596743	0.0	0	0.0	2018.434430067573	1	0	1	1.002129361319179
158685.68909194125	1000.0	1332.7453381261932	0.0	0	0.0	2018.434430067573	1	0	1	1.002129361319179
159295.48409428762	1000.0	1722.9503357798144	0.0	0	0.0	2018.434430067573	1	0	1	1.002129361319179
160306.76243228925	1000.0	1711.6719977781702	0.0	0	0.0	2018.4344300675439	1	0	1	1.0021293613191817
161656.79462051915	1000.0	1361.6398095482798	0.0	0	0.0	2018.434430067573	1	0	1	1.002129361319179
162775.38906802167	1000.0	1243.0453620457608	0.0	0	0.0	2018.434430067602	1	0	1	1.0021293613191777
163551.5716865255	1000.0	1466.862743541913	0.0	0	0.0	2018.4344300676603	1	0	1	1.0021293613191726
164200.0	1000.0	1818.4344300674743	0.0	0	106.44984153684345	2018.4344300676603	1	0	1	1.0021293613191702
165200.0	1000.0	1818.4344300674509	0.0	0	214.72126765860594	2018.4344300676603	1	0	1	1.0021293613191702
166200.0	1000.0	1818.4344300674231	0.0	0	360.0521347508766	2018.4344300676894	1	0	1	1.0021293613191673
167200.0	1000.0	1818.4344300673974	0.0	0	335.8192988985975	2018.4344300676894	1	0	1	1.0021293613191673
168200.0	1000.0	1818.4344300674054	0.0	0	225.44581069404376	2018.4344300677185	1	0	1	1.0021293613191644
169200.0	1000.0	1818.4344300674356	0.0	0	108.43297952081775	2018.4344300677185	1	0	1	1.0021293613191644
170200.0	1000.0	1818.434430067423	0.0	0	136.59261929243803	2018.4344300677185	1	0	1	1.0021293613191644
171200.0	1000.0	1818.4344300674243	0.0	0	224.2948124379618	2018.4344300676894	1	0	1	1.0021293613191673
172336.2310833444	1000.0	1682.203346722995	0.0	0	0.0	2018.4344300676894	1	0	1	1.0021293613191673
173382.55252991922	1000.0	1635.8819001481795	0.0	0	0.0	2018.4344300676894	1	0	1	1.0021293613191673
174935.64107305248	1000.0	1082.793357014938	0.0	0	0.0	2018.4344300676894	1	0	1	1.0021293613191673
175952.6770594185	1000.0	1065.7573706489043	0.0	0	0.0	2018.4344300676894	1	0	1	1.0021293613191673
176612.08769609148	1000.0	1406.3467339759154	0.0	0	0.0	2018.4344300676894	1	0	1	1.0021293613191673
177632.92235014908	1000.0	1385.512079918299	0.0	0	0.0	2018.4344300676894	1	0	1	1.0021293613191673
178264.1241727953	1000.0	1754.3102572720607	0.0	0	0.0	2018.4344300676894	1	0	1	1.0021293613191673
179203.73050776377	1000.0	1814.7039223035774	0.0	0	0.0	2018.4344300676603	1	0	1	1.0021293613191702
180735.460749246	1000.0	1282.9736808213709	0.0	0	0.0	2018.4344300676603	1	0	1	1.0021293613191702
182016.18075584475	1000.0	1002.2536742226351	0.0	0	0.0	2018.4344300676603	1	0	1	1.0021293613191702
182925.1130729907	1000.0	1093.3213570766559	0.0	0	0.0	2018.4344300676312	1	0	1	1.0021293613191724
183723.51502950376	1000.0	1294.919400563629	0.0	0	0.0	2018.4344300676603	1	0	1	1.0021293613191713
184694.69349824334	1000.0	1226.6230849500569	0.0	0	0.0	1921.316583193664	1	0	2	0.6089961499110513
185755.69836597543	1000.0	1165.6182172179497	0.0	0	0.0	1921.316583193664	1	0	1	0.8118411460065695
186692.4540299595	1000.0	1228.862553233881	0.0	0	0.0	1921.3165831936349	1	0	1	1.0118411460065715
187305.78912634344	1000.0	1615.5274568499658	0.0	0	0.0	1921.3165831936349	1	0	1	1.0118411460065726
188200.0	1000.0	1721.316583193454	0.0	0	308.47451308282325	1921.3165831936349	1	0	1	1.0118411460065726
189200.0	1000.0	1721.316583193472	0.0	0	203.74743424355984	1921.3165831936349	1	0	1	1.0118411460065726
190200.0	1000.0	1721.3165831934944	0.0	0	182.46894916464225	1921.3165831936349	1	0	1	1.0118411460065726
191200.0	1000.0	1721.3165831934928	0.0	0	360.92328017172986	1921.3165831936349	1	0	1	1.0118411460065726
192200.0	1000.0	1721.3165831934991	0.0	0	391.2983009267191	1921.316583193664	1	0	1	1.0118411460065704
193200.0	1000.0	1621.3165831935155	0.0	0	368.8753556535812	1821.316583193664	1	0	2	0.6180848574725344
194200.0	1000.0	1621.316583193539	0.0	0	356.1524014285242	1821.316583193664	1	0	1	0.8218411460065695
195722.05091576694	1000.0	1099.2656674265932	0.0	0	0.0	1821.3165831936349	1	0	1	1.0218411460065726
197624.67289814824	1000.0	270.62579606984696	73.98211102457105	0	0.0	1895.2986942181014	1	0	1	0.5747509613197624
198279.4245835496	500.0	660.9143357033217	45.04022503485618	0	0.0	1940.338919252943	1	0	1	-0.646596798928386
198742.21152736904	500.0	1198.1273918838538	0.0	0	0.0	1940.338919252943	1	0	1	0.3167917318406964
199200.0	500.0	1740.3389192528646	0.0	0	48.61384141803137	1940.338919252914	1	0	1	0.3167917318406993
200200.0	500.0	1740.3389192528498	0.0	0	609.6081827181915	1940.338919252914	1	0	1	0.3167917318406993
201200.0	500.0	1740.3389192528723	0.0	0	668.3601459843048	1940.338919252943	1	0	1	0.3167917318406964
202200.0	1000.0	1740.338919252866	0.0	0	503.0155190489895	1940.3389192529721	1	0	1	0.31679173184069354
203200.0	1000.0	1740.338919252867	0.0	0	385.16010132373776	1940.3389192529721	1	0	1	1.009938912400639
204200.0	1000.0	1740.3389192528573	0.0	0	184.99588634920656	1940.3389192529721	1	0	1	1.009938912400639
205200.0	1000.0	1740.3389192528607	0.0	0	64.52911720308475	1940.3389192529721	1	0	1	1.009938912400639
207062.36077818653	1000.0	877.9781410663522	0.0	0	0.0	1940.3389192529721	1	0	1	1.009938912400639
208613.72424461335	1000.0	326.6146746395204	0.0	0	0.0	1940.3389192529721	1	0	1	1.009938912400639
209824.33060152404	1000.0	396.4495765375076	280.44125880867085	0	0.0	2220.7801780616282	1	0	1	-0.7007527663322528
211340.82034746013	1000.0	200.0	320.04016939862095	0	0.0	2540.8203474602196	1	0	1	-0.9622696194970133
211809.67976354997	500.0	797.3364717530849	66.1958878429567	0	0.0	2607.016235303163	1	0	1	-0.8401985073820113
212153.75618250735	500.0	1453.2600527957109	0.0	0	0.0	2607.016235303192	1	0	1	0.2501240002356715
212698.39737776664	500.0	1908.6188575364185	0.0	0	0.0	2607.016235303163	1	0	1	0.2501240002356744
213200.0	500.0	2407.01623530305	0.0	0	123.79920503660105	2607.016235303163	1	0	1	0.2501240002356744
214710.58611146643	1000.0	1745.3715126899938	0.0	0	0.0	2455.957624156552	1	0	2	-0.13862464462584073
215666.52311004174	1000.0	1789.4345141146819	0.0	0	0.0	2455.957624156581	1	0	1	0.7583770419102798
216552.3188565125	1000.0	1815.059192996851	0.0	0	0.0	2367.3780495094834	1	0	2	0.5648503941101998
217347.71744793482	1000.0	2019.6606015744924	0.0	0	0.0	2367.3780495094543	1	0	1	0.7672349993749905
218200.0	1000.0	2082.149794302806	0.0	0	207.29211852818844	2282.14979430291	1	0	2	0.5726088109797994
219200.0	1000.0	2082.1497943028	0.0	0	388.3811244777462	2282.14979430291	1	0	1	0.7757578248956452
220200.0	1000.0	2082.1497943028126	0.0	0	464.5072354290169	2282.1497943028808	1	0	1	0.9757578248956473
221200.0	1000.0	2082.1497943028494	0.0	0	225.7330095191137	2282.1497943028808	1	0	1	0.975757824895648
222200.0	1000.0	2082.149794302846	0.0	0	57.30057085872977	2282.1497943028808	1	0	1	0.975757824895648
223200.0	1000.0	2082.1497943028535	0.0	0	85.6578044424241	2282.1497943028808	1	0	1	0.975757824895648
224200.0	1000.0	2082.149794302882	0.0	0	38.04144660785096	2282.14979430291	1	0	1	0.9757578248956453
225300.32652195942	1000.0	1981.8232723434692	0.0	0	0.0	2282.149794302939	1	0	1	0.9757578248956422
226200.0	1000.0	2082.1497943029012	0.0	0	166.20882746737334	2282.14979430291	1	0	1	0.9757578248956453
227200.0	1000.0	1982.1497943029003	0.0	0	319.533018484246	2182.14979430291	1	0	2	0.582042079425359
228200.0	1000.0	1982.149794302899	0.0	0	299.2781683037756	2182.1497943028808	1	0	1	0.7857578248956478
229200.0	1000.0	1982.1497943028844	0.0	0	442.026271667477	2182.1497943028808	1	0	1	0.985757824895648
230231.60270840695	1000.0	1950.5470858959295	0.0	0	0.0	2182.1497943028808	1	0	1	0.985757824895648
231200.0	1000.0	1982.1497943029044	0.0	0	408.5456003420113	2182.14979430291	1	0	1	0.9857578248956451
232200.0	1000.0	1982.1497943028912	0.0	0	248.18207827219157	2182.14979430291	1	0	1	0.9857578248956451
233200.0	1000.0	1982.1497943029053	0.0	0	116.63862244278425	2182.14979430291	1	0	1	0.9857578248956451
234200.0	1000.0	1982.1497943028908	0.0	0	352.91644841703237	2182.14979430291	1	0	1	0.9857578248956451
235200.0	1000.0	1982.1497943028926	0.0	0	137.41720708479988	2182.149794302939	1	0	1	0.9857578248956422
236200.0	1000.0	1982.1497943029144	0.0	0	178.97789193195058	2182.149794302968	1	0	1	0.9857578248956393
237200.0	1000.0	1982.1497943029165	0.0	0	102.76742304430809	2182.149794302968	1	0	1	0.9857578248956393
238200.0	1000.0	1982.1497943029658	0.0	0	95.23403971886728	2182.149794302939	1	0	1	0.9857578248956422
239415.6004988266	1000.0	1766.5492954763513	0.0	0	0.0	2182.149794302968	1	0	1	0.9857578248956393
240200.0	1000.0	1982.149794302949	0.0	0	33.83785576702212	2182.149794302968	1	0	1	0.9857578248956393
241352.9452556665	1000.0	1829.2045386364016	0.0	0	0.0	2182.149794302939	1	0	1	0.9857578248956422
242200.0	500.0	1982.1497943029435	0.0	0	367.05010350819794	2182.149794302939	1	0	1	-0.40053653622424856
243200.0	1000.0	1982.1497943029249	0.0	0	310.9547696928785	2182.149794302939	1	0	1	0.29261064433569683
244200.0	1000.0	1882.1497943029394	0.0	0	153.1609123981325	2082.149794302939	1	0	2	0.5924024736291198
245200.0	1000.0	1882.149794302939	0.0	0	189.6511963836674	2082.149794302939	1	0	1	0.7957578248956421
246330.69622964232	1000.0	1751.4535646606014	0.0	0	0.0	2082.149794302939	1	0	1	0.9957578248956422
247200.0	500.0	1882.1497943028592	0.0	0	321.2633621003479	2082.149794302939	1	0	1	-0.39053653622424855
248200.0	500.0	1882.1497943028912	0.0	0	592.0462685886596	2082.149794302968	1	0	1	0.30261064433569396
249200.0	500.0	1882.149794302904	0.0	0	343.208300615428	2082.149794302968	1	0	1	0.30261064433569396
250200.0	500.0	1882.1497943028944	0.0	0	384.9036291530938	2082.149794302939	1	0	1	0.30261064433569684
251200.0	500.0	1882.1497943028753	0.0	0	408.2740470955032	2082.149794302939	1	0	1	0.30261064433569684
252200.0	500.0	1882.1497943028583	0.0	0	441.56559286647826	2082.149794302939	1	0	1	0.30261064433569684
253200.0	500.0	1882.1497943028426	0.0	0	496.49645099331974	2082.149794302939	1	0	1	0.30261064433569684
254200.0	500.0	1882.149794302877	0.0	0	609.4286867217452	2082.149794302939	1	0	1	0.30261064433569684
255200.0	1000.0	1882.1497943028805	0.0	0	160.08979311888106	2082.149794302968	1	0	1	0.30261064433569407
256200.0	1000.0	1882.1497943029067	0.0	0	238.31279889214784	2082.149794302968	1	0	1	0.9957578248956395
257200.0	1000.0	1882.1497943029174	0.0	0	241.54932102555176	2082.149794302968	1	0	1	0.9957578248956395
258200.0	1000.0	1882.1497943029178	0.0	0	129.12600832455792	2082.149794302968	1	0	1	0.9957578248956395
259200.0	1000.0	1882.1497943029203	0.0	0	284.26496547446004	2082.149794302968	1	0	1	0.9957578248956395
260200.0	1000.0	1882.1497943029065	0.0	0	215.86801377907977	2082.149794302939	1	0	1	0.9957578248956422
261200.0	1000.0	1882.1497943028921	0.0	0	235.02006471066852	2082.149794302939	1	0	1	0.9957578248956422
262276.58482692053	1000.0	1805.5649673823277	0.0	0	0.0	2082.1497943028808	1	0	1	0.9957578248956458
263616.09917607595	1000.0	1466.0506182269282	0.0	0	0.0	2082.14979430291	1	0	1	0.9957578248956446
264825.58649090846	1000.0	1256.5633033944237	0.0	0	0.0	2082.149794302939	1	0	1	0.9957578248956446
265666.2931181223	1000.0	1415.8566761805944	0.0	0	0.0	2082.149794302997	1	0	1	0.9957578248956365
266587.8743787691	1000.0	1402.1172894691992	0.0	0	0.0	1989.991668238421	1	0	2	0.6025471208376849
267200.0	500.0	1789.9916682381993	0.0	0	262.72934025625	1989.991668238421	1	0	1	-0.581320723617797
268329.7346257619	1000.0	1660.2570424762996	0.0	0	0.0	1989.991668238421	1	0	1	0.3118264569421487
269200.9333117981	1000.0	1789.0583564400754	0.0	0	0.0	1989.991668238421	1	0	1	1.0049736375020941
270200.0	1000.0	1789.9916682380856	0.0	0	344.3119485770003	1989.9916682383628	1	0	1	1.0049736375021
271200.0	1000.0	1689.991668238073	0.0	0	11.890991396910977	1889.9916682383046	1	0	2	0.612221018541266
272495.6803478448	1000.0	1394.3113203933424	0.0	0	0.0	1889.991668238421	1	0	1	0.8149736375020985
273252.2739006529	1000.0	1637.7177675852681	0.0	0	0.0	1889.9916682384792	1	0	1	1.0149736375020881
274200.0	1000.0	1689.9916682381465	0.0	0	178.6519506064942	1889.9916682385374	1	0	1	1.0149736375020826
275200.0	1000.0	1689.991668238134	0.0	0	16.623520265100524	1889.9916682385374	1	0	1	1.0149736375020826
276247.5094580944	1000.0	1642.4822101437135	0.0	0	0.0	1889.9916682385956	1	0	1	1.0149736375020766
277200.0	500.0	1689.9916682380951	0.0	0	418.1121981026372	1889.9916682385956	1	0	1	-0.3713207236178141
278200.0	500.0	1689.9916682380915	0.0	0	592.5030399624375	1889.9916682385374	1	0	1	0.32182645694213696
279200.0	500.0	1689.991668238093	0.0	0	757.0332868685946	1889.9916682385374	1	0	1	0.32182645694213696
280200.0	1000.0	1689.9916682381152	0.0	0	309.89482411713107	1889.9916682385374	1	0	1	0.3218264569421371
281200.0	1000.0	1689.991668238089	0.0	0	41.90724609181052	1889.9916682385374	1	0	1	1.0149736375020826
282200.0	1000.0	1689.99166823803	0.0	0	81.8445567531162	1889.9916682384792	1	0	1	1.0149736375020881
283227.63225235936	1000.0	1662.3594158787243	0.0	0	0.0	1889.9916682384792	1	0	1	1.0149736375020881
284200.0	1000.0	1689.9916682380906	0.0	0	31.748281470616348	1889.9916682384792	1	0	1	1.0149736375020881
285910.2776242717	1000.0	979.7140439664191	0.0	0	0.0	1889.9916682385374	1	0	1	1.0149736375020826
286977.86472912645	1000.0	912.1269391116109	0.0	0	0.0	1889.9916682385374	1	0	1	1.0149736375020826
287628.7080286397	500.0	1261.2836395983168	0.0	0	0.0	1889.9916682385374	1	0	1	-0.37132072361780843
288200.0	500.0	1689.9916682380792	0.0	0	211.55338237120304	1889.9916682385374	1	0	1	0.32182645694213696
289200.0	500.0	1689.991668238094	0.0	0	713.3511105229845	1889.9916682385374	1	0	1	0.32182645694213696
290200.0	500.0	1689.9916682381458	0.0	0	643.8771641937783	1889.9916682385374	1	0	1	0.32182645694213696
291200.0	500.0	1689.9916682381695	0.0	0	563.8290978294681	1889.9916682385956	1	0	1	0.32182645694213113
292200.0	500.0	1689.9916682382004	0.0	0	622.3976177581353	1889.9916682385956	1	0	1	0.32182645694213113
293200.0	500.0	1689.9916682381747	0.0	0	708.9122048958088	1889.9916682385956	1	0	1	0.32182645694213113
294200.0	1000.0	1689.9916682381486	0.0	0	382.71199274540413	1889.9916682385956	1	0	1	0.3218264569421312
295200.0	1000.0	1689.9916682381702	0.0	0	88.0708106123493	1889.9916682385956	1	0	1	1.0149736375020766
296200.0	1000.0	1689.9916682381838	0.0	0	239.1640524494578	1889.9916682386538	1	0	1	1.0149736375020708
297261.579103463	1000.0	1628.412564775166	0.0	0	0.0	1889.991668238712	1	0	1	1.014973637502065
298221.3243485599	1000.0	1668.6673196782938	0.0	0	0.0	1889.9916682387702	1	0	1	1.0149736375020593
299242.68390684936	1000.0	1647.3077613887947	0.0	0	0.0	1889.9916682387702	1	0	1	1.0149736375020593
300277.27347807895	1000.0	1612.7181901592298	0.0	0	0.0	1889.9916682387702	1	0	1	1.0149736375020593
1.24	1.1	0.87	0.68	1.44	1.11	0.79	1.22	1.22	1.45	1.0	1.41	1.55	1.48	1.38	1.29	1.04	0.78	0.93	0.73	1.1	1.25	1.19	1.26	0.87	0.92	0.7	1.1	1.23	1.2	0.87	1.23	1.69	1.6	1.4	1.36	1.34	1.36	1.45	1.39	0.8	0.44	0.47	0.98	1.25	1.24	1.83	2.48	1.6	1.26	0.8	0.61	0.56	0.88	1.15	1.14	0.74	1.43	1.1	0.76	1.09	1.27	1.44	1.48	1.63	1.48	1.23	0.65	1.29	1.19	1.18	1.27	1.34	1.42	1.27	1.24	1.82	1.36	1.63	2.02	1.3	1.7	1.02	0.74	0.98	1.27	0.95	1.17	1.52	1.36	1.47	0.95	1.0	1.02	1.05	1.17	1.26	0.83	0.86	1.24	1.0	1.58	1.55	1.24	1.25	1.9	1.17	0.71	0.74	0.79	1.11	1.44	1.2	1.18	1.52	1.26	1.27	0.61	1.02	1.3	1.09	0.98	1.32	1.9	1.81	1.45	0.93	0.98	0.79	0.95	0.67	0.75	0.93	1.32	1.95	1.18	1.27	1.62	1.31	1.45	1.31	1.2	0.67	1.53	1.23	1.23	1.22	1.12	1.4	1.17	1.24	1.1	0.87	0.68	1.44	1.11	0.79	1.22	1.22	1.45	1.0	1.41	1.55	1.48	1.38	1.29	1.04	0.78	0.93	0.73	1.1	1.25	1.19	1.26	0.87	0.92	0.7	1.1	1.23	1.2	0.87	1.23	1.69	1.6	1.4	1.36	1.34	1.36	1.45	1.39	0.8	0.44	0.47	0.98	1.25	1.24	1.83	2.48	1.6	1.26	0.8	0.61	0.56	0.88	1.15	1.14	0.74	1.43	1.1	0.76	1.09	1.27	1.44	1.48	1.63	1.48	1.23	0.65	1.29	1.19	1.18	1.27	1.34	1.42	1.27	1.24	1.82	1.36	1.63	2.02	1.3	1.7	1.02	0.74	0.98	1.27	0.95	1.17	1.52	1.36	1.47	0.95	1.0	1.02	1.05	1.17	1.26	0.83	0.86	1.24	1.0	1.58	1.55	1.24	1.25	1.9	1.17	0.71	0.74	0.79	1.11	1.44	1.2	1.18	1.52	1.26	1.27	0.61	1.02	1.3	1.09	0.98	1.32	1.9	1.81	1.45	0.93	0.98	0.79	0.95	0.67	0.75	0.93	1.32	1.95	1.18	1.27	1.62	1.31	1.45	1.31	1.2	0.67	1.53	1.23	1.23	1.22	1.12
1.0	2.0	3.0	4.0	5.0	6.0	7.0	8.0	9.0	10.0	11.0	12.0	13.0	14.0	15.0	16.0	17.0	18.0	19.0	20.0	21.0	22.0	23.0	24.0	25.0	26.0	27.0	28.0	29.0	30.0	31.0	32.0	33.0	34.0	35.0	36.0	37.0	38.0	39.0	40.0	41.0	42.0	43.0	44.0	45.0	46.0	47.0	48.0	49.0	50.0	51.0	52.0	53.0	54.0	55.0	56.0	57.0	58.0	59.0	60.0	61.0	62.0	63.0	64.0	65.0	66.0	67.0	68.0	69.0	70.0	71.0	72.0	73.0	74.0	75.0	76.0	77.0	78.0	79.0	80.0	81.0	82.0	83.0	84.0	85.0	86.0	87.0	88.0	89.0	90.0	91.0	92.0	93.0	94.0	95.0	96.0	97.0	98.0	99.0	100.0	101.0	102.0	103.0	104.0	105.0	106.0	107.0	108.0	109.0	110.0	111.0	112.0	113.0	114.0	115.0	116.0	117.0	118.0	119.0	120.0	121.0	122.0	123.0	124.0	125.0	126.0	127.0	128.0	129.0	130.0	131.0	132.0	133.0	134.0	135.0	136.0	137.0	138.0	139.0	140.0	141.0	142.0	143.0	144.0	145.0	146.0	147.0	148.0	149.0	149.0	150.0	151.0	152.0	153.0	154.0	155.0	156.0	157.0	158.0	159.0	160.0	161.0	162.0	163.0	164.0	165.0	166.0	167.0	168.0	169.0	170.0	171.0	172.0	173.0	174.0	175.0	176.0	177.0	178.0	179.0	180.0	181.0	182.0	183.0	184.0	185.0	186.0	187.0	188.0	189.0	190.0	191.0	192.0	193.0	194.0	195.0	196.0	197.0	198.0	199.0	200.0	201.0	202.0	203.0	204.0	205.0	206.0	207.0	208.0	209.0	210.0	211.0	212.0	213.0	214.0	215.0	216.0	217.0	218.0	219.0	220.0	221.0	222.0	223.0	224.0	225.0	226.0	227.0	228.0	229.0	230.0	231.0	232.0	233.0	234.0	235.0	236.0	237.0	238.0	239.0	240.0	241.0	242.0	243.0	244.0	245.0	246.0	247.0	248.0	249.0	250.0	251.0	252.0	253.0	254.0	255.0	256.0	257.0	258.0	259.0	260.0	261.0	262.0	263.0	264.0	265.0	266.0	267.0	268.0	269.0	270.0	271.0	272.0	273.0	274.0	275.0	276.0	277.0	278.0	279.0	280.0	281.0	282.0	283.0	284.0	285.0	286.0	287.0	288.0	289.0	290.0	291.0	292.0	293.0	294.0	295.0	296.0	297.0
5485.3706671250575
