2865.912275592861	300.0	2000.0	289.98253832839424	0	0.0	2865.912275592861	1	0	1	-2.0199416415932556
3200.0	300.0	2665.9122755928606	0.0	0	81.62309978100848	2865.912275592861	1	0	1	-0.2865912275592861
4200.0	500.0	2565.9122755928606	0.0	0	633.7530008756967	2765.9122755928615	1	0	2	-0.6805912275592865
5200.0	500.0	2465.9122755928597	0.0	0	593.8583285902623	2665.91227559286	1	0	2	0.04024889171913125
6200.0	500.0	2365.91227559286	0.0	0	581.4646122648055	2565.9122755928606	1	0	2	0.05028790003047318
7200.0	500.0	2265.9122755928615	0.0	0	347.6234144813334	2465.912275592862	1	0	2	0.06050582669555348
8200.0	500.0	2265.9122755928624	0.0	0	680.8383821914713	2465.912275592862	1	0	1	0.06423439620670432
9200.0	1000.0	2165.9122755928634	0.0	0	149.4234156436887	2365.912275592863	1	0	2	-0.1289636817961215
10200.0	1000.0	2065.9122755928647	0.0	0	224.99120473697076	2265.912275592863	1	0	2	0.7738242381816899
11538.81577802104	1000.0	1727.0964975718264	0.0	0	0.0	2265.912275592864	1	0	1	0.7773815767666497
12724.53834488598	1000.0	1541.3739307068886	0.0	0	0.0	2265.912275592862	1	0	1	0.9773815767666499
13995.556075818531	1000.0	1270.3561997743377	0.0	0	0.0	2265.912275592862	1	0	1	0.9773815767666499
14554.60537775815	1000.0	1711.3068978347205	0.0	0	0.0	2265.912275592862	1	0	1	0.9773815767666499
15200.0	1000.0	2065.9122755928693	0.0	0	155.8953836352357	2265.912275592862	1	0	1	0.9773815767666499
16200.0	1000.0	2065.9122755928684	0.0	0	436.6259218412597	2265.91227559286	1	0	1	0.9773815767666503
17200.0	1000.0	2065.9122755928697	0.0	0	327.11726712952077	2265.91227559286	1	0	1	0.9773815767666503
18295.03486289198	1000.0	1970.8774127008867	0.0	0	0.0	2265.9122755928565	1	0	1	0.9773815767666504
19463.1027286718	1000.0	1802.8095469210637	0.0	0	0.0	2265.9122755928547	1	0	1	0.9773815767666507
20417.03679720053	1000.0	1848.8754783923343	0.0	0	0.0	2265.9122755928474	1	0	1	0.9773815767666515
21242.808715669835	1000.0	2023.1035599230338	0.0	0	0.0	2265.9122755928474	1	0	1	0.9773815767666515
22256.757954126126	1000.0	2009.154321466744	0.0	0	0.0	2265.912275592844	1	0	1	0.9773815767666518
23200.0	1000.0	2065.9122755928693	0.0	0	16.91023508593571	2265.912275592844	1	0	1	0.9773815767666518
24514.16879742745	1000.0	1751.7434781654192	0.0	0	0.0	2265.91227559284	1	0	1	0.9773815767666522
25566.205117807724	1000.0	1594.503525747117	0.0	0	0.0	2160.708643554808	1	0	2	0.5858016663066845
26200.0	1000.0	1960.7086435548438	0.0	0	37.65757910022876	2160.7086435548117	1	0	1	0.7879019399704548
27200.0	1000.0	1960.70864355484	0.0	0	160.0860839690613	2160.7086435548117	1	0	1	0.987901939970455
28220.748020383035	1000.0	1939.9606231718067	0.0	0	0.0	2160.7086435548117	1	0	1	0.987901939970455
29200.0	1000.0	1960.70864355484	0.0	0	126.96034310497271	2160.708643554808	1	0	1	0.9879019399704554
30309.29916029846	1000.0	1851.4094832563824	0.0	0	0.0	2160.708643554808	1	0	1	0.9879019399704554
31251.2494694646	1000.0	1909.459174090244	0.0	0	0.0	2160.708643554808	1	0	1	0.9879019399704554
32461.52142999028	1000.0	1699.1872135645642	0.0	0	0.0	2160.708643554808	1	0	1	0.9879019399704554
33200.0	1000.0	1960.7086435548463	0.0	0	153.86796001659968	2160.7086435548117	1	0	1	0.9879019399704554
34200.0	1000.0	1960.7086435548433	0.0	0	128.85584302905772	2160.7086435548117	1	0	1	0.987901939970455
35200.0	1000.0	1960.708643554854	0.0	0	220.90072039888764	2160.7086435548263	1	0	1	0.9879019399704543
36200.0	1000.0	1960.7086435548483	0.0	0	129.5408248945023	2160.7086435548263	1	0	1	0.9879019399704536
37200.0	1000.0	1960.7086435548567	0.0	0	323.0698201609266	2160.7086435548335	1	0	1	0.9879019399704527
38200.0	1000.0	1960.7086435548604	0.0	0	59.29623113429989	2160.7086435548335	1	0	1	0.9879019399704527
39200.0	1000.0	1860.7086435548613	0.0	0	51.25230329102487	2060.708643554841	1	0	2	0.5948797807353221
40200.0	1000.0	1860.7086435548576	0.0	0	313.3732378824716	2060.708643554841	1	0	1	0.7979019399704519
41200.0	1000.0	1860.7086435548601	0.0	0	203.2910091524318	2060.708643554841	1	0	1	0.9979019399704521
42200.0	1000.0	1860.7086435548604	0.0	0	218.38366865970602	2060.7086435548335	1	0	1	0.9979019399704527
43457.09915886038	1000.0	1603.6094846944752	0.0	0	0.0	2060.7086435548335	1	0	1	0.9979019399704527
44857.169420022656	1000.0	1203.5392235321974	0.0	0	0.0	2060.7086435548335	1	0	1	0.9979019399704527
45734.12197446844	1000.0	1326.5866690864173	0.0	0	0.0	2060.7086435548335	1	0	1	0.9979019399704527
46547.93824416389	1000.0	1512.7703993909777	0.0	0	0.0	2060.7086435548335	1	0	1	0.9979019399704527
47662.16016522867	1000.0	1398.5484783261977	0.0	0	0.0	2060.7086435548263	1	0	1	0.9979019399704536
48435.10200449648	1000.0	1625.6066390583876	0.0	0	0.0	2060.7086435548263	1	0	1	0.9979019399704536
49454.77239741284	1000.0	1605.9362461420299	0.0	0	0.0	2060.7086435548263	1	0	1	0.9979019399704536
50972.51161108847	1000.0	1088.1970324663948	0.0	0	0.0	2060.7086435548263	1	0	1	0.9979019399704536
52259.45075848398	1000.0	801.2578850708827	0.0	0	0.0	2060.7086435548263	1	0	1	0.9979019399704536
53297.67547685509	500.0	763.03316669978	0.0	0	0.0	2060.7086435548263	1	0	1	-0.3883924211494372
54187.93560059345	500.0	872.7730429614128	0.0	0	0.0	2060.7086435548263	1	0	1	0.3047547594105081
54872.982656102686	500.0	1187.7259874521892	0.0	0	0.0	2060.7086435548263	1	0	1	0.3047547594105081
55525.7391053067	500.0	1534.9695382481766	0.0	0	0.0	2060.7086435548335	1	0	1	0.3047547594105074
56263.65741549421	500.0	1797.051228060655	0.0	0	0.0	2060.7086435548335	1	0	1	0.3047547594105074
57225.08561914347	500.0	1739.4802040464683	0.0	0	0.0	1964.5658231898997	1	0	2	-0.08822717119658652
58200.0	500.0	1764.5658231899397	0.0	0	422.29109703124413	1964.5658231898997	1	0	1	0.11436904144700055
59200.0	500.0	1764.5658231899326	0.0	0	517.1343150542234	1964.5658231898997	1	0	1	0.31436904144700073
60200.0	500.0	1764.5658231899372	0.0	0	447.30060385183606	1964.5658231898997	1	0	1	0.31436904144700073
61200.0	500.0	1764.5658231899351	0.0	0	484.1257610902612	1964.5658231898997	1	0	1	0.31436904144700073
62200.0	500.0	1764.5658231899388	0.0	0	316.5948652670486	1964.5658231898997	1	0	1	0.31436904144700073
63200.0	500.0	1764.5658231899386	0.0	0	587.1404591566316	1964.5658231898997	1	0	1	0.31436904144700073
64200.0	500.0	1764.5658231899445	0.0	0	610.597015339692	1964.565823189907	1	0	1	0.31436904144700006
65200.0	500.0	1764.565823189945	0.0	0	297.401038497228	1964.5658231899142	1	0	1	0.31436904144699934
66200.0	500.0	1764.565823189946	0.0	0	440.0773763319012	1964.5658231899142	1	0	1	0.31436904144699934
67200.0	500.0	1764.5658231899397	0.0	0	633.0933364814409	1964.5658231899142	1	0	1	0.31436904144699934
68200.0	500.0	1764.5658231899386	0.0	0	620.2084837472939	1964.5658231899142	1	0	1	0.31436904144699934
69200.0	500.0	1764.5658231899267	0.0	0	279.4152028802346	1964.5658231899142	1	0	1	0.31436904144699934
70200.0	500.0	1764.5658231899215	0.0	0	508.3817116272694	1964.5658231899142	1	0	1	0.31436904144699934
71200.0	1000.0	1764.5658231899215	0.0	0	277.84420532139484	1964.5658231899142	1	0	1	0.31436904144699934
72409.05837905874	1000.0	1555.5074441311806	0.0	0	0.0	1964.5658231899142	1	0	1	1.0075162220069447
73415.01385652508	1000.0	1549.5519666648268	0.0	0	0.0	1964.5658231899142	1	0	1	1.0075162220069447
74200.0	1000.0	1764.5658231899151	0.0	0	177.25888793090417	1964.5658231899142	1	0	1	1.0075162220069447
75200.0	1000.0	1764.5658231899156	0.0	0	175.83058297845128	1964.5658231898997	1	0	1	1.0075162220069462
76200.0	1000.0	1764.5658231899104	0.0	0	501.82726519275457	1964.5658231898997	1	0	1	1.0075162220069462
77200.0	1000.0	1764.5658231899097	0.0	0	2.9957380838604877	1964.5658231899142	1	0	1	1.0075162220069447
78200.0	1000.0	1764.5658231899115	0.0	0	291.55394414767215	1964.5658231899288	1	0	1	1.0075162220069434
79200.0	1000.0	1764.5658231899065	0.0	0	340.192745880282	1964.5658231899288	1	0	1	1.0075162220069434
80200.0	1000.0	1764.5658231899108	0.0	0	462.33362906085677	1964.5658231899288	1	0	1	1.0075162220069434
81200.0	1000.0	1764.5658231899115	0.0	0	179.70963176473742	1964.5658231899288	1	0	1	1.0075162220069434
82300.95881039168	1000.0	1663.6070127982396	0.0	0	0.0	1964.5658231899288	1	0	1	1.0075162220069434
83200.0	1000.0	1764.565823189905	0.0	0	50.65256116398086	1964.5658231899288	1	0	1	1.0075162220069434
84216.41029096363	1000.0	1748.1555322262673	0.0	0	0.0	1964.5658231899288	1	0	1	1.0075162220069434
85200.0	1000.0	1764.5658231898947	0.0	0	256.10432065722125	1964.5658231899288	1	0	1	1.0075162220069434
86200.0	1000.0	1764.565823189885	0.0	0	359.9066951075947	1964.5658231899433	1	0	1	1.0075162220069418
87200.0	1000.0	1764.5658231898983	0.0	0	17.522544968232978	1964.5658231899579	1	0	1	1.0075162220069405
88200.0	1000.0	1764.5658231898908	0.0	0	318.06285963348637	1964.5658231899579	1	0	1	1.0075162220069405
89447.93170962814	1000.0	1516.6341135617417	0.0	0	0.0	1964.5658231899579	1	0	1	1.0075162220069405
90715.95264827013	1000.0	1248.6131749197566	0.0	0	0.0	1964.5658231899433	1	0	1	1.0075162220069418
92289.99986233613	1000.0	674.5659608537612	0.0	0	0.0	1964.5658231899433	1	0	1	1.0075162220069418
92866.64299947998	500.0	1097.9228237099223	0.0	0	0.0	1964.5658231899433	1	0	1	-0.3787781391129491
93572.35549083125	500.0	1392.2103323586487	0.0	0	0.0	1964.5658231899433	1	0	1	0.3143690414469964
94283.66779259355	500.0	1680.8980305963473	0.0	0	0.0	1964.5658231899433	1	0	1	0.3143690414469964
95200.0	500.0	1764.565823189904	0.0	0	405.9633418452431	1964.5658231899433	1	0	1	0.3143690414469964
96200.0	500.0	1764.5658231899067	0.0	0	144.1284201938979	1964.5658231899288	1	0	1	0.31436904144699784
97238.02210833482	1000.0	1726.5437148550964	0.0	0	0.0	1964.5658231899433	1	0	1	0.3143690414469965
98590.33642337729	1000.0	1374.2293998126133	0.0	0	0.0	1964.5658231899433	1	0	1	1.0075162220069418
99200.0	500.0	1764.565823189914	0.0	0	129.38453494527494	1964.5658231899433	1	0	1	-0.3787781391129491
100200.0	500.0	1764.5658231899301	0.0	0	544.6604657298594	1964.5658231899579	1	0	1	0.3143690414469949
101200.0	500.0	1764.5658231899185	0.0	0	521.8120349809615	1964.5658231899579	1	0	1	0.3143690414469949
102200.0	500.0	1764.565823189927	0.0	0	658.1545233692304	1964.5658231899579	1	0	1	0.3143690414469949
103200.0	500.0	1764.5658231899154	0.0	0	290.207364385511	1964.5658231899579	1	0	1	0.3143690414469949
104200.0	500.0	1764.565823189907	0.0	0	375.69807729363674	1964.5658231899579	1	0	1	0.3143690414469949
105200.0	500.0	1764.5658231899188	0.0	0	151.95003667363198	1964.5658231899579	1	0	1	0.3143690414469949
106537.75404228148	1000.0	1426.8117809084604	0.0	0	0.0	1964.5658231899724	1	0	1	0.3143690414469935
107393.52499946397	500.0	1571.040823725976	0.0	0	0.0	1964.5658231899724	1	0	1	-0.3787781391129519
108200.0	500.0	1764.5658231899508	0.0	0	482.70612321954104	1964.5658231899724	1	0	1	0.3143690414469935
109200.0	500.0	1764.5658231899622	0.0	0	680.340927608413	1964.565823189987	1	0	1	0.31436904144699196
110200.0	500.0	1764.5658231899533	0.0	0	737.8411993828486	1964.5658231900015	1	0	1	0.3143690414469906
111200.0	1000.0	1764.5658231899538	0.0	0	115.27457598625915	1964.5658231900015	1	0	1	0.3143690414469906
112240.27580340777	1000.0	1724.2900197821807	0.0	0	0.0	1964.5658231900015	1	0	1	1.007516222006936
113200.0	1000.0	1764.5658231899467	0.0	0	425.6321171613963	1964.565823190016	1	0	1	1.0075162220069347
114247.3057961649	1000.0	1717.2600270250464	0.0	0	0.0	1964.565823190016	1	0	1	1.0075162220069347
115420.57970375971	1000.0	1543.986119430255	0.0	0	0.0	1964.5658231900306	1	0	1	1.0075162220069331
116216.5293040929	1000.0	1748.0365190970683	0.0	0	0.0	1964.5658231900306	1	0	1	1.0075162220069331
117200.0	1000.0	1764.5658231899574	0.0	0	173.73366673501732	1964.5658231900306	1	0	1	1.0075162220069331
118602.89839048567	1000.0	1361.6674327042947	0.0	0	0.0	1964.5658231900306	1	0	1	1.0075162220069331
120062.81447241505	1000.0	901.7513507749122	0.0	0	0.0	1964.5658231900306	1	0	1	1.0075162220069331
121344.11849842132	1000.0	620.447324768627	0.0	0	0.0	1964.5658231900306	1	0	1	1.0075162220069331
122588.39367035462	1000.0	414.6742163810253	38.502063545703436	0	0.0	2003.0678867357346	1	0	1	0.772653634378142
123581.26086313804	1000.0	430.20188833312443	8.394864735521878	0	0.0	2011.4627514712483	1	0	1	0.95245734076568
124810.2710365216	1000.0	270.2024299588461	69.01071500928725	0	0.0	2080.4734664805437	1	0	1	0.5818611676221583
125454.76247840321	500.0	723.4317069751539	97.72071889790996	0	0.0	2178.1941853784665	1	0	1	-0.9864652887192608
125744.20905362772	500.0	1433.9851317506382	0.0	0	0.0	2178.1941853784665	1	0	1	0.2930062052281441
126200.0	500.0	1978.1941853783692	0.0	0	73.7286674593488	2178.1941853784665	1	0	1	0.2930062052281441
127200.0	1000.0	1978.1941853783792	0.0	0	369.93918365337595	2178.194185378481	1	0	1	0.29300620522814264
128200.0	1000.0	1978.1941853783683	0.0	0	222.01434882328613	2178.194185378481	1	0	1	0.986153385788088
129200.0	1000.0	1978.1941853783637	0.0	0	104.94124588093837	2178.1941853784665	1	0	1	0.9861533857880895
130276.56773673065	1000.0	1793.9696749746538	0.0	0	0.0	2070.537411705416	1	0	2	0.5942537006782003
131200.0	1000.0	1870.5374117052995	0.0	0	224.6838110521785	2070.537411705416	1	0	1	0.7969190631553944
132200.0	1000.0	1870.5374117053188	0.0	0	89.02678320778068	2070.5374117054453	1	0	1	0.996919063155393
133200.0	1000.0	1870.5374117052877	0.0	0	510.3858367987268	2070.537411705416	1	0	1	0.9969190631553937
134200.0	1000.0	1870.5374117052916	0.0	0	400.6310099194234	2070.537411705416	1	0	1	0.9969190631553946
135200.0	1000.0	1870.5374117052975	0.0	0	601.0886750620266	2070.537411705416	1	0	1	0.9969190631553946
136200.0	1000.0	1870.537411705292	0.0	0	376.16677264886675	2070.537411705416	1	0	1	0.9969190631553946
137200.0	1000.0	1870.537411705301	0.0	0	44.52134051392204	2070.537411705416	1	0	1	0.9969190631553946
138352.4913352752	1000.0	1718.0460764300724	0.0	0	0.0	2070.537411705416	1	0	1	0.9969190631553946
139200.0	1000.0	1870.537411705306	0.0	0	25.78475071702269	2070.537411705416	1	0	1	0.9969190631553946
140200.0	1000.0	1870.537411705313	0.0	0	440.96534648770466	2070.537411705416	1	0	1	0.9969190631553946
141200.0	1000.0	1870.5374117053075	0.0	0	186.37377954588737	2070.537411705416	1	0	1	0.9969190631553946
142200.0	1000.0	1870.5374117053318	0.0	0	159.13524522600346	2070.537411705416	1	0	1	0.9969190631553946
143200.0	1000.0	1870.5374117053632	0.0	0	111.33878308179555	2070.537411705416	1	0	1	0.9969190631553946
144220.7929225976	1000.0	1849.7444891077353	0.0	0	0.0	2070.537411705416	1	0	1	0.9969190631553946
145200.0	1000.0	1870.537411705375	0.0	0	35.55543401851901	2070.537411705416	1	0	1	0.9969190631553946
147028.22329600828	1000.0	859.4917860962457	0.0	0	0.0	1887.7150821045507	1	0	2	0.6101579394728298
148277.7921193389	1000.0	609.9229627655795	0.0	0	0.0	1887.7150821045216	1	0	1	0.815201296115484
148954.4711735283	500.0	933.2439085762089	0.0	0	0.0	1887.7150821045216	1	0	1	-0.371093065004407
149682.5512884425	500.0	1205.1637936620004	0.0	0	0.0	1887.7150821045216	1	0	1	0.32205411555553853
150387.08399503812	500.0	1500.6310870663806	0.0	0	0.0	1887.7150821044925	1	0	1	0.3220541155555415
151200.0	500.0	1687.7150821045395	0.0	0	387.5866810253938	1887.7150821044925	1	0	1	0.3220541155555415
152200.0	500.0	1687.7150821045507	0.0	0	703.7802879822266	1887.7150821045216	1	0	1	0.32205411555553853
153200.0	500.0	1687.7150821045404	0.0	0	657.7118433174619	1887.7150821045507	1	0	1	0.32205411555553565
154200.0	500.0	1687.7150821045477	0.0	0	546.3524377785216	1887.7150821045798	1	0	1	0.32205411555553276
155200.0	500.0	1687.7150821045682	0.0	0	619.677367240045	1887.7150821046089	1	0	1	0.3220541155555298
156200.0	500.0	1687.7150821045627	0.0	0	399.7221122527553	1887.7150821046089	1	0	1	0.3220541155555298
157200.0	500.0	1687.7150821045482	0.0	0	525.2275729107496	1887.7150821046089	1	0	1	0.3220541155555298
158200.0	500.0	1687.7150821045504	0.0	0	645.505953839689	1887.7150821045798	1	0	1	0.32205411555553276
159200.0	1000.0	1687.7150821045632	0.0	0	242.00853943213588	1887.7150821045798	1	0	1	0.32205411555553287
160490.72879576223	1000.0	1396.9862863423184	0.0	0	0.0	1887.7150821045798	1	0	1	1.0152012961154782
161990.8106526473	1000.0	896.9044294572433	0.0	0	0.0	1887.7150821045798	1	0	1	1.0152012961154782
162846.54673419445	1000.0	1041.1683479101143	0.0	0	0.0	1887.7150821045798	1	0	1	1.0152012961154782
163787.13656844007	1000.0	1100.5785136644972	0.0	0	0.0	1887.7150821045798	1	0	1	1.0152012961154782
164632.40548368148	1000.0	1255.3095984230856	0.0	0	0.0	1887.7150821045798	1	0	1	1.0152012961154782
165200.0	500.0	1687.715082104604	0.0	0	164.43451367650414	1887.7150821046089	1	0	1	-0.37109306500441547
166200.0	500.0	1687.7150821045911	0.0	0	550.3726945392555	1887.7150821046089	1	0	1	0.3220541155555298
167200.0	500.0	1687.7150821046143	0.0	0	440.33761097627576	1887.7150821046089	1	0	1	0.3220541155555298
168200.0	500.0	1687.7150821046532	0.0	0	509.2099270048202	1887.7150821046089	1	0	1	0.3220541155555298
169543.12418644805	1000.0	1344.5908956565718	0.0	0	0.0	1887.7150821045798	1	0	1	0.32205411555553104
170279.58692335733	1000.0	1608.1281587473106	0.0	0	0.0	1887.7150821046089	1	0	1	1.0152012961154777
171226.36634972028	1000.0	1661.3487323843801	0.0	0	0.0	1887.7150821046089	1	0	1	1.0152012961154753
172726.0000093781	1000.0	1161.7150727265866	0.0	0	0.0	1887.7150821046089	1	0	1	1.0152012961154753
173950.8181796681	1000.0	936.8969024365534	0.0	0	0.0	1887.7150821046089	1	0	1	1.0152012961154753
174822.5110651557	1000.0	1065.2040169489212	0.0	0	0.0	1887.7150821046089	1	0	1	1.0152012961154753
175535.0418442285	1000.0	1352.6732378761699	0.0	0	0.0	1887.7150821046089	1	0	1	1.0152012961154766
176200.0	1000.0	1687.7150821046603	0.0	0	45.56354195417953	1887.7150821046089	1	0	1	1.0152012961154753
177200.0	1000.0	1687.7150821046423	0.0	0	139.16831798118073	1887.7150821046089	1	0	1	1.0152012961154753
178200.0	1000.0	1687.7150821046366	0.0	0	9.537100107670994	1887.7150821045798	1	0	1	1.0152012961154782
179200.0	1000.0	1687.7150821046532	0.0	0	227.0929289404594	1887.7150821045798	1	0	1	1.0152012961154782
180200.0	1000.0	1687.7150821046555	0.0	0	416.9760166249471	1887.7150821045798	1	0	1	1.0152012961154782
181200.0	1000.0	1687.715082104651	0.0	0	18.08804775905446	1887.7150821045798	1	0	1	1.0152012961154782
182200.0	1000.0	1687.7150821046998	0.0	0	115.03446527253254	1887.7150821046089	1	0	1	1.0152012961154753
183256.30358029655	1000.0	1631.4115018081511	0.0	0	0.0	1887.715082104638	1	0	1	1.0152012961154724
184287.01090190443	1000.0	1600.704180200273	0.0	0	0.0	1887.715082104638	1	0	1	1.0152012961154724
185374.38696433668	1000.0	1513.3281177680024	0.0	0	0.0	1887.7150821046089	1	0	1	1.015201296115473
186200.0	1000.0	1687.7150821046926	0.0	0	253.95994380736374	1887.7150821046089	1	0	1	1.0152012961154753
187200.0	1000.0	1687.7150821047144	0.0	0	333.44535703235306	1887.715082104638	1	0	1	1.0152012961154724
188312.0645271482	1000.0	1575.6505549565145	0.0	0	0.0	1887.715082104667	1	0	1	1.0152012961154695
189200.0	1000.0	1687.7150821046964	0.0	0	137.2395812383911	1887.715082104667	1	0	1	1.0152012961154695
190200.0	1000.0	1687.7150821047032	0.0	0	98.19150246444042	1887.715082104667	1	0	1	1.0152012961154695
191200.0	1000.0	1687.715082104693	0.0	0	220.60482682473958	1887.715082104667	1	0	1	1.0152012961154695
192676.17164822304	1000.0	1211.543433881615	0.0	0	0.0	1887.715082104638	1	0	1	1.0152012961154724
193854.98066939486	1000.0	1032.734412709805	0.0	0	0.0	1887.715082104667	1	0	1	1.0152012961154695
194968.38369429315	1000.0	919.3313878115374	0.0	0	0.0	1887.7150821046962	1	0	1	1.0152012961154666
195950.69290334848	1000.0	937.022178756223	0.0	0	0.0	1887.7150821046962	1	0	1	1.0152012961154666
197053.41640056574	1000.0	834.2986815389736	0.0	0	0.0	1887.7150821046962	1	0	1	1.0152012961154666
197941.1200128792	1000.0	946.5950692255212	0.0	0	0.0	1887.7150821047253	1	0	1	1.0152012961154637
199416.25200321933	1000.0	471.4630788853785	0.0	0	0.0	1887.7150821046962	1	0	1	1.0152012961154666
201163.0866512936	1000.0	200.0	475.3715691888775	0	0.0	2363.08665129359	1	0	1	-1.881115141892839
202342.76064507128	500.0	372.5498457701252	352.2238395477943	0	0.0	2715.310490841395	1	0	1	-2.567195643164859
203275.85589976297	500.0	541.3419596973051	101.88736861887742	0	0.0	2817.1978594602842	1	0	1	-0.38221837389330215
204222.19083571192	500.0	595.007023748346	0.0	0	0.0	2817.1978594602842	1	0	1	0.22910583781996227
204700.17522414518	500.0	1117.0226353151002	0.0	0	0.0	2817.1978594602842	1	0	1	0.22910583781996227
205205.15247096564	500.0	1561.5476638125672	0.0	0	0.0	2766.7001347781916	1	0	2	-0.1670617196220348
206415.17786293672	1000.0	1351.5222718414477	0.0	0	0.0	2766.7001347781916	1	0	1	0.03415561028817132
207237.41395305502	1000.0	1447.0625727113513	0.0	0	0.0	2684.4765257663967	1	0	2	0.5334771919654913
207861.4382641227	500.0	1823.038261643669	0.0	0	0.0	2684.4765257663967	1	0	1	-0.6507692093705947
208539.81567391957	500.0	2076.823110867098	0.0	0	0.0	2616.6387847867154	1	0	2	-0.15273736837719884
209200.0	500.0	2416.6387847866717	0.0	0	54.03471086136415	2616.6387847867154	1	0	1	0.04916174528731901
210200.0	500.0	2316.6387847867036	0.0	0	313.48830978150363	2516.6387847867736	1	0	2	-0.14458524664069491
211200.0	500.0	2216.638784786704	0.0	0	474.8196536881442	2416.6387847867736	1	0	2	0.0653130496132868
212200.0	500.0	2116.638784786694	0.0	0	561.5858103488572	2316.6387847867445	1	0	2	0.07522557489035586
213200.0	500.0	2116.6387847866617	0.0	0	437.65858500250033	2316.6387847867445	1	0	1	0.0791617452873161
214200.0	500.0	2016.6387847866747	0.0	0	209.00033392882324	2216.6387847867445	1	0	2	-0.1143774438511862
215287.3551008776	1000.0	1820.5481738213055	0.0	0	0.0	2107.903274699027	1	0	2	0.09717265539557554
216200.0	1000.0	1816.6387847866818	0.0	0	463.8207671738346	2016.6387847868027	1	0	2	0.7985290243868128
217200.0	1000.0	1816.6387847866738	0.0	0	347.164478414692	2016.6387847868027	1	0	1	0.8023089258472558
218418.63045055527	1000.0	1598.0083342314128	0.0	0	0.0	2016.6387847867736	1	0	1	1.0023089258472564
219553.55699895453	1000.0	1463.0817858321482	0.0	0	0.0	2016.6387847867736	1	0	1	1.0023089258472588
220200.0	500.0	1816.638784786704	0.0	0	167.43818802092574	2016.6387847868027	1	0	1	-0.38398543527263496
221200.0	500.0	1816.6387847866924	0.0	0	86.09109848501976	2016.6387847868318	1	0	1	0.30916174528730755
222200.0	500.0	1716.6387847866795	0.0	0	629.9626157061721	1916.6387847868318	1	0	2	-0.08481445496563475
223200.0	500.0	1716.6387847866863	0.0	0	620.2548590393271	1916.6387847868318	1	0	1	0.11916174528730741
224200.0	500.0	1716.63878478672	0.0	0	574.2625731805747	1916.6387847868318	1	0	1	0.31916174528730756
225200.0	500.0	1716.6387847867168	0.0	0	724.4005085855606	1916.638784786861	1	0	1	0.3191617452873047
226200.0	500.0	1716.6387847867504	0.0	0	661.5416699873167	1916.638784786861	1	0	1	0.3191617452873047
227200.0	500.0	1616.6387847867916	0.0	0	641.9979518251785	1816.638784786861	1	0	2	-0.07483825471269513
228200.0	500.0	1616.6387847867954	0.0	0	461.75785156391794	1816.638784786861	1	0	1	0.12916174528730445
229200.0	500.0	1616.6387847868232	0.0	0	547.1835403241275	1816.6387847868318	1	0	1	0.32916174528730757
230200.0	500.0	1616.6387847868239	0.0	0	628.5119562901382	1816.6387847868318	1	0	1	0.32916174528730757
231299.75054324564	1000.0	1516.888241541182	0.0	0	0.0	1816.6387847868318	1	0	1	0.3291617452873077
232313.34225263516	1000.0	1503.2965321516604	0.0	0	0.0	1816.6387847868318	1	0	1	1.022308925847253
233272.9975857258	1000.0	1543.6411990610654	0.0	0	0.0	1816.6387847868318	1	0	1	1.022308925847253
234200.0	1000.0	1616.63878478688	0.0	0	438.1101131676696	1816.6387847868318	1	0	1	1.022308925847253
235200.0	500.0	1616.6387847868828	0.0	0	718.9118527071842	1816.6387847868318	1	0	1	-0.36398543527263794
236200.0	500.0	1616.638784786874	0.0	0	467.611690710939	1816.6387847868318	1	0	1	0.32916174528730757
237238.1264290221	1000.0	1578.5123557647864	0.0	0	0.0	1816.6387847868027	1	0	1	0.3291617452873105
238386.90174341947	1000.0	1429.7370413674128	0.0	0	0.0	1816.6387847868318	1	0	1	1.0223089258472553
239732.8687832149	1000.0	1083.7700015719734	0.0	0	0.0	1816.6387847868027	1	0	1	1.022308925847256
241231.93588455082	1000.0	584.7029002360241	0.0	0	0.0	1816.6387847868027	1	0	1	1.022308925847256
241940.1859091421	500.0	876.4528756447539	0.0	0	0.0	1816.6387847867736	1	0	1	-0.363985435272632
242562.70066772238	500.0	1253.9381170644526	0.0	0	0.0	1816.6387847867736	1	0	1	0.32916174528731335
243206.77614446494	500.0	1609.8626403218977	0.0	0	0.0	1816.6387847867736	1	0	1	0.32916174528731335
244200.0	500.0	1616.6387847868377	0.0	0	314.0659829475335	1816.6387847867445	1	0	1	0.3291617452873163
245200.0	500.0	1616.6387847868266	0.0	0	401.2999069225334	1816.6387847867445	1	0	1	0.3291617452873163
246200.0	500.0	1616.6387847868207	0.0	0	309.03826533220126	1816.6387847867154	1	0	1	0.3291617452873192
247200.0	500.0	1616.6387847868282	0.0	0	537.1925810986722	1816.6387847867445	1	0	1	0.3291617452873163
248200.0	500.0	1616.6387847868184	0.0	0	378.23282539946376	1816.6387847867445	1	0	1	0.3291617452873163
249200.0	500.0	1616.6387847868066	0.0	0	447.19705003270064	1816.6387847867445	1	0	1	0.3291617452873163
250200.0	500.0	1616.638784786797	0.0	0	647.2238842674997	1816.6387847867154	1	0	1	0.3291617452873192
251246.30166436706	1000.0	1570.3371204197183	0.0	0	0.0	1816.6387847867154	1	0	1	0.32916174528731923
252857.44591223434	1000.0	959.1928725524692	0.0	0	0.0	1816.6387847867154	1	0	1	1.0223089258472646
253432.1123906147	500.0	1384.5263941720984	0.0	0	0.0	1816.6387847866863	1	0	1	-0.36398543527262334
254200.0	500.0	1616.6387847867802	0.0	0	16.32150022298447	1816.6387847866863	1	0	1	0.3291617452873221
255200.0	500.0	1616.6387847867738	0.0	0	389.1845711907954	1816.6387847866863	1	0	1	0.3291617452873221
256200.0	500.0	1616.6387847867554	0.0	0	201.21033378201537	1816.6387847866863	1	0	1	0.3291617452873221
257200.0	500.0	1616.6387847867347	0.0	0	655.2916384098353	1816.6387847866572	1	0	1	0.329161745287325
258200.0	500.0	1616.6387847867102	0.0	0	552.332412608579	1816.6387847866572	1	0	1	0.329161745287325
259200.0	500.0	1616.6387847867047	0.0	0	780.9184326053655	1816.6387847866572	1	0	1	0.329161745287325
260200.0	500.0	1616.6387847867093	0.0	0	598.8303155881003	1816.6387847866572	1	0	1	0.329161745287325
261200.0	500.0	1616.6387847867056	0.0	0	536.8912769731833	1816.6387847866572	1	0	1	0.329161745287325
262200.0	500.0	1616.6387847867109	0.0	0	725.898370049661	1816.638784786628	1	0	1	0.32916174528732794
263453.08131213766	1000.0	1363.557472649023	0.0	0	0.0	1816.638784786599	1	0	1	0.3291617452873291
264531.28982412466	1000.0	1285.3489606620597	0.0	0	0.0	1816.638784786628	1	0	1	1.0223089258472733
265208.13834445353	1000.0	1608.500440333186	0.0	0	0.0	1816.638784786628	1	0	1	1.0223089258472733
266525.49418993853	1000.0	1291.1445948481805	0.0	0	0.0	1816.638784786628	1	0	1	1.0223089258472733
268352.30247624515	1000.0	281.65547991091756	0.0	0	0.0	1633.957956155995	1	0	2	0.6362056917004466
268849.5362033551	500.0	784.4217528009497	0.0	0	0.0	1633.957956155995	1	0	1	-0.5457173524095543
269365.5716300876	500.0	1268.3863260684063	0.0	0	0.0	1633.957956155995	1	0	1	0.34742982815039125
270200.0	500.0	1433.9579561560229	0.0	0	348.22066531301243	1633.957956155995	1	0	1	0.34742982815039125
271200.0	500.0	1433.9579561559797	0.0	0	552.3936320650391	1633.957956155995	1	0	1	0.34742982815039125
272200.0	500.0	1433.9579561560197	0.0	0	467.0712739399751	1633.9579561560531	1	0	1	0.3474298281503854
273200.0	500.0	1433.9579561560804	0.0	0	580.2491001614253	1633.9579561560531	1	0	1	0.3474298281503854
274200.0	500.0	1433.9579561560968	0.0	0	414.91886782221263	1633.9579561560531	1	0	1	0.3474298281503854
275200.0	500.0	1433.9579561560406	0.0	0	628.7839955600793	1633.9579561560531	1	0	1	0.3474298281503854
276200.0	500.0	1433.9579561560838	0.0	0	658.4484391290462	1633.9579561560531	1	0	1	0.3474298281503854
277200.0	500.0	1433.9579561560445	0.0	0	682.3979358819779	1633.957956155995	1	0	1	0.34742982815039125
278260.06344065926	1000.0	1373.8945154967512	0.0	0	0.0	1633.9579561559367	1	0	1	0.3474298281503971
279200.0	1000.0	1433.9579561560124	0.0	0	44.93956810631789	1633.9579561559367	1	0	1	1.0405770087103425
280200.0	1000.0	1433.957956155995	0.0	0	175.33140312478645	1633.9579561559367	1	0	1	1.0405770087103425
281200.0	1000.0	1433.9579561559792	0.0	0	338.82157989538973	1633.9579561559367	1	0	1	1.0405770087103425
282200.0	1000.0	1433.9579561559626	0.0	0	493.54180140583776	1633.957956155995	1	0	1	1.0405770087103368
283200.0	1000.0	1433.9579561560074	0.0	0	527.1071277841693	1633.957956155995	1	0	1	1.0405770087103368
284200.0	1000.0	1433.9579561560392	0.0	0	570.8398784817546	1633.9579561559367	1	0	1	1.0405770087103425
285247.4342391793	1000.0	1386.5237169766813	0.0	0	0.0	1633.9579561559367	1	0	1	1.0405770087103425
286230.438302244	1000.0	1403.5196539120066	0.0	0	0.0	1633.9579561559367	1	0	1	1.0405770087103425
287200.6610274508	1000.0	1433.296928705223	0.0	0	0.0	1633.9579561559367	1	0	1	1.0405770087103425
288200.0	500.0	1433.9579561560276	0.0	0	410.1784264926682	1633.9579561559367	1	0	1	-0.3457173524095482
289200.0	500.0	1433.9579561560915	0.0	0	586.7383717785124	1633.9579561559367	1	0	1	0.3474298281503971
290200.0	1000.0	1433.9579561561338	0.0	0	112.14737959438935	1633.9579561559367	1	0	1	0.3474298281503971
291316.180541256	1000.0	1317.7774149001648	0.0	0	0.0	1633.957956155995	1	0	1	1.0405770087103368
292471.3093914432	1000.0	1162.6485647129011	0.0	0	0.0	1633.957956155995	1	0	1	1.0405770087103368
293540.75115200796	1000.0	1093.206804148226	0.0	0	0.0	1633.957956155995	1	0	1	1.0405770087103368
295013.674654302	1000.0	620.2833018542058	0.0	0	0.0	1633.9579561560531	1	0	1	1.040577008710333
296316.4651398275	1000.0	317.49281632873596	0.0	0	0.0	1633.9579561560531	1	0	1	1.0405770087103308
297028.42857684795	500.0	645.2600811109277	39.73070180254035	0	0.0	1673.6886579586426	1	0	1	-0.5880746334050612
297778.2888125829	500.0	895.3998453760025	0.0	0	0.0	1673.6886579585844	1	0	1	0.34345675797013225
298362.5170035016	500.0	1311.1716544573674	0.0	0	0.0	1673.6886579585844	1	0	1	0.34345675797013225
299200.0	500.0	1473.6886579589534	0.0	0	380.6863658167422	1673.6886579585844	1	0	1	0.34345675797013225
300200.0	500.0	1473.6886579589443	0.0	0	340.9601086556795	1673.6886579585844	1	0	1	0.34345675797013225
1.44	1.39	1.52	1.24	1.07	1.37	1.42	1.6	0.79	1.01	0.72	1.2	1.66	1.66	1.42	0.81	1.19	0.9	1.16	1.1	0.89	0.73	0.79	1.4	1.42	1.37	0.95	1.03	1.37	1.09	1.36	1.25	1.04	1.04	1.61	1.31	0.83	1.74	1.44	1.59	0.65	0.8	1.02	1.14	1.26	1.17	1.01	0.5	0.71	0.7	0.52	0.73	0.6	0.86	0.65	0.93	0.9	0.71	0.9	1.03	1.26	1.27	0.79	1.2	1.9	1.63	0.89	0.96	1.18	0.56	1.29	1.45	1.33	1.62	1.16	1.53	1.3	1.51	1.09	0.9	0.93	1.32	1.68	1.42	1.23	1.27	0.95	0.83	0.61	0.75	0.97	0.71	0.98	0.75	1.01	0.96	1.07	1.22	1.44	1.16	0.78	0.66	0.83	0.74	0.57	1.3	1.6	2.11	1.42	1.33	1.69	1.08	1.04	1.49	1.01	0.56	0.65	0.98	1.1	0.94	1.24	1.07	0.86	1.47	1.29	1.92	1.09	1.26	1.16	1.19	1.67	2.06	2.1	1.12	1.22	0.96	1.07	1.61	1.49	0.97	0.81	1.2	1.05	0.6	0.63	0.88	0.83	0.93	0.98	1.7	1.44	1.39	1.52	1.24	1.07	1.37	1.42	1.6	0.79	1.01	0.72	1.2	1.66	1.66	1.42	0.81	1.19	0.9	1.16	1.1	0.89	0.73	0.79	1.4	1.42	1.37	0.95	1.03	1.37	1.09	1.36	1.25	1.04	1.04	1.61	1.31	0.83	1.74	1.44	1.59	0.65	0.8	1.02	1.14	1.26	1.17	1.01	0.5	0.71	0.7	0.52	0.73	0.6	0.86	0.65	0.93	0.9	0.71	0.9	1.03	1.26	1.27	0.79	1.2	1.9	1.63	0.89	0.96	1.18	0.56	1.29	1.45	1.33	1.62	1.16	1.53	1.3	1.51	1.09	0.9	0.93	1.32	1.68	1.42	1.23	1.27	0.95	0.83	0.61	0.75	0.97	0.71	0.98	0.75	1.01	0.96	1.07	1.22	1.44	1.16	0.78	0.66	0.83	0.74	0.57	1.3	1.6	2.11	1.42	1.33	1.69	1.08	1.04	1.49	1.01	0.56	0.65	0.98	1.1	0.94	1.24	1.07	0.86	1.47	1.29	1.92	1.09	1.26	1.16	1.19	1.67	2.06	2.1	1.12	1.22	0.96	1.07	1.61	1.49	0.97	0.81	1.2	1.05	0.6	0.63	0.88	0.83	0.93	0.98	1.7	1.44	1.39
1.0	2.0	3.0	4.0	5.0	6.0	7.0	8.0	9.0	10.0	11.0	12.0	13.0	14.0	15.0	16.0	17.0	18.0	19.0	20.0	21.0	22.0	23.0	24.0	25.0	26.0	27.0	28.0	29.0	30.0	31.0	32.0	33.0	34.0	35.0	36.0	37.0	38.0	39.0	40.0	41.0	42.0	43.0	44.0	45.0	46.0	47.0	48.0	49.0	50.0	51.0	52.0	53.0	54.0	55.0	56.0	57.0	58.0	59.0	60.0	61.0	62.0	63.0	64.0	65.0	66.0	67.0	68.0	69.0	70.0	71.0	72.0	73.0	74.0	75.0	76.0	77.0	78.0	79.0	80.0	81.0	82.0	83.0	84.0	85.0	86.0	87.0	88.0	89.0	90.0	91.0	92.0	93.0	94.0	95.0	96.0	97.0	98.0	99.0	100.0	101.0	102.0	103.0	104.0	105.0	106.0	107.0	108.0	109.0	110.0	111.0	112.0	113.0	114.0	115.0	116.0	117.0	118.0	119.0	120.0	121.0	122.0	123.0	124.0	125.0	126.0	127.0	128.0	129.0	130.0	131.0	132.0	133.0	134.0	135.0	136.0	137.0	138.0	139.0	140.0	141.0	142.0	143.0	144.0	145.0	146.0	147.0	148.0	149.0	149.0	150.0	151.0	152.0	153.0	154.0	155.0	156.0	157.0	158.0	159.0	160.0	161.0	162.0	163.0	164.0	165.0	166.0	167.0	168.0	169.0	170.0	171.0	172.0	173.0	174.0	175.0	176.0	177.0	178.0	179.0	180.0	181.0	182.0	183.0	184.0	185.0	186.0	187.0	188.0	189.0	190.0	191.0	192.0	193.0	194.0	195.0	196.0	197.0	198.0	199.0	200.0	201.0	202.0	203.0	204.0	205.0	206.0	207.0	208.0	209.0	210.0	211.0	212.0	213.0	214.0	215.0	216.0	217.0	218.0	219.0	220.0	221.0	222.0	223.0	224.0	225.0	226.0	227.0	228.0	229.0	230.0	231.0	232.0	233.0	234.0	235.0	236.0	237.0	238.0	239.0	240.0	241.0	242.0	243.0	244.0	245.0	246.0	247.0	248.0	249.0	250.0	251.0	252.0	253.0	254.0	255.0	256.0	257.0	258.0	259.0	260.0	261.0	262.0	263.0	264.0	265.0	266.0	267.0	268.0	269.0	270.0	271.0	272.0	273.0	274.0	275.0	276.0	277.0	278.0	279.0	280.0	281.0	282.0	283.0	284.0	285.0	286.0	287.0	288.0	289.0	290.0	291.0	292.0	293.0	294.0	295.0	296.0	297.0	298.0	298.0	299.0	300.0
2278.305041268476
