4037.6846224728883	300.0	2000.0	269.86420272404774	0	0.0	4037.6846224728883	1	0	1	-2.017113181632868
4565.668242420928	500.0	2419.218018057155	0.0	0	0.0	3984.886260478084	1	0	2	-0.7997157971996588
4866.784891834752	300.0	3087.9897037019487	0.0	0	0.0	3954.774595536701	1	0	2	-1.107017287690575
5321.230894143894	500.0	3588.099101161893	0.0	0	0.0	3909.3299953057876	1	0	2	-0.5920589377203459
6200.0	500.0	3621.4530847201777	0.0	0	477.9591324349067	3821.4530847201772	1	0	2	-0.07508916675234512
7200.0	500.0	3521.453084720178	0.0	0	512.5015993865682	3721.453084720178	1	0	2	-0.06513904839162901
8200.0	1000.0	3421.4530847201786	0.0	0	392.6203572340837	3621.4530847201777	1	0	2	-0.055082693777049996
9200.0	1000.0	3321.4530847201772	0.0	0	557.3693646329375	3521.453084720176	1	0	2	0.6478643784653593
10200.0	1000.0	3221.453084720177	0.0	0	126.00007176747022	3421.453084720174	1	0	2	0.6585485602685821
11200.0	1000.0	3121.4530847201745	0.0	0	184.873943159364	3321.4530847201722	1	0	2	0.6685993640251452
12200.0	1000.0	3021.453084720177	0.0	0	150.74117454928455	3221.453084720173	1	0	2	0.6781909052455628
13200.0	1000.0	2921.4530847201777	0.0	0	199.66752124560662	3121.453084720177	1	0	2	0.6884571637265848
14200.0	1000.0	2821.4530847201763	0.0	0	27.117120322238407	3021.453084720175	1	0	2	0.6992507574125509
15205.293785990756	1000.0	2715.629920130345	0.0	0	0.0	2920.923706121097	1	0	2	0.7092837063436235
16200.0	1000.0	2621.4530847201772	0.0	0	237.03480542308353	2821.453084720173	1	0	2	0.7183517072109444
17200.0	1000.0	2621.4530847201736	0.0	0	78.64145469438517	2821.4530847201713	1	0	1	0.7218274958539187
18200.0	1000.0	2521.453084720173	0.0	0	140.28794450328132	2721.4530847201713	1	0	2	0.5279251474464562
19485.05152427983	1000.0	2236.401560440348	0.0	0	0.0	2721.4530847201713	1	0	1	0.7318274958539189
20232.147280312325	1000.0	2489.305804407852	0.0	0	0.0	2721.4530847201713	1	0	1	0.9318274958539191
21200.0	1000.0	2424.6678127514133	0.0	0	106.36288704447361	2624.6678127514097	1	0	2	0.5385972327002435
22211.40326516635	1000.0	2312.1242210684254	0.0	0	0.0	2523.5274862347724	1	0	2	0.748840384477824
23200.0	1000.0	2224.6678127514124	0.0	0	74.77208647699081	2424.667812751406	1	0	2	0.7586107244831821
24200.0	1000.0	2124.6678127514165	0.0	0	271.53484472486525	2324.6678127514133	1	0	2	0.7678122798107404
25200.0	1000.0	2024.667812751417	0.0	0	155.38066094045644	2224.667812751417	1	0	2	0.7782501467510661
26200.0	1000.0	1924.6678127514197	0.0	0	434.6719798319209	2124.667812751417	1	0	2	0.787726185449082
27200.0	1000.0	1924.66781275142	0.0	0	234.3316844890105	2124.667812751417	1	0	1	0.7915060230507943
28200.0	1000.0	1924.6678127514197	0.0	0	300.5201670874703	2124.667812751417	1	0	1	0.9915060230507945
30063.32082129429	1000.0	1061.3469914571278	0.0	0	0.0	2124.667812751417	1	0	1	0.9915060230507945
31419.314738448837	1000.0	569.7536825871248	0.0	0	0.0	1989.0684210359577	1	0	2	0.6015810677015145
32766.907193897223	1000.0	341.40045702648246	119.23922988774734	0	0.0	2108.3076509237035	1	0	1	0.07770665990708175
33642.11282996765	1000.0	551.0690521792459	84.87423122319444	0	0.0	2193.181882146895	1	0	1	0.4754092287720797
34979.53718192133	1000.0	326.92060665343377	113.27590642785924	0	0.0	2306.457788574764	1	0	1	0.2936715869013048
35894.58107120448	1000.0	537.3590305836292	125.4823132133435	0	0.0	2431.94010178811	1	0	1	0.20788491486706417
37134.802680877314	1000.0	297.1374209107859	0.0	0	0.0	2431.94010178811	1	0	1	0.9607787941471252
37888.567994753896	500.0	615.5418792127687	72.16977217856513	0	0.0	2504.109873966663	1	0	1	-0.8657511772620118
38540.31735112561	500.0	963.7925228410619	0.0	0	0.0	2504.1098739666704	1	0	1	0.2604146363693237
39312.52766544788	500.0	1191.5822085187842	0.0	0	0.0	2504.1098739666704	1	0	1	0.2604146363693237
39908.190603341405	500.0	1595.9192706252622	0.0	0	0.0	2504.1098739666777	1	0	1	0.26041463636932294
40481.46571073057	500.0	2022.6441632360977	0.0	0	0.0	2504.1098739666777	1	0	1	0.26041463636932294
41200.0	500.0	2232.2564450397304	0.0	0	237.45446902253025	2432.2564450397404	1	0	2	-0.13528209685847228
42200.0	500.0	2232.2564450397244	0.0	0	534.5452300891047	2432.2564450397404	1	0	1	0.0675999792620165
43200.0	500.0	2232.2564450397304	0.0	0	437.35766766979214	2432.2564450397404	1	0	1	0.2675999792620167
44200.0	500.0	2132.2564450397313	0.0	0	561.2367554063094	2332.2564450397476	1	0	2	-0.12634869169056093
45200.0	1000.0	2132.2564450397235	0.0	0	201.55280520603992	2332.2564450397476	1	0	1	0.07759997926201578
46200.0	1000.0	2132.256445039727	0.0	0	44.871555219411675	2332.2564450397476	1	0	1	0.9707471598219614
47391.04386374698	1000.0	1822.1081949180596	0.0	0	0.0	2213.152058665066	1	0	2	0.5795076882224726
48390.82589010527	1000.0	1722.3479659239397	0.0	0	0.0	2113.1738560292433	1	0	2	0.7901997167972281
49431.606751858344	1000.0	1681.5671041708629	0.0	0	0.0	2113.173856029236	1	0	1	0.7926554187230124
50655.676593826334	1000.0	1457.4972622028733	0.0	0	0.0	2113.173856029236	1	0	1	0.9926554187230126
51425.30782334123	1000.0	1687.8660326879733	0.0	0	0.0	2113.173856029236	1	0	1	0.9926554187230126
52200.0	1000.0	1913.1738560292085	0.0	0	210.29096486148046	2113.1738560292433	1	0	1	0.9926554187230119
53200.0	1000.0	1813.1738560292158	0.0	0	253.85984317465045	2013.1738560292433	1	0	2	0.5989661238045016
54200.0	500.0	1713.1738560292135	0.0	0	445.0479831033299	1913.173856029236	1	0	2	-0.5774176627894
55200.0	500.0	1713.1738560292167	0.0	0	431.58323993638624	1913.173856029236	1	0	1	0.11950823816306694
56200.0	500.0	1713.1738560292097	0.0	0	585.9055189879946	1913.173856029236	1	0	1	0.3195082381630671
57200.0	500.0	1713.1738560292115	0.0	0	438.27808131352504	1913.1738560292288	1	0	1	0.3195082381630679
58200.0	500.0	1713.1738560292129	0.0	0	514.3086756901102	1913.1738560292288	1	0	1	0.3195082381630679
59200.0	500.0	1713.1738560292085	0.0	0	322.34318289071234	1913.1738560292215	1	0	1	0.3195082381630686
60664.73368975091	1000.0	1248.4401662783043	0.0	0	0.0	1913.1738560292215	1	0	1	0.3195082381630687
61511.718638169434	1000.0	1401.4552178597796	0.0	0	0.0	1913.1738560292215	1	0	1	1.0126554187230141
62496.65939737491	1000.0	1416.514458654304	0.0	0	0.0	1913.1738560292215	1	0	1	1.0126554187230141
63517.302848557665	1000.0	1395.8710074715445	0.0	0	0.0	1913.1738560292215	1	0	1	1.0126554187230141
64200.0	1000.0	1713.1738560292063	0.0	0	2.2242214295838494	1913.1738560292215	1	0	1	1.0126554187230141
65200.0	500.0	1713.1738560292074	0.0	0	574.7510421532788	1913.1738560292215	1	0	1	-0.37363894239687667
66200.0	500.0	1713.173856029194	0.0	0	548.037727785384	1913.173856029207	1	0	1	0.31950823816306917
67324.04588206272	1000.0	1589.12797396646	0.0	0	0.0	1913.1738560291997	1	0	1	0.3195082381630705
68200.0	500.0	1713.1738560291817	0.0	0	155.38596542790765	1913.1738560291997	1	0	1	-0.37363894239687456
69200.0	500.0	1713.173856029186	0.0	0	384.14799815564766	1913.1738560291997	1	0	1	0.3195082381630707
70200.0	500.0	1713.1738560291762	0.0	0	520.2334720059589	1913.1738560291851	1	0	1	0.31950823816307217
71200.0	500.0	1713.1738560291658	0.0	0	511.26722043627524	1913.1738560291851	1	0	1	0.31950823816307217
72200.0	500.0	1713.173856029179	0.0	0	369.88012091981363	1913.1738560291997	1	0	1	0.3195082381630707
73646.48573131568	1000.0	1122.0395515819314	0.0	0	0.0	1768.5252828976227	1	0	2	-0.06981037427348558
74676.40386835534	1000.0	1092.1214145422834	0.0	0	0.0	1768.5252828976227	1	0	1	0.8271202760361738
75200.0	500.0	1568.525282897629	0.0	0	86.73102534699137	1768.5252828976227	1	0	1	-0.3591740850837168
76200.0	500.0	1568.5252828976259	0.0	0	579.4542971496703	1768.5252828976227	1	0	1	0.3339730954762285
77200.0	500.0	1568.5252828976365	0.0	0	506.436067493225	1768.5252828976372	1	0	1	0.333973095476227
78200.0	500.0	1568.5252828976274	0.0	0	396.79540293477476	1768.5252828976372	1	0	1	0.333973095476227
79200.0	500.0	1568.5252828976047	0.0	0	528.6870880440983	1768.5252828976227	1	0	1	0.3339730954762285
80994.3214188023	1000.0	774.2038640953083	0.0	0	0.0	1768.5252828976081	1	0	1	0.33397309547623
82111.47719911518	1000.0	657.0480837824384	0.0	0	0.0	1768.5252828976081	1	0	1	1.0271202760361755
82552.88206537568	500.0	1215.6432175219352	0.0	0	0.0	1768.5252828976081	1	0	1	-0.3591740850837155
83200.0	500.0	1568.525282897624	0.0	0	388.0504114159412	1768.5252828976081	1	0	1	0.3339730954762299
84200.0	500.0	1568.5252828976318	0.0	0	658.3515045850509	1768.5252828976081	1	0	1	0.3339730954762299
85200.0	500.0	1568.5252828976288	0.0	0	628.6625166334416	1768.5252828976081	1	0	1	0.3339730954762299
86398.46387259371	1000.0	1370.061410303928	0.0	0	0.0	1768.5252828976227	1	0	1	0.3339730954762285
87330.60369987517	1000.0	1437.9215830224784	0.0	0	0.0	1768.5252828976227	1	0	1	1.027120276036174
88267.8588628119	1000.0	1500.6664200857308	0.0	0	0.0	1768.5252828976227	1	0	1	1.027120276036174
89210.1559976402	1000.0	1558.3692852574304	0.0	0	0.0	1768.5252828976227	1	0	1	1.027120276036174
90200.0	1000.0	1568.5252828976186	0.0	0	348.93307552399347	1768.5252828976081	1	0	1	1.0271202760361755
91200.0	1000.0	1568.5252828976015	0.0	0	444.4414666539378	1768.5252828975936	1	0	1	1.0271202760361768
92200.0	1000.0	1568.5252828976174	0.0	0	550.4306902597891	1768.5252828975936	1	0	1	1.0271202760361768
93200.0	1000.0	1568.5252828976104	0.0	0	615.5041578817327	1768.5252828975936	1	0	1	1.0271202760361768
94202.4046089163	1000.0	1566.1206739813138	0.0	0	106.30120882850315	1768.5252828975936	1	0	1	1.0271202760361768
95439.13488969253	1000.0	1329.3903932050875	0.0	0	0.0	1768.5252828975936	1	0	1	1.0271202760361768
96386.36328622753	1000.0	1382.161996670095	0.0	0	0.0	1768.5252828975936	1	0	1	1.0271202760361768
97716.95502242111	1000.0	1051.5702604765013	0.0	0	0.0	1768.5252828975936	1	0	1	1.0271202760361768
98890.58819812916	1000.0	877.9370847684596	0.0	0	0.0	1768.525282897579	1	0	1	1.0271202760361784
99592.15175786708	1000.0	1176.3735250305535	0.0	0	0.0	1768.525282897579	1	0	1	1.0271202760361784
100252.79792432538	1000.0	1515.727358572247	0.0	0	0.0	1768.525282897579	1	0	1	1.0271202760361784
101200.0	1000.0	1568.525282897607	0.0	0	311.2998218211287	1768.525282897579	1	0	1	1.0271202760361784
102200.0	1000.0	1568.5252828976083	0.0	0	357.0778107847	1768.525282897579	1	0	1	1.0271202760361784
103200.0	1000.0	1568.5252828975965	0.0	0	154.9131418589095	1768.525282897579	1	0	1	1.0271202760361784
104200.0	1000.0	1568.5252828975915	0.0	0	164.87849968993396	1768.525282897579	1	0	1	1.0271202760361784
105433.13975826644	1000.0	1335.385524631165	0.0	0	0.0	1768.525282897579	1	0	1	1.0271202760361784
106200.0	1000.0	1568.5252828975765	0.0	0	66.49848431798455	1768.5252828975645	1	0	1	1.0271202760361797
107200.0	1000.0	1568.525282897571	0.0	0	98.64122898069036	1768.5252828975645	1	0	1	1.0271202760361797
108230.27886936581	1000.0	1538.2464135317719	0.0	0	0.0	1768.5252828975645	1	0	1	1.0271202760361797
109265.12668293109	1000.0	1503.3985999664942	0.0	0	0.0	1768.5252828975645	1	0	1	1.0271202760361797
110200.0	1000.0	1568.5252828975865	0.0	0	134.67767079114856	1768.525282897579	1	0	1	1.0271202760361784
111384.80468112894	1000.0	1383.7206017686378	0.0	0	0.0	1768.5252828975645	1	0	1	1.0271202760361797
112200.0	1000.0	1568.525282897568	0.0	0	39.535516720614396	1768.52528289755	1	0	1	1.0271202760361813
113220.40732951327	1000.0	1548.1179533843135	0.0	0	0.0	1768.52528289755	1	0	1	1.0271202760361813
114200.0	1000.0	1568.5252828976036	0.0	0	268.61453076658654	1768.52528289755	1	0	1	1.0271202760361813
115731.13003332696	1000.0	1037.3952495706603	0.0	0	0.0	1768.52528289755	1	0	1	1.0271202760361813
116249.07113539513	1000.0	1519.4541475024848	0.0	0	0.0	1768.52528289755	1	0	1	1.0271202760361813
117200.0	1000.0	1568.525282897609	0.0	0	0.601857442597975	1768.52528289755	1	0	1	1.0271202760361813
118200.0	1000.0	1568.525282897603	0.0	0	392.925654515464	1768.52528289755	1	0	1	1.0271202760361813
119200.0	1000.0	1568.5252828976138	0.0	0	348.0627659542952	1768.52528289755	1	0	1	1.0271202760361813
120200.0	1000.0	1568.5252828976177	0.0	0	73.3448608777544	1768.52528289755	1	0	1	1.0271202760361813
121211.46060783409	1000.0	1557.064675063547	0.0	0	0.0	1768.52528289755	1	0	1	1.0271202760361813
122408.42115994716	1000.0	1360.1041229504722	0.0	0	0.0	1768.52528289755	1	0	1	1.0271202760361813
123635.42329276235	1000.0	1133.1019901352788	0.0	0	0.0	1768.5252828975354	1	0	1	1.0271202760361826
124716.0251183375	1000.0	1052.5001645601442	0.0	0	0.0	1768.5252828975354	1	0	1	1.0271202760361826
126123.17074172516	1000.0	645.3545411724895	0.0	0	0.0	1768.5252828975354	1	0	1	1.0271202760361826
127220.37432069925	1000.0	548.1509621983848	0.0	0	0.0	1768.5252828975208	1	0	1	1.0271202760361842
128110.1036302547	1000.0	658.4216526429245	0.0	0	0.0	1768.5252828975208	1	0	1	1.0271202760361842
129110.8524487839	1000.0	657.672834113723	0.0	0	0.0	1768.5252828975208	1	0	1	1.0271202760361842
130170.4732686471	1000.0	598.0520142505314	0.0	0	0.0	1768.5252828975208	1	0	1	1.0271202760361842
131126.59974607438	1000.0	641.925536823244	0.0	0	0.0	1768.5252828975063	1	0	1	1.0271202760361844
131986.16870690702	1000.0	782.3565759905807	0.0	0	0.0	1768.5252828974772	1	0	1	1.0271202760361875
133468.90879100998	1000.0	299.61649188760816	0.0	0	0.0	1768.5252828974626	1	0	1	1.0271202760361895
134382.43173485584	1000.0	516.6212128832644	130.5276648415341	0	0.0	1899.0529477389937	1	0	1	0.2309015205028324
135659.67206736506	1000.0	339.7412156108626	100.36033523683125	0	0.0	1999.4132829758455	1	0	1	0.4018694646073642
136795.4277029398	1000.0	468.3167011113856	264.33112107529365	0	0.0	2263.7444040511327	1	0	1	-0.608388362530939
137583.32260887898	1000.0	680.4217951722069	0.0	0	0.0	2263.7444040511327	1	0	1	0.977598363920823
138413.86987555985	1000.0	849.8745284913438	0.0	0	0.0	2263.7444040511327	1	0	1	0.977598363920823
139344.75528644177	1000.0	918.989117609414	0.0	0	0.0	2263.7444040511327	1	0	1	0.977598363920823
140192.59897443213	1000.0	1071.1454296190427	0.0	0	0.0	2263.7444040511327	1	0	1	0.977598363920823
141243.02243547753	1000.0	1020.7219685736349	0.0	0	0.0	2263.7444040511327	1	0	1	0.977598363920823
141989.84802284645	1000.0	1273.8963812047114	0.0	0	0.0	2263.7444040511327	1	0	1	0.977598363920823
143183.0135282436	1000.0	1080.7308758075505	0.0	0	0.0	2263.7444040511327	1	0	1	0.977598363920823
144238.79876865985	1000.0	1024.945635391292	0.0	0	0.0	2263.7444040511036	1	0	1	0.9775983639208258
145269.85405562297	1000.0	993.8903484281856	0.0	0	0.0	2263.7444040511036	1	0	1	0.9775983639208258
146022.6142216519	1000.0	1241.1301823992553	0.0	0	0.0	2263.7444040511036	1	0	1	0.9775983639208258
146843.12282221127	1000.0	1338.5707217839465	0.0	0	0.0	2181.6935439951485	1	0	2	0.5840056440791317
147508.6040876808	1000.0	1673.0894563143593	0.0	0	0.0	2181.6935439951194	1	0	1	0.7858034499264241
148243.43486445284	1000.0	1938.2586795423479	0.0	0	0.0	2181.6935439951485	1	0	1	0.9858034499264213
149200.0	1000.0	1886.0370304405058	0.0	0	115.38044226213242	2086.037030440464	1	0	2	0.5919178224916254
150200.0	1000.0	1886.0370304405226	0.0	0	272.69126248240354	2086.037030440435	1	0	1	0.7953691012818925
151200.0	1000.0	1886.037030440528	0.0	0	475.9735161513672	2086.037030440435	1	0	1	0.9953691012818927
152491.0291555456	1000.0	1595.0078748948843	0.0	0	0.0	2086.037030440406	1	0	1	0.9953691012818956
153609.92981280448	1000.0	1476.10721763602	0.0	0	0.0	2086.037030440406	1	0	1	0.9953691012818956
154560.50217990146	1000.0	1525.5348505390798	0.0	0	0.0	2086.037030440406	1	0	1	0.9953691012818956
155301.8280276627	1000.0	1784.2090027778245	0.0	0	0.0	2086.037030440406	1	0	1	0.9953691012818956
156200.0	1000.0	1886.0370304405265	0.0	0	46.83027704540291	2086.037030440406	1	0	1	0.9953691012818956
157200.0	1000.0	1886.0370304405478	0.0	0	285.8519215141423	2086.037030440406	1	0	1	0.9953691012818956
158200.0	1000.0	1886.0370304405265	0.0	0	239.4098428170837	2086.037030440377	1	0	1	0.9953691012818986
159200.0	1000.0	1786.0370304404887	0.0	0	358.8273954571923	1986.0370304403477	1	0	2	0.6015655154754092
160200.0	1000.0	1786.0370304404803	0.0	0	194.06453188092564	1986.0370304403477	1	0	1	0.8053691012819013
161290.92794516482	1000.0	1695.1090852756288	0.0	0	0.0	1986.0370304403186	1	0	1	1.0053691012819044
162200.0	1000.0	1786.0370304404585	0.0	0	183.53395285567967	1986.0370304403186	1	0	1	1.0053691012819044
163200.0	1000.0	1786.0370304404364	0.0	0	164.15264058555476	1986.0370304403186	1	0	1	1.0053691012819044
164388.76208337862	1000.0	1597.2749470618185	0.0	0	0.0	1986.0370304403186	1	0	1	1.0053691012819044
165200.0	1000.0	1786.0370304404387	0.0	0	116.59927102545043	1986.0370304402895	1	0	1	1.0053691012819073
166200.0	1000.0	1786.0370304404255	0.0	0	133.82432556035928	1986.0370304402895	1	0	1	1.0053691012819073
167544.01737230728	1000.0	1442.019658133153	0.0	0	0.0	1986.0370304402895	1	0	1	1.0053691012819073
168460.07745890046	1000.0	1525.9595715399682	0.0	0	0.0	1986.0370304402895	1	0	1	1.0053691012819073
169200.0	1000.0	1786.0370304404141	0.0	0	58.75500787777128	1986.0370304402895	1	0	1	1.0053691012819073
170200.0	1000.0	1786.0370304404005	0.0	0	120.57131616616971	1986.0370304403186	1	0	1	1.0053691012819044
171200.0	500.0	1786.0370304404014	0.0	0	614.454081642587	1986.0370304403186	1	0	1	-0.3809252598379864
172200.0	500.0	1786.0370304404075	0.0	0	514.067222815007	1986.0370304403477	1	0	1	0.31222192072195654
173200.0	500.0	1786.0370304403766	0.0	0	596.901319030032	1986.0370304403477	1	0	1	0.312221920721956
174200.0	1000.0	1786.03703044037	0.0	0	346.5535382020171	1986.0370304403477	1	0	1	0.312221920721956
175200.0	1000.0	1786.037030440386	0.0	0	280.98905402768287	1986.0370304403477	1	0	1	1.0053691012819015
176200.0	1000.0	1786.0370304403955	0.0	0	292.88443700570497	1986.0370304403186	1	0	1	1.0053691012819044
177200.0	1000.0	1786.0370304404003	0.0	0	143.90624902764102	1986.0370304403186	1	0	1	1.0053691012819044
179059.3843724101	1000.0	926.6526580302925	0.0	0	0.0	1986.0370304403186	1	0	1	1.0053691012819044
180087.8251386989	1000.0	898.2118917415078	0.0	0	0.0	1986.0370304403186	1	0	1	1.0053691012819044
181640.74682607243	1000.0	345.29020436800766	0.0	0	0.0	1986.0370304403186	1	0	1	1.0053691012819044
182681.53960944506	1000.0	486.3038313907799	181.80641039539154	0	0.0	2167.8434408357134	1	0	1	-0.10365000212998429
184009.2437196443	1000.0	365.03644863579365	206.43672744422707	0	0.0	2374.2801682799472	1	0	1	-0.2720755771674208
185076.82252629846	1000.0	491.35494368576985	193.89730170416283	0	0.0	2568.17746998425	1	0	1	-0.2162287528974658
186392.08397631728	1000.0	296.2240074544504	120.13051378751001	0	0.0	2688.3079837717523	1	0	1	0.21435892322370076
187266.61285314613	500.0	544.6442174132669	122.94908678765756	0	0.0	2811.257070559426	1	0	1	-1.2011417845758428
187918.09626097194	500.0	893.1608095874462	0.0	0	0.0	2811.257070559397	1	0	1	0.22969991671005102
188480.2814073372	500.0	1330.9756632221968	0.0	0	0.0	2811.257070559397	1	0	1	0.22969991671005102
189491.43558057456	1000.0	1218.7060726610753	0.0	0	0.0	2710.1416532356525	1	0	2	-0.16298097442518467
190397.0939984683	1000.0	1313.0476547672918	0.0	0	0.0	2710.1416532356525	1	0	1	0.7329586390023707
190986.4591444454	500.0	1723.6825087901955	0.0	0	0.0	2710.1416532356525	1	0	1	-0.45333572211751993
191762.44551449467	1000.0	1947.6961387409592	0.0	0	0.0	2710.1416532356816	1	0	1	0.2398114584424227
192326.64123145002	1000.0	2383.5004217856062	0.0	0	0.0	2710.1416532356816	1	0	1	0.9329586390023681
193200.0	1000.0	2422.8057763806237	0.0	0	370.4298732725729	2622.805776380672	1	0	2	0.5381897910619701
194200.0	1000.0	2322.805776380635	0.0	0	310.0605477426143	2522.805776380672	1	0	2	0.7479465534107819
195200.42346432497	1000.0	2322.3823120556335	0.0	0	0.0	2522.805776380643	1	0	1	0.7516922266878717
196205.8069229045	1000.0	2316.998853476117	0.0	0	0.0	2522.805776380643	1	0	1	0.9516922266878719
197200.0	1000.0	2322.8057763805878	0.0	0	26.989180997858057	2522.805776380643	1	0	1	0.9516922266878719
198294.37825721022	1000.0	2228.4275191703587	0.0	0	0.0	2522.805776380643	1	0	1	0.9516922266878719
199773.98778223054	1000.0	1600.8570416480343	0.0	0	0.0	2374.844823878637	1	0	2	0.5631184851866086
200595.70402917793	1000.0	1779.1407947006396	0.0	0	0.0	2374.844823878637	1	0	1	0.7664883219380724
201362.58684630014	1000.0	2012.2579775784582	0.0	0	0.0	2374.844823878666	1	0	1	0.9664883219380696
202535.5519813174	1000.0	1839.2928425611742	0.0	0	0.0	2374.844823878637	1	0	1	0.9664883219380702
203383.44025659864	1000.0	1906.6157397518418	0.0	0	0.0	2290.0559963505366	1	0	2	0.5726738954987917
204745.48475139184	1000.0	1544.5712449586383	0.0	0	0.0	2290.0559963505366	1	0	1	0.7749672046908823
205865.52303014311	1000.0	1424.5329662073345	0.0	0	0.0	2290.0559963505366	1	0	1	0.9749672046908825
207067.9825398125	1000.0	1222.073456537945	0.0	0	0.0	2290.055996350595	1	0	1	0.974967204690877
208460.5176190196	1000.0	829.538377330823	0.0	0	0.0	2290.0559963505657	1	0	1	0.9749672046908796
209647.6858652187	1000.0	642.3701311317336	0.0	0	0.0	2290.0559963505657	1	0	1	0.9749672046908796
210799.08472408957	1000.0	490.9712722608507	0.0	0	0.0	2290.0559963505657	1	0	1	0.9749672046908796
211301.15133634178	500.0	988.9046600086011	0.0	0	0.0	2290.0559963505657	1	0	1	-0.4113271564290112
212166.25188009476	1000.0	1037.2940618803418	0.0	0	0.0	2203.545941975317	1	0	2	-0.11164125570578506
212989.39627256597	1000.0	1214.1496694091388	0.0	0	0.0	2203.545941975317	1	0	1	0.7836182101284044
213942.95854460192	1000.0	1260.5873973732037	0.0	0	0.0	2203.545941975317	1	0	1	0.9836182101284046
214751.87015084346	1000.0	1451.6757911316554	0.0	0	0.0	2203.545941975317	1	0	1	0.9836182101284046
215834.72633235657	1000.0	1368.8196096185443	0.0	0	0.0	2203.545941975317	1	0	1	0.9836182101284046
216972.3478619587	1000.0	1117.4359270562109	0.0	0	0.0	2089.783789015113	1	0	2	0.5911372064861281
218318.04465528455	1000.0	771.7391337303512	0.0	0	0.0	2089.783789015113	1	0	1	0.7949944254244247
219040.94718947663	1000.0	1048.836599538271	0.0	0	0.0	2089.783789015113	1	0	1	0.9949944254244248
219366.18748548528	500.0	1723.596303529643	0.0	0	0.0	2089.783789015113	1	0	1	-0.39129993569546606
220200.0	500.0	1889.7837890149287	0.0	0	420.6286167782964	2089.783789015113	1	0	1	0.30184724486447945
221200.0	1000.0	1889.7837890149606	0.0	0	81.30805706433603	2089.783789015113	1	0	1	0.30184724486447956
223247.54903427407	1000.0	842.2347547408825	0.0	0	0.0	2089.783789015084	1	0	1	0.9949944254244278
223906.10790681344	500.0	1183.675882201515	0.0	0	0.0	2089.783789015084	1	0	1	-0.39129993569546306
225175.69538785462	1000.0	914.0884011603638	0.0	0	0.0	2089.783789015084	1	0	1	0.3018472448644824
226320.2022162704	1000.0	769.5815727446065	0.0	0	0.0	2089.783789015084	1	0	1	0.9949944254244278
226852.24157053253	500.0	1237.5422184824977	0.0	0	0.0	2089.783789015113	1	0	1	-0.39129993569546606
227241.35329122763	500.0	1848.4304977874112	0.0	0	0.0	2089.7837890151422	1	0	1	0.3018472448644765
228200.0	500.0	1889.7837890150702	0.0	0	397.3082434074895	2089.7837890151422	1	0	1	0.3018472448644765
229200.0	500.0	1889.7837890150442	0.0	0	281.6447046956455	2089.7837890151714	1	0	1	0.3018472448644736
230200.0	500.0	1889.7837890150417	0.0	0	83.13686184235848	2089.7837890151714	1	0	1	0.3018472448644736
231200.0	500.0	1889.7837890150304	0.0	0	561.8117363829806	2089.7837890151714	1	0	1	0.3018472448644736
232200.0	500.0	1889.7837890150477	0.0	0	671.8533757771074	2089.7837890151714	1	0	1	0.3018472448644736
233200.0	500.0	1889.7837890150543	0.0	0	670.7605779309524	2089.7837890151714	1	0	1	0.3018472448644736
234200.0	500.0	1889.7837890150704	0.0	0	646.8489407252637	2089.7837890152005	1	0	1	0.3018472448644707
235200.0	500.0	1889.7837890150884	0.0	0	455.43631296537933	2089.7837890152005	1	0	1	0.3018472448644707
236200.0	500.0	1889.78378901513	0.0	0	501.98549234555685	2089.7837890152296	1	0	1	0.30184724486446773
237200.0	500.0	1889.7837890151377	0.0	0	638.1245999240491	2089.7837890152005	1	0	1	0.3018472448644707
238200.0	500.0	1889.7837890151231	0.0	0	497.224146270426	2089.7837890152005	1	0	1	0.3018472448644707
239200.0	500.0	1889.7837890151254	0.0	0	691.5698659388872	2089.7837890152296	1	0	1	0.30184724486446773
240200.0	500.0	1889.7837890151604	0.0	0	637.5230934839055	2089.7837890152296	1	0	1	0.30184724486446773
241200.0	1000.0	1889.7837890151654	0.0	0	606.4132690848492	2089.7837890152296	1	0	1	0.3018472448644678
242200.0	1000.0	1889.783789015192	0.0	0	590.8137928626675	2089.7837890152296	1	0	1	0.9949944254244132
243405.8445893905	1000.0	1683.9391996246761	0.0	0	0.0	2089.7837890152296	1	0	1	0.9949944254244132
244823.46199746078	1000.0	1266.3217915543999	0.0	0	0.0	2089.7837890152587	1	0	1	0.9949944254244103
245900.39648253634	1000.0	1189.3873064788193	0.0	0	0.0	2089.7837890152587	1	0	1	0.9949944254244103
247546.53250714226	1000.0	543.2512818728828	0.0	0	0.0	2089.7837890152587	1	0	1	0.9949944254244103
248194.64524911763	1000.0	895.1385398975309	0.0	0	0.0	2089.7837890152878	1	0	1	0.9949944254244074
249166.5100998028	1000.0	1020.4601742808567	0.0	0	0.0	2186.970274083782	1	0	0	0.7876230086394891
249735.06399565793	1000.0	1451.9062784257405	0.0	0	0.0	2186.970274083811	1	0	1	0.7852757769175551
250405.2960979623	1000.0	1781.6741761214046	0.0	0	0.0	2186.970274083811	1	0	1	0.9852757769175551
251388.30638785372	1000.0	1798.663886229967	0.0	0	0.0	2186.970274083811	1	0	1	0.9852757769175551
252200.0	1000.0	1986.970274083682	0.0	0	132.15540271197096	2186.970274083811	1	0	1	0.9852757769175551
253555.26270453277	1000.0	1631.7075695509532	0.0	0	0.0	2186.97027408384	1	0	1	0.9852757769175544
254650.62886319586	1000.0	1536.3414108878374	0.0	0	0.0	2186.970274083811	1	0	1	0.985275776917554
255348.70204700256	1000.0	1838.2682270811883	0.0	0	0.0	2186.970274083811	1	0	1	0.9852757769175551
256254.0540245204	1000.0	1932.9162495633568	0.0	0	0.0	2186.970274083782	1	0	1	0.985275776917558
257412.12213275005	1000.0	1774.8481413337074	0.0	0	0.0	2186.970274083782	1	0	1	0.985275776917558
258443.1233641991	1000.0	1743.8469098846595	0.0	0	0.0	2186.970274083782	1	0	1	0.985275776917558
259267.85592062853	1000.0	1919.1143534552277	0.0	0	0.0	2186.970274083782	1	0	1	0.985275776917558
260385.06675651888	1000.0	1801.9035175648637	0.0	0	0.0	2186.970274083753	1	0	1	0.9852757769175609
261296.91868909867	1000.0	1890.0515849850558	0.0	0	0.0	2186.970274083724	1	0	1	0.9852757769175637
262200.0	1000.0	1986.970274083722	0.0	0	61.87585541108274	2186.970274083724	1	0	1	0.9852757769175637
263397.8420971328	1000.0	1789.1281769509105	0.0	0	0.0	2186.9702740836947	1	0	1	0.9852757769175673
264660.94644925575	1000.0	1399.7133896157084	0.0	0	0.0	2060.65983887139	1	0	2	0.5956358937451027
265348.2475041994	1000.0	1643.6822291776652	0.0	0	0.0	1991.9297333770082	1	0	2	0.8030973601287551
266200.0	1000.0	1791.9297333769364	0.0	0	121.20962144329678	1991.9297333770082	1	0	1	0.8047798309882352
267200.0	1000.0	1791.929733376904	0.0	0	272.5860186390346	1991.9297333770082	1	0	1	1.0047798309882354
268200.0	1000.0	1791.9297333768875	0.0	0	103.21600282349391	1991.92973337695	1	0	1	1.0047798309882412
269200.0	1000.0	1791.9297333769186	0.0	0	6.177207723201718	1991.92973337695	1	0	1	1.0047798309882412
270200.0	1000.0	1791.9297333769937	0.0	0	312.0956581470673	1991.92973337695	1	0	1	1.0047798309882412
271372.7101443791	1000.0	1619.2195889978059	0.0	0	0.0	1991.9297333768918	1	0	1	1.004779830988247
272200.0	1000.0	1709.2007478148537	0.0	0	30.895985929644667	1909.2007478147862	1	0	2	0.6108765560489722
273200.0	1000.0	1609.2007478148157	0.0	0	258.1659440618823	1809.200747814728	1	0	2	0.8195263269836415
274397.7474666659	1000.0	1411.4532811488957	0.0	0	0.0	1809.200747814728	1	0	1	0.8230527295444633
275449.2563975149	1000.0	1359.94435029992	0.0	0	0.0	1809.200747814728	1	0	1	1.0230527295444634
276311.4351967947	1000.0	1497.7655510200384	0.0	0	0.0	1809.200747814728	1	0	1	1.0230527295444634
277339.498603904	1000.0	1469.7021439106734	0.0	0	0.0	1809.200747814728	1	0	1	1.0230527295444634
278524.98147213104	1000.0	1284.2192756836694	0.0	0	0.0	1809.200747814728	1	0	1	1.0230527295444634
279273.4492024441	1000.0	1535.7515453706176	0.0	0	0.0	1809.200747814728	1	0	1	1.0230527295444634
280200.0	1000.0	1609.200747814712	0.0	0	126.3723341015866	1809.200747814728	1	0	1	1.0230527295444634
281304.06778881466	1000.0	1505.1329590000337	0.0	0	0.0	1809.2007478146697	1	0	1	1.0230527295444694
282603.26696275594	1000.0	1205.9337850587435	0.0	0	0.0	1809.2007478146697	1	0	1	1.0230527295444694
283297.07784230256	1000.0	1512.1229055121253	0.0	0	0.0	1809.2007478146697	1	0	1	1.0230527295444694
284200.0	1000.0	1609.2007478147066	0.0	0	56.332586122560315	1809.200747814728	1	0	1	1.0230527295444634
285200.0	1000.0	1609.2007478147111	0.0	0	116.52666762674926	1809.200747814728	1	0	1	1.0230527295444634
286200.0	1000.0	1609.2007478147245	0.0	0	73.74578951962758	1809.200747814728	1	0	1	1.0230527295444634
287200.0	1000.0	1609.200747814718	0.0	0	31.80374604515964	1809.200747814728	1	0	1	1.0230527295444634
288200.0	1000.0	1609.200747814729	0.0	0	2.4499231453519315	1809.200747814728	1	0	1	1.0230527295444634
289219.88000016456	1000.0	1589.3207476501866	0.0	0	0.0	1809.200747814728	1	0	1	1.0230527295444634
290200.0	1000.0	1609.2007478147368	0.0	0	300.71704528090777	1809.200747814728	1	0	1	1.0230527295444634
291200.0	1000.0	1609.200747814694	0.0	0	150.3315971091506	1809.2007478147862	1	0	1	1.0230527295444576
292200.0	1000.0	1609.2007478146832	0.0	0	102.2155871267314	1809.2007478147862	1	0	1	1.0230527295444576
293457.26662782015	1000.0	1351.9341199945397	0.0	0	0.0	1809.2007478147862	1	0	1	1.0230527295444576
294252.2369280942	1000.0	1556.9638197204938	0.0	0	0.0	1809.2007478147862	1	0	1	1.0230527295444576
295336.3882559388	1000.0	1472.8124918759052	0.0	0	0.0	1809.2007478147862	1	0	1	1.0230527295444576
296200.0	1000.0	1609.200747814626	0.0	0	378.5593652491807	1809.2007478147862	1	0	1	1.0230527295444576
297200.0	1000.0	1609.2007478146083	0.0	0	284.49074296467006	1809.2007478148444	1	0	1	1.0230527295444518
298200.0	1000.0	1609.2007478146322	0.0	0	1.1162297134869732	1809.2007478149026	1	0	1	1.023052729544446
299200.0	1000.0	1609.2007478146027	0.0	0	150.49465120211244	1809.2007478149026	1	0	1	1.023052729544446
300200.0	1000.0	1609.2007478146638	0.0	0	498.9197402448626	1809.2007478149026	1	0	1	1.023052729544446
1.15	1.42	1.07	1.41	1.88	1.77	1.46	1.65	1.1	1.04	1.18	1.11	1.18	1.47	0.68	0.92	1.41	1.58	1.23	1.38	1.04	1.38	1.92	1.54	1.56	0.43	0.81	0.94	0.75	0.89	0.93	1.11	1.22	0.85	0.78	0.9	1.18	0.93	0.95	1.44	1.67	1.41	1.22	0.97	1.23	0.76	0.72	1.05	1.45	1.05	1.38	0.98	1.0	0.87	0.72	1.02	0.78	0.94	1.26	1.09	1.36	1.17	1.0	1.27	0.67	1.0	1.34	1.39	0.88	0.5	0.79	1.05	1.02	0.93	1.17	1.08	0.67	0.68	1.29	1.83	1.34	1.42	1.04	1.1	1.17	1.4	1.68	2.13	2.18	1.92	0.54	0.82	1.03	0.75	0.67	1.23	1.49	1.98	1.3	1.42	0.83	0.82	1.66	1.03	1.08	1.01	0.98	1.05	1.17	1.15	1.1	0.53	1.54	1.26	1.19	1.4	1.32	1.14	1.08	0.96	1.17	1.0	0.98	1.07	1.02	1.11	1.14	1.27	0.83	0.86	1.18	1.1	0.8	1.02	1.09	1.16	1.33	1.16	1.09	1.08	0.8	1.22	1.25	1.82	1.56	0.8	1.82	1.76	0.89	0.65	1.15	1.42	1.07	1.41	1.88	1.77	1.46	1.65	1.1	1.04	1.18	1.11	1.18	1.47	0.68	0.92	1.41	1.58	1.23	1.38	1.04	1.38	1.92	1.54	1.56	0.43	0.81	0.94	0.75	0.89	0.93	1.11	1.22	0.85	0.78	0.9	1.18	0.93	0.95	1.44	1.67	1.41	1.22	0.97	1.23	0.76	0.72	1.05	1.45	1.05	1.38	0.98	1.0	0.87	0.72	1.02	0.78	0.94	1.26	1.09	1.36	1.17	1.0	1.27	0.67	1.0	1.34	1.39	0.88	0.5	0.79	1.05	1.02	0.93	1.17	1.08	0.67	0.68	1.29	1.83	1.34	1.42	1.04	1.1	1.17	1.4	1.68	2.13	2.18	1.92	0.54	0.82	1.03	0.75	0.67	1.23	1.49	1.98	1.3	1.42	0.83	0.82	1.66	1.03	1.08	1.01	0.98	1.05	1.17	1.15	1.1	0.53	1.54	1.26	1.19	1.4	1.32	1.14	1.08	0.96	1.17	1.0	0.98	1.07	1.02	1.11	1.14	1.27	0.83	0.86	1.18	1.1	0.8	1.02	1.09	1.16	1.33	1.16	1.09	1.08	0.8	1.22	1.25	1.82	1.56	0.8	1.82	1.76	0.89	0.65	1.15
1.0	2.0	3.0	4.0	5.0	6.0	7.0	8.0	9.0	10.0	11.0	12.0	13.0	14.0	15.0	16.0	17.0	18.0	19.0	20.0	21.0	22.0	23.0	24.0	25.0	26.0	27.0	28.0	29.0	30.0	31.0	32.0	33.0	34.0	35.0	36.0	37.0	38.0	39.0	40.0	41.0	42.0	43.0	44.0	45.0	46.0	47.0	48.0	49.0	50.0	51.0	52.0	53.0	54.0	55.0	56.0	57.0	58.0	59.0	60.0	61.0	62.0	63.0	64.0	65.0	66.0	67.0	68.0	69.0	70.0	71.0	72.0	73.0	74.0	75.0	76.0	77.0	78.0	79.0	80.0	81.0	82.0	83.0	84.0	85.0	86.0	87.0	88.0	89.0	90.0	91.0	92.0	93.0	94.0	95.0	96.0	97.0	98.0	99.0	100.0	101.0	102.0	103.0	104.0	105.0	106.0	107.0	108.0	109.0	110.0	111.0	112.0	113.0	114.0	115.0	116.0	117.0	118.0	119.0	120.0	121.0	122.0	123.0	124.0	125.0	126.0	127.0	128.0	129.0	130.0	131.0	132.0	133.0	134.0	135.0	136.0	137.0	138.0	139.0	140.0	141.0	142.0	143.0	144.0	145.0	146.0	147.0	148.0	149.0	149.0	150.0	151.0	152.0	153.0	154.0	155.0	156.0	157.0	158.0	159.0	160.0	161.0	162.0	163.0	164.0	165.0	166.0	167.0	168.0	169.0	170.0	171.0	172.0	173.0	174.0	175.0	176.0	177.0	178.0	179.0	180.0	181.0	182.0	183.0	184.0	185.0	186.0	187.0	188.0	189.0	190.0	191.0	192.0	193.0	194.0	195.0	196.0	197.0	198.0	199.0	200.0	201.0	202.0	203.0	204.0	205.0	206.0	207.0	208.0	209.0	210.0	211.0	212.0	213.0	214.0	215.0	216.0	217.0	218.0	219.0	220.0	221.0	222.0	223.0	224.0	225.0	226.0	227.0	228.0	229.0	230.0	231.0	232.0	233.0	234.0	235.0	236.0	237.0	238.0	239.0	240.0	241.0	242.0	243.0	244.0	245.0	246.0	247.0	248.0	249.0	250.0	251.0	252.0	253.0	254.0	255.0	256.0	257.0	258.0	259.0	260.0	261.0	262.0	263.0	264.0	265.0	266.0	267.0	268.0	269.0	270.0	271.0	272.0	273.0	274.0	275.0	276.0	277.0	278.0	279.0	280.0	281.0	282.0	283.0	284.0	285.0	286.0	287.0	288.0	289.0	290.0	291.0	292.0	293.0	294.0	295.0	296.0	297.0	298.0	298.0	299.0
3464.7274160701763
