4446.065740738459	300.0	2000.0	168.32822868175873	0	0.0	4446.065740738459	1	0	1	-1.4509676857003748
4792.984715756111	1000.0	2618.389127480583	0.0	0	0.0	4411.373843236694	1	0	2	-0.841956797427989
5733.928719511349	2000.0	2583.3507233498203	0.0	0	0.0	4317.2794428611705	1	0	2	0.5696021667195287
7165.33685364818	3000.0	2008.801775799307	0.0	0	0.0	4174.138629447487	1	0	2	1.2759337411890488
8748.016164255425	3000.0	1267.8545341313384	0.0	0	0.0	4015.8706983867633	1	0	2	1.6967020544353835
9935.46916401788	3000.0	961.6562343926365	0.0	0	0.0	3897.125398410518	1	0	2	1.7100839445474052
10676.869214773003	3000.0	1220.2561836375128	0.0	0	0.0	3897.125398410517	1	0	1	1.7128725531529942
11615.126749722915	3000.0	1188.1728951926098	0.0	0	0.0	3803.2996449155244	1	0	2	1.519330682446849
13328.058765971522	3000.0	303.9476773191416	0.0	0	0.0	3632.006443290662	1	0	2	1.7350769555954804
14643.834031312512	3000.0	325.8347520650133	337.6623400868605	0	0.0	3969.668783377525	1	0	1	-0.3203558258648694
15405.613102126676	3000.0	669.8830428034375	105.82736155258976	0	0.0	4075.4961449301154	1	0	1	1.260071309185496
16184.990463092894	3000.0	812.5679457405973	0.0	0	0.0	3997.5584088334945	1	0	2	1.5008677295034665
16885.477326185544	3000.0	1042.0323963386804	0.0	0	0.0	3927.50972252423	1	0	2	1.7081236647668936
17843.115808429913	3000.0	988.6300658698767	0.0	0	0.0	3831.745874299797	1	0	2	1.7170503452312065
18763.285154671754	3000.0	976.4437850038556	0.0	0	0.0	3739.728939675615	1	0	2	1.7263636071427433
19670.645069480757	3000.0	978.3478787139488	0.0	0	0.0	3648.9929481947147	1	0	2	1.7355076391368962
20475.045359858716	3000.0	1173.9475883359914	0.0	0	0.0	3648.992948194711	1	0	1	1.7376857981745748
21108.503667445013	3000.0	1477.1434499910617	0.0	0	0.0	3585.647117436074	1	0	2	1.542336743630283
21810.585183711202	3000.0	1775.061933724872	0.0	0	0.0	3585.6471174360777	1	0	1	1.7440203812504382
22469.93796352546	3000.0	2049.7738759291906	0.0	0	0.0	3519.7118394546487	1	0	2	1.548811716581562
23073.617502034067	2000.0	2385.726383569721	0.0	0	0.0	3459.3438856037865	1	0	2	0.9441391107993494
24022.34924056767	3000.0	2342.1214711827547	0.0	0	0.0	3364.470711750422	1	0	2	1.3582203179224355
24967.03509657737	2000.0	2302.9670295720903	0.0	0	0.0	3270.0021261494585	1	0	2	0.9622465747525393
25625.407030910963	2000.0	2578.757901805134	0.0	0	0.0	3204.1649327160994	1	0	2	1.3749419293206029
26469.56245670891	2000.0	2650.1869334273943	0.0	0	0.0	3119.7493901363086	1	0	2	1.3828888607551242
27407.85098653818	2000.0	2618.0695506151937	0.0	0	0.0	3025.920537153379	1	0	2	1.3922593774732164
28200.0	1000.0	2746.705635807191	0.0	0	399.047273186814	2946.7056358072005	1	0	2	0.012663624479298086
29200.0	1000.0	2646.705635807189	0.0	0	592.157911691138	2846.7056358072005	1	0	2	0.7153446339336624
30200.0	1000.0	2546.7056358071886	0.0	0	364.1886237302242	2746.705635807204	1	0	2	0.7254983145130269
31200.0	1000.0	2446.705635807188	0.0	0	489.3951725549996	2646.705635807204	1	0	2	0.7353858906501485
32392.902166666412	1000.0	2134.513252474141	0.0	0	0.0	2527.4154191405687	1	0	2	0.7488584762669332
33200.0	1000.0	2327.415419140552	0.0	0	364.39508790799664	2527.4154191405687	1	0	1	0.7512312624118791
34408.65337457852	2000.0	1997.8967071041814	0.0	0	0.0	2406.550081682719	1	0	2	0.5600812985280619
36023.037183644105	2000.0	1383.5128980385975	0.0	0	0.0	2406.550081682719	1	0	1	1.456464976717609
36805.05235269876	2000.0	1601.4977289839412	0.0	0	0.0	2406.550081682719	1	0	1	1.6564649767176092
37744.755225158515	2000.0	1661.7948565241884	0.0	0	0.0	2406.550081682726	1	0	1	1.6564649767176087
38780.04366092421	3000.0	1626.506420758499	0.0	0	0.0	2406.550081682726	1	0	1	1.656464976717609
39875.72352931644	3000.0	1530.8265523662735	0.0	0	0.0	2406.550081682726	1	0	1	2.0619300848257733
41411.163869717275	3000.0	995.3862119654406	0.0	0	0.0	2406.550081682726	1	0	1	2.0619300848257733
42708.71601498904	3000.0	697.8340666936726	0.0	0	0.0	2406.550081682726	1	0	1	2.0619300848257733
43758.82584907271	2000.0	647.7242326100093	0.0	0	0.0	2406.550081682726	1	0	1	1.2509998686094441
44517.37359045497	2000.0	889.1764912277501	0.0	0	0.0	2406.550081682726	1	0	1	1.6564649767176087
45062.46257849098	2000.0	1344.0875031917353	0.0	0	0.0	2406.550081682726	1	0	1	1.6564649767176087
45617.301220089386	2000.0	1733.7649974334909	0.0	0	0.0	2351.066217522879	1	0	2	1.2606019071790704
46398.18345610475	2000.0	1952.8827614181205	0.0	0	0.0	2351.066217522879	1	0	1	1.4620133631335932
47200.0	2000.0	2151.066217522875	0.0	0	135.58426740774303	2351.0662175228717	1	0	1	1.6620133631335943
48213.83974629898	2000.0	2137.2264712238994	0.0	0	0.0	2351.0662175228717	1	0	1	1.6620133631335943
49722.31227473773	2000.0	1477.9066899412915	0.0	0	0.0	2200.218964679021	1	0	2	1.2734316424659107
50596.97933349849	2000.0	1603.2396311805205	0.0	0	0.0	2200.218964679021	1	0	1	1.477098088417979
51711.27366458011	2000.0	1488.9453000988913	0.0	0	0.0	2200.218964679021	1	0	1	1.6770980884179791
52739.858239404224	2000.0	1460.360725274776	0.0	0	0.0	2200.218964679021	1	0	1	1.6770980884179791
53892.33393586266	2000.0	1307.88502881633	0.0	0	0.0	2200.218964679021	1	0	1	1.6770980884179791
54954.17767770175	2000.0	1246.0412869772376	0.0	0	0.0	2200.218964679021	1	0	1	1.6770980884179791
56532.44824716941	2000.0	667.7707175095852	0.0	0	0.0	2200.218964679021	1	0	1	1.6770980884179791
57434.05857242189	2000.0	766.1603922570987	0.0	0	0.0	2200.218964679021	1	0	1	1.6770980884179791
58426.923425010864	2000.0	674.0090544092283	0.0	0	0.0	2100.9324794201166	1	0	2	1.2843093925808433
59340.67137849436	2000.0	760.2611009257279	0.0	0	0.0	2100.9324794201166	1	0	1	1.4870267369438694
60396.78715258397	2000.0	704.1453268361104	0.0	0	0.0	2100.932479420124	1	0	1	1.687026736943869
61665.25865620316	2000.0	435.67382321692673	0.0	0	0.0	2100.932479420131	1	0	1	1.6870267369438683
62712.70783508403	2000.0	503.30806313248553	199.8439424404677	0	0.0	2216.015898216516	1	0	2	0.07417269508676577
63633.31365771561	2000.0	582.7022405009096	0.0	0	0.0	2216.0158982165085	1	0	1	1.4755183950642303
64288.92705342919	2000.0	927.0888447873275	0.0	0	0.0	2216.0158982165085	1	0	1	1.6755183950642305
65275.354539388194	3000.0	940.661358828338	0.0	0	0.0	2216.0158982165085	1	0	1	1.6755183950642307
66017.23901390843	3000.0	1198.7768843080937	0.0	0	0.0	2216.015898216494	1	0	1	2.080983503172396
66475.82239186444	3000.0	1740.19350635209	0.0	0	0.0	2216.0158982165012	1	0	1	2.0809835031723964
67200.0	3000.0	2016.015898216513	0.0	0	156.30195087553875	2216.015898216494	1	0	1	2.080983503172396
68200.0	3000.0	2016.015898216503	0.0	0	383.8414722617017	2216.0158982164867	1	0	1	2.0809835031723973
69681.5065728427	3000.0	1534.509325373801	0.0	0	0.0	2216.0158982165012	1	0	1	2.080983503172396
71371.44926675665	3000.0	844.5666314598395	0.0	0	0.0	2216.0158982165012	1	0	1	2.080983503172396
72419.07004475841	2000.0	796.9458534580882	0.0	0	0.0	2216.015898216516	1	0	1	1.270053286956065
73120.7576004203	2000.0	1095.258297796193	0.0	0	0.0	2216.0158982165012	1	0	1	1.675518395064231
73928.80745740878	3000.0	1287.2084408077083	0.0	0	0.0	2216.0158982164867	1	0	1	1.675518395064233
75120.66845453848	3000.0	1095.3474436780125	0.0	0	0.0	2216.0158982164867	1	0	1	2.0809835031723973
75886.50509219544	3000.0	1329.510806021066	0.0	0	0.0	2216.0158982164867	1	0	1	2.0809835031723973
76622.52014159897	3000.0	1593.495756617531	0.0	0	0.0	2216.0158982164867	1	0	1	2.0809835031723973
77385.65573368286	3000.0	1830.3601645336428	0.0	0	0.0	2216.0158982164867	1	0	1	2.0809835031723973
78385.47270601477	3000.0	1830.5431922017299	0.0	0	0.0	2216.0158982164867	1	0	1	2.0809835031723973
79200.0	3000.0	2016.0158982165112	0.0	0	179.05691364759696	2216.0158982164867	1	0	1	2.0809835031723973
80200.0	3000.0	2016.0158982165135	0.0	0	256.2453700191836	2216.0158982164867	1	0	1	2.0809835031723973
81349.34040492831	3000.0	1751.7414527953674	0.0	0	0.0	2101.081857723664	1	0	2	1.68911721800087
82286.00396382797	2000.0	1815.0778938957042	0.0	0	0.0	2101.081857723664	1	0	1	1.08154669100535
83200.0	2000.0	1901.0818577236873	0.0	0	125.64969511152594	2101.081857723664	1	0	1	1.6870117991135147
84433.99038412394	3000.0	1543.692435187347	0.0	0	0.0	1977.6828193112597	1	0	2	1.295774743127948
85686.10881305866	3000.0	1291.5740062526208	0.0	0	0.0	1977.6828193112597	1	0	1	1.9048168110629198
87096.62061340308	3000.0	740.0110258737636	0.0	0	0.0	1836.631639276835	1	0	2	1.7152787057484726
87938.92176014645	3000.0	897.7098791303821	0.0	0	0.0	1836.631639276835	1	0	1	1.9189219290663622
88558.08247966075	2000.0	1278.5491596160734	0.0	0	0.0	1836.6316392768204	1	0	1	1.3079917128500347
89200.0	2000.0	1636.6316392768235	0.0	0	162.05261787964264	1836.6316392768204	1	0	1	1.7134568209581993
90494.66425208417	2000.0	1341.9673871926484	0.0	0	0.0	1836.6316392768204	1	0	1	1.7134568209581993
91702.21647631872	2000.0	1134.4151629581024	0.0	0	0.0	1836.6316392768204	1	0	1	1.7134568209581993
92691.58074955881	2000.0	1145.050889718028	0.0	0	0.0	1836.6316392768204	1	0	1	1.7134568209581993
93853.44169213729	3000.0	983.1899471395651	0.0	0	0.0	1836.6316392768204	1	0	1	1.7134568209581995
94507.80178719462	3000.0	1328.8298520822382	0.0	0	0.0	1836.631639276835	1	0	1	2.1189219290663623
95200.0	3000.0	1636.6316392768458	0.0	0	84.86149340622069	1836.631639276835	1	0	1	2.1189219290663623
96200.0	3000.0	1636.6316392768406	0.0	0	144.66311006633623	1836.631639276835	1	0	1	2.1189219290663623
97200.0	3000.0	1636.6316392768424	0.0	0	574.0084709141229	1836.631639276835	1	0	1	2.1189219290663623
98200.0	2000.0	1636.6316392768388	0.0	0	520.7800444290624	1836.631639276835	1	0	1	1.3079917128500334
99200.0	2000.0	1636.631639276848	0.0	0	48.85481089891982	1836.6316392768204	1	0	1	1.7134568209581993
100200.0	1000.0	1636.6316392768415	0.0	0	405.7809266509721	1836.6316392768204	1	0	1	0.32716245983830905
101200.0	1000.0	1636.631639276835	0.0	0	233.00062406546203	1836.6316392768204	1	0	1	1.0203096403982541
102200.0	1000.0	1636.6316392768333	0.0	0	183.6731424198515	1836.6316392768204	1	0	1	1.0203096403982541
103200.0	1000.0	1636.6316392768388	0.0	0	112.44509105036559	1836.6316392768204	1	0	1	1.0203096403982541
104886.81568789267	1000.0	949.8159513841656	0.0	0	0.0	1836.6316392768204	1	0	1	1.0203096403982541
106210.35219425336	1000.0	626.2794450234728	0.0	0	0.0	1836.6316392768204	1	0	1	1.0203096403982541
106926.53155295752	1000.0	910.1000863193201	0.0	0	0.0	1836.6316392768204	1	0	1	1.0203096403982541
107663.89135647596	1000.0	1172.7402828008858	0.0	0	0.0	1836.6316392768204	1	0	1	1.0203096403982541
108200.0	1000.0	1636.631639276841	0.0	0	50.467420855668024	1836.631639276835	1	0	1	1.0203096403982528
109200.0	1000.0	1636.631639276837	0.0	0	502.96626741423097	1836.631639276835	1	0	1	1.0203096403982528
110200.0	1000.0	1636.6316392768524	0.0	0	508.5041556468059	1836.631639276835	1	0	1	1.0203096403982528
111200.0	1000.0	1636.6316392768463	0.0	0	222.55438969493844	1836.631639276835	1	0	1	1.0203096403982528
112200.0	1000.0	1636.6316392768515	0.0	0	317.9021586344461	1836.631639276835	1	0	1	1.0203096403982528
113200.0	1000.0	1636.6316392768508	0.0	0	455.29562374477973	1836.631639276835	1	0	1	1.0203096403982528
114200.0	1000.0	1636.6316392768306	0.0	0	695.5352629771223	1836.631639276835	1	0	1	1.0203096403982528
115200.0	1000.0	1636.6316392768306	0.0	0	635.6085950726847	1836.6316392768204	1	0	1	1.0203096403982541
116200.0	1000.0	1636.6316392768524	0.0	0	517.511040684316	1836.6316392768204	1	0	1	1.0203096403982541
117200.0	1000.0	1636.6316392768638	0.0	0	76.70305023214314	1836.6316392768204	1	0	1	1.0203096403982541
118200.0	1000.0	1636.631639276865	0.0	0	338.7369964004756	1836.6316392768204	1	0	1	1.0203096403982541
119750.66435769614	2000.0	1085.9672815807248	0.0	0	0.0	1836.6316392768204	1	0	1	1.0203096403982541
120559.48215486073	2000.0	1277.1494844161361	0.0	0	0.0	1836.631639276835	1	0	1	1.713456820958198
121200.0	1000.0	1636.6316392768667	0.0	0	236.74655108331353	1836.6316392768204	1	0	1	0.32716245983830905
122200.0	1000.0	1636.631639276855	0.0	0	685.9405803143745	1836.6316392768058	1	0	1	1.0203096403982557
123200.0	2000.0	1636.63163927687	0.0	0	130.06656193872914	1836.6316392768204	1	0	1	1.0203096403982541
124407.4097057173	2000.0	1429.221933559573	0.0	0	0.0	1836.6316392768204	1	0	1	1.7134568209581993
125300.09230033837	2000.0	1536.5393389385115	0.0	0	0.0	1836.631639276835	1	0	1	1.713456820958198
126269.73510439238	2000.0	1566.8965348845056	0.0	0	0.0	1836.631639276835	1	0	1	1.713456820958198
127761.30106208441	3000.0	1075.3305771924736	0.0	0	0.0	1836.631639276835	1	0	1	1.7134568209581977
129322.55806445926	3000.0	514.0735748176278	0.0	0	0.0	1836.631639276835	1	0	1	2.1189219290663623
130119.34228909801	3000.0	717.2893501788592	0.0	0	0.0	1836.631639276835	1	0	1	2.1189219290663623
130958.3582238632	3000.0	878.2734154136715	0.0	0	0.0	1836.631639276835	1	0	1	2.1189219290663623
131642.04030517975	3000.0	1194.5913340971456	0.0	0	0.0	1836.631639276864	1	0	1	2.11892192906636
132528.2903893879	3000.0	1308.3412498889888	0.0	0	0.0	1836.6316392768495	1	0	1	2.1189219290663615
133422.730402013	3000.0	1413.9012372638974	0.0	0	0.0	1836.631639276835	1	0	1	2.1189219290663623
134262.07345863245	3000.0	1574.5581806444588	0.0	0	0.0	1836.631639276864	1	0	1	2.1189219290663597
135270.51024012922	3000.0	1566.1213991476827	0.0	0	0.0	1836.631639276864	1	0	1	2.1189219290663597
136296.66720937553	3000.0	1539.9644299014014	0.0	0	0.0	1836.631639276835	1	0	1	2.1189219290663623
137200.0	3000.0	1636.6316392769443	0.0	0	43.84801641624654	1836.631639276864	1	0	1	2.1189219290663597
138312.32110927207	2000.0	1524.310530004886	0.0	0	0.0	1836.631639276864	1	0	1	1.3079917128500302
139572.28022669573	2000.0	1264.3514125812571	0.0	0	0.0	1836.631639276864	1	0	1	1.7134568209581948
140676.2775437105	2000.0	1160.3540955664878	0.0	0	0.0	1836.631639276864	1	0	1	1.7134568209581948
141546.70244311012	2000.0	1289.9291961668782	0.0	0	0.0	1836.631639276864	1	0	1	1.7134568209581948
142330.4504433224	2000.0	1506.1811959545855	0.0	0	0.0	1836.631639276864	1	0	1	1.7134568209581948
143200.0	1000.0	1636.6316392769727	0.0	0	348.4451044558955	1836.631639276864	1	0	1	0.3271624598383046
144200.0	1000.0	1536.6316392769666	0.0	0	454.64585651119705	1736.631639276835	1	0	2	0.6264352260927115
145200.0	1000.0	1536.6316392769606	0.0	0	492.06586630869424	1736.631639276835	1	0	1	0.8303096403982525
146407.96121804832	2000.0	1328.6704212286327	0.0	0	0.0	1736.631639276864	1	0	1	1.0303096403982497
147272.2612133498	2000.0	1464.3704259271758	0.0	0	0.0	1736.631639276864	1	0	1	1.7234568209581949
148200.0	2000.0	1536.6316392769645	0.0	0	5.795886597537901	1736.631639276835	1	0	1	1.723456820958198
149376.11917879788	3000.0	1360.51246047908	0.0	0	0.0	1736.631639276835	1	0	1	1.723456820958198
150662.5516682821	3000.0	1074.0799709948233	0.0	0	0.0	1736.6316392768058	1	0	1	2.1289219290663657
151740.95440954054	3000.0	995.6772297363882	0.0	0	0.0	1736.6316392768058	1	0	1	2.1289219290663657
153135.65594059462	3000.0	600.9756986822841	0.0	0	0.0	1736.6316392767767	1	0	1	2.128921929066369
153929.62045903047	2000.0	807.0111802464181	0.0	0	0.0	1736.6316392767767	1	0	1	1.317991712850039
154669.540122582	2000.0	1067.0915166949171	0.0	0	0.0	1736.6316392768058	1	0	1	1.7234568209582006
155381.19708343718	2000.0	1355.4345558397144	0.0	0	0.0	1736.6316392768058	1	0	1	1.7234568209582006
156578.500032117	2000.0	1158.1316071598908	0.0	0	0.0	1736.6316392768058	1	0	1	1.7234568209582006
157612.2805614375	3000.0	1124.3510778393984	0.0	0	0.0	1736.6316392768058	1	0	1	1.7234568209582009
158302.82141276798	2000.0	1433.8102265089187	0.0	0	0.0	1736.6316392768058	1	0	1	1.317991712850036
159200.0	2000.0	1536.6316392769031	0.0	0	168.6121626427339	1736.6316392768058	1	0	1	1.7234568209582006
160200.0	2000.0	1536.6316392769102	0.0	0	254.97912307904335	1736.631639276835	1	0	1	1.723456820958198
161755.6191305595	3000.0	981.0125087174076	0.0	0	0.0	1736.6316392768058	1	0	1	1.7234568209582009
163161.5387150039	3000.0	575.0929242730185	0.0	0	0.0	1736.6316392768058	1	0	1	2.1289219290663657
164247.80752225305	3000.0	488.8241170239117	0.0	0	0.0	1736.631639276835	1	0	1	2.1289219290663626
165163.41771739104	3000.0	573.213921885919	0.0	0	0.0	1736.631639276835	1	0	1	2.1289219290663626
165929.08612414883	3000.0	807.5455151281437	0.0	0	0.0	1736.6316392768058	1	0	1	2.1289219290663657
166700.90237074276	3000.0	1035.7292685342009	0.0	0	0.0	1736.6316392767767	1	0	1	2.128921929066369
167547.16584235482	3000.0	1189.4657969221194	0.0	0	0.0	1736.6316392767767	1	0	1	2.128921929066369
168316.8077345888	3000.0	1419.8239046881297	0.0	0	0.0	1736.6316392767476	1	0	1	2.1289219290663697
169200.0	3000.0	1536.6316392769475	0.0	0	132.98868095103535	1736.6316392767476	1	0	1	2.1289219290663715
170200.0	3000.0	1536.6316392769727	0.0	0	76.07203464806662	1736.6316392767476	1	0	1	2.1289219290663715
171200.0	3000.0	1536.631639276939	0.0	0	484.84553010831587	1736.6316392767185	1	0	1	2.128921929066374
172200.0	2000.0	1536.6316392769636	0.0	0	586.4932894232334	1736.6316392767185	1	0	1	1.317991712850045
173200.0	2000.0	1536.6316392769745	0.0	0	101.00094500364503	1736.6316392767185	1	0	1	1.7234568209582095
174200.0	2000.0	1536.6316392769836	0.0	0	312.29988386214245	1736.6316392767185	1	0	1	1.7234568209582095
175369.52072120708	2000.0	1367.1109180699036	0.0	0	0.0	1736.6316392767185	1	0	1	1.7234568209582095
176253.5163444222	2000.0	1483.1152948547867	0.0	0	0.0	1736.6316392767185	1	0	1	1.7234568209582095
177445.2239648556	2000.0	1291.4076744213812	0.0	0	0.0	1736.6316392767476	1	0	1	1.7234568209582066
178200.0	1000.0	1536.6316392770163	0.0	0	128.92879501410061	1736.6316392767476	1	0	1	0.3371624598383163
179200.0	1000.0	1536.6316392770027	0.0	0	349.5430275448307	1736.6316392767476	1	0	1	1.0303096403982615
180200.0	1000.0	1536.6316392769806	0.0	0	107.10245253582252	1736.6316392767185	1	0	1	1.0303096403982643
181467.88515057846	1000.0	1268.746488698538	0.0	0	0.0	1736.6316392767185	1	0	1	1.0303096403982643
182235.4239505822	1000.0	1501.2076886947773	0.0	0	0.0	1736.6316392767185	1	0	1	1.0303096403982643
183200.0	1000.0	1536.6316392769577	0.0	0	459.75359039459727	1736.6316392766894	1	0	1	1.0303096403982672
184406.37395126186	2000.0	1330.257688015055	0.0	0	0.0	1736.6316392766894	1	0	1	1.0303096403982672
185656.92673004008	2000.0	1079.704909236826	0.0	0	0.0	1736.6316392767185	1	0	1	1.7234568209582095
186377.47367846873	2000.0	1359.1579608081715	0.0	0	0.0	1736.6316392766894	1	0	1	1.7234568209582124
187200.0	2000.0	1536.6316392769088	0.0	0	88.6342830627691	1736.6316392767185	1	0	1	1.7234568209582095
188200.0	2000.0	1536.631639276913	0.0	0	280.5049821854918	1736.6316392767476	1	0	1	1.7234568209582066
189200.0	2000.0	1536.6316392769231	0.0	0	319.28023200144526	1736.6316392767476	1	0	1	1.7234568209582066
190200.0	2000.0	1536.631639276911	0.0	0	44.826549081510166	1736.6316392767476	1	0	1	1.7234568209582066
191460.89336532497	2000.0	1275.7382739519614	0.0	0	0.0	1736.6316392767185	1	0	1	1.7234568209582095
192304.54363655284	2000.0	1432.0880027241083	0.0	0	0.0	1736.6316392767185	1	0	1	1.7234568209582095
193200.0	2000.0	1536.631639276964	0.0	0	214.9463035405206	1736.6316392767185	1	0	1	1.7234568209582095
194200.0	2000.0	1536.631639276953	0.0	0	95.86114485876169	1736.6316392767185	1	0	1	1.7234568209582095
195200.0	2000.0	1536.631639276956	0.0	0	535.12576341987	1736.6316392767476	1	0	1	1.7234568209582066
196200.0	2000.0	1536.6316392769681	0.0	0	212.27030039357487	1736.6316392767185	1	0	1	1.7234568209582095
197200.0	2000.0	1536.631639276972	0.0	0	269.0120223602571	1736.6316392767185	1	0	1	1.7234568209582095
198435.5255900454	2000.0	1301.1060492315416	0.0	0	0.0	1736.6316392766894	1	0	1	1.7234568209582113
199663.97314750156	2000.0	1072.6584917753758	0.0	0	0.0	1736.6316392766894	1	0	1	1.7234568209582124
200915.10870867802	2000.0	821.5229305989451	0.0	0	0.0	1736.6316392766603	1	0	1	1.7234568209582153
201708.4330298097	2000.0	1028.1986094672154	0.0	0	0.0	1736.6316392766603	1	0	1	1.7234568209582153
202519.7259332208	2000.0	1216.9057060561627	0.0	0	0.0	1736.6316392767185	1	0	1	1.72345682095821
203615.99847855844	2000.0	1120.6331607185127	0.0	0	0.0	1736.6316392767185	1	0	1	1.7234568209582095
204200.0	1000.0	1536.6316392769074	0.0	0	14.660725538880797	1736.6316392766603	1	0	1	0.3371624598383227
205200.0	1000.0	1536.631639276917	0.0	0	193.0913339657418	1736.6316392766603	1	0	1	1.03030964039827
206200.0	2000.0	1536.6316392769174	0.0	0	31.819527226005448	1736.6316392766603	1	0	1	1.0303096403982699
207379.00094208232	2000.0	1357.630697194585	0.0	0	0.0	1736.631639276602	1	0	1	1.7234568209582195
208426.25279819264	3000.0	1310.3788410842712	0.0	0	0.0	1736.631639276602	1	0	1	1.723456820958221
209260.42893654152	2000.0	1476.2027027353704	0.0	0	0.0	1736.631639276602	1	0	1	1.3179917128500565
210973.64981738265	3000.0	762.9818218942238	0.0	0	0.0	1736.631639276602	1	0	1	1.723456820958221
211999.969866091	3000.0	736.6617731858529	0.0	0	0.0	1736.631639276602	1	0	1	2.1289219290663857
213241.83889138946	3000.0	494.79274788739264	0.0	0	0.0	1736.631639276602	1	0	1	2.1289219290663857
214234.3420402104	3000.0	508.6583241911564	6.3687251247333165	0	0.0	1743.0003644013195	1	0	1	2.090072705805514
215056.0976241693	3000.0	686.9027402322836	0.0	0	0.0	1743.0003644013195	1	0	1	2.128285056553914
215640.99644566313	3000.0	1102.0039187385055	0.0	0	0.0	1743.0003644013195	1	0	1	2.128285056553914
216334.7684340221	3000.0	1408.2319303795161	0.0	0	0.0	1743.0003644012904	1	0	1	2.1282850565539158
217200.0	3000.0	1543.0003644015867	0.0	0	374.9445638889738	1743.0003644013195	1	0	1	2.128285056553914
218605.185995671	3000.0	1137.8143687305505	0.0	0	0.0	1743.0003644012904	1	0	1	2.128285056553917
219507.0912506002	2000.0	1235.9091138013212	0.0	0	0.0	1743.0003644012904	1	0	1	1.3173548403375879
221142.9102805516	3000.0	600.0900838499692	0.0	0	0.0	1743.0003644012904	1	0	1	1.7228199484457525
221833.78158811966	2000.0	909.2187762819233	0.0	0	0.0	1743.0003644013195	1	0	1	1.3173548403375848
222587.00434240827	2000.0	1155.9960219933314	0.0	0	0.0	1743.0003644013486	1	0	1	1.7228199484457465
223386.45228410614	3000.0	1356.5480802954594	0.0	0	0.0	1743.0003644013486	1	0	1	1.7228199484457467
224200.0	3000.0	1543.000364401622	0.0	0	136.68625523132505	1743.0003644013777	1	0	1	2.128285056553908
225200.0	3000.0	1543.0003644016103	0.0	0	234.0144893346005	1743.0003644013486	1	0	1	2.1282850565539113
226200.0	3000.0	1543.0003644016151	0.0	0	308.5173621799622	1743.0003644013486	1	0	1	2.1282850565539113
227200.0	3000.0	1543.0003644016022	0.0	0	174.45422142429743	1743.0003644013486	1	0	1	2.1282850565539113
228200.0	3000.0	1543.0003644016078	0.0	0	237.16492656702758	1743.0003644013486	1	0	1	2.1282850565539113
229200.0	3000.0	1543.0003644016203	0.0	0	305.73342721682275	1743.0003644013486	1	0	1	2.1282850565539113
230200.0	2000.0	1543.0003644016251	0.0	0	353.433108894591	1743.0003644013486	1	0	1	1.3173548403375819
231414.1504918295	2000.0	1328.8498725721188	0.0	0	0.0	1743.0003644013486	1	0	1	1.7228199484457465
232765.5216357438	3000.0	977.4787286578625	0.0	0	0.0	1743.0003644013486	1	0	1	1.7228199484457467
233360.96506751791	2000.0	1382.0352968837371	0.0	0	0.0	1743.0003644013777	1	0	1	1.317354840337579
234341.87162765334	2000.0	1401.1287367483187	0.0	0	0.0	1743.0003644013777	1	0	1	1.7228199484457436
235200.0	1000.0	1543.00036440166	0.0	0	453.73018061197945	1743.0003644013777	1	0	1	0.3365255873258532
236200.0	2000.0	1543.0003644016656	0.0	0	435.98431771897594	1743.0003644013486	1	0	1	1.0296727678858013
237200.0	3000.0	1543.000364401632	0.0	0	134.88537655185792	1743.0003644013486	1	0	1	1.7228199484457467
238200.0	2000.0	1443.0003644016401	0.0	0	317.40448892474524	1643.0003644013777	1	0	2	0.9236312369077231
239337.2857398449	2000.0	1305.714624556724	0.0	0	0.0	1643.0003644013486	1	0	1	1.5328199484457445
240904.7135151962	2000.0	738.2868492054056	0.0	0	0.0	1643.0003644013486	1	0	1	1.7328199484457465
241835.66861909867	2000.0	807.3317453029032	0.0	0	0.0	1643.0003644013195	1	0	1	1.7328199484457494
242719.50618392846	2000.0	923.4941804730906	0.0	0	0.0	1643.0003644012904	1	0	1	1.7328199484457523
243573.76528282976	3000.0	1069.2350815717764	0.0	0	0.0	1643.0003644012613	1	0	1	1.7328199484457554
244289.26897946032	3000.0	1353.7313849412171	0.0	0	0.0	1643.0003644012613	1	0	1	2.13828505655392
245200.0	3000.0	1443.000364401557	0.0	0	86.81581131895655	1643.0003644012613	1	0	1	2.13828505655392
246200.0	3000.0	1443.000364401544	0.0	0	525.9647426928859	1643.0003644012613	1	0	1	2.13828505655392
247200.0	2000.0	1443.0003644015396	0.0	0	279.51227129634935	1643.0003644012613	1	0	1	1.3273548403375905
248200.0	1000.0	1443.0003644015326	0.0	0	387.2329423603951	1643.0003644012613	1	0	1	0.34652558732586486
249200.0	1000.0	1443.0003644015626	0.0	0	483.05383112543495	1643.0003644012613	1	0	1	1.03967276788581
250200.0	1000.0	1443.0003644015494	0.0	0	122.45217293972382	1643.0003644012613	1	0	1	1.03967276788581
251200.0	500.0	1443.0003644015628	0.0	0	577.7155070333101	1643.0003644012613	1	0	1	-0.34662159323408065
252200.0	500.0	1443.0003644015494	0.0	0	208.48480087457574	1643.0003644012613	1	0	1	0.34652558732586464
254067.45155697662	1000.0	575.5488074249361	0.0	0	0.0	1643.0003644012322	1	0	1	0.3465255873258669
254694.76795046765	500.0	948.2324139339244	0.0	0	0.0	1643.0003644012322	1	0	1	-0.3466215932340777
255661.69687977282	1000.0	981.3034846287219	0.0	0	0.0	1643.0003644012322	1	0	1	0.3465255873258676
256200.0	1000.0	1443.000364401569	0.0	0	24.816848190297605	1643.0003644012613	1	0	1	1.0396727678858124
257200.0	1000.0	1443.0003644016003	0.0	0	601.6487792765838	1643.0003644012613	1	0	1	1.03967276788581
258200.0	1000.0	1443.0003644016117	0.0	0	676.1204909083026	1643.0003644012613	1	0	1	1.03967276788581
259200.0	1000.0	1443.0003644016306	0.0	0	301.74522874181275	1643.0003644012613	1	0	1	1.03967276788581
260200.0	1000.0	1443.0003644016017	0.0	0	276.0699867361691	1643.0003644012613	1	0	1	1.03967276788581
261200.0	1000.0	1443.0003644016003	0.0	0	395.8683319250995	1643.0003644012904	1	0	1	1.039672767885807
262200.0	1000.0	1443.000364401621	0.0	0	477.9547934495786	1643.0003644013195	1	0	1	1.0396727678858042
263200.0	1000.0	1443.0003644016358	0.0	0	600.1579265828477	1643.0003644013195	1	0	1	1.0396727678858013
264200.0	1000.0	1443.0003644017027	0.0	0	655.0397745810915	1643.0003644013777	1	0	1	1.0396727678857995
265200.0	1000.0	1443.0003644017456	0.0	0	434.9574886037153	1643.0003644013777	1	0	1	1.0396727678857984
266200.0	1000.0	1443.000364401742	0.0	0	153.51587890199153	1643.0003644013777	1	0	1	1.0396727678857984
267200.0	1000.0	1443.0003644017568	0.0	0	485.40362788154744	1643.0003644013195	1	0	1	1.0396727678858042
268537.7205980363	2000.0	1105.2797663654324	0.0	0	0.0	1643.0003644013195	1	0	1	1.0396727678858042
269478.72521731874	2000.0	1164.2751470829792	0.0	0	0.0	1643.0003644013195	1	0	1	1.7328199484457494
270443.12768118875	3000.0	1199.8726832129555	0.0	0	0.0	1643.0003644013195	1	0	1	1.7328199484457496
271664.4993648852	3000.0	978.5009995164993	0.0	0	0.0	1643.0003644013777	1	0	1	2.1382850565539084
273134.96624288784	3000.0	508.0341215139666	0.0	0	0.0	1643.000364401436	1	0	1	2.1382850565539027
274076.15223998704	2000.0	566.8481244148184	0.0	0	0.0	1643.000364401436	1	0	1	1.327354840337573
275453.65733610006	2000.0	326.95389162417985	137.61086332236312	0	0.0	1780.611227723828	1	0	1	0.8933936821793234
276392.1241608358	2000.0	502.5740128945149	114.08694600610471	0	0.0	1894.6981737299939	1	0	1	1.023128491476257
277239.1343331871	2000.0	655.5638405432614	0.0	0	0.0	1894.6981737299939	1	0	1	1.707650167512882
278457.60090935696	3000.0	437.0972643733227	0.0	0	0.0	1894.698173730052	1	0	1	1.7076501675128761
279376.5149483916	3000.0	579.820996867649	61.63777152896182	0	0.0	1956.335945259023	1	0	1	1.7371248692943728
280204.8450767039	3000.0	834.3238813866022	0.0	0	0.0	2039.168958090304	1	0	0	1.9008492593835475
280762.21021878073	2000.0	1276.9587393096951	0.0	0	0.0	2039.168958090304	1	0	1	1.0877379809686865
281717.7104532387	3000.0	1321.4585048517224	0.0	0	0.0	2039.1689580903621	1	0	1	1.6932030890768452
282450.53023485944	3000.0	1588.6387232309305	0.0	0	0.0	2039.1689580903621	1	0	1	2.09866819718501
283200.0	3000.0	1839.1689580903612	0.0	0	93.24841605243273	2039.1689580903621	1	0	1	2.09866819718501
284239.9386306757	3000.0	1799.2303274146923	0.0	0	0.0	2039.1689580904203	1	0	1	2.0986681971850043
285214.1850142906	3000.0	1824.9839437997891	0.0	0	0.0	2039.1689580903621	1	0	1	2.098668197185005
286200.0	2000.0	1839.168958090473	0.0	0	296.2177240191377	2039.1689580903621	1	0	1	1.2877379809686804
287200.0	1000.0	1839.1689580903985	0.0	0	428.3769969471614	2039.1689580903621	1	0	1	0.30690872795695484
288200.0	1000.0	1739.1689580903908	0.0	0	232.25569893204374	1939.1689580903621	1	0	2	0.6066338032816029
289200.0	1000.0	1739.1689580903671	0.0	0	307.3532898608828	1939.1689580904203	1	0	1	0.810055908516894
290200.0	2000.0	1739.1689580903712	0.0	0	185.69498594815377	1939.1689580904203	1	0	1	1.010055908516894
291200.0	2000.0	1739.168958090285	0.0	0	360.9217270644149	1939.1689580904203	1	0	1	1.7032030890768393
292200.0	2000.0	1739.168958090281	0.0	0	144.95945435395697	1939.1689580904203	1	0	1	1.7032030890768393
293393.4933028154	2000.0	1545.6756552748184	0.0	0	0.0	1939.1689580904203	1	0	1	1.7032030890768393
294354.9578354087	2000.0	1584.2111226815582	0.0	0	0.0	1939.1689580904203	1	0	1	1.7032030890768393
295338.9941403623	2000.0	1600.174817727956	0.0	0	0.0	1939.1689580904203	1	0	1	1.7032030890768393
296580.20774108387	3000.0	1358.961217006386	0.0	0	0.0	1939.1689580903621	1	0	1	1.7032030890768453
297759.46732982923	3000.0	1179.7016282610707	0.0	0	0.0	1939.1689580904203	1	0	1	2.108668197185005
298992.5820048348	3000.0	946.5869532555341	0.0	0	0.0	1939.1689580904786	1	0	1	2.1086681971849983
299743.8678734907	3000.0	1195.3010845996669	0.0	0	0.0	1939.1689580904786	1	0	1	2.1086681971849983
300553.87088284164	3000.0	1385.2980752487322	0.0	0	0.0	1939.1689580904786	1	0	1	2.1086681971849983
2.98	2.57	2.07	2.5	2.24	2.83	3.24	2.31	2.22	2.95	3.28	4.24	3.83	4.24	4.58	4.73	4.43	5.11	4.29	2.73	2.78	2.25	2.06	2.2	2.24	1.59	1.56	0.87	1.75	1.64	1.41	1.62	2.06	2.71	3.13	3.15	1.76	1.98	2.32	2.37	2.84	3.43	2.72	2.54	1.48	2.0	1.91	2.34	2.57	2.39	2.06	1.38	1.8	2.24	2.12	2.8	1.98	2.07	2.7	3.26	3.89	4.51	5.19	6.32	2.18	2.51	2.27	2.12	2.27	2.92	3.45	4.07	3.73	4.15	4.6	3.6	2.91	1.68	3.33	2.66	2.39	2.5	2.85	3.46	3.58	1.92	1.41	1.92	2.59	3.21	3.81	4.48	6.56	4.0	1.78	2.04	1.48	1.51	0.86	0.74	0.71	1.03	1.51	2.05	2.92	1.92	1.37	1.88	2.39	2.85	2.59	1.71	1.42	1.84	1.37	1.8	2.39	2.97	3.08	1.63	2.15	1.84	2.33	2.27	2.42	3.06	3.7	4.24	3.89	4.4	4.03	3.41	3.06	2.06	1.84	1.99	2.27	2.64	1.85	1.95	1.62	1.85	2.13	2.63	2.43	3.04	3.17	3.1	2.75	2.37	2.98	2.57	2.07	2.5	2.24	2.83	3.24	2.31	2.22	2.95	3.28	4.24	3.83	4.24	4.58	4.73	4.43	5.11	4.29	2.73	2.78	2.25	2.06	2.2	2.24	1.59	1.56	0.87	1.75	1.64	1.41	1.62	2.06	2.71	3.13	3.15	1.76	1.98	2.32	2.37	2.84	3.43	2.72	2.54	1.48	2.0	1.91	2.34	2.57	2.39	2.06	1.38	1.8	2.24	2.12	2.8	1.98	2.07	2.7	3.26	3.89	4.51	5.19	6.32	2.18	2.51	2.27	2.12	2.27	2.92	3.45	4.07	3.73	4.15	4.6	3.6	2.91	1.68	3.33	2.66	2.39	2.5	2.85	3.46	3.58	1.92	1.41	1.92	2.59	3.21	3.81	4.48	6.56	4.0	1.78	2.04	1.48	1.51	0.86	0.74	0.71	1.03	1.51	2.05	2.92	1.92	1.37	1.88	2.39	2.85	2.59	1.71	1.42	1.84	1.37	1.8	2.39	2.97	3.08	1.63	2.15	1.84	2.33	2.27	2.42	3.06	3.7	4.24	3.89	4.4	4.03	3.41	3.06	2.06	1.84	1.99	2.27	2.64	1.85	1.95	1.62	1.85	2.13	2.63	2.43	3.04	3.17	3.1	2.75	2.37
1.0	2.0	3.0	4.0	5.0	6.0	7.0	8.0	9.0	10.0	11.0	12.0	13.0	14.0	15.0	16.0	17.0	18.0	19.0	20.0	21.0	22.0	23.0	24.0	25.0	26.0	27.0	28.0	29.0	30.0	31.0	32.0	33.0	34.0	35.0	36.0	37.0	38.0	39.0	40.0	41.0	42.0	43.0	44.0	45.0	46.0	47.0	48.0	49.0	50.0	51.0	52.0	53.0	54.0	55.0	56.0	57.0	58.0	59.0	60.0	61.0	62.0	63.0	64.0	65.0	66.0	67.0	68.0	69.0	70.0	71.0	72.0	73.0	74.0	75.0	76.0	77.0	78.0	79.0	80.0	81.0	82.0	83.0	84.0	85.0	86.0	87.0	88.0	89.0	90.0	91.0	92.0	93.0	94.0	95.0	96.0	97.0	98.0	99.0	100.0	101.0	102.0	103.0	104.0	105.0	106.0	107.0	108.0	109.0	110.0	111.0	112.0	113.0	114.0	115.0	116.0	117.0	118.0	119.0	120.0	121.0	122.0	123.0	124.0	125.0	126.0	127.0	128.0	129.0	130.0	131.0	132.0	133.0	134.0	135.0	136.0	137.0	138.0	139.0	140.0	141.0	142.0	143.0	144.0	145.0	146.0	147.0	148.0	149.0	149.0	150.0	151.0	152.0	153.0	154.0	155.0	156.0	157.0	158.0	159.0	160.0	161.0	162.0	163.0	164.0	165.0	166.0	167.0	168.0	169.0	170.0	171.0	172.0	173.0	174.0	175.0	176.0	177.0	178.0	179.0	180.0	181.0	182.0	183.0	184.0	185.0	186.0	187.0	188.0	189.0	190.0	191.0	192.0	193.0	194.0	195.0	196.0	197.0	198.0	199.0	200.0	201.0	202.0	203.0	204.0	205.0	206.0	207.0	208.0	209.0	210.0	211.0	212.0	213.0	214.0	215.0	216.0	217.0	218.0	219.0	220.0	221.0	222.0	223.0	224.0	225.0	226.0	227.0	228.0	229.0	230.0	231.0	232.0	233.0	234.0	235.0	236.0	237.0	238.0	239.0	240.0	241.0	242.0	243.0	244.0	245.0	246.0	247.0	248.0	249.0	250.0	251.0	252.0	253.0	254.0	255.0	256.0	257.0	258.0	259.0	260.0	261.0	262.0	263.0	264.0	265.0	266.0	267.0	268.0	269.0	270.0	271.0	272.0	273.0	274.0	275.0	276.0	277.0	278.0	279.0	280.0	281.0	282.0	283.0	284.0	285.0	286.0	287.0	288.0	289.0	290.0	291.0	292.0	293.0	294.0	295.0	296.0	297.0	298.0	298.0
4162.267322388889
