6531.7399719929135	300.0	2000.0	324.126133284311	0	0.0	6531.7399719929135	1	0	1	-2.589956556216448
7369.524461200406	1000.0	2078.4370618717585	0.0	0	0.0	6447.961523072165	1	0	2	-1.0470201665648693
8435.130655074652	1000.0	1906.2702486100875	0.0	0	0.0	6341.400903684739	1	0	2	0.36727921358576376
9158.114839147198	1000.0	2110.987646130283	0.0	0	0.0	6269.102485277481	1	0	2	0.37540642183107087
9756.423417652259	1000.0	2452.848209774716	0.0	0	0.0	6209.271627426974	1	0	2	0.38158922147185026
10400.761374891745	1000.0	2744.076456811281	0.0	0	0.0	6144.837831703025	1	0	2	0.38780832478322697
11019.999812972363	1000.0	3062.9141749226033	0.0	0	0.0	6082.913987894964	1	0	2	0.3938385443275393
11653.475686155383	1000.0	3366.09071442128	0.0	0	0.0	6019.566400576662	1	0	2	0.40053146490365166
12416.25268251234	1000.0	3527.0360184286296	0.0	0	0.0	5943.288700940969	1	0	2	0.40767466357268184
13916.014965896635	2000.0	2877.297506705906	0.0	0	0.0	5793.31247260254	1	0	2	0.42012852211943674
15238.719562378077	2000.0	2422.3224505763205	0.0	0	0.0	5661.042012954396	1	0	2	1.1280182326688766
16456.63240087746	2000.0	2082.6183282270013	0.0	0	0.0	5539.25072910446	1	0	2	1.1403650086803154
17406.224781952653	2000.0	2038.0667090442914	0.0	0	0.0	5444.291490996942	1	0	2	1.1503399042484121
18273.603179904447	2000.0	2083.950471297324	0.0	0	0.0	5357.553651201768	1	0	2	1.159245633917093
19066.520518646088	2000.0	2291.0331325556836	0.0	0	0.0	5357.553651201768	1	0	1	1.1613646197657044
19863.681446555685	2000.0	2414.1561118551294	0.0	0	0.0	5277.837558410813	1	0	2	0.9671924806480756
20671.598023667597	1000.0	2525.4478770320284	0.0	0	0.0	5197.0459006996225	1	0	2	-0.21090446072716107
21541.630004710034	1000.0	2568.4126978853483	0.0	0	0.0	5110.0427025953795	1	0	2	0.4906629897659932
23076.972687446636	2000.0	1879.5357468750815	0.0	0	0.0	4956.508434321713	1	0	2	0.504648261053124
24570.40312058714	2000.0	1236.7622704205276	0.0	0	0.0	4807.165391007664	1	0	2	1.2126163635157206
25383.157668128813	1000.0	1342.7322681246892	0.0	0	0.0	4725.889936253501	1	0	2	-0.16397407509604656
26258.76090888239	1000.0	1379.5687032957526	0.0	0	0.0	4638.329612178139	1	0	2	0.5377469313318082
26932.114397612662	1000.0	1638.8798656924514	0.0	0	0.0	4570.994263305114	1	0	2	0.5453023682827984
28023.809314835373	2000.0	1438.0154567474717	0.0	0	0.0	4461.824771582844	1	0	2	0.5549063941244234
29264.76866330323	2000.0	1197.0561082796069	0.0	0	0.0	4461.824771582844	1	0	1	1.2509375077275966
29918.715967145894	1000.0	1477.7140740526743	0.0	0	0.0	4396.430041198571	1	0	2	-0.3303520449799604
30734.22197156858	2000.0	1580.657469187722	0.0	0	0.0	4314.879440756304	1	0	2	0.5704342481271403
31700.564367696996	2000.0	1517.6808334464629	0.0	0	0.0	4218.245201143462	1	0	2	1.2726948961337023
32547.927520360092	2000.0	1585.581365517057	0.0	0	0.0	4133.508885877152	1	0	2	1.2815589298435575
33535.42572945092	2000.0	1499.3333355171467	0.0	0	0.0	4034.7590649680715	1	0	2	1.2907906165352894
34161.35884598489	1000.0	1810.8069073297747	0.0	0	0.0	3972.165753314668	1	0	2	-0.08810385057421555
34926.18219444268	1000.0	1969.5012240262142	0.0	0	0.0	3895.683418468896	1	0	2	0.6125984385897152
35318.48666644879	1000.0	2537.966304819489	0.0	0	0.0	3856.4529712682815	1	0	2	0.6174181212043921
35757.068626533204	1000.0	3055.526148726639	0.0	0	0.0	3812.594775259844	1	0	2	0.6216422221277038
36253.1615599997	1000.0	3559.433215260135	0.0	0	0.0	3812.5947752598368	1	0	1	0.6227133267999522
37200.0	1000.0	3517.9109312597975	0.0	0	620.6090960827642	3717.910931259794	1	0	2	0.4282220408353298
38763.134794658006	2000.0	2798.462657135988	0.0	0	0.0	3561.5974517939976	1	0	2	0.6419897563718925
39930.50288476228	2000.0	2514.357758021281	0.0	0	0.0	3444.8606427835693	1	0	2	1.349743424931272
41180.067495901836	2000.0	2139.8366857677697	0.0	0	0.0	3319.904181669619	1	0	2	1.361505165176245
42187.10012576114	1000.0	2032.100792922529	0.0	0	0.0	3219.200918683673	1	0	2	-0.013406961282256047
43441.990769987984	2000.0	1777.2101486956817	0.0	0	0.0	3219.200918683666	1	0	1	0.6820527124575695
44288.731432653134	2000.0	1930.4694860305278	0.0	0	0.0	3219.200918683666	1	0	1	1.5751998930175148
45244.147025780454	2000.0	1975.0538929032161	0.0	0	0.0	3219.200918683666	1	0	1	1.5751998930175148
46230.53150644803	2000.0	1890.0309641688739	0.0	0	0.0	3120.5624706168965	1	0	2	1.1820381566677192
47144.56033159268	1000.0	1884.5992565097563	0.0	0	0.0	3029.159588102426	1	0	2	0.005315969688589384
48085.13894043968	1000.0	1849.962786778052	0.0	0	0.0	2935.101727217727	1	0	2	0.7083899703703179
49151.530334367184	2000.0	1676.9322534578027	0.0	0	0.0	2828.462587824979	1	0	2	0.7187351666843289
49978.96814632669	2000.0	1849.4944414982933	0.0	0	0.0	2828.462587824979	1	0	1	1.4142737261033833
51072.64417055915	2000.0	1646.4508148425875	0.0	0	0.0	2719.094985401738	1	0	2	1.222113939819642
52034.332681031025	2000.0	1588.59345332352	0.0	0	0.0	2622.9261343545513	1	0	2	1.4325096206945758
53174.11912210152	2000.0	1448.807012253025	0.0	0	0.0	2622.926134354544	1	0	1	1.4348273714504267
54654.64913153259	2000.0	820.2240018788519	0.0	0	0.0	2474.873133411442	1	0	2	1.2455556214376104
55519.535635881664	1000.0	955.3374975297818	0.0	0	0.0	2474.873133411442	1	0	1	0.06333831042484661
56284.78236574953	1000.0	1190.0907676619192	0.0	0	0.0	2474.873133411442	1	0	1	0.956485490984792
57009.754001830705	1000.0	1465.119131580747	0.0	0	0.0	2474.8731334114345	1	0	1	0.9564854909847929
57418.12690962556	1000.0	2056.7462237859027	0.0	0	0.0	2474.8731334114345	1	0	1	0.9564854909847929
58200.0	1000.0	2274.8731334114623	0.0	0	390.1685629918866	2474.8731334114345	1	0	1	0.9564854909847929
59200.0	2000.0	2274.8731334114636	0.0	0	193.8597151109716	2474.873133411442	1	0	1	0.956485490984792
60200.0	2000.0	2274.8731334114636	0.0	0	135.79237339213432	2474.873133411442	1	0	1	1.6496326715447371
61200.0	2000.0	2274.8731334114686	0.0	0	304.35512463809573	2474.873133411442	1	0	1	1.6496326715447371
62428.815794210626	2000.0	2046.0573392008394	0.0	0	0.0	2474.873133411442	1	0	1	1.6496326715447371
63579.087089952496	2000.0	1780.7589138847802	0.0	0	0.0	2359.8460038372505	1	0	2	1.258375756584756
64551.68960330866	2000.0	1808.1564005286261	0.0	0	0.0	2359.8460038372505	1	0	1	1.461135384502156
65486.41372950028	2000.0	1873.4322743370137	0.0	0	0.0	2359.8460038372505	1	0	1	1.6611353845021561
66649.41525478498	2000.0	1710.4307490523083	0.0	0	0.0	2359.846003837243	1	0	1	1.6611353845021568
67290.03195607087	1000.0	2069.814047766412	0.0	0	0.0	2359.846003837243	1	0	1	0.27484102338226724
68271.42869937273	1000.0	1990.2776301343672	0.0	0	272.98870914835425	2261.7063295070548	1	0	2	0.5735140995169975
69664.10261731164	1000.0	1597.6037121954569	0.0	0	0.0	2261.70632950704	1	0	1	0.777802171375232
70657.15357033197	1000.0	1604.552759175137	0.0	0	0.0	2261.7063295070548	1	0	1	0.9778021713752307
71453.94873522967	1000.0	1807.757594277449	0.0	0	0.0	2261.7063295070548	1	0	1	0.9778021713752307
72200.0	1000.0	2061.706329507113	0.0	0	37.9501993078884	2261.70632950704	1	0	1	0.9778021713752322
73200.0	1000.0	2061.7063295071093	0.0	0	335.7597596180858	2261.7063295070257	1	0	1	0.9778021713752336
74200.0	1000.0	2061.706329507107	0.0	0	417.05225137043453	2261.7063295070257	1	0	1	0.9778021713752336
75200.0	1000.0	2061.7063295071175	0.0	0	534.3752618390135	2261.7063295070257	1	0	1	0.9778021713752336
76200.0	1000.0	2061.7063295071102	0.0	0	329.9114088725182	2261.7063295070257	1	0	1	0.9778021713752336
77200.0	1000.0	2061.706329507101	0.0	0	342.07955228962237	2261.7063295070257	1	0	1	0.9778021713752336
78200.0	1000.0	2061.7063295071057	0.0	0	220.27704317340977	2261.7063295070257	1	0	1	0.9778021713752336
79200.0	1000.0	2061.706329507104	0.0	0	542.3157438930066	2261.70632950704	1	0	1	0.9778021713752322
80200.0	1000.0	2061.706329507123	0.0	0	572.7420605090738	2261.70632950704	1	0	1	0.9778021713752322
81200.0	1000.0	2061.7063295071157	0.0	0	418.3911858001957	2261.70632950704	1	0	1	0.9778021713752322
82200.0	1000.0	2061.7063295071093	0.0	0	269.39853505692736	2261.7063295070257	1	0	1	0.9778021713752336
83200.0	1000.0	1961.7063295071107	0.0	0	344.0891648865363	2161.7063295070257	1	0	2	0.584062184770294
84200.0	1000.0	1961.7063295071175	0.0	0	216.0382363874087	2161.7063295070257	1	0	1	0.7878021713752335
85200.0	1000.0	1961.7063295071257	0.0	0	517.1544637239567	2161.7063295070257	1	0	1	0.9878021713752336
86200.0	1000.0	1961.7063295071257	0.0	0	567.4648780418211	2161.7063295070257	1	0	1	0.9878021713752336
87200.0	1000.0	1961.7063295071189	0.0	0	535.3712459308445	2161.7063295070257	1	0	1	0.9878021713752336
88200.0	1000.0	1961.7063295071216	0.0	0	73.35074672233895	2161.70632950704	1	0	1	0.9878021713752322
89200.0	1000.0	1961.7063295071148	0.0	0	428.4262590427825	2161.70632950704	1	0	1	0.9878021713752322
90200.0	1000.0	1961.706329507117	0.0	0	88.6006818828464	2161.70632950704	1	0	1	0.9878021713752322
91200.0	1000.0	1961.7063295071048	0.0	0	18.190879648638656	2161.70632950704	1	0	1	0.9878021713752322
92200.0	1000.0	1961.7063295070984	0.0	0	249.49834211345296	2161.70632950704	1	0	1	0.9878021713752322
93200.0	1000.0	1961.7063295071002	0.0	0	306.53184588560543	2161.7063295070257	1	0	1	0.9878021713752336
94200.0	1000.0	1961.706329507087	0.0	0	537.0257089567167	2161.7063295070257	1	0	1	0.9878021713752336
95200.0	1000.0	1961.706329507093	0.0	0	581.553211575665	2161.7063295070257	1	0	1	0.9878021713752336
96200.0	1000.0	1961.7063295071057	0.0	0	517.9512215658469	2161.7063295070257	1	0	1	0.9878021713752336
97200.0	1000.0	1961.706329507122	0.0	0	407.79767152667046	2161.70632950704	1	0	1	0.9878021713752322
98200.0	1000.0	1861.706329507118	0.0	0	528.3932127647277	2061.7063295070257	1	0	2	0.5938431300610407
99200.0	1000.0	1861.7063295071198	0.0	0	142.64051666636078	2061.7063295070257	1	0	1	0.7978021713752335
100200.0	1000.0	1861.706329507114	0.0	0	334.0284893430653	2061.7063295070257	1	0	1	0.9978021713752336
101200.0	1000.0	1861.7063295071248	0.0	0	406.8652359507105	2061.7063295070257	1	0	1	0.9978021713752336
102200.0	1000.0	1861.706329507107	0.0	0	473.9305946874374	2061.7063295070257	1	0	1	0.9978021713752336
103200.0	1000.0	1861.7063295071086	0.0	0	285.8065283184842	2061.7063295070257	1	0	1	0.9978021713752336
104200.0	1000.0	1861.7063295070964	0.0	0	406.05390375782736	2061.706329507011	1	0	1	0.9978021713752351
105200.0	1000.0	1861.7063295070982	0.0	0	250.9946509438887	2061.706329507011	1	0	1	0.9978021713752351
106200.0	1000.0	1861.7063295070868	0.0	0	372.01306596364884	2061.706329507011	1	0	1	0.9978021713752351
107200.0	1000.0	1861.7063295070934	0.0	0	246.35725045885192	2061.706329507011	1	0	1	0.9978021713752351
108200.0	1000.0	1861.706329507095	0.0	0	213.0155082647252	2061.706329507011	1	0	1	0.9978021713752351
109200.0	1000.0	1861.706329507087	0.0	0	306.0667210056272	2061.706329507011	1	0	1	0.9978021713752351
110200.0	1000.0	1861.706329507101	0.0	0	246.4838769096241	2061.7063295070257	1	0	1	0.9978021713752336
111200.0	1000.0	1861.7063295070961	0.0	0	390.24472354863246	2061.7063295070257	1	0	1	0.9978021713752336
112200.0	1000.0	1861.706329507088	0.0	0	15.30881465364655	2061.7063295070257	1	0	1	0.9978021713752336
113200.0	1000.0	1861.706329507085	0.0	0	213.55881246834178	2061.70632950704	1	0	1	0.9978021713752322
114200.0	1000.0	1861.706329507073	0.0	0	402.63718769293337	2061.70632950704	1	0	1	0.9978021713752322
115200.0	1000.0	1861.7063295070857	0.0	0	140.19250255307998	2061.70632950704	1	0	1	0.9978021713752322
116200.0	1000.0	1861.7063295070784	0.0	0	496.4618950581498	2061.70632950704	1	0	1	0.9978021713752322
117200.0	1000.0	1861.7063295070955	0.0	0	341.31633696556673	2061.70632950704	1	0	1	0.9978021713752322
118200.0	1000.0	1861.7063295071134	0.0	0	353.68183961851173	2061.7063295070548	1	0	1	0.9978021713752308
119200.0	1000.0	1861.7063295071048	0.0	0	446.66765384703467	2061.7063295070548	1	0	1	0.9978021713752308
120200.0	1000.0	1761.706329507115	0.0	0	437.65097251748375	1961.7063295070693	1	0	2	0.6039595386036236
121200.0	1000.0	1761.7063295071048	0.0	0	56.0820673105045	1961.7063295070693	1	0	1	0.8078021713752291
122200.0	1000.0	1761.7063295070973	0.0	0	215.73630784652778	1961.7063295070693	1	0	1	1.0078021713752292
123200.0	1000.0	1761.706329507102	0.0	0	290.37894605702604	1961.7063295070693	1	0	1	1.0078021713752292
124200.0	1000.0	1761.7063295070845	0.0	0	197.13557962280174	1961.7063295070693	1	0	1	1.0078021713752292
125200.0	1000.0	1761.7063295070889	0.0	0	584.914705805626	1961.7063295070693	1	0	1	1.0078021713752292
126200.0	1000.0	1761.7063295070695	0.0	0	354.4847146983084	1961.7063295070548	1	0	1	1.0078021713752308
127200.0	1000.0	1761.7063295070864	0.0	0	467.4752137373871	1961.7063295070548	1	0	1	1.0078021713752308
128200.0	1000.0	1761.7063295070773	0.0	0	406.2175010570354	1961.7063295070548	1	0	1	1.0078021713752308
129200.0	1000.0	1761.7063295070898	0.0	0	438.4831594294956	1961.7063295070548	1	0	1	1.0078021713752308
130200.0	1000.0	1761.7063295070927	0.0	0	538.6781570906751	1961.7063295070693	1	0	1	1.0078021713752292
131200.0	1000.0	1761.7063295070884	0.0	0	237.9284012022399	1961.7063295070693	1	0	1	1.0078021713752292
132200.0	1000.0	1761.7063295071246	0.0	0	285.14413751792745	1961.706329507113	1	0	1	1.0078021713752268
133200.0	1000.0	1761.7063295071491	0.0	0	358.9770339997194	1961.706329507113	1	0	1	1.007802171375225
134200.0	1000.0	1761.7063295071102	0.0	0	480.06302326906007	1961.706329507113	1	0	1	1.007802171375225
135200.0	1000.0	1761.7063295071302	0.0	0	278.90405357049895	1961.706329507113	1	0	1	1.007802171375225
136206.77071010225	2000.0	1654.2585483946737	0.0	0	0.0	1861.0292584969138	1	0	2	0.6155922198424247
137200.0	2000.0	1661.0292584969168	0.0	0	94.82696666408447	1861.0292584968847	1	0	1	1.5110170590361927
138626.39889137316	2000.0	1234.630367123775	0.0	0	0.0	1861.0292584968556	1	0	1	1.7110170590361955
139793.59994925297	2000.0	1067.429309243962	0.0	0	0.0	1861.0292584968556	1	0	1	1.7110170590361955
140465.71663041192	1000.0	1395.3126280850279	0.0	0	0.0	1861.0292584968556	1	0	1	0.3247226979163055
141200.0	1000.0	1661.029258496957	0.0	0	96.70862035389291	1861.0292584968556	1	0	1	1.0178698784762505
142200.0	1000.0	1661.0292584969745	0.0	0	165.7780199922563	1861.0292584968847	1	0	1	1.0178698784762477
143200.0	1000.0	1661.0292584969652	0.0	0	341.3644416187308	1861.0292584968847	1	0	1	1.0178698784762477
144200.0	1000.0	1661.0292584969857	0.0	0	251.0076452786452	1861.0292584968847	1	0	1	1.0178698784762477
145200.0	1000.0	1661.0292584970175	0.0	0	478.71031242841855	1861.0292584968847	1	0	1	1.0178698784762477
146200.0	1000.0	1661.0292584970289	0.0	0	429.84471864363877	1861.0292584968847	1	0	1	1.0178698784762477
147200.0	1000.0	1661.0292584970045	0.0	0	502.9076169898035	1861.0292584968847	1	0	1	1.0178698784762477
148200.0	2000.0	1661.0292584970175	0.0	0	188.51595729903784	1861.0292584969138	1	0	1	1.0178698784762448
149200.0	1000.0	1661.0292584970337	0.0	0	279.30234206921887	1861.0292584969138	1	0	1	0.3247226979162996
150200.0	1000.0	1561.0292584970603	0.0	0	357.0241967745533	1761.0292584969138	1	0	2	0.6241334463826058
151200.0	1000.0	1561.0292584970928	0.0	0	239.4545865030086	1761.029258496943	1	0	1	0.8278698784762417
152200.0	1000.0	1561.0292584970987	0.0	0	27.05734395858599	1761.029258496943	1	0	1	1.027869878476242
153313.63282464474	1000.0	1447.3964338523738	0.0	0	0.0	1761.029258496943	1	0	1	1.027869878476242
154414.7090679524	1000.0	1346.3201905447224	0.0	0	0.0	1761.029258496972	1	0	1	1.027869878476239
155319.97100447136	1000.0	1441.0582540257758	0.0	0	0.0	1761.029258496972	1	0	1	1.027869878476239
156245.53239350786	1000.0	1515.4968649892935	0.0	0	0.0	1761.029258496972	1	0	1	1.027869878476239
157235.14544307793	1000.0	1525.8838154191967	0.0	0	0.0	1761.029258496943	1	0	1	1.027869878476242
158200.0	1000.0	1561.029258497111	0.0	0	354.3828444783285	1761.029258496943	1	0	1	1.027869878476242
159200.0	1000.0	1561.0292584971467	0.0	0	256.6814173179446	1761.029258496943	1	0	1	1.027869878476242
160200.0	1000.0	1561.0292584971355	0.0	0	485.71459878451424	1761.029258496943	1	0	1	1.027869878476242
161200.0	1000.0	1561.029258497142	0.0	0	42.31685556829325	1761.0292584969138	1	0	1	1.0278698784762437
162200.0	1000.0	1561.0292584971562	0.0	0	359.5085081696161	1761.0292584969138	1	0	1	1.0278698784762448
163279.67096451455	1000.0	1481.3582939826354	0.0	0	0.0	1761.029258496943	1	0	1	1.027869878476242
164200.0	1000.0	1561.0292584972094	0.0	0	264.83903092940454	1761.029258496943	1	0	1	1.027869878476242
165200.0	1000.0	1561.0292584972162	0.0	0	429.28237583491136	1761.029258496943	1	0	1	1.027869878476242
166200.0	1000.0	1561.0292584972308	0.0	0	535.1349359926535	1761.029258496943	1	0	1	1.027869878476242
167200.0	1000.0	1561.029258497237	0.0	0	588.8029491891502	1761.0292584969138	1	0	1	1.0278698784762448
168200.0	1000.0	1561.0292584972074	0.0	0	646.3620294573775	1761.029258496943	1	0	1	1.027869878476242
169200.0	1000.0	1561.029258497221	0.0	0	622.7628536526463	1761.029258496943	1	0	1	1.027869878476242
170200.0	1000.0	1561.0292584972112	0.0	0	418.75340418022824	1761.029258496943	1	0	1	1.027869878476242
171200.0	1000.0	1561.0292584972294	0.0	0	193.27903167536715	1761.029258496972	1	0	1	1.027869878476239
172200.0	1000.0	1561.0292584972442	0.0	0	306.92093731393106	1761.029258496972	1	0	1	1.027869878476239
173200.0	1000.0	1561.0292584972124	0.0	0	334.2432868859032	1761.029258496943	1	0	1	1.027869878476242
174200.0	1000.0	1561.0292584971985	0.0	0	333.31477192786406	1761.029258496943	1	0	1	1.027869878476242
175200.0	1000.0	1561.029258497214	0.0	0	85.57071804517182	1761.029258496943	1	0	1	1.027869878476242
176200.0	1000.0	1561.029258497183	0.0	0	445.62670335540315	1761.0292584969138	1	0	1	1.0278698784762448
177200.0	1000.0	1561.0292584971655	0.0	0	617.8392601891246	1761.0292584968847	1	0	1	1.0278698784762477
178200.0	1000.0	1561.0292584971455	0.0	0	378.5950516986777	1761.0292584968847	1	0	1	1.0278698784762477
179200.0	1000.0	1561.0292584971312	0.0	0	522.497170535411	1761.0292584968847	1	0	1	1.0278698784762477
180200.0	1000.0	1561.0292584971294	0.0	0	560.6053241197078	1761.0292584968847	1	0	1	1.0278698784762477
181200.0	1000.0	1561.0292584971041	0.0	0	444.6645534817653	1761.0292584968847	1	0	1	1.0278698784762477
182200.0	1000.0	1561.0292584971417	0.0	0	631.4059109633381	1761.0292584968847	1	0	1	1.0278698784762477
183200.0	1000.0	1561.0292584971528	0.0	0	431.3115413093474	1761.0292584968847	1	0	1	1.0278698784762477
184200.0	1000.0	1561.0292584971685	0.0	0	363.8467152653029	1761.0292584968847	1	0	1	1.0278698784762477
185200.0	1000.0	1561.0292584971396	0.0	0	629.5194300244038	1761.0292584968847	1	0	1	1.0278698784762477
186200.0	1000.0	1561.0292584971328	0.0	0	509.0381456390023	1761.0292584968847	1	0	1	1.0278698784762477
187200.0	1000.0	1561.0292584971285	0.0	0	338.6479200134927	1761.0292584968847	1	0	1	1.0278698784762477
188200.0	1000.0	1561.0292584971075	0.0	0	76.10591637485777	1761.0292584968556	1	0	1	1.02786987847625
189200.0	1000.0	1561.029258497106	0.0	0	266.69734468020033	1761.0292584968556	1	0	1	1.0278698784762506
190200.0	1000.0	1561.0292584970853	0.0	0	213.76164087926736	1761.0292584968847	1	0	1	1.0278698784762477
191200.0	1000.0	1561.0292584970973	0.0	0	98.538026478549	1761.0292584968847	1	0	1	1.0278698784762477
192200.0	1000.0	1561.0292584970791	0.0	0	464.0541234856355	1761.0292584968847	1	0	1	1.0278698784762477
193200.0	1000.0	1561.0292584970716	0.0	0	595.8233555359475	1761.0292584968847	1	0	1	1.0278698784762477
194200.0	1000.0	1561.029258497061	0.0	0	571.6933316441136	1761.0292584969138	1	0	1	1.0278698784762448
195200.0	1000.0	1561.0292584970512	0.0	0	407.8816374496091	1761.0292584969138	1	0	1	1.0278698784762448
196200.0	1000.0	1561.0292584970414	0.0	0	413.3347902878595	1761.0292584969138	1	0	1	1.0278698784762448
197200.0	1000.0	1561.0292584970641	0.0	0	93.26857983408263	1761.0292584969138	1	0	1	1.0278698784762448
198259.48784100445	2000.0	1501.5414174926198	0.0	0	0.0	1761.0292584969138	1	0	1	1.027869878476245
199200.0	1000.0	1561.029258497082	0.0	0	566.3447078244062	1761.029258496943	1	0	1	0.3347226979162967
200200.0	1000.0	1561.0292584970794	0.0	0	349.55685989779886	1761.029258496943	1	0	1	1.027869878476242
201200.0	1000.0	1561.0292584970439	0.0	0	412.49729551625205	1761.029258496943	1	0	1	1.027869878476242
202200.0	1000.0	1561.0292584970666	0.0	0	546.1719883681508	1761.029258496943	1	0	1	1.027869878476242
203200.0	1000.0	1561.0292584971191	0.0	0	518.2172332934861	1761.029258496943	1	0	1	1.027869878476242
204874.7075099938	2000.0	886.3217485033058	0.0	0	0.0	1761.029258496943	1	0	1	1.027869878476242
205321.44151044756	1000.0	1439.587748049546	0.0	0	0.0	1761.029258496943	1	0	1	0.3347226979162967
206286.95208057264	2000.0	1474.0771779244799	0.0	0	0.0	1761.029258496943	1	0	1	1.027869878476242
207200.0	2000.0	1561.0292584970878	0.0	0	271.8870670477045	1761.029258496943	1	0	1	1.721017059036187
208205.5950369716	2000.0	1555.4342215255128	0.0	0	0.0	1761.029258496943	1	0	1	1.721017059036187
209200.0	2000.0	1561.0292584970975	0.0	0	438.11759434989654	1761.029258496943	1	0	1	1.721017059036187
210200.0	2000.0	1561.0292584971048	0.0	0	197.12416175828548	1761.029258496943	1	0	1	1.721017059036187
211226.60968513097	2000.0	1534.4195733661145	0.0	0	0.0	1761.0292584969138	1	0	1	1.72101705903619
212456.10078562592	2000.0	1304.9284728711405	0.0	0	0.0	1761.0292584969138	1	0	1	1.72101705903619
213200.0	1000.0	1561.0292584970712	0.0	0	230.71529822604498	1761.0292584969138	1	0	1	0.3347226979163014
214200.0	2000.0	1561.0292584970541	0.0	0	197.13506391042029	1761.0292584969138	1	0	1	1.027869878476245
215200.0	1000.0	1561.0292584970384	0.0	0	632.7998812224832	1761.0292584968847	1	0	1	0.33472269791630255
216200.0	1000.0	1561.0292584970084	0.0	0	296.11122488748515	1761.0292584968556	1	0	1	1.027869878476249
217380.93460224426	1000.0	1380.0946562527402	0.0	0	234.01029709875002	1761.0292584968847	1	0	1	1.0278698784762477
218775.47827840107	1000.0	985.5509800958964	0.0	0	0.0	1761.0292584968847	1	0	1	1.0278698784762477
219835.15387179982	1000.0	925.8753866971813	0.0	0	0.0	1761.0292584969138	1	0	1	1.0278698784762448
220547.00969982505	1000.0	1214.0195586719456	0.0	0	0.0	1761.0292584969138	1	0	1	1.0278698784762448
221200.0	1000.0	1561.0292584969905	0.0	0	256.5315716538171	1761.0292584969138	1	0	1	1.0278698784762448
222200.0	1000.0	1561.0292584970166	0.0	0	418.0396985007101	1761.029258496943	1	0	1	1.027869878476242
223200.0	1000.0	1561.0292584970123	0.0	0	249.45112521204283	1761.029258496943	1	0	1	1.027869878476242
224200.0	1000.0	1561.0292584970007	0.0	0	528.4591624713794	1761.029258496943	1	0	1	1.027869878476242
225200.0	1000.0	1561.0292584969984	0.0	0	270.5357685270428	1761.029258496943	1	0	1	1.027869878476242
226200.0	1000.0	1561.029258496985	0.0	0	322.73819866921986	1761.029258496943	1	0	1	1.027869878476242
227200.0	1000.0	1561.0292584969804	0.0	0	325.19041878476855	1761.029258496943	1	0	1	1.027869878476242
228200.0	1000.0	1561.0292584969795	0.0	0	432.3850077781244	1761.029258496943	1	0	1	1.027869878476242
229200.0	1000.0	1561.0292584969845	0.0	0	382.99548238661373	1761.029258496943	1	0	1	1.027869878476242
230200.0	1000.0	1561.029258496995	0.0	0	440.3595619586704	1761.029258496943	1	0	1	1.027869878476242
231367.41326406624	1000.0	1393.615994430744	0.0	0	0.0	1761.029258496943	1	0	1	1.027869878476242
232296.6718942642	1000.0	1464.3573642327744	0.0	0	0.0	1761.029258496943	1	0	1	1.0278698784762414
233200.0	1000.0	1561.029258497	0.0	0	313.82173003963544	1761.029258496943	1	0	1	1.027869878476242
234200.0	1000.0	1561.0292584970125	0.0	0	320.04563435164164	1761.029258496943	1	0	1	1.027869878476242
235200.0	1000.0	1461.0292584970118	0.0	0	390.2049774584302	1661.029258496943	1	0	2	0.6340953321020915
236200.0	1000.0	1461.0292584969707	0.0	0	382.0675842886558	1661.029258496943	1	0	1	0.8378698784762417
237294.51976847986	1000.0	1366.5094900170866	0.0	0	0.0	1661.029258496943	1	0	1	1.037869878476242
238200.0	1000.0	1461.0292584969266	0.0	0	303.6130750757002	1661.0292584969138	1	0	1	1.0378698784762448
239200.0	1000.0	1461.029258496924	0.0	0	347.5229630410613	1661.0292584968847	1	0	1	1.0378698784762477
240200.0	1000.0	1461.029258496931	0.0	0	262.57404424785636	1661.0292584968847	1	0	1	1.0378698784762495
241200.0	1000.0	1461.029258496922	0.0	0	473.28490124602104	1661.0292584968847	1	0	1	1.0378698784762477
242200.0	1000.0	1461.0292584969138	0.0	0	402.625452524866	1661.0292584968847	1	0	1	1.0378698784762477
243200.0	1000.0	1461.0292584969347	0.0	0	560.92789862075	1661.0292584968847	1	0	1	1.0378698784762477
244200.0	1000.0	1461.0292584969302	0.0	0	454.0331169372366	1661.0292584968847	1	0	1	1.0378698784762477
245200.0	1000.0	1461.029258496915	0.0	0	598.0561405427288	1661.0292584968556	1	0	1	1.0378698784762506
246200.0	1000.0	1461.0292584969388	0.0	0	525.9402154924755	1661.0292584968847	1	0	1	1.0378698784762477
247200.0	1000.0	1461.0292584969643	0.0	0	332.7259941107186	1661.0292584969138	1	0	1	1.0378698784762448
248200.0	1000.0	1461.0292584969648	0.0	0	88.04745387166622	1661.0292584968847	1	0	1	1.0378698784762477
249200.0	1000.0	1461.029258496938	0.0	0	209.2384229848103	1661.0292584968556	1	0	1	1.0378698784762506
250200.0	1000.0	1461.029258496936	0.0	0	233.68297932681162	1661.0292584968556	1	0	1	1.0378698784762506
251200.0	1000.0	1461.029258496934	0.0	0	414.22704919910757	1661.0292584968847	1	0	1	1.0378698784762477
252200.0	1000.0	1461.0292584969145	0.0	0	401.83022583959973	1661.0292584968847	1	0	1	1.0378698784762477
253200.0	1000.0	1461.0292584969072	0.0	0	239.12009896736708	1661.0292584969138	1	0	1	1.0378698784762448
254200.0	1000.0	1461.0292584969127	0.0	0	353.1679262670805	1661.0292584969138	1	0	1	1.0378698784762448
255200.0	1000.0	1461.0292584969159	0.0	0	141.6321962569491	1661.0292584968847	1	0	1	1.037869878476246
256200.0	1000.0	1461.0292584968831	0.0	0	259.3530795388797	1661.0292584968847	1	0	1	1.0378698784762477
257200.0	1000.0	1461.0292584968786	0.0	0	184.350869568676	1661.0292584968847	1	0	1	1.0378698784762477
258200.0	1000.0	1461.0292584968947	0.0	0	476.7790432892507	1661.0292584968847	1	0	1	1.0378698784762477
259200.0	1000.0	1461.0292584968583	0.0	0	243.20187716622604	1661.0292584968847	1	0	1	1.0378698784762477
260200.0	1000.0	1461.029258496842	0.0	0	155.747835497692	1661.0292584968556	1	0	1	1.037869878476249
261200.0	1000.0	1461.0292584968713	0.0	0	141.73819581925636	1661.0292584968556	1	0	1	1.0378698784762506
262200.0	1000.0	1461.0292584968647	0.0	0	207.48104663638514	1661.0292584968556	1	0	1	1.0378698784762506
263200.0	1000.0	1361.0292584969288	0.0	0	280.08546263561584	1561.0292584968847	1	0	2	0.6442102057225488
264200.0	1000.0	1361.0292584969575	0.0	0	342.4152265790035	1561.029258496943	1	0	1	0.8478698784762441
265200.0	1000.0	1361.0292584969577	0.0	0	483.01752487162594	1561.029258496943	1	0	1	1.047869878476242
266200.0	1000.0	1361.0292584968847	0.0	0	345.79095678275917	1561.029258496943	1	0	1	1.047869878476242
267200.0	1000.0	1361.0292584969602	0.0	0	391.3697330682771	1561.0292584970011	1	0	1	1.0478698784762361
268200.0	1000.0	1361.0292584969607	0.0	0	565.0386549585382	1561.0292584970011	1	0	1	1.0478698784762361
269257.15465419804	2000.0	1303.8746042988919	0.0	0	0.0	1561.0292584970011	1	0	1	1.0478698784762361
270391.44014083	2000.0	1169.5891176669572	0.0	0	0.0	1561.0292584970011	1	0	1	1.741017059036181
271422.04912621254	2000.0	1138.9801322844	0.0	0	0.0	1561.0292584970011	1	0	1	1.741017059036181
272628.95185946714	2000.0	932.0773990298226	0.0	0	0.0	1561.0292584970011	1	0	1	1.741017059036181
273610.7839362612	2000.0	950.2453222357389	0.0	0	0.0	1561.0292584970011	1	0	1	1.741017059036181
274475.5187965538	2000.0	1085.5104619432432	0.0	0	0.0	1561.0292584970593	1	0	1	1.7410170590361753
275364.6648509293	2000.0	1196.3644075677616	0.0	0	0.0	1561.0292584970011	1	0	1	1.741017059036181
276247.5116428408	2000.0	1313.517615656246	0.0	0	0.0	1561.0292584970011	1	0	1	1.741017059036181
277353.2656879808	2000.0	1207.7635705162654	0.0	0	0.0	1561.0292584970593	1	0	1	1.7410170590361775
278553.8836407544	2000.0	1007.145617742754	0.0	0	0.0	1561.0292584971176	1	0	1	1.7410170590361695
279200.0	1000.0	1361.0292584971235	0.0	0	184.26250248856377	1561.0292584971758	1	0	1	0.3547226979162769
280200.0	1000.0	1361.0292584971521	0.0	0	241.12510477367323	1561.0292584971758	1	0	1	1.0478698784762186
281200.0	1000.0	1361.0292584970878	0.0	0	1.6384713826118968	1561.0292584971758	1	0	1	1.047869878476221
282200.0	1000.0	1361.0292584971216	0.0	0	361.42861564282794	1561.0292584971758	1	0	1	1.0478698784762186
283200.0	1000.0	1361.0292584970841	0.0	0	489.6649719735142	1561.0292584971758	1	0	1	1.0478698784762186
284200.0	1000.0	1361.0292584970787	0.0	0	350.0024834633223	1561.0292584971176	1	0	1	1.0478698784762244
285200.0	1000.0	1361.0292584970714	0.0	0	342.0885344897397	1561.0292584971176	1	0	1	1.0478698784762244
286200.0	1000.0	1361.0292584970523	0.0	0	480.7263365521212	1561.0292584970593	1	0	1	1.0478698784762304
287200.0	1000.0	1361.029258497087	0.0	0	534.2700221427367	1561.0292584971176	1	0	1	1.0478698784762244
288200.0	1000.0	1361.0292584970855	0.0	0	237.5492693207343	1561.0292584971758	1	0	1	1.0478698784762186
289200.0	1000.0	1361.0292584971135	0.0	0	70.04088421817869	1561.0292584971758	1	0	1	1.0478698784762186
290200.0	1000.0	1361.0292584970737	0.0	0	393.78924299241044	1561.0292584971758	1	0	1	1.0478698784762186
291200.0	1000.0	1361.0292584970891	0.0	0	386.1614836176741	1561.0292584971758	1	0	1	1.0478698784762186
292200.0	1000.0	1361.0292584970507	0.0	0	406.17308344348567	1561.0292584971758	1	0	1	1.0478698784762186
293200.0	1000.0	1361.0292584970016	0.0	0	217.93722187262028	1561.0292584971758	1	0	1	1.0478698784762186
294200.0	1000.0	1361.029258497089	0.0	0	608.7686522697331	1561.029258497234	1	0	1	1.0478698784762128
295200.0	1000.0	1361.0292584971037	0.0	0	370.6610772056156	1561.029258497234	1	0	1	1.0478698784762128
296200.0	1000.0	1361.029258497101	0.0	0	504.5964843631373	1561.0292584972922	1	0	1	1.0478698784762068
297200.0	1000.0	1361.029258497084	0.0	0	694.4424467454082	1561.029258497234	1	0	1	1.0478698784762128
298200.0	1000.0	1361.0292584970985	0.0	0	357.99135875189677	1561.029258497234	1	0	1	1.0478698784762128
299200.0	1000.0	1361.0292584971114	0.0	0	426.9587300660205	1561.029258497234	1	0	1	1.0478698784762128
300200.0	1000.0	1361.0292584970725	0.0	0	325.1505481576896	1561.029258497234	1	0	1	1.0478698784762128
1.15	1.11	1.42	1.6	2.1	1.26	1.4	0.92	1.16	1.51	2.07	2.61	3.17	2.61	1.55	1.39	1.8	1.83	1.83	1.52	1.41	2.15	1.85	1.73	2.22	2.15	2.87	1.93	1.76	2.24	2.59	2.26	0.94	1.92	1.83	1.2	1.7	2.39	2.66	2.37	1.49	1.14	1.54	2.12	1.87	1.58	1.81	1.8	1.68	1.48	1.74	2.39	2.24	2.77	3.26	2.32	1.92	2.15	2.94	2.47	1.84	2.02	0.46	0.94	1.27	1.91	1.96	1.82	2.11	1.85	1.39	1.63	2.11	1.99	1.87	1.1	1.27	1.69	1.97	2.28	2.54	0.94	1.68	1.58	1.24	1.44	1.78	2.02	2.21	2.32	2.36	1.97	1.49	1.61	1.85	1.7	2.03	1.67	1.75	1.58	1.54	1.59	1.87	1.84	1.44	1.15	1.75	1.41	1.37	1.56	1.69	1.83	2.17	1.86	1.37	1.54	1.32	1.69	2.12	2.19	2.46	2.48	1.64	2.38	1.58	1.17	1.77	2.08	1.85	1.63	2.15	2.11	1.44	1.23	1.36	1.52	1.6	1.67	1.95	2.11	2.56	3.15	1.92	1.38	1.39	0.74	1.11	1.09	1.25	1.2	1.15	1.11	1.42	1.6	2.1	1.26	1.4	0.92	1.16	1.51	2.07	2.61	3.17	2.61	1.55	1.39	1.8	1.83	1.83	1.52	1.41	2.15	1.85	1.73	2.22	2.15	2.87	1.93	1.76	2.24	2.59	2.26	0.94	1.92	1.83	1.2	1.7	2.39	2.66	2.37	1.49	1.14	1.54	2.12	1.87	1.58	1.81	1.8	1.68	1.48	1.74	2.39	2.24	2.77	3.26	2.32	1.92	2.15	2.94	2.47	1.84	2.02	0.46	0.94	1.27	1.91	1.96	1.82	2.11	1.85	1.39	1.63	2.11	1.99	1.87	1.1	1.27	1.69	1.97	2.28	2.54	0.94	1.68	1.58	1.24	1.44	1.78	2.02	2.21	2.32	2.36	1.97	1.49	1.61	1.85	1.7	2.03	1.67	1.75	1.58	1.54	1.59	1.87	1.84	1.44	1.15	1.75	1.41	1.37	1.56	1.69	1.83	2.17	1.86	1.37	1.54	1.32	1.69	2.12	2.19	2.46	2.48	1.64	2.38	1.58	1.17	1.77	2.08	1.85	1.63	2.15	2.11	1.44	1.23	1.36	1.52	1.6	1.67	1.95	2.11	2.56	3.15	1.92	1.38	1.39	0.74	1.11
1.0	2.0	3.0	4.0	5.0	6.0	7.0	8.0	9.0	10.0	11.0	12.0	13.0	14.0	15.0	16.0	17.0	18.0	19.0	20.0	21.0	22.0	23.0	24.0	25.0	26.0	27.0	28.0	29.0	30.0	31.0	32.0	33.0	34.0	35.0	36.0	37.0	38.0	39.0	40.0	41.0	42.0	43.0	44.0	45.0	46.0	47.0	48.0	49.0	50.0	51.0	52.0	53.0	54.0	55.0	56.0	57.0	58.0	59.0	60.0	61.0	62.0	63.0	64.0	65.0	66.0	67.0	68.0	69.0	70.0	71.0	72.0	73.0	74.0	75.0	76.0	77.0	78.0	79.0	80.0	81.0	82.0	83.0	84.0	85.0	86.0	87.0	88.0	89.0	90.0	91.0	92.0	93.0	94.0	95.0	96.0	97.0	98.0	99.0	100.0	101.0	102.0	103.0	104.0	105.0	106.0	107.0	108.0	109.0	110.0	111.0	112.0	113.0	114.0	115.0	116.0	117.0	118.0	119.0	120.0	121.0	122.0	123.0	124.0	125.0	126.0	127.0	128.0	129.0	130.0	131.0	132.0	133.0	134.0	135.0	136.0	137.0	138.0	139.0	140.0	141.0	142.0	143.0	144.0	145.0	146.0	147.0	148.0	149.0	149.0	150.0	151.0	152.0	153.0	154.0	155.0	156.0	157.0	158.0	159.0	160.0	161.0	162.0	163.0	164.0	165.0	166.0	167.0	168.0	169.0	170.0	171.0	172.0	173.0	174.0	175.0	176.0	177.0	178.0	179.0	180.0	181.0	182.0	183.0	184.0	185.0	186.0	187.0	188.0	189.0	190.0	191.0	192.0	193.0	194.0	195.0	196.0	197.0	198.0	199.0	200.0	201.0	202.0	203.0	204.0	205.0	206.0	207.0	208.0	209.0	210.0	211.0	212.0	213.0	214.0	215.0	216.0	217.0	218.0	219.0	220.0	221.0	222.0	223.0	224.0	225.0	226.0	227.0	228.0	229.0	230.0	231.0	232.0	233.0	234.0	235.0	236.0	237.0	238.0	239.0	240.0	241.0	242.0	243.0	244.0	245.0	246.0	247.0	248.0	249.0	250.0	251.0	252.0	253.0	254.0	255.0	256.0	257.0	258.0	259.0	260.0	261.0	262.0	263.0	264.0	265.0	266.0	267.0	268.0	269.0	270.0	271.0	272.0	273.0	274.0	275.0	276.0	277.0	278.0	279.0	280.0	281.0	282.0	283.0	284.0	285.0	286.0	287.0	288.0	289.0	290.0	291.0	292.0	293.0	294.0	295.0	296.0
5894.318414768691
