4609.268986089122	300.0	2000.0	133.0258902524895	0	0.0	4609.268986089122	1	0	1	-1.2565436402131251
4954.842221906555	1000.0	2619.8694406008235	0.0	0	0.0	4574.711662507379	1	0	2	-0.8582674427945957
5789.60353248899	2000.0	2701.6319989601457	0.0	0	0.0	4491.235531449136	1	0	2	0.5521362422563258
7616.171047273404	3000.0	1692.407732697291	0.0	0	0.0	4308.578779970696	1	0	2	1.2615375723480133
8731.265774141944	3000.0	1465.8035331418955	0.0	0	0.0	4197.06930728384	1	0	2	1.680167997680377
9746.49505273691	3000.0	1349.0513266874336	0.0	0	0.0	4095.546379424344	1	0	2	1.6901514863334282
10623.736449880713	3000.0	1384.0857898292497	0.0	0	0.0	4007.8222397099635	1	0	2	1.6997973184751238
11647.273079223163	3000.0	1258.195497552556	0.0	0	0.0	3905.468576775719	1	0	2	1.709417940684071
12726.774665247678	2000.0	1070.743752925589	0.0	0	0.0	3797.5184181732675	1	0	2	0.9087026557823374
13952.92958634535	2000.0	844.5888318279165	0.0	0	0.0	3797.5184181732675	1	0	1	1.3173681430685544
14493.16197113566	1000.0	1304.3564470376034	0.0	0	0.0	3797.5184181732657	1	0	1	0.13107378194866431
15198.941408627861	1000.0	1527.9990657961816	0.0	0	0.0	3726.9404744240455	1	0	2	0.429332383941628
15818.818870151554	1000.0	1846.133858120121	0.0	0	0.0	3664.952728271679	1	0	2	0.6358570657526239
16904.678070135957	1000.0	1760.2746581357173	0.0	0	0.0	3664.952728271677	1	0	1	0.6374775314987682
17739.168995396914	1000.0	1842.3346403486662	0.0	0	0.0	3581.503635745583	1	0	2	0.4438934840553392
18361.550406136703	1000.0	2157.7150885349015	0.0	0	0.0	3519.2654946716066	1	0	2	0.6503888868980622
19435.71805091422	1000.0	1976.13067927963	0.0	0	0.0	3411.848730193851	1	0	2	0.6600557686745281
20221.25388128295	1000.0	2112.0412658740297	0.0	0	0.0	3333.295147156983	1	0	2	0.6685836044602884
21081.701388026224	1000.0	2165.5490084564294	0.0	0	0.0	3247.2503964826537	1	0	2	0.6771829634256528
21569.02574965739	1000.0	2629.492210662146	0.0	0	0.0	3198.5179603195393	1	0	2	0.6830787040194748
22202.954050834815	1000.0	2932.171079366978	0.0	0	0.0	3135.125130201799	1	0	2	0.6887761342588826
23200.0	1000.0	2835.4205352852746	0.0	0	209.77440584636133	3035.420535285284	1	0	2	0.6969271582877805
24200.0	1000.0	2735.4205352852705	0.0	0	103.68446492832663	2935.420535285277	1	0	2	0.7072007858732806
25271.239348674415	1000.0	2557.057251743413	0.0	0	0.0	2828.2966004178343	1	0	2	0.7181266791963213
26403.763585988938	1000.0	2311.2805906974363	0.0	0	0.0	2715.0441766863805	1	0	2	0.7297861776104146
27200.0	1000.0	2435.420535285269	0.0	0	271.14927338501366	2635.420535285273	1	0	2	0.7371692827667995
28200.0	1000.0	2435.4205352852687	0.0	0	410.4725537038139	2635.420535285273	1	0	1	0.7404307507974086
29200.0	1000.0	2435.4205352852696	0.0	0	465.28402066322815	2635.420535285277	1	0	1	0.9404307507974086
30200.0	1000.0	2435.420535285269	0.0	0	558.458578025613	2635.420535285277	1	0	1	0.9404307507974086
31200.0	1000.0	2435.42053528527	0.0	0	283.06978902374976	2635.420535285277	1	0	1	0.9404307507974086
32283.383485498875	1000.0	2352.037049786398	0.0	0	0.0	2635.4205352852805	1	0	1	0.9404307507974081
33410.72768239434	1000.0	2224.6928528909293	0.0	0	0.0	2635.420535285273	1	0	1	0.9404307507974086
34200.0	1000.0	2356.493303524703	0.0	0	51.596792457326956	2556.4933035247086	1	0	2	0.545974843170967
35200.0	1000.0	2356.4933035247054	0.0	0	423.03665367084614	2556.4933035247122	1	0	1	0.7483234739734648
36200.0	1000.0	2356.493303524709	0.0	0	329.6425235460847	2556.4933035247086	1	0	1	0.9483234739734653
37200.0	1000.0	2356.4933035247086	0.0	0	385.1362329479016	2556.493303524716	1	0	1	0.9483234739734646
38200.0	1000.0	2356.4933035247104	0.0	0	151.28105367823446	2556.493303524716	1	0	1	0.9483234739734646
39200.0	1000.0	2356.4933035247054	0.0	0	384.9914556696822	2556.493303524716	1	0	1	0.9483234739734646
40200.0	1000.0	2256.4933035247086	0.0	0	301.77718905151414	2456.4933035247013	1	0	2	0.5545648905344424
41200.0	1000.0	2256.4933035247072	0.0	0	318.58734251167334	2456.4933035247013	1	0	1	0.7583234739734659
42200.0	1000.0	2256.493303524714	0.0	0	501.1255126258038	2456.4933035247013	1	0	1	0.9583234739734661
43200.0	1000.0	2256.4933035247172	0.0	0	434.25945711659006	2456.4933035247013	1	0	1	0.9583234739734661
44200.0	1000.0	2256.4933035247204	0.0	0	374.55426732314663	2456.4933035247013	1	0	1	0.9583234739734661
45200.0	1000.0	2256.4933035247273	0.0	0	426.24546484136954	2456.4933035247013	1	0	1	0.9583234739734661
46200.0	1000.0	2256.4933035247245	0.0	0	454.4681668969861	2456.493303524694	1	0	1	0.9583234739734668
47242.67768833295	1000.0	2213.8156151917715	0.0	0	0.0	2456.493303524694	1	0	1	0.9583234739734668
48200.0	1000.0	2256.493303524715	0.0	0	105.48273732311645	2456.493303524694	1	0	1	0.9583234739734668
49200.0	1000.0	2256.4933035247113	0.0	0	163.5407751521343	2456.493303524694	1	0	1	0.9583234739734668
50200.0	1000.0	2256.493303524707	0.0	0	227.29639854811103	2456.493303524694	1	0	1	0.9583234739734668
51200.0	1000.0	2256.4933035247122	0.0	0	266.96211866015074	2456.493303524694	1	0	1	0.9583234739734668
52200.0	1000.0	2256.493303524711	0.0	0	165.15588781718543	2456.493303524694	1	0	1	0.9583234739734668
53200.0	1000.0	2256.493303524711	0.0	0	213.84141129312775	2456.493303524687	1	0	1	0.9583234739734675
54200.0	1000.0	2256.4933035247077	0.0	0	423.430946604356	2456.493303524687	1	0	1	0.9583234739734675
55200.0	1000.0	2256.49330352471	0.0	0	482.8042171615816	2456.493303524694	1	0	1	0.9583234739734668
56200.0	1000.0	2256.4933035247095	0.0	0	507.2300149635921	2456.493303524687	1	0	1	0.9583234739734675
57200.0	1000.0	2256.49330352471	0.0	0	696.2971711239661	2456.493303524687	1	0	1	0.9583234739734675
58200.0	1000.0	2256.493303524712	0.0	0	547.3700509688279	2456.493303524694	1	0	1	0.9583234739734668
59200.0	1000.0	2256.4933035247154	0.0	0	404.6667424372863	2456.493303524694	1	0	1	0.9583234739734668
60200.0	1000.0	2256.493303524709	0.0	0	76.19204569658905	2456.4933035247013	1	0	1	0.9583234739734661
61728.93309766291	1000.0	1727.5602058617978	0.0	0	0.0	2456.4933035247013	1	0	1	0.9583234739734661
63172.50559743945	1000.0	1283.987706085262	0.0	0	0.0	2456.4933035247086	1	0	1	0.9583234739734653
64256.86087429918	1000.0	1199.6324292255288	0.0	0	0.0	2456.4933035247086	1	0	1	0.9583234739734653
64744.157334735704	1000.0	1712.3359687889968	0.0	0	0.0	2456.4933035247086	1	0	1	0.9583234739734653
65220.79696067184	1000.0	2235.696342852859	0.0	0	0.0	2456.4933035247086	1	0	1	0.9583234739734653
66200.0	1000.0	2256.493303524705	0.0	0	321.41673842932505	2456.493303524716	1	0	1	0.9583234739734641
67200.0	1000.0	2256.49330352472	0.0	0	223.26464218764158	2456.4933035247377	1	0	1	0.9583234739734633
68200.0	1000.0	2156.4933035247072	0.0	0	114.40709301186143	2356.493303524723	1	0	2	0.5652165715767229
69200.0	1000.0	2056.4933035246963	0.0	0	230.667364077206	2256.4933035247377	1	0	2	0.7747654615421757
70200.0	1000.0	2056.4933035246995	0.0	0	22.10033370833844	2256.4933035247377	1	0	1	0.7783234739734622
71200.0	1000.0	2056.4933035246972	0.0	0	483.5996906141081	2256.4933035247377	1	0	1	0.9783234739734624
72200.0	1000.0	2056.493303524707	0.0	0	519.0709885957476	2256.4933035247377	1	0	1	0.9783234739734624
73200.0	1000.0	2056.493303524711	0.0	0	455.4149821693427	2256.4933035247377	1	0	1	0.9783234739734624
74200.0	1000.0	2056.493303524714	0.0	0	545.2707397660561	2256.4933035247523	1	0	1	0.978323473973461
75200.0	1000.0	2056.493303524712	0.0	0	566.4373972464382	2256.4933035247523	1	0	1	0.978323473973461
76200.0	1000.0	2056.4933035247054	0.0	0	490.1212549424381	2256.4933035247523	1	0	1	0.978323473973461
77200.0	1000.0	2056.493303524697	0.0	0	314.64855363738025	2256.493303524767	1	0	1	0.9783234739734594
78200.0	1000.0	1956.4933035246718	0.0	0	32.31407061095524	2156.4933035247377	1	0	2	0.5854244505547335
79200.0	1000.0	1856.4933035246752	0.0	0	332.38240003834653	2056.493303524767	1	0	2	0.7946587761426787
80200.0	1000.0	1856.4933035246818	0.0	0	342.23720770205546	2056.4933035247814	1	0	1	0.7983234739734579
81299.26664004351	1000.0	1757.2266634811738	0.0	0	0.0	2056.4933035247814	1	0	1	0.9983234739734581
82200.0	1000.0	1856.4933035246827	0.0	0	23.10915351465519	2056.4933035247814	1	0	1	0.9983234739734581
83200.0	1000.0	1856.4933035246954	0.0	0	354.43335052771727	2056.493303524796	1	0	1	0.9983234739734566
84200.0	1000.0	1856.4933035246927	0.0	0	75.56910860737844	2056.4933035248105	1	0	1	0.9983234739734552
85200.0	1000.0	1856.4933035247043	0.0	0	407.744545522728	2056.493303524825	1	0	1	0.9983234739734537
86200.0	1000.0	1856.4933035247145	0.0	0	312.55026510948665	2056.493303524825	1	0	1	0.9983234739734537
87200.0	1000.0	1856.4933035247147	0.0	0	523.4845859209454	2056.493303524825	1	0	1	0.9983234739734537
88200.0	1000.0	1856.4933035246906	0.0	0	265.77001806166663	2056.493303524825	1	0	1	0.9983234739734537
89200.0	1000.0	1856.493303524683	0.0	0	359.81738147343276	2056.493303524825	1	0	1	0.9983234739734537
90200.0	1000.0	1856.4933035246752	0.0	0	527.4946070800652	2056.493303524825	1	0	1	0.9983234739734537
91200.0	2000.0	1856.4933035246795	0.0	0	61.54495470804977	2056.493303524825	1	0	1	0.9983234739734537
92200.0	2000.0	1856.4933035246665	0.0	0	368.3840231596114	2056.493303524825	1	0	1	1.6914706545333988
93367.06666397462	2000.0	1689.4266395500506	0.0	0	0.0	2056.4933035248105	1	0	1	1.6914706545334002
94200.0	2000.0	1856.4933035246704	0.0	0	14.587319541169563	2056.4933035248105	1	0	1	1.6914706545334002
95200.0	2000.0	1856.4933035246681	0.0	0	209.37683163875772	2056.493303524796	1	0	1	1.691470654533402
96268.34897183589	2000.0	1788.1443316887944	0.0	0	0.0	2056.493303524796	1	0	1	1.691470654533402
97200.0	1000.0	1856.4933035246859	0.0	0	53.48006743192673	2056.493303524796	1	0	1	0.3051762934135114
98300.73597419765	1000.0	1645.6837319072754	0.0	0	0.0	1946.4197061050509	1	0	2	0.606628301964125
99200.0	1000.0	1746.4197061049256	0.0	0	236.33452115324326	1946.4197061050509	1	0	1	0.8093308337154309
100200.0	1000.0	1746.4197061049238	0.0	0	209.52899118610367	1946.4197061050509	1	0	1	1.0093308337154312
101200.0	1000.0	1746.419706104929	0.0	0	356.40635291615035	1946.4197061050509	1	0	1	1.0093308337154312
102495.432161964	1000.0	1450.9875441409406	0.0	0	0.0	1946.4197061050654	1	0	1	1.0093308337154296
103200.0	1000.0	1746.4197061049363	0.0	0	53.623519918648526	1946.4197061050509	1	0	1	1.0093308337154312
104200.0	1000.0	1746.419706104947	0.0	0	309.3046783613827	1946.4197061050509	1	0	1	1.0093308337154312
105200.0	1000.0	1746.419706104949	0.0	0	426.4352039844962	1946.4197061050509	1	0	1	1.0093308337154312
106200.0	1000.0	1746.4197061049642	0.0	0	124.97032662008132	1946.4197061050509	1	0	1	1.0093308337154312
107200.0	1000.0	1746.4197061049629	0.0	0	84.08599225360376	1946.4197061050654	1	0	1	1.0093308337154296
108509.97999063118	1000.0	1436.4397154737783	0.0	0	0.0	1946.4197061050654	1	0	1	1.0093308337154296
109271.26074641716	1000.0	1675.1589596877966	0.0	0	0.0	1946.4197061050654	1	0	1	1.0093308337154296
110200.0	1000.0	1746.4197061049672	0.0	0	127.29830086322909	1946.4197061050654	1	0	1	1.0093308337154296
111200.0	1000.0	1746.4197061049617	0.0	0	504.46223190288583	1946.4197061050654	1	0	1	1.0093308337154296
112200.0	1000.0	1746.4197061049556	0.0	0	421.5058478242281	1946.4197061050654	1	0	1	1.0093308337154296
113200.0	1000.0	1746.4197061049547	0.0	0	559.8791198713152	1946.4197061050654	1	0	1	1.0093308337154296
114221.99828542749	1000.0	1724.4214206774705	0.0	0	0.0	1946.4197061050654	1	0	1	1.0093308337154296
116054.29960144426	1000.0	892.1201046607148	0.0	0	0.0	1946.4197061050654	1	0	1	1.0093308337154296
116927.99736431478	1000.0	1105.7921180772528	0.0	0	0.0	2033.7894823921379	1	0	0	0.8025054040965216
117526.58539393838	1000.0	1507.204088453652	0.0	0	0.0	2033.7894823921379	1	0	1	0.8005938560867224
118200.0	1000.0	1833.7894823920515	0.0	0	283.3734426264273	2033.7894823921379	1	0	1	1.0005938560867225
119200.0	1000.0	1833.789482392051	0.0	0	210.85868387084338	2033.7894823921379	1	0	1	1.0005938560867225
120200.0	1000.0	1833.7894823920492	0.0	0	258.33341173183	2033.7894823921524	1	0	1	1.000593856086721
121200.0	1000.0	1833.7894823920565	0.0	0	344.36250464321347	2033.7894823921524	1	0	1	1.000593856086721
122200.0	1000.0	1833.7894823920499	0.0	0	408.14325492257194	2033.7894823921524	1	0	1	1.000593856086721
123200.0	2000.0	1733.7894823920433	0.0	0	66.89939702911943	1933.7894823921379	1	0	2	0.6075266203638432
124242.87542231195	2000.0	1690.9140600800943	0.0	0	0.0	1933.7894823921379	1	0	1	1.5037410366466675
125200.0	1000.0	1733.7894823920406	0.0	0	154.21134637968498	1933.7894823921379	1	0	1	0.3174466755267773
126200.0	1000.0	1733.789482392049	0.0	0	122.5543722093571	1933.7894823921379	1	0	1	1.0105938560867225
127200.0	1000.0	1733.7894823920424	0.0	0	393.4607457243983	1933.7894823921524	1	0	1	1.010593856086721
128200.0	1000.0	1633.7894823920337	0.0	0	275.8003931654239	1833.7894823921233	1	0	2	0.6170455833185393
129200.0	1000.0	1633.7894823920412	0.0	0	154.97461363657203	1833.7894823921233	1	0	1	0.8205938560867237
130200.0	1000.0	1633.7894823920421	0.0	0	488.05970300176705	1833.7894823921233	1	0	1	1.020593856086724
131200.0	1000.0	1633.7894823920535	0.0	0	419.0353825867787	1833.7894823921233	1	0	1	1.020593856086724
132200.0	1000.0	1633.7894823920317	0.0	0	526.5659197310451	1833.7894823920942	1	0	1	1.0205938560867256
133200.0	1000.0	1633.789482392045	0.0	0	398.38155978155555	1833.7894823921379	1	0	1	1.020593856086724
134200.0	1000.0	1633.789482392004	0.0	0	551.4105004229932	1833.7894823921379	1	0	1	1.0205938560867225
135200.0	1000.0	1633.7894823919994	0.0	0	236.35261899098987	1833.7894823921379	1	0	1	1.0205938560867225
136200.0	1000.0	1633.7894823920099	0.0	0	486.71216470055515	1833.789482392167	1	0	1	1.0205938560867196
137200.0	1000.0	1633.7894823920212	0.0	0	177.6882892337453	1833.7894823921379	1	0	1	1.0205938560867225
138200.0	1000.0	1633.7894823920335	0.0	0	31.397394646308385	1833.789482392167	1	0	1	1.0205938560867196
139404.19623685244	1000.0	1429.593245539619	0.0	0	0.0	1833.789482392196	1	0	1	1.0205938560867165
140251.38318909818	1000.0	1582.4062932938873	0.0	0	0.0	1833.789482392196	1	0	1	1.0205938560867165
141200.0	1000.0	1633.7894823920815	0.0	0	188.87698087806348	1833.789482392196	1	0	1	1.0205938560867165
142200.0	1000.0	1633.7894823920876	0.0	0	488.13835334946634	1833.7894823922252	1	0	1	1.0205938560867136
143200.0	1000.0	1633.789482392052	0.0	0	384.45043039371376	1833.789482392196	1	0	1	1.0205938560867165
144200.0	1000.0	1633.789482392069	0.0	0	651.692470324866	1833.7894823922252	1	0	1	1.0205938560867136
145200.0	1000.0	1633.7894823920474	0.0	0	483.89737957698526	1833.7894823922252	1	0	1	1.0205938560867136
146200.0	1000.0	1633.7894823920203	0.0	0	541.8246966311999	1833.789482392196	1	0	1	1.0205938560867165
147200.0	1000.0	1633.7894823920026	0.0	0	495.0137448543974	1833.789482392196	1	0	1	1.0205938560867165
148200.0	1000.0	1633.7894823920162	0.0	0	342.0697442574601	1833.789482392196	1	0	1	1.0205938560867165
149333.4338548374	1000.0	1500.355627554608	0.0	0	0.0	1833.789482392196	1	0	1	1.0205938560867165
150376.66755243982	1000.0	1457.1219299522006	0.0	0	0.0	1833.789482392167	1	0	1	1.0205938560867196
151200.0	1000.0	1633.7894823920205	0.0	0	48.040812868537614	1833.789482392167	1	0	1	1.0205938560867196
152200.0	1000.0	1633.7894823920287	0.0	0	146.28491218056297	1833.789482392167	1	0	1	1.0205938560867196
153200.0	1000.0	1633.7894823920446	0.0	0	536.2850490128039	1833.789482392196	1	0	1	1.0205938560867165
154200.0	1000.0	1633.789482392047	0.0	0	535.0414965918462	1833.789482392196	1	0	1	1.0205938560867165
155200.0	1000.0	1633.7894823920496	0.0	0	644.3286417601921	1833.7894823922252	1	0	1	1.0205938560867136
156200.0	1000.0	1633.789482392029	0.0	0	555.4871578307648	1833.789482392196	1	0	1	1.0205938560867165
157200.0	1000.0	1633.7894823920246	0.0	0	383.9732567584433	1833.789482392196	1	0	1	1.0205938560867165
158200.0	1000.0	1633.7894823920133	0.0	0	597.4999089325429	1833.789482392196	1	0	1	1.0205938560867165
159200.0	1000.0	1633.789482392042	0.0	0	575.2925622668117	1833.7894823922252	1	0	1	1.0205938560867136
160200.0	1000.0	1633.7894823920433	0.0	0	676.3316874643206	1833.7894823922252	1	0	1	1.0205938560867136
161200.0	1000.0	1633.7894823920242	0.0	0	667.8131231161824	1833.7894823922252	1	0	1	1.0205938560867136
162200.0	1000.0	1633.789482392015	0.0	0	530.7402762443526	1833.7894823922252	1	0	1	1.0205938560867136
163200.0	1000.0	1633.7894823920208	0.0	0	515.7599581179966	1833.789482392196	1	0	1	1.0205938560867165
164200.0	1000.0	1633.7894823920547	0.0	0	570.0782814010163	1833.789482392196	1	0	1	1.0205938560867165
165200.0	1000.0	1633.78948239207	0.0	0	157.17604818570544	1833.789482392196	1	0	1	1.0205938560867165
166200.0	1000.0	1633.7894823920988	0.0	0	119.24666676102788	1833.789482392196	1	0	1	1.0205938560867165
167200.0	1000.0	1633.7894823921279	0.0	0	356.7030665303755	1833.7894823922252	1	0	1	1.0205938560867136
168200.0	1000.0	1633.7894823921447	0.0	0	150.59268743844586	1833.7894823922252	1	0	1	1.0205938560867136
169200.0	1000.0	1633.789482392156	0.0	0	132.98698584805243	1833.7894823922252	1	0	1	1.0205938560867136
170200.0	1000.0	1633.789482392181	0.0	0	179.86696171484073	1833.7894823922252	1	0	1	1.0205938560867136
171200.0	1000.0	1633.7894823921822	0.0	0	436.3054327657155	1833.7894823922252	1	0	1	1.0205938560867136
172200.0	1000.0	1633.7894823921445	0.0	0	303.2012805429986	1833.7894823922252	1	0	1	1.0205938560867136
173200.0	1000.0	1633.7894823921579	0.0	0	269.78824873801204	1833.7894823922252	1	0	1	1.0205938560867136
174264.36412032775	1000.0	1569.4253620643874	0.0	0	0.0	1833.7894823922252	1	0	1	1.0205938560867136
175200.0	1000.0	1633.7894823921415	0.0	0	95.55643656413304	1833.7894823922252	1	0	1	1.0205938560867136
176200.0	1000.0	1633.7894823921395	0.0	0	302.35580996455974	1833.7894823922252	1	0	1	1.0205938560867136
177200.0	1000.0	1633.7894823921295	0.0	0	258.42660910019185	1833.7894823922252	1	0	1	1.0205938560867136
178200.0	1000.0	1633.789482392091	0.0	0	504.4648774183006	1833.7894823922252	1	0	1	1.0205938560867136
179200.0	1000.0	1633.789482392092	0.0	0	458.10333484740113	1833.7894823922252	1	0	1	1.0205938560867136
180200.0	1000.0	1633.7894823920667	0.0	0	259.5688362646615	1833.7894823922252	1	0	1	1.0205938560867136
181309.38421782525	1000.0	1524.405264566824	0.0	0	0.0	1833.7894823922252	1	0	1	1.0205938560867136
182412.90590570102	1000.0	1420.8835766910508	0.0	0	0.0	1833.7894823922252	1	0	1	1.0205938560867136
183212.5026370471	1000.0	1621.2868453449464	0.0	0	0.0	1833.789482392196	1	0	1	1.0205938560867165
184200.0	1000.0	1633.7894823920608	0.0	0	453.56011253633187	1833.789482392196	1	0	1	1.0205938560867165
185200.0	1000.0	1633.7894823920428	0.0	0	333.6881789419567	1833.789482392196	1	0	1	1.0205938560867165
186200.0	1000.0	1633.7894823920078	0.0	0	324.7899882119964	1833.789482392196	1	0	1	1.0205938560867165
187200.0	1000.0	1633.7894823920024	0.0	0	434.12754007813055	1833.789482392196	1	0	1	1.0205938560867165
188200.0	1000.0	1633.7894823920146	0.0	0	370.2839782795345	1833.789482392196	1	0	1	1.0205938560867165
189200.0	1000.0	1633.789482391998	0.0	0	287.4805065212131	1833.789482392196	1	0	1	1.0205938560867165
190200.0	1000.0	1633.789482392006	0.0	0	344.2316179180925	1833.789482392196	1	0	1	1.0205938560867165
191200.0	1000.0	1633.7894823919871	0.0	0	395.9785352088802	1833.789482392196	1	0	1	1.0205938560867165
192200.0	1000.0	1633.7894823920108	0.0	0	513.5083943755599	1833.7894823922252	1	0	1	1.0205938560867136
193200.0	1000.0	1633.7894823920137	0.0	0	481.1208428067621	1833.7894823922543	1	0	1	1.0205938560867107
194200.0	1000.0	1633.7894823920205	0.0	0	536.8676658346085	1833.7894823922543	1	0	1	1.0205938560867107
195200.0	1000.0	1633.7894823920187	0.0	0	507.4808135353087	1833.7894823922543	1	0	1	1.0205938560867107
196200.0	1000.0	1633.7894823920253	0.0	0	411.94556472162367	1833.7894823922543	1	0	1	1.0205938560867107
197200.0	1000.0	1633.7894823920035	0.0	0	92.30863577179844	1833.7894823922834	1	0	1	1.0205938560867078
198200.0	1000.0	1633.7894823920099	0.0	0	350.97329979375354	1833.7894823922543	1	0	1	1.0205938560867107
199200.0	1000.0	1633.7894823920328	0.0	0	246.90256351072458	1833.7894823922834	1	0	1	1.0205938560867078
200200.0	1000.0	1633.7894823920235	0.0	0	474.37332368586794	1833.7894823922834	1	0	1	1.0205938560867078
201200.0	1000.0	1633.7894823920146	0.0	0	16.24117168664816	1833.7894823922543	1	0	1	1.0205938560867107
202200.0	1000.0	1633.7894823920508	0.0	0	454.9744211390207	1833.7894823922834	1	0	1	1.0205938560867078
203200.0	1000.0	1633.7894823920508	0.0	0	243.91954692278523	1833.7894823922834	1	0	1	1.0205938560867078
204200.0	1000.0	1633.789482392025	0.0	0	516.2668499815045	1833.7894823922543	1	0	1	1.0205938560867107
205200.0	1000.0	1633.7894823920246	0.0	0	463.8466818436864	1833.7894823922252	1	0	1	1.0205938560867136
206200.0	1000.0	1633.7894823920426	0.0	0	597.6585901340877	1833.7894823922252	1	0	1	1.0205938560867136
207200.0	1000.0	1633.7894823920283	0.0	0	636.4684606856899	1833.7894823922252	1	0	1	1.0205938560867136
208200.0	1000.0	1633.7894823920033	0.0	0	29.53156061095069	1833.7894823922252	1	0	1	1.0205938560867136
209713.9444357098	1000.0	1119.845046682239	0.0	0	0.0	1833.7894823922252	1	0	1	1.0205938560867136
210532.60800441878	500.0	1301.1814779732008	0.0	0	0.0	1833.789482392196	1	0	1	-0.3657005050331759
212173.73365641834	1000.0	660.0558259736905	0.0	0	0.0	1833.7894823922252	1	0	1	0.32744667552676887
213128.6733286332	1000.0	705.1161537588625	0.0	0	0.0	1833.7894823922252	1	0	1	1.0205938560867136
213949.43503541706	1000.0	884.3544469749979	0.0	0	0.0	1833.7894823922252	1	0	1	1.0205938560867136
214544.0872175891	1000.0	1289.7022648029683	0.0	0	0.0	1833.7894823922543	1	0	1	1.0205938560867107
215200.0	1000.0	1633.7894823920788	0.0	0	100.61998772612424	1833.7894823922543	1	0	1	1.0205938560867107
216210.70195649719	1000.0	1623.0875258948652	0.0	0	0.0	1833.7894823922543	1	0	1	1.0205938560867107
217200.0	1000.0	1633.789482392025	0.0	0	36.885539724869886	1833.7894823922543	1	0	1	1.0205938560867107
218543.3160811948	1000.0	1290.4734011972398	0.0	0	0.0	1833.7894823922543	1	0	1	1.0205938560867107
219320.57585921776	1000.0	1513.21362317425	0.0	0	0.0	1833.7894823922543	1	0	1	1.0205938560867107
220200.0	1000.0	1633.7894823920276	0.0	0	179.18014910741476	1833.7894823922543	1	0	1	1.0205938560867107
221200.0	1000.0	1633.7894823920074	0.0	0	344.82493414907367	1833.7894823922543	1	0	1	1.0205938560867107
222200.0	1000.0	1633.7894823920162	0.0	0	352.71185528329806	1833.7894823922543	1	0	1	1.0205938560867107
223200.0	1000.0	1633.7894823920346	0.0	0	489.073738090985	1833.7894823922543	1	0	1	1.0205938560867107
224200.0	2000.0	1633.7894823920315	0.0	0	117.91838567724335	1833.7894823922834	1	0	1	1.0205938560867078
225200.0	2000.0	1633.7894823920556	0.0	0	185.05949252087157	1833.7894823922834	1	0	1	1.713741036646653
226200.0	1000.0	1633.7894823920735	0.0	0	179.32823078182992	1833.7894823923125	1	0	1	0.32744667552675977
227200.0	1000.0	1633.789482392041	0.0	0	203.4941382870602	1833.7894823922834	1	0	1	1.0205938560867078
228200.0	1000.0	1633.78948239206	0.0	0	64.32593713904498	1833.7894823922834	1	0	1	1.0205938560867078
229200.0	1000.0	1633.7894823920615	0.0	0	276.96869839236024	1833.7894823922834	1	0	1	1.0205938560867078
230200.0	1000.0	1633.789482392065	0.0	0	213.11853202042403	1833.7894823922834	1	0	1	1.0205938560867078
231200.0	1000.0	1633.7894823920337	0.0	0	398.9633297144028	1833.7894823922834	1	0	1	1.0205938560867078
232200.0	1000.0	1633.7894823920276	0.0	0	132.99293705428136	1833.7894823922834	1	0	1	1.0205938560867078
233200.0	1000.0	1633.7894823920112	0.0	0	293.0596139539266	1833.7894823922834	1	0	1	1.0205938560867078
234200.0	1000.0	1633.78948239203	0.0	0	570.9190800822398	1833.7894823922834	1	0	1	1.0205938560867078
235200.0	1000.0	1633.7894823920426	0.0	0	458.4790922807588	1833.7894823923125	1	0	1	1.020593856086705
236200.0	1000.0	1633.7894823920726	0.0	0	525.3474722309038	1833.7894823922834	1	0	1	1.0205938560867078
237200.0	1000.0	1633.7894823920578	0.0	0	436.7725315699936	1833.7894823922543	1	0	1	1.0205938560867107
238200.0	1000.0	1633.7894823920667	0.0	0	306.5652571847313	1833.7894823922543	1	0	1	1.0205938560867107
239200.0	1000.0	1633.7894823920633	0.0	0	491.01587863004534	1833.7894823922543	1	0	1	1.0205938560867107
240200.0	1000.0	1633.78948239206	0.0	0	353.8018844994076	1833.7894823922252	1	0	1	1.0205938560867136
241200.0	2000.0	1633.7894823920533	0.0	0	238.65845934845856	1833.7894823922252	1	0	1	1.0205938560867136
242283.24784881622	2000.0	1550.5416335758523	0.0	0	0.0	1833.7894823922543	1	0	1	1.7137410366466561
243200.0	2000.0	1633.7894823920642	0.0	0	307.30673865397694	1833.7894823922543	1	0	1	1.7137410366466561
244200.0	2000.0	1633.7894823920562	0.0	0	185.3264247525367	1833.7894823922543	1	0	1	1.7137410366466561
245475.68365181948	2000.0	1358.1058305725564	0.0	0	0.0	1833.7894823922252	1	0	1	1.7137410366466566
246284.45777178806	1000.0	1549.3317106039294	0.0	0	0.0	1833.789482392196	1	0	1	0.3274466755267714
247355.67318982127	1000.0	1478.1162925707138	0.0	0	0.0	1833.7894823922252	1	0	1	1.0205938560867136
248200.0	1000.0	1633.7894823920092	0.0	0	63.97786501489463	1833.7894823922252	1	0	1	1.0205938560867136
249200.0	1000.0	1633.7894823920249	0.0	0	93.3830312199425	1833.7894823922543	1	0	1	1.0205938560867107
250200.0	1000.0	1633.789482392026	0.0	0	139.07766635221196	1833.7894823922543	1	0	1	1.0205938560867107
251508.88107676702	1000.0	1324.9084056250163	0.0	0	0.0	1833.7894823922543	1	0	1	1.0205938560867107
252200.0	1000.0	1633.7894823920387	0.0	0	232.62500841057044	1833.7894823922543	1	0	1	1.0205938560867107
253200.0	1000.0	1633.789482392038	0.0	0	280.5703791108972	1833.7894823922543	1	0	1	1.0205938560867107
254200.0	1000.0	1633.789482392051	0.0	0	401.6075656527828	1833.7894823922252	1	0	1	1.0205938560867136
255200.0	1000.0	1633.789482392038	0.0	0	158.57734153899946	1833.7894823922252	1	0	1	1.0205938560867136
256200.0	1000.0	1633.7894823920433	0.0	0	251.49935056138202	1833.7894823922252	1	0	1	1.0205938560867136
257200.0	500.0	1633.7894823920253	0.0	0	397.742144754593	1833.7894823922252	1	0	1	-0.365700505033177
258200.0	500.0	1633.789482391996	0.0	0	445.0522446540708	1833.789482392196	1	0	1	0.3274466755267711
259200.0	500.0	1633.7894823920083	0.0	0	591.5997686723713	1833.789482392196	1	0	1	0.3274466755267711
260200.0	1000.0	1633.7894823920064	0.0	0	289.50760485982755	1833.789482392196	1	0	1	0.3274466755267712
261200.0	1000.0	1633.7894823919803	0.0	0	310.37471264923806	1833.789482392167	1	0	1	1.0205938560867196
262200.0	1000.0	1633.789482391973	0.0	0	544.9272839254991	1833.7894823921379	1	0	1	1.0205938560867225
263200.0	1000.0	1633.7894823919619	0.0	0	112.4187329747947	1833.789482392167	1	0	1	1.0205938560867196
264891.2301718963	1000.0	942.5593104957098	0.0	0	0.0	1833.789482392196	1	0	1	1.0205938560867165
265947.0870474891	1000.0	886.7024349028478	0.0	0	0.0	1833.7894823922543	1	0	1	1.0205938560867107
266891.7289073588	2000.0	847.5963890462765	0.0	0	0.0	1739.3252964053536	1	0	2	0.6277854327621827
267758.6017912453	2000.0	980.7235051597565	0.0	0	0.0	1739.3252964054118	1	0	1	1.5231874552453424
268299.955558781	1000.0	1439.3697376240873	0.0	0	0.0	1739.3252964054118	1	0	1	0.3368930941254499
269200.0	1000.0	1539.325296405049	0.0	0	228.1642599896877	1739.3252964054118	1	0	1	1.030040274685395
270200.0	1000.0	1539.3252964050282	0.0	0	477.6956086247228	1739.3252964054118	1	0	1	1.030040274685395
271200.0	1000.0	1539.325296405002	0.0	0	421.2066945536062	1739.3252964054118	1	0	1	1.030040274685395
272200.0	1000.0	1539.3252964050384	0.0	0	514.2937372199958	1739.3252964054118	1	0	1	1.030040274685395
273200.0	1000.0	1539.3252964050314	0.0	0	259.46984223322943	1739.3252964054118	1	0	1	1.030040274685395
274200.0	1000.0	1539.3252964050212	0.0	0	403.87392486986937	1739.32529640547	1	0	1	1.0300402746853892
275200.0	1000.0	1539.3252964049852	0.0	0	188.39703344972804	1739.32529640547	1	0	1	1.0300402746853892
276200.0	1000.0	1539.3252964049916	0.0	0	246.8233844334609	1739.3252964054118	1	0	1	1.030040274685395
277200.0	1000.0	1539.3252964050112	0.0	0	501.6853181165643	1739.3252964054118	1	0	1	1.030040274685395
278200.0	1000.0	1539.3252964050241	0.0	0	414.4691556231701	1739.3252964054118	1	0	1	1.030040274685395
279200.0	1000.0	1539.325296405049	0.0	0	463.53660637990106	1739.32529640547	1	0	1	1.0300402746853892
280200.0	1000.0	1539.3252964050416	0.0	0	522.9744702668395	1739.32529640547	1	0	1	1.0300402746853892
281200.0	1000.0	1539.3252964050475	0.0	0	589.3611800511717	1739.32529640547	1	0	1	1.0300402746853892
282200.0	1000.0	1539.3252964049589	0.0	0	590.5834378749714	1739.32529640547	1	0	1	1.0300402746853892
283200.0	1000.0	1539.3252964049955	0.0	0	570.8579946958343	1739.3252964054118	1	0	1	1.030040274685395
284200.0	1000.0	1539.3252964050105	0.0	0	435.65408799389843	1739.3252964054118	1	0	1	1.030040274685395
285200.0	1000.0	1539.32529640502	0.0	0	153.29517123685218	1739.3252964053536	1	0	1	1.0300402746854007
286200.0	1000.0	1539.3252964049923	0.0	0	312.3492701803916	1739.3252964053536	1	0	1	1.0300402746854007
288120.34419896005	2000.0	618.9810974449285	0.0	0	0.0	1739.3252964053536	1	0	1	1.030040274685401
289002.43757347175	1000.0	736.8877229332286	0.0	0	0.0	1739.3252964054118	1	0	1	0.3368930941254499
289651.73770818335	1000.0	1087.5875882216524	0.0	0	0.0	1739.3252964054118	1	0	1	1.030040274685395
290476.28750328865	1000.0	1263.037793116355	0.0	0	0.0	1739.3252964054118	1	0	1	1.030040274685395
291200.0	1000.0	1539.3252964049366	0.0	0	42.97410458873492	1739.3252964054118	1	0	1	1.030040274685395
292200.0	1000.0	1539.3252964048907	0.0	0	375.80911257414846	1739.3252964054118	1	0	1	1.030040274685395
293200.0	1000.0	1539.325296404865	0.0	0	602.9963376778178	1739.32529640547	1	0	1	1.0300402746853892
294200.0	2000.0	1539.3252964049452	0.0	0	13.636515270511154	1739.32529640547	1	0	1	1.0300402746853892
295477.88290341635	2000.0	1261.4423929886339	0.0	0	0.0	1739.32529640547	1	0	1	1.7231874552453343
296632.5842944524	2000.0	1106.7410019526376	0.0	0	0.0	1739.3252964055282	1	0	1	1.7231874552453321
297322.82784721366	1000.0	1416.497449191337	0.0	0	0.0	1739.3252964055282	1	0	1	0.3368930941254383
298200.0	1000.0	1539.3252964050253	0.0	0	68.94412728387397	1739.3252964055864	1	0	1	1.0300402746853776
299200.0	1000.0	1539.325296404993	0.0	0	207.13654918788234	1739.3252964055864	1	0	1	1.0300402746853776
300262.38365630165	1000.0	1476.9416401033222	0.0	0	0.0	1739.3252964055864	1	0	1	1.0300402746853776
3.31	1.93	1.92	2.17	2.84	2.59	2.95	2.56	1.97	2.43	1.7	1.22	1.18	1.56	1.11	1.0	1.54	2.2	1.59	1.17	0.92	1.15	1.54	1.75	1.91	2.47	1.71	1.03	1.11	1.52	1.96	1.64	1.76	1.6	1.53	1.46	1.71	1.63	1.95	2.31	1.89	1.68	1.26	1.45	1.66	1.54	1.75	1.32	1.56	1.64	2.1	2.73	3.27	1.75	1.14	0.93	0.66	0.74	0.78	1.24	1.75	1.78	1.19	1.23	0.95	1.39	1.85	2.27	1.68	2.02	2.36	2.27	1.55	1.11	1.38	1.25	1.15	1.46	1.17	1.44	2.09	1.91	1.56	1.42	1.7	2.28	2.22	2.59	2.28	2.75	2.41	1.98	1.23	1.19	1.41	1.47	1.26	0.89	1.85	1.55	1.42	1.19	0.95	1.0	1.02	1.48	1.97	1.97	1.74	1.0	0.49	0.95	1.54	2.24	1.58	1.76	2.0	2.11	2.04	1.49	1.45	1.46	1.58	1.61	1.66	1.49	1.8	2.17	2.29	2.22	1.47	1.52	1.27	1.2	0.82	1.26	1.42	1.9	2.14	2.51	2.36	2.15	1.98	1.55	1.14	1.2	1.24	1.39	1.95	3.01	3.31	1.93	1.92	2.17	2.84	2.59	2.95	2.56	1.97	2.43	1.7	1.22	1.18	1.56	1.11	1.0	1.54	2.2	1.59	1.17	0.92	1.15	1.54	1.75	1.91	2.47	1.71	1.03	1.11	1.52	1.96	1.64	1.76	1.6	1.53	1.46	1.71	1.63	1.95	2.31	1.89	1.68	1.26	1.45	1.66	1.54	1.75	1.32	1.56	1.64	2.1	2.73	3.27	1.75	1.14	0.93	0.66	0.74	0.78	1.24	1.75	1.78	1.19	1.23	0.95	1.39	1.85	2.27	1.68	2.02	2.36	2.27	1.55	1.11	1.38	1.25	1.15	1.46	1.17	1.44	2.09	1.91	1.56	1.42	1.7	2.28	2.22	2.59	2.28	2.75	2.41	1.98	1.23	1.19	1.41	1.47	1.26	0.89	1.85	1.55	1.42	1.19	0.95	1.0	1.02	1.48	1.97	1.97	1.74	1.0	0.49	0.95	1.54	2.24	1.58	1.76	2.0	2.11	2.04	1.49	1.45	1.46	1.58	1.61	1.66	1.49	1.8	2.17	2.29	2.22	1.47	1.52	1.27	1.2	0.82	1.26	1.42	1.9	2.14	2.51	2.36	2.15	1.98	1.55	1.14	1.2	1.24	1.39	1.95	3.01
1.0	2.0	3.0	4.0	5.0	6.0	7.0	8.0	9.0	10.0	11.0	12.0	13.0	14.0	15.0	16.0	17.0	18.0	19.0	20.0	21.0	22.0	23.0	24.0	25.0	26.0	27.0	28.0	29.0	30.0	31.0	32.0	33.0	34.0	35.0	36.0	37.0	38.0	39.0	40.0	41.0	42.0	43.0	44.0	45.0	46.0	47.0	48.0	49.0	50.0	51.0	52.0	53.0	54.0	55.0	56.0	57.0	58.0	59.0	60.0	61.0	62.0	63.0	64.0	65.0	66.0	67.0	68.0	69.0	70.0	71.0	72.0	73.0	74.0	75.0	76.0	77.0	78.0	79.0	80.0	81.0	82.0	83.0	84.0	85.0	86.0	87.0	88.0	89.0	90.0	91.0	92.0	93.0	94.0	95.0	96.0	97.0	98.0	99.0	100.0	101.0	102.0	103.0	104.0	105.0	106.0	107.0	108.0	109.0	110.0	111.0	112.0	113.0	114.0	115.0	116.0	117.0	118.0	119.0	120.0	121.0	122.0	123.0	124.0	125.0	126.0	127.0	128.0	129.0	130.0	131.0	132.0	133.0	134.0	135.0	136.0	137.0	138.0	139.0	140.0	141.0	142.0	143.0	144.0	145.0	146.0	147.0	148.0	149.0	149.0	150.0	151.0	152.0	153.0	154.0	155.0	156.0	157.0	158.0	159.0	160.0	161.0	162.0	163.0	164.0	165.0	166.0	167.0	168.0	169.0	170.0	171.0	172.0	173.0	174.0	175.0	176.0	177.0	178.0	179.0	180.0	181.0	182.0	183.0	184.0	185.0	186.0	187.0	188.0	189.0	190.0	191.0	192.0	193.0	194.0	195.0	196.0	197.0	198.0	199.0	200.0	201.0	202.0	203.0	204.0	205.0	206.0	207.0	208.0	209.0	210.0	211.0	212.0	213.0	214.0	215.0	216.0	217.0	218.0	219.0	220.0	221.0	222.0	223.0	224.0	225.0	226.0	227.0	228.0	229.0	230.0	231.0	232.0	233.0	234.0	235.0	236.0	237.0	238.0	239.0	240.0	241.0	242.0	243.0	244.0	245.0	246.0	247.0	248.0	249.0	250.0	251.0	252.0	253.0	254.0	255.0	256.0	257.0	258.0	259.0	260.0	261.0	262.0	263.0	264.0	265.0	266.0	267.0	268.0	269.0	270.0	271.0	272.0	273.0	274.0	275.0	276.0	277.0	278.0	279.0	280.0	281.0	282.0	283.0	284.0	285.0	286.0	287.0	288.0	289.0	290.0	291.0	292.0	293.0	294.0	295.0	296.0	297.0	298.0	298.0
4366.484532353974
