3292.2794285628934	300.0	2000.0	127.83583262701787	0	0.0	3292.2794285628934	1	0	1	-1.0938955438462536
4477.821935393148	3000.0	1695.90324248672	0.0	0	0.0	3173.725177879868	1	0	2	-0.7203553614336224
5038.345220773292	2000.0	2135.3799571065765	0.0	0	0.0	3173.725177879868	1	0	1	0.9742823589897297
6637.066141584649	2000.0	1536.6590362952193	0.0	0	0.0	3173.725177879868	1	0	1	1.5797474670978944
8367.045864972468	2000.0	806.679312907399	0.0	0	0.0	3173.725177879868	1	0	1	1.5797474670978944
9048.30866045006	1000.0	1125.4165174298073	0.0	0	0.0	3173.725177879868	1	0	1	0.19345310597800422
9439.082882233879	1000.0	1734.642295645988	0.0	0	0.0	3173.7251778798673	1	0	1	0.8866002865379494
9814.567210042116	1000.0	2359.157967837752	0.0	0	0.0	3173.7251778798673	1	0	1	0.8866002865379494
10200.0	1000.0	2973.7251778798695	0.0	0	9.956466557388922	3173.725177879869	1	0	1	0.8866002865379493
11200.0	1000.0	2973.725177879869	0.0	0	633.3535541612455	3173.725177879869	1	0	1	0.8866002865379491
12200.0	1000.0	2873.725177879868	0.0	0	712.1014266388229	3073.725177879869	1	0	2	0.49260028653794885
13382.883208494894	1000.0	2572.553648535484	0.0	0	0.0	2955.4368570303795	1	0	2	0.7058077022474564
14200.0	1000.0	2755.436857030378	0.0	0	120.02372909442238	2955.4368570303795	1	0	1	0.708429118622898
15237.283978393694	1000.0	2614.4244807973137	0.0	0	0.0	2851.7084591910098	1	0	2	0.5158534834867958
16698.321623077452	2000.0	2007.2830716451795	0.0	0	0.0	2705.604694722635	1	0	2	0.7305018480930328
17472.90919816057	2000.0	2155.2367390537493	0.0	0	0.0	2628.1459372143236	1	0	2	1.4326586773483008
18261.921282631043	2000.0	2366.2246545832786	0.0	0	0.0	2628.145937214327	1	0	1	1.4343053911644486
19200.0	2000.0	2428.1459372143213	0.0	0	171.2068497680193	2628.145937214329	1	0	1	1.6343053911644483
20200.0	2000.0	2428.1459372143254	0.0	0	175.65783380294306	2628.145937214329	1	0	1	1.6343053911644483
21200.0	3000.0	2328.1459372143254	0.0	0	267.77221822059073	2528.145937214329	1	0	2	1.2406715238652306
22200.0	3000.0	2328.1459372143254	0.0	0	119.38479560501946	2528.145937214329	1	0	1	1.849770499272613
23200.568419438772	3000.0	2327.577517775556	0.0	0	0.0	2528.145937214329	1	0	1	2.049770499272613
24373.975966348185	2000.0	2154.169970866141	0.0	0	0.0	2528.1459372143327	1	0	1	1.2388402830562835
25736.978429681054	2000.0	1654.8672611999796	0.0	0	0.0	2391.8456908810367	1	0	2	1.2542865213282028
26908.212576639322	2000.0	1483.6331142417116	0.0	0	0.0	2391.845690881033	1	0	1	1.4579354157977777
27683.804859984688	2000.0	1708.040830896347	0.0	0	0.0	2391.8456908810367	1	0	1	1.6579354157977777
28978.346320239976	2000.0	1413.4993706410544	0.0	0	0.0	2391.8456908810367	1	0	1	1.6579354157977777
29559.745984898473	2000.0	1773.959739516709	0.0	0	0.0	2333.7057244151874	1	0	2	1.2623885052585053
30416.33405556408	2000.0	1917.3716688511035	0.0	0	0.0	2333.705724415191	1	0	1	1.463749412444362
31200.0	2000.0	2133.70572441518	0.0	0	78.36826713087066	2333.705724415191	1	0	1	1.6637494124443621
32200.0	2000.0	2133.7057244151792	0.0	0	477.7038894048419	2333.705724415191	1	0	1	1.6637494124443621
33200.0	2000.0	2133.705724415185	0.0	0	286.9766293326429	2333.7057244151947	1	0	1	1.6637494124443621
34469.880255172786	2000.0	1863.8254692423895	0.0	0	0.0	2333.70572441518	1	0	1	1.6637494124443628
35524.6750723647	2000.0	1809.0306520504741	0.0	0	0.0	2333.70572441518	1	0	1	1.663749412444363
36200.0	2000.0	2133.705724415174	0.0	0	85.07070664207276	2333.705724415173	1	0	1	1.6637494124443641
37259.22786429303	3000.0	2074.477860122145	0.0	0	0.0	2333.70572441518	1	0	1	1.6637494124443635
38200.0	2000.0	2133.7057244151856	0.0	0	218.3888511991463	2333.70572441518	1	0	1	1.2582843043361986
39200.0	2000.0	2033.7057244151822	0.0	0	326.77417860526475	2233.705724415173	1	0	2	1.269982826886594
40200.0	2000.0	2033.705724415181	0.0	0	116.01163673443807	2233.705724415173	1	0	1	1.473749412444364
41296.640862654356	2000.0	1937.0648617608176	0.0	0	0.0	2233.705724415173	1	0	1	1.6737494124443641
42200.0	2000.0	2033.7057244151674	0.0	0	182.27454750865581	2233.705724415173	1	0	1	1.6737494124443641
43200.0	2000.0	2033.7057244151692	0.0	0	312.15510103785346	2233.705724415173	1	0	1	1.6737494124443641
44339.18923414307	2000.0	1894.5164902720917	0.0	0	0.0	2233.7057244151656	1	0	1	1.6737494124443648
45590.327340021606	3000.0	1518.2645738057122	0.0	0	0.0	2108.5919138273166	1	0	2	1.2833058149794019
46991.375155932954	3000.0	1117.2167578943631	0.0	0	0.0	2108.5919138273166	1	0	1	1.8917259016113142
47649.072276382925	2000.0	1459.519637444397	0.0	0	0.0	2108.5919138273166	1	0	1	1.280795685394985
48274.52905890448	3000.0	1834.0628549228413	0.0	0	0.0	2108.591913827324	1	0	1	1.6862607935031493
49200.0	3000.0	1908.5919138273275	0.0	0	309.51744650286855	2108.591913827324	1	0	1	2.091725901611314
50200.0	3000.0	1908.591913827328	0.0	0	5.695743832933658	2108.591913827324	1	0	1	2.091725901611314
51200.0	2000.0	1908.5919138273237	0.0	0	86.93317789295543	2108.5919138273166	1	0	1	1.280795685394985
52625.68000729436	3000.0	1482.9119065329578	0.0	0	0.0	2108.5919138273166	1	0	1	1.6862607935031497
53636.63693243149	2000.0	1471.9549813958333	0.0	0	0.0	2108.5919138273166	1	0	1	1.280795685394985
54462.4633081342	2000.0	1646.1286056931142	0.0	0	0.0	2108.5919138273166	1	0	1	1.6862607935031495
55200.0	2000.0	1908.591913827315	0.0	0	6.382819442966138	2108.5919138273166	1	0	1	1.6862607935031495
56343.707272652464	3000.0	1764.8846411748523	0.0	0	0.0	2108.5919138273166	1	0	1	1.6862607935031497
57408.9877548976	3000.0	1699.604158929715	0.0	0	0.0	2108.5919138273166	1	0	1	2.0917259016113143
58200.0	2000.0	1908.591913827313	0.0	0	36.3811879997229	2108.5919138273166	1	0	1	1.280795685394985
59200.0	3000.0	1908.591913827314	0.0	0	143.62469303143007	2108.5919138273166	1	0	1	1.6862607935031497
60200.0	3000.0	1908.591913827315	0.0	0	9.34220132700284	2108.5919138273166	1	0	1	2.0917259016113143
61686.82213339504	3000.0	1421.7697804322697	0.0	0	0.0	2108.5919138273166	1	0	1	2.0917259016113143
62619.790653780125	2000.0	1395.5044080086816	0.0	0	0.0	2015.2950617888055	1	0	2	0.8876374690752534
63200.0	1000.0	1815.2950617888157	0.0	0	72.64141925659351	2015.2950617888055	1	0	1	0.10929611758711016
64200.0	2000.0	1815.2950617888116	0.0	0	48.68610693293158	2015.2950617888055	1	0	1	1.0024432981470557
65200.0	2000.0	1815.295061788809	0.0	0	263.00637612259015	2015.2950617888055	1	0	1	1.6955904787070009
66200.0	2000.0	1815.2950617888132	0.0	0	5.682420118479058	2015.2950617888127	1	0	1	1.695590478707
67200.0	2000.0	1815.295061788818	0.0	0	411.1405703223427	2015.2950617888127	1	0	1	1.6955904787069997
68200.0	2000.0	1815.295061788834	0.0	0	445.98819218264543	2015.2950617888127	1	0	1	1.695590478707
70059.82069702179	2000.0	769.4922950648765	0.0	0	0.0	1829.312992086634	1	0	2	1.3082330293218598
71069.28544923913	2000.0	760.0275428475218	0.0	0	0.0	1829.312992086634	1	0	1	1.5141886856772178
71934.30717496977	2000.0	895.0058171168612	0.0	0	0.0	1829.312992086634	1	0	1	1.714188685677218
72507.36575044978	2000.0	1321.947241636863	0.0	0	0.0	1829.3129920866486	1	0	1	1.7141886856772164
73200.0	2000.0	1629.3129920866504	0.0	0	30.956220215855865	1829.3129920866486	1	0	1	1.7141886856772164
74200.0	3000.0	1629.3129920866634	0.0	0	206.6842184803245	1829.3129920866486	1	0	1	1.7141886856772166
75231.61755260787	3000.0	1597.6954394787847	0.0	0	0.0	1829.3129920866486	1	0	1	2.1196537937853814
76200.0	2000.0	1629.3129920866609	0.0	0	269.49980894192413	1829.3129920866631	1	0	1	1.3087235775690504
77200.0	2000.0	1629.3129920866681	0.0	0	6.3556435995560605	1829.3129920866777	1	0	1	1.7141886856772135
78200.0	2000.0	1629.3129920866531	0.0	0	59.40887589394697	1829.3129920866631	1	0	1	1.714188685677215
79200.0	2000.0	1629.3129920866645	0.0	0	44.400588712480385	1829.3129920866777	1	0	1	1.7141886856772135
80200.0	2000.0	1629.312992086657	0.0	0	190.81584675132763	1829.3129920866631	1	0	1	1.714188685677215
81568.42550631604	2000.0	1260.8874857706196	0.0	0	0.0	1829.3129920866631	1	0	1	1.714188685677215
82662.29161112188	2000.0	1167.021380964777	0.0	0	0.0	1829.3129920866631	1	0	1	1.714188685677215
83876.02353564094	2000.0	953.2894564457206	0.0	0	0.0	1829.3129920866777	1	0	1	1.7141886856772135
85170.07498479474	2000.0	659.2380072919113	0.0	0	0.0	1829.3129920866777	1	0	1	1.7141886856772135
85990.8934184308	2000.0	838.4195736558628	0.0	0	0.0	1829.3129920866922	1	0	1	1.714188685677212
86742.76286705317	2000.0	1086.5501250335053	0.0	0	0.0	1829.3129920866922	1	0	1	1.714188685677212
87517.48938612256	2000.0	1311.8236059641274	0.0	0	0.0	1829.3129920867068	1	0	1	1.7141886856772106
88279.58743900743	2000.0	1549.7255530792638	0.0	0	0.0	1829.3129920867068	1	0	1	1.7141886856772106
89200.0	2000.0	1629.3129920866952	0.0	0	332.8419720048696	1829.3129920867068	1	0	1	1.7141886856772106
90200.0	2000.0	1629.3129920866984	0.0	0	102.74566580803366	1829.3129920867068	1	0	1	1.7141886856772106
91855.859412073	2000.0	973.453580013698	0.0	0	0.0	1829.3129920867068	1	0	1	1.7141886856772106
92547.03021380056	1000.0	1282.2827782861252	0.0	0	0.0	1829.3129920866922	1	0	1	0.32789432455732176
93200.0	1000.0	1629.3129920866827	0.0	0	112.71218534804939	1829.3129920866922	1	0	1	1.021041505117267
94200.0	1000.0	1629.3129920866959	0.0	0	634.041743751266	1829.3129920866922	1	0	1	1.021041505117267
95200.0	2000.0	1629.312992086695	0.0	0	75.96558098772948	1829.3129920866922	1	0	1	1.021041505117266
96200.0	2000.0	1629.3129920866827	0.0	0	133.8553930593771	1829.3129920866922	1	0	1	1.714188685677212
97200.0	1000.0	1629.3129920866766	0.0	0	197.22832202201243	1829.3129920866922	1	0	1	0.32789432455732176
98200.0	1000.0	1629.3129920866725	0.0	0	465.6623270462587	1829.3129920867068	1	0	1	1.0210415051172657
99200.0	1000.0	1629.3129920866604	0.0	0	443.2437502558023	1829.3129920867068	1	0	1	1.0210415051172657
100200.0	1000.0	1629.3129920866704	0.0	0	517.6911727619299	1829.3129920866922	1	0	1	1.021041505117267
101200.0	1000.0	1629.3129920866852	0.0	0	640.0424852221186	1829.3129920866922	1	0	1	1.021041505117267
102207.09354369366	1000.0	1622.2194483930148	0.0	0	0.0	1829.3129920866922	1	0	1	1.021041505117267
103934.25034856483	2000.0	895.0626435218297	0.0	0	0.0	1829.3129920866777	1	0	1	1.0210415051172683
104731.58607483016	2000.0	1097.7269172565107	0.0	0	0.0	1829.3129920866777	1	0	1	1.7141886856772135
105655.5929077299	2000.0	1173.720084356774	0.0	0	0.0	1829.3129920866777	1	0	1	1.7141886856772135
106330.14936539983	2000.0	1499.1636266868352	0.0	0	0.0	1829.3129920866777	1	0	1	1.7141886856772135
107293.94014672008	2000.0	1535.3728453665883	0.0	0	0.0	1829.3129920866777	1	0	1	1.7141886856772135
108200.0	2000.0	1629.312992086678	0.0	0	179.70661841204856	1829.3129920866777	1	0	1	1.7141886856772135
109406.32453349457	2000.0	1422.9884585921275	0.0	0	0.0	1829.3129920866777	1	0	1	1.7141886856772135
110514.555059199	2000.0	1314.7579328876868	0.0	0	0.0	1829.3129920866631	1	0	1	1.714188685677215
111200.0	2000.0	1629.312992086703	0.0	0	86.77266629954102	1829.3129920866777	1	0	1	1.7141886856772135
112225.1717090134	2000.0	1604.141283073301	0.0	0	0.0	1829.3129920866777	1	0	1	1.7141886856772135
113321.06486368389	2000.0	1508.248128402826	0.0	0	0.0	1829.3129920866777	1	0	1	1.7141886856772135
114259.4221977943	2000.0	1569.8907942924056	0.0	0	0.0	1829.3129920866777	1	0	1	1.7141886856772135
115200.0	2000.0	1629.3129920867054	0.0	0	114.58968284202274	1829.3129920866777	1	0	1	1.7141886856772135
116200.0	3000.0	1629.3129920867057	0.0	0	116.04409644952102	1829.3129920866777	1	0	1	1.7141886856772137
117445.22657304339	2000.0	1384.0864190433124	0.0	0	0.0	1829.3129920866777	1	0	1	1.308723577569049
118693.28448857306	2000.0	1136.0285035136362	0.0	0	0.0	1829.3129920866777	1	0	1	1.7141886856772135
119830.04635437782	2000.0	999.2666377088901	0.0	0	0.0	1829.3129920866777	1	0	1	1.7141886856772135
120373.97623850734	1000.0	1455.3367535793716	0.0	0	0.0	1829.3129920866777	1	0	1	0.32789432455732326
121200.0	1000.0	1629.3129920866982	0.0	0	413.75430627896276	1829.3129920866631	1	0	1	1.0210415051172699
122200.0	1000.0	1629.3129920866913	0.0	0	311.718456833245	1829.3129920866631	1	0	1	1.0210415051172699
123200.0	1000.0	1629.3129920867025	0.0	0	378.86905398721865	1829.3129920866631	1	0	1	1.0210415051172699
124200.0	1000.0	1629.3129920867045	0.0	0	307.3686327674077	1829.3129920866486	1	0	1	1.0210415051172714
125200.0	1000.0	1629.3129920866945	0.0	0	659.6545851874689	1829.312992086634	1	0	1	1.0210415051172728
126200.0	1000.0	1629.3129920867013	0.0	0	609.7068630618014	1829.312992086634	1	0	1	1.0210415051172728
127200.0	1000.0	1629.3129920866988	0.0	0	716.2392212108098	1829.3129920866486	1	0	1	1.0210415051172714
128200.0	1000.0	1629.3129920866972	0.0	0	696.472621079738	1829.3129920866486	1	0	1	1.0210415051172714
129200.0	1000.0	1629.3129920867038	0.0	0	218.80335395522707	1829.3129920866486	1	0	1	1.0210415051172714
130200.0	1000.0	1629.3129920866982	0.0	0	424.4193070043402	1829.3129920866486	1	0	1	1.0210415051172714
131200.0	1000.0	1629.3129920866904	0.0	0	483.20707673506695	1829.3129920866486	1	0	1	1.0210415051172714
132232.5036995382	1000.0	1596.8092925484627	0.0	0	0.0	1829.312992086634	1	0	1	1.0210415051172723
133200.0	1000.0	1629.312992086649	0.0	0	226.50585328324814	1829.312992086605	1	0	1	1.0210415051172756
134737.92510058102	2000.0	1091.3878915056653	0.0	0	0.0	1829.312992086605	1	0	1	1.0210415051172759
135388.90060826228	1000.0	1440.4123838243977	0.0	0	0.0	1829.312992086605	1	0	1	0.3278943245573306
136200.0	1000.0	1629.3129920866495	0.0	0	332.5836337014334	1829.312992086605	1	0	1	1.0210415051172756
137200.0	1000.0	1629.3129920866525	0.0	0	177.59365152966348	1829.3129920865758	1	0	1	1.0210415051172785
138200.0	1000.0	1629.3129920866274	0.0	0	384.04592414729996	1829.3129920865758	1	0	1	1.0210415051172785
139200.0	1000.0	1629.3129920866454	0.0	0	481.8757598546508	1829.3129920865758	1	0	1	1.0210415051172785
140200.0	1000.0	1629.312992086635	0.0	0	636.686941490334	1829.3129920865758	1	0	1	1.0210415051172785
141200.0	1000.0	1629.3129920866397	0.0	0	658.5758964506676	1829.3129920865758	1	0	1	1.0210415051172785
142200.0	1000.0	1629.312992086649	0.0	0	557.0230146030663	1829.312992086605	1	0	1	1.0210415051172756
143200.0	1000.0	1629.3129920866631	0.0	0	138.5644296601531	1829.312992086605	1	0	1	1.0210415051172756
144227.49372338742	1000.0	1601.8192686992224	0.0	0	0.0	1829.312992086605	1	0	1	1.0210415051172756
145200.0	1000.0	1629.3129920866047	0.0	0	214.59748224023497	1829.312992086634	1	0	1	1.0210415051172728
146200.0	1000.0	1629.3129920866286	0.0	0	292.31341755442554	1829.312992086634	1	0	1	1.0210415051172728
147200.0	1000.0	1629.3129920866334	0.0	0	326.94951920909807	1829.312992086605	1	0	1	1.0210415051172756
148200.0	1000.0	1629.3129920866602	0.0	0	554.2495307372883	1829.312992086634	1	0	1	1.0210415051172728
149200.0	1000.0	1629.312992086645	0.0	0	568.386611594673	1829.3129920866631	1	0	1	1.0210415051172699
150200.0	1000.0	1629.3129920866352	0.0	0	465.9892988197389	1829.3129920866631	1	0	1	1.0210415051172699
151200.0	1000.0	1629.3129920866302	0.0	0	665.4886953720415	1829.3129920866631	1	0	1	1.0210415051172699
152200.0	2000.0	1629.3129920866143	0.0	0	221.87441206697258	1829.312992086634	1	0	1	1.0210415051172728
153297.47025496737	3000.0	1531.8427371192615	0.0	0	0.0	1829.312992086634	1	0	1	1.7141886856772182
154200.0	2000.0	1629.3129920866238	0.0	0	324.0862593756174	1829.3129920866631	1	0	1	1.3087235775690527
155200.0	1000.0	1629.3129920866677	0.0	0	481.0035459512146	1829.3129920866631	1	0	1	0.3278943245573247
156200.0	1000.0	1629.312992086688	0.0	0	210.14676453411812	1829.3129920866922	1	0	1	1.0210415051172692
157200.0	1000.0	1629.3129920866818	0.0	0	118.80293819657527	1829.3129920867214	1	0	1	1.0210415051172663
158200.0	1000.0	1629.3129920866547	0.0	0	578.662372733379	1829.3129920867214	1	0	1	1.021041505117264
159200.0	1000.0	1629.3129920866286	0.0	0	665.9499593895744	1829.3129920867505	1	0	1	1.0210415051172612
160200.0	2000.0	1629.312992086618	0.0	0	455.03331148053985	1829.3129920867505	1	0	1	1.021041505117261
161200.0	2000.0	1629.312992086632	0.0	0	413.6972483408754	1829.3129920867796	1	0	1	1.7141886856772057
162275.25361285484	1000.0	1554.0593792318039	0.0	0	0.0	1829.3129920867796	1	0	1	0.32789432455731304
163200.0	1000.0	1629.3129920866022	0.0	0	311.4904446223518	1829.3129920867796	1	0	1	1.021041505117258
164200.0	1000.0	1629.3129920866234	0.0	0	164.201648301183	1829.3129920868087	1	0	1	1.0210415051172577
165817.62496984986	2000.0	1011.6880222367869	0.0	0	0.0	1829.3129920868378	1	0	1	1.0210415051172523
166981.35700915873	2000.0	847.9559829279368	0.0	0	0.0	1829.3129920868378	1	0	1	1.7141886856771977
167819.25765920864	2000.0	1010.0553328780001	0.0	0	0.0	1829.3129920868378	1	0	1	1.7141886856771977
168638.8249645255	2000.0	1190.4880275611326	0.0	0	0.0	1829.3129920868378	1	0	1	1.7141886856771977
169297.85563359084	2000.0	1531.4573584958082	0.0	0	0.0	1829.3129920868378	1	0	1	1.7141886856771977
170393.24331014467	3000.0	1436.0696819420161	0.0	0	0.0	1829.3129920868669	1	0	1	1.7141886856771946
171381.24205889073	3000.0	1448.0709331959438	0.0	0	0.0	1829.3129920868669	1	0	1	2.1196537937853592
172889.06905631855	3000.0	940.2439357681025	0.0	0	0.0	1829.3129920868669	1	0	1	2.1196537937853592
173493.3842306632	1000.0	1335.9287614234195	0.0	0	0.0	1829.3129920868378	1	0	1	-0.07757078355085753
174200.0	1000.0	1629.312992086634	0.0	0	128.0732065171178	1829.3129920868378	1	0	1	1.0210415051172523
175362.34351453534	2000.0	1466.969477551289	0.0	0	0.0	1829.3129920868378	1	0	1	1.0210415051172523
176341.91953257326	2000.0	1487.3934595134092	0.0	0	0.0	1829.3129920868378	1	0	1	1.7141886856771977
177333.21190832296	2000.0	1496.1010837637155	0.0	0	0.0	1829.3129920868669	1	0	1	1.7141886856771946
178986.22774682855	3000.0	843.0852452581222	0.0	0	0.0	1829.3129920868669	1	0	1	1.7141886856771946
179687.6301620769	3000.0	1141.682830009766	0.0	0	0.0	1829.3129920868669	1	0	1	2.1196537937853592
180721.83866331886	3000.0	1107.4743287678525	0.0	0	0.0	1829.312992086896	1	0	1	2.1196537937853566
181992.66516146393	3000.0	836.6478306227734	0.0	0	0.0	1829.312992086896	1	0	1	2.1196537937853566
182452.75949404598	1000.0	1376.5534980407015	0.0	0	0.0	1829.312992086896	1	0	1	-0.07757078355086311
183200.0	1000.0	1629.312992086686	0.0	0	40.2537456836144	1829.312992086896	1	0	1	1.0210415051172466
184200.0	1000.0	1629.3129920867107	0.0	0	571.50593487898	1829.312992086896	1	0	1	1.0210415051172466
185200.0	1000.0	1629.3129920866943	0.0	0	656.6864770163666	1829.3129920868669	1	0	1	1.0210415051172494
186200.0	1000.0	1629.312992086693	0.0	0	662.0484580356278	1829.3129920868669	1	0	1	1.0210415051172494
187200.0	1000.0	1629.3129920867189	0.0	0	620.4023734341608	1829.312992086896	1	0	1	1.0210415051172466
188200.0	1000.0	1629.3129920867032	0.0	0	646.7460458326095	1829.3129920868669	1	0	1	1.0210415051172494
189200.0	1000.0	1629.3129920867163	0.0	0	312.16759071755223	1829.312992086896	1	0	1	1.0210415051172466
190200.0	1000.0	1629.3129920867154	0.0	0	530.6494475285581	1829.312992086896	1	0	1	1.0210415051172466
191200.0	1000.0	1629.3129920867177	0.0	0	616.6523832877283	1829.312992086896	1	0	1	1.0210415051172466
192338.38639985348	2000.0	1490.926592233268	0.0	0	0.0	1829.312992086896	1	0	1	1.0210415051172466
193956.1585375137	2000.0	873.1544545730148	0.0	0	0.0	1829.312992086896	1	0	1	1.7141886856771917
194976.076867771	2000.0	853.2361243157477	0.0	0	0.0	1829.312992086896	1	0	1	1.7141886856771917
195748.23993438695	2000.0	1081.0730576998103	0.0	0	0.0	1829.312992086925	1	0	1	1.7141886856771889
196546.7899927017	2000.0	1282.522999385076	0.0	0	0.0	1829.312992086925	1	0	1	1.7141886856771889
197238.13868843252	2000.0	1591.1743036542834	0.0	0	0.0	1829.312992086925	1	0	1	1.7141886856771889
198200.0	2000.0	1629.3129920867752	0.0	0	562.6754756489827	1829.312992086925	1	0	1	1.7141886856771889
199200.0	2000.0	1629.3129920867723	0.0	0	495.3121586937341	1829.312992086925	1	0	1	1.7141886856771889
200218.58665251796	2000.0	1610.7263395688008	0.0	0	0.0	1829.312992086925	1	0	1	1.7141886856771889
201200.0	2000.0	1629.3129920867452	0.0	0	315.6263987237762	1829.312992086925	1	0	1	1.7141886856771889
202340.90497923354	2000.0	1488.4080128531982	0.0	0	0.0	1829.312992086925	1	0	1	1.7141886856771889
203200.0	2000.0	1629.3129920867411	0.0	0	67.45941319601843	1829.312992086896	1	0	1	1.7141886856771893
204200.0	2000.0	1629.3129920867607	0.0	0	87.05759905476589	1829.312992086896	1	0	1	1.7141886856771917
205200.0	2000.0	1629.3129920867843	0.0	0	106.96643425250659	1829.312992086896	1	0	1	1.7141886856771917
206819.79350148683	3000.0	1009.5194905999208	0.0	0	0.0	1829.312992086896	1	0	1	1.714188685677192
207600.2874712869	3000.0	1229.0255207998568	0.0	0	0.0	1829.312992086896	1	0	1	2.1196537937853566
208468.74511197448	3000.0	1360.5678801122838	0.0	0	0.0	1829.312992086896	1	0	1	2.1196537937853566
209449.45766572174	3000.0	1379.855326364986	0.0	0	0.0	1829.3129920868669	1	0	1	2.1196537937853592
210978.89430836352	3000.0	850.4186837231815	0.0	0	0.0	1829.3129920868669	1	0	1	2.1196537937853592
211750.40549058863	2000.0	1078.9075014981154	0.0	0	0.0	1829.3129920868669	1	0	1	1.30872357756903
212447.76963416906	2000.0	1381.543357917703	0.0	0	0.0	1829.3129920868669	1	0	1	1.7141886856771946
213342.59098767786	2000.0	1486.7220044088785	0.0	0	0.0	1829.3129920868378	1	0	1	1.7141886856771977
214354.51461928815	3000.0	1474.7983727985704	0.0	0	0.0	1829.3129920868087	1	0	1	1.7141886856771995
215200.0	2000.0	1629.3129920867038	0.0	0	7.545485392998671	1829.3129920868087	1	0	1	1.3087235775690358
216200.0	2000.0	1629.312992086694	0.0	0	357.1633716002689	1829.3129920868378	1	0	1	1.7141886856771977
217200.0	2000.0	1629.312992086677	0.0	0	375.41414980310947	1829.3129920868669	1	0	1	1.7141886856771946
218200.0	2000.0	1629.312992086681	0.0	0	41.59044451054069	1829.3129920868669	1	0	1	1.7141886856771946
219846.70283616468	2000.0	982.610155922031	0.0	0	0.0	1829.3129920868669	1	0	1	1.7141886856771946
221144.86473250156	2000.0	684.4482595851546	0.0	0	0.0	1829.3129920868669	1	0	1	1.7141886856771946
221977.3361877983	2000.0	851.9768042884195	0.0	0	0.0	1829.3129920868669	1	0	1	1.7141886856771946
222517.85771395394	2000.0	1311.4552781327836	0.0	0	0.0	1829.3129920868669	1	0	1	1.7141886856771946
223622.80472460235	3000.0	1206.5082674843907	0.0	0	0.0	1829.3129920868669	1	0	1	1.7141886856771946
224584.85336150645	2000.0	1244.4596305802716	0.0	0	0.0	1829.3129920868669	1	0	1	1.30872357756903
225762.4500533111	2000.0	1066.8629387756619	0.0	0	0.0	1829.312992086896	1	0	1	1.7141886856771917
226926.43084824458	2000.0	902.882143842174	0.0	0	0.0	1829.312992086925	1	0	1	1.7141886856771889
227647.61560337926	2000.0	1181.6973887074969	0.0	0	0.0	1829.312992086896	1	0	1	1.7141886856771917
228309.82623060036	2000.0	1519.4867614864045	0.0	0	0.0	1829.3129920868669	1	0	1	1.7141886856771946
229200.0	1000.0	1629.3129920867987	0.0	0	573.1373900368053	1829.3129920868669	1	0	1	0.3278943245573043
230936.5721003607	2000.0	892.7408917260999	0.0	0	0.0	1829.3129920868669	1	0	1	1.0210415051172494
232210.50606773538	2000.0	618.806924351405	0.0	0	0.0	1829.3129920868669	1	0	1	1.7141886856771946
233356.63340773704	2000.0	472.6795843497614	0.0	0	0.0	1829.3129920868669	1	0	1	1.7141886856771946
234435.7863030751	2000.0	526.3153974102809	132.78870839857575	0	0.0	1962.101700485422	1	0	1	0.9041775644458846
235348.89535383607	2000.0	613.2063466492948	0.0	0	0.0	1962.101700485422	1	0	1	1.7009098148373392
236185.93028556494	2000.0	776.171414920432	0.0	0	0.0	1962.101700485422	1	0	1	1.7009098148373392
236999.20202137498	2000.0	962.8996791103958	0.0	0	0.0	1962.101700485422	1	0	1	1.7009098148373392
237878.48451742603	3000.0	1083.6171830593287	0.0	0	0.0	1962.101700485422	1	0	1	1.7009098148373394
238851.02231388417	2000.0	1111.0793866011813	0.0	0	0.0	1962.101700485422	1	0	1	1.2954447067291746
239454.05971246856	1000.0	1508.0419880168124	0.0	0	0.0	1962.101700485393	1	0	1	0.31461545371745164
240387.19182747946	1000.0	1574.9098730059213	0.0	0	0.0	1962.101700485393	1	0	1	1.0077626342773969
241495.9347456576	2000.0	1466.1669548278007	0.0	0	0.0	1962.101700485393	1	0	1	1.0077626342773969
242200.0	1000.0	1762.1017004853825	0.0	0	207.03248946816893	1962.1017004853638	1	0	1	0.31461545371745225
243200.0	1000.0	1762.1017004853597	0.0	0	650.4982987322437	1962.1017004853347	1	0	1	1.0077626342774026
244200.0	1000.0	1762.101700485359	0.0	0	719.637026777782	1962.1017004853347	1	0	1	1.0077626342774026
245200.0	1000.0	1762.1017004853663	0.0	0	679.5434950963245	1962.1017004853347	1	0	1	1.0077626342774026
246200.0	1000.0	1762.101700485336	0.0	0	286.2115056257753	1962.1017004853638	1	0	1	1.0077626342774022
247200.0	1000.0	1762.1017004853265	0.0	0	394.5682780536881	1962.1017004853638	1	0	1	1.0077626342774
248200.0	1000.0	1762.1017004853554	0.0	0	325.40085751839797	1962.1017004853347	1	0	1	1.0077626342774026
249200.0	1000.0	1762.1017004853613	0.0	0	580.6492331473273	1962.1017004853347	1	0	1	1.0077626342774026
250200.0	1000.0	1762.1017004853768	0.0	0	477.7767671093461	1962.1017004853056	1	0	1	1.0077626342774058
251200.0	1000.0	1762.1017004853727	0.0	0	266.73288799930015	1962.1017004853056	1	0	1	1.0077626342774058
252200.0	1000.0	1762.1017004853798	0.0	0	207.36579195174272	1962.1017004852765	1	0	1	1.0077626342774084
253200.0	1000.0	1762.1017004853918	0.0	0	347.58631546553806	1962.1017004853056	1	0	1	1.0077626342774058
254200.0	2000.0	1762.101700485411	0.0	0	162.40206904656952	1962.1017004853347	1	0	1	1.007762634277405
255200.0	2000.0	1762.101700485402	0.0	0	212.77573625784134	1962.1017004853056	1	0	1	1.7009098148373485
256200.0	2000.0	1762.101700485409	0.0	0	186.1155136707821	1962.1017004853056	1	0	1	1.7009098148373507
257329.01510565935	2000.0	1633.0865948260675	0.0	0	0.0	1962.1017004853056	1	0	1	1.7009098148373507
258312.61078360808	2000.0	1649.4909168773333	0.0	0	0.0	1962.1017004853347	1	0	1	1.7009098148373478
259200.0	2000.0	1762.1017004854011	0.0	0	37.97744445345597	1962.1017004853347	1	0	1	1.7009098148373478
260201.48717092542	2000.0	1760.6145295599777	0.0	0	0.0	1962.1017004853347	1	0	1	1.7009098148373478
261200.0	2000.0	1762.1017004854043	0.0	0	27.111930953658884	1962.1017004853347	1	0	1	1.7009098148373478
262200.0	2000.0	1762.1017004854286	0.0	0	225.46163818234345	1962.1017004853638	1	0	1	1.7009098148373472
263200.0	2000.0	1762.101700485403	0.0	0	169.19216002477333	1962.1017004853638	1	0	1	1.7009098148373443
264200.0	2000.0	1762.101700485399	0.0	0	333.405401275435	1962.101700485393	1	0	1	1.7009098148373454
265200.0	2000.0	1762.101700485372	0.0	0	424.40667751186993	1962.101700485393	1	0	1	1.7009098148373418
266200.0	2000.0	1662.101700485421	0.0	0	18.5266591773252	1862.1017004854511	1	0	2	1.308176331509988
267262.08542183944	2000.0	1600.0162786459935	0.0	0	0.0	1862.1017004854511	1	0	1	1.5109098148373359
268333.03168632044	2000.0	1529.0700141650198	0.0	0	0.0	1862.1017004854511	1	0	1	1.710909814837336
269575.45299680973	2000.0	1286.6487036757535	0.0	0	0.0	1862.1017004854511	1	0	1	1.7109098148373372
270851.7042701097	2000.0	1010.3974303757464	0.0	0	0.0	1862.1017004854511	1	0	1	1.710909814837336
271599.05131174804	1000.0	1263.050388737448	0.0	0	0.0	1862.101700485393	1	0	1	0.32461545371745165
273138.69129541016	2000.0	723.4104050753418	0.0	0	0.0	1862.101700485393	1	0	1	1.0177626342773967
273941.4536358899	2000.0	920.6480645956029	0.0	0	0.0	1862.101700485393	1	0	1	1.710909814837342
274796.34861386195	2000.0	1065.7530866236243	0.0	0	0.0	1862.101700485393	1	0	1	1.710909814837342
275400.1227803699	2000.0	1461.9789201157482	0.0	0	0.0	1862.101700485393	1	0	1	1.710909814837342
276200.0	3000.0	1662.1017004856483	0.0	0	76.84946168091847	1862.101700485393	1	0	1	1.710909814837342
277451.09140768065	3000.0	1411.010292804999	0.0	0	0.0	1862.1017004854511	1	0	1	2.116374922945501
278594.3180181907	2000.0	1267.7836822950212	0.0	0	0.0	1862.1017004854511	1	0	1	1.3054447067291715
279285.99670098955	2000.0	1576.1049994961568	0.0	0	0.0	1862.1017004854511	1	0	1	1.710909814837336
280200.0	1000.0	1662.101700485648	0.0	0	514.4316769725992	1862.1017004854511	1	0	1	0.3246154537174458
281228.4289836624	1000.0	1633.6727168232596	0.0	0	0.0	1862.1017004854511	1	0	1	1.0177626342773909
282200.0	1000.0	1662.101700485654	0.0	0	24.061517477501184	1862.1017004854511	1	0	1	1.0177626342773909
283200.0	1000.0	1662.1017004856767	0.0	0	315.29256538808113	1862.101700485393	1	0	1	1.0177626342773969
284200.0	1000.0	1662.101700485634	0.0	0	417.9581963654491	1862.1017004854511	1	0	1	1.0177626342773958
285200.0	1000.0	1662.1017004856565	0.0	0	481.9718232785235	1862.1017004855094	1	0	1	1.0177626342773851
286200.0	1000.0	1662.1017004856656	0.0	0	286.01353579293936	1862.1017004855676	1	0	1	1.017762634277384
287200.0	1000.0	1662.101700485573	0.0	0	293.3910623413976	1862.1017004854511	1	0	1	1.0177626342773864
288200.0	1000.0	1662.1017004855944	0.0	0	536.537797457946	1862.1017004854511	1	0	1	1.0177626342773909
289200.0	2000.0	1662.1017004855908	0.0	0	398.5479473419837	1862.101700485393	1	0	1	1.0177626342773922
290200.0	2000.0	1662.1017004855653	0.0	0	196.8934657764621	1862.101700485393	1	0	1	1.710909814837342
291200.0	2000.0	1662.101700485525	0.0	0	171.01380565745058	1862.101700485393	1	0	1	1.710909814837342
292200.0	1000.0	1662.1017004855412	0.0	0	259.62690543499775	1862.101700485393	1	0	1	0.32461545371745165
293200.0	1000.0	1662.1017004855398	0.0	0	291.17234679235844	1862.1017004853347	1	0	1	1.017762634277398
294200.0	1000.0	1662.1017004855294	0.0	0	142.99230136256665	1862.1017004853347	1	0	1	1.0177626342774027
295669.71533276	2000.0	1192.3863677254994	0.0	0	0.0	1862.1017004853347	1	0	1	1.0177626342774027
297210.78872276546	2000.0	651.3129777200838	0.0	0	0.0	1862.101700485393	1	0	1	1.710909814837342
298165.78196518094	2000.0	696.3197353045616	0.0	0	0.0	1862.101700485393	1	0	1	1.710909814837342
298899.6195211198	2000.0	962.4821793656783	0.0	0	0.0	1862.101700485393	1	0	1	1.710909814837342
300164.4418442327	3000.0	697.6598562527894	0.0	0	0.0	1862.1017004854511	1	0	1	1.7109098148373363
301091.80880028947	3000.0	770.2929001959711	0.0	0	0.0	1862.1017004854511	1	0	1	2.116374922945501
3.37	3.42	1.99	1.3	1.48	1.97	2.56	3.29	3.13	1.09	1.49	1.32	1.1	1.74	2.41	2.94	2.93	3.29	3.3	3.32	2.05	1.81	1.63	2.11	1.96	1.95	2.71	3.36	3.88	2.65	1.67	2.22	2.77	3.01	2.88	3.3	1.83	2.11	2.62	2.37	1.38	1.8	2.51	3.01	3.6	4.29	3.95	2.09	2.35	2.17	2.41	2.77	1.88	2.0	2.49	3.32	3.72	3.13	2.36	2.46	2.03	2.54	2.48	3.13	3.01	1.82	1.09	1.6	2.09	2.81	3.32	3.86	2.22	1.59	2.0	2.36	2.56	1.59	1.59	1.63	1.95	2.02	2.75	2.93	2.97	3.29	1.74	1.31	1.63	1.89	2.34	2.9	2.63	1.24	1.55	1.76	2.41	2.66	1.41	0.97	1.61	2.14	2.77	2.77	2.21	2.1	2.22	2.83	2.48	2.02	2.59	3.15	3.93	2.24	1.61	2.22	2.04	2.09	1.78	1.56	1.62	2.35	2.63	3.45	3.28	1.7	2.54	2.56	1.25	1.38	1.27	1.92	2.14	1.53	1.99	2.61	3.2	3.2	2.73	1.56	1.23	1.47	1.24	1.69	1.73	1.88	2.4	2.95	3.37	2.97	3.37	3.42	1.99	1.3	1.48	1.97	2.56	3.29	3.13	1.09	1.49	1.32	1.1	1.74	2.41	2.94	2.93	3.29	3.3	3.32	2.05	1.81	1.63	2.11	1.96	1.95	2.71	3.36	3.88	2.65	1.67	2.22	2.77	3.01	2.88	3.3	1.83	2.11	2.62	2.37	1.38	1.8	2.51	3.01	3.6	4.29	3.95	2.09	2.35	2.17	2.41	2.77	1.88	2.0	2.49	3.32	3.72	3.13	2.36	2.46	2.03	2.54	2.48	3.13	3.01	1.82	1.09	1.6	2.09	2.81	3.32	3.86	2.22	1.59	2.0	2.36	2.56	1.59	1.59	1.63	1.95	2.02	2.75	2.93	2.97	3.29	1.74	1.31	1.63	1.89	2.34	2.9	2.63	1.24	1.55	1.76	2.41	2.66	1.41	0.97	1.61	2.14	2.77	2.77	2.21	2.1	2.22	2.83	2.48	2.02	2.59	3.15	3.93	2.24	1.61	2.22	2.04	2.09	1.78	1.56	1.62	2.35	2.63	3.45	3.28	1.7	2.54	2.56	1.25	1.38	1.27	1.92	2.14	1.53	1.99	2.61	3.2	3.2	2.73	1.56	1.23	1.47	1.24	1.69	1.73	1.88	2.4	2.95	3.37	2.97	3.37
1.0	2.0	3.0	4.0	5.0	6.0	7.0	8.0	9.0	10.0	11.0	12.0	13.0	14.0	15.0	16.0	17.0	18.0	19.0	20.0	21.0	22.0	23.0	24.0	25.0	26.0	27.0	28.0	29.0	30.0	31.0	32.0	33.0	34.0	35.0	36.0	37.0	38.0	39.0	40.0	41.0	42.0	43.0	44.0	45.0	46.0	47.0	48.0	49.0	50.0	51.0	52.0	53.0	54.0	55.0	56.0	57.0	58.0	59.0	60.0	61.0	62.0	63.0	64.0	65.0	66.0	67.0	68.0	69.0	70.0	71.0	72.0	73.0	74.0	75.0	76.0	77.0	78.0	79.0	80.0	81.0	82.0	83.0	84.0	85.0	86.0	87.0	88.0	89.0	90.0	91.0	92.0	93.0	94.0	95.0	96.0	97.0	98.0	99.0	100.0	101.0	102.0	103.0	104.0	105.0	106.0	107.0	108.0	109.0	110.0	111.0	112.0	113.0	114.0	115.0	116.0	117.0	118.0	119.0	120.0	121.0	122.0	123.0	124.0	125.0	126.0	127.0	128.0	129.0	130.0	131.0	132.0	133.0	134.0	135.0	136.0	137.0	138.0	139.0	140.0	141.0	142.0	143.0	144.0	145.0	146.0	147.0	148.0	149.0	149.0	150.0	151.0	152.0	153.0	154.0	155.0	156.0	157.0	158.0	159.0	160.0	161.0	162.0	163.0	164.0	165.0	166.0	167.0	168.0	169.0	170.0	171.0	172.0	173.0	174.0	175.0	176.0	177.0	178.0	179.0	180.0	181.0	182.0	183.0	184.0	185.0	186.0	187.0	188.0	189.0	190.0	191.0	192.0	193.0	194.0	195.0	196.0	197.0	198.0	199.0	200.0	201.0	202.0	203.0	204.0	205.0	206.0	207.0	208.0	209.0	210.0	211.0	212.0	213.0	214.0	215.0	216.0	217.0	218.0	219.0	220.0	221.0	222.0	223.0	224.0	225.0	226.0	227.0	228.0	229.0	230.0	231.0	232.0	233.0	234.0	235.0	236.0	237.0	238.0	239.0	240.0	241.0	242.0	243.0	244.0	245.0	246.0	247.0	248.0	249.0	250.0	251.0	252.0	253.0	254.0	255.0	256.0	257.0	258.0	259.0	260.0	261.0	262.0	263.0	264.0	265.0	266.0	267.0	268.0	269.0	270.0	271.0	272.0	273.0	274.0	275.0	276.0	277.0	278.0	279.0	280.0	281.0	282.0	283.0	284.0	285.0	286.0	287.0	288.0	289.0	290.0	291.0	292.0	293.0	294.0	295.0	296.0	297.0	298.0	298.0	299.0
3058.824327410866
