4608.556470887328	300.0	2000.0	121.1679337146301	0	0.0	4608.556470887328	1	0	1	-1.1854937470564797
5135.268279844349	1000.0	2420.617010147277	0.0	0	0.0	4555.885289991626	1	0	2	-0.8568434369107669
6120.8769408631715	2000.0	2435.008349128455	0.0	0	0.0	4555.8852899916255	1	0	1	0.5483842753267734
6759.855864822048	2000.0	2732.13153277369	0.0	0	0.0	4491.987397595737	1	0	2	1.0464720376081882
8001.485000491005	3000.0	2366.3394835378363	0.0	0	0.0	4367.824484028841	1	0	2	1.257160286029603
8926.453418084133	2000.0	2348.8742241853947	0.0	0	0.0	4275.327642269526	1	0	2	0.8617026997028361
9842.890835725893	2000.0	2432.4368065436347	0.0	0	0.0	4275.327642269525	1	0	1	1.2695872206589285
10647.54383902098	2000.0	2547.3185029190377	0.0	0	0.0	4194.8623419400155	1	0	2	1.0758699175338693
11355.000033377786	2000.0	2769.1166891265525	0.0	0	0.0	4124.116722504337	1	0	2	1.2828118733291405
12604.275126910326	2000.0	2394.9140862407567	0.0	0	0.0	3999.1892131510795	1	0	2	1.2939943000653011
14055.287148756675	3000.0	1798.8008622097714	0.0	0	0.0	3854.088010966443	1	0	2	1.3082663100161533
14962.525029558918	3000.0	1891.5629814075278	0.0	0	0.0	3854.088010966443	1	0	1	1.7171762918974016
16139.966943033678	3000.0	1596.3768765852913	0.0	0	0.0	3736.3438196189672	1	0	2	1.5261234854120083
17274.508552554802	3000.0	1348.381106112059	0.0	0	0.0	3622.889658666858	1	0	2	1.7373862321799711
18146.23096094555	3000.0	1389.486456882229	0.0	0	0.0	3535.7174178277764	1	0	2	1.746741501194835
18850.58336685929	3000.0	1614.698810377122	0.0	0	0.0	3465.282177236406	1	0	2	1.7543968433654162
19759.698519218513	3000.0	1614.6721427819757	0.0	0	0.0	3374.3706620004814	1	0	2	1.762877588193719
20520.781252004814	3000.0	1777.4811367170503	0.0	0	0.0	3298.2623887218506	1	0	2	1.7709703689361618
21368.910055592318	3000.0	1929.3523331295464	0.0	0	0.0	3298.2623887218506	1	0	1	1.7727588541218608
22007.85367980858	3000.0	2290.408708913287	0.0	0	0.0	3298.2623887218506	1	0	1	1.972758854121861
22705.947383773077	3000.0	2522.5056345523417	0.0	0	0.0	3228.453018325403	1	0	2	1.577463564079629
23768.271395617852	2000.0	2353.949221523086	0.0	0	0.0	3122.2206171409234	1	0	2	0.9762507562039753
25442.735298937332	3000.0	1512.0389278716561	0.0	0	0.0	2954.7742268089823	1	0	2	1.3973119384892319
26340.305012153836	3000.0	1614.4692146551538	0.0	0	0.0	2954.7742268089823	1	0	1	1.807107670313148
27154.009183433474	2000.0	1800.765043375518	0.0	0	0.0	2954.7742268089823	1	0	1	1.1961774540968184
27684.565775906605	1000.0	2270.2084509023844	0.0	0	0.0	2954.7742268089823	1	0	1	0.2153482010850928
28576.07944686226	2000.0	2289.543412851166	0.0	0	0.0	2865.6228597134213	1	0	2	0.5154352767934369
29272.74041632155	2000.0	2523.2163464459427	0.0	0	0.0	2795.956762767484	1	0	2	1.4156546676169126
30200.0	2000.0	2503.2308043996463	0.0	0	243.85102166828074	2703.2308043996345	1	0	2	1.423400019349192
31643.64900339788	2000.0	1915.2169006619768	0.0	0	0.0	2558.865904059843	1	0	2	1.4378337813192412
32475.417209526797	2000.0	2083.4486945330586	0.0	0	0.0	2558.865904059843	1	0	1	1.441233394479897
33407.58450611833	3000.0	2151.2813979415296	0.0	0	0.0	2558.865904059843	1	0	1	1.641233394479897
34683.669358094834	3000.0	1875.1965459650241	0.0	0	0.0	2558.8659040598395	1	0	1	2.0466985025880615
35629.12340518096	3000.0	1929.7424988789007	0.0	0	0.0	2558.865904059843	1	0	1	2.046698502588062
36473.35617440839	3000.0	2085.509729651466	0.0	0	0.0	2558.8659040598504	1	0	1	2.0466985025880615
37319.41349670605	3000.0	2239.4524073538105	0.0	0	0.0	2558.8659040598504	1	0	1	2.046698502588061
38339.670277021694	3000.0	2219.19562703817	0.0	0	0.0	2558.8659040598504	1	0	1	2.046698502588061
39353.56480406631	2000.0	2205.301099993553	0.0	0	0.0	2558.8659040598504	1	0	1	1.2357682863717316
40378.788997502175	3000.0	2180.0769065576824	0.0	0	0.0	2558.8659040598504	1	0	1	1.6412333944798965
42063.75479401571	3000.0	1326.6145303927933	0.0	0	0.0	2390.369324408486	1	0	2	1.6590202031224632
43391.55123260291	2000.0	998.8180918055815	0.0	0	0.0	2390.369324408486	1	0	1	1.052617944336868
44083.88143638133	2000.0	1237.2548676493288	0.0	0	0.0	2321.1363040306533	1	0	2	1.2632026975473634
44869.2639102774	2000.0	1451.8723937532588	0.0	0	0.0	2321.1363040306605	1	0	1	1.4650063544828151
45710.06425443044	2000.0	1611.07204960021	0.0	0	0.0	2321.136304030668	1	0	1	1.6650063544828144
46684.52638197612	3000.0	1636.6099220545364	0.0	0	0.0	2321.136304030668	1	0	1	1.6650063544828146
47678.30348511244	3000.0	1642.832818918216	0.0	0	0.0	2321.136304030668	1	0	1	2.0704714625909793
48261.20260064471	2000.0	2059.933703385942	0.0	0	0.0	2321.136304030668	1	0	1	1.2595412463746498
49200.0	2000.0	2121.136304030657	0.0	0	257.6414036694114	2321.136304030668	1	0	1	1.6650063544828144
50240.71425378847	2000.0	1976.350624863329	0.0	0	0.0	2217.064878651814	1	0	2	1.2724860207671638
51499.600778483495	2000.0	1591.5754476988004	0.0	0	0.0	2091.1762261823096	1	0	2	1.4849637019162385
52572.985517969384	2000.0	1518.1907082129212	0.0	0	0.0	2091.1762261823096	1	0	1	1.4880023622676504
54004.2533830146	2000.0	1086.9228431677025	0.0	0	0.0	2091.1762261823096	1	0	1	1.6880023622676505
55054.98660798698	2000.0	1036.1896181953184	0.0	0	0.0	2091.1762261823096	1	0	1	1.6880023622676505
55827.13492316833	2000.0	1264.0413030139716	0.0	0	0.0	2091.1762261823096	1	0	1	1.6880023622676505
56790.08455435773	2000.0	1301.0916718245649	0.0	0	0.0	2091.1762261823096	1	0	1	1.6880023622676505
57758.314009192356	2000.0	1332.862216989944	0.0	0	0.0	2091.1762261823096	1	0	1	1.6880023622676505
58200.0	1000.0	1891.1762261823017	0.0	0	100.01352750343358	2091.1762261823096	1	0	1	0.3017080011477601
59577.826666581655	2000.0	1513.3495596006492	0.0	0	0.0	2091.1762261823096	1	0	1	0.9948551817077053
61435.833079103635	2000.0	655.3431470786759	0.0	0	0.0	2091.1762261823096	1	0	1	1.6880023622676505
62596.839751219384	3000.0	494.33647496292883	0.0	0	0.0	2091.1762261823096	1	0	1	1.6880023622676505
63151.90188437823	2000.0	939.2743418040802	0.0	0	0.0	2091.1762261823096	1	0	1	1.282537254159486
63782.11193008931	2000.0	1309.0642960930033	0.0	0	0.0	2091.1762261823096	1	0	1	1.6880023622676505
64249.28274928513	2000.0	1841.8934768971922	0.0	0	0.0	2091.1762261823096	1	0	1	1.6880023622676505
65200.0	2000.0	1891.1762261823187	0.0	0	157.28389774831885	2091.1762261823096	1	0	1	1.6880023622676505
66200.0	2000.0	1891.1762261823285	0.0	0	46.2899272206414	2091.176226182324	1	0	1	1.6880023622676499
67200.0	2000.0	1891.1762261823167	0.0	0	107.34433553968847	2091.176226182324	1	0	1	1.6880023622676488
68397.45828268264	2000.0	1693.7179434996876	0.0	0	0.0	2091.1762261823314	1	0	1	1.6880023622676483
69472.70133743041	2000.0	1618.4748887519086	0.0	0	0.0	2091.176226182317	1	0	1	1.6880023622676497
70391.1357302636	2000.0	1700.0404959187208	0.0	0	0.0	2091.176226182317	1	0	1	1.6880023622676497
71378.54244767483	2000.0	1712.6337785074847	0.0	0	0.0	2091.1762261823023	1	0	1	1.688002362267651
72383.0903154215	2000.0	1708.085910760814	0.0	0	0.0	2091.1762261823023	1	0	1	1.688002362267651
73200.0	1000.0	1891.1762261823387	0.0	0	359.67363445612136	2091.176226182317	1	0	1	0.3017080011477593
74231.19128377206	1000.0	1859.9849424102877	0.0	0	0.0	2091.1762261823314	1	0	1	0.9948551817077032
75581.17279814277	2000.0	1510.0034280395662	0.0	0	0.0	2091.1762261823314	1	0	1	0.994855181707703
76618.79450019285	2000.0	1472.3817259894906	0.0	0	0.0	2091.1762261823314	1	0	1	1.6880023622676483
77659.29983499504	2000.0	1431.8763911873066	0.0	0	0.0	2091.1762261823314	1	0	1	1.6880023622676483
78842.86725398805	2000.0	1248.3089721943086	0.0	0	0.0	2091.176226182346	1	0	1	1.6880023622676466
79535.42645957861	2000.0	1555.7497666037323	0.0	0	0.0	2091.176226182346	1	0	1	1.6880023622676466
80810.84525340576	3000.0	1280.3309727765854	0.0	0	0.0	2091.176226182346	1	0	1	1.688002362267647
81612.31248789364	2000.0	1478.8637382887223	0.0	0	0.0	2091.176226182346	1	0	1	1.282537254159482
82453.33104044593	2000.0	1637.8451857364264	0.0	0	0.0	2091.176226182346	1	0	1	1.6880023622676466
83366.34977201797	2000.0	1724.8264541643791	0.0	0	0.0	2091.176226182346	1	0	1	1.6880023622676466
84200.0	2000.0	1891.1762261823699	0.0	0	194.8899265149812	2091.176226182346	1	0	1	1.6880023622676466
85200.0	2000.0	1891.1762261823812	0.0	0	151.53849906213873	2091.176226182346	1	0	1	1.6880023622676466
86200.0	2000.0	1891.1762261823894	0.0	0	439.54023389665235	2091.176226182346	1	0	1	1.6880023622676466
87200.0	2000.0	1891.1762261823897	0.0	0	260.6652033248829	2091.176226182346	1	0	1	1.6880023622676466
88274.42686257383	2000.0	1816.7493636085537	0.0	0	0.0	2091.176226182346	1	0	1	1.6880023622676466
89878.52430459567	2000.0	1212.651921586706	0.0	0	0.0	2091.176226182346	1	0	1	1.6880023622676466
91092.78221411539	1000.0	998.3940120669874	0.0	0	0.0	2091.176226182346	1	0	1	0.3017080011477564
91717.70715034546	1000.0	1373.4690758368902	0.0	0	0.0	2091.176226182346	1	0	1	0.9948551817077016
92213.00555612866	1000.0	1878.1706700536993	0.0	0	0.0	2091.176226182346	1	0	1	0.9948551817077016
93200.0	1000.0	1891.1762261823676	0.0	0	403.3148030061129	2091.176226182346	1	0	1	0.9948551817077016
94200.0	1000.0	1891.1762261823578	0.0	0	416.61676400464785	2091.176226182346	1	0	1	0.9948551817077016
95200.0	1000.0	1891.176226182349	0.0	0	283.6590777147503	2091.176226182346	1	0	1	0.9948551817077016
96221.19117779499	2000.0	1767.86593060788	0.0	0	0.0	1989.057108402878	1	0	2	0.6025833914684353
97200.0	2000.0	1789.0571084028786	0.0	0	331.6240703883086	1989.0571084028925	1	0	1	1.498214274045592
98200.0	1000.0	1789.0571084028577	0.0	0	432.02130857463635	1989.0571084028925	1	0	1	0.31191991292570176
99200.0	1000.0	1789.0571084028754	0.0	0	451.52451354482037	1989.057108402907	1	0	1	1.0050670934856456
100200.0	1000.0	1789.0571084028786	0.0	0	273.02539304608945	1989.057108402907	1	0	1	1.0050670934856456
101200.0	1000.0	1789.0571084029011	0.0	0	213.5186620647728	1989.0571084029216	1	0	1	1.005067093485644
102200.0	1000.0	1789.057108402898	0.0	0	170.09494569072558	1989.0571084029216	1	0	1	1.005067093485644
103200.0	1000.0	1789.0571084028934	0.0	0	348.9310191294353	1989.057108402907	1	0	1	1.0050670934856456
104294.54192785351	2000.0	1694.5151805493824	0.0	0	0.0	1989.057108402907	1	0	1	1.0050670934856454
105200.0	1000.0	1789.0571084028884	0.0	0	398.95419961634616	1989.057108402907	1	0	1	0.3119199129257003
106200.0	1000.0	1789.057108402899	0.0	0	62.438041331392014	1989.057108402907	1	0	1	1.0050670934856456
107200.0	1000.0	1789.0571084028954	0.0	0	206.3822448613064	1989.057108402907	1	0	1	1.0050670934856456
108200.0	1000.0	1789.057108402902	0.0	0	516.4595954222896	1989.057108402907	1	0	1	1.0050670934856456
109200.0	1000.0	1789.0571084029064	0.0	0	448.01970306786825	1989.0571084029216	1	0	1	1.005067093485644
110200.0	1000.0	1789.057108402909	0.0	0	468.761372112087	1989.0571084029216	1	0	1	1.005067093485644
111200.0	1000.0	1789.0571084029045	0.0	0	349.18471254476754	1989.0571084029361	1	0	1	1.0050670934856427
112200.0	1000.0	1789.0571084029054	0.0	0	141.95577088023128	1989.0571084029507	1	0	1	1.0050670934856412
113920.08962412816	2000.0	1068.9674842747595	0.0	0	0.0	1989.0571084029507	1	0	1	1.0050670934856412
115133.96139936072	2000.0	855.0957090422094	0.0	0	0.0	1989.0571084029507	1	0	1	1.6982142740455863
115791.19995623885	2000.0	1197.857152164077	0.0	0	0.0	1989.0571084029652	1	0	1	1.6982142740455846
116718.85337727789	2000.0	1270.2037311250413	0.0	0	0.0	1989.0571084029798	1	0	1	1.6982142740455832
117627.89508700943	3000.0	1361.1620213934884	0.0	0	0.0	1989.0571084029798	1	0	1	1.6982142740455834
118216.26835201457	3000.0	1772.7887563883662	0.0	0	0.0	1989.0571084029798	1	0	1	2.1036793821537483
119662.09159918026	3000.0	1326.9655092226628	0.0	0	0.0	1989.0571084029652	1	0	1	2.1036793821537496
120519.57360553517	1000.0	1469.483502867753	0.0	0	0.0	1989.0571084029798	1	0	1	-0.09354519518247162
121361.17638653435	1000.0	1627.8807218685718	0.0	0	0.0	1989.0571084029798	1	0	1	1.0050670934856383
122200.0	1000.0	1789.057108402916	0.0	0	139.35752549392055	1989.0571084029798	1	0	1	1.0050670934856383
123200.0	1000.0	1789.057108402931	0.0	0	357.41089167265454	1989.0571084029943	1	0	1	1.0050670934856367
124200.0	1000.0	1789.057108402933	0.0	0	431.30599081059336	1989.0571084029943	1	0	1	1.0050670934856367
125200.0	1000.0	1789.0571084029343	0.0	0	399.07532482502575	1989.0571084029943	1	0	1	1.0050670934856367
126200.0	1000.0	1789.0571084029343	0.0	0	301.7690247434657	1989.0571084029943	1	0	1	1.0050670934856367
127200.0	1000.0	1789.0571084029202	0.0	0	5.675720639672363	1989.0571084029943	1	0	1	1.0050670934856367
128200.0	1000.0	1789.0571084029132	0.0	0	50.391146958223544	1989.0571084029798	1	0	1	1.0050670934856383
129200.0	1000.0	1789.0571084029195	0.0	0	396.8874819687917	1989.0571084029943	1	0	1	1.0050670934856367
130200.0	1000.0	1789.0571084029227	0.0	0	459.85237265608157	1989.0571084029943	1	0	1	1.0050670934856367
131200.0	1000.0	1789.057108402909	0.0	0	655.9336229097244	1989.0571084029943	1	0	1	1.0050670934856367
132200.0	1000.0	1789.0571084028961	0.0	0	606.8142191721417	1989.0571084029798	1	0	1	1.0050670934856374
133200.0	1000.0	1789.057108402881	0.0	0	293.2013436505513	1989.0571084029507	1	0	1	1.00506709348564
134200.0	1000.0	1789.0571084028618	0.0	0	443.0544330579578	1989.0571084029798	1	0	1	1.0050670934856383
135200.0	1000.0	1789.0571084028338	0.0	0	462.21051926285145	1989.0571084029798	1	0	1	1.0050670934856383
136200.0	1000.0	1789.0571084028443	0.0	0	566.1790379129816	1989.0571084029798	1	0	1	1.0050670934856383
137200.0	1000.0	1789.057108402835	0.0	0	592.5378584729042	1989.0571084029507	1	0	1	1.0050670934856412
138200.0	1000.0	1789.0571084028477	0.0	0	488.55959422685555	1989.0571084029507	1	0	1	1.0050670934856412
139200.0	1000.0	1789.0571084028675	0.0	0	480.40782684850274	1989.0571084029507	1	0	1	1.0050670934856412
140200.0	1000.0	1789.0571084028866	0.0	0	341.3146661752253	1989.0571084029216	1	0	1	1.005067093485644
141200.0	1000.0	1789.057108402881	0.0	0	36.68975639069686	1989.0571084029216	1	0	1	1.005067093485644
142874.75181000397	1000.0	1114.3052983988566	0.0	0	0.0	1989.0571084028925	1	0	1	1.005067093485647
143717.1449754071	1000.0	1271.9121329957295	0.0	0	0.0	1989.0571084028634	1	0	1	1.0050670934856498
144777.49597021204	1000.0	1211.5611381907756	0.0	0	0.0	1989.0571084028634	1	0	1	1.0050670934856498
145545.2241456162	1000.0	1443.8329627866212	0.0	0	0.0	1989.0571084028925	1	0	1	1.005067093485647
146200.0	1000.0	1789.0571084027874	0.0	0	90.5316727400932	1989.0571084028925	1	0	1	1.005067093485647
147200.0	1000.0	1789.0571084027986	0.0	0	543.9601174608106	1989.0571084028925	1	0	1	1.005067093485647
148200.0	1000.0	1789.0571084028138	0.0	0	389.54748233177816	1989.0571084029216	1	0	1	1.005067093485644
149200.0	1000.0	1789.057108402776	0.0	0	18.915200155955972	1989.0571084029216	1	0	1	1.005067093485644
150553.39877692235	2000.0	1435.6583314804516	0.0	0	0.0	1989.0571084029216	1	0	1	1.005067093485644
151694.01871068068	2000.0	1295.0383977221356	0.0	0	0.0	1989.0571084029216	1	0	1	1.698214274045589
152748.00751920402	2000.0	1241.0495891987816	0.0	0	0.0	1989.0571084029507	1	0	1	1.6982142740455863
153914.82901181836	2000.0	1074.2280965844407	0.0	0	0.0	1989.0571084029507	1	0	1	1.6982142740455863
154773.1372132338	2000.0	1215.9198951690082	0.0	0	0.0	1989.0571084029507	1	0	1	1.6982142740455863
155398.06694940402	2000.0	1590.9901589987876	0.0	0	0.0	1989.0571084029507	1	0	1	1.6982142740455863
156200.0	2000.0	1789.0571084027983	0.0	0	200.36476313215098	1989.0571084029507	1	0	1	1.6982142740455863
157200.0	2000.0	1789.0571084028106	0.0	0	247.96655688300962	1989.0571084029798	1	0	1	1.6982142740455832
158200.0	2000.0	1789.057108402804	0.0	0	363.3503165282309	1989.0571084029507	1	0	1	1.6982142740455863
159200.0	2000.0	1789.057108402801	0.0	0	292.62895391500206	1989.0571084029507	1	0	1	1.6982142740455863
160200.0	2000.0	1789.0571084027963	0.0	0	161.03645925835008	1989.0571084029507	1	0	1	1.6982142740455863
161200.0	1000.0	1689.0571084027938	0.0	0	391.73660521718557	1889.0571084029216	1	0	2	-0.08196850651198465
162763.290063098	2000.0	1125.7670453048308	0.0	0	0.0	1889.0571084029216	1	0	1	0.815067093485645
163577.44476483625	2000.0	1311.6123435665727	0.0	0	0.0	1889.0571084028925	1	0	1	1.7082142740455908
164841.06391599344	3000.0	1047.9931924093985	0.0	0	0.0	1889.0571084028634	1	0	1	1.7082142740455946
165726.187685979	3000.0	1162.869422423825	0.0	0	0.0	1889.0571084028634	1	0	1	2.1136793821537596
166797.65444945786	3000.0	1091.402658944977	0.0	0	0.0	1889.0571084028343	1	0	1	2.1136793821537623
167755.9980325717	3000.0	1133.0590758311318	0.0	0	0.0	1889.0571084028343	1	0	1	2.1136793821537627
168554.53108324244	3000.0	1334.5260251603752	0.0	0	0.0	1889.0571084028343	1	0	1	2.1136793821537627
169310.1822906476	3000.0	1578.8748177552334	0.0	0	0.0	1889.0571084028343	1	0	1	2.1136793821537627
170200.0	3000.0	1689.057108402813	0.0	0	262.50659559638007	1889.0571084028343	1	0	1	2.1136793821537627
171200.0	3000.0	1689.057108402823	0.0	0	464.1038686657557	1889.0571084028343	1	0	1	2.1136793821537627
172200.0	2000.0	1689.057108402802	0.0	0	199.5635238107352	1889.0571084028343	1	0	1	1.3027491659374335
173442.6688728423	2000.0	1446.388235560485	0.0	0	0.0	1889.0571084028634	1	0	1	1.708214274045595
174200.0	2000.0	1689.0571084027915	0.0	0	25.523417199525284	1889.0571084028634	1	0	1	1.708214274045595
175200.0	2000.0	1689.0571084027924	0.0	0	165.92403966074926	1889.0571084028634	1	0	1	1.708214274045595
176200.0	2000.0	1689.0571084027993	0.0	0	200.34263928190921	1889.0571084028343	1	0	1	1.7082142740455981
177316.38720568293	2000.0	1572.6699027198881	0.0	0	0.0	1889.0571084028343	1	0	1	1.7082142740455981
178200.0	2000.0	1689.0571084028109	0.0	0	63.35073949713842	1889.0571084028634	1	0	1	1.708214274045595
179200.0	2000.0	1689.0571084028218	0.0	0	193.9506410001486	1889.0571084028343	1	0	1	1.7082142740455981
180294.7020218222	2000.0	1594.3550865806128	0.0	0	0.0	1889.0571084028343	1	0	1	1.7082142740455981
181995.47876920088	3000.0	893.5783392019192	0.0	0	0.0	1889.0571084028343	1	0	1	1.7082142740455981
182771.90133074837	2000.0	1117.1557776544514	0.0	0	0.0	1889.0571084028634	1	0	1	1.3027491659374304
183532.29570060264	2000.0	1356.7614078001934	0.0	0	0.0	1889.0571084028343	1	0	1	1.7082142740455981
184312.99049445396	2000.0	1576.0666139488794	0.0	0	0.0	1889.0571084028343	1	0	1	1.7082142740455981
185233.30859381505	3000.0	1655.7485145877965	0.0	0	0.0	1889.0571084028052	1	0	1	1.708214274045601
186200.0	2000.0	1689.057108402877	0.0	0	201.0213813217706	1889.0571084028052	1	0	1	1.3027491659374362
187200.0	2000.0	1689.0571084028584	0.0	0	282.54300271943794	1889.0571084028343	1	0	1	1.7082142740455981
188225.20115248315	2000.0	1663.8559559197001	0.0	0	0.0	1889.0571084028343	1	0	1	1.7082142740455981
189200.0	2000.0	1689.0571084028154	0.0	0	147.97031018396956	1889.0571084028634	1	0	1	1.708214274045595
190375.71614726723	2000.0	1513.3409611356042	0.0	0	0.0	1889.0571084028634	1	0	1	1.708214274045595
191818.26377496112	3000.0	1070.7933334417148	0.0	0	0.0	1889.0571084028634	1	0	1	1.708214274045595
192981.519571293	2000.0	907.5375371098472	0.0	0	0.0	1889.0571084028634	1	0	1	1.3027491659374304
193771.62900185294	2000.0	1117.4281065499133	0.0	0	0.0	1889.0571084028634	1	0	1	1.708214274045595
194671.34216879762	2000.0	1217.714939605237	0.0	0	0.0	1889.0571084028634	1	0	1	1.708214274045595
195454.49387258396	2000.0	1434.563235818921	0.0	0	0.0	1889.0571084028634	1	0	1	1.708214274045595
196200.0	2000.0	1689.0571084028502	0.0	0	68.71353681921028	1889.0571084028634	1	0	1	1.708214274045595
197200.0	2000.0	1689.0571084028632	0.0	0	468.5085334763862	1889.0571084028343	1	0	1	1.7082142740455981
198200.0	2000.0	1689.0571084028504	0.0	0	431.2294586306962	1889.0571084028634	1	0	1	1.708214274045595
199587.724563241	2000.0	1301.332545161823	0.0	0	0.0	1889.0571084028634	1	0	1	1.708214274045595
200200.0	1000.0	1689.0571084028477	0.0	0	111.79749137125327	1889.0571084028634	1	0	1	0.32191991292570465
201200.0	1000.0	1689.057108402825	0.0	0	351.2988953757158	1889.0571084028343	1	0	1	1.0150670934856527
202200.0	1000.0	1689.0571084028008	0.0	0	281.93914159125416	1889.0571084028343	1	0	1	1.0150670934856527
203200.0	1000.0	1689.0571084027983	0.0	0	272.25449885305716	1889.0571084028634	1	0	1	1.0150670934856498
204200.0	1000.0	1689.057108402828	0.0	0	406.6568726177211	1889.0571084028634	1	0	1	1.0150670934856498
205200.0	1000.0	1689.0571084028566	0.0	0	582.7981144486985	1889.0571084028634	1	0	1	1.0150670934856498
206200.0	1000.0	1689.0571084028716	0.0	0	665.3622851684631	1889.0571084028634	1	0	1	1.0150670934856498
207200.0	1000.0	1689.057108402854	0.0	0	642.7871268447198	1889.0571084028634	1	0	1	1.0150670934856498
208244.18205336586	1000.0	1644.8750550370385	0.0	0	0.0	1889.0571084028634	1	0	1	1.0150670934856498
209240.41215151915	1000.0	1648.6449568837302	0.0	0	0.0	1889.0571084028343	1	0	1	1.0150670934856527
210200.0	1000.0	1689.0571084028393	0.0	0	234.3348718934285	1889.0571084028634	1	0	1	1.0150670934856498
211200.0	1000.0	1689.0571084028213	0.0	0	596.0743367744144	1889.0571084028634	1	0	1	1.0150670934856498
212200.0	1000.0	1689.0571084028081	0.0	0	480.0019669609901	1889.0571084028634	1	0	1	1.0150670934856498
213200.0	1000.0	1689.0571084028177	0.0	0	626.6926094011287	1889.0571084028634	1	0	1	1.0150670934856498
214200.0	1000.0	1689.0571084028422	0.0	0	587.9035716474755	1889.0571084028925	1	0	1	1.015067093485647
215200.0	1000.0	1689.0571084028506	0.0	0	648.31943365591	1889.0571084028925	1	0	1	1.015067093485647
216200.0	1000.0	1689.057108402849	0.0	0	456.5187074273708	1889.0571084029216	1	0	1	1.015067093485644
217200.0	1000.0	1689.0571084028556	0.0	0	557.0586611963809	1889.0571084029216	1	0	1	1.015067093485644
218200.0	1000.0	1689.0571084028354	0.0	0	273.0912365417462	1889.0571084029216	1	0	1	1.015067093485644
219200.0	1000.0	1689.0571084028315	0.0	0	479.003801713523	1889.0571084029507	1	0	1	1.0150670934856412
220200.0	1000.0	1689.0571084028375	0.0	0	476.4246122443001	1889.0571084029507	1	0	1	1.0150670934856412
221200.0	1000.0	1689.0571084028425	0.0	0	544.272813726071	1889.0571084029507	1	0	1	1.0150670934856412
222200.0	1000.0	1689.0571084028481	0.0	0	628.5845005122537	1889.0571084029507	1	0	1	1.0150670934856412
223249.2214749877	1000.0	1639.8356334151451	0.0	0	0.0	1889.0571084029216	1	0	1	1.015067093485644
224200.0	1000.0	1689.0571084028381	0.0	0	150.6488581294543	1889.0571084028925	1	0	1	1.015067093485647
225670.20448631182	2000.0	1218.852622091035	0.0	0	0.0	1889.0571084028925	1	0	1	1.015067093485647
226647.54548153403	2000.0	1241.511626868797	0.0	0	0.0	1889.0571084028634	1	0	1	1.708214274045595
227291.4088362096	2000.0	1597.6482721932389	0.0	0	0.0	1889.0571084028634	1	0	1	1.708214274045595
228200.0	2000.0	1689.0571084028277	0.0	0	165.6017092190159	1889.0571084028634	1	0	1	1.708214274045595
229200.0	2000.0	1689.057108402807	0.0	0	143.27171514037764	1889.0571084028634	1	0	1	1.708214274045595
230200.0	2000.0	1689.0571084028313	0.0	0	184.10391381097725	1889.0571084028634	1	0	1	1.708214274045595
231200.0	2000.0	1689.0571084028084	0.0	0	271.48963926400756	1889.0571084028343	1	0	1	1.7082142740455981
232437.09375486895	2000.0	1451.9633535338528	0.0	0	0.0	1889.0571084028052	1	0	1	1.7082142740456008
233200.0	2000.0	1689.0571084027931	0.0	0	127.80449108724133	1889.0571084028052	1	0	1	1.7082142740456008
234200.0	2000.0	1689.0571084028052	0.0	0	333.847185998864	1889.0571084028052	1	0	1	1.7082142740456008
235200.0	2000.0	1689.057108402819	0.0	0	513.1326693769079	1889.057108402776	1	0	1	1.7082142740456034
236200.0	2000.0	1689.0571084028209	0.0	0	303.3526862912695	1889.057108402776	1	0	1	1.7082142740456034
237200.0	2000.0	1689.0571084027974	0.0	0	166.29725536648766	1889.057108402776	1	0	1	1.7082142740456034
238768.42238979234	2000.0	1120.6347186105008	0.0	0	0.0	1889.0571084028052	1	0	1	1.7082142740456026
239544.0649736079	1000.0	1344.9921347949587	0.0	0	0.0	1889.057108402776	1	0	1	0.32191991292571165
240467.05059731478	1000.0	1422.0065110880564	0.0	0	0.0	1889.057108402776	1	0	1	1.0150670934856585
241200.0	1000.0	1689.0571084028415	0.0	0	280.8129491387808	1889.057108402776	1	0	1	1.0150670934856585
242200.0	1000.0	1689.0571084028404	0.0	0	297.9627671324997	1889.057108402776	1	0	1	1.0150670934856585
243200.0	1000.0	1689.0571084028638	0.0	0	378.71856861768174	1889.057108402776	1	0	1	1.0150670934856585
244200.0	1000.0	1689.0571084028807	0.0	0	406.2884058240743	1889.057108402776	1	0	1	1.0150670934856585
245200.0	1000.0	1689.057108402893	0.0	0	457.3262303779484	1889.057108402776	1	0	1	1.0150670934856585
246200.0	1000.0	1689.0571084029084	0.0	0	598.3644628612674	1889.057108402776	1	0	1	1.0150670934856585
247200.0	1000.0	1689.0571084028777	0.0	0	511.2055571647943	1889.057108402776	1	0	1	1.0150670934856585
248200.0	1000.0	1689.0571084028784	0.0	0	159.31962435037713	1889.057108402776	1	0	1	1.0150670934856585
249200.0	1000.0	1689.0571084028802	0.0	0	7.379712781868875	1889.0571084028052	1	0	1	1.0150670934856556
250393.0447490653	1000.0	1496.0123593375824	0.0	0	0.0	1889.0571084028052	1	0	1	1.0150670934856556
251200.0	1000.0	1689.057108402887	0.0	0	73.97071274530026	1889.0571084028052	1	0	1	1.0150670934856556
252200.0	1000.0	1689.057108402879	0.0	0	573.1688780576515	1889.0571084028052	1	0	1	1.0150670934856556
253200.0	1000.0	1689.0571084028834	0.0	0	592.0505044136371	1889.0571084028052	1	0	1	1.0150670934856556
254200.0	1000.0	1689.05710840285	0.0	0	321.83780857379315	1889.057108402776	1	0	1	1.0150670934856585
255200.0	1000.0	1689.057108402842	0.0	0	402.85782646748703	1889.057108402776	1	0	1	1.0150670934856585
256200.0	1000.0	1689.057108402845	0.0	0	411.4659885291767	1889.057108402776	1	0	1	1.0150670934856585
257725.8199864479	2000.0	1163.2371219549452	0.0	0	0.0	1889.057108402776	1	0	1	1.0150670934856585
258200.0	1000.0	1689.0571084028888	0.0	0	44.4571873411478	1889.0571084028052	1	0	1	0.3219199129257105
259200.0	1000.0	1689.0571084028657	0.0	0	241.22973034568713	1889.0571084028052	1	0	1	1.0150670934856556
260200.0	1000.0	1689.057108402875	0.0	0	224.52044187102	1889.0571084028052	1	0	1	1.0150670934856556
261200.0	1000.0	1689.05710840288	0.0	0	342.7050402354216	1889.057108402776	1	0	1	1.0150670934856585
262200.0	1000.0	1689.0571084028493	0.0	0	234.73719364317367	1889.057108402776	1	0	1	1.0150670934856585
263200.0	1000.0	1689.0571084027974	0.0	0	271.46111554437084	1889.057108402747	1	0	1	1.0150670934856603
264200.0	1000.0	1689.0571084027774	0.0	0	374.8046030177502	1889.0571084027179	1	0	1	1.0150670934856638
265200.0	1000.0	1689.0571084028068	0.0	0	472.03423238627147	1889.0571084027179	1	0	1	1.0150670934856645
266200.0	2000.0	1689.0571084028195	0.0	0	305.32569738739403	1889.0571084027179	1	0	1	1.0150670934856645
267200.0	2000.0	1689.0571084028259	0.0	0	359.7154226064449	1889.0571084027179	1	0	1	1.7082142740456097
268200.0	2000.0	1689.0571084028618	0.0	0	455.196548253356	1889.0571084026597	1	0	1	1.7082142740456152
269200.0	1000.0	1689.057108402864	0.0	0	246.2147842220147	1889.0571084026014	1	0	1	0.32191991292573086
270200.0	1000.0	1689.0571084028675	0.0	0	144.4197937627905	1889.0571084026597	1	0	1	1.0150670934856703
271200.0	1000.0	1689.057108402843	0.0	0	125.66855564643629	1889.0571084026014	1	0	1	1.015067093485676
272200.0	1000.0	1689.0571084028115	0.0	0	164.356379984878	1889.0571084026014	1	0	1	1.015067093485676
273200.0	1000.0	1689.0571084028452	0.0	0	304.8496987996623	1889.0571084026014	1	0	1	1.015067093485676
274200.0	1000.0	1689.0571084028118	0.0	0	97.40300105250208	1889.0571084026014	1	0	1	1.015067093485676
275200.0	1000.0	1689.0571084027779	0.0	0	27.778394358465448	1889.0571084026014	1	0	1	1.015067093485676
276419.14801632223	1000.0	1469.9090920805322	0.0	0	0.0	1889.0571084025432	1	0	1	1.0150670934856771
277254.5430113479	1000.0	1634.5140970548703	0.0	0	0.0	1889.0571084025432	1	0	1	1.0150670934856818
278200.0	1000.0	1689.0571084027217	0.0	0	395.9429624900222	1889.057108402485	1	0	1	1.0150670934856878
279200.0	1000.0	1689.0571084027254	0.0	0	376.09755178156774	1889.057108402485	1	0	1	1.0150670934856878
280200.0	1000.0	1689.0571084026963	0.0	0	612.1706694882014	1889.0571084025432	1	0	1	1.0150670934856818
281200.0	1000.0	1689.0571084026344	0.0	0	543.5809077945305	1889.0571084025432	1	0	1	1.0150670934856818
282200.0	1000.0	1689.0571084026224	0.0	0	459.31439008918824	1889.0571084025432	1	0	1	1.0150670934856818
283200.0	1000.0	1689.0571084026633	0.0	0	194.97788058011793	1889.0571084025432	1	0	1	1.0150670934856818
284200.0	1000.0	1689.0571084026637	0.0	0	338.80601080687484	1889.057108402485	1	0	1	1.0150670934856878
285200.0	1000.0	1689.0571084026435	0.0	0	510.42471575009404	1889.057108402485	1	0	1	1.0150670934856878
286200.0	1000.0	1689.0571084026274	0.0	0	622.9706373076187	1889.0571084025432	1	0	1	1.0150670934856818
287200.0	1000.0	1689.0571084026444	0.0	0	376.06099702970823	1889.0571084026014	1	0	1	1.015067093485676
288200.0	1000.0	1689.0571084027215	0.0	0	229.8239313441445	1889.0571084026014	1	0	1	1.015067093485676
289200.0	1000.0	1689.0571084027315	0.0	0	244.30219999986002	1889.0571084026597	1	0	1	1.0150670934856703
290200.0	1000.0	1689.057108402682	0.0	0	56.99156066449359	1889.0571084026597	1	0	1	1.0150670934856703
291870.51509421284	1000.0	1018.5420141898153	0.0	0	0.0	1889.0571084026597	1	0	1	1.0150670934856703
293098.8734015976	1000.0	790.1837068050849	0.0	0	0.0	1889.0571084027179	1	0	1	1.0150670934856645
294140.42734672443	1000.0	748.6297616782947	0.0	0	0.0	1889.0571084027179	1	0	1	1.0150670934856645
294762.21011402097	1000.0	1126.846994381764	0.0	0	0.0	1889.057108402776	1	0	1	1.0150670934856585
295362.97489177145	1000.0	1526.0822166312846	0.0	0	0.0	1889.0571084027179	1	0	1	1.0150670934856645
296200.0	1000.0	1689.0571084027786	0.0	0	420.6585019240156	1889.0571084026597	1	0	1	1.0150670934856703
297200.0	1000.0	1689.0571084027845	0.0	0	234.7207389489049	1889.0571084026597	1	0	1	1.0150670934856703
298200.0	1000.0	1689.0571084028188	0.0	0	104.6817590824794	1889.0571084026597	1	0	1	1.0150670934856703
299200.0	1000.0	1689.057108402828	0.0	0	201.63974271598272	1889.0571084026597	1	0	1	1.0150670934856703
300200.0	1000.0	1689.05710840288	0.0	0	296.7827340691583	1889.0571084026014	1	0	1	1.015067093485676
2.61	2.46	2.95	3.32	2.75	2.31	2.72	1.4	1.61	2.15	2.81	3.37	3.5	3.43	4.0	4.4	4.91	4.61	2.51	2.1	2.34	2.88	2.86	1.83	2.41	2.65	1.65	2.1	2.76	3.32	3.31	3.34	3.13	2.54	2.31	2.37	2.22	1.85	1.87	2.34	2.85	3.45	3.98	4.15	2.77	1.66	1.95	2.07	1.7	1.27	1.99	2.53	2.46	2.51	0.88	1.01	1.63	2.15	2.91	3.46	3.45	2.37	2.56	1.96	1.51	2.22	2.28	2.46	2.02	1.0	1.07	1.49	1.84	2.28	2.26	2.64	3.39	2.1	2.0	2.62	3.21	3.53	3.53	2.53	1.6	1.33	1.01	2.18	1.55	1.96	1.96	2.28	2.59	1.63	1.41	1.04	1.12	1.58	2.09	2.42	1.95	1.34	1.49	1.66	1.95	1.66	1.68	1.36	1.58	1.64	2.13	2.7	3.42	4.03	2.9	1.41	1.22	1.25	1.39	1.77	1.41	1.05	0.93	1.27	1.76	2.37	2.86	2.32	1.7	1.67	2.13	2.43	1.98	1.6	1.83	1.77	1.07	0.75	0.87	0.95	1.39	2.06	2.27	1.63	1.33	1.84	1.46	1.62	1.63	2.35	2.61	2.46	2.95	3.32	2.75	2.31	2.72	1.4	1.61	2.15	2.81	3.37	3.5	3.43	4.0	4.4	4.91	4.61	2.51	2.1	2.34	2.88	2.86	1.83	2.41	2.65	1.65	2.1	2.76	3.32	3.31	3.34	3.13	2.54	2.31	2.37	2.22	1.85	1.87	2.34	2.85	3.45	3.98	4.15	2.77	1.66	1.95	2.07	1.7	1.27	1.99	2.53	2.46	2.51	0.88	1.01	1.63	2.15	2.91	3.46	3.45	2.37	2.56	1.96	1.51	2.22	2.28	2.46	2.02	1.0	1.07	1.49	1.84	2.28	2.26	2.64	3.39	2.1	2.0	2.62	3.21	3.53	3.53	2.53	1.6	1.33	1.01	2.18	1.55	1.96	1.96	2.28	2.59	1.63	1.41	1.04	1.12	1.58	2.09	2.42	1.95	1.34	1.49	1.66	1.95	1.66	1.68	1.36	1.58	1.64	2.13	2.7	3.42	4.03	2.9	1.41	1.22	1.25	1.39	1.77	1.41	1.05	0.93	1.27	1.76	2.37	2.86	2.32	1.7	1.67	2.13	2.43	1.98	1.6	1.83	1.77	1.07	0.75	0.87	0.95	1.39	2.06	2.27	1.63	1.33	1.84	1.46	1.62	1.63	2.35
1.0	2.0	3.0	4.0	5.0	6.0	7.0	8.0	9.0	10.0	11.0	12.0	13.0	14.0	15.0	16.0	17.0	18.0	19.0	20.0	21.0	22.0	23.0	24.0	25.0	26.0	27.0	28.0	29.0	30.0	31.0	32.0	33.0	34.0	35.0	36.0	37.0	38.0	39.0	40.0	41.0	42.0	43.0	44.0	45.0	46.0	47.0	48.0	49.0	50.0	51.0	52.0	53.0	54.0	55.0	56.0	57.0	58.0	59.0	60.0	61.0	62.0	63.0	64.0	65.0	66.0	67.0	68.0	69.0	70.0	71.0	72.0	73.0	74.0	75.0	76.0	77.0	78.0	79.0	80.0	81.0	82.0	83.0	84.0	85.0	86.0	87.0	88.0	89.0	90.0	91.0	92.0	93.0	94.0	95.0	96.0	97.0	98.0	99.0	100.0	101.0	102.0	103.0	104.0	105.0	106.0	107.0	108.0	109.0	110.0	111.0	112.0	113.0	114.0	115.0	116.0	117.0	118.0	119.0	120.0	121.0	122.0	123.0	124.0	125.0	126.0	127.0	128.0	129.0	130.0	131.0	132.0	133.0	134.0	135.0	136.0	137.0	138.0	139.0	140.0	141.0	142.0	143.0	144.0	145.0	146.0	147.0	148.0	149.0	149.0	150.0	151.0	152.0	153.0	154.0	155.0	156.0	157.0	158.0	159.0	160.0	161.0	162.0	163.0	164.0	165.0	166.0	167.0	168.0	169.0	170.0	171.0	172.0	173.0	174.0	175.0	176.0	177.0	178.0	179.0	180.0	181.0	182.0	183.0	184.0	185.0	186.0	187.0	188.0	189.0	190.0	191.0	192.0	193.0	194.0	195.0	196.0	197.0	198.0	199.0	200.0	201.0	202.0	203.0	204.0	205.0	206.0	207.0	208.0	209.0	210.0	211.0	212.0	213.0	214.0	215.0	216.0	217.0	218.0	219.0	220.0	221.0	222.0	223.0	224.0	225.0	226.0	227.0	228.0	229.0	230.0	231.0	232.0	233.0	234.0	235.0	236.0	237.0	238.0	239.0	240.0	241.0	242.0	243.0	244.0	245.0	246.0	247.0	248.0	249.0	250.0	251.0	252.0	253.0	254.0	255.0	256.0	257.0	258.0	259.0	260.0	261.0	262.0	263.0	264.0	265.0	266.0	267.0	268.0	269.0	270.0	271.0	272.0	273.0	274.0	275.0	276.0	277.0	278.0	279.0	280.0	281.0	282.0	283.0	284.0	285.0	286.0	287.0	288.0	289.0	290.0	291.0	292.0	293.0	294.0	295.0	296.0	297.0	298.0	298.0
4363.322379971042
