4177.656898520166	300.0	2000.0	106.05047467516474	0	0.0	4177.656898520166	1	0	1	-1.052373977380952
5012.624823013101	3000.0	2081.5352830577704	0.0	0	0.0	4094.1601060708717	1	0	2	-0.8115093867729083
5899.349292617153	3000.0	2106.1383664933132	0.0	0	0.0	4005.487659110466	1	0	2	1.6995695726407298
6910.482698180297	3000.0	1993.891620373855	0.0	0	0.0	3904.374318554151	1	0	2	1.7095210107575498
7886.818487230618	3000.0	1919.9222524185016	0.0	0	0.0	3806.740739649118	1	0	2	1.7193087043556032
8821.016941820228	3000.0	1892.3039523699297	0.0	0	0.0	3713.3208941901567	1	0	2	1.7286325862021719
9564.586523601192	3000.0	2074.3774124108686	0.0	0	0.0	3638.96393601206	1	0	2	1.7369887069745757
10417.889943452385	3000.0	2135.743650574559	0.0	0	0.0	3553.6335940269437	1	0	2	1.744924153407068
11297.803658453226	3000.0	2167.838564073637	0.0	0	0.0	3465.6422225268634	1	0	2	1.7539635641187679
12043.651027946124	3000.0	2347.406457631451	0.0	0	0.0	3391.057485577576	1	0	2	1.761524321703942
12636.280054809757	3000.0	2695.514528081453	0.0	0	0.0	3331.7945828912107	1	0	2	1.767830543950354
13337.604901079529	3000.0	2924.0571971847044	0.0	0	0.0	3261.6620982642344	1	0	2	1.7746307478071528
14200.0	3000.0	2975.4225883721856	0.0	0	131.68664755325335	3175.4225883721883	1	0	2	1.782292762031021
15200.0	3000.0	2875.4225883721856	0.0	0	83.39675205098865	3075.4225883721883	1	0	2	1.7919858777936464
16200.0	3000.0	2775.422588372186	0.0	0	176.53749155610421	2975.4225883721883	1	0	2	1.8015322199691113
17200.0	3000.0	2675.4225883721856	0.0	0	304.6907736215726	2875.4225883721865	1	0	2	1.8115537487935192
18200.0	3000.0	2575.422588372186	0.0	0	456.6579478134008	2775.422588372183	1	0	2	1.821134501574364
19200.0	3000.0	2475.4225883721874	0.0	0	53.50019322290609	2675.4225883721847	1	0	2	1.832434795860999
20200.0	3000.0	2475.4225883721883	0.0	0	244.26889053244668	2675.4225883721847	1	0	1	1.8350428341568277
21200.0	3000.0	2475.422588372186	0.0	0	452.91023315390703	2675.4225883721847	1	0	1	2.035042834156828
22347.328911433186	3000.0	2328.093676939	0.0	0	0.0	2675.4225883721847	1	0	1	2.035042834156828
23510.57176703459	3000.0	2048.5265357774542	0.0	0	0.0	2559.09830281205	1	0	2	1.6437089190039424
24513.790343848577	3000.0	2045.3079589634672	0.0	0	0.0	2559.0983028120463	1	0	1	1.8466752627128413
25200.0	3000.0	2359.0983028120445	0.0	0	96.10907717307418	2559.0983028120463	1	0	1	2.0466752627128413
26200.0	3000.0	2359.0983028120454	0.0	0	87.2882429368583	2559.0983028120463	1	0	1	2.0466752627128413
27200.0	3000.0	2359.098302812046	0.0	0	93.28553724968879	2559.0983028120427	1	0	1	2.0466752627128417
28200.0	3000.0	2259.0983028120468	0.0	0	454.75655887636094	2459.0983028120463	1	0	2	1.6528015037182875
29350.812073818543	3000.0	2108.2862289935024	0.0	0	0.0	2459.0983028120463	1	0	1	1.8566752627128413
30238.760055472554	3000.0	2220.3382473394913	0.0	0	0.0	2459.09830281205	1	0	1	2.056675262712841
31200.0	3000.0	2259.098302812044	0.0	0	101.24282111296634	2459.09830281205	1	0	1	2.056675262712841
32200.0	3000.0	2159.098302812045	0.0	0	88.05229278580009	2359.09830281205	1	0	2	1.663670523081172
33200.0	3000.0	2059.098302812039	0.0	0	152.4488917661729	2259.0983028120427	1	0	2	1.8734887665173319
34200.0	3000.0	2059.098302812045	0.0	0	264.93430015166814	2259.09830281205	1	0	1	1.8766752627128414
35200.0	3000.0	2059.098302812047	0.0	0	101.43217638022907	2259.0983028120536	1	0	1	2.076675262712841
36200.0	3000.0	2059.098302812041	0.0	0	360.74598921614233	2259.0983028120536	1	0	1	2.0766752627128406
37202.83888337761	3000.0	2056.2594194344265	0.0	0	179.81854888654925	2259.0983028120536	1	0	1	2.0766752627128406
38304.461517492586	3000.0	1954.6367853194502	0.0	0	0.0	2259.0983028120536	1	0	1	2.0766752627128406
39354.69503222699	3000.0	1904.403270585048	0.0	0	0.0	2259.0983028120536	1	0	1	2.0766752627128406
40401.01638327714	3000.0	1858.0819195349022	0.0	0	0.0	2259.0983028120536	1	0	1	2.0766752627128406
41461.2107012921	3000.0	1797.8876015199446	0.0	0	0.0	2259.098302812061	1	0	1	2.0766752627128398
42502.531505629704	3000.0	1756.5667971823398	0.0	0	0.0	2259.098302812061	1	0	1	2.0766752627128398
43542.91872913311	3000.0	1716.1795736789304	0.0	0	0.0	2259.0983028120536	1	0	1	2.0766752627128406
44203.87628925664	3000.0	2055.2220135554053	0.0	0	0.0	2259.0983028120536	1	0	1	2.0766752627128406
45200.0	3000.0	2059.0983028120513	0.0	0	172.415379861799	2259.0983028120536	1	0	1	2.0766752627128406
46200.0	3000.0	2059.098302812049	0.0	0	150.6462610271119	2259.0983028120536	1	0	1	2.0766752627128406
47200.0	3000.0	1959.0983028120495	0.0	0	357.9012593266889	2159.0983028120536	1	0	2	1.682878469776921
48200.0	3000.0	1859.0983028120431	0.0	0	133.18783415635698	2059.0983028120463	1	0	2	1.8937020123491055
49200.0	3000.0	1859.0983028120465	0.0	0	306.59653743998933	2059.0983028120463	1	0	1	1.8966752627128414
50200.0	3000.0	1859.0983028120509	0.0	0	81.53740461501002	2059.098302812039	1	0	1	2.096675262712842
51270.67370954823	3000.0	1788.4245932638166	0.0	0	0.0	2059.098302812039	1	0	1	2.096675262712842
52355.85927993591	3000.0	1703.239022876142	0.0	0	0.0	2059.098302812039	1	0	1	2.096675262712842
53200.0	3000.0	1859.0983028120556	0.0	0	0.824360298414831	2059.098302812039	1	0	1	2.096675262712842
54200.0	3000.0	1859.098302812062	0.0	0	157.28157696686685	2059.098302812039	1	0	1	2.096675262712842
55200.0	3000.0	1859.0983028120631	0.0	0	220.05833813997015	2059.098302812039	1	0	1	2.096675262712842
56200.0	3000.0	1859.0983028120609	0.0	0	222.72301305102883	2059.0983028120463	1	0	1	2.0966752627128415
57200.0	3000.0	1859.0983028120595	0.0	0	189.4824829161007	2059.0983028120463	1	0	1	2.0966752627128415
58200.0	3000.0	1859.098302812056	0.0	0	269.6561200772994	2059.0983028120463	1	0	1	2.0966752627128415
59200.0	3000.0	1859.098302812059	0.0	0	30.03083958222851	2059.0983028120463	1	0	1	2.0966752627128415
60200.0	3000.0	1859.0983028120597	0.0	0	320.3631415009222	2059.0983028120536	1	0	1	2.0966752627128407
61200.0	3000.0	1859.0983028120531	0.0	0	19.998519346205285	2059.0983028120536	1	0	1	2.0966752627128407
62200.0	3000.0	1859.0983028120615	0.0	0	223.88782301466563	2059.0983028120536	1	0	1	2.0966752627128407
63200.0	3000.0	1859.0983028120645	0.0	0	353.2615220669686	2059.0983028120536	1	0	1	2.0966752627128407
64200.0	3000.0	1859.0983028120606	0.0	0	90.25638289153721	2059.0983028120536	1	0	1	2.0966752627128407
65200.0	3000.0	1859.0983028120588	0.0	0	57.501207674817124	2059.0983028120536	1	0	1	2.0966752627128407
66200.0	3000.0	1859.0983028120656	0.0	0	205.0014587592741	2059.098302812061	1	0	1	2.0966752627128407
67200.0	3000.0	1859.0983028120577	0.0	0	326.969864251907	2059.0983028120463	1	0	1	2.09667526271284
68433.71495813037	3000.0	1502.0118488686628	0.0	0	0.0	1935.7268069990096	1	0	2	1.7064098299187314
69210.92982088936	3000.0	1724.7969861096808	0.0	0	0.0	1935.7268069990387	1	0	1	1.9090124122941425
70200.0	3000.0	1735.7268069990384	0.0	0	95.0123185103439	1935.7268069990387	1	0	1	2.1090124122941423
71200.0	3000.0	1735.726806999043	0.0	0	207.7331659454212	1935.7268069990387	1	0	1	2.1090124122941423
72345.60879034257	3000.0	1590.1180166564786	0.0	0	0.0	1935.7268069990387	1	0	1	2.1090124122941423
73416.0080383613	3000.0	1519.7187686377492	0.0	0	0.0	1935.7268069990387	1	0	1	2.1090124122941423
74382.43108717709	3000.0	1553.2957198219508	0.0	0	0.0	1935.7268069990387	1	0	1	2.1090124122941423
75562.0810958116	3000.0	1373.6457111874172	0.0	0	0.0	1935.7268069990387	1	0	1	2.1090124122941423
76510.00054458312	3000.0	1425.7262624158993	0.0	0	0.0	1935.7268069990532	1	0	1	2.109012412294141
77389.38795824004	3000.0	1546.338848758979	0.0	0	0.0	1935.7268069990387	1	0	1	2.1090124122941423
78322.3190544313	3000.0	1613.4077525677294	0.0	0	0.0	1935.7268069990532	1	0	1	2.109012412294141
79200.0	3000.0	1735.7268069990212	0.0	0	315.1175294349523	1935.7268069990387	1	0	1	2.1090124122941423
80254.12031737501	3000.0	1681.6064896240173	0.0	0	0.0	1935.7268069990241	1	0	1	2.1090124122941436
81200.0	3000.0	1735.7268069990366	0.0	0	76.219118654466	1935.7268069990241	1	0	1	2.1090124122941436
82425.01064299334	3000.0	1510.7161640056909	0.0	0	0.0	1935.7268069990241	1	0	1	2.1090124122941436
83448.87226386426	3000.0	1486.8545431347643	0.0	0	0.0	1935.7268069990241	1	0	1	2.1090124122941436
84200.0	3000.0	1735.726806999027	0.0	0	61.07534655640484	1935.7268069990241	1	0	1	2.1090124122941436
85200.0	3000.0	1735.7268069990123	0.0	0	234.98194365865493	1935.7268069990241	1	0	1	2.1090124122941436
86200.0	3000.0	1735.726806999032	0.0	0	334.5234605230071	1935.7268069990241	1	0	1	2.1090124122941436
87200.0	3000.0	1735.726806999038	0.0	0	268.1566277691454	1935.7268069990096	1	0	1	2.109012412294145
88203.17189299656	3000.0	1732.5549140024764	0.0	0	0.0	1935.726806998995	1	0	1	2.1090124122941467
89200.0	3000.0	1735.726806999034	0.0	0	83.07232332986314	1935.7268069990096	1	0	1	2.109012412294145
90200.0	3000.0	1735.7268069990332	0.0	0	303.57709790967056	1935.7268069990096	1	0	1	2.109012412294145
91200.0	3000.0	1735.7268069990307	0.0	0	169.24400409249938	1935.7268069990096	1	0	1	2.109012412294145
92200.0	2000.0	1735.7268069990398	0.0	0	436.9797154036205	1935.7268069990096	1	0	1	1.2980821960778157
93200.0	3000.0	1735.7268069990341	0.0	0	134.75875172721862	1935.7268069990096	1	0	1	1.7035473041859803
94200.0	3000.0	1735.7268069990353	0.0	0	444.0290051753109	1935.7268069990096	1	0	1	2.109012412294145
95200.0	3000.0	1735.7268069990278	0.0	0	393.28669712113333	1935.7268069990096	1	0	1	2.109012412294145
96201.3545313586	3000.0	1734.3722756404363	0.0	0	0.0	1935.7268069990241	1	0	1	2.1090124122941436
97294.17295194228	3000.0	1641.5538550567692	0.0	0	0.0	1935.7268069990241	1	0	1	2.1090124122941436
98203.57411086895	3000.0	1732.1526961301092	0.0	0	0.0	1935.7268069990241	1	0	1	2.1090124122941436
99421.33021410239	3000.0	1514.3965928966754	0.0	0	0.0	1935.7268069990241	1	0	1	2.1090124122941436
100200.0	3000.0	1735.7268069990573	0.0	0	92.36801063307212	1935.7268069990241	1	0	1	2.1090124122941436
101200.0	3000.0	1735.7268069990696	0.0	0	334.4973736446409	1935.7268069990241	1	0	1	2.1090124122941436
102200.0	3000.0	1635.7268069990728	0.0	0	117.7468608301715	1835.7268069990387	1	0	2	1.7158992078414619
103200.0	3000.0	1535.7268069990455	0.0	0	198.2558615468588	1735.7268069990241	1	0	2	1.9255476708123933
104200.0	3000.0	1535.7268069990446	0.0	0	178.91264343218063	1735.7268069990241	1	0	1	1.9290124122941434
105200.0	3000.0	1535.726806999043	0.0	0	105.17210439314658	1735.7268069990241	1	0	1	2.1290124122941436
106200.0	3000.0	1535.7268069990325	0.0	0	245.3851854627137	1735.7268069990241	1	0	1	2.1290124122941436
107200.0	3000.0	1535.7268069990262	0.0	0	155.5169494379079	1735.7268069990241	1	0	1	2.1290124122941436
108200.0	3000.0	1535.726806999037	0.0	0	91.2839878218947	1735.7268069990241	1	0	1	2.1290124122941436
109200.0	3000.0	1535.726806999038	0.0	0	69.56300408774405	1735.7268069990096	1	0	1	2.129012412294145
110200.0	3000.0	1535.7268069990353	0.0	0	232.40908136355574	1735.7268069990096	1	0	1	2.129012412294145
111200.0	3000.0	1535.726806999024	0.0	0	542.353234828217	1735.7268069990096	1	0	1	2.129012412294145
112200.0	3000.0	1435.7268069990105	0.0	0	94.16766075513442	1635.726806998995	1	0	2	1.7360565837960746
113200.0	3000.0	1435.7268069989962	0.0	0	419.51421730163565	1635.726806998995	1	0	1	1.9390124122941466
114200.0	3000.0	1435.7268069989973	0.0	0	108.93229433466331	1635.726806998995	1	0	1	2.1390124122941465
115359.9656026997	3000.0	1275.7612042993119	0.0	0	0.0	1635.7268069990096	1	0	1	2.139012412294146
116200.0	3000.0	1435.7268069990103	0.0	0	31.387080826738384	1635.7268069990096	1	0	1	2.139012412294145
117200.0	3000.0	1435.726806999002	0.0	0	492.963569297528	1635.7268069990096	1	0	1	2.139012412294145
118200.0	3000.0	1435.7268069990128	0.0	0	70.50339379814977	1635.7268069990241	1	0	1	2.139012412294144
119238.85611335159	3000.0	1396.8706936474236	0.0	0	0.0	1635.7268069990241	1	0	1	2.139012412294144
120200.0	3000.0	1435.726806999027	0.0	0	87.78756243514363	1635.7268069990241	1	0	1	2.139012412294144
121200.0	3000.0	1435.726806999022	0.0	0	321.3516484130523	1635.7268069990241	1	0	1	2.139012412294144
122200.0	3000.0	1435.7268069990228	0.0	0	126.30441096419236	1635.7268069990241	1	0	1	2.139012412294144
123200.0	3000.0	1435.7268069990191	0.0	0	433.1766985025024	1635.7268069990096	1	0	1	2.139012412294145
124200.0	3000.0	1435.7268069990253	0.0	0	49.221149961915216	1635.7268069990096	1	0	1	2.139012412294145
125200.0	3000.0	1435.7268069990218	0.0	0	40.55950465195929	1635.7268069990096	1	0	1	2.139012412294145
126200.0	3000.0	1435.726806999025	0.0	0	165.07502827428107	1635.7268069990096	1	0	1	2.139012412294145
127710.06726871931	3000.0	925.6595382797195	0.0	0	0.0	1635.7268069990096	1	0	1	2.139012412294145
128610.43633504162	3000.0	1025.2904719573946	0.0	0	0.0	1635.7268069990096	1	0	1	2.139012412294145
129822.32991642406	3000.0	813.3968905749564	0.0	0	0.0	1635.7268069990096	1	0	1	2.139012412294145
131189.74637332713	3000.0	445.9804336718792	0.0	0	0.0	1635.7268069990096	1	0	1	2.139012412294145
132544.13358170885	3000.0	446.75308815462404	355.15986286445946	0	0.0	1990.886669863481	1	0	1	-0.027462751179057998
133384.57034545427	2000.0	606.3163244092084	0.0	0	0.0	1990.886669863481	1	0	1	1.2925662097913682
134391.91268925543	2000.0	598.9739806080511	0.0	0	0.0	1990.886669863481	1	0	1	1.6980313178995332
135164.05865990554	2000.0	826.8280099579854	0.0	0	0.0	1990.8866698635102	1	0	1	1.6980313178995319
136313.70425288982	3000.0	677.182416973696	0.0	0	0.0	1990.8866698635102	1	0	1	1.6980313178995303
137111.6693620432	3000.0	879.2173078202975	0.0	0	0.0	1990.8866698635102	1	0	1	2.1034964260076947
138172.3381775165	3000.0	818.5484923470053	0.0	0	0.0	1990.8866698635102	1	0	1	2.1034964260076947
138852.7966260465	3000.0	1138.0900438170147	0.0	0	0.0	1990.8866698635102	1	0	1	2.1034964260076947
140012.3576962453	3000.0	978.5289736181978	0.0	0	0.0	1990.8866698635393	1	0	1	2.103496426007692
140907.18905592582	3000.0	1083.6976139376943	0.0	0	0.0	1990.8866698635684	1	0	1	2.1034964260076894
141647.92300274374	3000.0	1342.9636671197397	0.0	0	0.0	1990.8866698635684	1	0	1	2.1034964260076894
142562.96477024892	3000.0	1427.9218996145605	0.0	0	0.0	1990.8866698635684	1	0	1	2.1034964260076894
143664.29793390303	3000.0	1326.5887359604367	0.0	0	0.0	1990.8866698635684	1	0	1	2.1034964260076894
144545.1388567698	3000.0	1445.747813093624	0.0	0	0.0	1990.8866698635684	1	0	1	2.1034964260076894
145547.20364798766	3000.0	1443.68302187576	0.0	0	0.0	1990.8866698635684	1	0	1	2.1034964260076894
146200.0	3000.0	1790.8866698633988	0.0	0	50.87349458949757	1990.8866698635975	1	0	1	2.1034964260076863
147200.0	3000.0	1790.8866698633863	0.0	0	71.83594517153688	1990.8866698635975	1	0	1	2.1034964260076863
148200.0	3000.0	1790.8866698633883	0.0	0	249.31207932785037	1990.8866698635975	1	0	1	2.1034964260076863
149210.16629785378	3000.0	1780.7203720096334	0.0	0	0.0	1990.8866698635975	1	0	1	2.1034964260076863
150200.0	3000.0	1691.9032996488368	0.0	0	124.01829034785624	1891.9032996490423	1	0	2	1.7104545497959869
151200.0	3000.0	1691.903299648823	0.0	0	125.53330910002114	1891.9032996490423	1	0	1	1.9133947630291417
152200.0	3000.0	1691.903299648765	0.0	0	342.1937745588948	1891.9032996490423	1	0	1	2.113394763029142
153200.0	3000.0	1691.9032996487417	0.0	0	63.110793057101546	1891.9032996490423	1	0	1	2.113394763029142
154200.0	3000.0	1691.903299648733	0.0	0	209.7755852692644	1891.9032996490423	1	0	1	2.113394763029142
155200.0	3000.0	1691.9032996487115	0.0	0	311.9450323014171	1891.9032996490423	1	0	1	2.113394763029142
156265.80285705603	3000.0	1626.1004425926878	0.0	0	0.0	1891.9032996491005	1	0	1	2.1133947630291376
157387.37411031543	3000.0	1504.5291893332985	0.0	0	0.0	1891.9032996491296	1	0	1	2.113394763029133
158315.69953489435	3000.0	1576.2037647544184	0.0	0	0.0	1891.9032996491587	1	0	1	2.11339476302913
159280.93201483708	3000.0	1610.9712848116978	0.0	0	0.0	1891.9032996491587	1	0	1	2.11339476302913
160200.0	3000.0	1691.9032996487972	0.0	0	19.74174114840571	1891.9032996491587	1	0	1	2.11339476302913
161200.0	3000.0	1691.9032996488042	0.0	0	178.3927511588845	1891.9032996491587	1	0	1	2.11339476302913
162200.0	3000.0	1691.9032996487945	0.0	0	394.4473755780491	1891.9032996491296	1	0	1	2.113394763029133
163200.0	3000.0	1691.9032996487613	0.0	0	86.23845740006072	1891.9032996491005	1	0	1	2.1133947630291345
164200.0	3000.0	1691.9032996487651	0.0	0	164.96705684013432	1891.9032996491005	1	0	1	2.1133947630291363
165238.5859870978	3000.0	1653.3173125509927	0.0	0	0.0	1891.9032996491005	1	0	1	2.1133947630291363
166226.01156649465	3000.0	1665.8917331541602	0.0	0	0.0	1891.9032996491296	1	0	1	2.113394763029133
167200.0	3000.0	1691.9032996488036	0.0	0	376.3742143221607	1891.9032996491296	1	0	1	2.113394763029133
168200.0	3000.0	1691.9032996487942	0.0	0	106.04831537464634	1891.9032996491296	1	0	1	2.113394763029133
169200.0	3000.0	1691.9032996487927	0.0	0	248.81259938603034	1891.9032996491296	1	0	1	2.113394763029133
170200.0	3000.0	1691.9032996487708	0.0	0	434.7442966582603	1891.9032996491296	1	0	1	2.113394763029133
171374.53598198705	3000.0	1517.367317661725	0.0	0	0.0	1891.9032996491587	1	0	1	2.1133947630291314
172250.86110270835	3000.0	1641.0421969404404	0.0	0	0.0	1891.9032996491587	1	0	1	2.11339476302913
173200.0	3000.0	1691.903299648777	0.0	0	171.477399398922	1891.9032996491587	1	0	1	2.11339476302913
174200.0	3000.0	1691.9032996487701	0.0	0	347.4544779516	1891.9032996491587	1	0	1	2.11339476302913
175200.0	3000.0	1691.90329964877	0.0	0	197.4617817433318	1891.9032996491587	1	0	1	2.11339476302913
176255.0499536106	3000.0	1636.8533460381623	0.0	0	0.0	1891.9032996491587	1	0	1	2.11339476302913
177200.0	3000.0	1691.903299648768	0.0	0	46.384240453335224	1891.9032996491587	1	0	1	2.11339476302913
178283.300948644	3000.0	1608.6023510047585	0.0	0	0.0	1891.9032996491587	1	0	1	2.11339476302913
179359.34318590484	3000.0	1532.5601137438982	0.0	0	0.0	1891.9032996491587	1	0	1	2.11339476302913
180230.79650680962	3000.0	1661.1067928390848	0.0	0	0.0	1891.9032996491587	1	0	1	2.11339476302913
181200.0	3000.0	1691.9032996486856	0.0	0	325.486351300322	1891.9032996491587	1	0	1	2.11339476302913
182200.0	3000.0	1691.9032996486726	0.0	0	470.26038616208825	1891.9032996491587	1	0	1	2.11339476302913
183200.0	3000.0	1691.9032996486826	0.0	0	376.7542502094584	1891.9032996491587	1	0	1	2.11339476302913
184200.0	3000.0	1691.9032996487028	0.0	0	230.84959988546325	1891.9032996491587	1	0	1	2.11339476302913
185200.0	3000.0	1691.9032996487051	0.0	0	295.8164759344654	1891.9032996491587	1	0	1	2.11339476302913
186200.0	2000.0	1691.9032996486917	0.0	0	460.97548504994484	1891.9032996491587	1	0	1	1.3024645468128009
187263.4191031406	3000.0	1628.4841965081225	0.0	0	0.0	1891.9032996491878	1	0	1	1.7079296549209626
188875.86950828193	3000.0	1016.0337913667945	0.0	0	0.0	1891.9032996491878	1	0	1	2.1133947630291274
189616.275152977	3000.0	1275.6281466717578	0.0	0	0.0	1891.9032996491587	1	0	1	2.11339476302913
190355.75036569667	3000.0	1536.15293395208	0.0	0	0.0	1891.9032996491296	1	0	1	2.1133947630291323
191216.96710832795	3000.0	1674.9361913207965	0.0	0	0.0	1891.9032996491005	1	0	1	2.113394763029135
192200.0	3000.0	1691.9032996487365	0.0	0	365.84354889934184	1891.9032996491005	1	0	1	2.1133947630291363
193200.0	3000.0	1691.903299648714	0.0	0	41.0052500233287	1891.9032996491005	1	0	1	2.1133947630291363
194200.0	3000.0	1691.9032996486935	0.0	0	87.20104909664951	1891.9032996491005	1	0	1	2.1133947630291363
195338.58571595696	3000.0	1553.3175836917553	0.0	0	0.0	1891.9032996491005	1	0	1	2.1133947630291363
196312.50154089843	3000.0	1579.4017587502926	0.0	0	0.0	1891.9032996491296	1	0	1	2.113394763029133
197200.0	3000.0	1691.903299648717	0.0	0	93.34443374915281	1891.9032996491587	1	0	1	2.113394763029132
198200.0	3000.0	1691.903299648695	0.0	0	347.45767200473347	1891.9032996491587	1	0	1	2.11339476302913
199200.0	3000.0	1691.903299648694	0.0	0	179.90732660275535	1891.9032996491587	1	0	1	2.11339476302913
200441.3423260019	3000.0	1450.560973646774	0.0	0	0.0	1891.9032996491587	1	0	1	2.11339476302913
201415.95643203126	3000.0	1475.946867617412	0.0	0	0.0	1891.9032996491296	1	0	1	2.113394763029133
202398.94199221427	3000.0	1492.9613074343893	0.0	0	0.0	1891.9032996491587	1	0	1	2.11339476302913
203200.0	3000.0	1691.9032996486417	0.0	0	158.86502089962596	1891.9032996491587	1	0	1	2.11339476302913
204200.0	3000.0	1691.9032996486299	0.0	0	269.58408612097264	1891.9032996491587	1	0	1	2.11339476302913
205200.0	3000.0	1691.903299648634	0.0	0	75.90914355541463	1891.9032996491587	1	0	1	2.11339476302913
206200.0	3000.0	1691.9032996486305	0.0	0	347.51345923464396	1891.9032996491296	1	0	1	2.113394763029133
207200.0	3000.0	1691.9032996486305	0.0	0	150.2460463065072	1891.9032996491296	1	0	1	2.113394763029133
208200.0	3000.0	1691.903299648653	0.0	0	255.2933424175135	1891.9032996491587	1	0	1	2.11339476302913
209200.0	3000.0	1691.9032996486058	0.0	0	126.5552206672437	1891.9032996491296	1	0	1	2.113394763029133
210200.0	3000.0	1691.9032996485894	0.0	0	313.8345566911157	1891.9032996491296	1	0	1	2.113394763029133
211200.0	3000.0	1691.9032996485919	0.0	0	336.4989813991997	1891.9032996491587	1	0	1	2.11339476302913
212221.18058444656	3000.0	1670.722715202019	0.0	0	0.0	1891.9032996491587	1	0	1	2.11339476302913
213516.67771850503	3000.0	1375.2255811435323	0.0	0	0.0	1891.9032996491587	1	0	1	2.11339476302913
214650.7506053922	3000.0	1241.1526942563378	0.0	0	0.0	1891.9032996491587	1	0	1	2.11339476302913
215537.72983886494	3000.0	1354.1734607836236	0.0	0	0.0	1891.9032996491587	1	0	1	2.11339476302913
216319.0673585774	3000.0	1572.8359410711482	0.0	0	0.0	1891.9032996491587	1	0	1	2.11339476302913
217207.05494194516	3000.0	1684.8483577034021	0.0	0	0.0	1891.9032996491878	1	0	1	2.1133947630291283
218332.45833040256	3000.0	1559.4449692460319	0.0	0	0.0	1891.903299649217	1	0	1	2.113394763029125
219203.83424956832	3000.0	1688.0690500802737	0.0	0	0.0	1891.903299649217	1	0	1	2.1133947630291243
220200.0	3000.0	1691.9032996486178	0.0	0	107.94360559192137	1891.903299649217	1	0	1	2.1133947630291243
221200.0	3000.0	1691.9032996485969	0.0	0	89.427374654304	1891.903299649217	1	0	1	2.1133947630291243
222329.11904988845	3000.0	1562.784249760165	0.0	0	0.0	1891.903299649217	1	0	1	2.1133947630291243
223200.0	3000.0	1691.9032996486203	0.0	0	63.44564957395778	1891.903299649217	1	0	1	2.1133947630291243
224200.0	3000.0	1691.9032996486105	0.0	0	117.32377712969901	1891.9032996492751	1	0	1	2.1133947630291203
225217.90751283895	3000.0	1673.9957868096612	0.0	0	0.0	1891.9032996492751	1	0	1	2.1133947630291186
226200.0	3000.0	1691.9032996486014	0.0	0	362.11145642690826	1891.9032996492751	1	0	1	2.1133947630291186
227200.0	3000.0	1691.9032996486114	0.0	0	179.77873203917989	1891.9032996492751	1	0	1	2.1133947630291186
228200.0	3000.0	1691.903299648619	0.0	0	216.71941220064764	1891.9032996492751	1	0	1	2.1133947630291186
229204.86718344616	3000.0	1687.0361162024626	0.0	0	0.0	1891.903299649246	1	0	1	2.113394763029121
230475.9044311903	3000.0	1415.998868458328	0.0	0	0.0	1891.9032996493042	1	0	1	2.1133947630291168
232015.80356968954	3000.0	876.0997299590643	0.0	0	0.0	1891.9032996492751	1	0	1	2.1133947630291186
232617.95969861766	3000.0	1273.9436010309562	0.0	0	0.0	1891.903299649246	1	0	1	2.113394763029121
233584.46402202695	3000.0	1307.4392776216514	0.0	0	0.0	1891.903299649246	1	0	1	2.113394763029121
234430.2803260694	3000.0	1461.622973579212	0.0	0	0.0	1891.903299649246	1	0	1	2.113394763029121
235387.050528996	3000.0	1504.8527706525813	0.0	0	0.0	1891.903299649246	1	0	1	2.113394763029121
236373.89881078748	3000.0	1518.0044888611237	0.0	0	0.0	1891.903299649246	1	0	1	2.113394763029121
237200.0	3000.0	1691.9032996486126	0.0	0	40.11242969316663	1891.903299649217	1	0	1	2.1133947630291243
238200.0	3000.0	1691.9032996485907	0.0	0	124.28648012288613	1891.9032996491878	1	0	1	2.1133947630291274
239200.0	3000.0	1691.903299648587	0.0	0	388.52865121827926	1891.9032996491878	1	0	1	2.1133947630291274
240200.0	3000.0	1691.9032996485946	0.0	0	143.97239192697452	1891.9032996491587	1	0	1	2.11339476302913
241300.03208800653	3000.0	1591.8712116420775	0.0	0	0.0	1891.9032996491878	1	0	1	2.1133947630291274
242384.18840816183	3000.0	1507.7148914867764	0.0	0	0.0	1891.9032996491878	1	0	1	2.1133947630291274
243200.0	3000.0	1691.9032996486349	0.0	0	10.834165868058335	1891.903299649217	1	0	1	2.113394763029125
244200.0	3000.0	1691.9032996486344	0.0	0	264.01364287603064	1891.9032996491878	1	0	1	2.1133947630291274
245200.0	3000.0	1691.9032996486185	0.0	0	114.88094793455093	1891.9032996491878	1	0	1	2.1133947630291274
246272.1707380336	3000.0	1512.5154878116355	0.0	0	0.0	1784.6862258457986	1	0	2	1.7210497814796004
247757.19708178286	3000.0	1027.4891440623946	0.0	0	0.0	1784.6862258457986	1	0	1	1.924116470409466
248493.55840784975	3000.0	1291.127817995507	0.0	0	0.0	1784.6862258457986	1	0	1	2.124116470409466
249278.88646134952	3000.0	1505.7997644956827	0.0	0	0.0	1784.6862258457986	1	0	1	2.124116470409466
250200.0	3000.0	1584.6862258451888	0.0	0	44.61854251852492	1784.6862258457986	1	0	1	2.124116470409466
251200.0	3000.0	1584.6862258451977	0.0	0	267.2854898106598	1784.6862258457986	1	0	1	2.124116470409466
252200.0	3000.0	1584.686225845178	0.0	0	19.67002971484908	1784.6862258457695	1	0	1	2.124116470409469
253200.0	3000.0	1584.6862258451451	0.0	0	444.21366700105136	1784.6862258457695	1	0	1	2.124116470409469
254200.0	3000.0	1584.6862258451533	0.0	0	197.16623445629375	1784.6862258457986	1	0	1	2.124116470409466
255200.0	3000.0	1584.6862258451677	0.0	0	116.70685098454123	1784.6862258458277	1	0	1	2.124116470409465
256200.0	3000.0	1584.6862258451615	0.0	0	171.33281599113252	1784.6862258458277	1	0	1	2.1241164704094633
257286.74411249778	3000.0	1497.9421133473902	0.0	0	0.0	1784.6862258458277	1	0	1	2.1241164704094633
258200.0	3000.0	1584.6862258451838	0.0	0	151.04905439604772	1784.6862258458568	1	0	1	2.12411647040946
259200.0	3000.0	1584.6862258451868	0.0	0	294.80750692798756	1784.6862258458568	1	0	1	2.12411647040946
260200.0	3000.0	1584.6862258451947	0.0	0	382.898818849324	1784.6862258458568	1	0	1	2.12411647040946
261200.0	3000.0	1584.6862258452427	0.0	0	178.9400848072837	1784.6862258458568	1	0	1	2.12411647040946
262200.0	3000.0	1584.6862258452081	0.0	0	173.83071197595564	1784.6862258458277	1	0	1	2.1241164704094633
263200.0	3000.0	1584.686225845273	0.0	0	320.5583627653541	1784.686225845915	1	0	1	2.1241164704094593
264200.0	3000.0	1584.686225845265	0.0	0	168.70552275137743	1784.6862258459441	1	0	1	2.1241164704094544
265200.0	3000.0	1584.6862258452813	0.0	0	219.78393903712276	1784.6862258459441	1	0	1	2.1241164704094517
266200.0	3000.0	1584.6862258452823	0.0	0	211.570092955546	1784.686225845886	1	0	1	2.1241164704094575
267227.671092443	3000.0	1557.0151334022646	0.0	0	0.0	1784.686225845886	1	0	1	2.124116470409454
268415.9740316737	3000.0	1368.7121941715532	0.0	0	0.0	1784.6862258459441	1	0	1	2.1241164704094526
269200.0	3000.0	1584.6862258452013	0.0	0	141.08297415229026	1784.6862258460023	1	0	1	2.124116470409446
270200.0	3000.0	1584.6862258452359	0.0	0	96.74615271756193	1784.6862258459441	1	0	1	2.1241164704094517
271200.0	3000.0	1584.6862258452422	0.0	0	197.07056755298981	1784.6862258459441	1	0	1	2.1241164704094517
272200.0	3000.0	1584.686225845316	0.0	0	78.93684246164048	1784.6862258459441	1	0	1	2.1241164704094517
273382.06827999034	3000.0	1402.6179458549295	0.0	0	0.0	1784.6862258459441	1	0	1	2.1241164704094517
274676.58721401857	3000.0	1108.09901182675	0.0	0	0.0	1784.6862258459441	1	0	1	2.1241164704094517
275911.3083630616	3000.0	873.3778627836529	0.0	0	0.0	1784.6862258459441	1	0	1	2.1241164704094517
276499.6327979136	2000.0	1285.0534279315718	0.0	0	0.0	1784.6862258459441	1	0	1	1.3131862541931223
277572.431693151	3000.0	1212.2545326942138	0.0	0	0.0	1784.6862258459441	1	0	1	1.7186513623012871
278842.1198784548	3000.0	942.5663473903631	0.0	0	0.0	1784.686225845886	1	0	1	2.1241164704094575
279970.80575846444	3000.0	813.8804673806641	0.0	0	0.0	1784.686225845886	1	0	1	2.1241164704094575
280861.53479433374	2000.0	923.1514315113498	0.0	0	0.0	1784.686225845886	1	0	1	1.3131862541931283
281997.1602689744	3000.0	787.5259568707264	0.0	0	0.0	1784.686225845886	1	0	1	1.718651362301293
282780.9860589103	2000.0	1003.7001669348261	0.0	0	0.0	1784.686225845886	1	0	1	1.3131862541931283
284115.8958916466	3000.0	668.7903341985569	0.0	0	0.0	1784.686225845886	1	0	1	1.718651362301293
285167.6181431771	3000.0	617.0680826679842	0.0	0	0.0	1784.686225845886	1	0	1	2.1241164704094575
286159.6403767665	3000.0	625.0458490786958	0.0	0	0.0	1784.686225845886	1	0	1	2.1241164704094575
287244.3125900268	3000.0	540.3736358184099	0.0	0	0.0	1784.686225845886	1	0	1	2.1241164704094575
288200.0428581606	3000.0	584.6433676845991	0.0	0	0.0	1784.6862258457695	1	0	1	2.124116470409466
289155.0635402059	3000.0	629.6226856393671	0.0	0	0.0	1784.6862258457695	1	0	1	2.124116470409469
289886.46741102176	3000.0	898.2188148234743	0.0	0	0.0	1784.6862258457695	1	0	1	2.124116470409469
290815.2884298198	3000.0	969.3977960253595	0.0	0	0.0	1784.6862258457695	1	0	1	2.124116470409469
291924.90646721167	3000.0	859.7797586335511	0.0	0	0.0	1784.6862258457695	1	0	1	2.124116470409469
292716.2266242532	3000.0	1068.4596015919988	0.0	0	0.0	1784.6862258457695	1	0	1	2.124116470409469
293943.20542230306	3000.0	841.4808035422121	0.0	0	0.0	1784.6862258457695	1	0	1	2.124116470409469
294786.678355102	3000.0	998.0078707432363	0.0	0	0.0	1784.6862258457695	1	0	1	2.124116470409469
295654.2664196035	3000.0	1130.41980624173	0.0	0	0.0	1784.6862258457695	1	0	1	2.124116470409469
296660.93786124664	3000.0	1123.7483645986174	0.0	0	0.0	1784.6862258457695	1	0	1	2.124116470409469
297625.596633418	3000.0	1159.0895924272595	0.0	0	0.0	1784.6862258457695	1	0	1	2.124116470409469
298865.6521019102	3000.0	919.0341239350603	0.0	0	0.0	1784.6862258457113	1	0	1	2.124116470409475
299706.9833425543	3000.0	1077.7028832909934	0.0	0	0.0	1784.6862258457113	1	0	1	2.124116470409475
300384.77498025546	3000.0	1399.9112455898955	0.0	0	0.0	1784.6862258457113	1	0	1	2.124116470409475
3.81	3.97	3.94	3.64	3.86	4.39	3.82	4.73	3.9	3.57	3.83	4.02	3.58	5.39	3.41	4.73	4.95	3.13	3.5	3.45	3.79	4.21	3.28	4.8	3.58	2.72	3.17	3.93	4.8	4.61	3.71	4.85	4.62	2.05	2.37	2.66	3.65	3.1	4.03	3.8	3.48	3.12	4.61	3.3	4.23	3.92	3.49	2.66	3.94	4.86	4.08	2.73	4.77	3.26	3.43	4.22	4.01	4.29	4.05	2.65	2.4	4.01	3.95	2.59	3.45	4.08	3.41	3.08	2.77	2.81	2.84	3.64	4.21	3.21	5.17	3.76	3.49	2.31	2.4	4.71	3.43	4.1	3.79	3.22	3.42	4.3	4.52	2.97	3.41	4.19	4.61	3.15	3.2	2.95	2.63	3.5	4.24	4.22	3.39	4.73	3.96	2.92	3.46	2.95	3.87	4.61	5.34	3.49	4.46	4.66	2.9	3.19	4.8	4.19	3.08	3.71	3.67	4.67	4.56	3.17	2.51	3.41	1.99	3.44	2.95	3.29	2.83	2.41	3.41	2.8	2.65	3.48	3.3	3.35	3.7	3.35	4.49	3.59	3.19	3.7	2.94	4.14	3.1	3.26	3.73	3.19	4.25	4.69	4.0	3.71	3.81	3.97	3.94	3.64	3.86	4.39	3.82	4.73	3.9	3.57	3.83	4.02	3.58	5.39	3.41	4.73	4.95	3.13	3.5	3.45	3.79	4.21	3.28	4.8	3.58	2.72	3.17	3.93	4.8	4.61	3.71	4.85	4.62	2.05	2.37	2.66	3.65	3.1	4.03	3.8	3.48	3.12	4.61	3.3	4.23	3.92	3.49	2.66	3.94	4.86	4.08	2.73	4.77	3.26	3.43	4.22	4.01	4.29	4.05	2.65	2.4	4.01	3.95	2.59	3.45	4.08	3.41	3.08	2.77	2.81	2.84	3.64	4.21	3.21	5.17	3.76	3.49	2.31	2.4	4.71	3.43	4.1	3.79	3.22	3.42	4.3	4.52	2.97	3.41	4.19	4.61	3.15	3.2	2.95	2.63	3.5	4.24	4.22	3.39	4.73	3.96	2.92	3.46	2.95	3.87	4.61	5.34	3.49	4.46	4.66	2.9	3.19	4.8	4.19	3.08	3.71	3.67	4.67	4.56	3.17	2.51	3.41	1.99	3.44	2.95	3.29	2.83	2.41	3.41	2.8	2.65	3.48	3.3	3.35	3.7	3.35	4.49	3.59	3.19	3.7	2.94	4.14	3.1	3.26	3.73	3.19	4.25	4.69	4.0	3.71
1.0	2.0	3.0	4.0	5.0	6.0	7.0	8.0	9.0	10.0	11.0	12.0	13.0	14.0	15.0	16.0	17.0	18.0	19.0	20.0	21.0	22.0	23.0	24.0	25.0	26.0	27.0	28.0	29.0	30.0	31.0	32.0	33.0	34.0	35.0	36.0	37.0	38.0	39.0	40.0	41.0	42.0	43.0	44.0	45.0	46.0	47.0	48.0	49.0	50.0	51.0	52.0	53.0	54.0	55.0	56.0	57.0	58.0	59.0	60.0	61.0	62.0	63.0	64.0	65.0	66.0	67.0	68.0	69.0	70.0	71.0	72.0	73.0	74.0	75.0	76.0	77.0	78.0	79.0	80.0	81.0	82.0	83.0	84.0	85.0	86.0	87.0	88.0	89.0	90.0	91.0	92.0	93.0	94.0	95.0	96.0	97.0	98.0	99.0	100.0	101.0	102.0	103.0	104.0	105.0	106.0	107.0	108.0	109.0	110.0	111.0	112.0	113.0	114.0	115.0	116.0	117.0	118.0	119.0	120.0	121.0	122.0	123.0	124.0	125.0	126.0	127.0	128.0	129.0	130.0	131.0	132.0	133.0	134.0	135.0	136.0	137.0	138.0	139.0	140.0	141.0	142.0	143.0	144.0	145.0	146.0	147.0	148.0	149.0	149.0	150.0	151.0	152.0	153.0	154.0	155.0	156.0	157.0	158.0	159.0	160.0	161.0	162.0	163.0	164.0	165.0	166.0	167.0	168.0	169.0	170.0	171.0	172.0	173.0	174.0	175.0	176.0	177.0	178.0	179.0	180.0	181.0	182.0	183.0	184.0	185.0	186.0	187.0	188.0	189.0	190.0	191.0	192.0	193.0	194.0	195.0	196.0	197.0	198.0	199.0	200.0	201.0	202.0	203.0	204.0	205.0	206.0	207.0	208.0	209.0	210.0	211.0	212.0	213.0	214.0	215.0	216.0	217.0	218.0	219.0	220.0	221.0	222.0	223.0	224.0	225.0	226.0	227.0	228.0	229.0	230.0	231.0	232.0	233.0	234.0	235.0	236.0	237.0	238.0	239.0	240.0	241.0	242.0	243.0	244.0	245.0	246.0	247.0	248.0	249.0	250.0	251.0	252.0	253.0	254.0	255.0	256.0	257.0	258.0	259.0	260.0	261.0	262.0	263.0	264.0	265.0	266.0	267.0	268.0	269.0	270.0	271.0	272.0	273.0	274.0	275.0	276.0	277.0	278.0	279.0	280.0	281.0	282.0	283.0	284.0	285.0	286.0	287.0	288.0	289.0	290.0	291.0	292.0	293.0	294.0	295.0	296.0	297.0	298.0	298.0
3976.1541463198846
