4620.85265800119	300.0	2000.0	132.78755833598547	0	0.0	4620.85265800119	1	0	1	-1.256307795555951
6685.003201955329	6000.0	729.4344016504468	0.0	0	0.0	4414.437603605776	1	0	2	-0.8468588811073214
7551.485255354482	3000.0	776.3041429113775	0.0	0	0.0	4327.789398265859	1	0	2	0.9747028086459646
8087.08353071539	3000.0	1187.1460400143787	0.0	0	0.0	4274.229570729768	1	0	2	1.6738236396703874
8860.621025640174	3000.0	1413.608545089595	0.0	0	0.0	4274.229570729767	1	0	1	1.6751621359210689
10029.25926554634	3000.0	1244.9703051834301	0.0	0	0.0	4274.229570729768	1	0	1	1.8751621359210693
10856.000493945257	3000.0	1335.5549539446208	0.0	0	0.0	4191.5554478898775	1	0	2	1.481752057880784
11478.349875856979	3000.0	1713.2055720328988	0.0	0	0.0	4191.555447889877	1	0	1	1.683429548205058
12286.352199568093	3000.0	1824.4030159506715	0.0	0	0.0	4110.755215518764	1	0	2	1.4893550206153852
12925.878044490211	3000.0	2120.92458653634	0.0	0	0.0	4046.8026310265486	1	0	2	1.6963936752356765
13721.158941573269	3000.0	2246.1155997449787	0.0	0	0.0	3967.274541318244	1	0	2	1.7037372474446733
14960.683953227981	3000.0	1882.6380869247928	0.0	0	0.0	3843.3220401527706	1	0	2	1.7137233202799507
16115.425275893886	3000.0	1612.4226319922964	0.0	0	0.0	3727.847907886182	1	0	2	1.7273141287416425
16585.06364667443	2000.0	2095.820424133702	0.0	0	0.0	3680.8840708081298	1	0	2	0.9222832420150601
17786.255741090154	3000.0	1774.5091202764056	0.0	0	0.0	3560.7648613665606	1	0	2	1.3381685905143337
18691.960646056526	3000.0	1778.2337248133908	0.0	0	0.0	3470.194370869918	1	0	2	1.7534033118233694
19655.706788075076	3000.0	1814.4875827948388	0.0	0	0.0	3470.1943708699146	1	0	1	1.7555656559070543
20466.161438816074	3000.0	1922.9874669797412	0.0	0	0.0	3389.1489057958133	1	0	2	1.5613485118018018
21373.96134034975	3000.0	1924.4075752926994	0.0	0	0.0	3298.3689156424443	1	0	2	1.7704417793657012
22438.28967148744	3000.0	1860.079244155004	0.0	0	0.0	3298.3689156424443	1	0	1	1.7727482014298013
23392.111144528528	3000.0	1810.875623809812	0.0	0	0.0	3202.986768338338	1	0	2	1.5798784113100348
24105.770642029904	3000.0	2025.850176558294	0.0	0	0.0	3131.620818588195	1	0	2	1.787477420826944
25088.506436706197	3000.0	2043.1143818820017	0.0	0	0.0	3131.620818588195	1	0	1	1.7894230111352263
25798.09343880516	3000.0	2262.5686795731394	0.0	0	0.0	3060.6621183782954	1	0	2	1.594963327957493
26672.504275609823	3000.0	2300.716759088008	0.0	0	0.0	2973.221034697821	1	0	2	1.8025537808654963
27392.04474284964	3000.0	2509.2222451242033	0.0	0	0.0	2901.266987973835	1	0	2	1.8105521509155964
28247.164444793692	3000.0	2568.590572985747	0.0	0	0.0	2815.755017779433	1	0	2	1.8189028642203393
29200.0	3000.0	2520.4714622588062	0.0	0	174.4524776217695	2720.4714622588	1	0	2	1.8272631614192862
30217.237618784908	3000.0	2503.2338434739013	0.0	0	0.0	2720.4714622588	1	0	1	1.830537946768166
31224.46331749584	3000.0	2496.008144762968	0.0	0	0.0	2720.4714622588035	1	0	1	2.0305379467681655
32200.0	3000.0	2520.471462258813	0.0	0	363.9253861046964	2720.471462258807	1	0	1	2.0305379467681655
33200.0	3000.0	2420.4714622588094	0.0	0	389.7639730877563	2620.4714622588035	1	0	2	1.6367755379256916
34200.0	3000.0	2320.471462258815	0.0	0	183.7490343794634	2520.471462258807	1	0	2	1.8471572742955886
35200.0	3000.0	2320.4714622588117	0.0	0	335.3492364896083	2520.471462258807	1	0	1	1.8505379467681653
36200.0	3000.0	2320.4714622588076	0.0	0	444.8353453343225	2520.471462258807	1	0	1	2.0505379467681655
37221.29743341496	3000.0	2197.0442855023434	0.0	0	0.0	2418.341718917305	1	0	2	1.6579096642705837
38254.96331009231	3000.0	2163.378408824996	0.0	0	0.0	2418.341718917305	1	0	1	1.8607509211023154
39200.0	3000.0	2123.838049926534	0.0	0	182.62509065878112	2323.838049926526	1	0	2	1.667023473509518
40205.97892656395	3000.0	2117.859123362587	0.0	0	0.0	2323.838049926526	1	0	1	1.8702012880013932
41200.0	3000.0	2123.8380499265395	0.0	0	157.94720391509327	2323.838049926533	1	0	1	2.070201288001393
42200.0	3000.0	2123.8380499265404	0.0	0	112.47292255394859	2323.838049926533	1	0	1	2.070201288001393
43228.8412571019	3000.0	1992.1126671144536	0.0	0	0.0	2220.9539242163373	1	0	2	1.6779642638797017
44200.0	3000.0	2020.9539242163482	0.0	0	157.88008069914213	2220.95392421633	1	0	1	1.880489700572413
45242.15559855778	3000.0	1978.7983256585626	0.0	0	0.0	2220.95392421633	1	0	1	2.0804897005724134
46317.15485342184	3000.0	1796.2991453080988	0.0	0	0.0	2113.4539987299286	1	0	2	1.6883291012126478
47347.64212290393	3000.0	1765.811875826006	0.0	0	0.0	2113.4539987299286	1	0	1	1.891239693121053
48200.0	3000.0	1913.453998729939	0.0	0	126.96024237700476	2113.453998729936	1	0	1	2.0912396931210524
49200.0	3000.0	1913.4539987299377	0.0	0	93.09379636595986	2113.453998729936	1	0	1	2.0912396931210524
50334.83476288529	3000.0	1665.1357595561028	0.0	0	0.0	1999.9705224413992	1	0	2	1.699554037469543
51357.172768555785	3000.0	1642.7977538856148	0.0	0	0.0	1999.9705224413992	1	0	1	1.902588040749906
52200.0	3000.0	1799.97052244141	0.0	0	276.15510439571517	1999.9705224414065	1	0	1	2.1025880407499056
53200.0	3000.0	1799.9705224414085	0.0	0	101.21087214617728	1999.9705224414065	1	0	1	2.1025880407499056
54200.0	3000.0	1799.970522441403	0.0	0	223.12405992799904	1999.9705224414065	1	0	1	2.1025880407499056
55583.56305898569	3000.0	1416.4074634557087	0.0	0	0.0	1999.9705224414065	1	0	1	2.1025880407499056
56436.64483324453	3000.0	1563.3256891968629	0.0	0	0.0	1999.9705224414065	1	0	1	2.1025880407499056
57343.1693872777	3000.0	1656.801135163693	0.0	0	0.0	1999.9705224414065	1	0	1	2.1025880407499056
58243.24406670974	3000.0	1756.7264557316619	0.0	0	0.0	1999.9705224414138	1	0	1	2.1025880407499047
59200.0	3000.0	1799.9705224413997	0.0	0	336.11056921456475	1999.9705224414138	1	0	1	2.1025880407499047
60200.0	3000.0	1799.9705224413985	0.0	0	320.8971086279853	1999.9705224414138	1	0	1	2.1025880407499047
61200.0	3000.0	1799.9705224413983	0.0	0	35.647862545083626	1999.9705224414138	1	0	1	2.1025880407499047
62200.0	3000.0	1799.9705224414029	0.0	0	486.21216041690786	1999.9705224414138	1	0	1	2.1025880407499047
63200.0	3000.0	1799.9705224414024	0.0	0	456.90135511803237	1999.970522441421	1	0	1	2.102588040749904
64425.11614093674	3000.0	1574.8543815046708	0.0	0	0.0	1999.9705224414283	1	0	1	2.102588040749903
65624.57710956532	3000.0	1375.393412876088	0.0	0	0.0	1999.970522441421	1	0	1	2.1025880407499034
66450.27494801594	3000.0	1549.6955744254742	0.0	0	0.0	1999.9705224414283	1	0	1	2.102588040749904
67371.75707008269	3000.0	1628.2134523587204	0.0	0	0.0	1999.970522441421	1	0	1	2.102588040749904
68200.0	3000.0	1717.1462294496819	0.0	0	306.2014610923943	1917.1462294497178	1	0	2	1.7074771861837945
69200.0	3000.0	1617.1462294496812	0.0	0	346.9726039308589	1817.1462294497178	1	0	2	1.9171169563178507
70200.0	3000.0	1617.1462294496755	0.0	0	41.71448406318086	1817.1462294497032	1	0	1	1.9208704700490755
71200.0	3000.0	1617.1462294496735	0.0	0	19.21809650155774	1817.1462294497032	1	0	1	2.1208704700490757
72409.38620643406	3000.0	1407.7600230156102	0.0	0	0.0	1817.1462294496887	1	0	1	2.120870470049077
73214.63229248163	3000.0	1602.513936968027	0.0	0	0.0	1817.1462294496887	1	0	1	2.120870470049077
74200.0	3000.0	1617.1462294496612	0.0	0	68.463772551695	1817.1462294496887	1	0	1	2.120870470049077
75200.0	3000.0	1617.1462294496491	0.0	0	435.04529143692343	1817.1462294496887	1	0	1	2.120870470049077
76200.0	3000.0	1617.1462294496682	0.0	0	13.696977892221184	1817.1462294497032	1	0	1	2.1208704700490757
77200.0	3000.0	1617.1462294496762	0.0	0	115.15997530435561	1817.1462294497032	1	0	1	2.1208704700490757
78200.0	3000.0	1617.1462294496737	0.0	0	160.27536311653967	1817.1462294497032	1	0	1	2.1208704700490757
79200.0	3000.0	1617.1462294496669	0.0	0	183.7777512233297	1817.1462294497032	1	0	1	2.1208704700490757
80200.0	3000.0	1617.1462294496696	0.0	0	293.7702395606175	1817.1462294496887	1	0	1	2.120870470049077
81200.0	3000.0	1617.1462294496669	0.0	0	272.312511113676	1817.1462294496887	1	0	1	2.120870470049077
82246.3439871701	3000.0	1570.8022422795625	0.0	0	0.0	1817.1462294496887	1	0	1	2.120870470049077
83200.0	3000.0	1617.1462294496716	0.0	0	229.68838680295448	1817.1462294497032	1	0	1	2.1208704700490757
84200.0	3000.0	1617.1462294496725	0.0	0	363.2269118518743	1817.1462294497032	1	0	1	2.1208704700490757
85330.49523327473	3000.0	1486.650996174933	0.0	0	0.0	1817.1462294497032	1	0	1	2.1208704700490757
86631.09585624948	3000.0	1186.0503732001876	0.0	0	0.0	1817.1462294497178	1	0	1	2.1208704700490744
87412.03909178158	3000.0	1405.107137668081	0.0	0	0.0	1817.1462294497323	1	0	1	2.120870470049073
88200.0	3000.0	1617.146229449655	0.0	0	168.23285199305974	1817.1462294497323	1	0	1	2.120870470049073
89256.85476582265	3000.0	1560.2914636270143	0.0	0	0.0	1817.1462294497323	1	0	1	2.120870470049073
90406.07791680246	3000.0	1411.0683126471888	0.0	0	0.0	1817.146229449747	1	0	1	2.1208704700490713
91524.78767677462	3000.0	1292.3585526750257	0.0	0	0.0	1817.146229449747	1	0	1	2.1208704700490713
92537.41143164848	3000.0	1279.7347978011692	0.0	0	0.0	1817.146229449747	1	0	1	2.1208704700490713
93349.35008059755	3000.0	1467.7961488520878	0.0	0	0.0	1817.1462294497614	1	0	1	2.12087047004907
94200.0	3000.0	1617.1462294496296	0.0	0	176.2397703480383	1817.1462294497614	1	0	1	2.12087047004907
95200.0	3000.0	1617.1462294496323	0.0	0	340.64509047979664	1817.1462294497614	1	0	1	2.12087047004907
96200.0	3000.0	1617.146229449644	0.0	0	103.67321877555514	1817.1462294497614	1	0	1	2.12087047004907
97200.0	3000.0	1617.1462294496494	0.0	0	95.91607318303431	1817.146229449776	1	0	1	2.1208704700490686
98208.86681781225	3000.0	1608.2794116374184	0.0	0	0.0	1817.146229449776	1	0	1	2.1208704700490686
99200.0	3000.0	1617.146229449645	0.0	0	328.55412861194054	1817.146229449776	1	0	1	2.1208704700490686
100200.0	3000.0	1617.1462294496457	0.0	0	312.05436374359124	1817.1462294497906	1	0	1	2.1208704700490673
101200.0	3000.0	1617.1462294496282	0.0	0	285.21137842127064	1817.1462294497906	1	0	1	2.1208704700490673
102200.0	3000.0	1617.146229449653	0.0	0	81.46375784448173	1817.1462294497906	1	0	1	2.1208704700490673
103431.32045126862	3000.0	1385.8257781810466	0.0	0	0.0	1817.1462294497906	1	0	1	2.1208704700490673
104234.98861198105	3000.0	1582.1576174686068	0.0	0	0.0	1817.146229449776	1	0	1	2.1208704700490686
105657.75473815751	3000.0	1159.3914912921282	0.0	0	0.0	1817.146229449776	1	0	1	2.1208704700490686
106473.9368002962	2000.0	1343.2094291534283	0.0	0	0.0	1817.146229449776	1	0	1	1.3099402538327392
108118.09420967833	3000.0	699.0520197712997	0.0	0	0.0	1817.1462294497614	1	0	1	1.7154053619409053
108993.59806421993	2000.0	823.5481652297027	0.0	0	0.0	1817.1462294497614	1	0	1	1.3099402538327405
109734.20762025281	3000.0	1082.938609196829	0.0	0	0.0	1817.1462294497614	1	0	1	1.7154053619409053
110510.7785108854	3000.0	1306.3677185642375	0.0	0	0.0	1817.1462294497614	1	0	1	2.12087047004907
111517.62960354637	3000.0	1299.5166259032776	0.0	0	0.0	1817.1462294497614	1	0	1	2.12087047004907
112570.94212254325	3000.0	1246.2041069064032	0.0	0	0.0	1817.1462294497614	1	0	1	2.12087047004907
113563.66138582159	3000.0	1253.4848436280554	0.0	0	0.0	1817.1462294497614	1	0	1	2.12087047004907
114477.23729908683	3000.0	1339.9089303628218	0.0	0	0.0	1817.1462294497614	1	0	1	2.12087047004907
115200.0	3000.0	1617.1462294496669	0.0	0	46.36797417378693	1817.1462294497614	1	0	1	2.12087047004907
116200.0	3000.0	1617.1462294496669	0.0	0	313.1956284830958	1817.1462294497614	1	0	1	2.12087047004907
117200.0	2000.0	1617.146229449675	0.0	0	334.15726752593764	1817.1462294497614	1	0	1	1.3099402538327405
118200.0	3000.0	1617.1462294496619	0.0	0	232.08027255498746	1817.1462294497614	1	0	1	1.7154053619409053
119454.81602759102	3000.0	1362.330201858636	0.0	0	0.0	1817.1462294497614	1	0	1	2.12087047004907
120402.76335809869	3000.0	1414.3828713509615	0.0	0	0.0	1817.1462294497614	1	0	1	2.12087047004907
121440.53164806747	3000.0	1376.614581382175	0.0	0	0.0	1817.1462294497614	1	0	1	2.12087047004907
122200.0	3000.0	1617.1462294496403	0.0	0	19.7356064030173	1817.146229449747	1	0	1	2.1208704700490713
123224.933912874	3000.0	1592.2123165756657	0.0	0	0.0	1817.1462294497614	1	0	1	2.12087047004907
124200.0	3000.0	1617.146229449664	0.0	0	8.782869774629944	1817.1462294497614	1	0	1	2.12087047004907
125631.20177843781	3000.0	1185.944451011865	0.0	0	0.0	1817.1462294497614	1	0	1	2.12087047004907
126549.42548561368	3000.0	1267.720743835976	0.0	0	0.0	1817.146229449747	1	0	1	2.1208704700490713
127422.25018393088	3000.0	1394.8960455187587	0.0	0	0.0	1817.146229449747	1	0	1	2.1208704700490713
128200.0	3000.0	1617.1462294496391	0.0	0	162.4829920764605	1817.1462294497323	1	0	1	2.120870470049073
129200.0	3000.0	1617.1462294496419	0.0	0	201.2262051020225	1817.1462294497323	1	0	1	2.120870470049073
130200.0	3000.0	1617.1462294496378	0.0	0	129.307994405739	1817.1462294497178	1	0	1	2.1208704700490744
131200.0	3000.0	1617.146229449642	0.0	0	188.32661623005697	1817.1462294497178	1	0	1	2.1208704700490744
132200.0	3000.0	1617.1462294496384	0.0	0	393.0191000420891	1817.1462294497178	1	0	1	2.1208704700490735
133200.0	3000.0	1617.146229449616	0.0	0	323.41913988406304	1817.1462294496596	1	0	1	2.120870470049078
134200.0	3000.0	1617.1462294496357	0.0	0	357.5050099604123	1817.1462294496596	1	0	1	2.12087047004908
135200.0	3000.0	1617.146229449625	0.0	0	263.3335805721581	1817.1462294496596	1	0	1	2.12087047004908
136200.0	3000.0	1617.1462294496396	0.0	0	79.68899020244135	1817.1462294496596	1	0	1	2.12087047004908
137200.0	3000.0	1617.1462294496785	0.0	0	281.37397226894973	1817.1462294496596	1	0	1	2.12087047004908
138200.0	2000.0	1617.1462294496616	0.0	0	373.09188337472733	1817.1462294496887	1	0	1	1.3099402538327478
139200.0	3000.0	1617.1462294496237	0.0	0	246.72208221434266	1817.1462294496596	1	0	1	1.7154053619409155
140200.0	3000.0	1617.1462294496268	0.0	0	174.17113296536263	1817.1462294496887	1	0	1	2.120870470049077
141238.10493856203	3000.0	1579.0412908876358	0.0	0	0.0	1817.1462294496887	1	0	1	2.120870470049077
142353.39380675854	3000.0	1463.7524226911323	0.0	0	0.0	1817.1462294496887	1	0	1	2.120870470049077
143275.3070255078	3000.0	1541.8392039418557	0.0	0	0.0	1817.1462294496887	1	0	1	2.120870470049077
144200.0	3000.0	1617.1462294496614	0.0	0	341.27561607034295	1817.1462294496887	1	0	1	2.120870470049077
145337.65531555467	3000.0	1479.490913894984	0.0	0	0.0	1817.1462294496887	1	0	1	2.120870470049077
146200.0	3000.0	1617.1462294496368	0.0	0	55.279376419086475	1817.1462294496887	1	0	1	2.120870470049077
147200.0	3000.0	1617.1462294496869	0.0	0	100.88367578716134	1817.1462294497178	1	0	1	2.1208704700490744
148200.0	3000.0	1617.146229449681	0.0	0	2.3709384854882956	1817.146229449747	1	0	1	2.1208704700490713
149200.0	3000.0	1617.146229449684	0.0	0	283.2812306494452	1817.146229449747	1	0	1	2.1208704700490713
150225.56950038535	3000.0	1591.5767290643341	0.0	0	0.0	1817.146229449747	1	0	1	2.1208704700490713
151200.0	3000.0	1617.1462294496962	0.0	0	34.79403624107363	1817.146229449776	1	0	1	2.1208704700490686
152200.0	3000.0	1617.1462294497321	0.0	0	78.12447894577053	1817.146229449776	1	0	1	2.1208704700490686
153200.0	3000.0	1617.1462294497228	0.0	0	58.23209711504751	1817.146229449805	1	0	1	2.1208704700490655
154200.0	3000.0	1617.1462294497283	0.0	0	27.338164089422207	1817.146229449805	1	0	1	2.1208704700490655
155200.0	3000.0	1617.1462294497235	0.0	0	329.5773214660876	1817.146229449805	1	0	1	2.1208704700490655
156200.0	3000.0	1617.1462294497471	0.0	0	44.877218080626335	1817.146229449805	1	0	1	2.1208704700490655
157200.0	3000.0	1617.1462294497326	0.0	0	444.2506862806622	1817.146229449776	1	0	1	2.1208704700490686
158209.62455543943	3000.0	1607.521674010295	0.0	0	0.0	1817.146229449776	1	0	1	2.1208704700490686
159200.0	3000.0	1617.1462294497405	0.0	0	208.21619904148974	1817.146229449805	1	0	1	2.1208704700490655
160200.0	3000.0	1617.1462294497214	0.0	0	10.775878245942295	1817.146229449805	1	0	1	2.1208704700490655
161200.0	3000.0	1617.1462294497119	0.0	0	313.37325385797885	1817.146229449805	1	0	1	2.1208704700490655
162200.0	3000.0	1617.1462294497196	0.0	0	11.841398206859594	1817.1462294498342	1	0	1	2.120870470049063
163291.9167491854	3000.0	1525.2294802643253	0.0	0	0.0	1817.1462294498342	1	0	1	2.120870470049063
164587.88398879138	3000.0	1229.26224065833	0.0	0	0.0	1817.1462294498342	1	0	1	2.120870470049063
165595.5402471971	3000.0	1221.6059822526063	0.0	0	0.0	1817.1462294498342	1	0	1	2.120870470049063
166604.37505243148	3000.0	1212.7711770181638	0.0	0	0.0	1817.1462294498342	1	0	1	2.120870470049063
167433.27811324966	3000.0	1383.8681161999816	0.0	0	0.0	1817.1462294498342	1	0	1	2.120870470049063
168450.73364371227	3000.0	1366.4125857374167	0.0	0	0.0	1817.1462294498924	1	0	1	2.1208704700490593
169712.75799061064	3000.0	1104.3882388390525	0.0	0	0.0	1817.1462294498924	1	0	1	2.1208704700490584
171288.1457541798	3000.0	529.000475269858	0.0	0	0.0	1817.1462294498924	1	0	1	2.120870470049057
172114.25436616025	2000.0	702.891863289409	0.0	0	0.0	1817.1462294498924	1	0	1	1.3099402538327274
172772.27667256468	3000.0	1044.8695568849466	0.0	0	0.0	1817.1462294498924	1	0	1	1.7154053619408922
173692.3863687009	3000.0	1124.7598607487057	0.0	0	0.0	1817.1462294498342	1	0	1	2.1208704700490615
174563.62603722478	3000.0	1253.5201922248593	0.0	0	0.0	1817.1462294498342	1	0	1	2.120870470049063
175309.4617670078	3000.0	1507.684462441814	0.0	0	0.0	1817.1462294498342	1	0	1	2.120870470049063
176200.0	3000.0	1617.146229449607	0.0	0	164.79441518514068	1817.1462294498342	1	0	1	2.120870470049063
177200.0	3000.0	1617.1462294496214	0.0	0	248.30765584349865	1817.1462294498342	1	0	1	2.120870470049063
178200.0	3000.0	1617.1462294496123	0.0	0	28.938146263593808	1817.1462294498342	1	0	1	2.120870470049063
179200.0	3000.0	1617.146229449628	0.0	0	117.71442380870576	1817.1462294498342	1	0	1	2.120870470049063
180266.7038049846	3000.0	1550.4424244650336	0.0	0	0.0	1817.1462294498342	1	0	1	2.120870470049063
181200.0	3000.0	1617.1462294496487	0.0	0	251.5290186610364	1817.1462294498342	1	0	1	2.120870470049063
182200.0	3000.0	1617.146229449676	0.0	0	37.04356565288617	1817.1462294498342	1	0	1	2.120870470049063
183200.0	3000.0	1617.1462294497019	0.0	0	7.323351499449927	1817.1462294498342	1	0	1	2.120870470049063
184200.0	3000.0	1617.1462294496896	0.0	0	270.75516566535225	1817.1462294498342	1	0	1	2.120870470049063
185200.0	3000.0	1617.146229449678	0.0	0	394.6087847983872	1817.1462294498342	1	0	1	2.120870470049063
186200.0	3000.0	1617.146229449695	0.0	0	274.7677364758565	1817.146229449805	1	0	1	2.1208704700490655
187200.0	3000.0	1617.146229449709	0.0	0	181.23658684809925	1817.146229449805	1	0	1	2.1208704700490655
188200.0	3000.0	1617.146229449687	0.0	0	99.03421060278197	1817.146229449805	1	0	1	2.1208704700490655
189223.7905911232	3000.0	1593.355638326485	0.0	0	0.0	1817.146229449805	1	0	1	2.1208704700490655
190200.0	3000.0	1617.1462294496657	0.0	0	286.52806015708484	1817.146229449805	1	0	1	2.1208704700490655
191200.0	3000.0	1617.1462294496473	0.0	0	149.45363118761452	1817.146229449805	1	0	1	2.1208704700490655
192200.0	3000.0	1617.1462294496687	0.0	0	5.2195275390695315	1817.1462294498342	1	0	1	2.120870470049063
193200.0	3000.0	1617.1462294496948	0.0	0	268.4264805188868	1817.1462294498342	1	0	1	2.120870470049063
194200.0	3000.0	1617.146229449697	0.0	0	161.96135359504842	1817.146229449805	1	0	1	2.1208704700490655
195200.0	3000.0	1617.146229449704	0.0	0	331.65260415157536	1817.1462294498342	1	0	1	2.120870470049063
196395.00820803572	3000.0	1422.1380214140158	0.0	0	0.0	1817.1462294498342	1	0	1	2.120870470049063
197443.43046658306	3000.0	1373.7157628666648	0.0	0	0.0	1817.1462294498342	1	0	1	2.120870470049063
198200.0	3000.0	1617.1462294497082	0.0	0	15.221147789998213	1817.1462294498342	1	0	1	2.120870470049063
199200.0	3000.0	1617.146229449699	0.0	0	147.6595628382347	1817.146229449805	1	0	1	2.1208704700490655
200360.41567140355	3000.0	1456.7305580461673	0.0	0	0.0	1817.146229449805	1	0	1	2.1208704700490655
201200.0	3000.0	1617.1462294496955	0.0	0	186.71796059102053	1817.146229449805	1	0	1	2.1208704700490655
202218.051632415	3000.0	1599.094597034692	0.0	0	0.0	1817.146229449805	1	0	1	2.1208704700490655
203239.9574711774	3000.0	1577.1887582723405	0.0	0	0.0	1817.146229449776	1	0	1	2.1208704700490686
204741.8032391512	3000.0	1075.342990298573	0.0	0	0.0	1817.1462294498342	1	0	1	2.120870470049064
205586.30851087286	3000.0	1230.8377185768986	0.0	0	0.0	1817.1462294498342	1	0	1	2.120870470049063
206343.65748819584	3000.0	1473.4887412539088	0.0	0	0.0	1817.1462294498342	1	0	1	2.120870470049063
207367.1316206933	3000.0	1450.0146087564553	0.0	0	0.0	1817.146229449805	1	0	1	2.1208704700490655
208282.16881778726	3000.0	1534.9774116625395	0.0	0	0.0	1817.146229449805	1	0	1	2.1208704700490655
209200.0	3000.0	1617.146229449817	0.0	0	172.6156083313399	1817.146229449805	1	0	1	2.1208704700490655
210200.0	3000.0	1617.1462294498024	0.0	0	123.98247382088448	1817.146229449805	1	0	1	2.1208704700490655
211200.0	3000.0	1617.146229449782	0.0	0	439.1535788204055	1817.146229449776	1	0	1	2.1208704700490686
212200.0	3000.0	1617.146229449765	0.0	0	405.50919468153734	1817.146229449776	1	0	1	2.1208704700490686
213200.0	3000.0	1617.1462294497826	0.0	0	147.00455031945603	1817.146229449747	1	0	1	2.1208704700490713
214661.73828076042	3000.0	1155.40794868937	0.0	0	0.0	1817.146229449747	1	0	1	2.1208704700490713
215585.09928407092	3000.0	1232.0469453788553	0.0	0	0.0	1817.146229449747	1	0	1	2.1208704700490713
216378.96719258872	3000.0	1438.1790368610218	0.0	0	0.0	1817.146229449747	1	0	1	2.1208704700490713
217200.0	3000.0	1617.1462294497549	0.0	0	243.9022467697505	1817.146229449747	1	0	1	2.1208704700490713
218200.0	3000.0	1617.146229449755	0.0	0	132.70970996003598	1817.146229449747	1	0	1	2.1208704700490713
219200.0	3000.0	1617.14622944974	0.0	0	422.12818268616684	1817.146229449747	1	0	1	2.1208704700490713
220200.0	3000.0	1617.146229449765	0.0	0	102.71769694265095	1817.146229449747	1	0	1	2.1208704700490713
221498.9285198112	3000.0	1318.217709638575	0.0	0	0.0	1817.1462294497178	1	0	1	2.1208704700490744
222238.97993264266	3000.0	1578.1662968070984	0.0	0	0.0	1817.1462294497178	1	0	1	2.1208704700490744
223390.6549902364	3000.0	1426.4912392133435	0.0	0	0.0	1817.1462294497178	1	0	1	2.1208704700490744
224295.28699768247	3000.0	1521.8592317672458	0.0	0	0.0	1817.1462294497178	1	0	1	2.1208704700490744
225200.0	3000.0	1617.1462294497387	0.0	0	112.80821770522743	1817.146229449747	1	0	1	2.1208704700490713
226200.0	3000.0	1617.1462294497303	0.0	0	370.30991218431154	1817.146229449747	1	0	1	2.1208704700490713
227200.0	3000.0	1617.1462294497255	0.0	0	392.0173158624384	1817.146229449747	1	0	1	2.1208704700490713
228200.0	3000.0	1617.1462294497169	0.0	0	301.3076313108031	1817.1462294497178	1	0	1	2.1208704700490744
229200.0	3000.0	1617.1462294497373	0.0	0	148.65743693814147	1817.1462294497178	1	0	1	2.1208704700490744
230200.0	3000.0	1617.1462294497103	0.0	0	73.75741724006366	1817.1462294497178	1	0	1	2.1208704700490744
231200.0	3000.0	1617.1462294497233	0.0	0	259.21674051351147	1817.1462294497178	1	0	1	2.1208704700490744
232200.0	2000.0	1617.1462294497035	0.0	0	372.1230738541344	1817.1462294496887	1	0	1	1.3099402538327478
233200.0	2000.0	1617.1462294496876	0.0	0	504.07746496834443	1817.1462294496887	1	0	1	1.7154053619409124
234591.54119279797	3000.0	1225.6050366517306	0.0	0	0.0	1817.1462294497178	1	0	1	1.7154053619409115
235507.79092254073	3000.0	1309.355306908996	0.0	0	0.0	1817.1462294496887	1	0	1	2.1208704700490753
236451.05813824135	3000.0	1366.088091208392	0.0	0	0.0	1817.1462294497178	1	0	1	2.1208704700490744
237423.63862397335	3000.0	1393.5076054763797	0.0	0	0.0	1817.1462294496887	1	0	1	2.120870470049075
238888.09137199723	3000.0	929.0548574524569	0.0	0	0.0	1817.1462294496596	1	0	1	2.120870470049079
239901.46451394522	3000.0	915.6817155044765	0.0	0	0.0	1817.1462294496305	1	0	1	2.120870470049083
240951.52698905166	3000.0	865.6192403980314	0.0	0	0.0	1817.1462294496305	1	0	1	2.120870470049083
241813.50665587746	3000.0	1003.6395735722095	0.0	0	0.0	1817.1462294496305	1	0	1	2.120870470049083
242567.14336276372	3000.0	1250.0028666859564	0.0	0	0.0	1817.1462294496305	1	0	1	2.120870470049083
243482.48215568255	3000.0	1334.66407376714	0.0	0	0.0	1817.1462294496305	1	0	1	2.120870470049083
244200.0	3000.0	1617.1462294496714	0.0	0	75.22204455645988	1817.1462294496305	1	0	1	2.120870470049083
245200.0	3000.0	1617.1462294496748	0.0	0	117.65549431386171	1817.1462294496305	1	0	1	2.120870470049083
246200.0	3000.0	1617.146229449666	0.0	0	177.8917300690664	1817.1462294496014	1	0	1	2.120870470049086
247200.0	3000.0	1617.1462294496607	0.0	0	170.7689902742277	1817.1462294496014	1	0	1	2.120870470049086
248332.88483054054	3000.0	1484.261398909121	0.0	0	0.0	1817.1462294495723	1	0	1	2.1208704700490886
249412.3503527994	3000.0	1404.7958766502704	0.0	0	0.0	1817.1462294495723	1	0	1	2.1208704700490886
250280.24124683678	3000.0	1536.9049826129253	0.0	0	0.0	1817.1462294495723	1	0	1	2.1208704700490886
251200.0	3000.0	1617.1462294497314	0.0	0	90.05376183163025	1817.1462294496014	1	0	1	2.120870470049086
252218.6043937979	3000.0	1598.5418356518117	0.0	0	0.0	1817.1462294495723	1	0	1	2.1208704700490886
253200.0	3000.0	1617.146229449682	0.0	0	241.21763851161813	1817.1462294495723	1	0	1	2.1208704700490886
254441.47450156615	3000.0	1375.67172788357	0.0	0	0.0	1817.1462294496305	1	0	1	2.1208704700490855
255269.63879811086	3000.0	1547.5074313388443	0.0	0	0.0	1817.1462294496305	1	0	1	2.120870470049083
256259.8257485788	3000.0	1557.3204808708967	0.0	0	0.0	1817.1462294496305	1	0	1	2.120870470049083
257200.0	2000.0	1617.1462294496987	0.0	0	96.86408455437049	1817.1462294496014	1	0	1	1.3099402538327567
258375.50975896957	3000.0	1441.636470480138	0.0	0	0.0	1817.1462294496305	1	0	1	1.7154053619409184
259200.0	3000.0	1617.1462294496985	0.0	0	196.8676860362175	1817.1462294496305	1	0	1	2.120870470049083
260200.0	3000.0	1617.146229449703	0.0	0	17.354801283567213	1817.1462294496305	1	0	1	2.120870470049083
261502.62589145795	3000.0	1314.5203379917382	0.0	0	0.0	1817.1462294496305	1	0	1	2.120870470049083
262576.1634682876	3000.0	1240.982761162118	0.0	0	0.0	1817.1462294497178	1	0	1	2.120870470049077
263496.24008814315	3000.0	1320.9061413065726	0.0	0	0.0	1817.1462294497178	1	0	1	2.120870470049075
264657.53981288435	3000.0	1159.6064165654197	0.0	0	0.0	1817.146229449776	1	0	1	2.1208704700490686
265259.78252151	2000.0	1557.363707939808	0.0	0	0.0	1817.146229449776	1	0	1	1.3099402538327392
266200.0	2000.0	1617.1462294497792	0.0	0	352.71625710849185	1817.1462294498342	1	0	1	1.715405361940898
267200.0	3000.0	1617.1462294497899	0.0	0	265.7401202105102	1817.1462294498924	1	0	1	1.7154053619408922
268200.0	3000.0	1617.1462294497792	0.0	0	109.9194933581166	1817.1462294498924	1	0	1	2.120870470049057
269200.0	3000.0	1617.1462294497676	0.0	0	152.2026883927174	1817.1462294498924	1	0	1	2.120870470049057
270200.0	3000.0	1617.146229449778	0.0	0	22.386901488353033	1817.1462294498924	1	0	1	2.120870470049057
271200.0	3000.0	1617.1462294498267	0.0	0	72.67878361494513	1817.1462294498924	1	0	1	2.120870470049057
272331.7194916439	3000.0	1485.4267378059494	0.0	0	0.0	1817.1462294498924	1	0	1	2.120870470049057
273200.0	3000.0	1617.146229449792	0.0	0	58.81495851586806	1817.1462294498924	1	0	1	2.120870470049057
274520.31425486185	3000.0	1296.8319745879287	0.0	0	0.0	1817.1462294498342	1	0	1	2.1208704700490593
275396.3337763098	3000.0	1420.8124531399747	0.0	0	0.0	1817.1462294498342	1	0	1	2.120870470049063
276292.84654582635	3000.0	1524.2996836233956	0.0	0	0.0	1817.1462294498342	1	0	1	2.120870470049063
277200.0	3000.0	1617.1462294496748	0.0	0	61.5728173594689	1817.146229449776	1	0	1	2.1208704700490686
278200.0	3000.0	1617.1462294496894	0.0	0	321.9179509045207	1817.146229449776	1	0	1	2.1208704700490686
279200.0	3000.0	1617.1462294497128	0.0	0	116.66663919523126	1817.146229449776	1	0	1	2.1208704700490686
280200.0	3000.0	1617.1462294497662	0.0	0	323.13282206479926	1817.146229449776	1	0	1	2.1208704700490686
281209.5421930212	3000.0	1607.6040364285332	0.0	0	0.0	1817.146229449776	1	0	1	2.1208704700490686
282200.0	3000.0	1617.1462294497599	0.0	0	391.7671705056564	1817.1462294497178	1	0	1	2.1208704700490744
283200.0	3000.0	1617.1462294497474	0.0	0	139.39272801938932	1817.1462294497178	1	0	1	2.1208704700490744
284200.0	3000.0	1617.1462294497653	0.0	0	204.43489911896177	1817.146229449776	1	0	1	2.1208704700490686
285200.0	3000.0	1617.146229449768	0.0	0	251.8304870717111	1817.1462294498342	1	0	1	2.120870470049063
286313.85157102277	3000.0	1503.2946584270496	0.0	0	0.0	1817.1462294498342	1	0	1	2.120870470049063
287387.01732263993	3000.0	1430.1289068098588	0.0	0	0.0	1817.1462294498342	1	0	1	2.120870470049063
288312.0029162387	3000.0	1505.1433132111574	0.0	0	0.0	1817.1462294498924	1	0	1	2.120870470049057
289200.0	3000.0	1617.1462294498488	0.0	0	73.65281878167298	1817.1462294498924	1	0	1	2.120870470049057
290300.72420047014	3000.0	1516.4220289796963	0.0	0	0.0	1817.1462294498342	1	0	1	2.120870470049063
291200.0	3000.0	1617.1462294498601	0.0	0	111.29971298988676	1817.146229449776	1	0	1	2.1208704700490686
292425.1160207405	3000.0	1392.030208709442	0.0	0	0.0	1817.146229449776	1	0	1	2.120870470049073
293304.67658317107	3000.0	1512.469646278911	0.0	0	0.0	1817.146229449776	1	0	1	2.1208704700490686
294466.26196731755	3000.0	1350.884262132451	0.0	0	0.0	1817.1462294498342	1	0	1	2.120870470049063
295456.82213557727	3000.0	1360.3240938727074	0.0	0	0.0	1817.1462294498342	1	0	1	2.1208704700490673
296260.539488599	3000.0	1556.6067408509698	0.0	0	0.0	1817.1462294498342	1	0	1	2.120870470049063
297351.50242300023	3000.0	1465.6438064497752	0.0	0	0.0	1817.1462294498342	1	0	1	2.120870470049063
298398.3917804731	3000.0	1418.7544489769111	0.0	0	0.0	1817.1462294498924	1	0	1	2.1208704700490615
299610.7104003514	3000.0	1206.4358290986754	0.0	0	0.0	1817.1462294498924	1	0	1	2.120870470049057
300392.5313151055	3000.0	1424.6149143445984	0.0	0	0.0	1817.1462294499506	1	0	1	2.1208704700490513
3.75	3.75	4.25	5.54	3.32	2.92	4.24	3.06	3.96	3.83	1.82	3.81	3.12	3.54	3.74	3.28	2.54	2.17	2.73	4.48	3.52	4.85	3.48	3.73	3.72	3.73	3.76	4.1	3.76	3.43	3.75	4.67	3.44	3.02	3.38	3.1	3.39	4.37	3.46	3.09	3.87	3.61	2.99	3.41	3.22	2.44	3.6	4.41	3.29	3.31	2.39	3.19	4.05	3.45	3.9	3.73	3.86	5.8	3.6	3.3	1.81	3.61	4.1	4.63	4.01	4.08	3.7	2.9	3.93	3.41	4.54	3.82	4.55	3.79	5.54	4.29	4.47	3.09	3.64	3.63	2.2	2.83	3.13	3.83	2.5	3.19	3.01	3.38	3.67	4.52	4.71	4.3	3.65	3.87	3.3	3.39	3.75	4.17	1.96	3.89	2.7	2.97	2.68	1.76	3.29	3.66	3.35	3.17	3.72	3.96	3.43	4.27	3.49	3.59	2.48	3.14	3.96	4.05	3.52	3.26	2.17	3.57	4.01	3.98	4.85	2.99	4.63	3.73	3.97	3.74	5.17	3.06	3.81	2.15	3.44	4.1	3.21	3.49	2.69	4.73	3.41	2.9	3.46	2.87	3.43	2.15	3.51	3.3	3.86	2.42	3.75	3.75	4.25	5.54	3.32	2.92	4.24	3.06	3.96	3.83	1.82	3.81	3.12	3.54	3.74	3.28	2.54	2.17	2.73	4.48	3.52	4.85	3.48	3.73	3.72	3.73	3.76	4.1	3.76	3.43	3.75	4.67	3.44	3.02	3.38	3.1	3.39	4.37	3.46	3.09	3.87	3.61	2.99	3.41	3.22	2.44	3.6	4.41	3.29	3.31	2.39	3.19	4.05	3.45	3.9	3.73	3.86	5.8	3.6	3.3	1.81	3.61	4.1	4.63	4.01	4.08	3.7	2.9	3.93	3.41	4.54	3.82	4.55	3.79	5.54	4.29	4.47	3.09	3.64	3.63	2.2	2.83	3.13	3.83	2.5	3.19	3.01	3.38	3.67	4.52	4.71	4.3	3.65	3.87	3.3	3.39	3.75	4.17	1.96	3.89	2.7	2.97	2.68	1.76	3.29	3.66	3.35	3.17	3.72	3.96	3.43	4.27	3.49	3.59	2.48	3.14	3.96	4.05	3.52	3.26	2.17	3.57	4.01	3.98	4.85	2.99	4.63	3.73	3.97	3.74	5.17	3.06	3.81	2.15	3.44	4.1	3.21	3.49	2.69	4.73	3.41	2.9	3.46	2.87	3.43	2.15	3.51	3.3	3.86	2.42
1.0	2.0	3.0	4.0	5.0	6.0	7.0	8.0	9.0	10.0	11.0	12.0	13.0	14.0	15.0	16.0	17.0	18.0	19.0	20.0	21.0	22.0	23.0	24.0	25.0	26.0	27.0	28.0	29.0	30.0	31.0	32.0	33.0	34.0	35.0	36.0	37.0	38.0	39.0	40.0	41.0	42.0	43.0	44.0	45.0	46.0	47.0	48.0	49.0	50.0	51.0	52.0	53.0	54.0	55.0	56.0	57.0	58.0	59.0	60.0	61.0	62.0	63.0	64.0	65.0	66.0	67.0	68.0	69.0	70.0	71.0	72.0	73.0	74.0	75.0	76.0	77.0	78.0	79.0	80.0	81.0	82.0	83.0	84.0	85.0	86.0	87.0	88.0	89.0	90.0	91.0	92.0	93.0	94.0	95.0	96.0	97.0	98.0	99.0	100.0	101.0	102.0	103.0	104.0	105.0	106.0	107.0	108.0	109.0	110.0	111.0	112.0	113.0	114.0	115.0	116.0	117.0	118.0	119.0	120.0	121.0	122.0	123.0	124.0	125.0	126.0	127.0	128.0	129.0	130.0	131.0	132.0	133.0	134.0	135.0	136.0	137.0	138.0	139.0	140.0	141.0	142.0	143.0	144.0	145.0	146.0	147.0	148.0	149.0	149.0	150.0	151.0	152.0	153.0	154.0	155.0	156.0	157.0	158.0	159.0	160.0	161.0	162.0	163.0	164.0	165.0	166.0	167.0	168.0	169.0	170.0	171.0	172.0	173.0	174.0	175.0	176.0	177.0	178.0	179.0	180.0	181.0	182.0	183.0	184.0	185.0	186.0	187.0	188.0	189.0	190.0	191.0	192.0	193.0	194.0	195.0	196.0	197.0	198.0	199.0	200.0	201.0	202.0	203.0	204.0	205.0	206.0	207.0	208.0	209.0	210.0	211.0	212.0	213.0	214.0	215.0	216.0	217.0	218.0	219.0	220.0	221.0	222.0	223.0	224.0	225.0	226.0	227.0	228.0	229.0	230.0	231.0	232.0	233.0	234.0	235.0	236.0	237.0	238.0	239.0	240.0	241.0	242.0	243.0	244.0	245.0	246.0	247.0	248.0	249.0	250.0	251.0	252.0	253.0	254.0	255.0	256.0	257.0	258.0	259.0	260.0	261.0	262.0	263.0	264.0	265.0	266.0	267.0	268.0	269.0	270.0	271.0	272.0	273.0	274.0	275.0	276.0	277.0	278.0	279.0	280.0	281.0	282.0	283.0	284.0	285.0	286.0	287.0	288.0	289.0	290.0	291.0	292.0	293.0	294.0	295.0	296.0	297.0	298.0	298.0
4389.077729083045
