5749.24943452562	300.0	2000.0	110.90533613728687	0	0.0	5749.24943452562	1	0	1	-1.2382716068714323
6657.626078939884	3000.0	2000.7856911443096	0.0	0	0.0	5658.411770084193	1	0	2	-0.968326802949548
7537.125792082719	3000.0	2033.3360066871917	0.0	0	0.0	5570.461798769911	1	0	2	1.5432430600103988
8297.967568693715	3000.0	2196.410052415097	0.0	0	0.0	5494.377621108813	1	0	2	1.5513546225955126
9148.631151512156	3000.0	2260.680111314813	0.0	0	0.0	5409.31126282697	1	0	2	1.5592432489187984
10183.668580718087	3000.0	2122.1389391882894	0.0	0	0.0	5305.807519906378	1	0	2	1.5696894789934834
11016.891319181426	3000.0	2205.593926878618	0.0	0	0.0	5222.485246060046	1	0	2	1.5778403935586454
12024.96890619371	3000.0	2096.7085811651086	0.0	0	0.0	5121.677487358819	1	0	2	1.5879352493263688
13066.093307014664	3000.0	1951.4717402620595	0.0	0	0.0	5017.565047276725	1	0	2	1.5977035317443908
13848.112046635935	3000.0	2091.2511266786605	0.0	0	0.0	4939.363173314598	1	0	2	1.6069324036060353
14770.701456733308	3000.0	2076.40277557155	0.0	0	0.0	4847.1042323048605	1	0	2	1.6156691521265567
15517.606327022902	3000.0	2254.8074182529963	0.0	0	0.0	4772.4137452759005	1	0	2	1.6232789166066601
16505.87866263672	3000.0	2167.707849077799	0.0	0	0.0	4673.58651171452	1	0	2	1.6327160081260643
17178.48071879122	3000.0	2427.845587307849	0.0	0	0.0	4606.32630609907	1	0	2	1.6402049940582708
17683.84919241215	3000.0	2871.9402663248206	0.0	0	0.0	4555.789458736974	1	0	2	1.6456217426431419
18527.864536239093	3000.0	2943.523388115181	0.0	0	0.0	4471.387924354274	1	0	2	1.653395278669113
19189.383110363557	3000.0	3282.004813990716	0.0	0	0.0	4471.387924354274	1	0	1	1.6554463005586184
19780.80000843921	3000.0	3631.446226107496	0.0	0	0.0	4412.246234546712	1	0	2	1.459759429705215
20629.43092703562	3000.0	3697.9522156514445	0.0	0	0.0	4327.383142687067	1	0	2	1.667529865701652
21341.300111974087	3000.0	3914.896112219132	0.0	0	0.0	4256.196224193223	1	0	2	1.675184128643499
22344.38860090597	3000.0	3811.498774394061	0.0	0	0.0	4155.887375300037	1	0	2	1.6839956040512145
23293.197565962575	3000.0	3767.8089128317956	0.0	0	0.0	4061.0064787943775	1	0	2	1.6940523897009871
24200.0	3000.0	3770.326235390624	0.0	0	238.06503634325782	3970.3262353906357	1	0	2	1.7023227249735071
25200.0	3000.0	3670.3262353906225	0.0	0	158.66376486932495	3870.3262353906357	1	0	2	1.7123005392495432
26200.0	3000.0	3570.326235390623	0.0	0	66.816852864049	3770.3262353906393	1	0	2	1.7227178311516442
27207.047011309467	3000.0	3462.5745229502063	0.0	0	0.0	3669.621534259688	1	0	2	1.7329312613910832
28305.328683712643	3000.0	3254.4646833067127	0.0	0	0.0	3559.793367019367	1	0	2	1.7438373519677564
29242.956058916898	3000.0	3223.0745705820323	0.0	0	0.0	3466.0306294989387	1	0	2	1.7536456701830128
30326.248786233293	3000.0	3031.4525705340016	0.0	0	0.0	3357.701356767302	1	0	2	1.7638355324579107
31200.0	3000.0	3070.326235390626	0.0	0	173.07351942725654	3270.326235390632	1	0	2	1.7725448526746839
32200.0	3000.0	2970.326235390624	0.0	0	244.09897748026924	3170.3262353906284	1	0	2	1.7819902642402483
33200.0	3000.0	2970.3262353906257	0.0	0	271.81410959944697	3170.3262353906284	1	0	1	1.785552469454983
34200.0	3000.0	2870.3262353906166	0.0	0	368.78917415206524	3070.3262353906284	1	0	2	1.5918346474328835
35200.0	3000.0	2870.3262353906193	0.0	0	41.251588608996826	3070.326235390632	1	0	1	1.795552469454983
36200.0	2000.0	2770.3262353906193	0.0	0	220.47117182007787	2970.3262353906393	1	0	2	0.79132462475093
37265.95907919495	3000.0	2597.771248276166	0.0	0	0.0	2863.7303274711303	1	0	2	1.4079476690157295
38200.0	3000.0	2570.326235390615	0.0	0	31.741032981546596	2770.326235390625	1	0	2	1.822857580002907
39380.65704908949	3000.0	2271.603481392188	0.0	0	0.0	2652.26053048169	1	0	2	1.8342244016738007
40285.84467267142	3000.0	2275.8970954520696	0.0	0	0.0	2561.7417681234947	1	0	2	1.8441545191609443
41287.13929191433	3000.0	2174.4730142848566	0.0	0	0.0	2461.6123061991966	1	0	2	1.8536517633892442
42355.91300771979	3000.0	2105.699298479399	0.0	0	0.0	2461.6123061991966	1	0	1	1.856423862374126
43200.0	3000.0	2261.6123061991907	0.0	0	200.57058011885965	2461.6123061991893	1	0	1	2.0564238623741273
44200.0	3000.0	2161.612306199192	0.0	0	335.07487723818485	2361.612306199204	1	0	2	1.662869087995482
45200.0	3000.0	2161.612306199195	0.0	0	145.78597303960123	2361.6123061991966	1	0	1	1.866423862374126
46414.09262096709	3000.0	1947.519685232096	0.0	0	0.0	2361.6123061991966	1	0	1	2.0664238623741262
47237.0804953578	3000.0	2124.5318108413885	0.0	0	0.0	2361.6123061991966	1	0	1	2.0664238623741262
48200.0	3000.0	2161.6123061991993	0.0	0	217.83194756611192	2361.6123061991966	1	0	1	2.0664238623741262
49200.0	3000.0	2161.6123061991993	0.0	0	220.565825452868	2361.6123061991966	1	0	1	2.0664238623741262
50200.0	3000.0	2161.6123061991975	0.0	0	114.32350080015749	2361.6123061991966	1	0	1	2.0664238623741262
51200.0	3000.0	2061.6123061991984	0.0	0	265.42303588823415	2261.6123061991966	1	0	2	1.67283693795701
52200.0	3000.0	2061.612306199197	0.0	0	315.2774094862252	2261.6123061991893	1	0	1	1.876423862374127
53200.0	3000.0	2061.6123061991984	0.0	0	245.31521918995713	2261.6123061991893	1	0	1	2.076423862374127
54200.0	3000.0	2061.612306199203	0.0	0	73.51484228149639	2261.6123061991893	1	0	1	2.076423862374127
55283.579661769945	3000.0	1869.674678252267	0.0	0	0.0	2153.2543400221984	1	0	2	1.6843144147721234
56200.0	3000.0	1953.2543400222098	0.0	0	14.241692264949961	2153.2543400221984	1	0	1	1.8872596589918262
57356.81505704032	3000.0	1680.7577772778498	0.0	0	0.0	2037.572834318169	1	0	2	1.6956760337129975
58396.54651125871	3000.0	1641.026323059463	0.0	0	0.0	2037.5728343181763	1	0	1	1.8988278095622282
59200.0	3000.0	1837.5728343181765	0.0	0	151.06066577297315	2037.5728343181763	1	0	1	2.0988278095622284
60271.46588759733	3000.0	1766.10694672085	0.0	0	0.0	2037.5728343181763	1	0	1	2.0988278095622284
61200.0	3000.0	1837.572834318179	0.0	0	339.5229045133674	2037.5728343181763	1	0	1	2.0988278095622284
62200.0	3000.0	1837.5728343181893	0.0	0	150.39381984195643	2037.5728343181763	1	0	1	2.0988278095622284
63200.0	3000.0	1837.57283431819	0.0	0	89.0028189614095	2037.5728343181763	1	0	1	2.0988278095622284
64200.0	3000.0	1837.5728343181897	0.0	0	466.9095346065151	2037.5728343181763	1	0	1	2.0988278095622284
65200.0	3000.0	1837.5728343181877	0.0	0	447.0379816653076	2037.5728343181836	1	0	1	2.0988278095622275
66328.12084908587	3000.0	1709.451985232307	0.0	0	0.0	2037.572834318169	1	0	1	2.0988278095622284
67200.0	3000.0	1837.5728343181663	0.0	0	31.521340361898183	2037.5728343181545	1	0	1	2.0988278095622297
68200.0	3000.0	1837.5728343181775	0.0	0	154.658150256495	2037.5728343181545	1	0	1	2.0988278095622306
69200.0	3000.0	1837.572834318163	0.0	0	70.31612991215661	2037.5728343181545	1	0	1	2.0988278095622306
70399.14174976152	3000.0	1638.4310845566533	0.0	0	0.0	2037.5728343181545	1	0	1	2.0988278095622306
71505.12663965863	3000.0	1532.4461946595359	0.0	0	0.0	2037.5728343181545	1	0	1	2.0988278095622306
72200.0	3000.0	1837.5728343181797	0.0	0	127.17129901313456	2037.5728343181545	1	0	1	2.0988278095622306
73318.77028743624	3000.0	1718.8025468819446	0.0	0	0.0	2037.5728343181545	1	0	1	2.0988278095622306
74361.22532183593	3000.0	1676.3475124822555	0.0	0	0.0	2037.5728343181545	1	0	1	2.0988278095622306
75480.48955511807	3000.0	1557.0832792001263	0.0	0	0.0	2037.5728343181545	1	0	1	2.0988278095622306
76464.2134988352	3000.0	1573.359335482979	0.0	0	0.0	2037.5728343181545	1	0	1	2.0988278095622306
77730.9001382878	3000.0	1180.0040320851317	0.0	0	0.0	1910.9041703729163	1	0	2	1.7088595097071742
78533.27393936264	3000.0	1377.6302310103042	0.0	0	0.0	1910.9041703729163	1	0	1	1.9114946759567542
79296.04976770305	3000.0	1614.8544026699024	0.0	0	0.0	1910.9041703729163	1	0	1	2.111494675956754
80497.15623925446	3000.0	1413.747931118501	0.0	0	0.0	1910.9041703729163	1	0	1	2.111494675956754
81218.17398683204	3000.0	1692.7301835409235	0.0	0	0.0	1910.9041703729163	1	0	1	2.111494675956754
82200.0	3000.0	1710.9041703729633	0.0	0	450.22927957009233	1910.9041703729308	1	0	1	2.1114946759567528
83200.0	3000.0	1710.9041703729754	0.0	0	459.919592890059	1910.9041703729308	1	0	1	2.1114946759567528
84354.98106495272	3000.0	1555.9231054202482	0.0	0	0.0	1910.9041703729308	1	0	1	2.1114946759567528
85200.0	3000.0	1710.904170372969	0.0	0	201.0971203747904	1910.9041703729163	1	0	1	2.111494675956754
86200.0	3000.0	1710.9041703729679	0.0	0	72.8638902601815	1910.9041703729163	1	0	1	2.111494675956754
87203.93570786339	3000.0	1706.968462509579	0.0	0	0.0	1910.9041703729163	1	0	1	2.111494675956754
88200.0	3000.0	1710.9041703729529	0.0	0	290.2505598304124	1910.9041703729163	1	0	1	2.111494675956754
89200.0	3000.0	1710.9041703729636	0.0	0	450.37869785391376	1910.9041703729163	1	0	1	2.111494675956754
90200.0	3000.0	1710.9041703729736	0.0	0	431.6331023819366	1910.9041703729308	1	0	1	2.1114946759567528
91200.0	3000.0	1710.9041703729777	0.0	0	204.323967812481	1910.9041703729454	1	0	1	2.1114946759567514
92200.0	3000.0	1710.9041703729933	0.0	0	276.98576508724364	1910.9041703729454	1	0	1	2.1114946759567514
93200.0	3000.0	1710.9041703730002	0.0	0	410.6339043749613	1910.9041703729308	1	0	1	2.1114946759567528
94200.0	3000.0	1710.9041703730186	0.0	0	243.86056526002358	1910.9041703729308	1	0	1	2.1114946759567528
95200.0	3000.0	1710.9041703730145	0.0	0	483.1109323386627	1910.9041703729308	1	0	1	2.1114946759567528
96247.1148475249	3000.0	1663.7893228481014	0.0	0	0.0	1910.9041703729308	1	0	1	2.1114946759567528
97200.0	3000.0	1710.9041703730052	0.0	0	272.6647802321968	1910.9041703729308	1	0	1	2.1114946759567528
98200.0	3000.0	1710.9041703729922	0.0	0	438.05732966560754	1910.9041703729308	1	0	1	2.1114946759567528
99200.0	3000.0	1710.90417037298	0.0	0	280.7314864050568	1910.9041703729163	1	0	1	2.111494675956754
100200.0	3000.0	1710.904170372983	0.0	0	91.33064161140646	1910.9041703729163	1	0	1	2.111494675956754
101200.0	3000.0	1710.9041703729808	0.0	0	434.08207358904474	1910.9041703729308	1	0	1	2.1114946759567528
102200.0	3000.0	1710.904170372962	0.0	0	114.64789841035963	1910.9041703729308	1	0	1	2.1114946759567528
103200.0	3000.0	1710.904170372973	0.0	0	379.649575321906	1910.9041703729454	1	0	1	2.1114946759567514
104200.0	3000.0	1710.9041703729658	0.0	0	211.23139688861556	1910.90417037296	1	0	1	2.11149467595675
105200.0	3000.0	1710.9041703729954	0.0	0	90.9400734234805	1910.90417037296	1	0	1	2.11149467595675
106200.0	3000.0	1710.9041703729886	0.0	0	339.963462166299	1910.90417037296	1	0	1	2.11149467595675
107200.0	3000.0	1710.904170372991	0.0	0	295.87244696269045	1910.90417037296	1	0	1	2.11149467595675
108200.0	3000.0	1710.9041703729956	0.0	0	274.89814602157276	1910.90417037296	1	0	1	2.11149467595675
109200.0	3000.0	1710.904170372991	0.0	0	229.47213849604304	1910.90417037296	1	0	1	2.11149467595675
110200.0	3000.0	1710.9041703730038	0.0	0	184.93478791350208	1910.90417037296	1	0	1	2.11149467595675
111200.0	3000.0	1710.9041703730072	0.0	0	256.0978301147843	1910.90417037296	1	0	1	2.11149467595675
112200.0	3000.0	1710.9041703729927	0.0	0	33.05835439451039	1910.9041703729454	1	0	1	2.1114946759567514
113284.4793076209	3000.0	1626.424862752083	0.0	0	0.0	1910.9041703729454	1	0	1	2.1114946759567514
114463.00426851316	3000.0	1447.8999018598086	0.0	0	0.0	1910.9041703729454	1	0	1	2.1114946759567514
115515.28232223347	3000.0	1395.621848139511	0.0	0	0.0	1910.9041703729454	1	0	1	2.1114946759567514
116228.16049926038	3000.0	1682.7436711125881	0.0	0	0.0	1910.9041703729454	1	0	1	2.1114946759567514
117200.0	3000.0	1710.9041703729831	0.0	0	96.65374010887172	1910.9041703729454	1	0	1	2.1114946759567514
118200.0	3000.0	1710.9041703729863	0.0	0	123.75391839440272	1910.9041703729454	1	0	1	2.1114946759567514
119200.0	3000.0	1710.9041703729931	0.0	0	483.7509122253832	1910.9041703729454	1	0	1	2.1114946759567514
120200.0	3000.0	1710.9041703729872	0.0	0	410.57559048893745	1910.9041703729454	1	0	1	2.1114946759567514
121200.0	3000.0	1710.9041703729927	0.0	0	416.2116452699993	1910.9041703729454	1	0	1	2.1114946759567514
122200.0	3000.0	1710.9041703729886	0.0	0	356.07445865808404	1910.9041703729454	1	0	1	2.1114946759567514
123200.0	3000.0	1710.9041703730015	0.0	0	415.24428836147126	1910.9041703729454	1	0	1	2.1114946759567514
124200.0	3000.0	1710.904170372994	0.0	0	145.74660002966993	1910.9041703729454	1	0	1	2.1114946759567514
125200.0	3000.0	1710.9041703729931	0.0	0	393.20407498393615	1910.9041703729454	1	0	1	2.1114946759567514
126200.0	3000.0	1710.9041703729808	0.0	0	200.01617933693342	1910.9041703729454	1	0	1	2.1114946759567514
127200.0	3000.0	1610.9041703729781	0.0	0	254.74245800786593	1810.9041703729454	1	0	2	1.718128301540331
128200.0	3000.0	1610.904170372986	0.0	0	342.09976161304803	1810.90417037296	1	0	1	1.92149467595675
129200.0	3000.0	1610.9041703729877	0.0	0	369.6090055282839	1810.90417037296	1	0	1	2.1214946759567503
130200.0	3000.0	1610.904170372992	0.0	0	53.09458278212696	1810.9041703729745	1	0	1	2.1214946759567486
131200.0	3000.0	1610.9041703730093	0.0	0	203.90825428656535	1810.904170372989	1	0	1	2.1214946759567486
132200.0	3000.0	1610.9041703730136	0.0	0	391.76439630636014	1810.9041703729745	1	0	1	2.1214946759567477
133200.0	3000.0	1610.9041703729806	0.0	0	402.81067021386116	1810.9041703729308	1	0	1	2.1214946759567503
134200.0	3000.0	1610.904170372973	0.0	0	211.16759989381535	1810.9041703729308	1	0	1	2.121494675956753
135200.0	3000.0	1610.9041703729497	0.0	0	288.4490210178483	1810.9041703729308	1	0	1	2.121494675956753
136200.0	3000.0	1610.9041703729713	0.0	0	443.7178626086097	1810.9041703729308	1	0	1	2.121494675956753
137200.0	3000.0	1610.904170372983	0.0	0	417.52909577352693	1810.9041703729017	1	0	1	2.121494675956756
138200.0	3000.0	1610.9041703729952	0.0	0	38.430288984731305	1810.9041703729017	1	0	1	2.121494675956756
139205.71743150207	3000.0	1605.18673887095	0.0	0	0.0	1810.9041703729017	1	0	1	2.121494675956756
140200.0	3000.0	1610.9041703729954	0.0	0	120.19073821415077	1810.9041703729017	1	0	1	2.121494675956756
141200.0	3000.0	1610.9041703729824	0.0	0	87.05920754547697	1810.9041703729017	1	0	1	2.121494675956756
142200.0	3000.0	1610.904170372979	0.0	0	218.32553805585485	1810.9041703729017	1	0	1	2.121494675956756
143200.0	3000.0	1610.9041703729868	0.0	0	167.82936256067478	1810.9041703729017	1	0	1	2.121494675956756
144300.6847438788	3000.0	1510.2194264941656	0.0	0	0.0	1810.9041703729017	1	0	1	2.121494675956756
145332.04806566102	3000.0	1478.856104711979	0.0	0	0.0	1810.9041703729017	1	0	1	2.121494675956756
146200.0	3000.0	1610.9041703729492	0.0	0	15.986027536040638	1810.9041703729017	1	0	1	2.121494675956756
147200.0	3000.0	1610.9041703729665	0.0	0	189.1791575619136	1810.9041703729017	1	0	1	2.121494675956756
148474.77226739304	3000.0	1336.1319029799374	0.0	0	0.0	1810.9041703728726	1	0	1	2.121494675956759
149660.920846123	3000.0	1149.9833242500172	0.0	0	0.0	1810.9041703729017	1	0	1	2.121494675956756
150440.79618223922	3000.0	1370.1079881337816	0.0	0	0.0	1810.9041703729017	1	0	1	2.121494675956756
151537.0864434212	3000.0	1164.1887008336003	0.0	0	0.0	1701.2751442547014	1	0	2	1.7296957243520739
152558.48912366538	3000.0	1142.7860205894258	0.0	0	0.0	1701.2751442547014	1	0	1	1.9324575785685758
153467.32135863786	3000.0	1233.9537856169698	0.0	0	0.0	1701.2751442547014	1	0	1	2.1324575785685758
154200.0	3000.0	1501.2751442548397	0.0	0	16.13241467397893	1701.2751442547014	1	0	1	2.1324575785685758
155200.0	3000.0	1501.2751442548729	0.0	0	285.71009950866573	1701.2751442547014	1	0	1	2.1324575785685758
156576.68144943326	3000.0	1124.5936948215785	0.0	0	0.0	1701.2751442546723	1	0	1	2.132457578568579
157334.0685923287	3000.0	1367.2065519261826	0.0	0	0.0	1701.2751442546723	1	0	1	2.132457578568579
158231.80621993847	3000.0	1469.4689243164207	0.0	0	0.0	1701.2751442546723	1	0	1	2.132457578568579
159200.0	3000.0	1501.2751442548806	0.0	0	395.4526248272741	1701.2751442546723	1	0	1	2.132457578568579
160310.60225623567	3000.0	1390.6728880192354	0.0	0	0.0	1701.2751442546723	1	0	1	2.132457578568579
161200.0	3000.0	1501.2751442549024	0.0	0	154.6710670525208	1701.2751442546723	1	0	1	2.132457578568579
162285.08259283382	3000.0	1416.1925514210916	0.0	0	0.0	1701.2751442546723	1	0	1	2.132457578568579
163200.0	3000.0	1501.2751442549288	0.0	0	150.86383584176656	1701.2751442546723	1	0	1	2.132457578568579
164200.0	3000.0	1501.2751442549345	0.0	0	388.33740347230923	1701.2751442546432	1	0	1	2.132457578568582
165200.0	3000.0	1501.2751442549572	0.0	0	347.9797279656923	1701.2751442546432	1	0	1	2.132457578568582
166200.0	3000.0	1501.275144254971	0.0	0	73.75855966139352	1701.2751442546141	1	0	1	2.1324575785685846
167200.0	3000.0	1501.2751442549766	0.0	0	387.5462871877826	1701.2751442546141	1	0	1	2.1324575785685846
168200.0	3000.0	1501.2751442549727	0.0	0	264.169712731702	1701.2751442546141	1	0	1	2.1324575785685846
169200.0	3000.0	1401.2751442549397	0.0	0	68.23089446607628	1601.2751442546141	1	0	2	1.7396260152622633
170200.0	3000.0	1401.275144254899	0.0	0	328.04774546655244	1601.275144254556	1	0	1	1.9424575785685898
171245.70076494804	3000.0	1355.5743793068918	0.0	0	0.0	1601.275144254556	1	0	1	2.1424575785685906
172533.04455644914	3000.0	1068.230587805768	0.0	0	0.0	1601.2751442545268	1	0	1	2.1424575785685933
173406.46219943985	3000.0	1194.8129448150632	0.0	0	0.0	1601.2751442545268	1	0	1	2.1424575785685933
174200.0	3000.0	1401.2751442549213	0.0	0	118.7745648927521	1601.2751442545268	1	0	1	2.1424575785685933
175227.58752215325	3000.0	1373.6876221016382	0.0	0	0.0	1601.2751442545268	1	0	1	2.1424575785685933
176310.92250941158	3000.0	1290.352634843293	0.0	0	0.0	1601.2751442545268	1	0	1	2.1424575785685933
177247.5923775356	3000.0	1353.6827667193145	0.0	0	0.0	1601.2751442545268	1	0	1	2.1424575785685933
178200.0	2000.0	1401.2751442549143	0.0	0	418.74616503939615	1601.2751442544977	1	0	1	1.3315273623522665
179200.0	3000.0	1401.275144254892	0.0	0	329.9961273894878	1601.2751442544977	1	0	1	1.7369924704604316
180200.0	3000.0	1401.275144254872	0.0	0	351.5906566756312	1601.2751442544977	1	0	1	2.142457578568596
181200.0	3000.0	1401.2751442548893	0.0	0	360.72375046662637	1601.2751442544977	1	0	1	2.142457578568596
182335.6964753201	3000.0	1265.5786689348163	0.0	0	0.0	1601.2751442545268	1	0	1	2.1424575785685933
183301.8933091681	3000.0	1299.3818350868112	0.0	0	0.0	1601.2751442545268	1	0	1	2.1424575785685933
184256.75587978662	3000.0	1344.5192644683318	0.0	0	0.0	1601.2751442545268	1	0	1	2.1424575785685933
185200.0	3000.0	1401.2751442549825	0.0	0	182.17934893048368	1601.2751442545268	1	0	1	2.1424575785685933
186449.7344855744	3000.0	1151.5406586806134	0.0	0	0.0	1601.2751442545268	1	0	1	2.1424575785685933
187213.48310439673	3000.0	1387.7920398582787	0.0	0	0.0	1601.2751442545268	1	0	1	2.1424575785685933
188263.7015193523	3000.0	1337.573624902702	0.0	0	0.0	1601.2751442544977	1	0	1	2.142457578568596
189200.0	3000.0	1401.2751442549795	0.0	0	225.89230496849632	1601.2751442545268	1	0	1	2.1424575785685933
190200.0	3000.0	1401.2751442549913	0.0	0	317.65405734814703	1601.2751442545268	1	0	1	2.1424575785685933
191221.8947736943	3000.0	1379.3803705606988	0.0	0	0.0	1601.2751442545268	1	0	1	2.1424575785685933
192200.0	3000.0	1401.2751442549875	0.0	0	9.641574940964347	1601.2751442545268	1	0	1	2.1424575785685933
193200.0	3000.0	1401.2751442549775	0.0	0	353.88786413075286	1601.2751442545268	1	0	1	2.1424575785685933
194200.0	3000.0	1401.2751442549704	0.0	0	50.5695280158252	1601.275144254556	1	0	1	2.1424575785685906
195226.77127634338	3000.0	1374.5038679115867	0.0	0	0.0	1601.2751442545268	1	0	1	2.1424575785685933
196299.00475532378	3000.0	1302.2703889312	0.0	0	0.0	1601.275144254556	1	0	1	2.1424575785685906
197200.0	3000.0	1401.2751442549918	0.0	0	156.9537839673867	1601.275144254556	1	0	1	2.1424575785685906
198200.0	3000.0	1401.2751442550025	0.0	0	92.5420107053651	1601.275144254556	1	0	1	2.1424575785685906
199290.93781115417	3000.0	1310.3373331008067	0.0	0	0.0	1601.275144254585	1	0	1	2.1424575785685875
200283.65604176308	3000.0	1317.619102491916	0.0	0	0.0	1601.275144254585	1	0	1	2.1424575785685875
201200.0	3000.0	1401.2751442550123	0.0	0	151.52362134188297	1601.275144254556	1	0	1	2.1424575785685906
202200.0	3000.0	1401.2751442550007	0.0	0	334.44000092195347	1601.275144254556	1	0	1	2.1424575785685906
203200.0	3000.0	1401.2751442549982	0.0	0	238.62669496619492	1601.275144254585	1	0	1	2.1424575785685875
204200.0	3000.0	1401.2751442549834	0.0	0	166.1660595345602	1601.275144254585	1	0	1	2.1424575785685875
205210.4822640956	3000.0	1390.792880159384	0.0	0	0.0	1601.275144254585	1	0	1	2.1424575785685875
206507.57843062928	3000.0	1093.696713625694	0.0	0	0.0	1601.275144254556	1	0	1	2.1424575785685906
207453.84410914808	2000.0	1147.431035106883	0.0	0	0.0	1601.275144254556	1	0	1	1.331527362352261
208200.0	3000.0	1401.275144254968	0.0	0	93.98578729233122	1601.275144254556	1	0	1	1.736992470460426
209200.0	3000.0	1401.2751442549836	0.0	0	381.4835544617963	1601.275144254585	1	0	1	2.142457578568588
210200.0	3000.0	1401.2751442549973	0.0	0	406.0017878394865	1601.275144254585	1	0	1	2.1424575785685875
211200.0	3000.0	1401.27514425501	0.0	0	257.6790996286727	1601.2751442546141	1	0	1	2.1424575785685844
212200.0	2000.0	1401.2751442550057	0.0	0	415.76506581090507	1601.2751442546432	1	0	1	1.3315273623522523
213200.0	3000.0	1401.275144255	0.0	0	305.454537766258	1601.2751442546432	1	0	1	1.7369924704604172
214200.0	3000.0	1401.275144254972	0.0	0	519.3709019784583	1601.2751442546432	1	0	1	2.1424575785685818
215456.74360863352	3000.0	1144.5315356214473	0.0	0	0.0	1601.2751442546723	1	0	1	2.142457578568579
216200.0	3000.0	1401.2751442549638	0.0	0	30.88094556593569	1601.2751442546723	1	0	1	2.142457578568579
217200.0	3000.0	1401.2751442549468	0.0	0	189.0588272260793	1601.2751442546723	1	0	1	2.142457578568579
218335.4701195711	3000.0	1265.8050246838857	0.0	0	0.0	1601.2751442546432	1	0	1	2.1424575785685818
219200.0	2000.0	1401.2751442550157	0.0	0	294.6167569795216	1601.2751442546723	1	0	1	1.3315273623522494
220379.25689933947	3000.0	1222.0182449155325	0.0	0	0.0	1601.2751442546723	1	0	1	1.7369924704604145
221200.0	3000.0	1401.2751442549645	0.0	0	73.88247243792284	1601.2751442546432	1	0	1	2.1424575785685818
222200.0	3000.0	1401.275144254961	0.0	0	306.34532875052537	1601.2751442546723	1	0	1	2.142457578568579
223200.0	2000.0	1401.2751442549584	0.0	0	204.9142747882579	1601.2751442546432	1	0	1	1.3315273623522523
224323.8820604829	3000.0	1277.3930837720893	0.0	0	0.0	1601.2751442546432	1	0	1	1.7369924704604172
225200.0	3000.0	1401.2751442549811	0.0	0	75.72920310907648	1601.2751442546432	1	0	1	2.1424575785685818
226548.07746249632	3000.0	1053.1976817587051	0.0	0	0.0	1601.2751442546432	1	0	1	2.1424575785685818
227200.0	3000.0	1401.2751442550518	0.0	0	122.12026250947383	1601.2751442546432	1	0	1	2.1424575785685818
228200.0	3000.0	1401.2751442550339	0.0	0	130.90190379321575	1601.2751442546723	1	0	1	2.142457578568579
229246.97060516785	3000.0	1354.3045390871998	0.0	0	0.0	1601.2751442546432	1	0	1	2.1424575785685818
230200.0	3000.0	1401.275144255038	0.0	0	159.776173790975	1601.2751442546432	1	0	1	2.1424575785685818
231200.0	3000.0	1401.2751442550502	0.0	0	203.75435370919877	1601.2751442546723	1	0	1	2.142457578568579
232200.0	3000.0	1401.275144255041	0.0	0	480.11116811822285	1601.2751442546723	1	0	1	2.142457578568579
233200.0	3000.0	1401.275144255038	0.0	0	380.7039410160214	1601.2751442546723	1	0	1	2.142457578568579
234200.0	3000.0	1401.2751442550089	0.0	0	95.661582844652	1601.2751442546723	1	0	1	2.142457578568579
235234.2727093839	3000.0	1367.0024348711045	0.0	0	0.0	1601.2751442546723	1	0	1	2.142457578568579
236326.74771267324	3000.0	1274.5274315817662	0.0	0	0.0	1601.2751442546723	1	0	1	2.142457578568579
237200.0	3000.0	1401.2751442549995	0.0	0	10.44848288828507	1601.2751442547014	1	0	1	2.142457578568576
238200.0	3000.0	1401.2751442550195	0.0	0	165.25813292930252	1601.2751442547014	1	0	1	2.142457578568576
239200.0	3000.0	1401.2751442550052	0.0	0	171.86894688633038	1601.2751442547014	1	0	1	2.142457578568576
240200.0	3000.0	1401.275144255011	0.0	0	230.30962821978028	1601.2751442547014	1	0	1	2.142457578568576
241200.0	3000.0	1401.2751442550318	0.0	0	181.7557486098376	1601.2751442546723	1	0	1	2.142457578568579
242200.0	3000.0	1401.275144255026	0.0	0	277.52493479981786	1601.2751442546723	1	0	1	2.142457578568579
243200.0	3000.0	1401.2751442550393	0.0	0	351.5421932172321	1601.2751442546723	1	0	1	2.142457578568579
244200.0	3000.0	1401.275144255049	0.0	0	414.5675471997529	1601.2751442546723	1	0	1	2.142457578568579
245200.0	3000.0	1401.275144255033	0.0	0	316.3596532625088	1601.2751442546723	1	0	1	2.142457578568579
246200.0	3000.0	1401.2751442550214	0.0	0	308.3843385897635	1601.2751442546723	1	0	1	2.142457578568579
247200.0	3000.0	1401.2751442550507	0.0	0	62.91707921627676	1601.2751442546723	1	0	1	2.142457578568579
248200.0	3000.0	1401.2751442550302	0.0	0	450.36028727851226	1601.2751442546432	1	0	1	2.1424575785685818
249200.0	3000.0	1401.2751442550064	0.0	0	418.81193446859834	1601.2751442546432	1	0	1	2.1424575785685818
250200.0	3000.0	1401.2751442549795	0.0	0	225.28598301208694	1601.2751442546432	1	0	1	2.1424575785685818
251200.0	3000.0	1401.2751442549816	0.0	0	18.997855463559972	1601.2751442546432	1	0	1	2.1424575785685818
252200.0	3000.0	1401.2751442549902	0.0	0	49.08163260054425	1601.2751442546432	1	0	1	2.1424575785685818
253200.0	3000.0	1401.2751442549531	0.0	0	255.05702171006124	1601.2751442546432	1	0	1	2.1424575785685818
254200.0	3000.0	1401.2751442549345	0.0	0	252.75724428737885	1601.2751442546141	1	0	1	2.1424575785685844
255200.0	3000.0	1401.275144254916	0.0	0	373.34873113251524	1601.2751442546141	1	0	1	2.1424575785685844
256200.0	3000.0	1401.2751442548827	0.0	0	372.249576403643	1601.275144254585	1	0	1	2.1424575785685875
257200.0	3000.0	1401.275144254892	0.0	0	364.6836420594482	1601.275144254585	1	0	1	2.1424575785685875
258200.0	3000.0	1301.2751442549359	0.0	0	340.82979591607	1501.2751442546432	1	0	2	1.7487632042056036
259200.0	3000.0	1301.2751442549472	0.0	0	296.0174737221678	1501.2751442546432	1	0	1	1.9524575785685816
260210.61212572912	3000.0	1290.6630185258405	0.0	0	0.0	1501.2751442546432	1	0	1	2.1524575785685816
261200.0	3000.0	1301.2751442549904	0.0	0	152.0363264103944	1501.2751442546141	1	0	1	2.1524575785685847
262200.0	3000.0	1301.2751442550027	0.0	0	145.25878043152625	1501.275144254585	1	0	1	2.1524575785685878
263200.0	3000.0	1301.2751442549995	0.0	0	308.36402441654354	1501.275144254585	1	0	1	2.1524575785685864
264200.0	3000.0	1301.2751442550898	0.0	0	105.05839270690922	1501.2751442546141	1	0	1	2.1524575785685847
265200.0	3000.0	1301.2751442550625	0.0	0	177.95257557253353	1501.275144254556	1	0	1	2.1524575785685904
266200.0	3000.0	1301.2751442550339	0.0	0	163.42450119461864	1501.275144254556	1	0	1	2.1524575785685904
267200.0	3000.0	1301.2751442550593	0.0	0	199.42431238957215	1501.275144254556	1	0	1	2.1524575785685904
268200.0	3000.0	1301.2751442550973	0.0	0	255.44748566974886	1501.275144254556	1	0	1	2.1524575785685904
269200.0	3000.0	1301.2751442550561	0.0	0	229.11585705104517	1501.2751442544977	1	0	1	2.152457578568596
270200.0	3000.0	1301.2751442550862	0.0	0	361.82767188333673	1501.275144254556	1	0	1	2.1524575785685904
271200.0	3000.0	1301.275144255089	0.0	0	83.00143101176945	1501.275144254556	1	0	1	2.1524575785685904
272200.0	3000.0	1301.2751442550507	0.0	0	175.86382196185878	1501.275144254556	1	0	1	2.1524575785685904
273200.0	3000.0	1301.2751442551169	0.0	0	257.30752152221976	1501.275144254556	1	0	1	2.1524575785685904
274264.7731932701	3000.0	1236.5019509851093	0.0	0	0.0	1501.275144254556	1	0	1	2.1524575785685904
275550.1029465479	3000.0	951.1721977072884	0.0	0	0.0	1501.2751442546723	1	0	1	2.1524575785685833
276303.5301960707	3000.0	1197.744948184437	0.0	0	0.0	1501.2751442546723	1	0	1	2.152457578568579
277200.0	3000.0	1301.275144255073	0.0	0	122.58057892421493	1501.2751442546723	1	0	1	2.152457578568579
278200.0	3000.0	1301.2751442551235	0.0	0	462.4454623530619	1501.2751442546723	1	0	1	2.1524575785685798
279220.3109289455	3000.0	1280.9642153096288	0.0	0	0.0	1501.2751442546141	1	0	1	2.1524575785685847
280200.0	3000.0	1301.2751442550953	0.0	0	89.39831280085491	1501.2751442546723	1	0	1	2.152457578568579
281200.0	3000.0	1301.275144255199	0.0	0	257.1605771824834	1501.2751442546723	1	0	1	2.152457578568579
282200.0	3000.0	1301.2751442552374	0.0	0	250.02494538290193	1501.2751442546723	1	0	1	2.152457578568579
283200.0	3000.0	1301.275144255262	0.0	0	308.33440148766385	1501.2751442546723	1	0	1	2.152457578568579
284200.0	3000.0	1301.2751442551842	0.0	0	447.28615593968425	1501.2751442546141	1	0	1	2.1524575785685847
285200.0	3000.0	1301.275144255147	0.0	0	303.39406293275533	1501.2751442546141	1	0	1	2.1524575785685847
286200.0	3000.0	1301.2751442551469	0.0	0	163.42786733206594	1501.275144254556	1	0	1	2.1524575785685904
287228.1883228741	3000.0	1273.0868213810763	0.0	0	0.0	1501.275144254556	1	0	1	2.1524575785685904
288200.0	3000.0	1301.275144255193	0.0	0	297.8364320928231	1501.275144254556	1	0	1	2.1524575785685904
289200.0	3000.0	1301.275144255196	0.0	0	31.53459909616504	1501.2751442544977	1	0	1	2.152457578568596
290200.0	3000.0	1301.2751442551769	0.0	0	15.410760367580224	1501.275144254556	1	0	1	2.1524575785685904
291200.0	3000.0	1301.2751442551573	0.0	0	16.917290542507544	1501.275144254556	1	0	1	2.1524575785685904
292200.0	3000.0	1301.2751442552028	0.0	0	49.87694298842689	1501.2751442546141	1	0	1	2.1524575785685847
293278.78138349	3000.0	1222.4937607652062	0.0	0	0.0	1501.2751442546141	1	0	1	2.1524575785685847
294200.0	3000.0	1209.1532826042728	0.0	0	23.020626788842492	1409.1532826036564	1	0	2	1.7592318950913834
295200.0	3000.0	1209.1532826042446	0.0	0	208.66920731769642	1409.1532826036564	1	0	1	1.9616697647336803
296200.0	3000.0	1209.1532826042294	0.0	0	177.83767717151204	1409.1532826036564	1	0	1	2.1616697647336807
297501.0979291364	3000.0	908.0553534677581	0.0	0	0.0	1409.1532826035982	1	0	1	2.1616697647336864
298421.2420197498	2000.0	987.911262854308	0.0	0	0.0	1409.1532826035982	1	0	1	1.350739548517357
299200.0	3000.0	1209.1532826041052	0.0	0	209.01294604490977	1409.1532826035982	1	0	1	1.7562046566255218
300200.0	3000.0	1209.1532826041112	0.0	0	114.86141827510437	1409.1532826036564	1	0	1	2.1616697647336816
3.86	2.51	5.04	3.3	4.49	3.53	4.03	2.71	3.98	4.75	3.05	5.24	4.08	4.15	4.2	3.7	2.1	2.84	4.25	3.88	3.53	3.06	3.89	3.61	3.66	4.02	4.17	3.29	4.14	3.09	3.64	3.2	3.08	2.76	4.67	3.3	3.79	3.82	4.43	3.57	3.21	3.78	3.8	3.5	3.27	3.03	4.33	3.45	3.98	2.99	3.43	2.8	2.79	4.47	3.24	4.53	2.76	3.68	5.98	5.15	2.53	4.25	3.93	3.0	2.39	3.68	5.37	2.78	3.35	3.44	3.16	2.7	4.73	3.23	3.45	5.15	5.02	4.47	3.09	4.31	3.59	2.83	4.32	4.83	3.94	3.75	4.65	4.34	5.95	4.44	3.3	4.05	4.26	4.47	3.96	4.6	3.36	3.98	3.63	3.36	3.94	4.01	3.74	3.65	3.97	4.05	2.83	3.86	2.97	3.65	3.73	3.89	4.87	4.17	4.53	3.42	5.04	4.63	4.55	3.32	3.1	4.24	4.68	5.07	3.32	4.01	4.81	5.47	5.2	4.32	4.71	4.63	3.36	3.76	3.63	4.18	3.32	3.54	3.46	3.52	3.89	2.5	3.21	3.1	5.24	2.97	3.43	4.15	4.18	3.9	3.86	2.51	5.04	3.3	4.49	3.53	4.03	2.71	3.98	4.75	3.05	5.24	4.08	4.15	4.2	3.7	2.1	2.84	4.25	3.88	3.53	3.06	3.89	3.61	3.66	4.02	4.17	3.29	4.14	3.09	3.64	3.2	3.08	2.76	4.67	3.3	3.79	3.82	4.43	3.57	3.21	3.78	3.8	3.5	3.27	3.03	4.33	3.45	3.98	2.99	3.43	2.8	2.79	4.47	3.24	4.53	2.76	3.68	5.98	5.15	2.53	4.25	3.93	3.0	2.39	3.68	5.37	2.78	3.35	3.44	3.16	2.7	4.73	3.23	3.45	5.15	5.02	4.47	3.09	4.31	3.59	2.83	4.32	4.83	3.94	3.75	4.65	4.34	5.95	4.44	3.3	4.05	4.26	4.47	3.96	4.6	3.36	3.98	3.63	3.36	3.94	4.01	3.74	3.65	3.97	4.05	2.83	3.86	2.97	3.65	3.73	3.89	4.87	4.17	4.53	3.42	5.04	4.63	4.55	3.32	3.1	4.24	4.68	5.07	3.32	4.01	4.81	5.47	5.2	4.32	4.71	4.63	3.36	3.76	3.63	4.18	3.32	3.54	3.46	3.52	3.89	2.5	3.21	3.1	5.24	2.97	3.43
1.0	2.0	3.0	4.0	5.0	6.0	7.0	8.0	9.0	10.0	11.0	12.0	13.0	14.0	15.0	16.0	17.0	18.0	19.0	20.0	21.0	22.0	23.0	24.0	25.0	26.0	27.0	28.0	29.0	30.0	31.0	32.0	33.0	34.0	35.0	36.0	37.0	38.0	39.0	40.0	41.0	42.0	43.0	44.0	45.0	46.0	47.0	48.0	49.0	50.0	51.0	52.0	53.0	54.0	55.0	56.0	57.0	58.0	59.0	60.0	61.0	62.0	63.0	64.0	65.0	66.0	67.0	68.0	69.0	70.0	71.0	72.0	73.0	74.0	75.0	76.0	77.0	78.0	79.0	80.0	81.0	82.0	83.0	84.0	85.0	86.0	87.0	88.0	89.0	90.0	91.0	92.0	93.0	94.0	95.0	96.0	97.0	98.0	99.0	100.0	101.0	102.0	103.0	104.0	105.0	106.0	107.0	108.0	109.0	110.0	111.0	112.0	113.0	114.0	115.0	116.0	117.0	118.0	119.0	120.0	121.0	122.0	123.0	124.0	125.0	126.0	127.0	128.0	129.0	130.0	131.0	132.0	133.0	134.0	135.0	136.0	137.0	138.0	139.0	140.0	141.0	142.0	143.0	144.0	145.0	146.0	147.0	148.0	149.0	149.0	150.0	151.0	152.0	153.0	154.0	155.0	156.0	157.0	158.0	159.0	160.0	161.0	162.0	163.0	164.0	165.0	166.0	167.0	168.0	169.0	170.0	171.0	172.0	173.0	174.0	175.0	176.0	177.0	178.0	179.0	180.0	181.0	182.0	183.0	184.0	185.0	186.0	187.0	188.0	189.0	190.0	191.0	192.0	193.0	194.0	195.0	196.0	197.0	198.0	199.0	200.0	201.0	202.0	203.0	204.0	205.0	206.0	207.0	208.0	209.0	210.0	211.0	212.0	213.0	214.0	215.0	216.0	217.0	218.0	219.0	220.0	221.0	222.0	223.0	224.0	225.0	226.0	227.0	228.0	229.0	230.0	231.0	232.0	233.0	234.0	235.0	236.0	237.0	238.0	239.0	240.0	241.0	242.0	243.0	244.0	245.0	246.0	247.0	248.0	249.0	250.0	251.0	252.0	253.0	254.0	255.0	256.0	257.0	258.0	259.0	260.0	261.0	262.0	263.0	264.0	265.0	266.0	267.0	268.0	269.0	270.0	271.0	272.0	273.0	274.0	275.0	276.0	277.0	278.0	279.0	280.0	281.0	282.0	283.0	284.0	285.0	286.0	287.0	288.0	289.0	290.0	291.0	292.0	293.0	294.0	295.0	296.0
5521.409576187943
