4577.975840293059	300.0	2000.0	117.09080117362556	0	0.0	4577.975840293059	1	0	1	-1.158120140184871
6217.424135411497	6000.0	1196.6068753697184	0.0	0	0.0	4414.031010781216	1	0	2	-0.8452443502241579
7190.198473598427	3000.0	1126.5551033640963	0.0	0	0.0	4316.753576962523	1	0	2	0.9751222678638081
7873.262525091217	2000.0	1375.1846467220273	0.0	0	0.0	4248.4471718132445	1	0	2	0.8649846908568598
9022.713957603868	3000.0	1110.78807095811	0.0	0	0.0	4133.5020285619785	1	0	2	1.2809055956552347
9827.758093030894	3000.0	1225.2395219883792	0.0	0	0.0	4052.9976150192742	1	0	2	1.6954777064693964
10474.363079097686	3000.0	1513.9740373149089	0.0	0	0.0	3988.3371164125956	1	0	2	1.7022661557074608
10965.676756212442	3000.0	2022.660360200152	0.0	0	0.0	3988.3371164125956	1	0	1	1.7037513813527863
11605.264970250464	3000.0	2383.0721461621315	0.0	0	0.0	3988.3371164125974	1	0	1	1.9037513813527864
13122.547150712646	3000.0	1714.061747653733	0.0	0	0.0	3836.6088983663794	1	0	2	1.514560761485268
13952.439020885828	3000.0	1801.1806904632315	0.0	0	0.0	3753.61971134906	1	0	2	1.7252807105874144
14930.939736333372	3000.0	1724.8299034709314	0.0	0	0.0	3655.7696398043026	1	0	2	1.7345902005836735
15586.543935157162	3000.0	2003.6652847647638	0.0	0	0.0	3590.209219921926	1	0	2	1.7421886544997396
16133.444658332155	3000.0	2402.074489272273	0.0	0	0.0	3535.5191476044256	1	0	2	1.7476314206390406
16800.061989333866	3000.0	2668.7954251703895	0.0	0	0.0	3468.857414504253	1	0	2	1.75395375872737
17526.201318053423	3000.0	2870.0421635788716	0.0	0	0.0	3396.243481632291	1	0	2	1.7614218671080306
18200.0	3000.0	3128.8636134376366	0.0	0	268.0529491014131	3328.86361343763	1	0	2	1.7668077345321567
19200.0	3000.0	3028.8636134376375	0.0	0	552.5634777529704	3228.86361343763	1	0	2	1.7757657152711213
20200.0	3000.0	2928.863613437638	0.0	0	277.01482316713737	3128.8636134376284	1	0	2	1.7861056438546916
21200.0	3000.0	2828.8636134376347	0.0	0	429.7159335963006	3028.8636134376284	1	0	2	1.7958522498878877
22200.0	3000.0	2828.8636134376347	0.0	0	341.0605523090526	3028.8636134376284	1	0	1	1.799698731650283
23260.783281750264	3000.0	2662.0020035123407	0.0	0	0.0	2922.785285262602	1	0	2	1.607550661052243
24352.745289163533	3000.0	2460.8437953577395	0.0	0	0.0	2813.5890845212707	1	0	2	1.8184793013896894
25200.0	3000.0	2528.8636134376256	0.0	0	3.2813337302468426	2728.8636134376284	1	0	2	1.827577470851348
26200.0	3000.0	2528.863613437626	0.0	0	13.74897791553667	2728.8636134376284	1	0	1	1.829698731650283
27201.060477135194	3000.0	2527.803136302433	0.0	0	0.0	2728.8636134376284	1	0	1	2.0296987316502832
28200.0	3000.0	2528.8636134376266	0.0	0	116.63650093705292	2728.8636134376284	1	0	1	2.0296987316502832
29200.0	3000.0	2528.863613437629	0.0	0	269.1581398696726	2728.8636134376284	1	0	1	2.0296987316502832
30677.02882024233	3000.0	2051.834793195302	0.0	0	0.0	2728.8636134376284	1	0	1	2.0296987316502832
31935.015821488603	3000.0	1793.8477919490326	0.0	0	0.0	2728.8636134376284	1	0	1	2.0296987316502832
32985.6450340039	3000.0	1743.2185794337363	0.0	0	0.0	2728.863613437632	1	0	1	2.0296987316502832
33964.199606874565	3000.0	1666.8085492760044	0.0	0	0.0	2631.0081561505685	1	0	2	1.637080947805183
34836.3998747297	3000.0	1707.3882546353589	0.0	0	0.0	2543.7881293650607	1	0	2	1.846063072749585
35484.22336968464	3000.0	2059.5647596804165	0.0	0	0.0	2543.788129365057	1	0	1	1.84820628005754
36652.06807891018	3000.0	1891.7200504548698	0.0	0	0.0	2543.78812936505	1	0	1	2.048206280057541
37733.30871243349	3000.0	1810.4794169315644	0.0	0	0.0	2543.788129365057	1	0	1	2.0482062800575402
38856.20324162239	3000.0	1575.2954348237804	0.0	0	0.0	2431.498676446172	1	0	2	1.6564074332642222
39813.07568769862	3000.0	1618.4229887475462	0.0	0	0.0	2431.498676446172	1	0	1	1.8594352253494286
40850.14948370987	3000.0	1477.6418131351672	0.0	0	0.0	2327.79129684504	1	0	2	1.6664598307263871
41721.367426598335	3000.0	1606.4238702467035	0.0	0	0.0	2327.7912968450473	1	0	1	1.8698059633095412
42484.203734631934	3000.0	1843.5875622131	0.0	0	0.0	2327.7912968450473	1	0	1	2.0698059633095416
43402.696864947815	3000.0	1925.094431897228	0.0	0	0.0	2327.7912968450473	1	0	1	2.0698059633095416
44339.846555701864	3000.0	1987.9447411431804	0.0	0	0.0	2327.7912968450473	1	0	1	2.0698059633095416
45200.0	3000.0	2127.7912968450482	0.0	0	311.06095617752	2327.7912968450546	1	0	1	2.0698059633095407
46200.0	3000.0	2127.7912968450532	0.0	0	507.84939277720696	2327.7912968450546	1	0	1	2.0698059633095407
47200.0	3000.0	2127.791296845055	0.0	0	130.2155914752948	2327.7912968450546	1	0	1	2.0698059633095407
48250.12780787124	3000.0	2077.6634889738166	0.0	0	0.0	2327.7912968450546	1	0	1	2.0698059633095407
49200.0	3000.0	2127.7912968450673	0.0	0	467.91242569789756	2327.7912968450546	1	0	1	2.0698059633095407
50200.0	3000.0	2127.7912968450632	0.0	0	395.2698239072124	2327.7912968450473	1	0	1	2.0698059633095416
51246.39249027516	3000.0	2081.3988065699036	0.0	0	0.0	2327.7912968450473	1	0	1	2.0698059633095416
52758.329721221584	3000.0	1569.4615756234825	0.0	0	0.0	2327.7912968450473	1	0	1	2.0698059633095416
53417.47157607991	3000.0	1910.3197207651613	0.0	0	0.0	2327.7912968450546	1	0	1	2.0698059633095407
54200.0	3000.0	2127.791296845071	0.0	0	79.4249278523057	2327.791296845062	1	0	1	2.0698059633095403
55353.76604073203	6000.0	1974.0252561130392	0.0	0	0.0	2327.791296845062	1	0	1	2.06980596330954
56768.32367931607	6000.0	1559.4676175290017	0.0	0	0.0	2327.791296845062	1	0	1	2.7629531438694848
58057.02214671574	6000.0	1270.7691501293361	0.0	0	0.0	2327.791296845062	1	0	1	2.7629531438694848
59052.61305699385	6000.0	1275.1782398512262	0.0	0	0.0	2327.791296845069	1	0	1	2.762953143869484
60045.82193513967	6000.0	1281.9693617054072	0.0	0	0.0	2327.791296845069	1	0	1	2.762953143869484
60978.202781406806	6000.0	1349.5885154382631	0.0	0	0.0	2327.791296845069	1	0	1	2.762953143869484
62090.92713779026	6000.0	1236.8641590548095	0.0	0	0.0	2327.791296845069	1	0	1	2.762953143869484
62944.93039732558	6000.0	1382.8608995194893	0.0	0	0.0	2327.791296845062	1	0	1	2.7629531438694848
63309.38948424052	3000.0	2018.4018126045553	0.0	0	0.0	2327.791296845062	1	0	1	1.376658782749595
64331.82248341675	6000.0	1995.9688134283247	0.0	0	0.0	2327.791296845062	1	0	1	2.06980596330954
65567.06644940878	6000.0	1760.724847436292	0.0	0	0.0	2327.791296845069	1	0	1	2.7629531438694848
66200.0	3000.0	2127.7912968450496	0.0	0	264.5506695510412	2327.7912968450473	1	0	1	1.3766587827495955
67200.0	3000.0	2127.791296845063	0.0	0	623.7494130353007	2327.791296845069	1	0	1	2.0698059633095407
68200.0	3000.0	2127.7912968450464	0.0	0	165.1866792276851	2327.7912968450546	1	0	1	2.0698059633095403
69200.0	3000.0	2127.7912968450355	0.0	0	173.3024571219721	2327.7912968450546	1	0	1	2.0698059633095407
70200.0	3000.0	2127.791296845033	0.0	0	511.214642084713	2327.7912968450546	1	0	1	2.0698059633095407
71200.0	3000.0	2127.7912968450287	0.0	0	491.1045393796521	2327.7912968450546	1	0	1	2.0698059633095407
72200.0	3000.0	2127.7912968450346	0.0	0	278.55303308033035	2327.79129684504	1	0	1	2.069805963309542
73200.0	3000.0	2127.7912968450314	0.0	0	113.2495004653756	2327.79129684504	1	0	1	2.069805963309542
74200.0	3000.0	2127.7912968450387	0.0	0	116.0087532010948	2327.79129684504	1	0	1	2.069805963309542
76228.61693907373	6000.0	1099.1743577712982	0.0	0	0.0	2327.79129684504	1	0	1	2.069805963309542
77085.58709480836	6000.0	1242.2042020366528	0.0	0	0.0	2327.79129684504	1	0	1	2.762953143869487
78207.28997951008	6000.0	1120.501317334942	0.0	0	0.0	2327.79129684504	1	0	1	2.762953143869487
78923.73698006377	6000.0	1404.0543167812473	0.0	0	0.0	2327.79129684504	1	0	1	2.762953143869487
79593.62428588663	6000.0	1734.1670109583936	0.0	0	0.0	2327.79129684504	1	0	1	2.762953143869487
80667.7284972634	6000.0	1660.0627995816328	0.0	0	0.0	2327.79129684504	1	0	1	2.762953143869487
81522.69310546697	6000.0	1805.0981913780647	0.0	0	0.0	2327.7912968450255	1	0	1	2.7629531438694883
82785.60679142487	6000.0	1542.1845054201651	0.0	0	0.0	2327.79129684504	1	0	1	2.762953143869487
83499.51975257916	3000.0	1828.2715442658791	0.0	0	0.0	2327.79129684504	1	0	1	1.376658782749597
84200.0	3000.0	2127.7912968450446	0.0	0	104.0480235957366	2327.79129684504	1	0	1	2.069805963309542
85200.0	3000.0	2027.791296845056	0.0	0	537.0401774005732	2227.79129684504	1	0	2	1.675846407610308
86200.0	3000.0	2027.7912968450592	0.0	0	448.69760290323757	2227.7912968450546	1	0	1	1.8798059633095403
88009.96710209471	6000.0	1217.824194750335	0.0	0	0.0	2227.7912968450546	1	0	1	2.0798059633095405
89211.44755865126	6000.0	1016.3437381938074	0.0	0	0.0	2227.7912968450546	1	0	1	2.7729531438694854
90373.5887027596	6000.0	854.2025940854458	0.0	0	0.0	2227.7912968450546	1	0	1	2.7729531438694854
91261.9985368633	6000.0	965.7927599817333	0.0	0	0.0	2227.7912968450546	1	0	1	2.7729531438694854
92093.38142073982	6000.0	1134.4098761052078	0.0	0	0.0	2227.79129684504	1	0	1	2.772953143869487
92538.5336607635	3000.0	1689.2576360815438	0.0	0	0.0	2227.79129684504	1	0	1	1.386658782749597
93226.07337145251	3000.0	1932.963954323636	0.0	0	0.0	2159.037325776153	1	0	2	1.6848506492454325
94200.0	3000.0	1959.0373257761385	0.0	0	438.2546254923509	2159.037325776153	1	0	1	1.8866813604164308
95200.0	3000.0	1859.0373257761382	0.0	0	538.6374636225082	2059.037325776153	1	0	2	1.6927343025365849
96200.0	3000.0	1759.0373257761432	0.0	0	252.99233407175052	1959.037325776153	1	0	2	1.9030923937845277
97200.0	3000.0	1759.0373257761466	0.0	0	183.55262647173367	1959.037325776153	1	0	1	1.9066813604164308
98200.0	3000.0	1759.0373257761537	0.0	0	346.64829932274006	1959.0373257761676	1	0	1	2.1066813604164296
99200.0	3000.0	1759.03732577616	0.0	0	163.67369103974488	1959.0373257761676	1	0	1	2.1066813604164296
100200.0	3000.0	1759.0373257761642	0.0	0	129.1060729020537	1959.0373257761676	1	0	1	2.1066813604164296
101239.947926477	3000.0	1719.0893992991678	0.0	0	0.0	1959.0373257761676	1	0	1	2.1066813604164296
102200.0	3000.0	1759.0373257761657	0.0	0	394.55393099374487	1959.037325776153	1	0	1	2.106681360416431
103200.0	3000.0	1659.0373257761798	0.0	0	414.6074991055357	1859.0373257761967	1	0	2	1.712891355476346
104200.0	3000.0	1659.0373257761878	0.0	0	341.4548045858828	1859.0373257762112	1	0	1	1.9166813604164248
105200.0	3000.0	1659.0373257761757	0.0	0	556.5147239187354	1859.0373257762112	1	0	1	2.116681360416425
106200.0	3000.0	1659.0373257761748	0.0	0	465.6617458555411	1859.0373257762112	1	0	1	2.116681360416425
107400.45320065517	3000.0	1458.5841251209895	0.0	0	0.0	1859.0373257762112	1	0	1	2.116681360416425
108200.0	3000.0	1659.0373257761532	0.0	0	66.32489130536851	1859.0373257762112	1	0	1	2.116681360416425
109200.0	3000.0	1659.0373257761678	0.0	0	333.5968510228704	1859.0373257762112	1	0	1	2.116681360416425
110200.0	3000.0	1659.037325776153	0.0	0	532.6081102340104	1859.0373257762112	1	0	1	2.116681360416425
111518.80846937816	3000.0	1340.2288563979944	0.0	0	0.0	1859.0373257762112	1	0	1	2.116681360416425
112209.12464701061	3000.0	1649.9126787655373	0.0	0	0.0	1859.0373257762112	1	0	1	2.116681360416425
113200.0	3000.0	1659.0373257761505	0.0	0	341.68081482849084	1859.0373257762258	1	0	1	2.1166813604164236
114200.0	3000.0	1659.0373257761344	0.0	0	529.3222988594644	1859.0373257762258	1	0	1	2.1166813604164236
115200.0	3000.0	1659.037325776134	0.0	0	593.4558301746874	1859.0373257762258	1	0	1	2.1166813604164236
116200.0	3000.0	1659.0373257761346	0.0	0	521.4394846065552	1859.0373257762258	1	0	1	2.1166813604164236
117200.0	3000.0	1659.037325776122	0.0	0	326.8115423183772	1859.0373257762258	1	0	1	2.1166813604164236
118200.0	3000.0	1659.0373257761166	0.0	0	160.89478645360214	1859.0373257762258	1	0	1	2.1166813604164236
119200.0	3000.0	1659.0373257761103	0.0	0	225.0667353861063	1859.0373257762258	1	0	1	2.1166813604164236
120200.0	3000.0	1659.0373257761073	0.0	0	258.46192880858143	1859.0373257762258	1	0	1	2.1166813604164236
121200.0	3000.0	1659.0373257761235	0.0	0	377.5956696724752	1859.0373257762258	1	0	1	2.1166813604164236
122200.0	3000.0	1659.0373257761494	0.0	0	592.2750769663253	1859.0373257762258	1	0	1	2.1166813604164236
123429.52775870018	3000.0	1429.5095670759829	0.0	0	0.0	1859.0373257762403	1	0	1	2.116681360416422
124507.90855969141	3000.0	1351.1287660847534	0.0	0	0.0	1859.0373257762403	1	0	1	2.116681360416422
125458.73745696846	3000.0	1400.2998688076987	0.0	0	0.0	1859.0373257762403	1	0	1	2.116681360416422
126200.0	3000.0	1659.0373257761507	0.0	0	175.1394947496301	1859.0373257762403	1	0	1	2.116681360416422
127642.68880393448	3000.0	1216.3485218416831	0.0	0	0.0	1859.0373257762403	1	0	1	2.116681360416422
128610.35707788641	3000.0	1248.6802478897582	0.0	0	0.0	1859.0373257762403	1	0	1	2.116681360416422
129533.37769366792	3000.0	1325.6596321082598	0.0	0	0.0	1859.0373257762403	1	0	1	2.116681360416422
130266.64224823675	3000.0	1592.3950775394321	0.0	0	0.0	1859.0373257762258	1	0	1	2.1166813604164236
131461.89131734197	3000.0	1397.1460084342073	0.0	0	0.0	1859.0373257762258	1	0	1	2.1166813604164236
132436.2999269133	3000.0	1422.7373988628651	0.0	0	0.0	1859.0373257762112	1	0	1	2.116681360416426
133200.0	3000.0	1659.0373257761883	0.0	0	116.44652705674525	1859.0373257762112	1	0	1	2.1166813604164245
134406.86978688385	3000.0	1452.1675388923272	0.0	0	0.0	1859.0373257761821	1	0	1	2.1166813604164276
135361.8457160556	3000.0	1497.1916097205892	0.0	0	0.0	1859.0373257761821	1	0	1	2.1166813604164276
136692.37033937842	6000.0	1166.6669863977575	0.0	0	0.0	1859.0373257761821	1	0	1	2.116681360416428
137679.78846326683	3000.0	1179.2488625093642	0.0	0	0.0	1859.0373257762112	1	0	1	1.42353417985648
138894.6746875015	6000.0	964.3626382746831	0.0	0	0.0	1859.0373257762112	1	0	1	2.1166813604164245
140120.52196113273	6000.0	738.5153646434837	0.0	0	0.0	1859.0373257762403	1	0	1	2.809828540976367
140636.4395816023	3000.0	1222.5977441739237	0.0	0	0.0	1859.0373257762403	1	0	1	1.423534179856477
141200.0	3000.0	1659.037325776187	0.0	0	157.1006549289159	1859.0373257762403	1	0	1	2.116681360416422
142200.0	3000.0	1659.0373257761955	0.0	0	582.0343065167544	1859.0373257762403	1	0	1	2.116681360416422
143200.0	3000.0	1659.0373257762012	0.0	0	671.904022230301	1859.0373257762403	1	0	1	2.116681360416422
144200.0	3000.0	1659.0373257762174	0.0	0	641.226300673181	1859.0373257762694	1	0	1	2.116681360416419
145200.0	3000.0	1659.0373257762462	0.0	0	410.58484526514076	1859.0373257762694	1	0	1	2.116681360416419
146289.9110913224	3000.0	1569.1262344538577	0.0	0	0.0	1859.0373257762694	1	0	1	2.116681360416419
147200.0	3000.0	1659.0373257762797	0.0	0	447.09226302208845	1859.0373257762694	1	0	1	2.116681360416419
148200.0	3000.0	1659.0373257762835	0.0	0	194.62895243099774	1859.0373257762694	1	0	1	2.116681360416419
149200.0	3000.0	1659.0373257762617	0.0	0	382.48486227245303	1859.0373257762403	1	0	1	2.116681360416422
150200.0	3000.0	1659.037325776276	0.0	0	348.5228941362584	1859.0373257762403	1	0	1	2.116681360416422
151200.0	3000.0	1659.0373257762715	0.0	0	498.7416934898647	1859.0373257762403	1	0	1	2.116681360416422
152200.0	3000.0	1659.0373257762433	0.0	0	509.20617020045756	1859.0373257762403	1	0	1	2.116681360416422
153200.0	3000.0	1659.037325776258	0.0	0	389.8621058257413	1859.0373257762694	1	0	1	2.116681360416419
154200.0	3000.0	1659.0373257762494	0.0	0	95.70101208405686	1859.0373257762403	1	0	1	2.116681360416422
155200.0	3000.0	1659.0373257762537	0.0	0	372.1239002611255	1859.0373257762403	1	0	1	2.116681360416422
156200.0	3000.0	1659.0373257762649	0.0	0	269.1621298404061	1859.0373257762112	1	0	1	2.116681360416425
157324.47941401397	3000.0	1534.5579117622583	0.0	0	0.0	1859.0373257761821	1	0	1	2.1166813604164276
158615.5111464269	3000.0	1243.526179349312	0.0	0	0.0	1859.0373257761821	1	0	1	2.1166813604164276
159360.19853123548	3000.0	1498.838794540731	0.0	0	0.0	1859.0373257761821	1	0	1	2.1166813604164276
160200.0	3000.0	1659.0373257762212	0.0	0	197.1434675040946	1859.0373257761821	1	0	1	2.1166813604164276
161352.15180069773	3000.0	1506.8855250784984	0.0	0	0.0	1859.0373257762112	1	0	1	2.116681360416427
162583.4788102873	3000.0	1275.558515488907	0.0	0	0.0	1859.0373257761821	1	0	1	2.1166813604164276
163330.48553152627	3000.0	1528.5517942499912	0.0	0	0.0	1859.0373257761821	1	0	1	2.1166813604164276
164200.0	3000.0	1659.0373257762672	0.0	0	122.04496571057825	1859.037325776153	1	0	1	2.1166813604164307
165200.0	3000.0	1659.0373257762842	0.0	0	298.17929842567537	1859.037325776153	1	0	1	2.1166813604164307
166200.0	3000.0	1659.0373257762858	0.0	0	287.9596978412883	1859.037325776124	1	0	1	2.1166813604164334
167200.0	3000.0	1659.0373257762483	0.0	0	397.7369178466324	1859.037325776124	1	0	1	2.1166813604164334
168200.0	3000.0	1659.037325776229	0.0	0	533.9196330773993	1859.037325776153	1	0	1	2.1166813604164307
169200.0	3000.0	1659.0373257762221	0.0	0	392.8097200712655	1859.037325776124	1	0	1	2.1166813604164334
170200.0	3000.0	1659.0373257762528	0.0	0	89.15946520326543	1859.037325776124	1	0	1	2.1166813604164334
171200.0	3000.0	1659.0373257762515	0.0	0	112.69130674682674	1859.037325776124	1	0	1	2.1166813604164334
172309.91662254278	3000.0	1549.1207032334632	0.0	0	0.0	1859.0373257760948	1	0	1	2.1166813604164365
173200.0	3000.0	1659.037325776229	0.0	0	114.9202169784694	1859.0373257760948	1	0	1	2.1166813604164365
174200.0	3000.0	1659.0373257762024	0.0	0	373.7680594609992	1859.0373257760948	1	0	1	2.1166813604164365
175200.0	3000.0	1659.0373257761978	0.0	0	362.9474930575234	1859.0373257760948	1	0	1	2.1166813604164365
176200.0	3000.0	1659.037325776198	0.0	0	203.14728343574097	1859.0373257760657	1	0	1	2.1166813604164396
177200.0	3000.0	1659.0373257761883	0.0	0	228.73177147985552	1859.0373257760657	1	0	1	2.1166813604164396
178200.0	3000.0	1659.0373257762333	0.0	0	352.9606940424128	1859.0373257760948	1	0	1	2.1166813604164365
179722.78696280354	3000.0	1136.2503629726682	0.0	0	0.0	1859.0373257760657	1	0	1	2.1166813604164396
180720.65566166316	2000.0	1138.3816641130556	0.0	0	0.0	1859.0373257760948	1	0	1	1.3057511442001077
181665.88060026243	2000.0	1193.1567255138136	0.0	0	0.0	1859.0373257760948	1	0	1	1.7112162523082706
182861.47917508706	3000.0	997.558150689171	0.0	0	0.0	1859.0373257760948	1	0	1	1.7112162523082721
183747.0760836489	3000.0	1111.9612421273341	0.0	0	0.0	1859.037325776124	1	0	1	2.1166813604164334
184223.2456598473	2000.0	1635.791665928888	0.0	0	0.0	1859.037325776124	1	0	1	1.3057511442001042
185229.47594930584	3000.0	1629.5613764703317	0.0	0	0.0	1859.0373257760948	1	0	1	1.7112162523082721
186200.0	3000.0	1659.0373257761532	0.0	0	11.671918876643758	1859.0373257760657	1	0	1	2.1166813604164396
187200.0	3000.0	1659.0373257761767	0.0	0	185.78522724553477	1859.0373257760657	1	0	1	2.1166813604164396
188200.0	3000.0	1659.037325776171	0.0	0	89.55149019006058	1859.0373257760657	1	0	1	2.1166813604164396
189200.0	3000.0	1659.0373257761562	0.0	0	165.18144132604357	1859.0373257760657	1	0	1	2.1166813604164396
190200.0	3000.0	1659.037325776159	0.0	0	139.11205251686624	1859.0373257760657	1	0	1	2.1166813604164396
191387.69402294146	3000.0	1471.3433028346624	0.0	0	0.0	1859.0373257760366	1	0	1	2.1166813604164423
192528.85071579402	3000.0	1330.186609982091	0.0	0	0.0	1859.0373257760366	1	0	1	2.1166813604164423
193254.9890399339	3000.0	1604.0482858421992	0.0	0	0.0	1859.0373257760366	1	0	1	2.1166813604164423
194200.0	3000.0	1659.0373257761082	0.0	0	504.32785032785614	1859.0373257760366	1	0	1	2.1166813604164423
195200.0	3000.0	1659.037325776129	0.0	0	479.539613262692	1859.0373257760366	1	0	1	2.1166813604164423
196200.0	3000.0	1659.0373257761005	0.0	0	129.41446281672688	1859.0373257760075	1	0	1	2.1166813604164454
197216.55184001292	3000.0	1540.8303017619091	0.0	0	0.0	1757.382141774724	1	0	2	1.7244310821307427
198200.0	3000.0	1557.3821417748045	0.0	0	328.35440995916724	1757.382141774724	1	0	1	1.9268468788165736
199200.0	3000.0	1557.3821417747954	0.0	0	614.9854029456328	1757.382141774724	1	0	1	2.1268468788165737
200200.0	3000.0	1557.3821417747972	0.0	0	0.9203041450236924	1757.382141774724	1	0	1	2.1268468788165737
201702.0564674823	3000.0	1055.3256742924832	0.0	0	0.0	1757.382141774695	1	0	1	2.126846878816577
202617.59488284093	3000.0	1139.7872589338463	0.0	0	0.0	1757.382141774695	1	0	1	2.126846878816577
203585.14909411233	3000.0	1172.2330476624359	0.0	0	0.0	1757.382141774695	1	0	1	2.126846878816577
204200.0	3000.0	1557.3821417747886	0.0	0	97.30851727811387	1757.382141774695	1	0	1	2.126846878816577
205246.7527492582	6000.0	1510.6293925166287	0.0	0	0.0	1757.382141774724	1	0	1	2.1268468788165733
206480.36429995295	6000.0	1277.0178418218497	0.0	0	0.0	1757.382141774695	1	0	1	2.819994059376522
207273.92822795536	6000.0	1483.453913819472	0.0	0	0.0	1757.382141774695	1	0	1	2.819994059376522
208440.5853865999	6000.0	1316.7967551749318	0.0	0	0.0	1757.382141774695	1	0	1	2.819994059376522
209809.84277033157	6000.0	947.5393714432815	0.0	0	0.0	1757.382141774695	1	0	1	2.819994059376522
210638.86411282484	6000.0	1118.5180289499826	0.0	0	0.0	1757.382141774695	1	0	1	2.819994059376522
211273.12497518526	6000.0	1484.2571665895996	0.0	0	0.0	1757.382141774695	1	0	1	2.819994059376522
212200.0	6000.0	1557.3821417748463	0.0	0	377.74313142793835	1757.382141774724	1	0	1	2.8199940593765183
213200.0	3000.0	1557.3821417748381	0.0	0	485.9932166719227	1757.382141774724	1	0	1	1.4336996982566288
214200.0	3000.0	1557.3821417748438	0.0	0	479.19834315238404	1757.382141774724	1	0	1	2.1268468788165737
215200.0	3000.0	1557.3821417748204	0.0	0	446.9795546363166	1757.382141774724	1	0	1	2.1268468788165737
216200.0	3000.0	1557.3821417748484	0.0	0	521.565290287399	1757.382141774724	1	0	1	2.1268468788165737
217200.0	3000.0	1557.3821417748502	0.0	0	547.4117530168442	1757.382141774753	1	0	1	2.1268468788165706
218200.0	3000.0	1557.3821417748657	0.0	0	96.64206427734462	1757.382141774753	1	0	1	2.1268468788165706
219200.0	3000.0	1557.382141774865	0.0	0	465.3600197880878	1757.382141774753	1	0	1	2.1268468788165706
220200.0	3000.0	1557.3821417748231	0.0	0	638.2635310300102	1757.3821417747822	1	0	1	2.126846878816568
221200.0	3000.0	1557.3821417748338	0.0	0	419.1145463763969	1757.3821417747822	1	0	1	2.126846878816568
222200.0	3000.0	1557.3821417748372	0.0	0	302.9674548039038	1757.3821417748113	1	0	1	2.126846878816565
223200.0	3000.0	1557.3821417748397	0.0	0	350.3172312210663	1757.3821417748113	1	0	1	2.126846878816565
224366.90906221315	3000.0	1390.4730795616626	0.0	0	0.0	1757.3821417747822	1	0	1	2.126846878816568
225522.3485986633	6000.0	1235.0335431115325	0.0	0	0.0	1757.3821417747822	1	0	1	2.1268468788165675
226508.49685732473	6000.0	1248.8852844501166	0.0	0	0.0	1757.382141774753	1	0	1	2.819994059376514
227449.78606413034	6000.0	1307.5960776445297	0.0	0	0.0	1757.382141774753	1	0	1	2.8199940593765156
228306.22082971048	6000.0	1451.161312064393	0.0	0	0.0	1757.382141774753	1	0	1	2.8199940593765156
229200.0	3000.0	1557.3821417748802	0.0	0	480.4218129219662	1757.382141774753	1	0	1	1.4336996982566257
230200.0	3000.0	1557.3821417748732	0.0	0	359.5914599458629	1757.382141774724	1	0	1	2.1268468788165737
231200.0	3000.0	1557.3821417748618	0.0	0	483.0987906854134	1757.382141774724	1	0	1	2.1268468788165737
232200.0	3000.0	1557.3821417748586	0.0	0	4.414341915980913	1757.382141774724	1	0	1	2.1268468788165737
233200.0	3000.0	1557.382141774871	0.0	0	340.61742316771415	1757.382141774724	1	0	1	2.1268468788165737
234200.0	3000.0	1557.3821417749004	0.0	0	611.3352735395893	1757.382141774724	1	0	1	2.1268468788165737
235200.0	3000.0	1557.382141774895	0.0	0	221.37863991924678	1757.382141774695	1	0	1	2.126846878816577
236200.0	3000.0	1557.3821417749068	0.0	0	256.9185329674219	1757.382141774695	1	0	1	2.126846878816577
237283.6200075276	6000.0	1473.7621342473083	0.0	0	0.0	1757.382141774724	1	0	1	2.1268468788165733
238314.56349698507	6000.0	1442.8186447898431	0.0	0	0.0	1757.382141774695	1	0	1	2.819994059376522
239418.76036695897	6000.0	1338.6217748159374	0.0	0	0.0	1757.382141774695	1	0	1	2.819994059376522
240200.0	6000.0	1557.3821417749423	0.0	0	224.9215632773121	1757.382141774724	1	0	1	2.8199940593765183
241200.0	6000.0	1557.3821417749352	0.0	0	468.5488276742981	1757.382141774724	1	0	1	2.8199940593765183
242361.09828754948	6000.0	1396.2838542254578	0.0	0	0.0	1757.382141774724	1	0	1	2.8199940593765183
243200.0	3000.0	1557.3821417749464	0.0	0	261.67606194035034	1757.382141774724	1	0	1	1.4336996982566288
244200.0	3000.0	1557.382141774907	0.0	0	512.6267326323432	1757.382141774724	1	0	1	2.1268468788165737
245200.0	3000.0	1557.382141774913	0.0	0	486.3973153726838	1757.382141774724	1	0	1	2.1268468788165737
246200.0	3000.0	1557.3821417748677	0.0	0	91.22618005122058	1757.382141774724	1	0	1	2.1268468788165737
247200.0	3000.0	1557.3821417748284	0.0	0	408.08026495817467	1757.382141774724	1	0	1	2.1268468788165737
248200.0	3000.0	1557.3821417748013	0.0	0	479.938167069864	1757.382141774695	1	0	1	2.126846878816577
249200.0	3000.0	1557.3821417747506	0.0	0	170.02996977663133	1757.382141774695	1	0	1	2.126846878816577
250350.42193287928	3000.0	1406.9602088954593	0.0	0	0.0	1757.382141774695	1	0	1	2.126846878816577
251200.0	3000.0	1557.3821417747445	0.0	0	369.1529031631071	1757.382141774695	1	0	1	2.126846878816577
252683.00350759624	6000.0	1074.3786341784617	0.0	0	0.0	1757.3821417746658	1	0	1	2.1268468788165777
253303.9196720809	3000.0	1453.462469693808	0.0	0	0.0	1757.3821417746658	1	0	1	1.4336996982566346
254200.0	3000.0	1557.382141774689	0.0	0	226.36144204915036	1757.3821417746658	1	0	1	2.1268468788165795
255200.0	3000.0	1557.3821417746512	0.0	0	284.81788815252366	1757.3821417746658	1	0	1	2.1268468788165795
256200.0	3000.0	1557.382141774665	0.0	0	119.68073700083187	1757.3821417746658	1	0	1	2.1268468788165795
257200.0	3000.0	1557.3821417746774	0.0	0	90.36334033391904	1757.382141774695	1	0	1	2.126846878816577
258200.0	6000.0	1557.382141774687	0.0	0	207.3815942479996	1757.382141774695	1	0	1	2.1268468788165764
259200.0	3000.0	1557.382141774703	0.0	0	357.6307794081222	1757.382141774695	1	0	1	1.433699698256632
260200.0	3000.0	1557.3821417746794	0.0	0	5.450164353096625	1757.382141774724	1	0	1	2.1268468788165737
261200.0	3000.0	1557.3821417746833	0.0	0	63.4025476949173	1757.382141774753	1	0	1	2.1268468788165706
262200.0	3000.0	1557.3821417746856	0.0	0	404.3894455251866	1757.382141774753	1	0	1	2.1268468788165706
263200.0	3000.0	1557.3821417746453	0.0	0	518.3000840755412	1757.382141774695	1	0	1	2.126846878816575
264200.0	3000.0	1557.3821417745999	0.0	0	643.1777132524294	1757.3821417746367	1	0	1	2.126846878816582
265200.0	3000.0	1557.3821417745733	0.0	0	595.6283371133031	1757.3821417746367	1	0	1	2.126846878816582
266200.0	3000.0	1557.382141774609	0.0	0	226.8163589386968	1757.382141774695	1	0	1	2.126846878816577
267200.0	3000.0	1557.3821417746212	0.0	0	64.626604929741	1757.382141774753	1	0	1	2.1268468788165706
268200.0	3000.0	1557.3821417746249	0.0	0	106.70367799996166	1757.3821417748113	1	0	1	2.126846878816565
269200.0	3000.0	1557.3821417745185	0.0	0	455.9815388159477	1757.382141774753	1	0	1	2.1268468788165706
270200.0	3000.0	1557.3821417745514	0.0	0	458.80584133433877	1757.382141774753	1	0	1	2.1268468788165706
271200.0	3000.0	1557.3821417745046	0.0	0	502.56386570614995	1757.382141774695	1	0	1	2.126846878816577
272469.91213814553	3000.0	1287.4700036289682	0.0	0	0.0	1757.3821417746367	1	0	1	2.126846878816582
273371.31253601605	3000.0	1386.0696057583841	0.0	0	0.0	1757.3821417746367	1	0	1	2.126846878816582
274459.0436090263	3000.0	1298.3385327481626	0.0	0	0.0	1757.3821417746367	1	0	1	2.126846878816582
275200.0	3000.0	1557.3821417744398	0.0	0	247.8006765297614	1757.3821417745785	1	0	1	2.126846878816588
276403.918228553	3000.0	1353.4639132214077	0.0	0	0.0	1757.3821417745785	1	0	1	2.126846878816588
277200.0	3000.0	1557.3821417744718	0.0	0	207.03394943254534	1757.3821417745785	1	0	1	2.126846878816588
278200.0	3000.0	1557.3821417745307	0.0	0	360.52569366863463	1757.3821417745785	1	0	1	2.126846878816588
279200.0	3000.0	1557.3821417744741	0.0	0	281.8201814360218	1757.3821417746367	1	0	1	2.126846878816582
280452.1807824715	3000.0	1305.2013593029806	0.0	0	0.0	1757.3821417746367	1	0	1	2.126846878816587
281473.0331042926	3000.0	1284.3490374818953	0.0	0	0.0	1757.3821417746367	1	0	1	2.126846878816582
282266.8333863724	3000.0	1490.5487554020701	0.0	0	0.0	1757.3821417746367	1	0	1	2.126846878816582
283483.40940157935	3000.0	1273.9727401951486	0.0	0	0.0	1757.3821417746367	1	0	1	2.126846878816582
284321.2641274787	3000.0	1436.118014295767	0.0	0	0.0	1757.3821417746367	1	0	1	2.126846878816582
285412.9051328899	3000.0	1344.4770088845823	0.0	0	0.0	1757.382141774753	1	0	1	2.1268468788165755
286200.0	3000.0	1557.3821417744443	0.0	0	102.42512246198021	1757.382141774753	1	0	1	2.1268468788165706
287304.5727637479	3000.0	1452.8093780266213	0.0	0	0.0	1757.3821417748113	1	0	1	2.126846878816565
288200.0	3000.0	1557.3821417744944	0.0	0	162.73527365690097	1757.3821417748113	1	0	1	2.126846878816565
289200.0	3000.0	1557.3821417744805	0.0	0	524.7921926983981	1757.382141774753	1	0	1	2.1268468788165706
290200.0	6000.0	1557.382141774432	0.0	0	77.49295263085514	1757.382141774753	1	0	1	2.1268468788165706
291200.0	6000.0	1557.3821417744834	0.0	0	59.51392986596329	1757.382141774695	1	0	1	2.819994059376522
292200.0	6000.0	1557.3821417744934	0.0	0	261.43460907321423	1757.382141774695	1	0	1	2.819994059376522
293458.4965308267	6000.0	1298.8856109477626	0.0	0	0.0	1757.382141774753	1	0	1	2.8199940593765156
294200.0	3000.0	1557.3821417744698	0.0	0	167.51801556308055	1757.382141774753	1	0	1	1.4336996982566257
295200.0	3000.0	1557.3821417744266	0.0	0	243.2688834540313	1757.382141774753	1	0	1	2.1268468788165706
296200.0	3000.0	1557.382141774352	0.0	0	152.07954594428884	1757.3821417748113	1	0	1	2.126846878816565
297200.0	3000.0	1557.3821417743038	0.0	0	309.54018353892025	1757.3821417748113	1	0	1	2.126846878816565
298200.0	3000.0	1557.38214177433	0.0	0	219.2848405187833	1757.3821417748113	1	0	1	2.126846878816565
299200.0	3000.0	1557.3821417743115	0.0	0	19.931624834251124	1757.3821417748113	1	0	1	2.126846878816565
300200.0	3000.0	1557.3821417742815	0.0	0	260.9752560395282	1757.3821417748695	1	0	1	2.126846878816559
3.98	4.16	3.98	2.51	2.58	4.24	5.78	2.88	2.49	3.87	3.54	5.27	4.61	5.86	5.78	5.03	4.31	4.09	3.13	3.34	4.0	3.65	4.0	4.16	5.27	2.42	1.84	3.05	2.2	3.2	4.48	3.29	3.44	3.61	3.63	4.02	2.81	3.34	3.09	4.37	6.01	6.75	3.2	3.68	5.47	6.83	3.43	2.05	3.68	4.0	4.8	4.74	4.97	6.36	6.52	4.34	5.26	7.21	9.8	6.36	3.96	8.32	6.58	4.52	4.41	5.5	7.43	4.43	4.71	4.25	2.85	4.46	6.3	7.52	7.15	6.6	5.39	6.81	3.34	5.8	6.78	4.01	3.83	4.6	4.46	6.65	9.15	9.79	5.94	7.05	5.21	5.17	3.82	5.9	4.78	3.85	2.97	5.11	5.19	5.64	5.76	4.67	3.24	4.53	6.1	5.88	2.39	4.05	4.97	6.29	8.53	6.59	3.7	3.59	3.53	4.89	6.06	6.95	2.63	3.83	3.44	5.35	2.18	3.85	4.24	3.13	2.4	3.36	4.08	3.19	3.52	3.73	3.95	3.45	5.4	6.12	8.48	8.79	7.09	6.44	4.47	3.65	5.32	4.38	3.65	4.24	5.5	5.76	4.43	5.51	3.98	4.16	3.98	2.51	2.58	4.24	5.78	2.88	2.49	3.87	3.54	5.27	4.61	5.86	5.78	5.03	4.31	4.09	3.13	3.34	4.0	3.65	4.0	4.16	5.27	2.42	1.84	3.05	2.2	3.2	4.48	3.29	3.44	3.61	3.63	4.02	2.81	3.34	3.09	4.37	6.01	6.75	3.2	3.68	5.47	6.83	3.43	2.05	3.68	4.0	4.8	4.74	4.97	6.36	6.52	4.34	5.26	7.21	9.8	6.36	3.96	8.32	6.58	4.52	4.41	5.5	7.43	4.43	4.71	4.25	2.85	4.46	6.3	7.52	7.15	6.6	5.39	6.81	3.34	5.8	6.78	4.01	3.83	4.6	4.46	6.65	9.15	9.79	5.94	7.05	5.21	5.17	3.82	5.9	4.78	3.85	2.97	5.11	5.19	5.64	5.76	4.67	3.24	4.53	6.1	5.88	2.39	4.05	4.97	6.29	8.53	6.59	3.7	3.59	3.53	4.89	6.06	6.95	2.63	3.83	3.44	5.35	2.18	3.85	4.24	3.13	2.4	3.36	4.08	3.19	3.52	3.73	3.95	3.45	5.4	6.12	8.48	8.79	7.09	6.44	4.47	3.65	5.32	4.38	3.65	4.24	5.5	5.76	4.43	5.51
1.0	2.0	3.0	4.0	5.0	6.0	7.0	8.0	9.0	10.0	11.0	12.0	13.0	14.0	15.0	16.0	17.0	18.0	19.0	20.0	21.0	22.0	23.0	24.0	25.0	26.0	27.0	28.0	29.0	30.0	31.0	32.0	33.0	34.0	35.0	36.0	37.0	38.0	39.0	40.0	41.0	42.0	43.0	44.0	45.0	46.0	47.0	48.0	49.0	50.0	51.0	52.0	53.0	54.0	55.0	56.0	57.0	58.0	59.0	60.0	61.0	62.0	63.0	64.0	65.0	66.0	67.0	68.0	69.0	70.0	71.0	72.0	73.0	74.0	75.0	76.0	77.0	78.0	79.0	80.0	81.0	82.0	83.0	84.0	85.0	86.0	87.0	88.0	89.0	90.0	91.0	92.0	93.0	94.0	95.0	96.0	97.0	98.0	99.0	100.0	101.0	102.0	103.0	104.0	105.0	106.0	107.0	108.0	109.0	110.0	111.0	112.0	113.0	114.0	115.0	116.0	117.0	118.0	119.0	120.0	121.0	122.0	123.0	124.0	125.0	126.0	127.0	128.0	129.0	130.0	131.0	132.0	133.0	134.0	135.0	136.0	137.0	138.0	139.0	140.0	141.0	142.0	143.0	144.0	145.0	146.0	147.0	148.0	149.0	149.0	150.0	151.0	152.0	153.0	154.0	155.0	156.0	157.0	158.0	159.0	160.0	161.0	162.0	163.0	164.0	165.0	166.0	167.0	168.0	169.0	170.0	171.0	172.0	173.0	174.0	175.0	176.0	177.0	178.0	179.0	180.0	181.0	182.0	183.0	184.0	185.0	186.0	187.0	188.0	189.0	190.0	191.0	192.0	193.0	194.0	195.0	196.0	197.0	198.0	199.0	200.0	201.0	202.0	203.0	204.0	205.0	206.0	207.0	208.0	209.0	210.0	211.0	212.0	213.0	214.0	215.0	216.0	217.0	218.0	219.0	220.0	221.0	222.0	223.0	224.0	225.0	226.0	227.0	228.0	229.0	230.0	231.0	232.0	233.0	234.0	235.0	236.0	237.0	238.0	239.0	240.0	241.0	242.0	243.0	244.0	245.0	246.0	247.0	248.0	249.0	250.0	251.0	252.0	253.0	254.0	255.0	256.0	257.0	258.0	259.0	260.0	261.0	262.0	263.0	264.0	265.0	266.0	267.0	268.0	269.0	270.0	271.0	272.0	273.0	274.0	275.0	276.0	277.0	278.0	279.0	280.0	281.0	282.0	283.0	284.0	285.0	286.0	287.0	288.0	289.0	290.0	291.0	292.0	293.0	294.0	295.0	296.0	297.0	298.0	298.0
4350.229254081732
