4869.905788021357	300.0	2000.0	73.06244430206965	0	0.0	4869.905788021357	1	0	1	-0.9242866992796448
6089.918300770872	6000.0	1657.9862359755339	0.0	0	0.0	4747.904536746406	1	0	2	-0.8780193019188326
6826.76174891061	3000.0	1847.4584430218226	0.0	0	0.0	4674.2201919324325	1	0	2	0.9399542198110615
7715.706304408092	3000.0	1869.6194319745914	0.0	0	0.0	4585.325736382683	1	0	2	1.6418959575060865
8478.760013266736	3000.0	2030.2603522300822	0.0	0	0.0	4509.020365496819	1	0	2	1.6496205012488245
9217.422088956937	3000.0	2217.7320689708595	0.0	0	0.0	4435.154157927796	1	0	2	1.6571248403494927
10447.45923778041	3000.0	1987.6949201473858	0.0	0	0.0	4435.154157927795	1	0	1	1.6590696772012663
11300.710895001093	3000.0	2049.118097204635	0.0	0	0.0	4349.828992205727	1	0	2	1.4653970616551364
12312.32513624692	3000.0	1936.3424318342259	0.0	0	0.0	4248.667568081144	1	0	2	1.675402203950766
12845.95407649591	3000.0	2349.350597560337	0.0	0	0.0	4195.304674056244	1	0	2	1.6818364361586877
13388.68554401384	3000.0	2752.3459832906115	0.0	0	0.0	4141.031527304449	1	0	2	1.687158932669867
14353.372049044729	3000.0	2691.1908277566326	0.0	0	0.0	4044.5628768013576	1	0	2	1.6950761892547672
15531.765380477165	3000.0	2394.958163180954	0.0	0	0.0	3926.723543658114	1	0	2	1.706960905985084
16653.873730844552	3000.0	2160.6389777768245	0.0	0	0.0	3814.5127086213706	1	0	2	1.7183945074629503
17799.152749948895	3000.0	1900.832056762044	0.0	0	0.0	3699.9848067109306	1	0	2	1.7297493129316326
18733.780363994203	3000.0	1966.2044427167339	0.0	0	0.0	3699.9848067109288	1	0	1	1.7325866123229527
19576.166318352898	3000.0	2123.818488358035	0.0	0	0.0	3699.984806710925	1	0	1	1.932586612322953
21051.04032530646	3000.0	1501.4570807091159	0.0	0	0.0	3552.4974060155655	1	0	2	1.5438357044092148
21863.308902328044	3000.0	1607.9616459853794	0.0	0	0.0	3471.2705483134123	1	0	2	1.7535660032585607
22984.698872333334	3000.0	1374.4326789795582	0.0	0	0.0	3359.1315513128793	1	0	2	1.7642846884316272
23922.70824431932	3000.0	1342.622369794975	0.0	0	0.0	3265.3306141142857	1	0	2	1.7737615033635525
24462.304947002776	3000.0	1803.025667111517	0.0	0	0.0	3265.330614114282	1	0	1	1.7760520315826178
25027.838048524554	3000.0	2237.492565589734	0.0	0	0.0	3265.3306141142784	1	0	1	1.9760520315826182
25489.777287929654	3000.0	2775.5533261846354	0.0	0	0.0	3265.3306141142784	1	0	1	1.9760520315826182
26200.0	3000.0	2994.3083429072544	0.0	0	88.9879121901904	3194.308342907243	1	0	2	1.5807176083536558
27200.0	3000.0	2894.308342907257	0.0	0	300.20750820560716	3094.3083429072467	1	0	2	1.789482915831628
28259.806643321575	3000.0	2728.5210352535223	0.0	0	0.0	2988.327678575086	1	0	2	1.8000204904048793
29250.083593747244	3000.0	2639.216389785285	0.0	0	0.0	2889.299983532521	1	0	2	1.811554575645708
30200.0	3000.0	2594.3083429072535	0.0	0	100.15331817111291	2794.3083429072467	1	0	2	1.8201451191367828
31263.203505934056	3000.0	2531.1048369732	0.0	0	0.0	2794.3083429072467	1	0	1	1.8231542587033212
32200.0	2000.0	2500.628693500661	0.0	0	101.3691991509113	2700.62869350065	1	0	2	0.8185573511900044
33200.0	3000.0	2500.628693500661	0.0	0	20.76423357494059	2700.62869350065	1	0	1	1.4270571155358163
34200.0	3000.0	2500.6286935006574	0.0	0	416.03835181387694	2700.6286935006465	1	0	1	2.0325222236439813
35200.0	3000.0	2400.628693500659	0.0	0	235.12742370263732	2600.6286935006465	1	0	2	1.63883006192298
36327.66035576708	3000.0	2272.96833773358	0.0	0	0.0	2600.628693500643	1	0	1	1.8425222236439818
37200.0	3000.0	2313.394729077368	0.0	0	108.78258056665072	2513.394729077343	1	0	2	1.648009664591522
38325.061522807046	3000.0	2075.8270539896143	0.0	0	0.0	2400.888576796635	1	0	2	1.8598211437281134
39496.717918881324	3000.0	1904.1706579153433	0.0	0	0.0	2400.888576796635	1	0	1	1.8624962353143824
40644.67717217736	3000.0	1756.2114046193099	0.0	0	0.0	2400.888576796642	1	0	1	2.062496235314382
41570.58077107727	3000.0	1830.307805719391	0.0	0	0.0	2400.888576796642	1	0	1	2.062496235314382
43071.65126605286	3000.0	1329.237310743803	0.0	0	0.0	2400.888576796642	1	0	1	2.062496235314382
44371.20532263134	3000.0	1029.6832541653212	0.0	0	0.0	2400.8885767966494	1	0	1	2.062496235314381
45387.04498690296	3000.0	1013.8435898937048	0.0	0	0.0	2400.8885767966494	1	0	1	2.062496235314381
46355.09598449655	3000.0	1045.792592300113	0.0	0	0.0	2400.888576796642	1	0	1	2.062496235314382
47212.58903031265	3000.0	1102.5502419023915	0.0	0	0.0	2315.1392722150194	1	0	2	1.6688634345958508
48082.13096575997	3000.0	1233.0083064550681	0.0	0	0.0	2315.1392722150194	1	0	1	1.871071165772544
48887.75402798104	3000.0	1346.8229380118853	0.0	0	0.0	2234.5769659929065	1	0	2	1.6771168997140424
49873.83261291044	3000.0	1360.7443530824921	0.0	0	0.0	2234.576965992899	1	0	1	1.8791273963947561
51042.95216199019	3000.0	1191.6248040027458	0.0	0	0.0	2234.576965992899	1	0	1	2.0791273963947563
52120.613399620146	3000.0	1113.9635663727872	0.0	0	0.0	2234.5769659929065	1	0	1	2.0791273963947554
52970.81560789899	3000.0	1263.7613580939346	0.0	0	0.0	2234.5769659929138	1	0	1	2.079127396394755
53574.94157336661	3000.0	1659.6353926263168	0.0	0	0.0	2234.5769659929138	1	0	1	2.079127396394755
54200.0	3000.0	2034.5769659929256	0.0	0	44.305557214269356	2234.5769659929138	1	0	1	2.079127396394755
55200.0	3000.0	2034.5769659929247	0.0	0	164.384784519214	2234.5769659929138	1	0	1	2.079127396394755
56200.0	3000.0	1934.5769659929326	0.0	0	89.85422294862656	2134.5769659929138	1	0	2	1.6857517292850197
57200.0	3000.0	1934.5769659929365	0.0	0	260.6826953067575	2134.5769659929138	1	0	1	1.8891273963947546
58200.0	3000.0	1934.5769659929438	0.0	0	201.28193875728175	2134.5769659929138	1	0	1	2.0891273963947548
59200.0	3000.0	1934.576965992935	0.0	0	239.70696155537007	2134.5769659929138	1	0	1	2.0891273963947548
60278.650955766614	3000.0	1855.926010226312	0.0	0	0.0	2134.5769659929065	1	0	1	2.0891273963947556
61459.82924076805	3000.0	1674.7477252248755	0.0	0	0.0	2134.5769659929065	1	0	1	2.0891273963947556
62309.99474147054	3000.0	1824.5822245223821	0.0	0	0.0	2134.5769659929065	1	0	1	2.0891273963947556
63200.0	3000.0	1934.5769659929128	0.0	0	83.29259454514977	2134.5769659929065	1	0	1	2.0891273963947556
64200.0	3000.0	1934.5769659929158	0.0	0	99.76256427191402	2134.5769659929065	1	0	1	2.0891273963947556
65338.64999621184	3000.0	1795.9269697810744	0.0	0	0.0	2134.576965992899	1	0	1	2.089127396394756
66200.0	3000.0	1934.576965992902	0.0	0	342.17781004463905	2134.5769659928847	1	0	1	2.089127396394757
67200.0	3000.0	1934.5769659929128	0.0	0	352.1617658812611	2134.576965992899	1	0	1	2.0891273963947565
68398.48747509201	3000.0	1736.089490900906	0.0	0	0.0	2134.5769659929065	1	0	1	2.0891273963947556
69513.42029501882	3000.0	1621.1566709741055	0.0	0	0.0	2134.5769659929065	1	0	1	2.0891273963947556
70595.30052268018	3000.0	1539.276443312754	0.0	0	0.0	2134.5769659929065	1	0	1	2.0891273963947556
71547.53060807523	3000.0	1587.0463579176926	0.0	0	0.0	2134.5769659929065	1	0	1	2.0891273963947556
72263.11451085276	3000.0	1871.4624551401835	0.0	0	0.0	2134.5769659929065	1	0	1	2.0891273963947556
73200.0	3000.0	1934.5769659929315	0.0	0	383.0241388183058	2134.5769659929065	1	0	1	2.0891273963947556
74200.0	3000.0	1934.5769659929133	0.0	0	14.840762580715818	2134.5769659929065	1	0	1	2.0891273963947556
75200.0	3000.0	1834.5769659929126	0.0	0	231.54476970410906	2034.5769659929065	1	0	2	1.6956214302265484
76200.0	3000.0	1834.5769659929044	0.0	0	96.73810960262199	2034.576965992921	1	0	1	1.899127396394754
77200.0	3000.0	1834.5769659929138	0.0	0	130.20277988459566	2034.576965992921	1	0	1	2.099127396394754
78200.0	3000.0	1834.5769659929133	0.0	0	237.413061831292	2034.576965992921	1	0	1	2.099127396394754
79200.0	3000.0	1834.5769659929183	0.0	0	389.86165137050557	2034.576965992921	1	0	1	2.099127396394754
80471.60425556096	3000.0	1562.9727104319713	0.0	0	0.0	2034.5769659929356	1	0	1	2.0991273963947528
81314.38002036087	3000.0	1720.196945632056	0.0	0	0.0	2034.5769659929356	1	0	1	2.0991273963947528
82200.0	3000.0	1834.5769659929067	0.0	0	69.6576453531452	2034.5769659929356	1	0	1	2.0991273963947528
83200.0	3000.0	1834.576965992885	0.0	0	164.0716937053221	2034.576965992921	1	0	1	2.099127396394754
84200.0	3000.0	1834.576965992883	0.0	0	216.02098717386252	2034.5769659929356	1	0	1	2.0991273963947528
85200.0	3000.0	1834.5769659928894	0.0	0	324.3287619951152	2034.5769659929356	1	0	1	2.0991273963947528
86200.0	3000.0	1834.5769659928942	0.0	0	16.064601542777382	2034.5769659929501	1	0	1	2.099127396394751
87305.35919541615	3000.0	1729.2177705767474	0.0	0	0.0	2034.5769659929501	1	0	1	2.099127396394751
88285.90559202891	3000.0	1748.6713739639847	0.0	0	0.0	2034.5769659929501	1	0	1	2.099127396394751
89200.0	3000.0	1834.576965992904	0.0	0	210.1273481798562	2034.5769659929501	1	0	1	2.099127396394751
90200.0	3000.0	1834.576965992894	0.0	0	80.39797853320488	2034.5769659929501	1	0	1	2.099127396394751
91200.0	3000.0	1834.5769659928808	0.0	0	56.67003175528953	2034.5769659929501	1	0	1	2.099127396394751
92200.0	3000.0	1834.5769659928917	0.0	0	53.403903520069434	2034.5769659929647	1	0	1	2.0991273963947497
93323.09050939829	3000.0	1711.4864565946077	0.0	0	0.0	2034.5769659929792	1	0	1	2.0991273963947483
94200.0	3000.0	1834.5769659928835	0.0	0	217.27865498120082	2034.5769659929792	1	0	1	2.0991273963947483
95200.0	3000.0	1834.576965992863	0.0	0	149.468498879447	2034.5769659929792	1	0	1	2.0991273963947483
96384.66516700864	3000.0	1649.9117989842343	0.0	0	0.0	2034.5769659929792	1	0	1	2.0991273963947483
97416.81947622285	3000.0	1617.7574897700179	0.0	0	0.0	2034.5769659929792	1	0	1	2.0991273963947483
98200.0	3000.0	1834.5769659928642	0.0	0	98.86216279718792	2034.5769659929647	1	0	1	2.0991273963947497
99301.57801823007	3000.0	1732.998947762807	0.0	0	0.0	2034.5769659929647	1	0	1	2.0991273963947497
100333.1107267826	3000.0	1701.4662392102605	0.0	0	0.0	2034.5769659929647	1	0	1	2.0991273963947497
101246.84689714923	3000.0	1787.730068843634	0.0	0	0.0	2034.5769659929647	1	0	1	2.0991273963947497
102200.0	3000.0	1834.5769659928576	0.0	0	60.034720494091744	2034.5769659929647	1	0	1	2.0991273963947497
103200.0	3000.0	1834.576965992853	0.0	0	167.121074056442	2034.5769659929647	1	0	1	2.0991273963947497
104200.0	3000.0	1834.576965992867	0.0	0	166.50360275934509	2034.5769659929647	1	0	1	2.0991273963947497
105200.0	3000.0	1834.5769659928483	0.0	0	513.1600970223953	2034.5769659929501	1	0	1	2.099127396394751
106200.0	3000.0	1834.5769659928476	0.0	0	252.32751320651732	2034.5769659929501	1	0	1	2.099127396394751
107651.10991473733	3000.0	1383.4670512555117	0.0	0	0.0	2034.5769659929501	1	0	1	2.099127396394751
108409.23536664639	3000.0	1625.3415993464635	0.0	0	0.0	2034.5769659929501	1	0	1	2.099127396394751
109420.60196446838	3000.0	1613.9750015244595	0.0	0	0.0	2034.5769659929501	1	0	1	2.099127396394751
110370.14884926684	3000.0	1664.4281167259817	0.0	0	0.0	2034.5769659929356	1	0	1	2.0991273963947528
111216.1730699018	3000.0	1818.4038960910216	0.0	0	0.0	2034.576965992921	1	0	1	2.099127396394754
112200.0	3000.0	1834.5769659928185	0.0	0	191.6263655109069	2034.576965992921	1	0	1	2.099127396394754
113206.2753706511	3000.0	1828.3015953417146	0.0	0	0.0	2034.576965992921	1	0	1	2.099127396394754
114395.02656482099	3000.0	1639.5504011718235	0.0	0	0.0	2034.576965992921	1	0	1	2.099127396394754
115200.0	3000.0	1834.5769659928023	0.0	0	95.29527398680511	2034.576965992921	1	0	1	2.099127396394754
116200.0	3000.0	1834.5769659928135	0.0	0	307.6721546440822	2034.576965992921	1	0	1	2.099127396394754
117200.0	3000.0	1834.5769659928283	0.0	0	370.66279940956156	2034.576965992921	1	0	1	2.099127396394754
118200.0	3000.0	1834.576965992834	0.0	0	449.16929945106676	2034.576965992921	1	0	1	2.099127396394754
119200.0	3000.0	1834.576965992833	0.0	0	334.1978644715564	2034.576965992921	1	0	1	2.099127396394754
120200.0	3000.0	1834.5769659928358	0.0	0	221.93618681156659	2034.576965992921	1	0	1	2.099127396394754
121200.0	3000.0	1834.5769659928442	0.0	0	263.0772407403565	2034.576965992921	1	0	1	2.099127396394754
122200.0	3000.0	1834.5769659928444	0.0	0	37.695625845735776	2034.576965992921	1	0	1	2.099127396394754
123359.63715846108	3000.0	1674.9398075317658	0.0	0	0.0	2034.576965992921	1	0	1	2.099127396394754
124200.0	3000.0	1834.5769659928458	0.0	0	55.81671727995854	2034.576965992921	1	0	1	2.099127396394754
125200.0	3000.0	1834.5769659928385	0.0	0	185.87161356103024	2034.5769659929065	1	0	1	2.0991273963947554
126435.54203059789	3000.0	1599.034935394956	0.0	0	0.0	2034.5769659929065	1	0	1	2.0991273963947554
127597.78465890989	3000.0	1436.7923070829422	0.0	0	0.0	2034.5769659929065	1	0	1	2.0991273963947554
128848.14472429395	3000.0	1186.4322416988994	0.0	0	0.0	2034.5769659929065	1	0	1	2.0991273963947554
129777.17266279325	3000.0	1257.4043031996036	0.0	0	0.0	2034.5769659929065	1	0	1	2.0991273963947554
130946.15408726236	3000.0	1088.4228787304935	0.0	0	0.0	2034.5769659929065	1	0	1	2.0991273963947554
131499.6392091669	3000.0	1534.9377568259397	0.0	0	0.0	2034.576965992892	1	0	1	2.099127396394756
132200.0	3000.0	1834.5769659928053	0.0	0	201.25150815804955	2034.5769659928483	1	0	1	2.0991273963947585
133200.0	3000.0	1834.5769659928164	0.0	0	607.7839884161658	2034.5769659928628	1	0	1	2.0991273963947603
134200.0	3000.0	1834.5769659928312	0.0	0	264.0176176154637	2034.5769659928337	1	0	1	2.099127396394761
135200.0	3000.0	1834.5769659928412	0.0	0	94.71236599812983	2034.5769659928628	1	0	1	2.0991273963947603
136200.0	3000.0	1834.5769659928249	0.0	0	248.6087720595242	2034.576965992892	1	0	1	2.0991273963947568
137200.0	3000.0	1834.576965992817	0.0	0	277.2839737969625	2034.576965992892	1	0	1	2.0991273963947568
138274.15616767632	3000.0	1760.4207983165054	0.0	0	0.0	2034.576965992921	1	0	1	2.099127396394754
139532.29437324498	3000.0	1502.2825927478586	0.0	0	0.0	2034.576965992921	1	0	1	2.099127396394754
140515.82117320277	3000.0	1518.755792790097	0.0	0	0.0	2034.576965992921	1	0	1	2.099127396394754
141455.99700670122	3000.0	1578.579959291618	0.0	0	0.0	2034.576965992921	1	0	1	2.099127396394754
142213.44486584998	3000.0	1821.1321001428478	0.0	0	0.0	2034.576965992921	1	0	1	2.099127396394754
143200.0	3000.0	1834.5769659928158	0.0	0	453.20676503537106	2034.576965992921	1	0	1	2.099127396394754
144508.15224465408	3000.0	1526.4247213387507	0.0	0	0.0	2034.576965992921	1	0	1	2.099127396394754
145834.10301849677	3000.0	1200.473947496067	0.0	0	0.0	2034.576965992921	1	0	1	2.099127396394754
146598.43120492305	3000.0	1436.1457610697764	0.0	0	0.0	2034.576965992921	1	0	1	2.099127396394754
147411.84959379054	3000.0	1622.7273722022953	0.0	0	0.0	2034.576965992892	1	0	1	2.0991273963947568
148510.13351547613	3000.0	1524.443450516687	0.0	0	0.0	2034.576965992892	1	0	1	2.0991273963947568
149451.7763949937	3000.0	1582.8005709991269	0.0	0	0.0	2034.576965992892	1	0	1	2.0991273963947568
150217.14200277507	3000.0	1817.4349632177461	0.0	0	0.0	2034.5769659928628	1	0	1	2.09912739639476
151494.06378458213	3000.0	1540.5131814106996	0.0	0	0.0	2034.5769659928628	1	0	1	2.09912739639476
152720.96148454226	3000.0	1313.615481450549	0.0	0	0.0	2034.5769659928628	1	0	1	2.09912739639476
153532.18481999685	3000.0	1502.3921459959745	0.0	0	0.0	2034.576965992892	1	0	1	2.0991273963947568
154301.60340060998	3000.0	1732.973565382838	0.0	0	0.0	2034.576965992892	1	0	1	2.0991273963947568
155200.0	3000.0	1834.5769659928014	0.0	0	420.2301511079422	2034.576965992892	1	0	1	2.0991273963947568
156200.0	3000.0	1834.5769659927773	0.0	0	421.62953473455855	2034.5769659928628	1	0	1	2.09912739639476
157251.18640563553	3000.0	1783.3905603572373	0.0	0	0.0	2034.5769659928628	1	0	1	2.09912739639476
158200.0	3000.0	1834.5769659927778	0.0	0	268.841513176827	2034.5769659928628	1	0	1	2.09912739639476
159200.0	3000.0	1834.576965992791	0.0	0	109.73062941615353	2034.576965992892	1	0	1	2.0991273963947568
160324.42044426172	3000.0	1710.1565217310647	0.0	0	0.0	2034.576965992892	1	0	1	2.0991273963947568
161322.70414023037	3000.0	1711.872825762423	0.0	0	0.0	2034.576965992892	1	0	1	2.0991273963947568
162200.0	3000.0	1834.5769659927932	0.0	0	111.68696818719036	2034.576965992892	1	0	1	2.0991273963947568
163200.0	3000.0	1834.5769659928299	0.0	0	225.86050409649033	2034.576965992892	1	0	1	2.0991273963947568
164259.59615880446	3000.0	1774.9808071883674	0.0	0	0.0	2034.5769659928628	1	0	1	2.09912739639476
165200.0	3000.0	1834.576965992835	0.0	0	69.18059044645634	2034.576965992892	1	0	1	2.0991273963947568
166275.42843986858	3000.0	1759.1485261242526	0.0	0	0.0	2034.5769659928628	1	0	1	2.09912739639476
167200.0	3000.0	1834.5769659928524	0.0	0	6.210170127422316	2034.5769659928628	1	0	1	2.09912739639476
168200.0	3000.0	1834.5769659928255	0.0	0	365.368466242071	2034.5769659928337	1	0	1	2.0991273963947625
169200.0	3000.0	1834.576965992792	0.0	0	96.14354130849824	2034.5769659928046	1	0	1	2.0991273963947643
170310.1361386203	3000.0	1724.4408273724796	0.0	0	0.0	2034.5769659928046	1	0	1	2.0991273963947656
171559.49530331348	3000.0	1475.0816626792987	0.0	0	0.0	2034.5769659928046	1	0	1	2.0991273963947656
172329.94202502852	3000.0	1704.634940964262	0.0	0	0.0	2034.5769659928046	1	0	1	2.0991273963947656
173210.92772957808	3000.0	1823.6492364146718	0.0	0	0.0	2034.5769659928046	1	0	1	2.0991273963947656
174200.0	3000.0	1834.5769659927505	0.0	0	182.6350891813927	2034.5769659928046	1	0	1	2.0991273963947656
175200.0	3000.0	1834.5769659927716	0.0	0	536.7408902465831	2034.5769659928046	1	0	1	2.0991273963947656
176200.0	3000.0	1834.5769659927778	0.0	0	422.18962040444603	2034.5769659928046	1	0	1	2.0991273963947656
177200.0	3000.0	1834.576965992752	0.0	0	299.6805719997792	2034.5769659928046	1	0	1	2.0991273963947656
178202.4890474041	3000.0	1832.0879185886506	0.0	0	0.0	2034.5769659927755	1	0	1	2.0991273963947683
179246.278613909	3000.0	1788.298352083742	0.0	0	0.0	2034.5769659927464	1	0	1	2.0991273963947714
180200.0	3000.0	1834.5769659927735	0.0	0	112.31844551450922	2034.5769659927755	1	0	1	2.099127396394769
181221.1560356471	3000.0	1813.4209303457205	0.0	0	0.0	2034.5769659928046	1	0	1	2.099127396394768
182200.0	3000.0	1834.5769659927894	0.0	0	36.997699333122	2034.5769659928046	1	0	1	2.0991273963947656
183200.0	3000.0	1834.5769659927837	0.0	0	264.105988426134	2034.5769659928046	1	0	1	2.0991273963947656
184200.0	3000.0	1834.576965992796	0.0	0	340.9922421191586	2034.5769659928337	1	0	1	2.0991273963947625
185200.0	3000.0	1834.5769659928253	0.0	0	166.09515481532435	2034.5769659928337	1	0	1	2.0991273963947625
186200.0	3000.0	1834.5769659928292	0.0	0	86.88483383564744	2034.5769659928337	1	0	1	2.0991273963947625
187606.69659164562	3000.0	1427.880374347218	0.0	0	0.0	2034.5769659928337	1	0	1	2.0991273963947625
189305.8779342065	3000.0	728.6990317863293	0.0	0	0.0	2034.5769659928046	1	0	1	2.099127396394765
190023.75067286912	2000.0	1010.826293123726	0.0	0	0.0	2034.5769659927755	1	0	1	1.288197180178439
190569.44793121796	2000.0	1465.129034774873	0.0	0	0.0	2034.5769659928046	1	0	1	1.693662288286601
191480.26415835123	3000.0	1554.312807641604	0.0	0	0.0	2034.5769659928337	1	0	1	1.693662288286598
193124.46595396945	3000.0	910.1110120233683	0.0	0	0.0	2034.5769659928337	1	0	1	2.0991273963947625
194200.0202072476	3000.0	834.5567587451809	0.0	0	0.0	2034.5769659928337	1	0	1	2.0991273963947625
194896.0861282661	3000.0	1138.490837726701	0.0	0	0.0	2034.5769659928337	1	0	1	2.0991273963947625
195932.8655895493	3000.0	1101.7113764434966	0.0	0	0.0	2034.5769659928337	1	0	1	2.0991273963947625
196812.5367141422	3000.0	1222.0402518506303	0.0	0	0.0	2034.5769659928337	1	0	1	2.0991273963947625
197349.22010940587	2000.0	1685.3568565869723	0.0	0	0.0	2034.5769659928337	1	0	1	1.2881971801784333
198200.0	3000.0	1834.5769659928656	0.0	0	142.80467540334212	2034.5769659928337	1	0	1	1.693662288286598
199200.0	3000.0	1834.5769659928924	0.0	0	108.88673334228224	2034.5769659928628	1	0	1	2.09912739639476
200556.20690246104	3000.0	1478.3700635318414	0.0	0	0.0	2034.5769659928628	1	0	1	2.09912739639476
201308.25137863992	3000.0	1726.3255873529895	0.0	0	0.0	2034.576965992892	1	0	1	2.0991273963947568
202200.0	3000.0	1834.576965992912	0.0	0	118.08392422835459	2034.576965992892	1	0	1	2.0991273963947568
203200.0	3000.0	1834.5769659929035	0.0	0	316.59162313700654	2034.576965992892	1	0	1	2.099127396394756
204200.0	3000.0	1834.5769659929076	0.0	0	252.02915120124817	2034.576965992921	1	0	1	2.099127396394755
205200.0	3000.0	1834.576965992907	0.0	0	308.5160469826369	2034.576965992921	1	0	1	2.099127396394754
206200.0	3000.0	1834.5769659928958	0.0	0	95.80495911079925	2034.576965992921	1	0	1	2.099127396394754
207200.0	3000.0	1834.5769659928824	0.0	0	173.21116722247098	2034.576965992921	1	0	1	2.099127396394754
208200.0	3000.0	1834.5769659928624	0.0	0	432.7416128318291	2034.576965992921	1	0	1	2.099127396394754
209346.19990030714	3000.0	1688.3770656857425	0.0	0	0.0	2034.576965992921	1	0	1	2.099127396394754
210367.95655948127	3000.0	1666.6204065116337	0.0	0	0.0	2034.576965992921	1	0	1	2.099127396394754
211474.2599734032	3000.0	1560.316992589673	0.0	0	0.0	2034.576965992892	1	0	1	2.0991273963947568
212547.20692040963	3000.0	1487.3700455832834	0.0	0	0.0	2034.576965992892	1	0	1	2.0991273963947568
213515.0181369321	3000.0	1519.5588290608214	0.0	0	0.0	2034.576965992892	1	0	1	2.0991273963947568
214200.0	3000.0	1834.5769659929078	0.0	0	11.080587388685672	2034.576965992892	1	0	1	2.0991273963947568
215200.0	3000.0	1834.576965992888	0.0	0	420.27690126904054	2034.5769659928628	1	0	1	2.09912739639476
216200.0	3000.0	1834.5769659929038	0.0	0	422.34621609412716	2034.5769659928628	1	0	1	2.09912739639476
217200.0	3000.0	1834.5769659928953	0.0	0	179.7070978586853	2034.5769659928628	1	0	1	2.09912739639476
218203.35104852272	3000.0	1831.2259174701765	0.0	0	0.0	2034.5769659928628	1	0	1	2.09912739639476
219200.0	3000.0	1834.5769659929183	0.0	0	4.585100466094445	2034.5769659928628	1	0	1	2.09912739639476
220200.0	3000.0	1834.5769659929379	0.0	0	159.65847789149848	2034.576965992892	1	0	1	2.099127396394757
221200.0	3000.0	1834.5769659929374	0.0	0	229.4837809317105	2034.576965992892	1	0	1	2.0991273963947568
222200.0	3000.0	1834.5769659929417	0.0	0	295.8078969515627	2034.576965992892	1	0	1	2.0991273963947568
223200.0	3000.0	1834.576965992956	0.0	0	171.34174372060806	2034.576965992892	1	0	1	2.0991273963947568
224200.0	3000.0	1834.5769659929351	0.0	0	69.48360798112117	2034.576965992892	1	0	1	2.0991273963947568
225200.0	3000.0	1834.5769659929442	0.0	0	16.569813800539123	2034.576965992892	1	0	1	2.0991273963947568
226201.2728726742	3000.0	1833.304093318739	0.0	0	0.0	2034.576965992892	1	0	1	2.0991273963947568
227200.0	3000.0	1834.5769659929135	0.0	0	3.6742384110111743	2034.576965992892	1	0	1	2.0991273963947568
228200.0	3000.0	1834.5769659929188	0.0	0	343.73743720856146	2034.576965992892	1	0	1	2.0991273963947568
229200.0	3000.0	1834.576965992911	0.0	0	123.49280977834132	2034.5769659928628	1	0	1	2.099127396394759
230200.0	3000.0	1834.5769659929026	0.0	0	247.1703969106311	2034.5769659928628	1	0	1	2.0991273963947585
231200.0	3000.0	1834.5769659929458	0.0	0	46.500902039930224	2034.576965992892	1	0	1	2.0991273963947568
232200.0	3000.0	1834.5769659929347	0.0	0	329.9111680465576	2034.576965992892	1	0	1	2.0991273963947568
233258.72406231947	3000.0	1775.8529036734794	0.0	0	0.0	2034.576965992892	1	0	1	2.0991273963947568
234200.0	3000.0	1834.5769659929294	0.0	0	85.66068291509873	2034.576965992921	1	0	1	2.099127396394754
235200.0	3000.0	1834.5769659929363	0.0	0	195.9162053288892	2034.576965992921	1	0	1	2.099127396394754
236272.6841770619	3000.0	1761.8927889310296	0.0	0	0.0	2034.576965992921	1	0	1	2.099127396394754
237476.76002843864	3000.0	1557.8169375542798	0.0	0	0.0	2034.576965992921	1	0	1	2.099127396394754
238383.9468261766	3000.0	1650.6301398163082	0.0	0	0.0	2034.576965992921	1	0	1	2.099127396394754
239200.0	3000.0	1834.5769659928944	0.0	0	129.72820218311972	2034.5769659929501	1	0	1	2.099127396394751
240256.4289443445	3000.0	1778.148021648405	0.0	0	0.0	2034.5769659929501	1	0	1	2.099127396394751
241200.0	3000.0	1834.576965992888	0.0	0	97.88613057124894	2034.5769659929501	1	0	1	2.099127396394751
242200.0	3000.0	1834.5769659928812	0.0	0	233.2341320363921	2034.576965992921	1	0	1	2.099127396394754
243200.0	3000.0	1834.576965992892	0.0	0	88.7174784821982	2034.576965992921	1	0	1	2.099127396394754
244200.0	3000.0	1834.5769659928553	0.0	0	21.452994136954658	2034.576965992892	1	0	1	2.0991273963947568
245511.43116002556	3000.0	1523.1458059672864	0.0	0	0.0	2034.576965992892	1	0	1	2.0991273963947568
246513.5538885994	3000.0	1521.0230773934666	0.0	0	0.0	2034.5769659928628	1	0	1	2.09912739639476
247773.76828397144	3000.0	1260.8086820214612	0.0	0	0.0	2034.5769659928628	1	0	1	2.09912739639476
249034.79975946003	3000.0	999.7772065328783	0.0	0	0.0	2034.5769659928337	1	0	1	2.099127396394762
249898.4206532951	3000.0	1136.1563126978153	0.0	0	0.0	2034.5769659928046	1	0	1	2.0991273963947656
250739.12143942443	3000.0	1295.4555265684667	0.0	0	0.0	2034.5769659928046	1	0	1	2.0991273963947656
251668.63787798342	3000.0	1365.939088009486	0.0	0	0.0	2034.5769659928046	1	0	1	2.0991273963947656
252728.1390589221	3000.0	1306.4379070708135	0.0	0	0.0	2034.5769659928046	1	0	1	2.0991273963947656
253527.49626850474	3000.0	1507.0806974881903	0.0	0	0.0	2034.5769659928046	1	0	1	2.0991273963947656
254200.0	3000.0	1834.576965992916	0.0	0	70.86662602677825	2034.5769659928337	1	0	1	2.0991273963947625
255200.0	3000.0	1834.5769659928974	0.0	0	419.2337933262461	2034.5769659928046	1	0	1	2.0991273963947656
256218.31399489965	3000.0	1816.2629710932931	0.0	0	109.86234136886196	2034.5769659928046	1	0	1	2.0991273963947656
257200.0	3000.0	1736.4083654829092	0.0	0	47.704359896772075	1936.4083654827846	1	0	2	1.7068468225717792
258200.0	3000.0	1736.4083654829003	0.0	0	291.24909288150957	1936.4083654827555	1	0	1	1.9089442564457693
259212.06833091346	3000.0	1724.3400345694529	0.0	0	0.0	1936.4083654827555	1	0	1	2.1089442564457705
260200.0	3000.0	1736.4083654829287	0.0	0	326.8320608061913	1936.4083654827555	1	0	1	2.1089442564457705
261200.0	3000.0	1736.408365482936	0.0	0	97.13964314159239	1936.4083654827555	1	0	1	2.1089442564457705
262359.50163557153	3000.0	1576.9067299113945	0.0	0	0.0	1936.4083654827264	1	0	1	2.1089442564457714
263200.0	3000.0	1736.4083654829312	0.0	0	126.30104096687865	1936.4083654827846	1	0	1	2.1089442564457705
264200.0	3000.0	1736.408365482939	0.0	0	82.08119037654251	1936.4083654828137	1	0	1	2.108944256445767
265200.0	3000.0	1736.4083654829378	0.0	0	259.39592978783185	1936.4083654826973	1	0	1	2.108944256445775
266200.0	3000.0	1736.408365482942	0.0	0	399.38467667927034	1936.4083654826973	1	0	1	2.1089442564457763
267200.0	3000.0	1736.4083654829371	0.0	0	355.2092148117372	1936.4083654826973	1	0	1	2.1089442564457763
268200.0	3000.0	1736.4083654829185	0.0	0	464.5965094866697	1936.4083654826973	1	0	1	2.1089442564457763
269200.0	3000.0	1636.4083654828999	0.0	0	259.2743946026312	1836.4083654826973	1	0	2	1.7153245973912126
270200.0	3000.0	1636.4083654829128	0.0	0	242.65452238486614	1836.4083654826973	1	0	1	1.9189442564457762
271200.0	3000.0	1636.4083654829237	0.0	0	65.69901001628023	1836.4083654826973	1	0	1	2.1189442564457766
272280.80536233156	3000.0	1555.6030031513753	0.0	0	0.0	1836.4083654827555	1	0	1	2.1189442564457703
273200.0	3000.0	1636.408365482936	0.0	0	205.47391237295233	1836.4083654826973	1	0	1	2.1189442564457766
274200.0	3000.0	1636.4083654829121	0.0	0	323.3215567562729	1836.4083654826973	1	0	1	2.1189442564457766
275200.0	3000.0	1636.4083654829342	0.0	0	143.6910801816848	1836.4083654826973	1	0	1	2.1189442564457766
276200.0	3000.0	1636.408365482944	0.0	0	127.64085043087834	1836.408365482639	1	0	1	2.1189442564457823
277323.57127448154	3000.0	1512.8370910013764	0.0	0	0.0	1836.408365482639	1	0	1	2.1189442564457823
278310.3021144681	3000.0	1526.106251014762	0.0	0	0.0	1836.4083654825808	1	0	1	2.118944256445788
279230.9240904984	3000.0	1605.4842749844383	0.0	0	0.0	1836.408365482639	1	0	1	2.1189442564457823
280200.0	3000.0	1636.4083654827575	0.0	0	181.93183094164124	1836.4083654825808	1	0	1	2.118944256445788
281200.0	3000.0	1636.408365482692	0.0	0	518.2646836835193	1836.4083654825808	1	0	1	2.118944256445788
282200.0	3000.0	1636.4083654826902	0.0	0	545.2943883755361	1836.4083654825226	1	0	1	2.118944256445794
283200.0	3000.0	1636.4083654826848	0.0	0	42.87917347403709	1836.4083654825226	1	0	1	2.118944256445795
284200.0	3000.0	1636.4083654826595	0.0	0	425.0654064459377	1836.4083654825808	1	0	1	2.118944256445788
285200.0	3000.0	1636.4083654826577	0.0	0	382.53441028721863	1836.4083654825808	1	0	1	2.118944256445788
286200.0	3000.0	1636.4083654826409	0.0	0	363.8603991716518	1836.4083654825226	1	0	1	2.118944256445794
287514.6989594518	3000.0	1321.709406030757	0.0	0	0.0	1836.4083654825226	1	0	1	2.118944256445794
288338.9581542944	3000.0	1497.4502111881588	0.0	0	0.0	1836.4083654825226	1	0	1	2.118944256445794
289374.2701762357	3000.0	1462.1381892468323	0.0	0	0.0	1836.4083654825808	1	0	1	2.118944256445788
290206.5780829772	3000.0	1629.8302825054072	0.0	0	0.0	1836.4083654825808	1	0	1	2.118944256445788
291200.0	3000.0	1636.4083654826024	0.0	0	44.94964181625983	1836.4083654825808	1	0	1	2.118944256445788
292200.0	3000.0	1636.4083654825683	0.0	0	203.7091974291834	1836.4083654825808	1	0	1	2.118944256445788
293538.15429974184	3000.0	1298.2540657408103	0.0	0	0.0	1836.4083654825808	1	0	1	2.118944256445788
294613.29095787543	3000.0	1223.117407607263	0.0	0	0.0	1836.4083654825808	1	0	1	2.118944256445788
295693.16041362035	3000.0	1143.2479518624004	0.0	0	0.0	1836.4083654825808	1	0	1	2.118944256445788
296398.0974741363	3000.0	1438.3108913464798	0.0	0	0.0	1836.408365482639	1	0	1	2.1189442564457823
297274.68325264513	3000.0	1561.7251128376654	0.0	0	0.0	1836.4083654826973	1	0	1	2.1189442564457766
298238.71064612584	3000.0	1597.6977193569462	0.0	0	0.0	1836.4083654826973	1	0	1	2.1189442564457766
299200.0	3000.0	1636.408365482805	0.0	0	206.679052787018	1836.4083654826973	1	0	1	2.1189442564457766
300325.62094155344	3000.0	1510.7874239293042	0.0	0	0.0	1836.4083654826973	1	0	1	2.1189442564457766
5.6	5.27	3.29	4.01	3.13	2.76	2.7	3.8	5.55	3.08	3.28	3.66	3.48	3.68	3.94	2.62	3.01	3.24	4.17	4.29	5.95	5.1	5.09	2.42	3.58	3.46	3.51	2.83	4.25	4.65	3.13	4.1	2.68	2.97	1.93	2.7	3.8	2.58	2.28	2.6	3.46	3.97	3.96	4.74	4.17	3.57	2.53	3.74	4.77	4.62	4.04	2.88	4.37	4.83	3.48	3.03	2.8	3.45	3.32	2.51	4.38	6.26	2.84	3.74	2.87	3.04	3.38	5.05	4.38	3.58	3.52	3.52	3.7	4.22	2.88	3.37	3.13	3.34	4.12	3.26	3.81	3.76	3.01	3.65	4.24	4.34	3.57	3.49	2.97	4.22	2.68	3.16	3.66	3.3	1.69	2.85	3.87	3.6	2.71	5.25	5.09	3.76	1.42	3.79	3.21	4.69	3.81	2.54	3.14	3.28	3.81	5.65	4.68	4.75	4.11	3.2	2.97	3.09	3.16	4.51	3.42	2.95	3.64	2.33	3.27	2.53	4.85	7.03	4.38	3.81	4.68	5.39	3.6	2.69	2.85	4.17	3.83	4.58	3.95	2.61	2.47	3.53	3.88	3.56	3.76	3.16	3.19	3.01	4.25	5.0	5.6	5.27	3.29	4.01	3.13	2.76	2.7	3.8	5.55	3.08	3.28	3.66	3.48	3.68	3.94	2.62	3.01	3.24	4.17	4.29	5.95	5.1	5.09	2.42	3.58	3.46	3.51	2.83	4.25	4.65	3.13	4.1	2.68	2.97	1.93	2.7	3.8	2.58	2.28	2.6	3.46	3.97	3.96	4.74	4.17	3.57	2.53	3.74	4.77	4.62	4.04	2.88	4.37	4.83	3.48	3.03	2.8	3.45	3.32	2.51	4.38	6.26	2.84	3.74	2.87	3.04	3.38	5.05	4.38	3.58	3.52	3.52	3.7	4.22	2.88	3.37	3.13	3.34	4.12	3.26	3.81	3.76	3.01	3.65	4.24	4.34	3.57	3.49	2.97	4.22	2.68	3.16	3.66	3.3	1.69	2.85	3.87	3.6	2.71	5.25	5.09	3.76	1.42	3.79	3.21	4.69	3.81	2.54	3.14	3.28	3.81	5.65	4.68	4.75	4.11	3.2	2.97	3.09	3.16	4.51	3.42	2.95	3.64	2.33	3.27	2.53	4.85	7.03	4.38	3.81	4.68	5.39	3.6	2.69	2.85	4.17	3.83	4.58	3.95	2.61	2.47	3.53	3.88	3.56	3.76	3.16	3.19	3.01	4.25	5.0
1.0	2.0	3.0	4.0	5.0	6.0	7.0	8.0	9.0	10.0	11.0	12.0	13.0	14.0	15.0	16.0	17.0	18.0	19.0	20.0	21.0	22.0	23.0	24.0	25.0	26.0	27.0	28.0	29.0	30.0	31.0	32.0	33.0	34.0	35.0	36.0	37.0	38.0	39.0	40.0	41.0	42.0	43.0	44.0	45.0	46.0	47.0	48.0	49.0	50.0	51.0	52.0	53.0	54.0	55.0	56.0	57.0	58.0	59.0	60.0	61.0	62.0	63.0	64.0	65.0	66.0	67.0	68.0	69.0	70.0	71.0	72.0	73.0	74.0	75.0	76.0	77.0	78.0	79.0	80.0	81.0	82.0	83.0	84.0	85.0	86.0	87.0	88.0	89.0	90.0	91.0	92.0	93.0	94.0	95.0	96.0	97.0	98.0	99.0	100.0	101.0	102.0	103.0	104.0	105.0	106.0	107.0	108.0	109.0	110.0	111.0	112.0	113.0	114.0	115.0	116.0	117.0	118.0	119.0	120.0	121.0	122.0	123.0	124.0	125.0	126.0	127.0	128.0	129.0	130.0	131.0	132.0	133.0	134.0	135.0	136.0	137.0	138.0	139.0	140.0	141.0	142.0	143.0	144.0	145.0	146.0	147.0	148.0	149.0	149.0	150.0	151.0	152.0	153.0	154.0	155.0	156.0	157.0	158.0	159.0	160.0	161.0	162.0	163.0	164.0	165.0	166.0	167.0	168.0	169.0	170.0	171.0	172.0	173.0	174.0	175.0	176.0	177.0	178.0	179.0	180.0	181.0	182.0	183.0	184.0	185.0	186.0	187.0	188.0	189.0	190.0	191.0	192.0	193.0	194.0	195.0	196.0	197.0	198.0	199.0	200.0	201.0	202.0	203.0	204.0	205.0	206.0	207.0	208.0	209.0	210.0	211.0	212.0	213.0	214.0	215.0	216.0	217.0	218.0	219.0	220.0	221.0	222.0	223.0	224.0	225.0	226.0	227.0	228.0	229.0	230.0	231.0	232.0	233.0	234.0	235.0	236.0	237.0	238.0	239.0	240.0	241.0	242.0	243.0	244.0	245.0	246.0	247.0	248.0	249.0	250.0	251.0	252.0	253.0	254.0	255.0	256.0	257.0	258.0	259.0	260.0	261.0	262.0	263.0	264.0	265.0	266.0	267.0	268.0	269.0	270.0	271.0	272.0	273.0	274.0	275.0	276.0	277.0	278.0	279.0	280.0	281.0	282.0	283.0	284.0	285.0	286.0	287.0	288.0	289.0	290.0	291.0	292.0	293.0	294.0	295.0	296.0	297.0	298.0	298.0
4695.771419850834
