2406.6466741021163	300.0	2000.0	104.69970735966962	0	0.0	2406.6466741021163	1	0	1	-0.8670743941044755
4103.462360342513	6000.0	1133.5027451355622	0.0	0	0.0	2236.9651054780757	1	0	2	-0.6284104451434944
4671.940929556286	3000.0	1565.0241759217893	0.0	0	0.0	2236.965105478075	1	0	1	1.1857414018862935
5544.1281030347955	3000.0	1692.8370024432786	0.0	0	0.0	2236.9651054780734	1	0	1	2.078888582446239
6609.280910316597	3000.0	1521.168914433298	0.0	0	0.0	2130.449824749895	1	0	2	1.6870357427308795
7736.940504559927	3000.0	1393.5093201899685	0.0	0	0.0	2130.449824749895	1	0	1	1.8895401105190566
8651.705400100811	3000.0	1478.7444246490854	0.0	0	0.0	2130.449824749895	1	0	1	2.0895401105190565
9596.667106195351	3000.0	1439.2865479450916	0.0	0	0.0	2035.9536541404414	1	0	2	1.6966047297509663
10574.342824633472	3000.0	1461.610829506972	0.0	0	0.0	2035.9536541404414	1	0	1	1.8989897275800016
11200.0	2000.0	1835.9536541404416	0.0	0	149.24462303146356	2035.9536541404414	1	0	1	1.2880595113636728
12200.0	2000.0	1835.953654140441	0.0	0	74.86756626369242	2035.9536541404414	1	0	1	1.6935246194718374
13345.757950163119	3000.0	1575.6199089610082	0.0	0	0.0	1921.3778591241262	1	0	2	1.3019909240881387
14851.877166847094	3000.0	1069.5006922770335	0.0	0	0.0	1921.3778591241262	1	0	1	1.9104473070816332
16285.921145853756	3000.0	635.4567132703729	0.0	0	0.0	1921.3778591241262	1	0	1	2.1104473070816336
17609.391570608484	3000.0	343.6132142456478	31.626925730008566	0	0.0	1953.004784854129	1	0	1	1.9175230601285815
18429.07913436375	2000.0	577.6301334754735	53.70448298509115	0	0.0	2006.7092678392219	1	0	1	0.9687570520832477
19309.57765614493	2000.0	697.1316116942947	0.0	0	0.0	2006.7092678392219	1	0	1	1.6964490581019591
20366.973162896375	3000.0	639.7361049428483	0.0	0	0.0	2006.7092678392182	1	0	1	1.6964490581019596
21290.05399215663	3000.0	716.6552756825936	0.0	0	0.0	2006.7092678392182	1	0	1	2.101914166210124
21946.98581803906	3000.0	1059.7234498001617	0.0	0	0.0	2006.7092678392182	1	0	1	2.101914166210124
22752.93642423344	3000.0	1253.7728436057796	0.0	0	0.0	2006.7092678392182	1	0	1	2.101914166210124
23711.499106675907	3000.0	1295.2101611633136	0.0	0	0.0	2006.7092678392219	1	0	1	2.101914166210124
24786.470449480785	3000.0	1112.7416840779451	0.0	0	0.0	1899.212133558729	1	0	2	1.7093614011741205
25780.397505390207	2000.0	1118.814628168523	0.0	0	0.0	1899.212133558729	1	0	1	1.1017336634218438
26493.55242184006	2000.0	1405.659711718669	0.0	0	0.0	1899.212133558729	1	0	1	1.7071987715300085
27484.181929017886	2000.0	1415.0302045408464	0.0	0	0.0	1899.212133558729	1	0	1	1.7071987715300085
28847.84285818584	3000.0	1051.3692753728924	0.0	0	0.0	1899.212133558729	1	0	1	1.7071987715300088
30107.51593596838	3000.0	791.6961975903541	0.0	0	0.0	1899.212133558729	1	0	1	2.1126638796381734
30641.569369143195	3000.0	1257.6427644155403	0.0	0	0.0	1899.212133558729	1	0	1	2.1126638796381734
31205.675491218153	3000.0	1693.5366423405856	0.0	0	0.0	1899.212133558729	1	0	1	2.1126638796381734
32200.0	3000.0	1599.7796826805563	0.0	0	245.7555754267778	1799.7796826805425	1	0	2	1.7191047912361925
33330.11333452197	3000.0	1469.6663481585908	0.0	0	0.0	1799.7796826805497	1	0	1	1.9226071247259913
34200.0	3000.0	1599.7796826805704	0.0	0	214.62400550031452	1799.7796826805607	1	0	1	2.1226071247259903
35200.0	3000.0	1599.7796826805763	0.0	0	47.78505293967464	1799.7796826805643	1	0	1	2.12260712472599
36200.0	3000.0	1599.7796826805725	0.0	0	424.20737879707303	1799.7796826805643	1	0	1	2.12260712472599
37200.0	3000.0	1599.779682680568	0.0	0	370.80746382707	1799.7796826805643	1	0	1	2.12260712472599
38762.0139287526	3000.0	1037.7657539279598	0.0	0	0.0	1799.7796826805643	1	0	1	2.12260712472599
39505.20088334857	3000.0	1294.578799331988	0.0	0	0.0	1799.7796826805643	1	0	1	2.12260712472599
40279.63353317314	3000.0	1520.1461495074132	0.0	0	0.0	1799.7796826805643	1	0	1	2.12260712472599
41256.990577964825	3000.0	1542.7891047157218	0.0	0	0.0	1799.779682680557	1	0	1	2.1226071247259903
42200.0	3000.0	1599.7796826805488	0.0	0	2.441220353655808	1799.779682680557	1	0	1	2.1226071247259903
43200.0	3000.0	1599.779682680555	0.0	0	278.122021414114	1799.7796826805643	1	0	1	2.12260712472599
44200.0	3000.0	1599.7796826805554	0.0	0	39.87434501628013	1799.7796826805643	1	0	1	2.12260712472599
45331.150912256635	3000.0	1468.6287704239205	0.0	0	0.0	1799.7796826805643	1	0	1	2.12260712472599
46518.9502450742	3000.0	1280.8294376063543	0.0	0	0.0	1799.7796826805643	1	0	1	2.12260712472599
47409.11472083662	3000.0	1390.664961843932	0.0	0	0.0	1799.779682680557	1	0	1	2.1226071247259903
48200.0	3000.0	1599.7796826805459	0.0	0	120.48216208188387	1799.7796826805497	1	0	1	2.1226071247259912
49200.0	3000.0	1599.7796826805434	0.0	0	407.5240069508727	1799.7796826805497	1	0	1	2.1226071247259912
50320.49617404009	3000.0	1479.2835086404575	0.0	0	0.0	1799.7796826805497	1	0	1	2.1226071247259912
51200.0	2000.0	1599.7796826805536	0.0	0	372.053402750229	1799.7796826805497	1	0	1	1.3116769085096618
52200.0	3000.0	1599.779682680551	0.0	0	378.0995142246611	1799.7796826805497	1	0	1	1.7171420166178266
53200.0	3000.0	1599.7796826805563	0.0	0	242.7879733870068	1799.7796826805497	1	0	1	2.1226071247259912
54286.31977780012	3000.0	1513.4599048804296	0.0	0	0.0	1799.7796826805497	1	0	1	2.1226071247259912
55200.0	3000.0	1599.7796826805438	0.0	0	62.67566222376627	1799.7796826805425	1	0	1	2.1226071247259917
56367.192296269845	3000.0	1432.5873864106989	0.0	0	0.0	1799.7796826805425	1	0	1	2.1226071247259917
57257.41623529902	3000.0	1542.3634473815232	0.0	0	0.0	1799.7796826805425	1	0	1	2.1226071247259917
58200.0	2000.0	1599.77968268054	0.0	0	261.1796306170654	1799.7796826805425	1	0	1	1.3116769085096625
59200.0	2000.0	1599.7796826805443	0.0	0	474.9757645472855	1799.7796826805497	1	0	1	1.7171420166178264
60354.01971848871	3000.0	1445.7599641918298	0.0	0	0.0	1799.7796826805497	1	0	1	1.7171420166178266
61200.0	3000.0	1599.7796826805359	0.0	0	133.4083377757197	1799.7796826805497	1	0	1	2.1226071247259912
62481.787063311676	3000.0	1317.9926193688561	0.0	0	0.0	1799.7796826805425	1	0	1	2.1226071247259917
63686.941639630684	3000.0	1112.8380430498512	0.0	0	0.0	1799.7796826805425	1	0	1	2.1226071247259917
64898.30851339756	3000.0	901.4711692829791	0.0	0	0.0	1799.7796826805425	1	0	1	2.1226071247259917
65562.68753567204	3000.0	1237.092147008513	0.0	0	0.0	1799.7796826805425	1	0	1	2.1226071247259917
66365.08722083863	3000.0	1434.692461841937	0.0	0	0.0	1799.7796826805425	1	0	1	2.1226071247259917
67200.0	3000.0	1599.7796826805572	0.0	0	33.34215058045811	1799.779682680528	1	0	1	2.122607124725993
68361.32710962556	3000.0	1438.4525730549942	0.0	0	0.0	1799.779682680528	1	0	1	2.1226071247259934
69330.86959493805	3000.0	1468.9100877425005	0.0	0	0.0	1799.779682680528	1	0	1	2.1226071247259934
70200.0	2000.0	1599.7796826805431	0.0	0	274.33062816620804	1799.779682680528	1	0	1	1.311676908509664
71200.0	3000.0	1599.7796826805413	0.0	0	133.47373346622044	1799.779682680528	1	0	1	1.7171420166178288
72779.17453506221	3000.0	1020.6051476183334	0.0	0	0.0	1799.7796826805134	1	0	1	2.1226071247259948
74321.09247998375	3000.0	478.6872026967825	0.0	0	0.0	1799.7796826805134	1	0	1	2.1226071247259948
75030.29321561707	2000.0	769.4864670634768	0.0	0	0.0	1799.7796826805134	1	0	1	1.3116769085096653
75994.25569240388	2000.0	805.5239902766638	0.0	0	0.0	1799.779682680528	1	0	1	1.7171420166178286
76898.34783089475	3000.0	901.4318517857974	0.0	0	0.0	1799.779682680528	1	0	1	1.7171420166178288
77946.45978465774	3000.0	853.3198980227999	0.0	0	0.0	1799.7796826805134	1	0	1	2.1226071247259948
79009.97263341022	3000.0	789.8070492703107	0.0	0	0.0	1799.7796826805134	1	0	1	2.1226071247259948
79907.64483470684	3000.0	892.1348479736846	0.0	0	0.0	1799.7796826805134	1	0	1	2.1226071247259948
80693.64506311015	3000.0	1106.1346195703752	0.0	0	0.0	1799.7796826805134	1	0	1	2.1226071247259948
81480.8108422058	3000.0	1318.9688404747217	0.0	0	0.0	1799.779682680528	1	0	1	2.1226071247259934
82785.6073253414	3000.0	1014.1723573391157	0.0	0	0.0	1799.779682680528	1	0	1	2.1226071247259934
83737.42174653053	3000.0	1062.357936149981	0.0	0	0.0	1799.779682680528	1	0	1	2.1226071247259934
84335.0880052948	3000.0	1464.6916773857197	0.0	0	0.0	1799.779682680528	1	0	1	2.1226071247259934
85200.0	3000.0	1599.7796826805188	0.0	0	142.75261001952458	1799.779682680528	1	0	1	2.1226071247259934
86656.14068921444	3000.0	1143.6389934660892	0.0	0	0.0	1799.7796826805134	1	0	1	2.1226071247259948
87461.39778386294	3000.0	1338.3818988175944	0.0	0	0.0	1799.7796826805134	1	0	1	2.1226071247259948
88200.0	2000.0	1599.7796826805302	0.0	0	0.7937741578934947	1799.7796826805134	1	0	1	1.3116769085096653
89519.13454146098	2000.0	1280.6451412195354	0.0	0	0.0	1799.7796826805134	1	0	1	1.71714201661783
90626.97651948055	3000.0	1062.0189653980228	0.0	0	0.0	1688.995484878571	1	0	2	1.3255806519899664
91712.895527133	3000.0	976.0999577455734	0.0	0	0.0	1688.995484878571	1	0	1	1.9336855445061887
92389.43850384469	3000.0	1299.556981033889	0.0	0	0.0	1688.995484878571	1	0	1	2.133685544506189
93396.84975539538	3000.0	1292.1457294831926	0.0	0	0.0	1688.9954848785565	1	0	1	2.13368554450619
95063.48702381256	3000.0	625.5084610660122	0.0	0	0.0	1688.9954848785565	1	0	1	2.13368554450619
96134.48103862695	3000.0	554.5144462516143	0.0	0	0.0	1688.9954848785565	1	0	1	2.13368554450619
97145.58021661207	3000.0	543.4152682665099	0.0	0	0.0	1688.9954848785565	1	0	1	2.13368554450619
98137.18048371626	3000.0	551.8150011623044	0.0	0	0.0	1688.995484878542	1	0	1	2.133685544506192
99082.81739632253	2000.0	606.1780885560355	0.0	0	0.0	1688.995484878542	1	0	1	1.3227553282898625
99850.71980540444	2000.0	838.2756794741231	0.0	0	0.0	1688.995484878542	1	0	1	1.7282204363980271
101025.0755594641	3000.0	663.9199254144662	0.0	0	0.0	1688.9954848785273	1	0	1	1.7282204363980287
101925.62082383162	3000.0	763.3746610469456	0.0	0	0.0	1688.9954848785273	1	0	1	2.1336855445061933
102669.3742518714	3000.0	1019.6212330071526	0.0	0	0.0	1688.9954848785273	1	0	1	2.1336855445061933
103472.8499144035	3000.0	1216.1455704750556	0.0	0	0.0	1688.9954848785273	1	0	1	2.1336855445061933
104557.63159882963	3000.0	1131.3638860489161	0.0	0	0.0	1688.9954848785273	1	0	1	2.1336855445061933
105408.57161938309	3000.0	1280.4238654954668	0.0	0	0.0	1688.9954848785273	1	0	1	2.1336855445061933
106397.44060962238	3000.0	1291.5548752561526	0.0	0	0.0	1688.9954848785128	1	0	1	2.1336855445061946
107200.0	3000.0	1488.9954848785378	0.0	0	219.50715081757517	1688.9954848785128	1	0	1	2.1336855445061946
108200.0	3000.0	1488.9954848785237	0.0	0	506.06984275176364	1688.9954848785128	1	0	1	2.1336855445061946
109200.0	3000.0	1488.9954848785376	0.0	0	500.6502938824269	1688.9954848785273	1	0	1	2.1336855445061933
110200.0	3000.0	1488.9954848785205	0.0	0	353.32646826736163	1688.9954848785273	1	0	1	2.1336855445061933
111200.0	3000.0	1488.9954848785212	0.0	0	316.6069972139521	1688.9954848785273	1	0	1	2.1336855445061933
112485.2107934218	3000.0	1203.7846914567433	0.0	0	0.0	1688.9954848785273	1	0	1	2.1336855445061933
113450.65535197259	3000.0	1238.3401329059618	0.0	0	0.0	1688.9954848785273	1	0	1	2.1336855445061933
114537.09647754497	3000.0	1151.8990073335663	0.0	0	0.0	1688.9954848785273	1	0	1	2.1336855445061933
115200.0	3000.0	1488.995484878528	0.0	0	27.664439312648028	1688.9954848785273	1	0	1	2.1336855445061933
116200.0	3000.0	1488.99548487851	0.0	0	62.053942053273204	1688.9954848785128	1	0	1	2.1336855445061946
117200.0	3000.0	1488.9954848785196	0.0	0	572.0319144601672	1688.9954848785128	1	0	1	2.1336855445061946
118200.0	3000.0	1488.995484878517	0.0	0	222.8764408637362	1688.9954848784982	1	0	1	2.1336855445061964
119200.0	3000.0	1488.995484878516	0.0	0	339.73356871528085	1688.9954848785128	1	0	1	2.1336855445061946
120200.0	3000.0	1488.9954848784898	0.0	0	244.49888615158852	1688.9954848784982	1	0	1	2.1336855445061964
121301.65771272586	3000.0	1387.3377721526256	0.0	0	0.0	1688.9954848785128	1	0	1	2.1336855445061946
122200.0	3000.0	1488.9954848784885	0.0	0	36.693576191173634	1688.9954848785128	1	0	1	2.1336855445061946
123200.0	3000.0	1488.99548487848	0.0	0	379.40738256090845	1688.9954848785128	1	0	1	2.1336855445061946
124200.0	3000.0	1488.9954848784985	0.0	0	495.94781820742355	1688.9954848785128	1	0	1	2.1336855445061946
125470.94604132065	3000.0	1218.0494435578494	0.0	0	0.0	1688.9954848785128	1	0	1	2.1336855445061946
126200.0	3000.0	1488.9954848785103	0.0	0	94.56998023056076	1688.9954848785273	1	0	1	2.1336855445061933
127200.0	3000.0	1488.9954848785085	0.0	0	212.7312472252088	1688.9954848785273	1	0	1	2.1336855445061933
128200.0	3000.0	1488.9954848785171	0.0	0	310.1379171273875	1688.9954848785273	1	0	1	2.1336855445061933
129200.0	3000.0	1488.9954848785162	0.0	0	245.72248663488426	1688.9954848785273	1	0	1	2.1336855445061933
130200.0	3000.0	1488.9954848785155	0.0	0	384.9374658335728	1688.9954848785273	1	0	1	2.1336855445061933
131200.0	3000.0	1488.9954848785305	0.0	0	326.1242589351459	1688.995484878542	1	0	1	2.133685544506193
132200.0	3000.0	1488.9954848785264	0.0	0	103.86017887061462	1688.995484878542	1	0	1	2.1336855445061915
133288.58738064943	2000.0	1400.4081042291016	0.0	0	0.0	1688.995484878571	1	0	1	1.3227553282898599
134238.44792076183	3000.0	1450.5475641166931	0.0	0	0.0	1688.995484878571	1	0	1	1.7282204363980243
135566.0094252548	3000.0	1122.9860596237115	0.0	0	0.0	1688.995484878542	1	0	1	2.133685544506192
136763.84386015267	3000.0	925.1516247258156	0.0	0	0.0	1688.995484878542	1	0	1	2.133685544506192
137835.49064898264	3000.0	853.5048358958234	0.0	0	0.0	1688.995484878542	1	0	1	2.133685544506192
138585.95132595245	3000.0	1103.044158925999	0.0	0	0.0	1688.995484878542	1	0	1	2.133685544506192
139200.0	3000.0	1488.9954848784448	0.0	0	79.30419990053633	1688.9954848785128	1	0	1	2.1336855445061946
140200.0	3000.0	1488.9954848784428	0.0	0	46.722297984786564	1688.9954848785128	1	0	1	2.1336855445061946
141200.0	2000.0	1488.9954848784287	0.0	0	396.8549497156928	1688.9954848785128	1	0	1	1.3227553282898654
142200.0	3000.0	1488.9954848784512	0.0	0	277.3394656617311	1688.9954848785128	1	0	1	1.72822043639803
143200.0	3000.0	1488.9954848784516	0.0	0	101.12401840934763	1688.9954848785128	1	0	1	2.1336855445061946
144200.0	3000.0	1488.9954848784407	0.0	0	246.2537214535405	1688.9954848784837	1	0	1	2.1336855445061977
145623.8073550233	3000.0	1065.188129855166	0.0	0	0.0	1688.9954848784837	1	0	1	2.1336855445061977
146513.58268419805	3000.0	1175.4128006804287	0.0	0	0.0	1688.9954848785128	1	0	1	2.1336855445061946
147529.33061194306	3000.0	1159.6648729354038	0.0	0	0.0	1688.995484878542	1	0	1	2.133685544506192
148311.53417054465	3000.0	1377.4613143337983	0.0	0	0.0	1688.995484878542	1	0	1	2.133685544506192
149288.55678620658	3000.0	1400.4386986718882	0.0	0	0.0	1688.995484878542	1	0	1	2.133685544506192
150200.0	3000.0	1488.9954848784491	0.0	0	339.7673849929997	1688.9954848785128	1	0	1	2.1336855445061946
151200.0	3000.0	1488.9954848784582	0.0	0	306.8278128527745	1688.9954848784837	1	0	1	2.1336855445061977
152200.0	3000.0	1488.9954848784587	0.0	0	446.1313966984744	1688.9954848784546	1	0	1	2.1336855445062004
153200.0	3000.0	1488.9954848784391	0.0	0	440.86672440043185	1688.9954848784546	1	0	1	2.1336855445062004
154200.0	3000.0	1488.9954848784512	0.0	0	404.1255347201368	1688.9954848784255	1	0	1	2.1336855445062035
155349.60269128793	3000.0	1339.3927935905042	0.0	0	0.0	1688.9954848783964	1	0	1	2.133685544506206
156430.57397670357	3000.0	1258.4215081748873	0.0	0	0.0	1688.9954848784255	1	0	1	2.1336855445062044
157473.29421053577	3000.0	1215.7012743426844	0.0	0	0.0	1688.9954848784255	1	0	1	2.1336855445062035
158200.0	2000.0	1488.9954848784685	0.0	0	46.17529796093004	1688.9954848784546	1	0	1	1.3227553282898712
159200.0	2000.0	1488.9954848784835	0.0	0	416.6223847985675	1688.9954848784546	1	0	1	1.7282204363980358
160200.0	2000.0	1488.9954848785299	0.0	0	344.0312577135337	1688.9954848784837	1	0	1	1.7282204363980331
161475.77535436585	3000.0	1213.22013051267	0.0	0	0.0	1688.9954848784546	1	0	1	1.7282204363980345
163048.65489902475	3000.0	640.3405858537416	0.0	0	0.0	1688.9954848784255	1	0	1	2.1336855445062026
163907.94185479422	3000.0	781.0536300842775	0.0	0	0.0	1688.9954848784255	1	0	1	2.1336855445062035
165033.61216424164	2000.0	655.3833206368614	0.0	0	0.0	1688.9954848783964	1	0	1	1.322755328289877
165965.61065428233	2000.0	723.3848305961553	0.0	0	0.0	1688.9954848783964	1	0	1	1.7282204363980416
166731.8871829369	2000.0	957.1083019416308	0.0	0	0.0	1688.9954848784255	1	0	1	1.728220436398039
167479.2280620071	2000.0	1209.7674228713836	0.0	0	0.0	1688.9954848784255	1	0	1	1.72822043639804
168326.78291789407	3000.0	1362.2125669844233	0.0	0	0.0	1688.9954848784546	1	0	1	1.728220436398036
169220.34072677494	3000.0	1468.6547581035554	0.0	0	0.0	1688.9954848784546	1	0	1	2.1336855445062004
170200.0	3000.0	1488.9954848785303	0.0	0	16.609259850840317	1688.9954848784837	1	0	1	2.1336855445061977
171200.0	3000.0	1488.9954848785305	0.0	0	138.11972806128324	1688.9954848785128	1	0	1	2.1336855445061946
172200.0	3000.0	1488.995484878538	0.0	0	164.85290002869442	1688.9954848785128	1	0	1	2.1336855445061946
173200.0	3000.0	1488.9954848785503	0.0	0	361.59323932463303	1688.995484878542	1	0	1	2.133685544506192
174341.7672734553	3000.0	1347.2282114232753	0.0	0	0.0	1688.995484878571	1	0	1	2.133685544506189
175200.0	2000.0	1488.9954848785608	0.0	0	17.80342606722843	1688.995484878542	1	0	1	1.3227553282898625
176326.18137665358	2000.0	1362.814108224991	0.0	0	0.0	1688.995484878542	1	0	1	1.7282204363980271
177654.10859740202	3000.0	1034.886887476524	0.0	0	0.0	1688.995484878542	1	0	1	1.7282204363980274
179006.94432670533	3000.0	682.0511581732275	0.0	0	0.0	1688.995484878542	1	0	1	2.133685544506192
179645.5832080429	3000.0	1043.4122768356801	0.0	0	0.0	1688.995484878542	1	0	1	2.133685544506192
180200.0	3000.0	1488.995484878611	0.0	0	105.63026285474189	1688.995484878571	1	0	1	2.133685544506189
181200.0	3000.0	1488.9954848786294	0.0	0	121.85734793986194	1688.995484878571	1	0	1	2.133685544506189
182200.0	3000.0	1488.9954848786317	0.0	0	111.51775669743074	1688.995484878571	1	0	1	2.133685544506189
183222.53039027445	3000.0	1466.4650946041777	0.0	0	0.0	1688.995484878571	1	0	1	2.133685544506189
184200.0	3000.0	1488.9954848786222	0.0	0	45.25800630770391	1688.995484878571	1	0	1	2.133685544506189
185200.0	3000.0	1488.9954848786206	0.0	0	106.96107776611461	1688.995484878571	1	0	1	2.133685544506189
186200.0	3000.0	1488.9954848785987	0.0	0	386.25299361077487	1688.9954848786	1	0	1	2.133685544506186
187551.1765378241	3000.0	1137.818947054539	0.0	0	0.0	1688.9954848786292	1	0	1	2.133685544506183
188266.85442174692	3000.0	1422.1410631317367	0.0	0	0.0	1688.9954848786	1	0	1	2.133685544506186
189200.0	3000.0	1488.9954848786645	0.0	0	176.76465914322762	1688.9954848786292	1	0	1	2.133685544506183
190200.0	3000.0	1488.9954848786979	0.0	0	117.06898261944298	1688.9954848786292	1	0	1	2.133685544506183
191200.0	3000.0	1488.9954848787004	0.0	0	253.79192587241414	1688.9954848786583	1	0	1	2.1336855445061804
192200.0	2000.0	1488.9954848786908	0.0	0	329.9948670382728	1688.9954848786583	1	0	1	1.322755328289851
193200.0	2000.0	1488.995484878695	0.0	0	390.6738753068785	1688.9954848786583	1	0	1	1.7282204363980156
194387.8891452707	3000.0	1301.1063396079958	0.0	0	0.0	1688.9954848786292	1	0	1	1.7282204363980163
195730.58659876024	3000.0	958.4088861184166	0.0	0	0.0	1688.9954848786292	1	0	1	2.133685544506183
196887.9704965281	3000.0	801.0249883505597	0.0	0	0.0	1688.9954848786583	1	0	1	2.1336855445061804
197696.65422382826	3000.0	992.341261050418	0.0	0	0.0	1688.9954848786583	1	0	1	2.1336855445061804
198298.36109760776	3000.0	1390.6343872708853	0.0	0	0.0	1688.9954848786583	1	0	1	2.1336855445061804
199200.0	3000.0	1488.995484878654	0.0	0	35.80956361794961	1688.9954848786583	1	0	1	2.1336855445061804
200200.0	3000.0	1488.995484878646	0.0	0	127.21147223236039	1688.9954848786583	1	0	1	2.1336855445061804
201200.0	2000.0	1488.9954848786344	0.0	0	358.7360376523575	1688.9954848786583	1	0	1	1.322755328289851
202200.0	3000.0	1488.9954848786483	0.0	0	145.84468386429944	1688.9954848786874	1	0	1	1.7282204363980127
203200.0	3000.0	1488.9954848786497	0.0	0	205.31825863718404	1688.9954848786583	1	0	1	2.1336855445061804
204200.0	3000.0	1488.9954848786383	0.0	0	1.0435826263565104	1688.9954848786583	1	0	1	2.1336855445061804
205200.0	3000.0	1488.9954848786617	0.0	0	42.50134144676849	1688.9954848786583	1	0	1	2.1336855445061804
206322.04560296403	3000.0	1366.9498819146518	0.0	0	0.0	1688.9954848786583	1	0	1	2.1336855445061804
207518.90526064357	3000.0	1170.0902242351208	0.0	0	0.0	1688.9954848786874	1	0	1	2.1336855445061786
208246.49438895335	3000.0	1442.501095925331	0.0	0	0.0	1688.9954848787165	1	0	1	2.133685544506177
209200.0	3000.0	1488.9954848786533	0.0	0	295.6909104226215	1688.9954848786874	1	0	1	2.1336855445061773
210200.0	3000.0	1488.9954848786736	0.0	0	154.26221787833492	1688.9954848786874	1	0	1	2.1336855445061773
211644.1041557303	3000.0	1044.8913291483295	0.0	0	0.0	1688.9954848786874	1	0	1	2.1336855445061773
212718.59357964134	3000.0	970.4019052373052	0.0	0	0.0	1688.9954848786874	1	0	1	2.1336855445061773
213439.81735387692	3000.0	1249.1781310017277	0.0	0	0.0	1688.9954848786874	1	0	1	2.1336855445061773
214276.49809993288	3000.0	1412.4973849457613	0.0	0	0.0	1688.9954848786583	1	0	1	2.1336855445061778
215200.0	2000.0	1488.99548487865	0.0	0	441.6993963184941	1688.9954848786874	1	0	1	1.3227553282898479
216200.0	3000.0	1488.9954848786258	0.0	0	320.86680547046126	1688.9954848786874	1	0	1	1.7282204363980127
217231.5122562022	3000.0	1457.4832286764163	0.0	0	0.0	1688.9954848786874	1	0	1	2.1336855445061773
218307.5001021409	3000.0	1381.4953827376762	0.0	0	0.0	1688.9954848786874	1	0	1	2.1336855445061773
219546.8627401717	3000.0	1142.132744706904	0.0	0	0.0	1688.9954848786874	1	0	1	2.1336855445061773
220200.0	2000.0	1488.9954848785846	0.0	0	30.27738956970279	1688.9954848786874	1	0	1	1.3227553282898479
221200.0	2000.0	1488.9954848785899	0.0	0	294.02739371338976	1688.9954848786874	1	0	1	1.7282204363980125
222200.0	2000.0	1488.995484878586	0.0	0	181.2291665833327	1688.9954848786874	1	0	1	1.7282204363980125
223200.0	2000.0	1488.9954848785976	0.0	0	45.305933384544915	1688.9954848787165	1	0	1	1.7282204363980096
224767.28217735677	3000.0	921.7133075218377	0.0	0	0.0	1688.9954848787165	1	0	1	1.7282204363980098
225723.03488688936	3000.0	965.9605979892085	0.0	0	0.0	1688.9954848787165	1	0	1	2.1336855445061746
226787.444198431	3000.0	901.5512864475492	0.0	0	0.0	1688.9954848787165	1	0	1	2.1336855445061746
227840.2178497132	3000.0	848.7776351653621	0.0	0	0.0	1688.9954848787456	1	0	1	2.1336855445061715
228867.3486664777	3000.0	821.6468184008704	0.0	0	0.0	1688.9954848787456	1	0	1	2.1336855445061715
229748.0433932036	3000.0	940.9520916749349	0.0	0	0.0	1688.9954848787456	1	0	1	2.1336855445061715
230877.01212084162	3000.0	811.9833640369051	0.0	0	0.0	1688.9954848787456	1	0	1	2.1336855445061715
231499.5195845048	2000.0	1189.4759003737097	0.0	0	0.0	1688.9954848787456	1	0	1	1.322755328289842
232446.42362617014	3000.0	1242.5718587083486	0.0	0	0.0	1688.9954848787456	1	0	1	1.7282204363980056
233200.0	2000.0	1488.9954848785217	0.0	0	109.21054071001709	1688.9954848787747	1	0	1	1.3227553282898392
234200.0	2000.0	1488.995484878502	0.0	0	523.109035988542	1688.9954848787747	1	0	1	1.7282204363980038
235200.0	2000.0	1488.9954848784957	0.0	0	280.2425226017658	1688.9954848787747	1	0	1	1.7282204363980038
236200.0	2000.0	1488.995484878501	0.0	0	287.47992815519683	1688.9954848787747	1	0	1	1.7282204363980038
237200.0	2000.0	1488.995484878525	0.0	0	406.02471004784456	1688.9954848787747	1	0	1	1.7282204363980038
238447.50896086422	2000.0	1241.4865240142967	0.0	0	0.0	1688.9954848787456	1	0	1	1.7282204363980056
239251.7790134333	3000.0	1437.216471445195	0.0	0	0.0	1688.9954848787165	1	0	1	1.7282204363980074
240222.84300974623	3000.0	1466.1524751322565	0.0	0	0.0	1688.9954848787165	1	0	1	2.1336855445061746
241200.0	3000.0	1488.9954848784603	0.0	0	165.51846815575846	1688.9954848787456	1	0	1	2.1336855445061715
242200.0	3000.0	1488.99548487846	0.0	0	423.1499861664197	1688.9954848787747	1	0	1	2.133685544506169
243932.6224219843	3000.0	756.3730628941603	0.0	0	0.0	1688.9954848788038	1	0	1	2.1336855445061658
245339.19638359908	3000.0	349.79910127937364	0.0	0	0.0	1688.9954848787747	1	0	1	2.133685544506169
246136.72357632284	3000.0	619.446857933448	67.17494937782908	0	0.0	1756.1704342566081	1	0	1	1.7239183533014106
247461.615917487	3000.0	333.45186049463314	38.89734372538919	0	0.0	1795.0677779819816	1	0	1	1.8896942528435126
248313.67718171643	2000.0	590.0406169251482	108.65002065995998	0	0.0	1903.7177986419701	1	0	1	0.6493829729537623
248988.2268515812	2000.0	915.4909470603916	0.0	0	0.0	1903.7177986419701	1	0	1	1.7067482050216842
249831.98601639728	3000.0	1071.7317822443274	0.0	0	0.0	1903.7177986419701	1	0	1	1.7067482050216845
250496.79547029996	2000.0	1406.9223283416693	0.0	0	0.0	1903.7177986419701	1	0	1	1.3012830969135196
251330.81990391124	3000.0	1572.8978947303874	0.0	0	0.0	1903.717798641941	1	0	1	1.7067482050216851
252200.0	3000.0	1703.717798641631	0.0	0	150.9355600081326	1903.717798641941	1	0	1	2.112213313129852
253324.52908876885	3000.0	1579.1887098728048	0.0	0	0.0	1903.717798641912	1	0	1	2.112213313129855
254369.69182991618	3000.0	1534.0259687254688	0.0	0	0.0	1903.717798641912	1	0	1	2.112213313129855
255286.1344981734	3000.0	1617.5833004682654	0.0	0	0.0	1903.7177986418828	1	0	1	2.112213313129856
256200.0	3000.0	1703.717798641663	0.0	0	174.4910035772482	1903.717798641912	1	0	1	2.112213313129855
257200.0	3000.0	1703.7177986416518	0.0	0	483.179271230998	1903.717798641941	1	0	1	2.112213313129852
258200.0	3000.0	1703.717798641677	0.0	0	412.7190080464643	1903.7177986419701	1	0	1	2.112213313129849
259200.0	3000.0	1703.7177986416882	0.0	0	448.79615040528006	1903.7177986419701	1	0	1	2.112213313129849
260200.0	3000.0	1703.7177986416898	0.0	0	177.36755878920667	1903.7177986419701	1	0	1	2.112213313129849
261506.4253173851	3000.0	1397.2924812565886	0.0	0	0.0	1903.7177986419701	1	0	1	2.112213313129849
262564.9839934315	3000.0	1338.7338052101427	0.0	0	0.0	1903.717798641941	1	0	1	2.1122133131298497
263280.15539607225	3000.0	1623.5624025693842	0.0	0	0.0	1903.7177986419701	1	0	1	2.1122133131298515
264200.0	3000.0	1703.7177986416527	0.0	0	198.17090614768676	1903.717798641941	1	0	1	2.1122133131298497
265200.0	3000.0	1703.7177986416398	0.0	0	325.119734761829	1903.717798641941	1	0	1	2.112213313129852
266200.0	3000.0	1703.7177986416104	0.0	0	507.1372444949229	1903.717798641941	1	0	1	2.112213313129852
267200.0	3000.0	1703.7177986415586	0.0	0	199.26095696847187	1903.717798641941	1	0	1	2.112213313129852
268200.0	3000.0	1703.717798641524	0.0	0	503.32050064683426	1903.7177986419993	1	0	1	2.112213313129846
269248.3516143037	3000.0	1655.366184337766	0.0	0	0.0	1903.7177986419993	1	0	1	2.112213313129846
270200.0	3000.0	1703.7177986414747	0.0	0	146.82950766698923	1903.7177986419993	1	0	1	2.112213313129846
271200.0	3000.0	1703.7177986413906	0.0	0	135.92135891271755	1903.7177986419993	1	0	1	2.112213313129846
272200.0	3000.0	1703.7177986413692	0.0	0	347.6720305896015	1903.7177986419993	1	0	1	2.112213313129846
273200.0	3000.0	1703.7177986413453	0.0	0	401.376321159536	1903.7177986419993	1	0	1	2.112213313129846
274247.97624902177	3000.0	1655.7415496195179	0.0	0	0.0	1903.7177986419993	1	0	1	2.112213313129846
275200.0	3000.0	1703.7177986412557	0.0	0	96.39947393274633	1903.7177986420575	1	0	1	2.1122133131298404
276200.0	3000.0	1703.717798641236	0.0	0	260.0179392269347	1903.7177986420575	1	0	1	2.1122133131298404
277200.0	3000.0	1703.717798641308	0.0	0	335.8300226571737	1903.7177986420575	1	0	1	2.1122133131298404
278322.07949839364	3000.0	1581.6383002476578	0.0	0	0.0	1903.7177986420575	1	0	1	2.1122133131298404
279200.0	3000.0	1703.7177986413358	0.0	0	174.23560400493443	1903.7177986421157	1	0	1	2.1122133131298346
280200.0	3000.0	1703.717798641339	0.0	0	409.25465991481906	1903.7177986421157	1	0	1	2.1122133131298346
281200.0	3000.0	1703.7177986413076	0.0	0	376.6886225155904	1903.7177986421157	1	0	1	2.1122133131298346
282613.2015978907	3000.0	1290.5162007505874	0.0	0	0.0	1903.7177986421157	1	0	1	2.1122133131298346
283814.88930998824	3000.0	1088.8284886530087	0.0	0	0.0	1903.7177986421157	1	0	1	2.1122133131298346
284931.016031152	3000.0	972.7017674892544	0.0	0	0.0	1903.7177986421157	1	0	1	2.1122133131298346
285712.41164489236	3000.0	1191.3061537489339	0.0	0	0.0	1903.7177986421157	1	0	1	2.1122133131298346
286616.9200446167	3000.0	1286.797754024589	0.0	0	0.0	1903.7177986421157	1	0	1	2.1122133131298346
287362.562185245	3000.0	1541.1556133963322	0.0	0	0.0	1903.7177986421157	1	0	1	2.1122133131298324
288200.0	3000.0	1703.7177986413212	0.0	0	62.297804145899136	1903.7177986421157	1	0	1	2.1122133131298346
289200.0	3000.0	1703.7177986413362	0.0	0	105.89710594248027	1903.7177986421157	1	0	1	2.1122133131298346
290346.15259176696	3000.0	1557.565206874375	0.0	0	0.0	1903.7177986421739	1	0	1	2.112213313129829
291205.51877092506	3000.0	1698.1990277162458	0.0	0	0.0	1903.7177986421739	1	0	1	2.112213313129829
292250.584919971	3000.0	1653.1328786703102	0.0	0	0.0	1903.7177986421739	1	0	1	2.112213313129829
293200.0	3000.0	1703.7177986413608	0.0	0	174.8112279798952	1903.7177986421157	1	0	1	2.1122133131298346
294394.40905727836	3000.0	1509.3087413629446	0.0	0	0.0	1903.7177986420575	1	0	1	2.1122133131298404
295224.1654407229	3000.0	1679.5523579184216	0.0	0	0.0	1903.7177986420575	1	0	1	2.1122133131298404
296439.93807148724	3000.0	1463.779727154111	0.0	0	0.0	1903.7177986421157	1	0	1	2.112213313129838
297541.34565597534	3000.0	1362.372142665991	0.0	0	0.0	1903.7177986421157	1	0	1	2.1122133131298346
298470.65913482	3000.0	1433.0586638213258	0.0	0	0.0	1903.7177986421157	1	0	1	2.1122133131298346
299200.0	3000.0	1703.7177986413221	0.0	0	98.17143015324837	1903.7177986421739	1	0	1	2.112213313129829
300200.0	3000.0	1703.7177986412946	0.0	0	373.92246314510703	1903.7177986421739	1	0	1	2.112213313129829
4.62	4.29	6.31	2.63	2.84	3.6	2.98	3.3	3.31	2.83	2.69	2.37	2.98	1.82	3.1	3.23	3.05	3.5	3.81	3.87	4.24	4.02	2.63	2.58	2.39	1.73	2.25	2.98	5.36	3.29	3.6	3.87	3.68	4.6	3.88	2.27	3.16	3.36	3.6	3.85	3.7	4.1	3.0	2.09	2.95	3.85	4.46	3.39	3.58	3.85	3.14	3.41	3.42	2.49	2.56	3.04	4.19	3.44	3.42	2.59	1.97	3.52	3.15	4.67	4.01	3.01	2.98	3.19	3.2	2.54	2.46	2.72	2.19	2.94	4.02	3.1	3.78	3.78	3.98	2.36	3.56	4.17	3.8	2.68	2.58	3.48	1.74	2.95	3.58	3.58	3.95	2.1	2.51	2.11	3.79	2.91	2.93	2.88	3.49	4.1	3.27	2.72	2.64	3.28	4.85	5.69	5.85	5.34	4.03	2.86	3.56	3.14	4.66	4.33	6.05	4.74	4.99	3.53	2.83	3.57	5.57	6.35	2.21	4.02	4.17	4.34	3.22	4.47	5.97	4.38	2.56	2.35	3.42	2.48	3.04	3.28	4.81	3.51	2.88	3.5	2.97	3.3	2.37	3.7	2.94	3.79	3.53	5.63	4.69	4.66	4.62	4.29	6.31	2.63	2.84	3.6	2.98	3.3	3.31	2.83	2.69	2.37	2.98	1.82	3.1	3.23	3.05	3.5	3.81	3.87	4.24	4.02	2.63	2.58	2.39	1.73	2.25	2.98	5.36	3.29	3.6	3.87	3.68	4.6	3.88	2.27	3.16	3.36	3.6	3.85	3.7	4.1	3.0	2.09	2.95	3.85	4.46	3.39	3.58	3.85	3.14	3.41	3.42	2.49	2.56	3.04	4.19	3.44	3.42	2.59	1.97	3.52	3.15	4.67	4.01	3.01	2.98	3.19	3.2	2.54	2.46	2.72	2.19	2.94	4.02	3.1	3.78	3.78	3.98	2.36	3.56	4.17	3.8	2.68	2.58	3.48	1.74	2.95	3.58	3.58	3.95	2.1	2.51	2.11	3.79	2.91	2.93	2.88	3.49	4.1	3.27	2.72	2.64	3.28	4.85	5.69	5.85	5.34	4.03	2.86	3.56	3.14	4.66	4.33	6.05	4.74	4.99	3.53	2.83	3.57	5.57	6.35	2.21	4.02	4.17	4.34	3.22	4.47	5.97	4.38	2.56	2.35	3.42	2.48	3.04	3.28	4.81	3.51	2.88	3.5	2.97	3.3	2.37	3.7	2.94	3.79	3.53	5.63	4.69	4.66	4.62	4.29
1.0	2.0	3.0	4.0	5.0	6.0	7.0	8.0	9.0	10.0	11.0	12.0	13.0	14.0	15.0	16.0	17.0	18.0	19.0	20.0	21.0	22.0	23.0	24.0	25.0	26.0	27.0	28.0	29.0	30.0	31.0	32.0	33.0	34.0	35.0	36.0	37.0	38.0	39.0	40.0	41.0	42.0	43.0	44.0	45.0	46.0	47.0	48.0	49.0	50.0	51.0	52.0	53.0	54.0	55.0	56.0	57.0	58.0	59.0	60.0	61.0	62.0	63.0	64.0	65.0	66.0	67.0	68.0	69.0	70.0	71.0	72.0	73.0	74.0	75.0	76.0	77.0	78.0	79.0	80.0	81.0	82.0	83.0	84.0	85.0	86.0	87.0	88.0	89.0	90.0	91.0	92.0	93.0	94.0	95.0	96.0	97.0	98.0	99.0	100.0	101.0	102.0	103.0	104.0	105.0	106.0	107.0	108.0	109.0	110.0	111.0	112.0	113.0	114.0	115.0	116.0	117.0	118.0	119.0	120.0	121.0	122.0	123.0	124.0	125.0	126.0	127.0	128.0	129.0	130.0	131.0	132.0	133.0	134.0	135.0	136.0	137.0	138.0	139.0	140.0	141.0	142.0	143.0	144.0	145.0	146.0	147.0	148.0	149.0	149.0	150.0	151.0	152.0	153.0	154.0	155.0	156.0	157.0	158.0	159.0	160.0	161.0	162.0	163.0	164.0	165.0	166.0	167.0	168.0	169.0	170.0	171.0	172.0	173.0	174.0	175.0	176.0	177.0	178.0	179.0	180.0	181.0	182.0	183.0	184.0	185.0	186.0	187.0	188.0	189.0	190.0	191.0	192.0	193.0	194.0	195.0	196.0	197.0	198.0	199.0	200.0	201.0	202.0	203.0	204.0	205.0	206.0	207.0	208.0	209.0	210.0	211.0	212.0	213.0	214.0	215.0	216.0	217.0	218.0	219.0	220.0	221.0	222.0	223.0	224.0	225.0	226.0	227.0	228.0	229.0	230.0	231.0	232.0	233.0	234.0	235.0	236.0	237.0	238.0	239.0	240.0	241.0	242.0	243.0	244.0	245.0	246.0	247.0	248.0	249.0	250.0	251.0	252.0	253.0	254.0	255.0	256.0	257.0	258.0	259.0	260.0	261.0	262.0	263.0	264.0	265.0	266.0	267.0	268.0	269.0	270.0	271.0	272.0	273.0	274.0	275.0	276.0	277.0	278.0	279.0	280.0	281.0	282.0	283.0	284.0	285.0	286.0	287.0	288.0	289.0	290.0	291.0	292.0	293.0	294.0	295.0	296.0	297.0	298.0	298.0	299.0	300.0
2211.914513515345
