5012.227231455501	300.0	2000.0	74.43759390206513	0	0.0	5012.227231455501	1	0	1	-0.9465764585416024
5528.928711939704	3000.0	2431.6283714673764	0.0	0	0.0	4960.55708340708	1	0	2	-0.8972681302730516
6161.092123466161	3000.0	2799.464959940918	0.0	0	0.0	4960.5570834070795	1	0	1	1.606529384653338
7378.606773348932	3000.0	2460.1988450698695	0.0	0	0.0	4838.805618418803	1	0	2	1.414667910084957
8225.151514151017	3000.0	2528.9996301875763	0.0	0	0.0	4754.151144338593	1	0	2	1.6256103491127722
9041.25797306394	3000.0	2631.2825253833607	0.0	0	0.0	4672.540498447302	1	0	2	1.63358478148445
9479.364428342478	3000.0	3149.365424576971	0.0	0	0.0	4628.7298529194495	1	0	2	1.638655067592996
10151.025335871269	3000.0	3410.5384262953016	0.0	0	0.0	4561.563762166572	1	0	2	1.644608328565924
11076.47995224115	3000.0	3392.538348288432	0.0	0	0.0	4469.018300529583	1	0	2	1.6535687472141214
11559.279056798225	3000.0	3861.4593332756517	0.0	0	0.0	4420.738390073877	1	0	2	1.6593569536674946
12200.0	3000.0	4156.6662957537	0.0	0	200.14438123469154	4356.666295753699	1	0	2	1.6642827197954086
13200.0	3000.0	4056.666295753698	0.0	0	290.97982240245983	4256.6662957536955	1	0	2	1.6731932400688216
14200.0	3000.0	3956.6662957536973	0.0	0	122.46315614145351	4156.6662957536955	1	0	2	1.684066588646049
15200.0	3000.0	3856.666295753697	0.0	0	563.3845283641913	4056.666295753692	1	0	2	1.6929534328322897
16200.0	3000.0	3756.666295753697	0.0	0	446.59877476885595	3956.6662957536937	1	0	2	1.7030635350997945
17200.0	3000.0	3656.666295753697	0.0	0	265.3300685946997	3856.666295753692	1	0	2	1.7130796299178854
18290.819250672845	3000.0	3456.7651200135697	0.0	0	0.0	3747.584370686407	1	0	2	1.7252514147402207
19200.0	3000.0	3456.6662957537005	0.0	0	107.49449977436234	3656.6662957536937	1	0	2	1.734383245493614
20200.0	3000.0	3356.6662957537005	0.0	0	19.780690024410433	3556.6662957536937	1	0	2	1.744066651803124
21200.0	3000.0	3256.666295753703	0.0	0	304.7383285618016	3456.6662957536937	1	0	2	1.7532839352663012
22200.0	3000.0	3156.6662957537046	0.0	0	277.2108919553066	3356.6662957536973	1	0	2	1.763272409481925
23200.0	3000.0	3056.666295753706	0.0	0	74.80811518739574	3256.666295753701	1	0	2	1.7745917187046958
24200.0	3000.0	2956.6662957537083	0.0	0	182.31513597974845	3156.6662957537046	1	0	2	1.7835074300572678
25200.0	3000.0	2856.6662957537105	0.0	0	506.6523691553739	3056.6662957537083	1	0	2	1.7930425784043935
26200.0	3000.0	2756.66629575371	0.0	0	298.86748179823553	2956.6662957537046	1	0	2	1.8033086681649046
27200.0	3000.0	2756.666295753713	0.0	0	371.66439180017915	2956.6662957537046	1	0	1	1.8069184634186755
28200.0	3000.0	2656.666295753714	0.0	0	136.6039434529739	2856.6662957537083	1	0	2	1.6136196283854343
29200.0	3000.0	2556.666295753716	0.0	0	41.10044723157989	2756.6662957537083	1	0	2	1.8244486437695324
30200.0	3000.0	2556.6662957537137	0.0	0	393.645039175135	2756.6662957537083	1	0	1	1.826918463418675
31200.0	3000.0	2456.6662957537155	0.0	0	243.19018856409457	2656.6662957537083	1	0	2	1.6332804356990434
32200.0	3000.0	2356.6662957537133	0.0	0	47.67747106848765	2556.6662957537083	1	0	2	1.8445138142676194
33200.0	3000.0	2356.6662957537133	0.0	0	57.499168340124015	2556.666295753712	1	0	1	1.8469184634186755
34221.81879471615	3000.0	2232.6656215659405	0.0	0	0.0	2454.484416282088	1	0	2	1.6547169084200306
35200.0	3000.0	2156.666295753705	0.0	0	268.3336422959401	2356.6662957537046	1	0	2	1.8633646989403507
36200.0	3000.0	2156.6662957537083	0.0	0	107.63261785706709	2356.666295753712	1	0	1	1.8669184634186746
37200.0	3000.0	2156.6662957537055	0.0	0	391.86495707950235	2356.666295753712	1	0	1	2.066918463418675
38200.0	3000.0	2056.6662957537014	0.0	0	335.49861221127503	2256.6662957537046	1	0	2	1.6730802887016307
39200.0	3000.0	2056.666295753697	0.0	0	279.9380215045385	2256.6662957537046	1	0	1	1.8769184634186753
40207.94776821214	3000.0	2048.7185275415486	0.0	0	0.0	2256.6662957536973	1	0	1	2.0769184634186764
41200.0	3000.0	2056.66629575369	0.0	0	111.60612303830567	2256.6662957537046	1	0	1	2.0769184634186755
42200.0	3000.0	2056.66629575369	0.0	0	419.1660699144195	2256.6662957536973	1	0	1	2.0769184634186764
43200.0	3000.0	2056.666295753696	0.0	0	324.52557889076706	2256.6662957536973	1	0	1	2.0769184634186764
44200.0	3000.0	2056.6662957536973	0.0	0	82.66546929020114	2256.66629575369	1	0	1	2.0769184634186773
45200.0	3000.0	2056.666295753697	0.0	0	307.9144397599739	2256.66629575369	1	0	1	2.0769184634186773
46200.0	3000.0	2056.6662957536837	0.0	0	138.1715556768977	2256.66629575369	1	0	1	2.0769184634186773
47263.99954192101	3000.0	1992.6667538326792	0.0	0	0.0	2256.66629575369	1	0	1	2.0769184634186773
48200.0	3000.0	1963.0662499457885	0.0	0	343.90871084432	2163.066249945783	1	0	2	1.6827229876207137
49200.0	3000.0	1863.066249945789	0.0	0	472.10454672088963	2063.0662499457903	1	0	2	1.8924138647173032
50200.0	3000.0	1863.0662499457922	0.0	0	491.20726668199495	2063.0662499457903	1	0	1	1.8962784679994669
51200.0	3000.0	1863.0662499457974	0.0	0	451.4541535043536	2063.0662499457903	1	0	1	2.096278467999467
52200.0	3000.0	1863.066249945795	0.0	0	549.5044768296211	2063.0662499457903	1	0	1	2.096278467999467
53200.0	3000.0	1863.0662499457878	0.0	0	463.6143462348773	2063.0662499457903	1	0	1	2.096278467999467
54200.0	3000.0	1863.0662499457885	0.0	0	357.20951996551594	2063.066249945783	1	0	1	2.096278467999468
55200.0	3000.0	1863.066249945795	0.0	0	20.90768719796324	2063.066249945783	1	0	1	2.096278467999468
56200.0	3000.0	1763.0662499457835	0.0	0	68.79591144542064	1963.0662499457758	1	0	2	1.7031804200785656
57321.25902860489	3000.0	1641.8072213408977	0.0	0	0.0	1963.0662499457758	1	0	1	1.9062784679994682
58264.73080417582	3000.0	1698.3354457699572	0.0	0	0.0	1963.066249945783	1	0	1	2.1062784679994677
59200.0	3000.0	1763.0662499457728	0.0	0	203.86789825316373	1963.0662499457758	1	0	1	2.106278467999468
60200.0	3000.0	1763.0662499457728	0.0	0	382.39845945192064	1963.0662499457685	1	0	1	2.106278467999469
61200.0	3000.0	1763.0662499457746	0.0	0	124.34405425584555	1963.0662499457685	1	0	1	2.106278467999469
62207.28261390033	3000.0	1755.783636045445	0.0	0	0.0	1963.0662499457685	1	0	1	2.106278467999469
63251.27272607098	3000.0	1711.7935238747987	0.0	0	0.0	1963.0662499457685	1	0	1	2.106278467999469
64226.36342395574	3000.0	1736.702825990038	0.0	0	0.0	1963.0662499457685	1	0	1	2.106278467999469
65200.0	3000.0	1763.0662499457828	0.0	0	323.4350075006878	1963.0662499457685	1	0	1	2.106278467999469
66200.0	3000.0	1763.0662499457876	0.0	0	192.1517029825336	1963.0662499457612	1	0	1	2.1062784679994695
67200.0	3000.0	1763.0662499458033	0.0	0	433.49969728218275	1963.066249945783	1	0	1	2.106278467999468
68200.0	3000.0	1763.0662499457976	0.0	0	253.612651649717	1963.066249945783	1	0	1	2.1062784679994677
69200.0	3000.0	1763.0662499458094	0.0	0	50.49456479748187	1963.066249945783	1	0	1	2.1062784679994677
70200.0	3000.0	1763.0662499458167	0.0	0	189.90255681531562	1963.066249945783	1	0	1	2.1062784679994677
71200.0	3000.0	1663.0662499458244	0.0	0	234.779850512743	1863.066249945754	1	0	2	1.7127355803473736
72450.40233984543	6000.0	1412.6639101003893	0.0	0	0.0	1863.066249945754	1	0	1	1.9162784679994704
73495.62479252814	6000.0	1367.441457417684	0.0	0	0.0	1863.066249945754	1	0	1	2.8094256485594156
74907.98999247198	6000.0	955.0762574738351	0.0	0	0.0	1863.0662499457685	1	0	1	2.8094256485594142
75722.55144433353	6000.0	1140.5148056122741	0.0	0	0.0	1863.0662499457685	1	0	1	2.8094256485594142
77023.67415998965	6000.0	839.3920899561579	0.0	0	0.0	1863.0662499457685	1	0	1	2.8094256485594142
78036.37387059927	6000.0	826.6923793465377	0.0	0	0.0	1863.0662499457685	1	0	1	2.8094256485594142
78781.43199974044	6000.0	1081.6342502053874	0.0	0	0.0	1863.066249945783	1	0	1	2.8094256485594125
79349.06671810102	6000.0	1513.9995318448023	0.0	0	0.0	1863.066249945783	1	0	1	2.8094256485594125
80200.0	3000.0	1663.0662499458058	0.0	0	479.4716420309851	1863.066249945783	1	0	1	1.423131287439523
81200.0	3000.0	1663.0662499458144	0.0	0	402.4397799350263	1863.066249945783	1	0	1	2.116278467999468
82436.31935351237	3000.0	1426.7468964334369	0.0	0	0.0	1863.066249945783	1	0	1	2.116278467999468
83368.63820366972	3000.0	1494.4280462760912	0.0	0	0.0	1863.066249945783	1	0	1	2.116278467999468
84200.0	3000.0	1663.0662499458058	0.0	0	33.00132506112277	1863.066249945783	1	0	1	2.116278467999468
85200.0	3000.0	1663.0662499458203	0.0	0	344.5627419275406	1863.0662499457976	1	0	1	2.1162784679994666
86200.0	3000.0	1663.0662499458217	0.0	0	455.3346769681084	1863.0662499457976	1	0	1	2.1162784679994666
87200.0	3000.0	1663.0662499458253	0.0	0	275.1503562435828	1863.0662499458122	1	0	1	2.116278467999465
88200.0	3000.0	1663.0662499458274	0.0	0	423.56231315486366	1863.0662499458122	1	0	1	2.116278467999465
89200.0	3000.0	1663.0662499458347	0.0	0	375.1773378726357	1863.0662499458122	1	0	1	2.116278467999465
90200.0	3000.0	1663.0662499458394	0.0	0	350.56182657064346	1863.0662499458122	1	0	1	2.116278467999465
91200.0	3000.0	1663.0662499458529	0.0	0	411.33144887528033	1863.0662499458267	1	0	1	2.1162784679994635
92200.0	3000.0	1663.0662499458504	0.0	0	550.9704835760058	1863.0662499458267	1	0	1	2.1162784679994635
93200.0	3000.0	1663.0662499458476	0.0	0	469.3414723192982	1863.0662499458267	1	0	1	2.1162784679994635
94200.0	3000.0	1663.0662499458426	0.0	0	439.1689101269876	1863.0662499458413	1	0	1	2.116278467999462
95200.0	3000.0	1663.0662499458476	0.0	0	286.2176932126313	1863.0662499458558	1	0	1	2.116278467999461
96200.0	3000.0	1663.0662499458444	0.0	0	390.05559557612287	1863.0662499458558	1	0	1	2.116278467999461
97200.0	3000.0	1663.0662499458467	0.0	0	250.1700206126843	1863.0662499458558	1	0	1	2.116278467999461
98200.0	3000.0	1663.0662499458426	0.0	0	177.20197375921998	1863.0662499458704	1	0	1	2.116278467999459
99200.0	3000.0	1663.066249945832	0.0	0	350.4377550083882	1863.0662499458558	1	0	1	2.116278467999461
100200.0	3000.0	1663.0662499458192	0.0	0	143.967938441172	1863.0662499458558	1	0	1	2.116278467999461
101262.85859637975	3000.0	1600.207653566077	0.0	0	0.0	1863.0662499458704	1	0	1	2.116278467999459
102406.37218780383	3000.0	1456.6940621420185	0.0	0	0.0	1863.0662499458704	1	0	1	2.116278467999459
103447.08739544044	3000.0	1415.9788545054244	0.0	0	0.0	1863.0662499458704	1	0	1	2.116278467999459
104200.0	3000.0	1663.0662499458665	0.0	0	218.70079335040646	1863.0662499458704	1	0	1	2.116278467999459
105200.0	3000.0	1663.066249945876	0.0	0	328.05671816553513	1863.0662499458704	1	0	1	2.116278467999459
106200.0	3000.0	1663.0662499458767	0.0	0	549.5936739720782	1863.0662499458704	1	0	1	2.116278467999459
107200.0	3000.0	1663.0662499458927	0.0	0	283.2604420267453	1863.0662499458704	1	0	1	2.116278467999459
108200.0	3000.0	1663.066249945892	0.0	0	508.312418105721	1863.0662499458704	1	0	1	2.116278467999459
109200.0	3000.0	1663.0662499458952	0.0	0	336.1000130849279	1863.0662499458558	1	0	1	2.116278467999461
110200.0	3000.0	1663.0662499458847	0.0	0	531.8146812272898	1863.0662499458558	1	0	1	2.116278467999461
111200.0	3000.0	1663.066249945897	0.0	0	545.2575645484321	1863.0662499458558	1	0	1	2.116278467999461
112200.0	3000.0	1663.066249945898	0.0	0	247.12718939167098	1863.0662499458558	1	0	1	2.116278467999461
113200.0	3000.0	1663.0662499459022	0.0	0	36.26504097097495	1863.0662499458558	1	0	1	2.116278467999461
114377.42604798995	3000.0	1485.640201955951	0.0	0	0.0	1863.0662499458558	1	0	1	2.116278467999461
115337.95260611632	3000.0	1525.1136438295807	0.0	0	0.0	1863.0662499458558	1	0	1	2.116278467999461
116200.0	3000.0	1663.0662499459067	0.0	0	90.58607293087698	1863.0662499458558	1	0	1	2.116278467999461
117200.0	3000.0	1663.066249945913	0.0	0	496.93146194047586	1863.0662499458704	1	0	1	2.116278467999459
118200.0	3000.0	1663.0662499459138	0.0	0	623.7360027929535	1863.0662499458704	1	0	1	2.116278467999459
119200.0	3000.0	1663.066249945927	0.0	0	502.50256733178685	1863.0662499458704	1	0	1	2.116278467999459
120200.0	3000.0	1663.0662499459286	0.0	0	333.67239497526316	1863.0662499458704	1	0	1	2.116278467999459
121200.0	3000.0	1663.0662499459352	0.0	0	234.87984793874784	1863.0662499458704	1	0	1	2.116278467999459
122200.0	3000.0	1663.066249945942	0.0	0	291.96286995538685	1863.066249945885	1	0	1	2.1162784679994577
123200.0	3000.0	1663.0662499459522	0.0	0	300.10215247051383	1863.066249945885	1	0	1	2.1162784679994577
124200.0	3000.0	1663.066249945943	0.0	0	251.37955759564647	1863.0662499458704	1	0	1	2.116278467999459
125200.0	2000.0	1663.0662499459495	0.0	0	451.45825933787273	1863.0662499458704	1	0	1	1.3053482517831296
126891.35756885391	3000.0	971.7086810920396	0.0	0	0.0	1863.0662499458704	1	0	1	1.7108133598912945
127740.13982120898	3000.0	1122.9264287369651	0.0	0	0.0	1863.0662499458704	1	0	1	2.116278467999459
128513.95358107775	3000.0	1349.1126688682061	0.0	0	0.0	1863.0662499458558	1	0	1	2.116278467999461
129343.6536009831	3000.0	1519.412648962843	0.0	0	0.0	1863.0662499458558	1	0	1	2.116278467999461
130972.48685333428	6000.0	890.5793966116712	0.0	0	0.0	1863.0662499458558	1	0	1	2.1162784679994604
131742.56110932853	6000.0	1120.5051406174266	0.0	0	0.0	1863.0662499458704	1	0	1	2.8094256485594036
132432.13487486474	6000.0	1430.9313750812046	0.0	0	0.0	1863.066249945885	1	0	1	2.8094256485594027
133486.06835542366	6000.0	1376.9978945222645	0.0	0	0.0	1863.0662499458704	1	0	1	2.8094256485594036
134200.0	3000.0	1663.0662499459006	0.0	0	4.437374055210967	1863.0662499458704	1	0	1	1.4231312874395141
135200.0	3000.0	1663.066249945908	0.0	0	441.625730780157	1863.0662499458704	1	0	1	2.116278467999459
136200.0	3000.0	1663.0662499459015	0.0	0	603.4761938120355	1863.0662499458704	1	0	1	2.116278467999459
137200.0	3000.0	1663.0662499458513	0.0	0	718.0026551949559	1863.0662499458704	1	0	1	2.116278467999459
138200.0	3000.0	1663.0662499458613	0.0	0	426.2959564629127	1863.0662499458704	1	0	1	2.116278467999459
139200.0	3000.0	1663.0662499458365	0.0	0	299.1373527519172	1863.0662499458704	1	0	1	2.116278467999459
140200.0	3000.0	1663.0662499458615	0.0	0	542.7625738678616	1863.0662499458704	1	0	1	2.116278467999459
141200.0	3000.0	1663.066249945869	0.0	0	243.4185900450102	1863.0662499458704	1	0	1	2.116278467999459
142200.0	3000.0	1663.0662499458613	0.0	0	351.8583679078147	1863.0662499458704	1	0	1	2.116278467999459
143200.0	3000.0	1663.0662499458715	0.0	0	413.3057628593815	1863.0662499458704	1	0	1	2.116278467999459
144200.0	3000.0	1663.0662499458788	0.0	0	357.4208804637601	1863.0662499458704	1	0	1	2.116278467999459
145200.0	3000.0	1663.0662499458508	0.0	0	177.0944157289341	1863.0662499458995	1	0	1	2.1162784679994564
146200.0	3000.0	1663.066249945841	0.0	0	423.16826816205867	1863.0662499458995	1	0	1	2.1162784679994564
147200.0	3000.0	1663.0662499458474	0.0	0	567.0606026299065	1863.0662499458995	1	0	1	2.1162784679994564
148200.0	3000.0	1663.0662499458251	0.0	0	422.0650348152267	1863.0662499458704	1	0	1	2.116278467999459
149302.9410400358	3000.0	1560.1252099099972	0.0	0	0.0	1863.0662499458704	1	0	1	2.116278467999459
150358.68347787872	3000.0	1504.382772067084	0.0	0	0.0	1863.0662499458995	1	0	1	2.1162784679994564
151200.0	3000.0	1663.066249945808	0.0	0	1.9749459682789166	1863.0662499458995	1	0	1	2.1162784679994564
152200.0	3000.0	1663.066249945819	0.0	0	317.7352390359738	1863.0662499458995	1	0	1	2.1162784679994564
153200.0	3000.0	1663.0662499458022	0.0	0	218.92519834145787	1863.0662499458704	1	0	1	2.116278467999459
154200.0	3000.0	1663.066249945808	0.0	0	89.18847430698224	1863.0662499458704	1	0	1	2.116278467999459
155200.0	3000.0	1663.0662499457983	0.0	0	441.9712118519237	1863.0662499458995	1	0	1	2.1162784679994564
156200.0	3000.0	1663.0662499458094	0.0	0	272.42390711183543	1863.0662499458995	1	0	1	2.1162784679994564
157200.0	3000.0	1663.0662499458044	0.0	0	64.04089971838403	1863.0662499458995	1	0	1	2.1162784679994564
158200.0	3000.0	1663.066249945778	0.0	0	266.5683993281564	1863.0662499458704	1	0	1	2.116278467999459
159200.0	3000.0	1663.0662499457753	0.0	0	284.2926897738653	1863.0662499458704	1	0	1	2.116278467999459
160200.0	3000.0	1663.0662499457603	0.0	0	69.7951857050648	1863.0662499458704	1	0	1	2.116278467999459
161200.0	3000.0	1663.0662499457585	0.0	0	538.4761615704629	1863.0662499458704	1	0	1	2.116278467999459
162210.0206092079	3000.0	1653.0456407378817	0.0	0	0.0	1863.0662499458704	1	0	1	2.116278467999459
163200.0	3000.0	1663.0662499457794	0.0	0	168.92054511234164	1863.0662499458704	1	0	1	2.116278467999459
164200.0	3000.0	1663.0662499457549	0.0	0	332.23426654044306	1863.0662499458995	1	0	1	2.1162784679994564
165200.0	3000.0	1663.0662499457453	0.0	0	503.13814083859324	1863.0662499458704	1	0	1	2.116278467999459
166200.0	3000.0	1663.0662499457321	0.0	0	473.2975816138496	1863.0662499458704	1	0	1	2.116278467999459
167414.74397037123	3000.0	1448.3222795745226	0.0	0	0.0	1863.0662499458704	1	0	1	2.116278467999459
168200.0	3000.0	1663.066249945768	0.0	0	58.528082422650186	1863.0662499458704	1	0	1	2.1162784679994586
169200.0	3000.0	1663.0662499457715	0.0	0	270.201665247092	1863.0662499458704	1	0	1	2.116278467999459
170200.0	3000.0	1663.0662499457853	0.0	0	163.14085881406209	1863.0662499458704	1	0	1	2.116278467999459
171560.32922010514	3000.0	1302.7370298406418	0.0	0	0.0	1863.0662499458704	1	0	1	2.116278467999459
172474.6018731727	3000.0	1388.4643767731018	0.0	0	0.0	1863.0662499458995	1	0	1	2.1162784679994564
173200.0	3000.0	1663.0662499458185	0.0	0	167.12411165153026	1863.0662499458995	1	0	1	2.1162784679994564
174200.0	3000.0	1663.0662499458092	0.0	0	314.6954464041337	1863.0662499458995	1	0	1	2.1162784679994564
175200.0	3000.0	1663.0662499458115	0.0	0	279.758608215343	1863.0662499459286	1	0	1	2.116278467999455
176200.0	3000.0	1663.066249945818	0.0	0	405.7816348283086	1863.0662499458995	1	0	1	2.1162784679994564
177200.0	3000.0	1663.0662499458172	0.0	0	383.52431785699446	1863.0662499458704	1	0	1	2.1162784679994573
178200.0	3000.0	1663.066249945818	0.0	0	50.48981034284225	1863.0662499458704	1	0	1	2.116278467999458
179200.0	3000.0	1663.0662499457874	0.0	0	229.71561082499102	1863.0662499458704	1	0	1	2.116278467999459
180205.79683901195	3000.0	1657.2694109338452	0.0	0	47.27128945547156	1863.0662499458704	1	0	1	2.116278467999459
181341.76393152986	3000.0	1521.3023184159597	0.0	0	0.0	1863.0662499458704	1	0	1	2.116278467999459
182561.4199129207	3000.0	1301.646337025099	0.0	0	0.0	1863.0662499458704	1	0	1	2.116278467999459
183381.1355730197	3000.0	1481.930676926138	0.0	0	0.0	1863.0662499458704	1	0	1	2.116278467999459
184200.0	3000.0	1663.066249945872	0.0	0	160.77676955694915	1863.0662499458995	1	0	1	2.1162784679994577
185200.0	3000.0	1663.0662499458576	0.0	0	377.87308646933525	1863.0662499458995	1	0	1	2.1162784679994564
186200.0	3000.0	1663.066249945865	0.0	0	218.47116753525916	1863.0662499459286	1	0	1	2.1162784679994533
187200.0	3000.0	1663.0662499458747	0.0	0	274.36305238335626	1863.0662499459286	1	0	1	2.116278467999455
188200.0	3000.0	1663.0662499458842	0.0	0	104.14630844906787	1863.0662499459286	1	0	1	2.1162784679994533
189200.0	3000.0	1663.0662499458917	0.0	0	35.934345663845306	1863.0662499459577	1	0	1	2.1162784679994515
190200.0	3000.0	1663.0662499458917	0.0	0	174.8635670123913	1863.0662499459868	1	0	1	2.1162784679994493
191200.0	3000.0	1663.066249945895	0.0	0	273.8902628948563	1863.0662499459868	1	0	1	2.1162784679994475
192200.0	3000.0	1663.066249945897	0.0	0	308.4849736863398	1863.0662499459868	1	0	1	2.1162784679994475
193200.0	3000.0	1663.066249945904	0.0	0	318.0409018594655	1863.0662499459868	1	0	1	2.1162784679994475
194219.4266071804	3000.0	1643.6396427655345	0.0	0	0.0	1863.0662499459868	1	0	1	2.1162784679994475
195742.8170512476	3000.0	1120.2491986983114	0.0	0	0.0	1863.0662499459868	1	0	1	2.1162784679994475
196700.96326176682	3000.0	1162.1029881790955	0.0	0	0.0	1863.066249946016	1	0	1	2.1162784679994444
197200.0	3000.0	1663.0662499459575	0.0	0	6.415133195056114	1863.066249946045	1	0	1	2.1162784679994413
198200.0	3000.0	1663.0662499459609	0.0	0	241.61476451568888	1863.066249946045	1	0	1	2.1162784679994413
199200.0	3000.0	1663.0662499459465	0.0	0	309.0271710262168	1863.066249946045	1	0	1	2.1162784679994413
200200.0	3000.0	1663.0662499459474	0.0	0	267.2896772492968	1863.0662499461032	1	0	1	2.1162784679994373
201200.0	3000.0	1663.0662499459515	0.0	0	500.8428161633492	1863.0662499461032	1	0	1	2.1162784679994355
202200.0	3000.0	1663.0662499459554	0.0	0	542.5980738394428	1863.066249946074	1	0	1	2.1162784679994386
203200.0	3000.0	1663.066249945937	0.0	0	418.9750519179797	1863.066249946045	1	0	1	2.1162784679994413
204200.0	3000.0	1663.0662499459568	0.0	0	257.9107065553544	1863.066249946016	1	0	1	2.1162784679994444
205200.0	3000.0	1663.0662499459445	0.0	0	151.94216641806997	1863.0662499459868	1	0	1	2.1162784679994457
206510.1761017406	3000.0	1352.8901482053748	0.0	0	0.0	1863.0662499459868	1	0	1	2.1162784679994475
207200.0	2000.0	1663.0662499459363	0.0	0	168.83414047129918	1863.066249946016	1	0	1	1.3053482517831152
208200.0	3000.0	1663.0662499459368	0.0	0	397.5882658622868	1863.066249946016	1	0	1	1.7108133598912798
209200.0	3000.0	1663.0662499459704	0.0	0	186.37387400283478	1863.066249946016	1	0	1	2.1162784679994444
210200.0	2000.0	1663.066249945973	0.0	0	319.0816443018266	1863.066249946016	1	0	1	1.3053482517831152
211482.5757295732	3000.0	1380.490520372758	0.0	0	0.0	1863.066249946016	1	0	1	1.7108133598912798
212617.89863801532	3000.0	1245.1676119306214	0.0	0	0.0	1863.066249946016	1	0	1	2.1162784679994444
213500.93921767507	3000.0	1362.1270322708906	0.0	0	0.0	1863.066249946016	1	0	1	2.1162784679994444
214223.78907446522	3000.0	1639.277175480715	0.0	0	0.0	1863.066249946045	1	0	1	2.1162784679994413
215200.0	3000.0	1663.066249945914	0.0	0	410.61255593027454	1863.066249946016	1	0	1	2.1162784679994426
216200.0	3000.0	1663.0662499459181	0.0	0	560.8835555323167	1863.066249946016	1	0	1	2.1162784679994444
217200.0	3000.0	1663.0662499459	0.0	0	320.7822060599865	1863.066249946016	1	0	1	2.1162784679994444
218200.0	3000.0	1663.066249945928	0.0	0	138.23462216497865	1863.066249946016	1	0	1	2.1162784679994444
219200.0	3000.0	1663.0662499459424	0.0	0	192.5393476378522	1863.0662499459868	1	0	1	2.1162784679994457
220200.0	3000.0	1663.0662499459584	0.0	0	136.58583307647496	1863.0662499459868	1	0	1	2.1162784679994475
221906.46392614814	6000.0	956.6023237978008	0.0	0	0.0	1863.0662499459577	1	0	1	2.11627846799945
223068.02993083475	6000.0	795.0363191111778	0.0	0	0.0	1863.0662499459286	1	0	1	2.8094256485593982
223858.0178974098	6000.0	1005.0483525361301	0.0	0	0.0	1863.0662499459577	1	0	1	2.8094256485593947
224662.3145876353	6000.0	1200.7516623106003	0.0	0	0.0	1863.0662499459577	1	0	1	2.8094256485593947
225752.12637607355	6000.0	1110.9398738723612	0.0	0	0.0	1863.0662499459577	1	0	1	2.8094256485593947
226200.0	3000.0	1663.0662499458988	0.0	0	30.48928102501668	1863.0662499459286	1	0	1	1.4231312874395081
227200.0	3000.0	1663.066249945896	0.0	0	644.5282406838669	1863.0662499459577	1	0	1	2.11627846799945
228200.0	3000.0	1663.0662499458688	0.0	0	668.175352312508	1863.0662499459577	1	0	1	2.11627846799945
229200.0	3000.0	1663.0662499459054	0.0	0	648.689936442126	1863.0662499459868	1	0	1	2.1162784679994475
230200.0	3000.0	1663.0662499458956	0.0	0	385.09941704865196	1863.0662499459868	1	0	1	2.1162784679994475
231466.72232030993	3000.0	1396.3439296359666	0.0	0	0.0	1863.0662499459868	1	0	1	2.1162784679994475
232359.4898432912	3000.0	1503.5764066547076	0.0	0	0.0	1863.0662499459868	1	0	1	2.1162784679994475
233200.0	3000.0	1663.0662499458851	0.0	0	306.6299371358764	1863.0662499459868	1	0	1	2.1162784679994475
234200.0	3000.0	1663.0662499459047	0.0	0	315.3216034389916	1863.0662499459868	1	0	1	2.1162784679994475
235200.0	3000.0	1663.0662499459067	0.0	0	382.4009417791967	1863.0662499459868	1	0	1	2.1162784679994475
236200.0	3000.0	1663.066249945923	0.0	0	414.5766815720708	1863.0662499459868	1	0	1	2.1162784679994475
237200.0	3000.0	1663.066249945892	0.0	0	383.81797045844723	1863.0662499459577	1	0	1	2.11627846799945
238200.0	3000.0	1663.0662499458747	0.0	0	529.7639621562266	1863.0662499459577	1	0	1	2.11627846799945
239200.0	3000.0	1663.066249945877	0.0	0	493.59984309750143	1863.0662499459286	1	0	1	2.1162784679994515
240200.0	3000.0	1663.0662499458615	0.0	0	522.9911179236951	1863.0662499459286	1	0	1	2.1162784679994533
241200.0	3000.0	1663.066249945856	0.0	0	439.7120125016663	1863.0662499459286	1	0	1	2.1162784679994533
242200.0	3000.0	1663.0662499458515	0.0	0	340.9753422221984	1863.0662499459577	1	0	1	2.116278467999452
243200.0	3000.0	1663.0662499458376	0.0	0	308.431909396284	1863.0662499459286	1	0	1	2.1162784679994515
244200.0	3000.0	1663.0662499458315	0.0	0	280.68824107167893	1863.0662499459286	1	0	1	2.1162784679994533
245200.0	3000.0	1663.0662499458188	0.0	0	134.14904051704798	1863.0662499459286	1	0	1	2.1162784679994533
246200.0	3000.0	1663.06624994584	0.0	0	354.293888774846	1863.0662499459286	1	0	1	2.1162784679994533
247200.0	3000.0	1663.0662499458272	0.0	0	276.02346804676927	1863.0662499459577	1	0	1	2.11627846799945
248200.0	3000.0	1663.0662499458167	0.0	0	393.3479938725359	1863.0662499459577	1	0	1	2.11627846799945
249200.0	3000.0	1663.0662499458115	0.0	0	450.9670645337319	1863.0662499459577	1	0	1	2.11627846799945
250200.0	3000.0	1663.066249945851	0.0	0	375.7458966477425	1863.0662499459577	1	0	1	2.11627846799945
251200.0	3000.0	1663.066249945849	0.0	0	26.214197389781475	1863.0662499459577	1	0	1	2.11627846799945
252708.6978871916	6000.0	1154.368362754215	0.0	0	0.0	1863.0662499459868	1	0	1	2.116278467999447
253245.07874729676	3000.0	1617.9875026490363	0.0	0	0.0	1863.066249946016	1	0	1	1.4231312874394995
254200.0	3000.0	1663.066249945799	0.0	0	300.30841571313795	1863.066249946045	1	0	1	2.1162784679994435
255200.0	3000.0	1663.0662499457783	0.0	0	581.8124428465671	1863.066249946045	1	0	1	2.1162784679994413
256200.0	3000.0	1663.0662499457878	0.0	0	477.1320190524566	1863.066249946045	1	0	1	2.1162784679994413
257200.0	3000.0	1663.0662499457962	0.0	0	451.6831533390796	1863.066249946016	1	0	1	2.1162784679994444
258200.0	3000.0	1663.066249945795	0.0	0	414.50298468853	1863.0662499459868	1	0	1	2.1162784679994475
259200.0	3000.0	1663.0662499458315	0.0	0	446.959193967341	1863.0662499459868	1	0	1	2.1162784679994475
260200.0	3000.0	1663.0662499458815	0.0	0	580.3738096797897	1863.0662499459868	1	0	1	2.1162784679994475
261200.0	3000.0	1663.0662499458758	0.0	0	306.8105218150595	1863.066249946045	1	0	1	2.1162784679994435
262250.3953577817	3000.0	1612.6708921642	0.0	0	0.0	1863.066249946016	1	0	1	2.116278467999443
263200.0	3000.0	1663.0662499458365	0.0	0	137.76942784059793	1863.0662499459868	1	0	1	2.116278467999444
264251.1003436113	3000.0	1611.9659063346114	0.0	0	0.0	1863.066249946074	1	0	1	2.1162784679994404
265200.0	3000.0	1663.0662499459431	0.0	0	90.62880242848769	1863.0662499461905	1	0	1	2.1162784679994284
266200.0	3000.0	1663.0662499460025	0.0	0	382.4890098142205	1863.0662499462487	1	0	1	2.116278467999425
267200.0	3000.0	1663.0662499459784	0.0	0	463.9156292407424	1863.0662499462487	1	0	1	2.1162784679994213
268200.0	3000.0	1663.0662499459486	0.0	0	555.4714462243137	1863.0662499462487	1	0	1	2.1162784679994213
269200.0	3000.0	1663.0662499459502	0.0	0	485.7692335865577	1863.0662499462487	1	0	1	2.1162784679994213
270200.0	3000.0	1663.0662499459668	0.0	0	141.70428832247853	1863.0662499463651	1	0	1	2.116278467999412
271200.0	3000.0	1663.0662499459543	0.0	0	323.5568314115517	1863.066249946307	1	0	1	2.1162784679994155
272200.0	3000.0	1663.066249945956	0.0	0	62.9851112618926	1863.066249946307	1	0	1	2.1162784679994155
273200.0	3000.0	1663.0662499459165	0.0	0	316.7766415317892	1863.066249946307	1	0	1	2.1162784679994155
274200.0	2000.0	1663.0662499458376	0.0	0	461.53098646953003	1863.0662499462487	1	0	1	1.3053482517830919
275428.02203056874	3000.0	1435.0442193770596	0.0	0	0.0	1863.0662499462487	1	0	1	1.7108133598912567
276395.7230292681	3000.0	1467.3432206777113	0.0	0	0.0	1863.0662499462487	1	0	1	2.1162784679994213
277200.0	3000.0	1663.06624994577	0.0	0	78.98137359617976	1863.0662499462487	1	0	1	2.1162784679994213
278556.3560679331	6000.0	1306.71018201271	0.0	0	0.0	1863.0662499462487	1	0	1	2.116278467999421
280142.73906499473	6000.0	720.3271849510738	0.0	0	0.0	1863.0662499461905	1	0	1	2.8094256485593716
280925.56432997703	6000.0	937.5019199687641	0.0	0	0.0	1863.0662499461323	1	0	1	2.809425648559378
281640.0070532402	6000.0	1223.0591967055664	0.0	0	0.0	1863.0662499461323	1	0	1	2.809425648559378
282636.4828463588	6000.0	1226.5834035869866	0.0	0	0.0	1863.0662499461905	1	0	1	2.8094256485593716
283837.2275338426	6000.0	1025.83871610312	0.0	0	0.0	1863.0662499461905	1	0	1	2.8094256485593716
284864.7565849829	6000.0	998.3096649628676	0.0	0	0.0	1863.0662499461905	1	0	1	2.8094256485593716
285670.68682685273	6000.0	1192.3794230929907	0.0	0	0.0	1863.0662499461905	1	0	1	2.8094256485593716
286370.1460952583	6000.0	1492.920154687454	0.0	0	0.0	1863.0662499461905	1	0	1	2.8094256485593716
287763.5014084264	6000.0	1099.564841519396	0.0	0	0.0	1863.0662499461905	1	0	1	2.8094256485593716
288383.20187603426	3000.0	1479.8643739114746	0.0	0	0.0	1863.0662499461323	1	0	1	1.423131287439488
289200.0	3000.0	1663.0662499457437	0.0	0	282.6604109222535	1863.0662499461323	1	0	1	2.116278467999433
290249.52176481637	3000.0	1613.5444851294137	0.0	0	0.0	1863.0662499461323	1	0	1	2.116278467999433
291200.0	3000.0	1663.0662499458117	0.0	0	14.282759075344075	1863.0662499461323	1	0	1	2.116278467999433
292200.0	3000.0	1663.0662499458294	0.0	0	526.6718497988768	1863.0662499461905	1	0	1	2.116278467999427
293200.0	3000.0	1663.0662499458017	0.0	0	550.1314318789518	1863.0662499461905	1	0	1	2.116278467999427
294200.0	3000.0	1663.066249945824	0.0	0	128.65955881006084	1863.0662499462487	1	0	1	2.1162784679994235
295200.0	3000.0	1663.0662499458078	0.0	0	209.6199203208089	1863.0662499462487	1	0	1	2.1162784679994213
296200.0	3000.0	1663.0662499458551	0.0	0	442.0432786284364	1863.0662499462487	1	0	1	2.1162784679994213
297200.0	3000.0	1663.0662499458688	0.0	0	376.83870356169064	1863.0662499461323	1	0	1	2.1162784679994293
298200.0	3000.0	1663.0662499459045	0.0	0	59.56677181099076	1863.0662499461323	1	0	1	2.116278467999433
299200.0	3000.0	1663.066249945898	0.0	0	186.47176258190302	1863.0662499461323	1	0	1	2.116278467999433
300200.0	3000.0	1663.0662499458838	0.0	0	245.0490329534514	1863.0662499461323	1	0	1	2.116278467999433
5.82	3.94	2.17	4.03	5.46	4.11	5.64	4.65	3.01	5.02	7.49	5.03	2.32	2.72	4.01	3.67	3.34	2.7	4.56	5.13	5.31	6.19	4.78	3.8	5.17	4.18	2.13	3.08	3.26	3.83	3.75	4.89	5.05	3.22	3.6	4.55	4.15	4.19	4.05	4.23	2.9	2.28	4.53	5.18	5.07	4.91	5.69	6.01	5.98	3.05	4.63	3.81	2.63	4.24	4.24	3.63	2.36	2.72	3.96	3.61	4.77	6.75	5.95	3.87	3.6	4.16	3.13	4.85	4.78	5.76	7.15	5.35	7.65	10.2	9.81	5.6	2.46	3.7	4.46	5.63	5.84	5.8	4.85	5.62	5.92	5.76	5.33	6.8	4.03	4.19	4.87	3.5	4.53	5.99	5.13	3.86	3.32	3.02	4.47	5.62	6.08	5.04	6.63	5.17	6.99	9.63	6.97	3.14	3.16	2.77	3.72	5.69	6.09	7.85	6.12	2.79	4.41	3.44	5.21	4.25	1.87	2.24	4.04	4.65	4.19	4.29	6.68	9.09	6.21	5.69	7.63	9.97	7.18	5.0	6.36	3.17	3.28	6.65	6.43	3.06	4.92	6.37	6.2	4.38	2.86	3.87	5.83	4.97	3.39	5.17	5.82	3.94	2.17	4.03	5.46	4.11	5.64	4.65	3.01	5.02	7.49	5.03	2.32	2.72	4.01	3.67	3.34	2.7	4.56	5.13	5.31	6.19	4.78	3.8	5.17	4.18	2.13	3.08	3.26	3.83	3.75	4.89	5.05	3.22	3.6	4.55	4.15	4.19	4.05	4.23	2.9	2.28	4.53	5.18	5.07	4.91	5.69	6.01	5.98	3.05	4.63	3.81	2.63	4.24	4.24	3.63	2.36	2.72	3.96	3.61	4.77	6.75	5.95	3.87	3.6	4.16	3.13	4.85	4.78	5.76	7.15	5.35	7.65	10.2	9.81	5.6	2.46	3.7	4.46	5.63	5.84	5.8	4.85	5.62	5.92	5.76	5.33	6.8	4.03	4.19	4.87	3.5	4.53	5.99	5.13	3.86	3.32	3.02	4.47	5.62	6.08	5.04	6.63	5.17	6.99	9.63	6.97	3.14	3.16	2.77	3.72	5.69	6.09	7.85	6.12	2.79	4.41	3.44	5.21	4.25	1.87	2.24	4.04	4.65	4.19	4.29	6.68	9.09	6.21	5.69	7.63	9.97	7.18	5.0	6.36	3.17	3.28	6.65	6.43	3.06	4.92	6.37	6.2	4.38	2.86	3.87	5.83	4.97
1.0	2.0	3.0	4.0	5.0	6.0	7.0	8.0	9.0	10.0	11.0	12.0	13.0	14.0	15.0	16.0	17.0	18.0	19.0	20.0	21.0	22.0	23.0	24.0	25.0	26.0	27.0	28.0	29.0	30.0	31.0	32.0	33.0	34.0	35.0	36.0	37.0	38.0	39.0	40.0	41.0	42.0	43.0	44.0	45.0	46.0	47.0	48.0	49.0	50.0	51.0	52.0	53.0	54.0	55.0	56.0	57.0	58.0	59.0	60.0	61.0	62.0	63.0	64.0	65.0	66.0	67.0	68.0	69.0	70.0	71.0	72.0	73.0	74.0	75.0	76.0	77.0	78.0	79.0	80.0	81.0	82.0	83.0	84.0	85.0	86.0	87.0	88.0	89.0	90.0	91.0	92.0	93.0	94.0	95.0	96.0	97.0	98.0	99.0	100.0	101.0	102.0	103.0	104.0	105.0	106.0	107.0	108.0	109.0	110.0	111.0	112.0	113.0	114.0	115.0	116.0	117.0	118.0	119.0	120.0	121.0	122.0	123.0	124.0	125.0	126.0	127.0	128.0	129.0	130.0	131.0	132.0	133.0	134.0	135.0	136.0	137.0	138.0	139.0	140.0	141.0	142.0	143.0	144.0	145.0	146.0	147.0	148.0	149.0	149.0	150.0	151.0	152.0	153.0	154.0	155.0	156.0	157.0	158.0	159.0	160.0	161.0	162.0	163.0	164.0	165.0	166.0	167.0	168.0	169.0	170.0	171.0	172.0	173.0	174.0	175.0	176.0	177.0	178.0	179.0	180.0	181.0	182.0	183.0	184.0	185.0	186.0	187.0	188.0	189.0	190.0	191.0	192.0	193.0	194.0	195.0	196.0	197.0	198.0	199.0	200.0	201.0	202.0	203.0	204.0	205.0	206.0	207.0	208.0	209.0	210.0	211.0	212.0	213.0	214.0	215.0	216.0	217.0	218.0	219.0	220.0	221.0	222.0	223.0	224.0	225.0	226.0	227.0	228.0	229.0	230.0	231.0	232.0	233.0	234.0	235.0	236.0	237.0	238.0	239.0	240.0	241.0	242.0	243.0	244.0	245.0	246.0	247.0	248.0	249.0	250.0	251.0	252.0	253.0	254.0	255.0	256.0	257.0	258.0	259.0	260.0	261.0	262.0	263.0	264.0	265.0	266.0	267.0	268.0	269.0	270.0	271.0	272.0	273.0	274.0	275.0	276.0	277.0	278.0	279.0	280.0	281.0	282.0	283.0	284.0	285.0	286.0	287.0	288.0	289.0	290.0	291.0	292.0	293.0	294.0	295.0	296.0	297.0
4866.131824926395
