5127.566044213751	300.0	2000.0	128.3386415707175	0	0.0	5127.566044213751	1	0	1	-1.2803129399648414
5509.035503288219	1000.0	2580.383595018085	0.0	0	0.0	5089.4190983063045	1	0	2	-0.9098475792033827
6123.723240519125	2000.0	2904.227084064087	0.0	0	0.0	5027.950324583213	1	0	2	0.499595657970757
6900.9455508460505	3000.0	3049.2825427044695	0.0	0	0.0	4950.2280935505205	1	0	2	1.2000585616544026
9074.75538959424	3000.0	1658.091720081461	0.0	0	0.0	4732.847109675702	1	0	2	1.6244218224186233
10141.841685904014	3000.0	1484.2967941407117	0.0	0	0.0	4626.138480044725	1	0	2	1.6375269345945374
11417.721389015802	3000.0	1080.829120717747	0.0	0	0.0	4498.550509733549	1	0	2	1.6498068638596113
12121.939034403254	2000.0	1306.189710791548	0.0	0	0.0	4428.128745194804	1	0	2	0.8471504425588923
12718.267784739164	2000.0	1650.2280854220483	0.0	0	0.0	4368.495870161214	1	0	2	1.258779694483515
13973.712082949456	2000.0	1269.239357390728	0.0	0	0.0	4242.9514403401845	1	0	2	1.2695482300781356
14858.611353080949	2000.0	1295.8501602460874	0.0	0	0.0	4154.461513327038	1	0	2	1.2793578978542133
15597.228025105564	2000.0	1483.3718210190127	0.0	0	0.0	4080.5998461245763	1	0	2	1.2872763070814113
16966.803484858163	3000.0	976.8388152911557	0.0	0	0.0	3943.6423001493185	1	0	2	1.2989435604711077
18485.400997627567	3000.0	306.38155124480954	0.0	0	0.0	3791.7825488723774	1	0	2	1.7195123565062398
19535.649223569322	3000.0	495.6259163690033	313.19764878193314	0	0.0	4031.275139938325	1	0	2	-0.1820143299093558
20417.13630827061	3000.0	614.1388316677167	0.0	0	0.0	4031.2751399383233	1	0	1	1.6994575790002138
20934.369345511237	3000.0	1045.1824907030255	0.0	0	0.0	3979.551836214261	1	0	2	1.5033898991197452
21430.1623387002	3000.0	1499.8101981951672	0.0	0	0.0	3929.9725368953623	1	0	2	1.7082554247981925
22264.666779723364	3000.0	1581.8553130696828	0.0	0	0.0	3846.5220927930386	1	0	2	1.7147025142653478
23349.07064032006	3000.0	1497.4514524729882	0.0	0	0.0	3846.5220927930386	1	0	1	1.717932883714742
24112.878943804768	2000.0	1657.2623186398073	0.0	0	0.0	3770.141262444562	1	0	2	0.7129537138076782
25208.740069056996	3000.0	1451.815080862358	0.0	0	0.0	3660.555149919339	1	0	2	1.3282963787199475
26308.09854818599	3000.0	1352.4566017333648	0.0	0	0.0	3660.555149919339	1	0	1	1.736529578002112
27223.108412516773	3000.0	1437.4467374025828	0.0	0	0.0	3660.555149919339	1	0	1	1.9365295780021121
28157.46642742132	3000.0	1503.0887224980356	0.0	0	0.0	3660.555149919339	1	0	1	1.9365295780021121
28698.20649929024	2000.0	1962.3486506291135	0.0	0	0.0	3660.555149919339	1	0	1	1.125599361785783
29539.96813740066	3000.0	2036.41084870765	0.0	0	0.0	3576.3789861082914	1	0	2	1.1372373622966871
30444.792819196675	2000.0	2041.1036987320358	0.0	0	0.0	3485.8965179286897	1	0	2	0.9407681594962497
31283.38427451122	3000.0	2118.6530978860374	0.0	0	0.0	3402.03737239723	1	0	2	1.354899863012236
32136.3622828078	3000.0	2180.377288759804	0.0	0	0.0	3316.739571567574	1	0	2	1.7684965713556018
33126.23058814877	3000.0	2190.508983418831	0.0	0	0.0	3316.739571567574	1	0	1	1.7709111358372884
34271.022531507966	3000.0	2045.7170400596333	0.0	0	0.0	3316.7395715675702	1	0	1	1.9709111358372888
35310.57162824764	3000.0	1902.2130336459845	0.0	0	0.0	3212.7846618935946	1	0	2	1.578921571570623
36483.80008777766	3000.0	1728.9845741159668	0.0	0	0.0	3212.7846618935946	1	0	1	1.7813066268046864
37495.4832142058	3000.0	1616.1331350450005	0.0	0	0.0	3111.6163492507767	1	0	2	1.5887894412587826
39073.93183853465	3000.0	879.8396482832646	0.0	0	0.0	2953.771486817888	1	0	2	1.8035042089164848
40159.541728631506	3000.0	685.6687691767224	0.0	0	0.0	2845.210497808206	1	0	2	1.8153961551243314
40907.517933550254	3000.0	862.8949437660988	0.0	0	0.0	2770.4128773163247	1	0	2	1.8236465232593098
41613.902614311475	3000.0	1156.5102630048823	0.0	0	0.0	2770.4128773163247	1	0	1	1.8255438052624133
42449.981391893234	3000.0	1320.4314854231193	0.0	0	0.0	2770.4128773163175	1	0	1	2.0255438052624144
43086.55974134679	3000.0	1683.853135969556	0.0	0	0.0	2770.4128773163175	1	0	1	2.0255438052624144
43654.15788351411	3000.0	2116.2549938022275	0.0	0	0.0	2770.41287731631	1	0	1	2.025543805262415
44200.0	3000.0	2570.412877316334	0.0	0	26.863219571045192	2770.41287731631	1	0	1	2.025543805262415
45200.0	3000.0	2570.4128773163307	0.0	0	360.79597546516015	2770.41287731631	1	0	1	2.025543805262415
46200.0	3000.0	2570.4128773163334	0.0	0	192.61628175255464	2770.4128773163175	1	0	1	2.0255438052624144
47200.0	3000.0	2470.412877316336	0.0	0	1.3149276290278067	2670.4128773163247	1	0	2	1.6332872499018958
48205.83717187826	3000.0	2464.57570543808	0.0	0	0.0	2670.4128773163247	1	0	1	1.8355438052624136
49200.0	3000.0	2370.9965945041636	0.0	0	39.94792742496793	2570.996594504155	1	0	2	1.642986398233016
50200.0	3000.0	2270.9965945041563	0.0	0	117.94168324632483	2470.9965945041477	1	0	2	1.8523831042917767
51200.0	3000.0	2270.996594504154	0.0	0	178.29617455028347	2470.9965945041477	1	0	1	1.855485433543631
52506.48581906174	3000.0	1964.5107754424128	0.0	0	0.0	2470.9965945041477	1	0	1	2.0554854335436312
53448.319032750354	3000.0	2022.6775617537955	0.0	0	0.0	2470.9965945041477	1	0	1	2.0554854335436312
54327.302663516384	3000.0	2143.693930987768	0.0	0	0.0	2470.996594504155	1	0	1	2.055485433543631
55261.050874554065	2000.0	2116.5708988463216	0.0	0	0.0	2377.6217734003876	1	0	2	0.8508852387435264
56377.63542111619	2000.0	1999.9863522842045	0.0	0	0.0	2377.6217734003876	1	0	1	1.4593578075458424
57533.61156198407	3000.0	1844.0102114163276	0.0	0	0.0	2377.6217734003876	1	0	1	1.6593578075458428
58880.79082071713	3000.0	1496.8309526832675	0.0	0	0.0	2377.6217734003803	1	0	1	2.064822915654008
59519.44333262643	3000.0	1858.1784407739674	0.0	0	0.0	2377.6217734003803	1	0	1	2.064822915654008
60567.6143141402	3000.0	1810.007459260204	0.0	0	0.0	2377.6217734003803	1	0	1	2.064822915654008
61620.25584567738	3000.0	1757.3659277230317	0.0	0	0.0	2377.6217734003803	1	0	1	2.064822915654008
62560.631258553105	3000.0	1816.990514847313	0.0	0	0.0	2377.6217734003803	1	0	1	2.064822915654008
63328.32236692688	3000.0	2049.2994064735367	0.0	0	0.0	2377.621773400373	1	0	1	2.064822915654009
64247.6621999221	3000.0	2129.959573478308	0.0	0	0.0	2377.621773400373	1	0	1	2.064822915654009
65219.01891764865	3000.0	2158.6028557517548	0.0	0	218.98731845065777	2377.621773400373	1	0	1	2.064822915654009
66299.75265491918	2000.0	2077.8691184812365	0.0	0	0.0	2377.6217734003803	1	0	1	1.253892699437679
67229.33281806551	2000.0	2148.2889553349173	0.0	0	0.0	2377.6217734003803	1	0	1	1.659357807545843
68201.74075011947	2000.0	2175.881023280949	0.0	0	185.2054662276787	2377.6217734003876	1	0	1	1.6593578075458428
69921.96632650032	3000.0	1283.6328892619836	0.0	0	0.0	2205.599215762253	1	0	2	1.2730642100657588
70921.59655158853	3000.0	1284.002664173773	0.0	0	0.0	2205.599215762253	1	0	1	1.8820251714178204
72042.3484256339	3000.0	1163.2507901284084	0.0	0	0.0	2205.599215762253	1	0	1	2.0820251714178206
72746.62207677308	2000.0	1458.9771389892342	0.0	0	0.0	2205.599215762253	1	0	1	1.2710949552014914
74007.01379977594	2000.0	1198.5854159863916	0.0	0	0.0	2205.599215762253	1	0	1	1.676560063309656
74921.45341901756	2000.0	1284.145796744781	0.0	0	0.0	2205.599215762253	1	0	1	1.676560063309656
75443.46194674827	2000.0	1762.137269014052	0.0	0	0.0	2205.599215762253	1	0	1	1.676560063309656
76482.06855610391	3000.0	1723.5306596584057	0.0	0	0.0	2205.5992157622677	1	0	1	1.6765600633096547
77543.66948349209	3000.0	1661.9297322702246	0.0	0	0.0	2205.5992157622677	1	0	1	2.0820251714178193
78493.96981381014	3000.0	1711.6294019521902	0.0	0	0.0	2205.5992157622677	1	0	1	2.0820251714178193
79632.7995157659	3000.0	1572.7996999964203	0.0	0	0.0	2205.5992157622677	1	0	1	2.0820251714178193
80266.5442516514	3000.0	1939.0549641109194	0.0	0	0.0	2205.5992157622677	1	0	1	2.0820251714178193
81200.0	3000.0	2005.5992157623095	0.0	0	73.76907738266164	2205.5992157622677	1	0	1	2.0820251714178193
82200.0	3000.0	2005.5992157623186	0.0	0	270.50240159474197	2205.5992157622677	1	0	1	2.0820251714178193
83200.0	3000.0	2005.599215762326	0.0	0	397.2192146547022	2205.5992157622677	1	0	1	2.0820251714178193
84200.0	3000.0	2005.5992157623332	0.0	0	195.50712167123856	2205.599215762253	1	0	1	2.0820251714178206
85200.0	3000.0	2005.5992157623266	0.0	0	26.720276282328996	2205.599215762253	1	0	1	2.0820251714178206
86200.0	3000.0	1905.599215762327	0.0	0	77.8245428440132	2105.599215762253	1	0	2	1.6886731306527312
87200.0	3000.0	1905.5992157623198	0.0	0	132.36182993932744	2105.599215762253	1	0	1	1.8920251714178205
88478.69825677855	3000.0	1499.0311333059087	0.0	0	0.0	1977.7293900843797	1	0	2	1.7017133063118826
89369.36636476974	3000.0	1608.3630253147326	0.0	0	0.0	1977.7293900843797	1	0	1	1.904812153985608
90297.81469087538	3000.0	1679.9146992090841	0.0	0	0.0	1977.7293900843797	1	0	1	2.104812153985608
91200.0	3000.0	1777.7293900844627	0.0	0	106.2529590617196	1977.7293900843797	1	0	1	2.104812153985608
92200.0	3000.0	1777.7293900844722	0.0	0	108.87175932714308	1977.7293900843797	1	0	1	2.104812153985608
93200.0	3000.0	1777.7293900844666	0.0	0	109.31420425559918	1977.7293900843797	1	0	1	2.104812153985608
94200.0	3000.0	1777.7293900844672	0.0	0	8.380672373226844	1977.7293900843651	1	0	1	2.1048121539856095
95200.0	3000.0	1777.729390084461	0.0	0	19.81295612877875	1977.7293900843651	1	0	1	2.1048121539856095
96200.0	3000.0	1777.7293900844581	0.0	0	292.5761559251114	1977.7293900843506	1	0	1	2.104812153985611
97200.0	3000.0	1777.7293900844554	0.0	0	535.5305263280316	1977.7293900843506	1	0	1	2.104812153985611
98200.0	3000.0	1777.7293900844595	0.0	0	170.65476763302286	1977.7293900843651	1	0	1	2.1048121539856095
99200.0	3000.0	1777.7293900844531	0.0	0	391.3634389030194	1977.7293900843651	1	0	1	2.1048121539856095
100247.20039725296	3000.0	1730.5289928314792	0.0	0	0.0	1977.7293900843651	1	0	1	2.1048121539856095
101200.0	2000.0	1777.7293900844368	0.0	0	120.54839502368122	1977.7293900843797	1	0	1	1.293881937769279
102435.87661321797	2000.0	1541.8527768664821	0.0	0	0.0	1977.7293900843797	1	0	1	1.6993470458774436
103212.61120065265	2000.0	1765.1181894317986	0.0	0	0.0	1977.7293900843651	1	0	1	1.699347045877445
104200.0	2000.0	1777.7293900844556	0.0	0	126.59839592382195	1977.7293900843651	1	0	1	1.699347045877445
105360.63474366535	2000.0	1617.0946464191002	0.0	0	0.0	1977.7293900843797	1	0	1	1.6993470458774436
106550.96677352859	3000.0	1426.762616555842	0.0	0	0.0	1977.7293900843651	1	0	1	1.699347045877445
107741.73366650681	3000.0	1235.995723577628	0.0	0	0.0	1977.7293900843651	1	0	1	2.1048121539856095
108395.51942818087	3000.0	1516.8313857361761	0.0	0	0.0	1912.3508139169862	1	0	2	1.7098132665480505
109200.0	3000.0	1712.3508139170601	0.0	0	181.04494998521113	1912.3508139169862	1	0	1	1.9113500116023474
110200.0	3000.0	1712.350813917062	0.0	0	378.23216266426607	1912.3508139169862	1	0	1	2.1113500116023474
111200.0	3000.0	1712.3508139170633	0.0	0	261.58055222890107	1912.3508139169862	1	0	1	2.1113500116023474
112292.10279862257	3000.0	1620.2480152944988	0.0	0	0.0	1912.3508139169862	1	0	1	2.1113500116023474
113200.0	3000.0	1712.3508139170551	0.0	0	186.21753242645354	1912.3508139169862	1	0	1	2.1113500116023474
114200.0	3000.0	1712.3508139170542	0.0	0	367.77709960409265	1912.3508139169862	1	0	1	2.1113500116023474
115200.0	2000.0	1712.35081391705	0.0	0	550.616436790151	1912.3508139169862	1	0	1	1.300419795386018
116200.0	3000.0	1712.350813917047	0.0	0	63.70922389051702	1912.3508139169717	1	0	1	1.7058849034941843
117200.0	3000.0	1712.3508139170403	0.0	0	111.73250017488317	1912.3508139169571	1	0	1	2.1113500116023505
118200.0	3000.0	1712.3508139170242	0.0	0	309.57344737488893	1912.3508139169571	1	0	1	2.1113500116023505
119200.0	3000.0	1712.3508139170308	0.0	0	175.21623655082658	1912.3508139169571	1	0	1	2.1113500116023505
120200.0	3000.0	1712.3508139170424	0.0	0	485.1896253177838	1912.3508139169571	1	0	1	2.1113500116023505
121200.0	2000.0	1712.3508139170494	0.0	0	248.93855304361205	1912.3508139169717	1	0	1	1.3004197953860195
122200.0	2000.0	1712.3508139170399	0.0	0	136.28278486058116	1912.3508139169571	1	0	1	1.7058849034941856
123200.0	2000.0	1712.350813917054	0.0	0	111.19968489417806	1912.3508139169571	1	0	1	1.7058849034941856
124200.0	2000.0	1712.3508139170592	0.0	0	271.74808160954854	1912.3508139169571	1	0	1	1.7058849034941856
125200.0	3000.0	1712.3508139170635	0.0	0	150.7422564538574	1912.3508139169717	1	0	1	1.7058849034941843
126200.0	3000.0	1712.3508139170601	0.0	0	321.07957757382246	1912.3508139169717	1	0	1	2.111350011602349
127200.0	3000.0	1712.3508139170592	0.0	0	76.80962983967038	1912.3508139169862	1	0	1	2.1113500116023474
128392.1582545522	3000.0	1520.1925593648666	0.0	0	0.0	1912.3508139169862	1	0	1	2.1113500116023474
129657.19200714091	3000.0	1255.1588067761404	0.0	0	0.0	1912.3508139169862	1	0	1	2.1113500116023474
130549.05097360838	2000.0	1363.2998403086601	0.0	0	0.0	1912.3508139169862	1	0	1	1.300419795386018
131445.85436585767	2000.0	1466.4964480593642	0.0	0	0.0	1912.3508139169862	1	0	1	1.7058849034941819
132200.0	2000.0	1712.350813917006	0.0	0	0.02623456239234656	1912.3508139169571	1	0	1	1.7058849034941836
133200.0	2000.0	1712.3508139170488	0.0	0	395.3992908084474	1912.3508139170008	1	0	1	1.705884903494182
134200.0	1000.0	1712.35081391707	0.0	0	581.0777689967654	1912.3508139170299	1	0	1	0.3195905423742881
135282.47177611812	2000.0	1629.8790377989342	0.0	0	0.0	1912.3508139170299	1	0	1	1.0127377229342331
136291.90592731	2000.0	1620.4448866070468	0.0	0	0.0	1912.3508139170008	1	0	1	1.7058849034941812
137318.32019335098	3000.0	1594.0306205660872	0.0	0	0.0	1912.3508139170008	1	0	1	1.7058849034941814
138200.0	3000.0	1712.3508139171004	0.0	0	243.51112342448323	1912.3508139170008	1	0	1	2.111350011602346
139200.0	3000.0	1712.3508139171097	0.0	0	381.2392588373041	1912.3508139170008	1	0	1	2.111350011602346
140219.23038308002	3000.0	1693.120430837069	0.0	0	0.0	1912.3508139170008	1	0	1	2.111350011602346
141200.0	2000.0	1712.3508139170538	0.0	0	29.76117958960822	1912.3508139170008	1	0	1	1.3004197953860166
142595.6424249637	2000.0	1316.7083889533205	0.0	0	0.0	1912.3508139170008	1	0	1	1.7058849034941812
143646.7270187859	2000.0	1265.6237951311418	0.0	0	0.0	1912.3508139170008	1	0	1	1.7058849034941812
144419.96247850274	3000.0	1492.3883354142918	0.0	0	0.0	1912.3508139170008	1	0	1	1.7058849034941814
145200.0	3000.0	1712.3508139170162	0.0	0	106.53513367424603	1912.3508139170008	1	0	1	2.111350011602346
146228.36655195386	3000.0	1683.984261963175	0.0	0	0.0	1912.3508139170299	1	0	1	2.111350011602343
147799.57225609611	3000.0	1112.7785578209364	0.0	0	0.0	1912.3508139170299	1	0	1	2.111350011602343
148697.9855678535	3000.0	1214.3652460635592	0.0	0	0.0	1912.3508139170299	1	0	1	2.111350011602343
149387.65670726856	3000.0	1524.6941066484933	0.0	0	0.0	1912.350813917059	1	0	1	2.1113500116023403
150377.97388416645	3000.0	1534.3769297505823	0.0	0	0.0	1912.350813917059	1	0	1	2.1113500116023403
151200.0	3000.0	1712.350813917031	0.0	0	87.02340009386535	1912.350813917059	1	0	1	2.1113500116023403
152200.0	3000.0	1712.3508139170124	0.0	0	284.6548715570534	1912.350813917059	1	0	1	2.1113500116023403
153200.0	3000.0	1712.3508139170115	0.0	0	19.78078874963103	1912.350813917059	1	0	1	2.1113500116023403
154200.0	3000.0	1712.3508139170078	0.0	0	125.21931127540302	1912.350813917059	1	0	1	2.1113500116023403
155200.0	3000.0	1712.3508139170547	0.0	0	46.17624800754129	1912.3508139171172	1	0	1	2.1113500116023354
156200.0	2000.0	1712.3508139170847	0.0	0	310.8048780129757	1912.3508139171463	1	0	1	1.3004197953860022
157578.26451913005	2000.0	1334.086294787005	0.0	0	0.0	1912.3508139171463	1	0	1	1.7058849034941668
158691.09854773595	2000.0	1221.2522661811022	0.0	0	0.0	1912.3508139171463	1	0	1	1.7058849034941668
159343.88862199677	2000.0	1568.4621919202725	0.0	0	0.0	1912.3508139171463	1	0	1	1.7058849034941668
160200.0	3000.0	1712.3508139170508	0.0	0	5.97794675998739	1912.3508139171754	1	0	1	1.7058849034941646
161200.0	3000.0	1712.3508139170501	0.0	0	151.61911079532	1912.3508139171463	1	0	1	2.1113500116023314
162200.0	2000.0	1712.350813917044	0.0	0	498.550247653533	1912.3508139171463	1	0	1	1.3004197953860022
163200.0	2000.0	1712.3508139170528	0.0	0	33.779186696134275	1912.3508139171172	1	0	1	1.7058849034941694
164200.0	2000.0	1712.3508139170742	0.0	0	138.59665174552356	1912.3508139171172	1	0	1	1.7058849034941694
165200.0	2000.0	1712.3508139170683	0.0	0	333.2255347761384	1912.3508139171172	1	0	1	1.7058849034941694
166625.572347498	3000.0	1286.7784664190524	0.0	0	0.0	1912.3508139171172	1	0	1	1.7058849034941697
167972.19822747167	3000.0	940.1525864453723	0.0	0	0.0	1912.350813917088	1	0	1	2.111350011602337
168809.33841905277	3000.0	1103.0123948642818	0.0	0	0.0	1912.350813917088	1	0	1	2.111350011602337
169626.64671681495	3000.0	1285.7040971021106	0.0	0	0.0	1912.350813917088	1	0	1	2.111350011602337
170345.4112844745	3000.0	1566.9395294425656	0.0	0	0.0	1912.350813917088	1	0	1	2.111350011602337
171200.0	2000.0	1712.3508139170476	0.0	0	392.70073955497355	1912.350813917088	1	0	1	1.300419795386008
172506.255926009	2000.0	1406.0948879080663	0.0	0	0.0	1912.3508139171172	1	0	1	1.7058849034941694
173383.71488356908	2000.0	1528.6359303479771	0.0	0	0.0	1912.350813917088	1	0	1	1.7058849034941725
174200.0	2000.0	1712.3508139170704	0.0	0	68.29664322879398	1912.350813917088	1	0	1	1.7058849034941725
175386.56692107688	3000.0	1525.783892840217	0.0	0	0.0	1912.350813917088	1	0	1	1.7058849034941728
176545.05457569333	3000.0	1251.4474727621139	0.0	0	0.0	1796.5020484554407	1	0	2	1.7204413605291822
177415.4636541398	3000.0	1381.0383943156357	0.0	0	0.0	1796.5020484554407	1	0	1	1.922934888148502
178421.2335137987	3000.0	1375.268534656744	0.0	0	0.0	1796.5020484554407	1	0	1	2.122934888148502
179717.8432706697	3000.0	1078.6587777857449	0.0	0	0.0	1796.5020484554116	1	0	1	2.122934888148505
180563.3746527197	3000.0	1148.5742575307395	0.0	0	0.0	1711.9489102503867	1	0	2	1.729277982899883
181490.89343436388	3000.0	1221.0554758865837	0.0	0	0.0	1711.9489102503867	1	0	1	1.9313902019690072
182430.0732906547	2000.0	1281.8756195957587	0.0	0	0.0	1711.9489102503867	1	0	1	1.3204599857526782
183200.0	2000.0	1511.9489102504394	0.0	0	130.4115854636766	1711.9489102504158	1	0	1	1.7259250938608397
184327.25527379202	2000.0	1384.6936364584112	0.0	0	0.0	1711.9489102504158	1	0	1	1.7259250938608397
185200.0	2000.0	1511.9489102504451	0.0	0	150.88712509640027	1711.9489102504158	1	0	1	1.7259250938608397
186200.0	2000.0	1511.9489102504456	0.0	0	363.1400805262674	1711.9489102504158	1	0	1	1.7259250938608397
187200.0	3000.0	1511.9489102504244	0.0	0	144.30782736552646	1711.9489102504158	1	0	1	1.72592509386084
188624.92744689411	3000.0	1087.021463356286	0.0	0	0.0	1711.9489102504158	1	0	1	2.1313902019690047
189318.4143857674	3000.0	1393.53452448303	0.0	0	0.0	1711.9489102504158	1	0	1	2.1313902019690047
190200.0	3000.0	1511.9489102504244	0.0	0	190.8466094005853	1711.9489102504158	1	0	1	2.1313902019690047
191200.0	3000.0	1511.948910250421	0.0	0	155.65682823071256	1711.948910250445	1	0	1	2.1313902019690034
192200.0	3000.0	1511.9489102504358	0.0	0	386.63069512473885	1711.948910250445	1	0	1	2.1313902019690016
193200.0	3000.0	1511.9489102504265	0.0	0	528.5488616052025	1711.948910250445	1	0	1	2.1313902019690016
194200.0	3000.0	1511.948910250433	0.0	0	431.81759496507584	1711.948910250445	1	0	1	2.1313902019690016
195497.9467903069	3000.0	1084.2074409128752	0.0	0	0.0	1582.1542312197562	1	0	2	1.7397180926712836
196560.66686562222	3000.0	1021.4873655975454	0.0	0	0.0	1582.1542312197853	1	0	1	1.9443696698720676
197596.43323165367	3000.0	985.7209995660825	0.0	0	0.0	1582.1542312197853	1	0	1	2.144369669872068
198689.04496277426	3000.0	893.1092684455048	0.0	0	0.0	1582.1542312197853	1	0	1	2.144369669872068
199698.46154235437	3000.0	883.6926888653912	0.0	0	0.0	1582.1542312198144	1	0	1	2.1443696698720647
201117.43370602303	3000.0	464.7205251967572	0.0	0	0.0	1582.1542312198144	1	0	1	2.1443696698720647
201892.47840792983	3000.0	689.6758232899851	0.0	0	0.0	1582.1542312198144	1	0	1	2.1443696698720647
202528.83222490497	3000.0	1053.3220063148547	0.0	0	0.0	1582.1542312198144	1	0	1	2.1443696698720647
203351.21208076976	2000.0	1230.9421504500654	0.0	0	0.0	1582.1542312198435	1	0	1	1.3334394536557324
204200.0	2000.0	1382.1542312198796	0.0	0	206.15694326674566	1582.1542312198435	1	0	1	1.738904561763897
205598.69818618931	3000.0	983.4560450305721	0.0	0	0.0	1582.1542312198435	1	0	1	1.7389045617638972
206461.18868718512	2000.0	1120.9655440347879	0.0	0	0.0	1582.1542312198435	1	0	1	1.3334394536557324
207200.0	2000.0	1382.1542312199153	0.0	0	15.173238518735161	1582.1542312198435	1	0	1	1.738904561763897
208200.0	2000.0	1382.15423121992	0.0	0	312.1781791825779	1582.1542312198726	1	0	1	1.738904561763894
209221.24988732077	3000.0	1360.9043438991343	0.0	0	0.0	1582.1542312198435	1	0	1	1.7389045617638959
210200.0	2000.0	1382.1542312199003	0.0	0	424.6558424233808	1582.1542312198726	1	0	1	1.3334394536557295
211200.0	2000.0	1382.1542312198917	0.0	0	329.6204408495687	1582.1542312198726	1	0	1	1.738904561763894
212200.0	2000.0	1382.154231219903	0.0	0	207.48202547852998	1582.1542312198435	1	0	1	1.7389045617638952
213200.0	2000.0	1382.1542312199424	0.0	0	321.5129560838395	1582.1542312198726	1	0	1	1.738904561763894
214200.0	2000.0	1382.1542312199358	0.0	0	363.5421864858654	1582.1542312198726	1	0	1	1.738904561763894
215412.6064135867	2000.0	1169.5478176332094	0.0	0	0.0	1582.1542312198726	1	0	1	1.738904561763894
216200.0	1000.0	1382.1542312199167	0.0	0	321.1747432239936	1582.1542312198726	1	0	1	0.3526102006440037
217200.0	1000.0	1382.154231219953	0.0	0	453.9550205383275	1582.1542312198726	1	0	1	1.045757381203949
218286.61802555012	2000.0	1295.5362056698368	0.0	0	0.0	1582.1542312199017	1	0	1	1.045757381203946
219229.668897155	2000.0	1352.4853340649488	0.0	0	0.0	1582.1542312199017	1	0	1	1.7389045617638912
220214.33643663136	3000.0	1367.8177945885714	0.0	0	0.0	1582.1542312198726	1	0	1	1.7389045617638943
221200.0	2000.0	1382.1542312199374	0.0	0	514.2904542852484	1582.1542312198726	1	0	1	1.3334394536557295
222200.0	2000.0	1382.1542312199385	0.0	0	233.9235480760981	1582.1542312198726	1	0	1	1.738904561763894
223200.0	2000.0	1382.1542312199683	0.0	0	69.7664544735162	1582.1542312198726	1	0	1	1.738904561763894
224561.6198304032	3000.0	1020.5344008168021	0.0	0	0.0	1582.1542312198726	1	0	1	1.7389045617638943
225200.0	2000.0	1382.1542312199906	0.0	0	82.65929816348944	1582.1542312198435	1	0	1	1.3334394536557324
226200.0	2000.0	1382.1542312200152	0.0	0	443.95045310028945	1582.1542312198435	1	0	1	1.738904561763897
227313.38604767714	3000.0	1268.7681835428943	0.0	0	0.0	1582.1542312198144	1	0	1	1.7389045617638996
228417.9254420468	3000.0	1164.2287891732199	0.0	0	0.0	1582.1542312197853	1	0	1	2.1443696698720673
229205.05765667724	3000.0	1377.0965745428177	0.0	0	0.0	1582.1542312197853	1	0	1	2.144369669872068
230200.0	3000.0	1382.1542312200245	0.0	0	375.0564462548937	1582.1542312197853	1	0	1	2.144369669872068
231200.0	3000.0	1382.1542312200181	0.0	0	330.42997040681075	1582.1542312197562	1	0	1	2.1443696698720687
232200.0	3000.0	1382.154231220034	0.0	0	594.5525559890375	1582.1542312197562	1	0	1	2.1443696698720704
233200.0	3000.0	1382.1542312200518	0.0	0	186.02888507244643	1582.1542312197853	1	0	1	2.1443696698720696
234200.0	3000.0	1382.1542312200595	0.0	0	56.922345285478514	1582.1542312198144	1	0	1	2.144369669872066
235235.30929273527	3000.0	1346.8449384847672	0.0	0	0.0	1582.1542312197853	1	0	1	2.144369669872068
236235.68685395393	3000.0	1346.4673772660951	0.0	0	0.0	1582.1542312197853	1	0	1	2.144369669872068
237556.14384612537	3000.0	1026.01038509463	0.0	0	0.0	1582.1542312197853	1	0	1	2.144369669872068
238516.36807158188	3000.0	1065.7861596381229	0.0	0	0.0	1582.1542312197853	1	0	1	2.144369669872068
239200.0	3000.0	1382.1542312199779	0.0	0	54.63313341146568	1582.1542312197853	1	0	1	2.144369669872068
240288.17291622222	3000.0	1293.9813149977574	0.0	0	0.0	1582.1542312197853	1	0	1	2.1443696698720673
241267.79055679927	3000.0	1314.3636744206867	0.0	0	0.0	1582.1542312197853	1	0	1	2.144369669872068
242200.0	3000.0	1382.1542312199645	0.0	0	322.8967136273859	1582.1542312197853	1	0	1	2.144369669872068
243459.0652947777	3000.0	1123.088936442246	0.0	0	0.0	1582.1542312197853	1	0	1	2.144369669872068
244367.1181654392	3000.0	1215.0360657807669	0.0	0	0.0	1582.1542312197853	1	0	1	2.144369669872068
245210.24234156345	3000.0	1371.9118896565135	0.0	0	0.0	1582.1542312198144	1	0	1	2.144369669872065
246200.0	3000.0	1382.1542312199263	0.0	0	314.38932560247486	1582.1542312197853	1	0	1	2.144369669872066
247200.0	3000.0	1382.1542312199263	0.0	0	374.80718609681935	1582.1542312198144	1	0	1	2.1443696698720647
248200.0	3000.0	1382.15423121992	0.0	0	357.36756196201895	1582.1542312197853	1	0	1	2.144369669872068
249259.10711394373	3000.0	1323.047117276212	0.0	0	0.0	1582.1542312197853	1	0	1	2.144369669872068
250200.0	2000.0	1382.1542312199235	0.0	0	73.16580567680649	1582.1542312197562	1	0	1	1.333439453655741
251473.94631961806	2000.0	1108.2079116018745	0.0	0	0.0	1582.1542312197853	1	0	1	1.738904561763903
252694.16113152477	2000.0	887.9930996951489	0.0	0	0.0	1582.1542312197853	1	0	1	1.738904561763903
254287.65439762326	2000.0	294.49983359664293	0.0	0	0.0	1582.1542312197853	1	0	1	1.738904561763903
255357.33761532875	2000.0	581.146073338205	356.3294574470774	0	0.0	1938.48368866698	1	0	1	-0.4347051286632812
256498.9019395726	3000.0	451.8388356086057	12.257086514212645	0	0.0	1950.7407751811843	1	0	1	1.6285033882824873
257156.61243563035	3000.0	794.1283395508148	0.0	0	0.0	1950.7407751811843	1	0	1	2.107511015475928
257744.09606732323	3000.0	1206.64470785795	0.0	0	0.0	1950.7407751812134	1	0	1	2.1075110154759247
258555.4534300671	3000.0	1395.2873451140822	0.0	0	0.0	1950.7407751812425	1	0	1	2.107511015475922
259449.687542961	3000.0	1501.0532322202018	0.0	0	0.0	1950.7407751812716	1	0	1	2.107511015475919
260200.0	3000.0	1750.7407751811957	0.0	0	6.199190664105117	1950.7407751812716	1	0	1	2.1075110154759185
261249.9703142029	3000.0	1700.7704609783427	0.0	0	0.0	1950.7407751812716	1	0	1	2.107511015475919
262200.0	3000.0	1750.7407751812111	0.0	0	329.20746885827975	1950.7407751812716	1	0	1	2.107511015475919
263282.013435604	3000.0	1668.727339577275	0.0	0	0.0	1950.7407751813298	1	0	1	2.1075110154759167
264257.81374318944	3000.0	1692.9270319918503	0.0	0	0.0	1950.7407751813298	1	0	1	2.1075110154759127
265200.0	3000.0	1750.740775181204	0.0	0	60.942116053483915	1950.7407751812134	1	0	1	2.1075110154759225
266374.75325775525	3000.0	1575.9875174259862	0.0	0	0.0	1950.7407751811552	1	0	1	2.1075110154759304
267200.0	3000.0	1750.7407751812239	0.0	0	31.52371099992888	1950.7407751811552	1	0	1	2.1075110154759304
268200.0	3000.0	1750.7407751812357	0.0	0	418.7545806148555	1950.7407751811552	1	0	1	2.1075110154759304
269200.0	3000.0	1750.740775181275	0.0	0	129.84713312610984	1950.7407751811552	1	0	1	2.1075110154759304
270200.0	3000.0	1750.7407751812275	0.0	0	259.89958622364793	1950.7407751812134	1	0	1	2.1075110154759282
271397.41394137195	3000.0	1553.3268338092741	0.0	0	0.0	1950.7407751812134	1	0	1	2.1075110154759247
272463.3890538293	3000.0	1487.3517213520065	0.0	0	0.0	1950.7407751812716	1	0	1	2.1075110154759202
273543.5688408818	3000.0	1407.1719342994713	0.0	0	0.0	1950.7407751813298	1	0	1	2.107511015475913
274285.95416621043	3000.0	1664.786608970878	0.0	0	0.0	1950.7407751813298	1	0	1	2.107511015475913
275200.0	3000.0	1750.7407751813475	0.0	0	15.404503995086998	1950.7407751813298	1	0	1	2.107511015475913
276200.0	3000.0	1750.740775181357	0.0	0	342.0859363710624	1950.7407751813298	1	0	1	2.107511015475913
277256.637700671	3000.0	1694.1030745103708	0.0	0	0.0	1950.7407751813298	1	0	1	2.107511015475913
278200.0	1000.0	1750.7407751813366	0.0	0	547.970559142821	1950.7407751813298	1	0	1	-0.08971356186030663
279200.0	2000.0	1750.7407751812573	0.0	0	112.39894933969481	1950.7407751813298	1	0	1	1.0088987268078031
280337.21328484116	2000.0	1613.5274903400398	0.0	0	0.0	1950.7407751812716	1	0	1	1.702045907367754
281200.0	2000.0	1750.7407751812475	0.0	0	278.07803137844894	1950.7407751813298	1	0	1	1.7020459073677483
282200.0	2000.0	1750.7407751811934	0.0	0	155.46080743527273	1950.7407751812134	1	0	1	1.7020459073677563
283200.0	1000.0	1750.7407751811675	0.0	0	469.98337980225915	1950.7407751812134	1	0	1	0.3157515462478696
284583.4218891256	2000.0	1367.318886055559	0.0	0	0.0	1950.7407751812134	1	0	1	1.0088987268078147
285604.60424402374	3000.0	1346.1365311574132	0.0	0	0.0	1950.7407751812134	1	0	1	1.70204590736776
286272.07137484173	3000.0	1611.92268725763	0.0	0	0.0	1883.9940620994312	1	0	2	1.712774439745933
287200.0	3000.0	1683.994062099381	0.0	0	56.684625427937135	1883.994062099373	1	0	1	1.9141856867841087
288200.0	3000.0	1683.994062099373	0.0	0	148.90787373832427	1883.9940620993148	1	0	1	2.1141856867841113
289200.0	2000.0	1683.9940620993048	0.0	0	425.86875712592155	1883.9940620992566	1	0	1	1.303255470567791
290200.0	2000.0	1683.9940620993573	0.0	0	74.46043526433641	1883.9940620992566	1	0	1	1.7087205786759556
291200.0	1000.0	1683.994062099332	0.0	0	517.3744362866855	1883.9940620992566	1	0	1	0.32242621755606543
292413.5492810684	2000.0	1470.4447810309352	0.0	0	0.0	1883.9940620992566	1	0	1	1.0155733981160107
293468.6755571534	3000.0	1415.3185049459262	0.0	0	0.0	1883.9940620992566	1	0	1	1.7087205786759558
294257.55643917405	3000.0	1626.4376229252503	0.0	0	0.0	1883.9940620991983	1	0	1	2.1141856867841264
295265.5693568882	3000.0	1618.424705211164	0.0	0	0.0	1883.9940620993148	1	0	1	2.1141856867841184
296557.04771692253	3000.0	1326.946345176842	0.0	0	0.0	1883.9940620993148	1	0	1	2.114185686784115
297665.9490596031	3000.0	1218.0450024962402	0.0	0	0.0	1883.994062099373	1	0	1	2.1141856867841087
298550.0187869662	3000.0	1333.9752751331453	0.0	0	0.0	1883.994062099373	1	0	1	2.1141856867841087
299323.5513080781	3000.0	1560.442754021255	0.0	0	0.0	1883.9940620993148	1	0	1	2.114185686784115
300200.0	3000.0	1683.9940620993978	0.0	0	48.74108408356551	1883.9940620993148	1	0	1	2.114185686784115
3.66	3.36	1.62	1.6	2.29	2.73	3.9	3.87	1.77	3.06	3.1	2.72	2.17	2.35	3.68	4.95	5.05	1.99	2.25	2.95	3.29	2.5	3.83	4.44	3.23	2.66	3.04	2.77	3.14	2.13	2.43	3.5	2.88	2.22	3.34	4.16	4.32	5.25	5.61	5.51	4.15	2.22	2.86	2.93	3.49	3.88	2.24	3.52	4.12	2.92	1.91	2.54	2.13	2.65	3.88	3.89	3.83	2.85	3.93	4.65	1.56	2.65	2.72	1.19	2.32	3.51	3.43	3.41	2.06	1.89	3.17	3.45	2.73	3.23	3.09	4.15	5.51	6.12	4.7	3.59	4.38	2.83	2.88	3.02	4.23	3.42	3.43	3.92	2.79	3.01	3.98	4.98	4.84	5.73	3.87	3.15	2.51	1.81	2.39	1.74	1.46	2.49	3.29	4.26	5.37	3.89	3.21	4.02	3.8	3.63	3.35	3.3	3.78	4.39	5.02	3.29	3.34	2.49	1.99	3.56	4.0	3.95	3.02	3.1	2.12	2.0	2.79	3.24	1.95	1.61	1.63	2.94	4.07	5.07	3.5	2.55	2.4	1.39	2.09	3.31	4.41	2.34	2.18	2.8	3.49	4.73	5.31	4.34	3.74	2.44	3.66	3.36	1.62	1.6	2.29	2.73	3.9	3.87	1.77	3.06	3.1	2.72	2.17	2.35	3.68	4.95	5.05	1.99	2.25	2.95	3.29	2.5	3.83	4.44	3.23	2.66	3.04	2.77	3.14	2.13	2.43	3.5	2.88	2.22	3.34	4.16	4.32	5.25	5.61	5.51	4.15	2.22	2.86	2.93	3.49	3.88	2.24	3.52	4.12	2.92	1.91	2.54	2.13	2.65	3.88	3.89	3.83	2.85	3.93	4.65	1.56	2.65	2.72	1.19	2.32	3.51	3.43	3.41	2.06	1.89	3.17	3.45	2.73	3.23	3.09	4.15	5.51	6.12	4.7	3.59	4.38	2.83	2.88	3.02	4.23	3.42	3.43	3.92	2.79	3.01	3.98	4.98	4.84	5.73	3.87	3.15	2.51	1.81	2.39	1.74	1.46	2.49	3.29	4.26	5.37	3.89	3.21	4.02	3.8	3.63	3.35	3.3	3.78	4.39	5.02	3.29	3.34	2.49	1.99	3.56	4.0	3.95	3.02	3.1	2.12	2.0	2.79	3.24	1.95	1.61	1.63	2.94	4.07	5.07	3.5	2.55	2.4	1.39	2.09	3.31	4.41	2.34	2.18	2.8	3.49	4.73	5.31	4.34	3.74	2.44
1.0	2.0	3.0	4.0	5.0	6.0	7.0	8.0	9.0	10.0	11.0	12.0	13.0	14.0	15.0	16.0	17.0	18.0	19.0	20.0	21.0	22.0	23.0	24.0	25.0	26.0	27.0	28.0	29.0	30.0	31.0	32.0	33.0	34.0	35.0	36.0	37.0	38.0	39.0	40.0	41.0	42.0	43.0	44.0	45.0	46.0	47.0	48.0	49.0	50.0	51.0	52.0	53.0	54.0	55.0	56.0	57.0	58.0	59.0	60.0	61.0	62.0	63.0	64.0	65.0	66.0	67.0	68.0	69.0	70.0	71.0	72.0	73.0	74.0	75.0	76.0	77.0	78.0	79.0	80.0	81.0	82.0	83.0	84.0	85.0	86.0	87.0	88.0	89.0	90.0	91.0	92.0	93.0	94.0	95.0	96.0	97.0	98.0	99.0	100.0	101.0	102.0	103.0	104.0	105.0	106.0	107.0	108.0	109.0	110.0	111.0	112.0	113.0	114.0	115.0	116.0	117.0	118.0	119.0	120.0	121.0	122.0	123.0	124.0	125.0	126.0	127.0	128.0	129.0	130.0	131.0	132.0	133.0	134.0	135.0	136.0	137.0	138.0	139.0	140.0	141.0	142.0	143.0	144.0	145.0	146.0	147.0	148.0	149.0	149.0	150.0	151.0	152.0	153.0	154.0	155.0	156.0	157.0	158.0	159.0	160.0	161.0	162.0	163.0	164.0	165.0	166.0	167.0	168.0	169.0	170.0	171.0	172.0	173.0	174.0	175.0	176.0	177.0	178.0	179.0	180.0	181.0	182.0	183.0	184.0	185.0	186.0	187.0	188.0	189.0	190.0	191.0	192.0	193.0	194.0	195.0	196.0	197.0	198.0	199.0	200.0	201.0	202.0	203.0	204.0	205.0	206.0	207.0	208.0	209.0	210.0	211.0	212.0	213.0	214.0	215.0	216.0	217.0	218.0	219.0	220.0	221.0	222.0	223.0	224.0	225.0	226.0	227.0	228.0	229.0	230.0	231.0	232.0	233.0	234.0	235.0	236.0	237.0	238.0	239.0	240.0	241.0	242.0	243.0	244.0	245.0	246.0	247.0	248.0	249.0	250.0	251.0	252.0	253.0	254.0	255.0	256.0	257.0	258.0	259.0	260.0	261.0	262.0	263.0	264.0	265.0	266.0	267.0	268.0	269.0	270.0	271.0	272.0	273.0	274.0	275.0	276.0	277.0	278.0	279.0	280.0	281.0	282.0	283.0	284.0	285.0	286.0	287.0	288.0	289.0	290.0	291.0	292.0	293.0	294.0	295.0	296.0	297.0	298.0	298.0
4881.965777184085
