4003.842157885168	300.0	2000.0	242.1233565348722	0	0.0	4003.842157885168	1	0	1	-1.8479481958624333
4935.092050440968	1000.0	1975.62511818862	0.0	0	0.0	3910.717168629588	1	0	2	-0.793164345743181
6252.317351253693	2000.0	1526.677287294621	0.0	0	0.0	3778.994638548315	1	0	2	0.6230831285974597
7942.684383937609	2000.0	667.2735513423146	0.0	0	0.0	3609.9579352799246	1	0	2	1.3316419542083215
8808.286251465168	1000.0	715.1114970619994	0.0	0	0.0	3523.397748527169	1	0	2	-0.04344138653465049
9237.60460074556	1000.0	1285.793147781606	0.0	0	0.0	3523.397748527167	1	0	1	0.6516330294732191
9856.56761752291	1000.0	1604.9338293265225	0.0	0	0.0	3461.501446849433	1	0	2	0.45583796698408274
10575.88548677716	1000.0	1813.6841731468458	0.0	0	0.0	3389.5696599240073	1	0	2	0.6632059361617442
11463.087671662886	1000.0	1837.7617697725454	0.0	0	0.0	3300.8494414354327	1	0	2	0.6717874592369091
12132.753492403677	1000.0	2101.1293669576744	0.0	0	0.0	3233.8828593613525	1	0	2	0.678709361511904
12754.685433945486	1000.0	2417.004231261689	0.0	0	0.0	3171.6896652071773	1	0	2	0.6850611104272761
13515.73791374078	1000.0	2579.846503486864	0.0	0	0.0	3095.5844172276466	1	0	2	0.692562648662273
14355.171764130808	1000.0	2740.412653096837	0.0	0	0.0	3095.5844172276466	1	0	1	0.6944143626031712
15205.978995775651	1000.0	2804.5246982875096	0.0	0	0.0	3010.5036940631617	1	0	2	0.500851330569756
16200.0	1000.0	2810.503694063161	0.0	0	303.26830755284027	3010.5036940631617	1	0	1	0.7029224349196197
17200.0	1000.0	2710.503694063161	0.0	0	558.693919410689	2910.5036940631635	1	0	2	0.5089520745954367
18200.0	1000.0	2610.5036940631626	0.0	0	361.21776698731264	2810.5036940631635	1	0	2	0.7189887141290765
19316.403810343923	1000.0	2382.4595026848465	0.0	0	0.0	2698.8633130287744	1	0	2	0.7312830256211642
20200.0	1000.0	2498.8633130287662	0.0	0	28.69084196967742	2698.8633130287744	1	0	1	0.7340864730230585
21267.377882207962	1000.0	2431.4854308208032	0.0	0	0.0	2698.8633130287744	1	0	1	0.9340864730230587
22381.319451528827	1000.0	2317.54386149994	0.0	0	0.0	2698.8633130287744	1	0	1	0.9340864730230587
23792.814894698087	1000.0	1764.8988740137536	0.0	0	0.0	2557.713768711852	1	0	2	0.5446120556662766
25005.02891844702	1000.0	1552.6848502648215	0.0	0	0.0	2557.713768711852	1	0	1	0.7482014274547508
25827.72460962752	1000.0	1647.7195899662709	0.0	0	0.0	2475.4441995937996	1	0	2	0.5544725108254939
26683.54401402109	1000.0	1791.9001855726974	0.0	0	0.0	2475.4441995937996	1	0	1	0.756428384366556
27692.640897817957	1000.0	1782.8033017758287	0.0	0	0.0	2475.4441995937996	1	0	1	0.9564283843665562
28577.710067006814	1000.0	1897.734132586971	0.0	0	0.0	2475.4441995937996	1	0	1	0.9564283843665562
29200.0	1000.0	2275.444199593781	0.0	0	88.24645317229442	2475.4441995937996	1	0	1	0.9564283843665562
30200.0	1000.0	2175.444199593781	0.0	0	305.24010118902515	2375.444199593803	1	0	2	0.5624937245077362
31200.0	1000.0	2075.444199593786	0.0	0	381.547690446223	2275.444199593807	1	0	2	0.7728227999628301
32200.0	1000.0	2075.4441995937864	0.0	0	441.19991437633144	2275.444199593807	1	0	1	0.7764283843665554
33200.0	1000.0	2075.444199593784	0.0	0	277.8633253301268	2275.444199593803	1	0	1	0.9764283843665555
34200.0	1000.0	2075.444199593775	0.0	0	466.16785266219813	2275.4441995937923	1	0	1	0.9764283843665567
35200.0	1000.0	2075.4441995937777	0.0	0	172.9895890806074	2275.4441995937887	1	0	1	0.976428384366557
36200.0	1000.0	2075.4441995937796	0.0	0	136.26882184707938	2275.444199593796	1	0	1	0.9764283843665567
37200.0	1000.0	2075.4441995937796	0.0	0	138.83999271524954	2275.444199593796	1	0	1	0.9764283843665567
38200.0	1000.0	1975.4441995937714	0.0	0	360.89686603980954	2175.444199593796	1	0	2	0.5826639699576117
39200.0	1000.0	1975.4441995937727	0.0	0	362.9046994474411	2175.444199593796	1	0	1	0.7864283843665565
40200.0	1000.0	1975.4441995937677	0.0	0	402.1760779414035	2175.444199593796	1	0	1	0.9864283843665567
41200.0	1000.0	1975.444199593771	0.0	0	261.4814872052593	2175.444199593796	1	0	1	0.9864283843665567
42200.0	1000.0	1875.4441995937723	0.0	0	309.33213502544095	2075.444199593803	1	0	2	0.5928071026045783
43200.0	1000.0	1875.444199593778	0.0	0	207.71661452815897	2075.444199593803	1	0	1	0.7964283843665556
44200.0	1000.0	1775.4441995937793	0.0	0	387.81583234144637	1975.444199593796	1	0	2	0.6027385443414539
45200.0	1000.0	1775.4441995937814	0.0	0	370.4449699502511	1975.4441995938032	1	0	1	0.8064283843665556
46200.0	1000.0	1775.4441995937852	0.0	0	385.4953126623004	1975.4441995938032	1	0	1	1.0064283843665558
47200.0	1000.0	1775.4441995937814	0.0	0	322.92656265197	1975.4441995938032	1	0	1	1.0064283843665558
48200.0	1000.0	1775.4441995937777	0.0	0	128.93034438761242	1975.444199593796	1	0	1	1.0064283843665567
49200.0	1000.0	1775.4441995937796	0.0	0	171.17654811857938	1975.444199593796	1	0	1	1.0064283843665567
50200.0	1000.0	1775.4441995937777	0.0	0	343.8155123877732	1975.444199593796	1	0	1	1.0064283843665567
51200.0	1000.0	1775.4441995937748	0.0	0	394.2038381032835	1975.4441995937887	1	0	1	1.0064283843665573
52200.0	1000.0	1775.444199593771	0.0	0	535.5461419270505	1975.4441995937887	1	0	1	1.0064283843665573
53200.0	1000.0	1775.4441995937816	0.0	0	388.0446201179002	1975.4441995937887	1	0	1	1.0064283843665573
54200.0	1000.0	1775.4441995937752	0.0	0	569.7667211397493	1975.4441995937814	1	0	1	1.006428384366558
55200.0	1000.0	1775.4441995937805	0.0	0	250.2420276688572	1975.4441995937814	1	0	1	1.006428384366558
56200.0	1000.0	1775.4441995937818	0.0	0	233.7718418615259	1975.4441995937887	1	0	1	1.0064283843665573
57200.0	1000.0	1675.4441995937811	0.0	0	7.799385211445042	1875.4441995937887	1	0	2	0.6135592751964263
58200.0	1000.0	1675.4441995937848	0.0	0	458.53248972303845	1875.4441995937887	1	0	1	0.8164283843665571
59200.0	1000.0	1675.4441995937887	0.0	0	169.57676416435424	1875.4441995937887	1	0	1	1.0164283843665571
60200.0	1000.0	1675.4441995937846	0.0	0	74.55680750736065	1875.4441995937887	1	0	1	1.0164283843665571
61200.0	1000.0	1675.4441995937784	0.0	0	21.510310359779396	1875.4441995937887	1	0	1	1.0164283843665571
62200.0	1000.0	1675.4441995937793	0.0	0	182.80300366906158	1875.4441995937887	1	0	1	1.0164283843665571
63458.88691503516	1000.0	1416.5572845586153	0.0	0	0.0	1875.4441995937814	1	0	1	1.016428384366558
64434.86345996249	1000.0	1440.580739631284	0.0	0	0.0	1875.4441995937814	1	0	1	1.016428384366558
65200.0	1000.0	1675.4441995937752	0.0	0	167.30609857244417	1875.4441995937887	1	0	1	1.0164283843665571
66200.0	1000.0	1675.4441995937668	0.0	0	390.68525725795917	1875.4441995937887	1	0	1	1.0164283843665571
67200.0	1000.0	1675.4441995937557	0.0	0	240.3518918354821	1875.444199593774	1	0	1	1.0164283843665578
69176.4853935234	2000.0	698.9588060703418	0.0	0	0.0	1875.4441995937668	1	0	1	1.0164283843665594
69808.15894043639	1000.0	1067.2852591573555	0.0	0	0.0	1875.4441995937668	1	0	1	0.3232812038066143
70474.66739869285	1000.0	1400.7768009008905	0.0	0	0.0	1875.4441995937668	1	0	1	1.0164283843665594
71200.0	1000.0	1675.4441995937464	0.0	0	299.6749897002737	1875.4441995937814	1	0	1	1.016428384366558
72200.0	1000.0	1675.4441995937568	0.0	0	545.8108239037538	1875.4441995937814	1	0	1	1.016428384366558
73200.0	1000.0	1675.4441995937493	0.0	0	381.10116409984767	1875.4441995937668	1	0	1	1.0164283843665594
74200.0	1000.0	1675.4441995937361	0.0	0	375.6652851796098	1875.4441995937668	1	0	1	1.0164283843665594
75200.0	1000.0	1675.4441995937511	0.0	0	295.14963808082393	1875.4441995937668	1	0	1	1.0164283843665594
76200.0	1000.0	1675.4441995937502	0.0	0	148.4481353476731	1875.4441995937523	1	0	1	1.016428384366561
77200.0	1000.0	1675.4441995937557	0.0	0	301.4640685207414	1875.4441995937523	1	0	1	1.016428384366561
78256.52434679461	1000.0	1618.919852799151	0.0	0	0.0	1875.4441995937523	1	0	1	1.016428384366561
79505.83813777068	1000.0	1369.6060618231008	0.0	0	0.0	1875.4441995937523	1	0	1	1.016428384366561
80200.0	1000.0	1675.444199593791	0.0	0	15.797924181548296	1875.4441995937523	1	0	1	1.016428384366561
81200.0	1000.0	1675.4441995937977	0.0	0	473.3435349504871	1875.4441995937523	1	0	1	1.016428384366561
82200.0	1000.0	1675.4441995938134	0.0	0	174.57295894583513	1875.4441995937523	1	0	1	1.016428384366561
83200.0	1000.0	1675.444199593805	0.0	0	480.28380345164624	1875.4441995937523	1	0	1	1.016428384366561
84200.0	1000.0	1675.4441995938098	0.0	0	324.46617117409187	1875.4441995937377	1	0	1	1.0164283843665625
85297.24341721207	1000.0	1578.2007823817344	0.0	0	0.0	1875.4441995937377	1	0	1	1.0164283843665625
86410.13674712305	1000.0	1465.3074524707583	0.0	0	0.0	1875.4441995937377	1	0	1	1.0164283843665625
87200.0	500.0	1675.4441995938178	0.0	0	345.6618340227724	1875.4441995937377	1	0	1	-0.36986597675332855
88200.0	500.0	1675.4441995938184	0.0	0	196.74418869130022	1875.4441995937377	1	0	1	0.32328120380661696
89200.0	1000.0	1675.4441995938028	0.0	0	113.02267391515488	1875.4441995937377	1	0	1	0.32328120380661707
90200.0	1000.0	1675.4441995938014	0.0	0	67.2758187193831	1875.4441995937377	1	0	1	1.0164283843665625
91200.0	1000.0	1675.4441995937975	0.0	0	199.34693163972406	1875.4441995937232	1	0	1	1.0164283843665638
92200.0	1000.0	1675.444199593776	0.0	0	319.2928563894093	1875.4441995937086	1	0	1	1.0164283843665654
93200.0	1000.0	1675.444199593778	0.0	0	481.9830910431192	1875.4441995937086	1	0	1	1.0164283843665654
94200.0	1000.0	1675.444199593778	0.0	0	239.31592368536803	1875.4441995937086	1	0	1	1.0164283843665654
95200.0	1000.0	1675.44419959378	0.0	0	344.0528956029011	1875.4441995937086	1	0	1	1.0164283843665654
96200.0	1000.0	1675.4441995937927	0.0	0	398.7332520389318	1875.4441995937086	1	0	1	1.0164283843665654
97268.08496573815	1000.0	1607.3592338556555	0.0	0	0.0	1875.4441995937086	1	0	1	1.0164283843665654
98646.5234497838	1000.0	1228.9207498100068	0.0	0	0.0	1875.4441995937086	1	0	1	1.0164283843665654
99681.42598319156	1000.0	1194.018216402249	0.0	0	0.0	1875.4441995937232	1	0	1	1.0164283843665638
100625.37961165757	1000.0	1250.064587936226	0.0	0	0.0	1875.4441995937086	1	0	1	1.0164283843665654
101518.12477416518	1000.0	1357.3194254286193	0.0	0	0.0	1875.4441995937086	1	0	1	1.0164283843665654
102247.54494602061	1000.0	1627.899253573164	0.0	0	0.0	1875.4441995937086	1	0	1	1.0164283843665654
103200.0	1000.0	1675.4441995937825	0.0	0	254.09145749165327	1875.4441995937086	1	0	1	1.0164283843665654
104200.0	1000.0	1675.4441995937857	0.0	0	369.1268681119109	1875.4441995937086	1	0	1	1.0164283843665654
105200.0	1000.0	1675.4441995937948	0.0	0	214.85999831753725	1875.4441995937086	1	0	1	1.0164283843665654
106200.0	1000.0	1675.4441995937864	0.0	0	541.309339217376	1875.4441995937086	1	0	1	1.0164283843665654
107200.0	1000.0	1675.444199593795	0.0	0	370.583920051562	1875.4441995937086	1	0	1	1.0164283843665654
108200.0	1000.0	1675.4441995937898	0.0	0	353.3359340717725	1875.4441995937086	1	0	1	1.0164283843665654
109200.0	1000.0	1675.4441995937957	0.0	0	222.13464181225572	1875.4441995937086	1	0	1	1.0164283843665654
110200.0	1000.0	1675.4441995938075	0.0	0	382.82637266852544	1875.4441995937086	1	0	1	1.0164283843665654
111200.0	1000.0	1675.4441995938078	0.0	0	281.8261142956035	1875.4441995937086	1	0	1	1.0164283843665654
112200.0	1000.0	1675.4441995938016	0.0	0	80.57824312981393	1875.4441995937086	1	0	1	1.0164283843665654
113200.0	1000.0	1675.444199593811	0.0	0	380.305272281199	1875.4441995937232	1	0	1	1.0164283843665638
114200.0	1000.0	1675.4441995938182	0.0	0	306.30038861662615	1875.4441995937232	1	0	1	1.0164283843665638
115200.0	1000.0	1675.444199593822	0.0	0	282.37763032155635	1875.4441995937086	1	0	1	1.0164283843665654
116200.0	1000.0	1675.444199593825	0.0	0	440.41796175172203	1875.4441995937086	1	0	1	1.0164283843665654
117200.0	1000.0	1675.444199593832	0.0	0	463.8387963866553	1875.4441995937086	1	0	1	1.0164283843665654
118200.0	1000.0	1675.4441995938328	0.0	0	411.82432172585686	1875.4441995937086	1	0	1	1.0164283843665654
119200.0	1000.0	1675.4441995938241	0.0	0	402.49061834605527	1875.4441995937086	1	0	1	1.0164283843665654
120200.0	1000.0	1675.4441995938116	0.0	0	358.4535972356098	1875.4441995937086	1	0	1	1.0164283843665654
121200.0	1000.0	1675.4441995938014	0.0	0	322.89700748793257	1875.4441995937086	1	0	1	1.0164283843665654
122200.0	1000.0	1675.4441995937914	0.0	0	220.6976660915534	1875.444199593694	1	0	1	1.016428384366567
123200.0	1000.0	1675.4441995938032	0.0	0	487.80483071495837	1875.444199593694	1	0	1	1.016428384366567
124200.0	1000.0	1675.4441995938187	0.0	0	227.4225816110702	1875.444199593694	1	0	1	1.016428384366567
125200.0	1000.0	1675.4441995938319	0.0	0	280.37162455356156	1875.444199593694	1	0	1	1.016428384366567
126200.0	1000.0	1675.4441995938225	0.0	0	283.26139181102917	1875.444199593694	1	0	1	1.016428384366567
127200.0	1000.0	1675.4441995938203	0.0	0	259.9007583268685	1875.444199593694	1	0	1	1.016428384366567
128200.0	1000.0	1675.4441995938253	0.0	0	571.5469560796773	1875.444199593694	1	0	1	1.016428384366567
129200.0	1000.0	1675.4441995938166	0.0	0	514.6080820401985	1875.444199593694	1	0	1	1.016428384366567
130200.0	1000.0	1675.4441995938143	0.0	0	419.8556739985215	1875.444199593694	1	0	1	1.016428384366567
131200.0	1000.0	1675.4441995937955	0.0	0	189.0862816596782	1875.4441995936795	1	0	1	1.0164283843665671
132200.0	1000.0	1675.4441995937614	0.0	0	239.43453898018925	1875.4441995936359	1	0	1	1.0164283843665711
133292.63957358294	1000.0	1582.8046260108347	0.0	0	0.0	1875.4441995936504	1	0	1	1.016428384366571
134200.0	1000.0	1675.4441995937607	0.0	0	185.34798360225977	1875.4441995936213	1	0	1	1.016428384366574
135200.0	1000.0	1675.4441995937666	0.0	0	157.69428220554255	1875.4441995936213	1	0	1	1.016428384366574
136200.0	1000.0	1675.4441995937614	0.0	0	127.07263485924341	1875.4441995936213	1	0	1	1.016428384366574
137200.0	1000.0	1675.4441995937345	0.0	0	110.28931283630664	1875.4441995936213	1	0	1	1.016428384366574
138200.0	1000.0	1675.4441995937696	0.0	0	372.3684465060942	1875.4441995936213	1	0	1	1.016428384366574
139200.0	1000.0	1675.4441995937773	0.0	0	482.18305120102013	1875.4441995936213	1	0	1	1.016428384366574
140200.0	1000.0	1675.4441995937646	0.0	0	346.8751776260906	1875.4441995936213	1	0	1	1.016428384366574
141200.0	1000.0	1575.4441995937484	0.0	0	278.8623594537494	1775.444199593534	1	0	2	0.6226422186510403
142200.0	1000.0	1575.4441995937623	0.0	0	160.41368443978718	1775.444199593563	1	0	1	0.8264283843665797
143200.0	1000.0	1575.444199593772	0.0	0	398.64193569193594	1775.444199593563	1	0	1	1.0264283843665798
144200.0	1000.0	1575.44419959374	0.0	0	290.91895358852344	1775.444199593563	1	0	1	1.0264283843665798
145200.0	1000.0	1575.444199593739	0.0	0	14.729145827848697	1775.444199593563	1	0	1	1.0264283843665798
146200.0	1000.0	1575.4441995937154	0.0	0	99.19577923504403	1775.444199593563	1	0	1	1.0264283843665798
147200.0	1000.0	1575.4441995937036	0.0	0	140.2891617489222	1775.444199593563	1	0	1	1.0264283843665798
148200.0	1000.0	1575.4441995936845	0.0	0	267.0774353072338	1775.444199593563	1	0	1	1.0264283843665798
149200.0	1000.0	1575.4441995936686	0.0	0	360.2075627221493	1775.444199593563	1	0	1	1.0264283843665798
150200.0	1000.0	1575.444199593658	0.0	0	408.2837450833176	1775.444199593563	1	0	1	1.0264283843665798
151200.0	1000.0	1575.44419959365	0.0	0	302.4462682210724	1775.444199593563	1	0	1	1.0264283843665798
152200.0	1000.0	1575.4441995936513	0.0	0	169.3673276489135	1775.444199593534	1	0	1	1.0264283843665827
153352.2092006725	1000.0	1423.234998921097	0.0	0	0.0	1775.444199593534	1	0	1	1.0264283843665827
154200.8443731851	1000.0	1574.5998264085072	0.0	0	0.0	1775.444199593534	1	0	1	1.0264283843665827
155200.0	1000.0	1575.4441995935622	0.0	0	431.25305019770167	1775.444199593505	1	0	1	1.0264283843665858
156200.0	1000.0	1575.4441995935458	0.0	0	287.846652566368	1775.444199593505	1	0	1	1.0264283843665858
157200.0	1000.0	1575.4441995935497	0.0	0	129.7942224346043	1775.444199593505	1	0	1	1.0264283843665858
158200.0	1000.0	1575.4441995935406	0.0	0	198.52455881086644	1775.444199593505	1	0	1	1.0264283843665858
159200.0	1000.0	1575.4441995935385	0.0	0	65.97322262701346	1775.444199593505	1	0	1	1.0264283843665858
160200.0	1000.0	1575.4441995935344	0.0	0	5.135945804795483	1775.444199593505	1	0	1	1.0264283843665858
161200.0	1000.0	1575.4441995935222	0.0	0	174.145603556477	1775.444199593505	1	0	1	1.0264283843665858
162200.0	1000.0	1575.4441995935254	0.0	0	37.78605056417291	1775.444199593505	1	0	1	1.0264283843665858
163200.0	1000.0	1575.444199593523	0.0	0	173.75060359426425	1775.444199593505	1	0	1	1.0264283843665858
164200.0	1000.0	1575.4441995935176	0.0	0	415.8189904545725	1775.444199593534	1	0	1	1.0264283843665827
165200.0	1000.0	1575.4441995935163	0.0	0	558.2506214577879	1775.444199593563	1	0	1	1.0264283843665798
166200.0	1000.0	1575.4441995934976	0.0	0	369.95786957634846	1775.444199593534	1	0	1	1.0264283843665827
167311.1414883368	1000.0	1464.3027112566876	0.0	0	0.0	1775.444199593534	1	0	1	1.0264283843665827
168200.0	1000.0	1575.444199593478	0.0	0	22.467711632692954	1775.444199593534	1	0	1	1.0264283843665827
169200.0	1000.0	1575.444199593458	0.0	0	106.0668844646134	1775.444199593534	1	0	1	1.0264283843665827
170315.88204506895	1000.0	1459.5621545244787	0.0	0	0.0	1775.444199593505	1	0	1	1.0264283843665858
171200.0	1000.0	1575.4441995934067	0.0	0	103.99059744615806	1775.4441995934758	1	0	1	1.0264283843665887
172327.88130162135	1000.0	1447.5628979720545	0.0	0	0.0	1775.4441995934758	1	0	1	1.0264283843665887
173534.44712161287	1000.0	1240.9970779805792	0.0	0	0.0	1775.4441995934758	1	0	1	1.0264283843665887
174303.90351654516	1000.0	1471.5406830482996	0.0	0	0.0	1775.4441995934467	1	0	1	1.0264283843665916
175200.0	1000.0	1575.4441995934337	0.0	0	74.74163455847884	1775.4441995934758	1	0	1	1.0264283843665887
176200.0	1000.0	1575.444199593405	0.0	0	209.19468580165994	1775.4441995934758	1	0	1	1.0264283843665887
177200.0	1000.0	1575.4441995933785	0.0	0	255.00352543839836	1775.4441995934758	1	0	1	1.0264283843665887
178200.0	1000.0	1575.4441995933985	0.0	0	342.5654271984531	1775.4441995934758	1	0	1	1.0264283843665887
179200.0	1000.0	1575.444199593395	0.0	0	474.9677001015516	1775.4441995934467	1	0	1	1.0264283843665916
180200.0	1000.0	1575.4441995934123	0.0	0	297.1992609812296	1775.4441995934467	1	0	1	1.0264283843665916
181200.0	1000.0	1575.4441995933987	0.0	0	421.8774447478063	1775.4441995934467	1	0	1	1.0264283843665916
182200.0	1000.0	1575.4441995933876	0.0	0	540.8502622845699	1775.4441995934467	1	0	1	1.0264283843665916
183200.0	1000.0	1575.4441995933767	0.0	0	132.8655595506425	1775.4441995934467	1	0	1	1.0264283843665916
184200.0	1000.0	1575.4441995933594	0.0	0	385.68899878743105	1775.4441995934467	1	0	1	1.0264283843665916
185200.0	1000.0	1575.4441995933669	0.0	0	243.45807083454565	1775.4441995934467	1	0	1	1.0264283843665916
186200.0	1000.0	1575.4441995933687	0.0	0	76.98753282843973	1775.4441995934467	1	0	1	1.0264283843665916
187222.40976576565	1000.0	1553.0344338277257	0.0	0	0.0	1775.4441995934467	1	0	1	1.0264283843665916
188200.0	1000.0	1575.4441995933757	0.0	0	111.0042562384333	1775.4441995934758	1	0	1	1.0264283843665887
189200.0	1000.0	1575.4441995933412	0.0	0	348.8195743749093	1775.444199593505	1	0	1	1.0264283843665862
190200.0	1000.0	1575.4441995933096	0.0	0	260.83331644779537	1775.444199593505	1	0	1	1.0264283843665858
191248.67189848702	2000.0	1526.7723011063033	0.0	0	0.0	1775.444199593505	1	0	1	1.0264283843665858
192200.0	1000.0	1575.444199593311	0.0	0	432.3536873109988	1775.4441995934758	1	0	1	0.33328120380664344
193200.0	1000.0	1575.4441995932916	0.0	0	161.55926956713665	1775.4441995934758	1	0	1	1.0264283843665887
194200.0	1000.0	1575.4441995933114	0.0	0	268.7241554581269	1775.4441995934758	1	0	1	1.0264283843665887
195200.0	1000.0	1575.4441995933	0.0	0	399.97494375833776	1775.4441995934467	1	0	1	1.0264283843665916
196200.0	1000.0	1575.4441995933169	0.0	0	96.04677837100462	1775.4441995934467	1	0	1	1.0264283843665916
197200.0	1000.0	1575.444199593324	0.0	0	173.53786643742933	1775.4441995934758	1	0	1	1.0264283843665887
198200.0	1000.0	1575.4441995933223	0.0	0	164.24774551930022	1775.4441995934758	1	0	1	1.0264283843665887
199200.0	1000.0	1575.4441995933182	0.0	0	286.84194110290264	1775.4441995934758	1	0	1	1.0264283843665887
200200.0	1000.0	1575.4441995933498	0.0	0	405.6059949082264	1775.4441995934758	1	0	1	1.0264283843665887
201200.0	1000.0	1575.444199593385	0.0	0	504.00875753114815	1775.4441995934758	1	0	1	1.0264283843665887
202200.0	1000.0	1575.4441995933955	0.0	0	367.81111343041994	1775.4441995934758	1	0	1	1.0264283843665887
203200.0	1000.0	1575.4441995933892	0.0	0	590.9305026105139	1775.4441995934758	1	0	1	1.0264283843665887
204200.0	1000.0	1575.4441995934294	0.0	0	357.14018265900086	1775.444199593505	1	0	1	1.0264283843665858
205200.0	1000.0	1575.4441995934505	0.0	0	137.02657576245838	1775.4441995934758	1	0	1	1.0264283843665887
206200.0	1000.0	1575.4441995934515	0.0	0	305.6584993475408	1775.444199593505	1	0	1	1.0264283843665862
207200.0	1000.0	1575.444199593441	0.0	0	322.9385814804118	1775.4441995934758	1	0	1	1.0264283843665887
208249.236722083	1000.0	1526.2074775104834	0.0	0	107.59680867259158	1775.4441995934758	1	0	1	1.0264283843665887
209200.0	1000.0	1480.367871801786	0.0	0	55.03022831911221	1680.3678718017472	1	0	2	0.6335247959888812
210517.26520638922	1000.0	1163.1026654125626	0.0	0	0.0	1680.3678718017763	1	0	1	0.8359360171457584
211275.439086429	1000.0	1404.9287853727915	0.0	0	0.0	1680.3678718017763	1	0	1	1.0359360171457586
212648.95292239747	1000.0	1031.4149494043006	0.0	0	0.0	1680.3678718017763	1	0	1	1.0359360171457563
213503.29750349678	1000.0	1177.0703683049578	0.0	0	0.0	1680.3678718017763	1	0	1	1.0359360171457586
214200.0	1000.0	1480.3678718017368	0.0	0	60.41613768346724	1680.3678718017763	1	0	1	1.0359360171457586
215200.0	1000.0	1480.3678718017309	0.0	0	218.4298745317792	1680.3678718017763	1	0	1	1.0359360171457586
216200.0	1000.0	1480.3678718017595	0.0	0	68.8195368333545	1680.3678718017763	1	0	1	1.0359360171457586
217200.0	1000.0	1480.3678718017673	0.0	0	327.4327193791687	1680.3678718017763	1	0	1	1.0359360171457586
218200.0	1000.0	1480.3678718017854	0.0	0	346.234538821358	1680.3678718017763	1	0	1	1.0359360171457586
219200.0	1000.0	1480.367871801759	0.0	0	261.517661614751	1680.3678718017763	1	0	1	1.0359360171457586
220200.0	1000.0	1480.3678718017572	0.0	0	293.7875452194421	1680.3678718017763	1	0	1	1.0359360171457586
221200.0	1000.0	1480.3678718017773	0.0	0	487.79507680865936	1680.3678718017763	1	0	1	1.0359360171457586
222200.0	1000.0	1480.3678718017723	0.0	0	491.87447153645917	1680.3678718017472	1	0	1	1.0359360171457617
223200.0	1000.0	1480.3678718017795	0.0	0	627.0249208598689	1680.3678718017472	1	0	1	1.0359360171457617
224200.0	1000.0	1480.3678718017893	0.0	0	176.6408612409432	1680.3678718017181	1	0	1	1.0359360171457643
225200.0	1000.0	1480.3678718017725	0.0	0	291.9306984496361	1680.367871801689	1	0	1	1.0359360171457672
226200.0	1000.0	1480.367871801769	0.0	0	444.0549201145768	1680.367871801689	1	0	1	1.0359360171457672
227200.0	1000.0	1480.3678718017384	0.0	0	46.75906422137632	1680.367871801689	1	0	1	1.0359360171457672
228409.24256756518	1000.0	1271.1253042365502	0.0	0	0.0	1680.367871801689	1	0	1	1.0359360171457672
229320.92606750218	1000.0	1359.441804299563	0.0	0	0.0	1680.36787180166	1	0	1	1.03593601714577
230200.0	1000.0	1480.3678718017516	0.0	0	110.06966385152191	1680.36787180166	1	0	1	1.03593601714577
231200.0	1000.0	1480.367871801776	0.0	0	514.7604836281098	1680.36787180166	1	0	1	1.03593601714577
232200.0	1000.0	1480.3678718017786	0.0	0	369.9040129087225	1680.36787180166	1	0	1	1.03593601714577
233200.0	1000.0	1480.3678718017998	0.0	0	499.4063964665402	1680.36787180166	1	0	1	1.03593601714577
234416.8153374793	1000.0	1263.552534322496	0.0	0	0.0	1680.36787180166	1	0	1	1.03593601714577
235200.0	500.0	1480.3678718017463	0.0	0	359.1913628274633	1680.36787180166	1	0	1	-0.3503583439741205
236200.0	500.0	1480.3678718017777	0.0	0	601.3266416450206	1680.36787180166	1	0	1	0.34278883658582476
237200.0	500.0	1480.3678718017645	0.0	0	309.82869500038214	1680.3678718016308	1	0	1	0.3427888365858277
238200.0	500.0	1480.3678718017688	0.0	0	213.33949115811265	1680.36787180166	1	0	1	0.34278883658582476
239472.4071159387	1000.0	1080.7200442691935	0.0	0	0.0	1553.1271602077177	1	0	2	-0.04761368927425538
240277.17618226047	1000.0	1275.950977947417	0.0	0	0.0	1553.1271602077177	1	0	1	0.8486600883051643
241200.0	1000.0	1353.127160207905	0.0	0	293.3927213665156	1553.1271602077468	1	0	1	1.0486600883051616
242200.0	1000.0	1353.1271602079232	0.0	0	414.1939824648143	1553.1271602077177	1	0	1	1.0486600883051644
243200.0	1000.0	1353.1271602079455	0.0	0	544.6760549024912	1553.1271602077177	1	0	1	1.0486600883051644
244200.0	1000.0	1353.1271602079694	0.0	0	446.40293852004106	1553.1271602077468	1	0	1	1.0486600883051622
245200.0	1000.0	1353.1271602079928	0.0	0	553.1837914151547	1553.1271602077468	1	0	1	1.0486600883051616
246200.0	1000.0	1353.1271602079955	0.0	0	301.9354753785301	1553.1271602077468	1	0	1	1.0486600883051616
247200.0	1000.0	1353.1271602080024	0.0	0	68.81557323940797	1553.127160207776	1	0	1	1.0486600883051587
248263.65655528716	1000.0	1289.4706049208444	0.0	0	0.0	1553.127160207776	1	0	1	1.0486600883051587
249200.0	1000.0	1353.127160208012	0.0	0	195.73764808985288	1553.127160207805	1	0	1	1.0486600883051558
250200.0	1000.0	1353.1271602080224	0.0	0	158.08403066924075	1553.127160207805	1	0	1	1.0486600883051558
251200.0	1000.0	1353.1271602080392	0.0	0	490.04521214272245	1553.127160207805	1	0	1	1.0486600883051558
252200.0	1000.0	1353.1271602080417	0.0	0	250.007831494353	1553.127160207805	1	0	1	1.0486600883051558
253272.2654827594	1000.0	1280.8616774486609	0.0	0	0.0	1553.127160207805	1	0	1	1.0486600883051558
254200.0	1000.0	1353.1271602080812	0.0	0	97.63933681539493	1553.127160207805	1	0	1	1.0486600883051558
255200.0	1000.0	1353.1271602080728	0.0	0	288.77101429438335	1553.127160207776	1	0	1	1.0486600883051587
256200.0	1000.0	1353.127160208085	0.0	0	550.3331992926833	1553.127160207776	1	0	1	1.0486600883051587
257200.0	1000.0	1353.1271602080774	0.0	0	321.8647260017751	1553.127160207805	1	0	1	1.0486600883051562
258200.0	1000.0	1353.1271602080556	0.0	0	396.57010824920144	1553.127160207805	1	0	1	1.0486600883051558
259200.0	1000.0	1353.1271602080744	0.0	0	295.3630830119946	1553.127160207805	1	0	1	1.0486600883051558
260200.0	1000.0	1353.127160208049	0.0	0	189.41542901610956	1553.127160207805	1	0	1	1.0486600883051558
261200.0	1000.0	1353.1271602080349	0.0	0	273.31411898852093	1553.127160207834	1	0	1	1.048660088305153
262200.0	1000.0	1353.1271602080064	0.0	0	258.7095749856089	1553.127160207834	1	0	1	1.048660088305153
263200.0	1000.0	1353.1271602079942	0.0	0	377.99245209171204	1553.127160207834	1	0	1	1.0486600883051516
264200.0	1000.0	1353.1271602080358	0.0	0	294.18614470376633	1553.127160207834	1	0	1	1.0486600883051522
265200.0	1000.0	1353.1271602079655	0.0	0	469.175093218626	1553.127160207834	1	0	1	1.048660088305153
266200.0	1000.0	1353.127160207958	0.0	0	346.9811390283867	1553.127160207834	1	0	1	1.048660088305153
267200.0	1000.0	1353.1271602079935	0.0	0	372.28423765371554	1553.127160207834	1	0	1	1.048660088305153
268200.0	1000.0	1353.1271602079426	0.0	0	558.1522531679948	1553.127160207834	1	0	1	1.048660088305153
269200.0	1000.0	1353.1271602078857	0.0	0	433.6357117634616	1553.1271602078923	1	0	1	1.048660088305147
270200.0	1000.0	1353.1271602078632	0.0	0	314.3435370871448	1553.127160207834	1	0	1	1.048660088305153
271200.0	1000.0	1353.1271602079141	0.0	0	204.29592834948562	1553.1271602078923	1	0	1	1.048660088305147
272200.0	1000.0	1353.1271602079646	0.0	0	507.44778754998697	1553.1271602078923	1	0	1	1.048660088305147
273200.0	1000.0	1353.1271602079462	0.0	0	174.93354240863118	1553.1271602078923	1	0	1	1.048660088305147
274200.0	1000.0	1353.1271602079494	0.0	0	393.31978266802616	1553.1271602079505	1	0	1	1.0486600883051411
275200.0	1000.0	1353.127160207928	0.0	0	182.25923034833977	1553.1271602079505	1	0	1	1.0486600883051411
276200.0	1000.0	1353.127160207926	0.0	0	428.88653138210066	1553.1271602079505	1	0	1	1.0486600883051411
277200.0	1000.0	1353.127160207889	0.0	0	585.0803502452909	1553.1271602079505	1	0	1	1.0486600883051411
278200.0	1000.0	1353.1271602078693	0.0	0	383.3777351640747	1553.1271602078923	1	0	1	1.0486600883051458
279200.0	1000.0	1353.1271602079137	0.0	0	480.9210773316445	1553.1271602078923	1	0	1	1.048660088305147
280200.0	1000.0	1353.1271602079373	0.0	0	205.93199445708888	1553.1271602078923	1	0	1	1.048660088305147
281200.0	1000.0	1353.127160207923	0.0	0	338.56857094558654	1553.1271602078923	1	0	1	1.048660088305147
282200.0	1000.0	1353.1271602079166	0.0	0	82.68570796283893	1553.1271602078923	1	0	1	1.048660088305147
283263.80741335964	1000.0	1289.3197468483233	0.0	0	0.0	1553.1271602078923	1	0	1	1.048660088305147
284205.0109385097	1000.0	1348.1162216982573	0.0	0	0.0	1553.1271602079505	1	0	1	1.0486600883051411
285200.0	1000.0	1353.127160207976	0.0	0	410.05438174755545	1553.1271602079505	1	0	1	1.0486600883051411
286200.0	1000.0	1353.127160207978	0.0	0	193.34645127959084	1553.1271602078923	1	0	1	1.0486600883051458
287200.0	1000.0	1353.1271602079782	0.0	0	192.83280028001172	1553.1271602078923	1	0	1	1.048660088305147
288200.0	1000.0	1353.1271602080178	0.0	0	500.2962841980043	1553.1271602079505	1	0	1	1.0486600883051422
289200.0	1000.0	1353.1271602080085	0.0	0	255.61889274802525	1553.1271602080087	1	0	1	1.0486600883051365
290200.0	1000.0	1353.1271602079678	0.0	0	177.04898885788862	1553.1271602080087	1	0	1	1.0486600883051354
291200.0	1000.0	1353.1271602079737	0.0	0	333.0054053281783	1553.1271602080087	1	0	1	1.0486600883051354
292200.0	1000.0	1353.127160207878	0.0	0	458.2353671868332	1553.1271602080087	1	0	1	1.0486600883051354
293200.0	1000.0	1353.1271602078107	0.0	0	458.2057670080685	1553.1271602079505	1	0	1	1.0486600883051411
294200.0	1000.0	1353.1271602078027	0.0	0	396.3193226135918	1553.1271602080087	1	0	1	1.0486600883051365
295200.0	1000.0	1353.1271602077866	0.0	0	99.76643365691416	1553.1271602079505	1	0	1	1.0486600883051411
296200.0	1000.0	1353.127160207752	0.0	0	194.7487337203347	1553.1271602079505	1	0	1	1.0486600883051411
297200.0	1000.0	1353.1271602077393	0.0	0	214.73047354089795	1553.1271602079505	1	0	1	1.0486600883051411
298200.0	1000.0	1353.1271602077147	0.0	0	431.54125482670497	1553.1271602079505	1	0	1	1.0486600883051411
299200.0	1000.0	1353.1271602076984	0.0	0	540.4580750864116	1553.1271602079505	1	0	1	1.0486600883051411
300200.0	1000.0	1353.1271602076076	0.0	0	510.35341441910714	1553.1271602079505	1	0	1	1.0486600883051411
1.17	1.67	2.38	1.33	1.44	1.91	1.25	1.36	1.45	1.11	1.4	1.59	2.28	1.81	0.9	1.15	1.08	1.33	1.25	0.76	0.96	1.45	1.51	1.25	1.51	2.33	1.17	2.18	1.87	1.78	1.47	1.41	1.39	1.29	1.17	1.31	1.44	1.61	2.04	1.22	1.61	1.33	1.4	1.62	1.2	1.44	2.21	1.91	1.65	2.26	2.09	1.25	1.55	1.15	2.22	0.61	1.04	0.94	1.04	0.96	1.41	1.93	1.15	1.44	1.1	1.59	1.91	1.85	1.91	2.55	1.8	1.39	1.61	1.3	1.26	0.75	1.47	1.61	1.68	1.78	1.53	0.73	1.27	1.12	0.66	0.93	0.86	1.24	1.45	1.87	1.76	2.32	1.61	0.8	1.03	1.19	1.38	1.58	1.67	1.59	1.11	1.66	2.1	2.12	1.77	1.52	1.74	1.18	1.54	1.59	1.54	2.15	2.2	1.73	2.1	1.73	1.45	1.71	1.59	1.69	1.31	2.06	1.48	2.09	2.32	2.03	1.11	1.39	1.19	1.12	1.0	1.38	1.54	1.14	1.32	2.27	1.44	0.93	1.99	2.04	1.45	1.27	1.07	1.67	1.68	2.06	2.26	1.51	1.18	1.66	1.17	1.67	2.38	1.33	1.44	1.91	1.25	1.36	1.45	1.11	1.4	1.59	2.28	1.81	0.9	1.15	1.08	1.33	1.25	0.76	0.96	1.45	1.51	1.25	1.51	2.33	1.17	2.18	1.87	1.78	1.47	1.41	1.39	1.29	1.17	1.31	1.44	1.61	2.04	1.22	1.61	1.33	1.4	1.62	1.2	1.44	2.21	1.91	1.65	2.26	2.09	1.25	1.55	1.15	2.22	0.61	1.04	0.94	1.04	0.96	1.41	1.93	1.15	1.44	1.1	1.59	1.91	1.85	1.91	2.55	1.8	1.39	1.61	1.3	1.26	0.75	1.47	1.61	1.68	1.78	1.53	0.73	1.27	1.12	0.66	0.93	0.86	1.24	1.45	1.87	1.76	2.32	1.61	0.8	1.03	1.19	1.38	1.58	1.67	1.59	1.11	1.66	2.1	2.12	1.77	1.52	1.74	1.18	1.54	1.59	1.54	2.15	2.2	1.73	2.1	1.73	1.45	1.71	1.59	1.69	1.31	2.06	1.48	2.09	2.32	2.03	1.11	1.39	1.19	1.12	1.0	1.38	1.54	1.14	1.32	2.27	1.44	0.93	1.99	2.04	1.45	1.27	1.07	1.67	1.68	2.06	2.26	1.51	1.18	1.66	1.17
1.0	2.0	3.0	4.0	5.0	6.0	7.0	8.0	9.0	10.0	11.0	12.0	13.0	14.0	15.0	16.0	17.0	18.0	19.0	20.0	21.0	22.0	23.0	24.0	25.0	26.0	27.0	28.0	29.0	30.0	31.0	32.0	33.0	34.0	35.0	36.0	37.0	38.0	39.0	40.0	41.0	42.0	43.0	44.0	45.0	46.0	47.0	48.0	49.0	50.0	51.0	52.0	53.0	54.0	55.0	56.0	57.0	58.0	59.0	60.0	61.0	62.0	63.0	64.0	65.0	66.0	67.0	68.0	69.0	70.0	71.0	72.0	73.0	74.0	75.0	76.0	77.0	78.0	79.0	80.0	81.0	82.0	83.0	84.0	85.0	86.0	87.0	88.0	89.0	90.0	91.0	92.0	93.0	94.0	95.0	96.0	97.0	98.0	99.0	100.0	101.0	102.0	103.0	104.0	105.0	106.0	107.0	108.0	109.0	110.0	111.0	112.0	113.0	114.0	115.0	116.0	117.0	118.0	119.0	120.0	121.0	122.0	123.0	124.0	125.0	126.0	127.0	128.0	129.0	130.0	131.0	132.0	133.0	134.0	135.0	136.0	137.0	138.0	139.0	140.0	141.0	142.0	143.0	144.0	145.0	146.0	147.0	148.0	149.0	149.0	150.0	151.0	152.0	153.0	154.0	155.0	156.0	157.0	158.0	159.0	160.0	161.0	162.0	163.0	164.0	165.0	166.0	167.0	168.0	169.0	170.0	171.0	172.0	173.0	174.0	175.0	176.0	177.0	178.0	179.0	180.0	181.0	182.0	183.0	184.0	185.0	186.0	187.0	188.0	189.0	190.0	191.0	192.0	193.0	194.0	195.0	196.0	197.0	198.0	199.0	200.0	201.0	202.0	203.0	204.0	205.0	206.0	207.0	208.0	209.0	210.0	211.0	212.0	213.0	214.0	215.0	216.0	217.0	218.0	219.0	220.0	221.0	222.0	223.0	224.0	225.0	226.0	227.0	228.0	229.0	230.0	231.0	232.0	233.0	234.0	235.0	236.0	237.0	238.0	239.0	240.0	241.0	242.0	243.0	244.0	245.0	246.0	247.0	248.0	249.0	250.0	251.0	252.0	253.0	254.0	255.0	256.0	257.0	258.0	259.0	260.0	261.0	262.0	263.0	264.0	265.0	266.0	267.0	268.0	269.0	270.0	271.0	272.0	273.0	274.0	275.0	276.0	277.0	278.0	279.0	280.0	281.0	282.0	283.0	284.0	285.0	286.0	287.0	288.0	289.0	290.0	291.0	292.0	293.0	294.0	295.0	296.0	297.0	298.0	298.0	299.0
3539.4906499426115
