2713.8658921997812	300.0	2000.0	258.15292291164997	0	0.0	2713.8658921997812	1	0	1	-1.8144989670625358
3200.0	500.0	2513.8658921997812	0.0	0	170.2292848938382	2713.8658921997812	1	0	1	-0.2713865892199781
5030.214005618885	1000.0	1500.6304860190087	0.0	0	0.0	2530.844491637893	1	0	2	-0.14720607142250608
5958.000877173488	1000.0	1572.843614464406	0.0	0	0.0	2530.844491637894	1	0	1	0.7508883551621467
6750.726537246738	1000.0	1780.1179543911567	0.0	0	0.0	2530.844491637895	1	0	1	0.9508883551621466
7633.060400290055	1000.0	1897.784091347839	0.0	0	0.0	2530.844491637895	1	0	1	0.9508883551621466
8579.13011870622	1000.0	1951.7143729316754	0.0	0	0.0	2530.8444916378958	1	0	1	0.9508883551621466
9753.452554857471	1000.0	1777.3919367804253	0.0	0	0.0	2530.8444916378967	1	0	1	0.9508883551621466
10581.413572599946	1000.0	1949.43091903795	0.0	0	0.0	2530.8444916378967	1	0	1	0.9508883551621466
11200.0	1000.0	2330.844491637897	0.0	0	39.385253939917675	2530.8444916378976	1	0	1	0.9508883551621463
12200.0	1000.0	2330.8444916378976	0.0	0	370.5282702012755	2530.8444916378976	1	0	1	0.9508883551621463
13200.0	1000.0	2230.8444916378967	0.0	0	197.81679568083018	2430.8444916378958	1	0	2	0.5573555784816671
14226.329449372224	1000.0	2101.8820973284483	0.0	0	0.0	2328.2115467006715	1	0	2	0.7682931672141262
15200.0	1000.0	2030.8444916378949	0.0	0	447.8811766755698	2230.8444916378958	1	0	2	0.777043216449654
16200.0	1000.0	1930.8444916378921	0.0	0	335.55997222149017	2130.844491637892	1	0	2	0.7871875318273154
17200.0	1000.0	1930.844491637893	0.0	0	41.10343902462773	2130.844491637894	1	0	1	0.7908883551621465
18200.0	1000.0	1830.8444916378924	0.0	0	127.14436738214499	2030.844491637894	1	0	2	0.5977021941915157
19382.814742820683	2000.0	1648.029748817205	0.0	0	0.0	2030.844491637894	1	0	1	0.8008883551621464
20557.673821847096	2000.0	1473.1706697907907	0.0	0	0.0	2030.844491637894	1	0	1	1.6940355357220918
21346.605871999578	2000.0	1684.238619638304	0.0	0	0.0	2030.844491637894	1	0	1	1.6940355357220918
22200.0	2000.0	1830.8444916378812	0.0	0	283.12718444354323	2030.844491637894	1	0	1	1.6940355357220918
23543.8961150204	2000.0	1486.9483766174783	0.0	0	0.0	2030.844491637894	1	0	1	1.6940355357220918
24497.455524730518	2000.0	1533.3889669073596	0.0	0	0.0	2030.844491637894	1	0	1	1.6940355357220918
25200.0	1000.0	1830.8444916378803	0.0	0	41.838727051974274	2030.844491637894	1	0	1	0.30774117460220163
26200.0	1000.0	1730.8444916378771	0.0	0	59.314533705550275	1930.8444916378867	1	0	2	0.607868341896475
27200.0	1000.0	1730.8444916378774	0.0	0	137.69135203713086	1930.8444916378903	1	0	1	0.810888355162147
28200.0	1000.0	1730.8444916378803	0.0	0	353.7984429670287	1930.8444916378903	1	0	1	1.010888355162147
29200.0	1000.0	1730.8444916378792	0.0	0	399.609518565343	1930.8444916378867	1	0	1	1.0108883551621475
30200.0	1000.0	1730.8444916378796	0.0	0	367.1177441826185	1930.8444916378867	1	0	1	1.0108883551621475
31200.0	1000.0	1730.8444916378774	0.0	0	466.85353331319493	1930.8444916378867	1	0	1	1.0108883551621475
32200.0	1000.0	1730.8444916378792	0.0	0	616.189640021883	1930.8444916378867	1	0	1	1.0108883551621475
33837.65972244583	1000.0	1093.184769192047	0.0	0	0.0	1930.844491637883	1	0	1	1.0108883551621477
35004.75682637166	1000.0	926.0876652662229	0.0	0	0.0	1930.8444916378867	1	0	1	1.0108883551621475
35805.58514244768	1000.0	1125.259349190202	0.0	0	0.0	1930.8444916378867	1	0	1	1.0108883551621475
36690.08511903509	1000.0	1240.7593726027944	0.0	0	0.0	1930.844491637894	1	0	1	1.0108883551621468
37343.49922210403	1000.0	1587.3452695338538	0.0	0	0.0	1930.844491637894	1	0	1	1.0108883551621468
38200.0	1000.0	1730.84449163789	0.0	0	160.55640323489934	1930.844491637894	1	0	1	1.0108883551621468
39200.0	1000.0	1730.8444916378976	0.0	0	204.34395437675994	1930.8444916379012	1	0	1	1.0108883551621461
40200.0	1000.0	1730.844491637897	0.0	0	56.834307869423355	1930.8444916379012	1	0	1	1.0108883551621461
41244.531738049416	1000.0	1686.312753588482	0.0	0	0.0	1930.8444916379012	1	0	1	1.0108883551621461
42200.0	1000.0	1730.844491637905	0.0	0	54.15627457091614	1930.8444916379085	1	0	1	1.0108883551621453
43200.0	1000.0	1730.8444916379078	0.0	0	152.4764426336842	1930.8444916379085	1	0	1	1.0108883551621453
44206.29299747125	1000.0	1724.551494166656	0.0	0	0.0	1930.8444916379085	1	0	1	1.0108883551621453
45816.01182172028	1000.0	1114.8326699176305	0.0	0	0.0	1930.8444916379085	1	0	1	1.0108883551621453
46693.26964653426	1000.0	1237.574845103651	0.0	0	0.0	1930.8444916379085	1	0	1	1.0108883551621453
47458.63783458947	1000.0	1472.2066570484317	0.0	0	0.0	1930.8444916379085	1	0	1	1.0108883551621453
48200.0	1000.0	1730.8444916379003	0.0	0	19.277262687646726	1930.8444916379085	1	0	1	1.0108883551621453
49421.75424365983	1000.0	1509.0902479780739	0.0	0	0.0	1930.8444916379085	1	0	1	1.0108883551621453
50200.0	1000.0	1730.8444916379015	0.0	0	81.44700273186754	1930.8444916379085	1	0	1	1.0108883551621453
51200.0	1000.0	1730.844491637901	0.0	0	465.79533484462445	1930.8444916379012	1	0	1	1.0108883551621461
52200.0	1000.0	1730.8444916378985	0.0	0	327.44745879952825	1930.8444916379012	1	0	1	1.0108883551621461
53200.0	1000.0	1730.844491637898	0.0	0	324.57525574851024	1930.8444916379012	1	0	1	1.0108883551621461
54200.0	1000.0	1730.8444916378976	0.0	0	424.38440074876416	1930.8444916379012	1	0	1	1.0108883551621461
55200.0	1000.0	1730.8444916378987	0.0	0	378.8739561722905	1930.8444916379012	1	0	1	1.0108883551621461
56200.0	1000.0	1730.8444916378955	0.0	0	489.9646947726942	1930.8444916379012	1	0	1	1.0108883551621461
57200.0	1000.0	1730.8444916378999	0.0	0	260.37489118945086	1930.8444916379085	1	0	1	1.0108883551621453
58200.0	1000.0	1730.84449163791	0.0	0	448.9710638359393	1930.8444916379085	1	0	1	1.0108883551621453
59200.0	1000.0	1730.8444916379106	0.0	0	530.7282836683298	1930.8444916379085	1	0	1	1.0108883551621453
60200.0	1000.0	1730.8444916379121	0.0	0	318.34959622965107	1930.8444916379085	1	0	1	1.0108883551621453
61200.0	1000.0	1730.844491637919	0.0	0	92.31121115935821	1930.8444916379158	1	0	1	1.0108883551621446
62200.0	1000.0	1730.8444916379262	0.0	0	299.36696138194384	1930.844491637923	1	0	1	1.010888355162144
63274.20188786508	1000.0	1656.6426037728547	0.0	0	0.0	1930.844491637923	1	0	1	1.010888355162144
64202.56460430022	1000.0	1728.279887337719	0.0	0	0.0	1930.8444916379158	1	0	1	1.0108883551621446
65200.0	1000.0	1730.8444916379447	0.0	0	85.77697970073496	1930.8444916379158	1	0	1	1.0108883551621446
66200.0	1000.0	1730.8444916379353	0.0	0	276.749219432837	1930.8444916379085	1	0	1	1.0108883551621457
67200.0	1000.0	1730.84449163794	0.0	0	285.5369773405546	1930.8444916379158	1	0	1	1.0108883551621455
68200.0	1000.0	1730.8444916379244	0.0	0	178.2474450407899	1930.8444916379085	1	0	1	1.0108883551621453
69200.0	1000.0	1730.8444916379324	0.0	0	263.34593977144687	1930.8444916379085	1	0	1	1.0108883551621453
70200.0	1000.0	1730.84449163793	0.0	0	534.2748586553935	1930.8444916379085	1	0	1	1.0108883551621453
71200.0	1000.0	1730.8444916379235	0.0	0	304.2588545926119	1930.8444916379085	1	0	1	1.0108883551621453
72200.0	1000.0	1730.844491637929	0.0	0	323.51084974460537	1930.8444916379085	1	0	1	1.0108883551621453
73200.0	1000.0	1730.8444916379508	0.0	0	523.2294286248507	1930.8444916379085	1	0	1	1.0108883551621453
74200.0	1000.0	1730.8444916379422	0.0	0	359.9183432065038	1930.8444916379085	1	0	1	1.0108883551621453
75200.0	1000.0	1730.844491637937	0.0	0	415.9184095970995	1930.8444916379085	1	0	1	1.0108883551621453
76200.0	1000.0	1730.8444916379572	0.0	0	500.689676598442	1930.8444916379085	1	0	1	1.0108883551621453
77200.0	1000.0	1630.8444916379588	0.0	0	528.6384686469974	1830.844491637894	1	0	2	0.616960611454725
78200.0	1000.0	1630.8444916379578	0.0	0	144.3372022802214	1830.8444916379085	1	0	1	0.8208883551621451
79200.0	1000.0	1630.8444916379476	0.0	0	238.13020372808387	1830.8444916379085	1	0	1	1.0208883551621453
80200.0	1000.0	1630.8444916379558	0.0	0	146.86933680468064	1830.8444916379085	1	0	1	1.0208883551621453
81200.0	1000.0	1630.8444916379526	0.0	0	263.14509499010455	1830.8444916379085	1	0	1	1.0208883551621453
82200.0	1000.0	1630.8444916379476	0.0	0	86.94707779398595	1830.844491637894	1	0	1	1.0208883551621468
83200.0	1000.0	1630.8444916379626	0.0	0	416.33426420665637	1830.8444916379085	1	0	1	1.0208883551621453
84200.0	1000.0	1630.8444916379515	0.0	0	269.71010943302826	1830.8444916379085	1	0	1	1.0208883551621453
85200.0	1000.0	1630.844491637956	0.0	0	84.18088306562277	1830.8444916379085	1	0	1	1.0208883551621453
86200.0	1000.0	1630.8444916379735	0.0	0	432.28980149341805	1830.8444916379085	1	0	1	1.0208883551621453
87200.0	1000.0	1630.8444916379724	0.0	0	517.810372306456	1830.8444916379085	1	0	1	1.0208883551621453
88200.0	1000.0	1630.844491637979	0.0	0	388.170024438572	1830.844491637923	1	0	1	1.020888355162144
89200.0	1000.0	1630.844491637974	0.0	0	133.3008531142841	1830.8444916379376	1	0	1	1.0208883551621424
90200.0	1000.0	1630.844491637971	0.0	0	417.09746547993564	1830.8444916379376	1	0	1	1.0208883551621424
91200.0	1000.0	1630.8444916379665	0.0	0	312.5427156126534	1830.8444916379376	1	0	1	1.0208883551621424
92200.0	1000.0	1630.844491637964	0.0	0	58.233615627439576	1830.8444916379522	1	0	1	1.0208883551621408
93200.0	1000.0	1630.8444916379585	0.0	0	228.6256805665762	1830.8444916379522	1	0	1	1.0208883551621408
94347.95897354152	1000.0	1482.8855180964513	0.0	0	0.0	1830.8444916379522	1	0	1	1.0208883551621408
95200.0	1000.0	1630.8444916379472	0.0	0	324.5394099800469	1830.8444916379522	1	0	1	1.0208883551621408
96200.0	1000.0	1630.844491637942	0.0	0	99.66709542041644	1830.8444916379522	1	0	1	1.0208883551621408
97200.0	1000.0	1630.844491637942	0.0	0	299.64474354816775	1830.8444916379667	1	0	1	1.0208883551621395
98200.0	1000.0	1630.8444916379526	0.0	0	457.1993381630018	1830.8444916379667	1	0	1	1.0208883551621395
99200.0	1000.0	1630.8444916379385	0.0	0	294.12969258888916	1830.8444916379667	1	0	1	1.0208883551621395
100219.55851743155	1000.0	1611.285974206382	0.0	0	0.0	1830.8444916379667	1	0	1	1.0208883551621395
101325.73188908935	1000.0	1505.1126025485698	0.0	0	0.0	1830.8444916379522	1	0	1	1.0208883551621408
102491.66886944583	1000.0	1339.1756221920887	0.0	0	0.0	1830.8444916379522	1	0	1	1.0208883551621408
103413.40340733441	1000.0	1417.44108430349	0.0	0	0.0	1830.8444916379376	1	0	1	1.0208883551621424
104200.0	1000.0	1630.8444916378824	0.0	0	239.7697601523396	1830.8444916379376	1	0	1	1.0208883551621424
105200.0	1000.0	1630.8444916378758	0.0	0	178.25023041522945	1830.8444916379376	1	0	1	1.0208883551621424
106200.0	1000.0	1630.8444916378671	0.0	0	63.23413198599883	1830.8444916379376	1	0	1	1.0208883551621424
107200.0	1000.0	1630.8444916378758	0.0	0	430.85856369019893	1830.8444916379522	1	0	1	1.0208883551621408
108200.0	1000.0	1630.8444916378921	0.0	0	591.7649803330714	1830.8444916379522	1	0	1	1.0208883551621408
109200.0	1000.0	1630.8444916378883	0.0	0	587.8191659299482	1830.8444916379522	1	0	1	1.0208883551621408
110200.0	1000.0	1630.8444916378935	0.0	0	217.584115228703	1830.8444916379667	1	0	1	1.0208883551621395
111415.4503255974	1000.0	1415.3941660404876	0.0	0	0.0	1830.8444916379522	1	0	1	1.0208883551621408
112396.59079602074	1000.0	1434.25369561716	0.0	0	0.0	1830.8444916379522	1	0	1	1.0208883551621408
113393.52601883453	1000.0	1437.3184728033739	0.0	0	0.0	1830.8444916379522	1	0	1	1.0208883551621408
114200.0	1000.0	1630.8444916378937	0.0	0	135.2284298131126	1830.8444916379522	1	0	1	1.0208883551621408
115200.0	1000.0	1630.844491637914	0.0	0	465.84629721110105	1830.8444916379667	1	0	1	1.0208883551621395
116200.0	1000.0	1630.8444916379244	0.0	0	43.870057258201996	1830.8444916379667	1	0	1	1.0208883551621395
117200.0	1000.0	1630.8444916379126	0.0	0	405.89273744235106	1830.8444916379667	1	0	1	1.0208883551621395
118200.0	1000.0	1630.8444916379142	0.0	0	11.758247510864749	1830.8444916379522	1	0	1	1.0208883551621408
119252.37032539018	1000.0	1578.4741662477309	0.0	0	0.0	1830.8444916379376	1	0	1	1.0208883551621424
120200.0	1000.0	1630.8444916378962	0.0	0	410.24126691497804	1830.8444916379376	1	0	1	1.0208883551621424
121200.0	1000.0	1630.8444916378917	0.0	0	294.6253204206587	1830.844491637923	1	0	1	1.020888355162144
122200.0	1000.0	1630.8444916378974	0.0	0	122.33048604414216	1830.844491637923	1	0	1	1.020888355162144
123200.0	1000.0	1630.844491637894	0.0	0	349.79699102710583	1830.844491637923	1	0	1	1.020888355162144
124200.0	1000.0	1630.8444916378987	0.0	0	72.56565623711504	1830.844491637923	1	0	1	1.020888355162144
125200.0	1000.0	1630.8444916379026	0.0	0	248.1137552936998	1830.844491637923	1	0	1	1.020888355162144
126319.25870308581	1000.0	1511.585788552073	0.0	0	0.0	1830.844491637923	1	0	1	1.020888355162144
127200.0	1000.0	1630.8444916378824	0.0	0	142.80715969881567	1830.844491637923	1	0	1	1.020888355162144
128200.0	1000.0	1630.8444916378842	0.0	0	277.183774371515	1830.844491637923	1	0	1	1.020888355162144
129200.0	1000.0	1630.8444916378892	0.0	0	354.7924004233355	1830.844491637923	1	0	1	1.020888355162144
130200.0	1000.0	1630.8444916378965	0.0	0	535.9140998309595	1830.844491637923	1	0	1	1.020888355162144
131200.0	1000.0	1630.8444916378958	0.0	0	430.03276560299855	1830.8444916379376	1	0	1	1.0208883551621437
132200.0	1000.0	1630.8444916379015	0.0	0	422.4739569030935	1830.8444916379522	1	0	1	1.02088835516214
133200.0	1000.0	1630.8444916379078	0.0	0	327.4602454744454	1830.8444916379522	1	0	1	1.0208883551621415
134200.0	1000.0	1630.8444916378774	0.0	0	257.0120772552036	1830.844491637923	1	0	1	1.020888355162144
135483.2030443248	1000.0	1347.6414473130585	0.0	0	0.0	1830.844491637923	1	0	1	1.020888355162144
136200.0	1000.0	1630.844491637849	0.0	0	119.01262539278832	1830.844491637923	1	0	1	1.020888355162144
137200.0	1000.0	1630.8444916378278	0.0	0	300.0729694189795	1830.844491637894	1	0	1	1.0208883551621468
138200.0	1000.0	1630.8444916377896	0.0	0	4.743642330664443	1830.844491637894	1	0	1	1.0208883551621468
139200.0	1000.0	1630.8444916378085	0.0	0	227.94611021055607	1830.844491637894	1	0	1	1.0208883551621468
140200.0	1000.0	1630.8444916378537	0.0	0	44.36120903340634	1830.844491637894	1	0	1	1.0208883551621468
141200.0	1000.0	1630.844491637853	0.0	0	187.70949169291998	1830.844491637894	1	0	1	1.0208883551621468
142200.0	1000.0	1630.8444916378414	0.0	0	75.52465026456048	1830.844491637894	1	0	1	1.0208883551621468
143200.0	1000.0	1630.8444916378344	0.0	0	186.3640824042959	1830.844491637894	1	0	1	1.0208883551621468
144200.0	1000.0	1630.8444916378428	0.0	0	172.04444090632023	1830.844491637894	1	0	1	1.0208883551621468
145200.0	1000.0	1630.8444916378369	0.0	0	496.3980187412817	1830.844491637894	1	0	1	1.0208883551621468
146200.0	1000.0	1630.8444916378749	0.0	0	325.64483807442593	1830.844491637923	1	0	1	1.020888355162144
147200.0	1000.0	1630.8444916378467	0.0	0	461.3423755278927	1830.844491637894	1	0	1	1.0208883551621468
148200.0	1000.0	1630.8444916378262	0.0	0	92.67958685368649	1830.844491637894	1	0	1	1.0208883551621468
149200.0	1000.0	1630.8444916378446	0.0	0	396.4800854787172	1830.844491637894	1	0	1	1.0208883551621468
150200.0	1000.0	1630.8444916378323	0.0	0	200.1465918441245	1830.844491637894	1	0	1	1.0208883551621468
151200.0	1000.0	1630.844491637831	0.0	0	404.34500468571787	1830.844491637894	1	0	1	1.0208883551621468
152200.0	1000.0	1630.8444916378373	0.0	0	50.63173285374069	1830.844491637923	1	0	1	1.020888355162144
153477.38088276886	1000.0	1353.4636088689579	0.0	0	0.0	1830.844491637923	1	0	1	1.020888355162144
154659.8981990416	1000.0	1170.946292596202	0.0	0	0.0	1830.8444916379522	1	0	1	1.0208883551621415
155507.66201372579	1000.0	1323.1824779120327	0.0	0	0.0	1830.844491637923	1	0	1	1.020888355162144
156203.91897621917	1000.0	1626.9255154186685	0.0	0	0.0	1830.844491637923	1	0	1	1.020888355162144
157289.83079640486	1000.0	1541.013695232999	0.0	0	0.0	1830.844491637923	1	0	1	1.020888355162144
158408.8524377492	1000.0	1421.992053888648	0.0	0	0.0	1830.844491637923	1	0	1	1.020888355162144
159485.9454962415	1000.0	1344.8989953963523	0.0	0	0.0	1830.844491637894	1	0	1	1.0208883551621468
160357.67710255823	1000.0	1473.1673890796244	0.0	0	0.0	1830.844491637894	1	0	1	1.0208883551621468
161200.0	1000.0	1630.8444916378492	0.0	0	277.0129099181504	1830.844491637894	1	0	1	1.0208883551621468
162200.0	1000.0	1630.8444916378744	0.0	0	355.29378383400035	1830.844491637894	1	0	1	1.0208883551621468
163200.0	1000.0	1630.8444916378778	0.0	0	215.1731163264194	1830.844491637894	1	0	1	1.0208883551621468
164200.0	1000.0	1630.844491637889	0.0	0	491.717159679014	1830.844491637894	1	0	1	1.0208883551621468
165200.0	1000.0	1630.8444916379083	0.0	0	518.3458035892108	1830.844491637894	1	0	1	1.0208883551621468
166200.0	1000.0	1630.8444916379106	0.0	0	60.644666568608955	1830.844491637894	1	0	1	1.0208883551621468
167200.0	1000.0	1630.8444916378896	0.0	0	48.18259373807814	1830.844491637894	1	0	1	1.0208883551621468
168200.0	1000.0	1630.8444916378826	0.0	0	214.1993979293038	1830.844491637894	1	0	1	1.0208883551621468
169200.0	1000.0	1630.844491637921	0.0	0	461.1219548623194	1830.844491637894	1	0	1	1.0208883551621468
170200.0	1000.0	1630.8444916379171	0.0	0	622.2136848685332	1830.844491637894	1	0	1	1.0208883551621468
171200.0	2000.0	1630.84449163789	0.0	0	190.70486295592855	1830.8444916378648	1	0	1	1.0208883551621497
172432.62548519124	2000.0	1398.2190064466708	0.0	0	0.0	1830.8444916378357	1	0	1	1.7140355357220978
173719.36474680214	2000.0	1111.4797448357492	0.0	0	0.0	1830.8444916378066	1	0	1	1.7140355357220993
174526.19148145677	1000.0	1304.6530101811409	0.0	0	0.0	1830.8444916378357	1	0	1	0.32774117460220736
175512.84106327032	1000.0	1318.003428367573	0.0	0	0.0	1830.8444916378357	1	0	1	1.0208883551621526
176437.07113828158	1000.0	1393.77335335633	0.0	0	0.0	1830.8444916378357	1	0	1	1.0208883551621526
177200.0	1000.0	1630.8444916379317	0.0	0	189.21679271751782	1830.8444916378357	1	0	1	1.0208883551621526
178200.0	1000.0	1630.8444916378903	0.0	0	404.28796113381395	1830.8444916378066	1	0	1	1.0208883551621555
179200.0	1000.0	1630.8444916379074	0.0	0	416.8866430463677	1830.8444916378066	1	0	1	1.0208883551621555
180200.0	1000.0	1630.844491637878	0.0	0	441.21952507822425	1830.8444916377775	1	0	1	1.0208883551621584
181200.0	1000.0	1630.8444916378558	0.0	0	409.2402440291771	1830.8444916377775	1	0	1	1.0208883551621584
182963.7632056778	1000.0	867.0812859600726	0.0	0	0.0	1830.8444916377775	1	0	1	1.0208883551621584
183797.77493172762	1000.0	1033.0695599102505	0.0	0	0.0	1830.8444916377775	1	0	1	1.0208883551621584
184516.57950486755	1000.0	1314.2649867702928	0.0	0	0.0	1830.8444916377484	1	0	1	1.0208883551621615
185247.28289014276	1000.0	1583.5616014951054	0.0	0	0.0	1830.8444916377484	1	0	1	1.0208883551621615
186200.0	1000.0	1630.8444916378453	0.0	0	508.97810227496666	1830.8444916377484	1	0	1	1.0208883551621615
187200.0	1000.0	1630.8444916378396	0.0	0	402.8396813966392	1830.8444916377484	1	0	1	1.0208883551621615
188200.0	1000.0	1630.8444916378407	0.0	0	469.9693996963615	1830.8444916377484	1	0	1	1.0208883551621615
189200.0	1000.0	1630.844491637857	0.0	0	235.36155160079943	1830.8444916377484	1	0	1	1.0208883551621615
190200.0	1000.0	1630.8444916378335	0.0	0	107.12575501311221	1830.8444916377193	1	0	1	1.0208883551621641
191200.0	1000.0	1630.8444916378307	0.0	0	202.84074796698405	1830.8444916377193	1	0	1	1.0208883551621641
192200.0	1000.0	1630.8444916378537	0.0	0	328.60507076297654	1830.8444916377484	1	0	1	1.0208883551621615
193200.0	1000.0	1630.8444916378644	0.0	0	98.8799835232494	1830.8444916377484	1	0	1	1.0208883551621615
194332.48218018372	1000.0	1498.3623114541565	0.0	0	0.0	1830.8444916377484	1	0	1	1.0208883551621615
195200.0	1000.0	1630.8444916378344	0.0	0	160.27228838874726	1830.8444916377193	1	0	1	1.0208883551621641
196200.0	1000.0	1630.844491637869	0.0	0	348.79732794323354	1830.8444916377193	1	0	1	1.0208883551621641
197200.0	1000.0	1630.844491637888	0.0	0	183.33358985427185	1830.8444916377484	1	0	1	1.0208883551621615
198200.0	1000.0	1630.8444916378962	0.0	0	216.843463391182	1830.8444916377484	1	0	1	1.0208883551621615
199250.1077630979	1000.0	1580.7367285399985	0.0	0	0.0	1830.8444916377775	1	0	1	1.0208883551621608
200200.0	1000.0	1630.844491637938	0.0	0	290.78018819051795	1830.8444916377775	1	0	1	1.0208883551621584
201200.0	1000.0	1630.844491637965	0.0	0	169.9543632172281	1830.8444916378066	1	0	1	1.0208883551621555
202200.0	1000.0	1630.8444916379808	0.0	0	200.72523935145	1830.8444916378066	1	0	1	1.0208883551621555
203200.0	1000.0	1630.8444916380063	0.0	0	435.25519507037825	1830.8444916378066	1	0	1	1.0208883551621555
204200.0	1000.0	1630.8444916380133	0.0	0	434.671905730007	1830.8444916378066	1	0	1	1.0208883551621555
205200.0	1000.0	1630.8444916380415	0.0	0	277.1297265413741	1830.8444916378357	1	0	1	1.0208883551621526
206200.0	1000.0	1630.8444916379979	0.0	0	521.0708169693535	1830.8444916378357	1	0	1	1.0208883551621526
207200.0	1000.0	1630.844491637975	0.0	0	371.325196486956	1830.8444916378357	1	0	1	1.0208883551621526
208200.0	1000.0	1630.8444916379613	0.0	0	453.8474323528935	1830.8444916378357	1	0	1	1.0208883551621526
209200.0	1000.0	1630.8444916379724	0.0	0	435.2885567130288	1830.8444916378357	1	0	1	1.0208883551621526
210200.0	1000.0	1630.844491637984	0.0	0	19.06239839689806	1830.8444916378357	1	0	1	1.0208883551621526
211338.22328070065	1000.0	1492.6212109373578	0.0	0	0.0	1830.8444916378357	1	0	1	1.0208883551621526
212200.0	500.0	1630.8444916379756	0.0	0	101.14743467903463	1830.8444916378357	1	0	1	-0.36540600595773814
213200.0	1000.0	1630.8444916379635	0.0	0	103.01499323136522	1830.8444916378066	1	0	1	0.3277411746022102
214200.0	1000.0	1630.8444916379708	0.0	0	187.06600084644742	1830.8444916378066	1	0	1	1.0208883551621555
215284.02790770817	1000.0	1546.8165839297592	0.0	0	0.0	1830.8444916377775	1	0	1	1.0208883551621584
216200.0	1000.0	1630.8444916379622	0.0	0	421.13475802342873	1830.8444916378066	1	0	1	1.0208883551621555
217200.0	1000.0	1630.8444916379735	0.0	0	349.62583904591156	1830.8444916378066	1	0	1	1.0208883551621555
218200.0	1000.0	1630.8444916379651	0.0	0	56.186664154636674	1830.8444916378357	1	0	1	1.0208883551621526
219200.0	1000.0	1630.8444916379703	0.0	0	221.09750300084124	1830.8444916378357	1	0	1	1.0208883551621526
220200.0	1000.0	1630.8444916379276	0.0	0	131.60036570593365	1830.8444916378066	1	0	1	1.0208883551621555
221200.0	1000.0	1630.8444916379485	0.0	0	496.65734819028876	1830.8444916378357	1	0	1	1.0208883551621526
222200.0	1000.0	1630.844491637966	0.0	0	507.7144609420211	1830.8444916378357	1	0	1	1.0208883551621526
223200.0	1000.0	1630.8444916379376	0.0	0	461.2435307948617	1830.8444916378066	1	0	1	1.0208883551621555
224200.0	1000.0	1630.8444916379221	0.0	0	294.1188045841409	1830.8444916378066	1	0	1	1.0208883551621555
225200.0	1000.0	1630.8444916379442	0.0	0	393.73640679425444	1830.8444916378066	1	0	1	1.0208883551621555
226200.0	1000.0	1630.8444916379483	0.0	0	506.21980340973823	1830.8444916378357	1	0	1	1.0208883551621526
227200.0	1000.0	1630.8444916379597	0.0	0	327.74765586084686	1830.8444916378357	1	0	1	1.0208883551621526
228200.0	1000.0	1630.8444916379435	0.0	0	29.801165953773307	1830.8444916378357	1	0	1	1.0208883551621526
229200.0	1000.0	1630.8444916379465	0.0	0	459.6076567596174	1830.8444916378066	1	0	1	1.0208883551621555
230200.0	1000.0	1630.8444916379183	0.0	0	177.933886365965	1830.8444916377775	1	0	1	1.0208883551621584
231200.0	1000.0	1630.8444916379274	0.0	0	212.86954964368488	1830.8444916377775	1	0	1	1.0208883551621584
232200.0	1000.0	1630.8444916378949	0.0	0	444.73466692958027	1830.8444916377775	1	0	1	1.0208883551621584
233200.0	1000.0	1630.8444916379153	0.0	0	96.85712530149613	1830.8444916377775	1	0	1	1.0208883551621584
234200.0	1000.0	1630.8444916378944	0.0	0	7.40072288014926	1830.8444916377484	1	0	1	1.0208883551621615
235200.0	1000.0	1630.8444916379156	0.0	0	360.51118911770754	1830.8444916377484	1	0	1	1.0208883551621615
236200.0	1000.0	1630.8444916379085	0.0	0	518.0208204684022	1830.8444916377484	1	0	1	1.0208883551621615
237200.0	1000.0	1630.844491637907	0.0	0	248.71579829990515	1830.8444916377484	1	0	1	1.0208883551621615
238200.0	1000.0	1630.8444916378899	0.0	0	317.4478708974202	1830.8444916377193	1	0	1	1.0208883551621641
239200.0	1000.0	1630.8444916378894	0.0	0	306.51446594123263	1830.8444916377484	1	0	1	1.0208883551621615
240200.0	1000.0	1630.844491637923	0.0	0	318.74437857299927	1830.8444916377484	1	0	1	1.0208883551621615
241200.0	1000.0	1630.8444916379312	0.0	0	393.95907059375895	1830.8444916377484	1	0	1	1.0208883551621615
242200.0	1000.0	1630.844491637921	0.0	0	410.0966859863547	1830.8444916377484	1	0	1	1.0208883551621615
243389.74143914413	1000.0	1441.103052493831	0.0	0	0.0	1830.8444916378066	1	0	1	1.0208883551621568
244200.0	1000.0	1630.8444916379583	0.0	0	324.8212292344542	1830.8444916378066	1	0	1	1.0208883551621555
245200.0	1000.0	1630.8444916379701	0.0	0	234.66922481820802	1830.8444916378066	1	0	1	1.0208883551621555
246200.0	1000.0	1630.8444916379622	0.0	0	458.2668599454628	1830.8444916378066	1	0	1	1.0208883551621555
247200.0	1000.0	1630.8444916379763	0.0	0	210.73758602308226	1830.8444916378066	1	0	1	1.0208883551621555
248200.0	1000.0	1630.844491637985	0.0	0	304.0763849695213	1830.8444916378066	1	0	1	1.0208883551621555
249200.0	1000.0	1630.8444916379838	0.0	0	184.1633394890232	1830.8444916377775	1	0	1	1.0208883551621584
250200.0	1000.0	1630.8444916380072	0.0	0	115.55562262231251	1830.8444916377484	1	0	1	1.0208883551621615
251200.0	1000.0	1630.8444916380327	0.0	0	170.83047373316367	1830.8444916377484	1	0	1	1.0208883551621615
252200.0	1000.0	1630.8444916380406	0.0	0	44.73599511751672	1830.8444916377193	1	0	1	1.0208883551621641
253200.0	1000.0	1630.8444916380488	0.0	0	216.53543613417423	1830.8444916377484	1	0	1	1.0208883551621615
254200.0	1000.0	1630.8444916380704	0.0	0	348.0374831651279	1830.8444916377484	1	0	1	1.0208883551621615
255200.0	1000.0	1630.8444916380822	0.0	0	135.92633413692238	1830.8444916377484	1	0	1	1.0208883551621615
256200.0	1000.0	1630.8444916381072	0.0	0	133.80534932907904	1830.8444916377484	1	0	1	1.0208883551621615
257200.0	1000.0	1630.8444916381266	0.0	0	411.90106197388377	1830.8444916377775	1	0	1	1.0208883551621584
258200.0	1000.0	1630.8444916381534	0.0	0	474.055489091028	1830.8444916377775	1	0	1	1.0208883551621584
259200.0	1000.0	1630.8444916381452	0.0	0	347.0969704176241	1830.8444916377484	1	0	1	1.0208883551621615
260514.7271075338	1000.0	1316.117384104293	0.0	0	0.0	1830.8444916377484	1	0	1	1.0208883551621615
261672.2172209877	1000.0	1158.6272706503878	0.0	0	0.0	1830.8444916377193	1	0	1	1.0208883551621641
262299.70210248884	1000.0	1531.1423891492088	0.0	0	0.0	1830.8444916376902	1	0	1	1.0208883551621655
263250.64905056224	1000.0	1580.1954410757733	0.0	0	0.0	1830.844491637603	1	0	1	1.0208883551621728
264200.0	1000.0	1630.844491637985	0.0	0	497.38321567093953	1830.8444916375447	1	0	1	1.0208883551621781
265200.0	1000.0	1630.8444916379724	0.0	0	19.41414289700333	1830.8444916375447	1	0	1	1.0208883551621817
266200.0	1000.0	1630.8444916379137	0.0	0	87.06602144089993	1830.8444916375447	1	0	1	1.0208883551621817
267200.0	1000.0	1630.8444916378878	0.0	0	19.78807210433297	1830.8444916375447	1	0	1	1.0208883551621817
268200.0	1000.0	1630.8444916379417	0.0	0	88.07455230271444	1830.8444916374865	1	0	1	1.0208883551621875
269200.0	1000.0	1630.8444916379005	0.0	0	475.8338551906636	1830.8444916374865	1	0	1	1.0208883551621875
270200.0	1000.0	1630.8444916378623	0.0	0	570.9661300099688	1830.8444916374865	1	0	1	1.0208883551621875
271200.0	1000.0	1630.8444916377882	0.0	0	253.03967174486024	1830.8444916374865	1	0	1	1.0208883551621875
272200.0	1000.0	1630.8444916377969	0.0	0	272.5608503546682	1830.8444916374283	1	0	1	1.0208883551621932
273577.30163355713	1000.0	1253.5428580806713	0.0	0	0.0	1830.84449163737	1	0	1	1.020888355162197
274200.0	1000.0	1630.8444916378887	0.0	0	36.7352883531712	1830.84449163737	1	0	1	1.0208883551621992
275348.5797335094	1000.0	1482.2647581284687	0.0	0	0.0	1830.84449163737	1	0	1	1.0208883551621992
276200.0	1000.0	1630.8444916378648	0.0	0	155.96993403916713	1830.84449163737	1	0	1	1.0208883551621992
277252.9375668909	1000.0	1577.9069247469936	0.0	0	0.0	1830.84449163737	1	0	1	1.0208883551621992
278200.0	1000.0	1630.8444916379535	0.0	0	211.91898352553835	1830.84449163737	1	0	1	1.0208883551621992
279200.0	1000.0	1630.8444916379026	0.0	0	280.17002727481304	1830.84449163737	1	0	1	1.0208883551621992
280200.0	1000.0	1630.8444916378312	0.0	0	382.1049444289529	1830.84449163737	1	0	1	1.0208883551621992
281200.0	1000.0	1630.8444916378226	0.0	0	271.39792629145086	1830.84449163737	1	0	1	1.0208883551621992
282200.0	1000.0	1630.8444916378255	0.0	0	313.202178604668	1830.84449163737	1	0	1	1.0208883551621992
283206.013548989	1000.0	1624.8309426487338	0.0	0	0.0	1830.84449163737	1	0	1	1.0208883551621992
284373.80392612406	1000.0	1457.0405655136612	0.0	0	0.0	1830.8444916374283	1	0	1	1.0208883551621932
285200.0	1000.0	1630.8444916377211	0.0	0	15.152625775139313	1830.8444916374283	1	0	1	1.0208883551621932
286200.0	1000.0	1630.8444916376563	0.0	0	139.2763010954368	1830.84449163737	1	0	1	1.0208883551621992
287200.0	1000.0	1630.8444916375822	0.0	0	234.79667158814846	1830.84449163737	1	0	1	1.0208883551621992
288200.0	1000.0	1630.844491637645	0.0	0	346.05478329450125	1830.8444916374283	1	0	1	1.0208883551621932
289200.0	1000.0	1630.844491637632	0.0	0	341.4160804853891	1830.8444916374283	1	0	1	1.0208883551621932
290200.0	1000.0	1630.844491637666	0.0	0	92.19534348580055	1830.8444916374283	1	0	1	1.0208883551621932
291373.6260165825	1000.0	1457.2184750552576	0.0	0	0.0	1830.84449163737	1	0	1	1.0208883551621957
292228.57900034933	1000.0	1602.2654912883645	0.0	0	0.0	1830.84449163737	1	0	1	1.0208883551621992
293200.0	1000.0	1630.8444916377232	0.0	0	48.95812902942998	1830.84449163737	1	0	1	1.0208883551621992
294200.0	1000.0	1630.8444916377393	0.0	0	222.30196986161172	1830.84449163737	1	0	1	1.0208883551621992
295266.90481327754	1000.0	1563.9396783602037	0.0	0	0.0	1830.84449163737	1	0	1	1.0208883551621992
296200.0	1000.0	1630.8444916377405	0.0	0	40.72633044200484	1830.84449163737	1	0	1	1.0208883551621992
297276.57719098567	1000.0	1554.2673006520545	0.0	0	0.0	1830.8444916374283	1	0	1	1.0208883551621932
298200.0	1000.0	1630.8444916377377	0.0	0	452.92649713967694	1830.8444916374283	1	0	1	1.0208883551621932
299200.0	1000.0	1630.8444916376918	0.0	0	176.90451910428237	1830.8444916374283	1	0	1	1.0208883551621932
300200.0	1000.0	1630.8444916376532	0.0	0	233.2120937879081	1830.8444916374283	1	0	1	1.0208883551621932
1.31	0.75	0.72	1.2	1.37	1.11	1.07	1.22	1.45	1.39	1.22	1.15	1.58	1.93	1.3	1.26	1.29	2.05	2.36	3.35	1.81	1.89	1.84	1.45	1.38	1.78	1.51	1.82	2.29	2.03	0.64	0.85	1.27	1.29	1.78	1.58	1.64	1.36	0.92	1.18	1.26	1.33	0.66	1.18	1.49	1.62	0.95	1.24	1.47	1.19	1.24	1.91	2.26	1.73	1.82	1.97	2.2	1.9	1.1	1.08	0.75	1.14	1.34	1.07	1.65	1.51	1.37	1.76	1.54	2.05	2.05	1.99	1.45	1.95	2.48	1.51	1.4	1.52	1.54	1.39	2.0	1.29	1.26	2.06	2.18	1.56	1.47	2.07	1.95	1.42	1.59	0.88	2.07	1.01	1.52	1.53	1.35	1.08	0.87	1.16	1.24	1.64	1.48	1.27	1.51	2.2	2.46	1.56	0.89	0.8	1.42	1.2	1.77	0.94	1.29	1.33	0.96	1.69	1.95	1.3	1.81	0.85	1.38	1.02	1.3	1.07	1.89	1.82	1.44	1.49	1.98	1.39	0.98	1.52	1.44	1.17	1.2	1.45	1.38	1.09	1.33	1.19	1.53	1.26	1.52	1.02	1.84	1.51	1.53	1.05	1.31	0.75	0.72	1.2	1.37	1.11	1.07	1.22	1.45	1.39	1.22	1.15	1.58	1.93	1.3	1.26	1.29	2.05	2.36	3.35	1.81	1.89	1.84	1.45	1.38	1.78	1.51	1.82	2.29	2.03	0.64	0.85	1.27	1.29	1.78	1.58	1.64	1.36	0.92	1.18	1.26	1.33	0.66	1.18	1.49	1.62	0.95	1.24	1.47	1.19	1.24	1.91	2.26	1.73	1.82	1.97	2.2	1.9	1.1	1.08	0.75	1.14	1.34	1.07	1.65	1.51	1.37	1.76	1.54	2.05	2.05	1.99	1.45	1.95	2.48	1.51	1.4	1.52	1.54	1.39	2.0	1.29	1.26	2.06	2.18	1.56	1.47	2.07	1.95	1.42	1.59	0.88	2.07	1.01	1.52	1.53	1.35	1.08	0.87	1.16	1.24	1.64	1.48	1.27	1.51	2.2	2.46	1.56	0.89	0.8	1.42	1.2	1.77	0.94	1.29	1.33	0.96	1.69	1.95	1.3	1.81	0.85	1.38	1.02	1.3	1.07	1.89	1.82	1.44	1.49	1.98	1.39	0.98	1.52	1.44	1.17	1.2	1.45	1.38	1.09	1.33	1.19	1.53	1.26	1.52	1.02	1.84	1.51	1.53	1.05	1.31	0.75
1.0	2.0	3.0	4.0	5.0	6.0	7.0	8.0	9.0	10.0	11.0	12.0	13.0	14.0	15.0	16.0	17.0	18.0	19.0	20.0	21.0	22.0	23.0	24.0	25.0	26.0	27.0	28.0	29.0	30.0	31.0	32.0	33.0	34.0	35.0	36.0	37.0	38.0	39.0	40.0	41.0	42.0	43.0	44.0	45.0	46.0	47.0	48.0	49.0	50.0	51.0	52.0	53.0	54.0	55.0	56.0	57.0	58.0	59.0	60.0	61.0	62.0	63.0	64.0	65.0	66.0	67.0	68.0	69.0	70.0	71.0	72.0	73.0	74.0	75.0	76.0	77.0	78.0	79.0	80.0	81.0	82.0	83.0	84.0	85.0	86.0	87.0	88.0	89.0	90.0	91.0	92.0	93.0	94.0	95.0	96.0	97.0	98.0	99.0	100.0	101.0	102.0	103.0	104.0	105.0	106.0	107.0	108.0	109.0	110.0	111.0	112.0	113.0	114.0	115.0	116.0	117.0	118.0	119.0	120.0	121.0	122.0	123.0	124.0	125.0	126.0	127.0	128.0	129.0	130.0	131.0	132.0	133.0	134.0	135.0	136.0	137.0	138.0	139.0	140.0	141.0	142.0	143.0	144.0	145.0	146.0	147.0	148.0	149.0	149.0	150.0	151.0	152.0	153.0	154.0	155.0	156.0	157.0	158.0	159.0	160.0	161.0	162.0	163.0	164.0	165.0	166.0	167.0	168.0	169.0	170.0	171.0	172.0	173.0	174.0	175.0	176.0	177.0	178.0	179.0	180.0	181.0	182.0	183.0	184.0	185.0	186.0	187.0	188.0	189.0	190.0	191.0	192.0	193.0	194.0	195.0	196.0	197.0	198.0	199.0	200.0	201.0	202.0	203.0	204.0	205.0	206.0	207.0	208.0	209.0	210.0	211.0	212.0	213.0	214.0	215.0	216.0	217.0	218.0	219.0	220.0	221.0	222.0	223.0	224.0	225.0	226.0	227.0	228.0	229.0	230.0	231.0	232.0	233.0	234.0	235.0	236.0	237.0	238.0	239.0	240.0	241.0	242.0	243.0	244.0	245.0	246.0	247.0	248.0	249.0	250.0	251.0	252.0	253.0	254.0	255.0	256.0	257.0	258.0	259.0	260.0	261.0	262.0	263.0	264.0	265.0	266.0	267.0	268.0	269.0	270.0	271.0	272.0	273.0	274.0	275.0	276.0	277.0	278.0	279.0	280.0	281.0	282.0	283.0	284.0	285.0	286.0	287.0	288.0	289.0	290.0	291.0	292.0	293.0	294.0	295.0	296.0	297.0	298.0	298.0	299.0	300.0
2222.1679514322755
