4772.168857601628	300.0	2000.0	156.85601105776806	0	0.0	4772.168857601628	1	0	1	-1.4150041637996602
5280.021995460036	1000.0	2441.36154835575	0.0	0	0.0	4721.383543815787	1	0	2	-0.873511641089271
6014.568533959733	2000.0	2633.3603560060833	0.0	0	0.0	4647.928889965816	1	0	2	0.537499590077013
6765.455719007693	2000.0	2807.384452453327	0.0	0	0.0	4572.840171461019	1	0	2	1.237677872999333
8360.970197203895	3000.0	2052.3185264375065	0.0	0	0.0	4413.288723641401	1	0	2	1.251385864201712
9338.63347288476	2000.0	1976.888923188556	0.0	0	0.0	4315.522396073316	1	0	2	0.8577201036642284
10687.234324271445	3000.0	1493.4279866632014	0.0	0	0.0	4180.662310934646	1	0	2	1.275717913919266
11687.85343009017	3000.0	1392.7469702626024	0.0	0	0.0	4080.6004003527714	1	0	2	1.6920128293057408
12536.352765710773	3000.0	1459.39770107994	0.0	0	0.0	3995.750466790714	1	0	2	1.70085276279279
13057.031458955478	3000.0	1886.6511385107615	0.0	0	0.0	3943.6825974662424	1	0	2	1.7069658177016265
13943.325357849877	3000.0	1911.727849726923	0.0	0	0.0	3855.0532075768024	1	0	2	1.7145285456176569
15150.412130261233	3000.0	1583.9324000744318	0.0	0	0.0	3734.3445303356657	1	0	2	1.7261666662110349
16042.296281131601	3000.0	1602.859834117028	0.0	0	0.0	3645.15611524863	1	0	2	1.7358534533645251
16917.049283517823	3000.0	1640.6315314921824	0.0	0	0.0	3557.680815010006	1	0	2	1.744480234009873
17749.083251519238	3000.0	1725.3941666906267	0.0	0	0.0	3474.4774182098645	1	0	2	1.753089059936182
18734.10803234951	3000.0	1641.866907777329	0.0	0	0.0	3375.9749401268436	1	0	2	1.7627560730788134
19467.361670189628	3000.0	1908.6132699372108	0.0	0	0.0	3375.974940126842	1	0	1	1.7649875989813615
19947.441867242425	3000.0	2428.5330728844147	0.0	0	0.0	3375.974940126842	1	0	1	1.964987598981362
20532.350011436723	3000.0	2785.1341142706906	0.0	0	0.0	3317.4841257074113	1	0	2	1.569493803059438
21200.0	3000.0	3050.7191268510837	0.0	0	216.2999453076809	3250.719126851076	1	0	2	1.7748177216078438
22200.0	3000.0	3050.719126851084	0.0	0	285.49746433048495	3250.7191268510724	1	0	1	1.7775131803089386
23200.0	3000.0	2950.719126851084	0.0	0	315.5280015072203	3150.7191268510687	1	0	2	1.5837625456147797
24200.0	2000.0	2850.719126851086	0.0	0	7.298333281032683	3050.7191268510724	1	0	2	0.9839886848642369
25485.719279592307	3000.0	2436.427919299552	0.0	0	0.0	2922.1471988918456	1	0	2	1.4015141183037516
27260.58641165417	3000.0	1484.074074031504	0.0	0	0.0	2744.660485685661	1	0	2	1.8236604813633703
27910.273857560198	2000.0	1834.3866281254777	0.0	0	0.0	2744.660485685661	1	0	1	1.0171888282091504
28798.953529857612	3000.0	1945.7069558280627	0.0	0	0.0	2744.660485685661	1	0	1	1.6226539363173154
29744.005799317558	3000.0	2000.6546863681172	0.0	0	0.0	2744.660485685661	1	0	1	2.02811904442548
30384.931789223683	3000.0	2359.728696461991	0.0	0	0.0	2744.660485685661	1	0	1	2.02811904442548
31589.485708676853	3000.0	2155.1747770088223	0.0	0	0.0	2744.660485685661	1	0	1	2.02811904442548
32862.443930040085	2000.0	1882.216555645589	0.0	0	0.0	2744.660485685661	1	0	1	1.2171888282091505
33836.700145203074	2000.0	1810.5347189663041	0.0	0	0.0	2647.2348641693607	1	0	2	1.230014288849083
34619.39003383628	2000.0	2027.8448303330963	0.0	0	0.0	2647.234864169357	1	0	1	1.4323964984689455
35522.53643455938	2000.0	2124.6984296099936	0.0	0	0.0	2647.2348641693607	1	0	1	1.6323964984689459
36204.422177798464	2000.0	2374.6241120470045	0.0	0	0.0	2579.0462898454643	1	0	2	1.2374070045204006
37216.22367439307	2000.0	2261.6424657929374	0.0	0	0.0	2477.8661401859936	1	0	2	1.4461632434805685
38277.19894984924	3000.0	2200.6671903367696	0.0	0	0.0	2477.866140186001	1	0	1	1.449333370867281
39338.180497999216	3000.0	2139.6856421867997	0.0	0	0.0	2477.866140186008	1	0	1	2.0547984789754454
40200.0	3000.0	2277.866140186018	0.0	0	101.38807548585464	2477.866140186008	1	0	1	2.0547984789754454
41200.0	2000.0	2277.866140186016	0.0	0	235.70713125170732	2477.866140186001	1	0	1	1.2438682627591167
42268.78608612059	2000.0	2209.0800540654136	0.0	0	0.0	2477.8661401859936	1	0	1	1.649333370867282
43697.71234995324	3000.0	1780.1537902327661	0.0	0	0.0	2477.8661401859936	1	0	1	1.6493333708672822
44865.250511679005	3000.0	1612.6156285070053	0.0	0	0.0	2477.8661401859936	1	0	1	2.0547984789754468
45571.038361767	3000.0	1836.2489934102034	0.0	0	0.0	2407.287355177192	1	0	2	1.660121495866897
46676.06243493567	3000.0	1731.224920241535	0.0	0	0.0	2407.287355177199	1	0	1	1.861856357476326
47316.163787560705	3000.0	2091.123567616509	0.0	0	0.0	2407.2873551772063	1	0	1	2.0618563574763256
48200.0	3000.0	2207.2873551772086	0.0	0	255.5906706661408	2407.2873551772063	1	0	1	2.0618563574763256
49200.0	3000.0	2207.2873551772045	0.0	0	425.7186981187624	2407.2873551772063	1	0	1	2.0618563574763256
50522.290936998914	3000.0	1884.9964181782932	0.0	0	0.0	2407.2873551772063	1	0	1	2.0618563574763256
51200.0	2000.0	2207.2873551771995	0.0	0	123.00515340433049	2407.287355177199	1	0	1	1.2509261412599968
52376.951168460095	2000.0	2030.3361867171075	0.0	0	0.0	2407.287355177199	1	0	1	1.6563912493681614
53574.49433110219	2000.0	1832.7930240750024	0.0	0	0.0	2407.287355177192	1	0	1	1.656391249368162
54877.25208847876	3000.0	1530.0352666984315	0.0	0	0.0	2407.287355177192	1	0	1	1.6563912493681623
56180.11265641633	3000.0	1227.1746987608608	0.0	0	0.0	2407.287355177199	1	0	1	2.0618563574763265
57464.16693116925	3000.0	943.1204240079476	0.0	0	0.0	2407.287355177199	1	0	1	2.0618563574763265
58500.47728801604	2000.0	906.8100671611567	0.0	0	0.0	2407.287355177192	1	0	1	1.2509261412599975
59065.674724280994	2000.0	1341.6126308962014	0.0	0	0.0	2407.2873551771845	1	0	1	1.656391249368163
60188.67087419979	3000.0	1218.6164809774045	0.0	0	0.0	2407.2873551771845	1	0	1	1.6563912493681632
60998.65359414341	3000.0	1408.633761033778	0.0	0	0.0	2407.2873551771772	1	0	1	2.0618563574763282
61786.49613806146	2000.0	1620.7912171157338	0.0	0	0.0	2407.2873551771772	1	0	1	1.250926141259999
62407.62839116317	2000.0	1999.658964014022	0.0	0	0.0	2407.2873551771845	1	0	1	1.656391249368163
63200.0	2000.0	2207.2873551771845	0.0	0	11.354946031548025	2407.2873551771845	1	0	1	1.656391249368163
64200.0	2000.0	2207.287355177188	0.0	0	113.75679108543409	2407.2873551771845	1	0	1	1.656391249368163
65956.00092456199	3000.0	1275.6863381589965	0.0	0	0.0	2231.6872627209887	1	0	2	1.2693135093509902
67456.60993543302	3000.0	775.0773272879584	0.0	0	0.0	2231.6872627209814	1	0	1	1.8794163667219481
68316.07850823941	3000.0	915.6087544815653	0.0	0	0.0	2231.6872627209814	1	0	1	2.079416366721948
68952.70292281003	3000.0	1278.9843399109375	0.0	0	0.0	2231.687262720996	1	0	1	2.0794163667219463
69445.018070091	3000.0	1786.6691926299557	0.0	0	0.0	2231.687262720996	1	0	1	2.0794163667219463
70200.0	3000.0	2031.6872627209495	0.0	0	101.09195354758413	2231.687262720996	1	0	1	2.0794163667219463
71355.82700907947	3000.0	1875.860253641465	0.0	0	0.0	2231.687262720996	1	0	1	2.0794163667219463
72455.96211233428	3000.0	1775.7251503866423	0.0	0	0.0	2231.6872627209814	1	0	1	2.079416366721948
73588.69644169133	3000.0	1642.990821029585	0.0	0	0.0	2231.687262720967	1	0	1	2.0794163667219494
74586.23725569705	3000.0	1645.4500070238573	0.0	0	0.0	2231.687262720967	1	0	1	2.0794163667219494
75327.98254298199	3000.0	1903.704719738922	0.0	0	0.0	2231.6872627209814	1	0	1	2.079416366721948
76774.68619910652	3000.0	1457.0010636143732	0.0	0	0.0	2231.6872627209814	1	0	1	2.079416366721948
77896.60911430386	3000.0	1335.078148417031	0.0	0	0.0	2231.6872627209814	1	0	1	2.079416366721948
78570.44790041262	3000.0	1661.2393623082837	0.0	0	0.0	2231.6872627209814	1	0	1	2.079416366721948
79211.35327346677	3000.0	2020.3339892541505	0.0	0	0.0	2231.6872627209814	1	0	1	2.079416366721948
80200.0	3000.0	2031.6872627209164	0.0	0	87.11827781351167	2231.687262720967	1	0	1	2.0794163667219494
81200.0	3000.0	2031.687262720921	0.0	0	114.8560496080463	2231.6872627209814	1	0	1	2.079416366721948
82200.0	3000.0	2031.6872627209214	0.0	0	134.08854055507982	2231.687262720967	1	0	1	2.0794163667219494
83200.0	3000.0	2031.6872627209236	0.0	0	221.24646060922532	2231.6872627209523	1	0	1	2.0794163667219507
84200.0	3000.0	2031.6872627209314	0.0	0	373.37570120241435	2231.6872627209523	1	0	1	2.0794163667219507
85200.0	3000.0	2031.6872627209477	0.0	0	350.14618147361034	2231.6872627209523	1	0	1	2.0794163667219507
86236.37204717755	3000.0	1995.3152155434102	0.0	0	0.0	2231.6872627209523	1	0	1	2.0794163667219507
87327.32778890152	3000.0	1904.3594738194543	0.0	0	0.0	2231.6872627209523	1	0	1	2.0794163667219507
88200.0	3000.0	2031.6872627209632	0.0	0	175.2014296829875	2231.6872627209523	1	0	1	2.0794163667219507
89311.76199148962	3000.0	1808.7490720823791	0.0	0	0.0	2120.5110635719902	1	0	2	1.687390688657163
90200.0	3000.0	1920.5110635719907	0.0	0	60.94835648749722	2120.5110635719902	1	0	1	1.890533986636847
91666.01598480347	3000.0	1454.4950787685245	0.0	0	0.0	2120.5110635719902	1	0	1	2.090533986636847
93000.13906480926	3000.0	1120.3719987627292	0.0	0	0.0	2120.5110635719902	1	0	1	2.090533986636847
94114.24351149212	3000.0	1006.2675520798799	0.0	0	0.0	2120.5110635719902	1	0	1	2.090533986636847
95567.97061716321	3000.0	552.5404464088097	0.0	0	0.0	2120.5110635719902	1	0	1	2.090533986636847
96578.97540225522	3000.0	541.535661316788	0.0	0	0.0	2120.5110635719757	1	0	1	2.0905339866368484
97338.8708212135	3000.0	781.6402423584897	0.0	0	0.0	2120.511063571961	1	0	1	2.09053398663685
98041.74431068322	3000.0	1078.766752888765	0.0	0	0.0	2120.511063571961	1	0	1	2.09053398663685
98824.83629289371	3000.0	1295.674770678287	0.0	0	0.0	2120.5110635719466	1	0	1	2.0905339866368515
99586.23948310422	3000.0	1534.2715804677675	0.0	0	0.0	2120.5110635719466	1	0	1	2.0905339866368515
100740.06955193037	3000.0	1380.4415116416044	0.0	0	0.0	2120.5110635719466	1	0	1	2.0905339866368515
101568.1357528252	2000.0	1552.3753107467808	0.0	0	0.0	2120.5110635719466	1	0	1	1.2796037704205219
102264.41823533778	2000.0	1856.092828234176	0.0	0	0.0	2120.5110635719466	1	0	1	1.6850688785286865
103200.0	3000.0	1920.5110635719611	0.0	0	212.2412524537358	2120.5110635719466	1	0	1	1.6850688785286867
104230.57963433003	3000.0	1889.931429241934	0.0	0	0.0	2120.5110635719466	1	0	1	2.0905339866368515
105343.85983962253	3000.0	1776.6512239494555	0.0	0	0.0	2120.511063571961	1	0	1	2.09053398663685
106464.14901477871	3000.0	1656.3620487932671	0.0	0	0.0	2120.5110635719466	1	0	1	2.0905339866368515
107200.0	3000.0	1920.5110635719802	0.0	0	40.40847959429084	2120.5110635719466	1	0	1	2.0905339866368515
108200.0	3000.0	1920.5110635719952	0.0	0	252.21745476777141	2120.5110635719466	1	0	1	2.0905339866368515
109200.0	3000.0	1920.5110635720016	0.0	0	219.31004289492557	2120.5110635719466	1	0	1	2.0905339866368515
110378.55684375917	3000.0	1741.9542198128395	0.0	0	0.0	2120.5110635719466	1	0	1	2.0905339866368515
111500.26971537886	3000.0	1620.2413481931515	0.0	0	0.0	2120.5110635719466	1	0	1	2.0905339866368515
112513.28985584866	3000.0	1607.2212077233514	0.0	0	0.0	2120.5110635719466	1	0	1	2.0905339866368515
113476.01649124085	3000.0	1644.4945723311673	0.0	0	0.0	2120.5110635719466	1	0	1	2.0905339866368515
114200.0	3000.0	1920.5110635720189	0.0	0	68.22126424941234	2120.511063571932	1	0	1	2.090533986636853
115200.0	3000.0	1920.511063572024	0.0	0	221.31292053320794	2120.511063571932	1	0	1	2.090533986636853
116200.0	3000.0	1920.5110635720248	0.0	0	515.4044405835011	2120.511063571932	1	0	1	2.090533986636853
117206.27765418001	3000.0	1914.2334093920058	0.0	0	0.0	2120.5110635719466	1	0	1	2.0905339866368515
118200.0	3000.0	1821.138828990015	0.0	0	200.42468783269578	2021.1388289899332	1	0	2	1.6969763343016482
119699.55471919416	3000.0	1321.5841097958537	0.0	0	0.0	2021.1388289899478	1	0	1	1.9004712100950512
121171.37230241591	3000.0	849.7665265741063	0.0	0	0.0	2021.1388289899478	1	0	1	2.1004712100950513
122440.32794436063	3000.0	580.8108846293825	0.0	0	0.0	2021.1388289899478	1	0	1	2.1004712100950513
123225.21486339433	3000.0	795.9239655956991	0.0	0	0.0	2021.1388289899478	1	0	1	2.1004712100950513
123879.27784471573	3000.0	1141.860984274293	0.0	0	0.0	2021.1388289899332	1	0	1	2.100471210095053
124853.81523551527	3000.0	1167.32359347476	0.0	0	0.0	2021.1388289899332	1	0	1	2.100471210095053
125823.24437538873	3000.0	1197.8944536012727	0.0	0	0.0	2021.1388289899332	1	0	1	2.100471210095053
127006.0388601777	3000.0	1015.0999688123118	0.0	0	0.0	2021.1388289899187	1	0	1	2.1004712100950544
127752.2659428259	3000.0	1268.8728861641082	0.0	0	0.0	2021.1388289899187	1	0	1	2.1004712100950544
128543.41953005514	3000.0	1477.719298934872	0.0	0	0.0	2021.1388289899187	1	0	1	2.1004712100950544
129403.87320780568	3000.0	1617.2656211843266	0.0	0	0.0	2021.1388289899187	1	0	1	2.1004712100950544
130200.0	3000.0	1821.1388289900055	0.0	0	181.91547635530878	2021.1388289899187	1	0	1	2.1004712100950544
131200.0	3000.0	1821.1388289900283	0.0	0	342.36500574005186	2021.1388289899332	1	0	1	2.100471210095054
132283.28273154295	3000.0	1737.8560974470668	0.0	0	0.0	2021.1388289899187	1	0	1	2.1004712100950544
133200.0	3000.0	1821.138828990054	0.0	0	223.01266674947692	2021.1388289899623	1	0	1	2.100471210095052
134200.0	3000.0	1821.1388289900367	0.0	0	253.36197752866428	2021.1388289899332	1	0	1	2.100471210095053
135200.0	3000.0	1821.138828990054	0.0	0	316.53091440172284	2021.1388289899332	1	0	1	2.100471210095053
136367.2471260727	3000.0	1653.8917029173579	0.0	0	0.0	2021.1388289899623	1	0	1	2.10047121009505
137367.13251521467	3000.0	1654.006313775378	0.0	0	0.0	2021.1388289899332	1	0	1	2.100471210095053
138661.93905872703	3000.0	1359.1997702630192	0.0	0	0.0	2021.1388289899332	1	0	1	2.100471210095053
139923.5692309804	3000.0	1097.5695980096461	0.0	0	0.0	2021.1388289899332	1	0	1	2.100471210095053
141026.06675165775	3000.0	995.0720773323378	0.0	0	0.0	2021.1388289899332	1	0	1	2.100471210095053
142183.15346121282	3000.0	837.985367777267	0.0	0	0.0	2021.1388289899332	1	0	1	2.100471210095053
142863.0011951299	2000.0	1158.1376338601133	0.0	0	0.0	2021.1388289899332	1	0	1	1.2895409938787232
143808.17141218978	3000.0	1212.9674168002402	0.0	0	0.0	2021.1388289899332	1	0	1	1.6950061019868883
144468.06399585158	3000.0	1553.0748331384757	0.0	0	0.0	2021.1388289899332	1	0	1	2.100471210095053
145200.0	3000.0	1821.138828990033	0.0	0	303.56344068364706	2021.1388289899623	1	0	1	2.10047121009505
146200.0	3000.0	1821.1388289900333	0.0	0	554.3996825702488	2021.1388289899623	1	0	1	2.10047121009505
147200.0	3000.0	1721.1388289900117	0.0	0	636.2216837562155	1921.1388289899041	1	0	2	1.7064712100950525
148200.0	3000.0	1721.1388289900078	0.0	0	497.4258961038722	1921.1388289899041	1	0	1	1.9104712100950554
149200.0	3000.0	1621.138828990024	0.0	0	11.335800501488848	1821.1388289899332	1	0	2	1.7178928963736715
150200.0	3000.0	1621.138828990017	0.0	0	279.25967905737343	1821.1388289899041	1	0	1	1.9204712100950556
151200.0	3000.0	1621.1388289900178	0.0	0	63.309495936351595	1821.1388289899041	1	0	1	2.120471210095056
152296.2346201823	3000.0	1524.9042088076924	0.0	0	0.0	1821.138828989875	1	0	1	2.1204712100950585
153214.21000644076	3000.0	1606.9288225492382	0.0	0	0.0	1821.138828989875	1	0	1	2.1204712100950585
154619.8130137482	3000.0	1201.3258152417848	0.0	0	0.0	1821.138828989875	1	0	1	2.1204712100950607
155487.15082676976	3000.0	1333.9880022202296	0.0	0	0.0	1821.1388289899041	1	0	1	2.120471210095058
156451.95799065815	2000.0	1369.180838331843	0.0	0	0.0	1821.1388289899041	1	0	1	1.3095409938787264
157592.27035301752	2000.0	1228.8684759724897	0.0	0	0.0	1821.1388289899332	1	0	1	1.7150061019868879
159018.6321680935	3000.0	802.5066608965107	0.0	0	0.0	1821.1388289899041	1	0	1	1.7150061019868912
159817.20976693917	3000.0	1003.9290620508298	0.0	0	0.0	1821.1388289899041	1	0	1	2.120471210095056
160917.09537289053	3000.0	904.0434560994624	0.0	0	0.0	1821.1388289899332	1	0	1	2.1204712100950527
161577.37245806985	3000.0	1243.7663709201329	0.0	0	0.0	1821.1388289899332	1	0	1	2.1204712100950527
162200.0	3000.0	1621.1388289899455	0.0	0	13.077713957725791	1821.1388289899332	1	0	1	2.1204712100950527
163200.0	3000.0	1621.1388289899644	0.0	0	345.3450827470806	1821.1388289899623	1	0	1	2.12047121009505
164333.9766134034	3000.0	1487.1622155865284	0.0	0	0.0	1821.1388289899332	1	0	1	2.1204712100950527
165256.65935816706	3000.0	1564.4794708228985	0.0	0	0.0	1821.1388289899332	1	0	1	2.1204712100950527
166274.99092281627	3000.0	1546.1479061736757	0.0	0	0.0	1821.1388289899332	1	0	1	2.1204712100950527
167200.0	3000.0	1621.1388289899385	0.0	0	42.69267943259911	1821.1388289899332	1	0	1	2.1204712100950527
168200.0	3000.0	1621.1388289899378	0.0	0	410.5185029457207	1821.1388289899332	1	0	1	2.1204712100950527
169200.0	3000.0	1621.1388289899724	0.0	0	375.2920008272049	1821.1388289899623	1	0	1	2.12047121009505
170200.0	3000.0	1621.1388289899714	0.0	0	590.8185684576165	1821.1388289899332	1	0	1	2.1204712100950522
171200.0	3000.0	1621.1388289899805	0.0	0	405.6336227989814	1821.1388289899332	1	0	1	2.1204712100950536
172314.37148337325	3000.0	1506.7673456167622	0.0	0	0.0	1821.1388289899332	1	0	1	2.1204712100950527
173200.0	2000.0	1621.1388289900299	0.0	0	207.66947368052206	1821.1388289899332	1	0	1	1.3095409938787232
174480.20668341607	3000.0	1340.9321455739878	0.0	0	0.0	1821.1388289899623	1	0	1	1.7150061019868852
175843.7344393148	2000.0	977.4043896752287	0.0	0	0.0	1821.1388289899332	1	0	1	1.3095409938787221
176624.48689301667	2000.0	1196.651935973387	0.0	0	0.0	1821.1388289899623	1	0	1	1.715006101986885
177489.21196454536	3000.0	1331.9268644446909	0.0	0	0.0	1821.1388289899332	1	0	1	1.7150061019868883
178461.34944774726	3000.0	1359.7893812428183	0.0	0	0.0	1821.1388289899332	1	0	1	2.1204712100950527
179209.4250647699	3000.0	1611.7137642202092	0.0	0	0.0	1821.1388289899623	1	0	1	2.12047121009505
180280.67877172265	3000.0	1540.4600572674467	0.0	0	0.0	1821.1388289899623	1	0	1	2.12047121009505
181200.0	2000.0	1621.1388289901197	0.0	0	236.75271722389152	1821.1388289899623	1	0	1	1.3095409938787204
182501.47080391014	2000.0	1319.6680250799916	0.0	0	0.0	1821.1388289899623	1	0	1	1.715006101986885
183750.9797679151	2000.0	1070.159061075065	0.0	0	0.0	1821.1388289899915	1	0	1	1.7150061019868823
184521.58357553615	2000.0	1299.5552534540127	0.0	0	0.0	1821.1388289899915	1	0	1	1.7150061019868823
185305.77788709887	2000.0	1515.3609418912902	0.0	0	0.0	1821.1388289899915	1	0	1	1.7150061019868823
186503.76913708585	2000.0	1317.3696919043234	0.0	0	0.0	1821.1388289899915	1	0	1	1.7150061019868823
187200.0	2000.0	1621.138828990151	0.0	0	14.940369264833862	1821.1388289900206	1	0	1	1.7150061019868792
188200.0	2000.0	1621.1388289901597	0.0	0	391.33543573407223	1821.1388289900206	1	0	1	1.7150061019868792
189200.0	2000.0	1621.138828990161	0.0	0	368.1827334870177	1821.1388289900206	1	0	1	1.7150061019868792
190200.0	2000.0	1621.1388289901606	0.0	0	329.3303582125518	1821.1388289899915	1	0	1	1.7150061019868816
191200.0	2000.0	1621.1388289901302	0.0	0	239.00776837105514	1821.1388289899915	1	0	1	1.7150061019868823
192329.12161580918	2000.0	1492.0172131809695	0.0	0	0.0	1821.1388289899623	1	0	1	1.715006101986885
193200.0	2000.0	1621.1388289901477	0.0	0	84.87869249054347	1821.1388289899623	1	0	1	1.715006101986885
194461.22379882078	3000.0	1233.7926502872947	0.0	0	0.0	1695.016449107905	1	0	2	1.324291247963028
195200.0	3000.0	1495.0164491080945	0.0	0	78.31985822599381	1695.016449107905	1	0	1	1.9330834480832553
196200.0	3000.0	1495.016449108094	0.0	0	162.2581289304071	1695.016449107905	1	0	1	2.1330834480832555
197200.0	3000.0	1495.0164491080989	0.0	0	341.5321637573361	1695.016449107934	1	0	1	2.133083448083253
198200.0	3000.0	1495.016449108101	0.0	0	81.31209629846853	1695.0164491079631	1	0	1	2.1330834480832497
199200.0	2000.0	1495.0164491081039	0.0	0	412.85929433393176	1695.0164491079631	1	0	1	1.3221532318669205
200200.0	2000.0	1495.0164491081148	0.0	0	316.5415119753452	1695.016449107934	1	0	1	1.727618339975088
201510.1183330688	2000.0	1184.8981160393173	0.0	0	0.0	1695.016449107934	1	0	1	1.7276183399750902
202745.55156224413	2000.0	949.4648868639902	0.0	0	0.0	1695.0164491079631	1	0	1	1.727618339975086
203477.3759510465	2000.0	1217.6404980616132	0.0	0	0.0	1695.0164491079631	1	0	1	1.727618339975085
204200.0	2000.0	1495.016449108098	0.0	0	277.4542689761438	1695.016449107934	1	0	1	1.727618339975088
205200.0	2000.0	1495.0164491081127	0.0	0	467.88685634103604	1695.0164491079631	1	0	1	1.727618339975086
206335.97889808705	2000.0	1359.0375510210533	0.0	0	0.0	1695.0164491079631	1	0	1	1.727618339975085
207278.42590384834	2000.0	1416.5905452597751	0.0	0	0.0	1695.0164491079922	1	0	1	1.7276183399750822
208200.0	3000.0	1495.016449108138	0.0	0	150.42047988943523	1695.0164491079631	1	0	1	1.727618339975085
209200.0	2000.0	1495.0164491081518	0.0	0	244.2329766789917	1695.0164491079631	1	0	1	1.3221532318669205
210200.0	2000.0	1495.0164491081432	0.0	0	167.39243977583828	1695.0164491079631	1	0	1	1.727618339975085
211200.0	2000.0	1495.016449108163	0.0	0	440.05259355626185	1695.0164491079631	1	0	1	1.727618339975085
212200.0	2000.0	1495.0164491081578	0.0	0	337.18603862906457	1695.0164491079631	1	0	1	1.727618339975085
213200.0	2000.0	1495.01644910815	0.0	0	186.97125668101944	1695.0164491079631	1	0	1	1.727618339975085
214200.0	2000.0	1495.0164491081543	0.0	0	102.7533442096319	1695.0164491079922	1	0	1	1.7276183399750822
215454.84005713154	3000.0	1240.176391976573	0.0	0	0.0	1695.0164491079922	1	0	1	1.7276183399750824
216317.75359170546	3000.0	1377.2628574026855	0.0	0	0.0	1695.0164491079922	1	0	1	2.133083448083247
217200.0	3000.0	1495.0164491081603	0.0	0	93.25089196639601	1695.0164491079922	1	0	1	2.133083448083247
218200.0	3000.0	1495.0164491081275	0.0	0	493.8340463016939	1695.0164491079922	1	0	1	2.133083448083247
219200.0	3000.0	1495.0164491081412	0.0	0	330.92234698391985	1695.0164491080213	1	0	1	2.133083448083244
220388.2352480636	3000.0	1306.7812010445305	0.0	0	0.0	1695.0164491080504	1	0	1	2.1330834480832412
221200.0	3000.0	1495.0164491081507	0.0	0	1.4905648788553663	1695.0164491080504	1	0	1	2.1330834480832412
222200.0	3000.0	1495.0164491081796	0.0	0	71.12994089303538	1695.0164491080504	1	0	1	2.1330834480832412
223200.0	3000.0	1495.0164491081864	0.0	0	81.67537652922329	1695.0164491080504	1	0	1	2.1330834480832412
224222.06316316628	3000.0	1472.9532859418787	0.0	0	0.0	1695.0164491080213	1	0	1	2.133083448083244
225445.52024603196	3000.0	1249.4962030762022	0.0	0	0.0	1695.0164491080213	1	0	1	2.133083448083244
226331.51862967544	3000.0	1363.49781943269	0.0	0	0.0	1695.0164491079922	1	0	1	2.133083448083247
227200.0	3000.0	1495.0164491081591	0.0	0	252.12005747295916	1695.0164491079922	1	0	1	2.133083448083247
228200.0	3000.0	1495.0164491081557	0.0	0	392.9724053691898	1695.0164491079922	1	0	1	2.133083448083247
229200.0	3000.0	1495.016449108154	0.0	0	500.15471043935395	1695.0164491079922	1	0	1	2.133083448083247
230200.0	3000.0	1495.0164491081157	0.0	0	391.2420749216981	1695.0164491079922	1	0	1	2.133083448083247
231200.0	3000.0	1495.0164491081105	0.0	0	239.5369641299185	1695.0164491079922	1	0	1	2.133083448083247
232200.0	3000.0	1495.016449108122	0.0	0	496.3304683728784	1695.0164491080213	1	0	1	2.133083448083244
233200.0	3000.0	1495.0164491081212	0.0	0	230.1887849396735	1695.0164491079922	1	0	1	2.133083448083247
234200.0	3000.0	1495.016449108109	0.0	0	391.16777591139544	1695.0164491079922	1	0	1	2.133083448083247
235200.0	3000.0	1495.0164491081414	0.0	0	171.1346764676855	1695.0164491080213	1	0	1	2.133083448083244
236200.0	3000.0	1495.0164491081414	0.0	0	53.39779585393262	1695.0164491080504	1	0	1	2.1330834480832412
237200.0	3000.0	1495.0164491081343	0.0	0	265.39268621546216	1695.0164491080795	1	0	1	2.133083448083238
238484.51606429444	3000.0	1210.5003848136926	0.0	0	0.0	1695.0164491081086	1	0	1	2.1330834480832377
239200.0	1000.0	1495.0164491081791	0.0	0	292.2675305349694	1695.0164491081086	1	0	1	-0.06414112925298449
240200.0	2000.0	1495.0164491082096	0.0	0	38.16273689296213	1695.0164491081086	1	0	1	1.0344711594151255
241200.0	2000.0	1495.0164491082187	0.0	0	70.01392405375373	1695.0164491080795	1	0	1	1.7276183399750733
242200.0	2000.0	1495.016449108231	0.0	0	122.51482427236624	1695.0164491080795	1	0	1	1.7276183399750733
243571.9437179114	3000.0	1123.0727311968162	0.0	0	0.0	1695.0164491080795	1	0	1	1.7276183399750713
244532.20883471606	3000.0	1162.8076143921207	0.0	0	0.0	1695.0164491080504	1	0	1	2.1330834480832412
245331.22709286184	3000.0	1363.78935624633	0.0	0	0.0	1695.0164491080213	1	0	1	2.133083448083244
246248.112627085	3000.0	1446.903822023116	0.0	0	0.0	1695.0164491079922	1	0	1	2.133083448083247
247200.0	3000.0	1495.0164491081132	0.0	0	144.71495073655387	1695.0164491079631	1	0	1	2.1330834480832497
248200.0	3000.0	1495.0164491081125	0.0	0	504.21905201577465	1695.0164491079631	1	0	1	2.1330834480832497
249200.0	3000.0	1495.0164491081298	0.0	0	290.8982476752717	1695.0164491079631	1	0	1	2.1330834480832497
250200.0	3000.0	1495.0164491081237	0.0	0	99.85828557499917	1695.016449107934	1	0	1	2.133083448083253
251440.95063492062	3000.0	1254.0658141875247	0.0	0	0.0	1695.016449107934	1	0	1	2.133083448083253
252200.0	3000.0	1495.0164491081327	0.0	0	103.78629339236068	1695.016449107905	1	0	1	2.1330834480832555
253276.11332101744	3000.0	1418.903128090695	0.0	0	0.0	1695.016449107905	1	0	1	2.1330834480832555
254830.2174037991	3000.0	864.79904530905	0.0	0	0.0	1695.016449107905	1	0	1	2.133083448083257
255746.48438260454	3000.0	948.5320665035969	0.0	0	0.0	1695.0164491078758	1	0	1	2.1330834480832572
256589.99574932072	3000.0	1105.0206997874016	0.0	0	0.0	1695.0164491078758	1	0	1	2.1330834480832586
257407.45818590515	3000.0	1287.5582632029436	0.0	0	0.0	1695.0164491078758	1	0	1	2.1330834480832586
258255.58748567197	3000.0	1439.4289634361282	0.0	0	0.0	1695.0164491078758	1	0	1	2.1330834480832586
259200.0	3000.0	1495.0164491081046	0.0	0	108.88075003755512	1695.016449107905	1	0	1	2.1330834480832555
260200.0	3000.0	1495.0164491080857	0.0	0	230.37422827171395	1695.016449107905	1	0	1	2.1330834480832555
261506.014034555	3000.0	1189.0024145530683	0.0	0	0.0	1695.016449107905	1	0	1	2.1330834480832555
262405.79708440194	3000.0	1289.2193647061579	0.0	0	0.0	1695.0164491079922	1	0	1	2.13308344808325
263200.0	3000.0	1495.0164491080254	0.0	0	22.14448242582148	1695.016449107905	1	0	1	2.1330834480832532
264200.0	3000.0	1495.0164491080916	0.0	0	265.6994238879997	1695.0164491080213	1	0	1	2.133083448083247
265200.0	3000.0	1495.0164491080723	0.0	0	375.48971014341805	1695.0164491079631	1	0	1	2.1330834480832497
266200.0	3000.0	1495.016449108034	0.0	0	222.31991153775016	1695.016449107905	1	0	1	2.1330834480832555
267200.0	3000.0	1495.0164491080877	0.0	0	217.7117716440698	1695.016449107905	1	0	1	2.1330834480832555
268200.0	2000.0	1495.0164491080548	0.0	0	87.97457712003961	1695.016449107905	1	0	1	1.3221532318669262
269803.15448569163	3000.0	891.8619634163852	0.0	0	0.0	1695.016449107905	1	0	1	1.7276183399750908
271089.3438581916	3000.0	605.6725909164481	0.0	0	0.0	1695.016449107905	1	0	1	2.1330834480832555
271967.05050026765	3000.0	727.9659488404427	0.0	0	0.0	1695.016449107905	1	0	1	2.1330834480832555
272657.75264437933	3000.0	1037.2638047287144	0.0	0	0.0	1695.0164491078467	1	0	1	2.1330834480832612
273578.1843297651	3000.0	1116.832119343008	0.0	0	0.0	1695.0164491078467	1	0	1	2.1330834480832612
274608.1394005725	3000.0	1086.8770485355417	0.0	0	0.0	1695.0164491078467	1	0	1	2.1330834480832612
275740.99122661696	3000.0	954.0252224910515	0.0	0	0.0	1695.016449107905	1	0	1	2.133083448083259
276540.48086531565	3000.0	1154.5355837924112	0.0	0	0.0	1695.0164491079631	1	0	1	2.1330834480832532
277428.5590651041	3000.0	1266.4573840039182	0.0	0	0.0	1695.0164491079631	1	0	1	2.1330834480832497
278409.2556354356	3000.0	1285.7608136724705	0.0	0	0.0	1695.0164491079631	1	0	1	2.1330834480832497
279200.0	3000.0	1495.0164491080639	0.0	0	51.73427590250503	1695.0164491079631	1	0	1	2.1330834480832497
280200.0	3000.0	1495.01644910804	0.0	0	146.58942411938915	1695.0164491079631	1	0	1	2.1330834480832497
281339.75603661215	3000.0	1355.260412495849	0.0	0	0.0	1695.016449107905	1	0	1	2.1330834480832555
282405.6120967097	3000.0	1289.4043523983007	0.0	0	0.0	1695.016449107905	1	0	1	2.1330834480832555
283200.0	3000.0	1495.0164491080645	0.0	0	320.133094759949	1695.016449107905	1	0	1	2.1330834480832555
284200.0	3000.0	1495.0164491080711	0.0	0	333.6676434869878	1695.0164491079631	1	0	1	2.1330834480832497
285200.0	3000.0	1495.0164491080795	0.0	0	90.88545004819753	1695.0164491079631	1	0	1	2.1330834480832497
286200.0	3000.0	1495.0164491080193	0.0	0	102.07496605149936	1695.0164491079631	1	0	1	2.1330834480832497
287257.6883641663	3000.0	1437.328084941695	0.0	0	0.0	1695.0164491080213	1	0	1	2.133083448083244
288350.39812725893	3000.0	1344.6183218489844	0.0	0	0.0	1695.0164491080213	1	0	1	2.133083448083244
289384.68357191683	3000.0	1310.3328771910758	0.0	0	0.0	1695.0164491079631	1	0	1	2.1330834480832497
291007.8392610535	3000.0	687.1771880544038	0.0	0	0.0	1695.0164491079631	1	0	1	2.1330834480832497
292274.061855311	3000.0	420.9545937969612	0.0	0	0.0	1695.0164491079631	1	0	1	2.1330834480832497
292803.10881031456	3000.0	891.9076387933715	0.0	0	0.0	1695.0164491079631	1	0	1	2.1330834480832497
293546.1076274857	3000.0	1148.9088216222044	0.0	0	0.0	1695.0164491079631	1	0	1	2.1330834480832497
294200.0	3000.0	1495.016449107925	0.0	0	169.67304352245992	1695.0164491079631	1	0	1	2.1330834480832497
295200.0	3000.0	1495.0164491079763	0.0	0	569.3124082568684	1695.0164491080213	1	0	1	2.1330834480832452
296200.0	3000.0	1495.0164491079981	0.0	0	599.9964331327355	1695.0164491080213	1	0	1	2.133083448083244
297200.0	3000.0	1495.0164491079893	0.0	0	295.91854735452216	1695.0164491080795	1	0	1	2.133083448083238
298200.0	3000.0	1495.0164491079668	0.0	0	205.05568290693918	1695.0164491080795	1	0	1	2.133083448083238
299200.0	3000.0	1495.0164491079963	0.0	0	161.34746768680634	1695.0164491080795	1	0	1	2.133083448083238
300342.79098901723	3000.0	1352.2254600907584	0.0	0	0.0	1695.0164491080795	1	0	1	2.133083448083238
2.48	3.15	2.65	2.19	1.63	2.56	3.34	4.01	4.7	3.07	3.38	3.74	3.23	3.76	4.81	6.14	7.24	3.64	3.31	2.64	2.24	1.95	1.85	2.62	3.75	4.53	3.28	2.03	2.02	2.02	2.62	3.53	1.88	2.77	3.3	3.52	1.99	2.2	1.54	2.24	3.36	3.42	4.4	5.57	3.35	2.2	2.86	1.88	1.14	2.79	3.75	2.65	2.34	2.43	3.44	3.01	3.08	2.98	2.26	2.65	1.49	2.22	2.85	4.11	5.32	5.8	2.61	3.04	3.7	3.7	3.8	2.03	3.17	4.36	4.44	4.55	3.88	4.39	5.15	5.0	4.08	2.79	3.56	3.32	3.27	2.86	1.82	2.42	3.16	2.57	2.77	3.53	3.82	5.19	5.17	3.38	2.91	3.08	3.94	2.49	1.97	2.75	3.83	3.65	4.46	3.28	3.57	2.78	2.93	3.94	5.17	5.28	3.61	3.12	2.42	2.46	1.84	3.13	3.58	4.31	3.48	3.6	3.09	4.26	3.92	4.4	3.51	2.58	3.78	5.06	4.61	2.62	3.01	3.07	2.75	3.38	2.43	2.79	3.38	4.71	5.93	6.64	6.26	4.17	4.17	3.97	2.94	2.75	3.81	2.17	2.48	3.15	2.65	2.19	1.63	2.56	3.34	4.01	4.7	3.07	3.38	3.74	3.23	3.76	4.81	6.14	7.24	3.64	3.31	2.64	2.24	1.95	1.85	2.62	3.75	4.53	3.28	2.03	2.02	2.02	2.62	3.53	1.88	2.77	3.3	3.52	1.99	2.2	1.54	2.24	3.36	3.42	4.4	5.57	3.35	2.2	2.86	1.88	1.14	2.79	3.75	2.65	2.34	2.43	3.44	3.01	3.08	2.98	2.26	2.65	1.49	2.22	2.85	4.11	5.32	5.8	2.61	3.04	3.7	3.7	3.8	2.03	3.17	4.36	4.44	4.55	3.88	4.39	5.15	5.0	4.08	2.79	3.56	3.32	3.27	2.86	1.82	2.42	3.16	2.57	2.77	3.53	3.82	5.19	5.17	3.38	2.91	3.08	3.94	2.49	1.97	2.75	3.83	3.65	4.46	3.28	3.57	2.78	2.93	3.94	5.17	5.28	3.61	3.12	2.42	2.46	1.84	3.13	3.58	4.31	3.48	3.6	3.09	4.26	3.92	4.4	3.51	2.58	3.78	5.06	4.61	2.62	3.01	3.07	2.75	3.38	2.43	2.79	3.38	4.71	5.93	6.64	6.26	4.17	4.17	3.97	2.94	2.75	3.81	2.17
1.0	2.0	3.0	4.0	5.0	6.0	7.0	8.0	9.0	10.0	11.0	12.0	13.0	14.0	15.0	16.0	17.0	18.0	19.0	20.0	21.0	22.0	23.0	24.0	25.0	26.0	27.0	28.0	29.0	30.0	31.0	32.0	33.0	34.0	35.0	36.0	37.0	38.0	39.0	40.0	41.0	42.0	43.0	44.0	45.0	46.0	47.0	48.0	49.0	50.0	51.0	52.0	53.0	54.0	55.0	56.0	57.0	58.0	59.0	60.0	61.0	62.0	63.0	64.0	65.0	66.0	67.0	68.0	69.0	70.0	71.0	72.0	73.0	74.0	75.0	76.0	77.0	78.0	79.0	80.0	81.0	82.0	83.0	84.0	85.0	86.0	87.0	88.0	89.0	90.0	91.0	92.0	93.0	94.0	95.0	96.0	97.0	98.0	99.0	100.0	101.0	102.0	103.0	104.0	105.0	106.0	107.0	108.0	109.0	110.0	111.0	112.0	113.0	114.0	115.0	116.0	117.0	118.0	119.0	120.0	121.0	122.0	123.0	124.0	125.0	126.0	127.0	128.0	129.0	130.0	131.0	132.0	133.0	134.0	135.0	136.0	137.0	138.0	139.0	140.0	141.0	142.0	143.0	144.0	145.0	146.0	147.0	148.0	149.0	149.0	150.0	151.0	152.0	153.0	154.0	155.0	156.0	157.0	158.0	159.0	160.0	161.0	162.0	163.0	164.0	165.0	166.0	167.0	168.0	169.0	170.0	171.0	172.0	173.0	174.0	175.0	176.0	177.0	178.0	179.0	180.0	181.0	182.0	183.0	184.0	185.0	186.0	187.0	188.0	189.0	190.0	191.0	192.0	193.0	194.0	195.0	196.0	197.0	198.0	199.0	200.0	201.0	202.0	203.0	204.0	205.0	206.0	207.0	208.0	209.0	210.0	211.0	212.0	213.0	214.0	215.0	216.0	217.0	218.0	219.0	220.0	221.0	222.0	223.0	224.0	225.0	226.0	227.0	228.0	229.0	230.0	231.0	232.0	233.0	234.0	235.0	236.0	237.0	238.0	239.0	240.0	241.0	242.0	243.0	244.0	245.0	246.0	247.0	248.0	249.0	250.0	251.0	252.0	253.0	254.0	255.0	256.0	257.0	258.0	259.0	260.0	261.0	262.0	263.0	264.0	265.0	266.0	267.0	268.0	269.0	270.0	271.0	272.0	273.0	274.0	275.0	276.0	277.0	278.0	279.0	280.0	281.0	282.0	283.0	284.0	285.0	286.0	287.0	288.0	289.0	290.0	291.0	292.0	293.0	294.0	295.0	296.0	297.0	298.0	298.0
4455.63079026537
