6014.291855687592	300.0	2000.0	249.56548984809427	0	0.0	6014.291855687592	1	0	1	-2.093223800286192
6460.526995079705	500.0	2509.1413466686768	0.0	0	0.0	5969.668341748381	1	0	2	-0.9980446503974026
7333.1392531252495	1000.0	2549.2678628185763	0.0	0	0.0	5882.407115943825	1	0	2	-0.2797596974934627
8247.675411697775	1000.0	2634.731704246049	0.0	0	0.0	5882.4071159438245	1	0	1	0.41573209273155354
9779.181184010187	1000.0	1950.0753547023937	0.0	0	0.0	5729.256538712581	1	0	2	0.2283309438576654
10760.48684812303	1000.0	1870.6391241782649	0.0	0	0.0	5631.125972301294	1	0	2	0.4380171225556208
11768.186570806205	1000.0	1762.1694292267723	0.0	0	0.0	5530.356000032976	1	0	2	0.448025620106279
12725.578787652297	1000.0	1709.0379906960704	0.0	0	0.0	5434.616778348365	1	0	2	0.4586097244989227
13518.813224887404	1000.0	1836.4801097374523	0.0	0	0.0	5355.293334624855	1	0	2	0.4662448158673253
14341.377541883869	1000.0	1931.6593610413415	0.0	0	0.0	5273.036902925209	1	0	2	0.47470956566772204
15087.76216654291	1000.0	2110.636273916395	0.0	0	0.0	5198.398440459305	1	0	2	0.4824029882296683
16057.764806116329	1000.0	2043.6333703856362	0.0	0	0.0	5101.3981765019635	1	0	2	0.49080623489387787
16916.074007281335	1000.0	2099.4932491041336	0.0	0	0.0	5015.567256385464	1	0	2	0.5005078616191125
17761.014115617716	1000.0	2170.0591299341168	0.0	0	0.0	4931.073245551826	1	0	2	0.5089016169988697
18339.442875237917	1000.0	2533.7874943518937	0.0	0	0.0	4873.230369589806	1	0	2	0.5151719773680512
19160.43539869487	1000.0	2630.6957185492465	0.0	0	0.0	4791.131117244109	1	0	2	0.5228522981534804
19812.226614187643	1000.0	2913.7253815071963	0.0	0	0.0	4725.951995694833	1	0	2	0.5296967697017441
20405.362411687183	1000.0	3261.2760042577024	0.0	0	0.0	4666.638415944881	1	0	2	0.5357669053148935
21395.078187266838	1000.0	3172.588651120084	0.0	0	0.0	4567.666838386918	1	0	2	0.5445384101079949
22742.05388274721	1000.0	2690.915386091679	0.0	0	0.0	4432.969268838882	1	0	2	0.5569490797026938
23889.612382762283	1000.0	2428.6010360750956	0.0	0	0.0	4318.213418837375	1	0	2	0.5694342459354513
25323.471790282725	1000.0	1851.3556878026084	0.0	0	0.0	4174.827478085332	1	0	2	0.5823654168679452
26390.091429409786	1000.0	1678.0740847628429	0.0	0	0.0	4068.1655141726224	1	0	2	0.5943588316173861
27361.995281550197	1000.0	1608.979847408392	0.0	0	0.0	3970.975128958584	1	0	2	0.6044629346081016
28289.55412539336	1000.0	1588.6651191809124	0.0	0	0.0	3878.2192445742658	1	0	2	0.6135913145062563
28958.40228536117	1000.0	1852.9321432163194	0.0	0	0.0	3811.334428577484	1	0	2	0.6211021208818978
30244.99517570688	1000.0	1437.6799638360371	0.0	0	0.0	3682.675139542913	1	0	2	0.6320237060996649
31787.08028351622	1000.0	741.3863452457604	0.0	0	0.0	3528.4666287619802	1	0	2	0.6467562768141724
33090.73178944472	1000.0	392.9947903778357	77.84100150311082	0	0.0	3483.7265798225562	1	0	2	0.18580541890852778
33997.281719263	1000.0	480.56800310087806	77.07103229377478	0	0.0	3477.849722363884	1	0	2	0.19138441121977504
34867.48619223888	1000.0	523.3430828274118	0.0	0	0.0	3390.829275066295	1	0	2	0.6627117373622378
36130.345483898505	1000.0	267.5249324063292	7.0411412385446965	0	0.0	3397.870416304835	1	0	1	0.6219389152641841
37169.50855715722	1000.0	486.06542726502175	257.7035681174161	0	0.0	3655.573984422248	1	0	1	-0.7078060028207855
38068.52568298241	1000.0	612.555247690698	25.506946250858675	0	0.0	3681.08093067311	1	0	1	0.6828230337534731
38797.032424490986	1000.0	884.0485061821195	0.0	0	0.0	3681.08093067311	1	0	1	0.835864711258625
39142.185789779345	500.0	1504.3798043649215	0.0	0	0.0	3646.565594144282	1	0	2	-0.94786934814211
39985.753032765555	1000.0	1576.4558370800958	0.0	0	0.0	3562.2088698456646	1	0	2	-0.04761564662581516
40606.52707985363	1000.0	1893.6043852832124	0.0	0	0.0	3500.1314651368593	1	0	2	0.6524766160169235
41547.94029241691	1000.0	1952.1911727199315	0.0	0	0.0	3500.1314651368593	1	0	1	0.65395965781225
42478.57173125771	1000.0	1928.4965899950512	0.0	0	0.0	3407.068321252773	1	0	2	0.4608713767975318
43242.490910296445	1000.0	2164.5774109563135	0.0	0	0.0	3407.068321252773	1	0	1	0.6632659722006586
43891.84180868972	1000.0	2450.2914227237075	0.0	0	0.0	3342.1332314134415	1	0	2	0.4681186962403524
44849.51792539033	1000.0	2396.8476943530286	0.0	0	0.0	3246.365619743374	1	0	2	0.6770205599606448
45605.23292116855	1000.0	2641.132698574804	0.0	0	0.0	3246.365619743374	1	0	1	0.6793362423515986
46441.554042756106	500.0	2721.1794648284836	0.0	0	0.0	3162.733507584613	1	0	2	-0.9008199068909134
47630.63525252108	500.0	2532.0982550635076	0.0	0	0.0	3162.733507584613	1	0	1	-0.005447726992470814
48912.23638500065	1000.0	2122.337009335984	0.0	0	0.0	3034.573394336665	1	0	2	-0.19484194159064072
49976.23673690006	1000.0	2058.336657436576	0.0	0	0.0	3034.573394336665	1	0	1	0.7005154648922696
50792.994455099986	1000.0	2241.578939236637	0.0	0	0.0	3034.5733943366577	1	0	1	0.9005154648922704
51605.74815661494	1000.0	2428.8252377216722	0.0	0	0.0	3034.5733943366577	1	0	1	0.9005154648922704
52272.84107900462	1000.0	2761.732315332002	0.0	0	0.0	3034.573394336665	1	0	1	0.9005154648922697
53200.0	1000.0	2834.5733943366213	0.0	0	418.8276351255845	3034.573394336665	1	0	1	0.9005154648922697
54200.0	1000.0	2834.5733943366245	0.0	0	485.84886742918025	3034.573394336665	1	0	1	0.9005154648922697
55200.0	1000.0	2834.573394336619	0.0	0	24.159206298485515	3034.573394336665	1	0	1	0.9005154648922697
56732.78089855064	1000.0	2301.7924957859764	0.0	0	0.0	3034.573394336672	1	0	1	0.9005154648922689
58362.03715570021	1000.0	1509.610612921449	0.0	0	0.0	2871.647768621704	1	0	2	0.5122094801615708
59440.43695306787	1000.0	1431.2108155537817	0.0	0	0.0	2871.647768621704	1	0	1	0.7168080274637656
60342.568815292085	1000.0	1529.0789533295622	0.0	0	0.0	2871.6477686217113	1	0	1	0.9168080274637651
61348.78751833203	1000.0	1422.238379985624	0.0	0	0.0	2771.025898317719	1	0	2	0.5244109386189171
62170.49357699655	500.0	1600.5323213210966	0.0	0	0.0	2771.0258983177264	1	0	1	-0.6594241466257272
62691.92179975064	500.0	2079.1040985669997	0.0	0	0.0	2771.0258983177264	1	0	1	0.2337230339342181
63550.77264635836	1000.0	2220.2532519592833	0.0	0	0.0	2771.025898317719	1	0	1	0.2337230339342189
64401.941889217276	1000.0	2283.9670848144774	0.0	0	0.0	2685.908974031823	1	0	2	0.5332062961372299
65858.48610940579	1000.0	1681.7684426071198	0.0	0	0.0	2540.2545520129715	1	0	2	0.7468483789517313
66666.51176989192	1000.0	1792.9402160723646	0.0	0	0.0	2459.451985964348	1	0	2	0.7559888834839104
67421.78214474591	1000.0	2037.6698412183682	0.0	0	0.0	2459.4519859643406	1	0	1	0.758027605729502
68279.47810506649	1000.0	2179.9738808977795	0.0	0	0.0	2459.4519859643333	1	0	1	0.9580276057295027
69200.0	1000.0	2259.451985964264	0.0	0	239.2229815047467	2459.4519859643333	1	0	1	0.9580276057295029
70200.0	1000.0	2259.4519859642587	0.0	0	451.6617288076377	2459.451985964348	1	0	1	0.9580276057295014
71200.0	1000.0	2259.4519859642614	0.0	0	429.88417679480335	2459.451985964348	1	0	1	0.9580276057295014
72200.0	1000.0	2259.45198596426	0.0	0	330.45232943617157	2459.451985964348	1	0	1	0.9580276057295014
73366.76942057537	1000.0	2092.6825653888936	0.0	0	0.0	2459.451985964348	1	0	1	0.9580276057295014
74273.96053808113	1000.0	2185.4914478831047	0.0	0	0.0	2459.451985964348	1	0	1	0.9580276057295014
75320.10498798556	1000.0	2139.346997978676	0.0	0	0.0	2459.4519859643333	1	0	1	0.9580276057295029
76290.99152273372	1000.0	2071.3718097556853	0.0	0	0.0	2362.3633324895054	1	0	2	0.5653056295309362
77200.0	1000.0	2162.3633324894045	0.0	0	49.73879393332754	2362.3633324895054	1	0	1	0.7677364710769854
78200.0	1000.0	2162.3633324893963	0.0	0	68.75223045113671	2362.3633324895054	1	0	1	0.9677364710769856
79200.0	1000.0	2162.3633324894095	0.0	0	259.3927287868719	2362.36333248952	1	0	1	0.9677364710769842
80200.0	1000.0	2162.3633324894217	0.0	0	298.2835633471259	2362.36333248952	1	0	1	0.9677364710769842
81226.77108947826	1000.0	2135.592243011148	0.0	0	0.0	2362.36333248952	1	0	1	0.9677364710769842
82200.0	1000.0	2162.3633324894367	0.0	0	443.1585703500896	2362.3633324895345	1	0	1	0.9677364710769827
83200.0	1000.0	2162.363332489422	0.0	0	159.67344881875033	2362.3633324895345	1	0	1	0.9677364710769827
84200.0	1000.0	2162.3633324894154	0.0	0	332.03390766555094	2362.3633324895345	1	0	1	0.9677364710769827
85200.0	1000.0	2162.363332489429	0.0	0	410.97462305871886	2362.3633324895345	1	0	1	0.9677364710769827
86200.0	1000.0	2162.363332489438	0.0	0	226.42058842864935	2362.3633324895345	1	0	1	0.9677364710769827
87200.0	1000.0	2162.363332489439	0.0	0	349.54064079256204	2362.3633324895345	1	0	1	0.9677364710769827
88222.75075459854	1000.0	2139.6125778909045	0.0	0	0.0	2362.3633324895345	1	0	1	0.9677364710769827
89752.62769661979	1000.0	1609.735635869658	0.0	0	0.0	2362.3633324895345	1	0	1	0.9677364710769827
90566.87286298965	1000.0	1795.4904694998124	0.0	0	0.0	2362.3633324895345	1	0	1	0.9677364710769827
91295.41541252335	1000.0	2066.9479199661173	0.0	0	0.0	2362.3633324895345	1	0	1	0.9677364710769827
92339.40832234072	1000.0	2022.955010148768	0.0	0	0.0	2362.3633324895345	1	0	1	0.9677364710769827
93200.0	1000.0	2162.363332489489	0.0	0	165.80634057926363	2362.3633324895345	1	0	1	0.9677364710769827
94200.0	1000.0	2162.3633324894836	0.0	0	103.52065519214375	2362.3633324895345	1	0	1	0.9677364710769827
95200.0	1000.0	2162.3633324894736	0.0	0	108.88861262415594	2362.3633324895345	1	0	1	0.9677364710769827
96200.0	1000.0	2162.363332489461	0.0	0	26.369237354112556	2362.36333248952	1	0	1	0.9677364710769842
97200.0	1000.0	2162.363332489448	0.0	0	49.51267308286333	2362.36333248952	1	0	1	0.9677364710769842
98244.15176256023	1000.0	2118.2115699292267	0.0	0	0.0	2362.36333248952	1	0	1	0.9677364710769842
99200.0	500.0	2162.3633324894436	0.0	0	352.0435668443097	2362.36333248952	1	0	1	-0.41855789004290656
100330.89000902126	1000.0	2031.4733234681783	0.0	0	0.0	2362.3633324895345	1	0	1	0.2745892905170374
101200.0	500.0	2075.4523333915427	0.0	0	372.8602382677491	2275.452333391644	1	0	2	-0.8134118985687155
102324.21474664772	1000.0	1838.8161120790503	0.0	0	0.0	2163.0308587268664	1	0	2	0.09147048879690006
103811.38133630002	1000.0	1351.6495224267674	0.0	0	0.0	2163.030858726881	1	0	1	0.7876697184532478
104645.253278843	1000.0	1517.7775798838013	0.0	0	0.0	2163.030858726881	1	0	1	0.987669718453248
105293.7846876484	1000.0	1869.2461710783937	0.0	0	0.0	2163.030858726881	1	0	1	0.987669718453248
106400.47072186258	1000.0	1762.560136864196	0.0	0	0.0	2163.030858726881	1	0	1	0.987669718453248
107218.44739710307	1000.0	1944.5834616237173	0.0	0	0.0	2163.030858726881	1	0	1	0.987669718453248
108200.0	1000.0	1963.0308587267882	0.0	0	380.93461072046193	2163.030858726881	1	0	1	0.987669718453248
109200.0	1000.0	1963.0308587267946	0.0	0	386.1054309649044	2163.030858726881	1	0	1	0.987669718453248
110200.0	1000.0	1963.0308587267837	0.0	0	125.12804738657724	2163.0308587268664	1	0	1	0.9876697184532496
111200.0	1000.0	1963.0308587267646	0.0	0	308.38908411966986	2163.030858726852	1	0	1	0.987669718453251
112200.0	1000.0	1963.030858726769	0.0	0	409.12546101825137	2163.0308587268664	1	0	1	0.9876697184532496
113556.14220394433	1000.0	1606.8886547824463	0.0	0	0.0	2163.0308587268664	1	0	1	0.9876697184532496
115297.32590282617	1000.0	865.7049559005933	0.0	0	0.0	2163.0308587268664	1	0	1	0.9876697184532496
116207.71560835332	1000.0	955.3152503734374	0.0	0	0.0	2163.030858726881	1	0	1	0.987669718453248
117129.74127944531	1000.0	1033.2895792814552	0.0	0	0.0	2163.030858726881	1	0	1	0.987669718453248
117904.8169770902	1000.0	1180.7063118720778	0.0	0	0.0	2085.523288962402	1	0	2	0.5933455745669485
118770.56506315045	1000.0	1314.9582258118053	0.0	0	0.0	2085.523288962402	1	0	1	0.7954204754296957
119792.27181875009	1000.0	1293.2514702121457	0.0	0	0.0	2085.523288962402	1	0	1	0.9954204754296959
120696.27892923105	1000.0	1389.2443597311985	0.0	0	0.0	2085.5232889624167	1	0	1	0.9954204754296945
121574.08561338729	1000.0	1511.4376755749558	0.0	0	0.0	2085.5232889624167	1	0	1	0.9954204754296945
122531.52468388683	1000.0	1553.9986050754214	0.0	0	0.0	2085.5232889624167	1	0	1	0.9954204754296945
123989.65949626829	1000.0	1095.8637926939477	0.0	0	0.0	2085.5232889624167	1	0	1	0.9954204754296945
125016.02501540697	1000.0	966.8617216413893	0.0	0	0.0	1982.8867370485095	1	0	2	0.6033718768730089
125517.21158386789	500.0	1465.675153180466	0.0	0	0.0	1982.886737048495	1	0	1	-0.5806102304988042
126200.0	500.0	1782.8867370483442	0.0	0	216.67750618573336	1982.886737048495	1	0	1	0.31253695006114124
127200.0	500.0	1782.886737048346	0.0	0	352.0097261217452	1982.8867370485095	1	0	1	0.3125369500611409
128200.0	500.0	1782.8867370483395	0.0	0	545.5107558535383	1982.886737048495	1	0	1	0.31253695006114124
129200.0	1000.0	1782.886737048346	0.0	0	426.325113563551	1982.886737048495	1	0	1	0.31253695006114135
130200.0	1000.0	1782.8867370483486	0.0	0	416.71993295123684	1982.886737048495	1	0	1	1.0056841306210869
131200.0	1000.0	1782.8867370483626	0.0	0	190.00972276092216	1982.8867370485095	1	0	1	1.0056841306210853
132239.35910610916	1000.0	1743.5276309391757	0.0	0	0.0	1982.886737048495	1	0	1	1.0056841306210855
133648.06358614148	1000.0	1334.8231509068555	0.0	0	0.0	1982.8867370485095	1	0	1	1.0056841306210855
134523.19325662343	500.0	1459.6934804249063	0.0	0	0.0	1982.8867370485095	1	0	1	-0.3806102304988057
135200.0	500.0	1782.8867370483647	0.0	0	158.91667174122995	1982.8867370485095	1	0	1	0.3125369500611398
136200.0	500.0	1782.8867370483742	0.0	0	243.95220778745716	1982.8867370485095	1	0	1	0.3125369500611398
137848.34301681086	1000.0	1134.5437202375178	0.0	0	0.0	1982.8867370485095	1	0	1	0.3125369500611399
138799.34030267416	1000.0	1183.5464343742174	0.0	0	0.0	1982.8867370485095	1	0	1	1.0056841306210853
139422.4559794014	1000.0	1560.430757647006	0.0	0	0.0	1982.8867370485095	1	0	1	1.0056841306210853
140200.0	1000.0	1782.8867370484131	0.0	0	80.39308448749944	1982.8867370485095	1	0	1	1.0056841306210853
141200.0	1000.0	1782.8867370483952	0.0	0	309.3854421589058	1982.8867370485095	1	0	1	1.0056841306210853
142314.0574937106	1000.0	1668.8292433378126	0.0	0	0.0	1982.8867370485095	1	0	1	1.0056841306210853
143200.0	1000.0	1782.8867370483988	0.0	0	377.794209160842	1982.8867370485095	1	0	1	1.0056841306210853
144200.0	1000.0	1782.88673704838	0.0	0	314.33888851164375	1982.8867370485095	1	0	1	1.0056841306210853
145200.0	1000.0	1782.8867370483733	0.0	0	280.50158790757996	1982.8867370485386	1	0	1	1.0056841306210824
146200.0	1000.0	1782.8867370483972	0.0	0	234.11291100108065	1982.8867370485386	1	0	1	1.0056841306210824
147297.78409952755	1000.0	1685.1026375208548	0.0	0	0.0	1982.8867370485386	1	0	1	1.0056841306210824
148762.01941407958	1000.0	1220.8673229688334	0.0	0	0.0	1982.8867370485386	1	0	1	1.0056841306210824
149257.91023753458	1000.0	1724.9764995137914	0.0	0	0.0	1982.8867370485386	1	0	1	1.0056841306210824
150250.7127456095	1000.0	1732.1739914388788	0.0	0	0.0	1982.8867370485386	1	0	1	1.0056841306210824
151200.0	1000.0	1782.8867370483758	0.0	0	41.854208018485224	1982.8867370485386	1	0	1	1.0056841306210824
152200.0	1000.0	1782.8867370483504	0.0	0	182.5687535899342	1982.8867370485386	1	0	1	1.0056841306210824
153200.0	1000.0	1782.8867370483554	0.0	0	326.6707353326201	1982.8867370485386	1	0	1	1.0056841306210824
154200.0	1000.0	1782.8867370483495	0.0	0	304.25962535559665	1982.8867370485386	1	0	1	1.0056841306210824
155200.0	1000.0	1782.8867370483542	0.0	0	335.6698735943937	1982.8867370485677	1	0	1	1.0056841306210793
156200.0	1000.0	1782.8867370483292	0.0	0	197.75905403486104	1982.8867370485677	1	0	1	1.0056841306210793
157362.99610345642	1000.0	1619.8906335919157	0.0	0	0.0	1982.8867370485968	1	0	1	1.0056841306210764
158618.10612945538	1000.0	1364.780607592946	0.0	0	0.0	1982.8867370485968	1	0	1	1.0056841306210764
159270.2188349845	1000.0	1712.6679020638117	0.0	0	0.0	1982.886737048626	1	0	1	1.0056841306210735
160200.0	1000.0	1782.8867370483329	0.0	0	77.08452104305616	1982.886737048626	1	0	1	1.0056841306210735
161529.8426315403	1000.0	1453.044105508051	0.0	0	0.0	1982.886737048626	1	0	1	1.0056841306210735
162226.80118232165	1000.0	1756.085554726678	0.0	0	0.0	1982.886737048626	1	0	1	1.0056841306210735
163200.0	1000.0	1782.886737048343	0.0	0	21.091254545230186	1982.886737048655	1	0	1	1.0056841306210706
164200.0	1000.0	1782.8867370483251	0.0	0	152.5661874767975	1982.886737048626	1	0	1	1.0056841306210735
165467.37326237094	1000.0	1515.513474677411	0.0	0	0.0	1982.886737048626	1	0	1	1.0056841306210735
166200.0	1000.0	1782.8867370483636	0.0	0	32.71335255089798	1982.886737048655	1	0	1	1.0056841306210706
167200.0	1000.0	1682.8867370483765	0.0	0	463.02818446216406	1882.8867370486842	1	0	2	0.611833566694777
168200.0	1000.0	1582.886737048392	0.0	0	381.79827939980896	1782.886737048655	1	0	2	0.8218720600599883
169200.0	1000.0	1582.8867370483874	0.0	0	445.8060541731538	1782.886737048655	1	0	1	0.8256841306210705
170200.0	1000.0	1582.8867370483756	0.0	0	250.17049860264524	1782.886737048655	1	0	1	1.0256841306210707
171200.0	500.0	1582.8867370483804	0.0	0	514.194805568608	1782.886737048655	1	0	1	-0.36061023049882013
172200.0	500.0	1582.8867370483633	0.0	0	287.3134671660955	1782.886737048655	1	0	1	0.33253695006112527
173200.0	500.0	1582.8867370483822	0.0	0	337.0940704928071	1782.8867370486842	1	0	1	0.3325369500611224
174200.0	500.0	1582.886737048391	0.0	0	436.92354316075216	1782.886737048655	1	0	1	0.33253695006112527
175200.0	500.0	1582.8867370483788	0.0	0	467.06999970113975	1782.8867370486842	1	0	1	0.3325369500611224
176200.0	500.0	1582.8867370483815	0.0	0	560.8106733912427	1782.8867370486842	1	0	1	0.3325369500611224
177200.0	500.0	1582.8867370483788	0.0	0	435.7442656229832	1782.8867370486842	1	0	1	0.3325369500611224
178200.0	500.0	1582.8867370483808	0.0	0	483.17382646581973	1782.8867370486842	1	0	1	0.3325369500611224
179200.0	500.0	1582.8867370483963	0.0	0	597.3747182841471	1782.8867370486842	1	0	1	0.3325369500611224
180200.0	500.0	1582.886737048413	0.0	0	314.00849405597546	1782.8867370486842	1	0	1	0.3325369500611224
181200.0	1000.0	1582.8867370483981	0.0	0	25.196931877319003	1782.886737048655	1	0	1	0.33253695006112527
182200.0	1000.0	1582.8867370484109	0.0	0	79.16859790062881	1782.886737048655	1	0	1	1.0256841306210707
183318.95222200474	1000.0	1463.9345150436407	0.0	0	0.0	1782.886737048655	1	0	1	1.0256841306210707
184273.231584115	1000.0	1509.6551529333435	0.0	0	0.0	1782.886737048626	1	0	1	1.0256841306210736
185367.29700888754	1000.0	1415.5897281608243	0.0	0	0.0	1782.8867370485968	1	0	1	1.0256841306210764
186200.0	1000.0	1582.8867370483706	0.0	0	17.962052584567573	1782.886737048626	1	0	1	1.0256841306210736
187200.0	1000.0	1582.8867370483863	0.0	0	272.2799494310457	1782.886737048626	1	0	1	1.0256841306210736
188200.0	1000.0	1582.8867370484452	0.0	0	351.70007143044495	1782.886737048655	1	0	1	1.0256841306210707
189200.0	1000.0	1582.8867370484356	0.0	0	130.33976251492277	1782.886737048655	1	0	1	1.0256841306210707
190200.0	1000.0	1582.8867370484104	0.0	0	260.6510894736275	1782.886737048626	1	0	1	1.0256841306210736
191200.0	1000.0	1582.8867370484168	0.0	0	294.0439808710071	1782.886737048626	1	0	1	1.0256841306210736
192200.0	1000.0	1582.8867370484056	0.0	0	130.42577545534004	1782.886737048626	1	0	1	1.0256841306210736
193200.0	1000.0	1582.8867370484184	0.0	0	215.15394607864437	1782.8867370485968	1	0	1	1.0256841306210764
194200.0	1000.0	1582.886737048421	0.0	0	406.99136562045896	1782.8867370485677	1	0	1	1.0256841306210793
195200.0	500.0	1582.8867370484516	0.0	0	593.9799914846371	1782.8867370485677	1	0	1	-0.3606102304988114
196200.0	500.0	1582.886737048446	0.0	0	194.7483367511595	1782.8867370485968	1	0	1	0.3325369500611311
197211.0019007832	500.0	1571.8848362652864	0.0	0	0.0	1782.8867370485677	1	0	1	0.33253695006113393
198200.0	500.0	1582.886737048438	0.0	0	210.98141068784753	1782.8867370485677	1	0	1	0.33253695006113393
199200.0	500.0	1582.886737048413	0.0	0	560.8035142747394	1782.8867370485677	1	0	1	0.33253695006113393
200200.0	1000.0	1582.886737048386	0.0	0	33.24951651139418	1782.8867370485386	1	0	1	0.3325369500611369
201200.0	1000.0	1582.8867370483824	0.0	0	341.08965962496586	1782.8867370485386	1	0	1	1.0256841306210824
202200.0	1000.0	1582.8867370483813	0.0	0	522.3094903908495	1782.8867370485677	1	0	1	1.02568413062108
203200.0	1000.0	1582.8867370483674	0.0	0	531.7342191624048	1782.8867370485677	1	0	1	1.0256841306210793
204200.0	1000.0	1582.8867370483915	0.0	0	377.53885377713596	1782.8867370485677	1	0	1	1.0256841306210793
205200.0	500.0	1582.8867370484093	0.0	0	479.6247023346368	1782.8867370485968	1	0	1	-0.3606102304988142
206200.0	500.0	1582.8867370484265	0.0	0	102.42375743002049	1782.8867370485968	1	0	1	0.3325369500611311
207200.0	500.0	1582.8867370484559	0.0	0	81.38637539709453	1782.8867370485968	1	0	1	0.3325369500611311
208200.0	500.0	1582.886737048425	0.0	0	395.4682629648887	1782.8867370485677	1	0	1	0.33253695006113393
209200.0	500.0	1582.886737048444	0.0	0	420.2897608615458	1782.8867370485386	1	0	1	0.33253695006113687
210318.75762972413	1000.0	1464.129107324302	0.0	0	0.0	1782.8867370485386	1	0	1	0.3325369500611369
211798.48136898992	1000.0	984.4053680585585	0.0	0	0.0	1782.8867370485677	1	0	1	1.0256841306210793
212888.39443114356	1000.0	894.4923059049054	0.0	0	0.0	1782.8867370485968	1	0	1	1.0256841306210775
214123.76884599854	1000.0	659.1178910499376	0.0	0	0.0	1782.8867370485968	1	0	1	1.0256841306210764
215067.1456675995	1000.0	715.7410694489532	0.0	0	0.0	1782.8867370485968	1	0	1	1.0256841306210764
216170.89157342754	1000.0	611.9951636209324	0.0	0	0.0	1782.8867370485968	1	0	1	1.0256841306210764
216764.93079852077	1000.0	1017.955938527683	0.0	0	0.0	1782.8867370485968	1	0	1	1.0256841306210764
217699.66033716817	1000.0	1083.226399880274	0.0	0	0.0	1782.886737048626	1	0	1	1.0256841306210753
218418.2019031624	1000.0	1364.6848338860518	0.0	0	0.0	1782.886737048626	1	0	1	1.0256841306210736
219200.0	1000.0	1582.8867370484645	0.0	0	56.16372916509863	1782.886737048626	1	0	1	1.0256841306210736
220200.0	1000.0	1582.8867370484734	0.0	0	254.75705216030474	1782.886737048626	1	0	1	1.0256841306210736
221200.0	1000.0	1582.8867370484827	0.0	0	271.9349943600828	1782.886737048655	1	0	1	1.0256841306210707
222335.07027951797	1000.0	1447.8164575304868	0.0	0	0.0	1782.886737048626	1	0	1	1.0256841306210736
223200.0	1000.0	1582.8867370484575	0.0	0	174.95474250230473	1782.8867370485968	1	0	1	1.0256841306210764
224200.0	1000.0	1582.8867370484697	0.0	0	154.76361458920292	1782.886737048626	1	0	1	1.0256841306210736
225200.0	1000.0	1582.8867370484695	0.0	0	324.3263036804856	1782.886737048626	1	0	1	1.0256841306210736
226200.0	1000.0	1582.8867370484475	0.0	0	159.50525775607093	1782.886737048626	1	0	1	1.0256841306210736
227200.0	1000.0	1582.8867370484713	0.0	0	130.32872627055622	1782.886737048655	1	0	1	1.0256841306210707
228200.0	1000.0	1582.8867370484868	0.0	0	62.82520496239886	1782.886737048655	1	0	1	1.0256841306210707
229200.0	1000.0	1582.8867370484802	0.0	0	332.72265229554614	1782.886737048626	1	0	1	1.0256841306210736
230200.0	1000.0	1582.8867370484606	0.0	0	281.2325267557171	1782.886737048626	1	0	1	1.0256841306210736
231200.0	1000.0	1582.88673704844	0.0	0	370.917795947782	1782.886737048626	1	0	1	1.0256841306210736
232200.0	1000.0	1582.8867370484227	0.0	0	509.1551703202131	1782.886737048626	1	0	1	1.0256841306210736
233200.0	1000.0	1582.8867370484356	0.0	0	156.75882533815457	1782.886737048655	1	0	1	1.0256841306210707
234200.0	1000.0	1582.8867370484325	0.0	0	517.3059058279905	1782.886737048626	1	0	1	1.0256841306210729
235200.0	1000.0	1582.886737048401	0.0	0	267.8316540751548	1782.886737048626	1	0	1	1.0256841306210736
236200.0	1000.0	1582.8867370484054	0.0	0	145.32488053257111	1782.886737048626	1	0	1	1.0256841306210736
237200.0	500.0	1582.886737048379	0.0	0	537.3918142722396	1782.886737048626	1	0	1	-0.36061023049881735
238717.8999145148	1000.0	1064.9868225335958	0.0	0	0.0	1782.886737048626	1	0	1	0.33253695006112644
239891.0695942194	1000.0	891.8171428289706	0.0	0	0.0	1782.886737048655	1	0	1	1.0256841306210713
240876.7458265854	1000.0	906.1409104629963	0.0	0	0.0	1782.886737048655	1	0	1	1.0256841306210707
241637.60656194412	1000.0	1145.2801751042618	0.0	0	0.0	1782.886737048626	1	0	1	1.0256841306210736
242588.9705918788	1000.0	1193.9161451695516	0.0	0	0.0	1782.886737048626	1	0	1	1.0256841306210736
243208.99408377893	1000.0	1573.8926532694554	0.0	0	0.0	1782.886737048626	1	0	1	1.0256841306210736
244200.0	1000.0	1582.886737048376	0.0	0	141.3138200135727	1782.886737048655	1	0	1	1.0256841306210707
245200.0	1000.0	1582.886737048359	0.0	0	261.64693711453583	1782.886737048655	1	0	1	1.0256841306210707
246200.0	1000.0	1582.8867370483501	0.0	0	154.3987124468258	1782.886737048626	1	0	1	1.0256841306210736
247405.6232711301	1000.0	1377.2634659182224	0.0	0	0.0	1782.886737048626	1	0	1	1.0256841306210736
248554.2776009499	1000.0	1228.609136098457	0.0	0	0.0	1782.8867370486842	1	0	1	1.02568413062107
249661.00713832825	1000.0	1121.8795987200651	0.0	0	0.0	1782.886737048655	1	0	1	1.0256841306210707
250200.0	500.0	1582.886737048301	0.0	0	86.16866114389268	1782.886737048626	1	0	1	-0.36061023049881735
251200.0	500.0	1582.8867370483008	0.0	0	647.1957416468649	1782.886737048626	1	0	1	0.33253695006112816
252689.33073063122	1000.0	1093.5560064170904	0.0	0	0.0	1782.886737048626	1	0	1	0.33253695006112827
254013.74245915047	1000.0	769.144277897806	0.0	0	0.0	1782.886737048626	1	0	1	1.0256841306210736
255230.0501007703	1000.0	552.83663627797	0.0	0	0.0	1782.886737048626	1	0	1	1.0256841306210736
256019.55294788306	1000.0	763.3337891651954	0.0	0	0.0	1782.886737048626	1	0	1	1.0256841306210736
256558.75206823304	1000.0	1224.134668815209	0.0	0	0.0	1782.886737048626	1	0	1	1.0256841306210736
257200.0	1000.0	1582.8867370482753	0.0	0	140.82299370961846	1782.886737048626	1	0	1	1.0256841306210736
258200.0	1000.0	1582.8867370482644	0.0	0	332.71938232381945	1782.886737048626	1	0	1	1.0256841306210736
259200.0	1000.0	1582.8867370482908	0.0	0	172.80149029448512	1782.886737048626	1	0	1	1.0256841306210736
260200.0	1000.0	1582.8867370483115	0.0	0	273.4101636054402	1782.886737048626	1	0	1	1.0256841306210736
261200.0	1000.0	1582.8867370483006	0.0	0	190.35076062366716	1782.886737048655	1	0	1	1.0256841306210707
262286.6230902007	1000.0	1387.60133782752	0.0	0	0.0	1674.2244280285668	1	0	2	0.633408680104711
263959.38734994864	1000.0	714.8370780795977	0.0	0	0.0	1674.2244280285086	1	0	1	0.8365503615230828
264625.5448382793	500.0	1048.6795897489133	0.0	0	0.0	1674.2244280285086	1	0	1	-0.34974399959680547
265200.0	500.0	1474.2244280282382	0.0	0	158.29934409068665	1674.2244280285086	1	0	1	0.3434031809631399
266200.0	500.0	1474.224428028206	0.0	0	566.4300112081692	1674.2244280284503	1	0	1	0.34340318096314454
267200.0	1000.0	1474.2244280282257	0.0	0	124.12420910486253	1674.2244280284503	1	0	1	0.34340318096314576
268200.0	1000.0	1474.2244280282048	0.0	0	153.44320626335684	1674.2244280284503	1	0	1	1.036550361523091
269200.0	1000.0	1474.2244280282332	0.0	0	75.82931030209875	1674.2244280285086	1	0	1	1.0365503615230853
270200.0	1000.0	1474.2244280281914	0.0	0	439.7845891271718	1674.2244280284503	1	0	1	1.036550361523091
271242.56634152273	1000.0	1431.6580865054661	0.0	0	0.0	1674.2244280285086	1	0	1	1.0365503615230853
272795.88342905574	1000.0	878.3409989724378	0.0	0	0.0	1674.2244280285086	1	0	1	1.0365503615230853
273649.2003106468	1000.0	1025.0241173813988	0.0	0	0.0	1674.2244280285086	1	0	1	1.0365503615230818
274642.77335712966	1000.0	1031.4510708986263	0.0	0	0.0	1674.2244280285668	1	0	1	1.0365503615230796
275533.02504002495	1000.0	1141.1993880033147	0.0	0	0.0	1674.2244280285668	1	0	1	1.0365503615230796
276300.09093621763	1000.0	1374.133491810639	0.0	0	0.0	1674.2244280285668	1	0	1	1.0365503615230796
277200.0	1000.0	1474.224428028235	0.0	0	135.39116016722983	1674.224428028625	1	0	1	1.0365503615230738
278200.0	1000.0	1474.2244280282453	0.0	0	320.93754329904914	1674.224428028625	1	0	1	1.0365503615230738
279200.0	1000.0	1474.224428028232	0.0	0	414.57266987190815	1674.224428028625	1	0	1	1.0365503615230738
280200.0	1000.0	1474.2244280281298	0.0	0	222.769133986847	1674.224428028625	1	0	1	1.0365503615230738
281382.43462007336	1000.0	1291.7898079547456	0.0	0	0.0	1674.2244280286832	1	0	1	1.0365503615230678
282200.0	500.0	1474.2244280280665	0.0	0	368.08092951087747	1674.224428028625	1	0	1	-0.3497439995968171
283200.0	500.0	1474.2244280280443	0.0	0	347.51994494051905	1674.2244280285668	1	0	1	0.3434031809631341
284200.0	500.0	1374.2244280281175	0.0	0	395.5153900954174	1574.2244280286832	1	0	2	-0.050380340744462085
285200.0	500.0	1374.2244280281604	0.0	0	446.7332863576012	1574.2244280286832	1	0	1	0.15340318096312228
286200.0	500.0	1374.2244280281493	0.0	0	365.86774520826293	1574.224428028625	1	0	1	0.3534031809631282
287200.0	1000.0	1374.2244280281645	0.0	0	54.080797694041394	1574.2244280286832	1	0	1	0.35340318096312245
288256.2053938478	1000.0	1318.01903418041	0.0	0	0.0	1574.2244280286832	1	0	1	1.0465503615230678
289200.0	1000.0	1374.2244280282198	0.0	0	396.6626087014447	1574.2244280287414	1	0	1	1.046550361523062
290200.0	1000.0	1374.2244280281839	0.0	0	38.87324766087113	1574.2244280287414	1	0	1	1.046550361523062
291200.0	1000.0	1374.2244280281757	0.0	0	299.82872362533817	1574.2244280287996	1	0	1	1.0465503615230562
292200.0	1000.0	1374.2244280282252	0.0	0	448.03636550629744	1574.2244280287996	1	0	1	1.0465503615230562
293200.0	1000.0	1374.224428028256	0.0	0	277.23590750212315	1574.2244280288578	1	0	1	1.0465503615230505
294200.0	1000.0	1374.224428028303	0.0	0	239.82512208964908	1574.2244280288578	1	0	1	1.0465503615230505
295200.0	1000.0	1374.224428028264	0.0	0	270.1270813927986	1574.2244280287996	1	0	1	1.0465503615230562
296200.0	1000.0	1374.2244280282225	0.0	0	376.00803308095783	1574.2244280287414	1	0	1	1.046550361523061
297244.0852362331	1000.0	1330.1391917950893	0.0	0	0.0	1574.2244280287996	1	0	1	1.0465503615230562
298200.0	1000.0	1374.2244280281966	0.0	0	20.62150573253166	1574.2244280287996	1	0	1	1.0465503615230562
299200.0	1000.0	1374.2244280282473	0.0	0	320.17624371591955	1574.2244280287996	1	0	1	1.0465503615230562
300200.0	1000.0	1374.2244280282582	0.0	0	309.2994547431008	1574.2244280288578	1	0	1	1.0465503615230505
1.24	1.1	0.87	0.68	1.44	1.11	0.79	1.22	1.22	1.45	1.0	1.41	1.55	1.48	1.38	1.29	1.04	0.78	0.93	0.73	1.1	1.25	1.19	1.26	0.87	0.92	0.7	1.1	1.23	1.2	0.87	1.23	1.69	1.6	1.4	1.36	1.34	1.36	1.45	1.39	0.8	0.44	0.47	0.98	1.25	1.24	1.83	2.48	1.6	1.26	0.8	0.61	0.56	0.88	1.15	1.14	0.74	1.43	1.1	0.76	1.09	1.27	1.44	1.48	1.63	1.48	1.23	0.65	1.29	1.19	1.18	1.27	1.34	1.42	1.27	1.24	1.82	1.36	1.63	2.02	1.3	1.7	1.02	0.74	0.98	1.27	0.95	1.17	1.52	1.36	1.47	0.95	1.0	1.02	1.05	1.17	1.26	0.83	0.86	1.24	1.0	1.58	1.55	1.24	1.25	1.9	1.17	0.71	0.74	0.79	1.11	1.44	1.2	1.18	1.52	1.26	1.27	0.61	1.02	1.3	1.09	0.98	1.32	1.9	1.81	1.45	0.93	0.98	0.79	0.95	0.67	0.75	0.93	1.32	1.95	1.18	1.27	1.62	1.31	1.45	1.31	1.2	0.67	1.53	1.23	1.23	1.22	1.12	1.4	1.17	1.24	1.1	0.87	0.68	1.44	1.11	0.79	1.22	1.22	1.45	1.0	1.41	1.55	1.48	1.38	1.29	1.04	0.78	0.93	0.73	1.1	1.25	1.19	1.26	0.87	0.92	0.7	1.1	1.23	1.2	0.87	1.23	1.69	1.6	1.4	1.36	1.34	1.36	1.45	1.39	0.8	0.44	0.47	0.98	1.25	1.24	1.83	2.48	1.6	1.26	0.8	0.61	0.56	0.88	1.15	1.14	0.74	1.43	1.1	0.76	1.09	1.27	1.44	1.48	1.63	1.48	1.23	0.65	1.29	1.19	1.18	1.27	1.34	1.42	1.27	1.24	1.82	1.36	1.63	2.02	1.3	1.7	1.02	0.74	0.98	1.27	0.95	1.17	1.52	1.36	1.47	0.95	1.0	1.02	1.05	1.17	1.26	0.83	0.86	1.24	1.0	1.58	1.55	1.24	1.25	1.9	1.17	0.71	0.74	0.79	1.11	1.44	1.2	1.18	1.52	1.26	1.27	0.61	1.02	1.3	1.09	0.98	1.32	1.9	1.81	1.45	0.93	0.98	0.79	0.95	0.67	0.75	0.93	1.32	1.95	1.18	1.27	1.62	1.31	1.45	1.31	1.2	0.67	1.53	1.23	1.23	1.22	1.12
1.0	2.0	3.0	4.0	5.0	6.0	7.0	8.0	9.0	10.0	11.0	12.0	13.0	14.0	15.0	16.0	17.0	18.0	19.0	20.0	21.0	22.0	23.0	24.0	25.0	26.0	27.0	28.0	29.0	30.0	31.0	32.0	33.0	34.0	35.0	36.0	37.0	38.0	39.0	40.0	41.0	42.0	43.0	44.0	45.0	46.0	47.0	48.0	49.0	50.0	51.0	52.0	53.0	54.0	55.0	56.0	57.0	58.0	59.0	60.0	61.0	62.0	63.0	64.0	65.0	66.0	67.0	68.0	69.0	70.0	71.0	72.0	73.0	74.0	75.0	76.0	77.0	78.0	79.0	80.0	81.0	82.0	83.0	84.0	85.0	86.0	87.0	88.0	89.0	90.0	91.0	92.0	93.0	94.0	95.0	96.0	97.0	98.0	99.0	100.0	101.0	102.0	103.0	104.0	105.0	106.0	107.0	108.0	109.0	110.0	111.0	112.0	113.0	114.0	115.0	116.0	117.0	118.0	119.0	120.0	121.0	122.0	123.0	124.0	125.0	126.0	127.0	128.0	129.0	130.0	131.0	132.0	133.0	134.0	135.0	136.0	137.0	138.0	139.0	140.0	141.0	142.0	143.0	144.0	145.0	146.0	147.0	148.0	149.0	149.0	150.0	151.0	152.0	153.0	154.0	155.0	156.0	157.0	158.0	159.0	160.0	161.0	162.0	163.0	164.0	165.0	166.0	167.0	168.0	169.0	170.0	171.0	172.0	173.0	174.0	175.0	176.0	177.0	178.0	179.0	180.0	181.0	182.0	183.0	184.0	185.0	186.0	187.0	188.0	189.0	190.0	191.0	192.0	193.0	194.0	195.0	196.0	197.0	198.0	199.0	200.0	201.0	202.0	203.0	204.0	205.0	206.0	207.0	208.0	209.0	210.0	211.0	212.0	213.0	214.0	215.0	216.0	217.0	218.0	219.0	220.0	221.0	222.0	223.0	224.0	225.0	226.0	227.0	228.0	229.0	230.0	231.0	232.0	233.0	234.0	235.0	236.0	237.0	238.0	239.0	240.0	241.0	242.0	243.0	244.0	245.0	246.0	247.0	248.0	249.0	250.0	251.0	252.0	253.0	254.0	255.0	256.0	257.0	258.0	259.0	260.0	261.0	262.0	263.0	264.0	265.0	266.0	267.0	268.0	269.0	270.0	271.0	272.0	273.0	274.0	275.0	276.0	277.0	278.0	279.0	280.0	281.0	282.0	283.0	284.0	285.0	286.0	287.0	288.0	289.0	290.0	291.0	292.0	293.0	294.0	295.0	296.0	297.0
5485.3706671250575
