2995.266039904155	300.0	2000.0	161.48366393475138	0	0.0	2995.266039904155	1	0	1	-1.2651976485837468
3356.406828834078	1000.0	2638.859211070077	0.0	0	0.0	2995.266039904155	1	0	1	-0.2995266039904154
4200.0	2000.0	2710.9067227875635	0.0	0	337.07294178331813	2910.906722787563	1	0	2	0.5094362887004777
5200.0	3000.0	2610.906722787564	0.0	0	84.9513566500309	2810.9067227875635	1	0	2	1.4130892043861758
6200.0	3000.0	2610.9067227875635	0.0	0	264.90283000220643	2810.906722787563	1	0	1	1.8214944207152897
7200.0	3000.0	2610.906722787563	0.0	0	158.66610900610885	2810.906722787562	1	0	1	2.02149442071529
8200.0	3000.0	2610.9067227875635	0.0	0	70.4095383679196	2810.906722787562	1	0	1	2.02149442071529
9497.879495230029	3000.0	2183.2392780345335	0.0	0	0.0	2681.1187732645612	1	0	2	1.6310283056916264
10683.220507331114	3000.0	1879.364164723341	0.0	0	0.0	2562.584672054453	1	0	2	1.8432286483283133
11421.751970384634	3000.0	2066.979555364471	0.0	0	0.0	2488.731525749101	1	0	2	1.851712178846121
12200.0	3000.0	2210.906722787566	0.0	0	161.56273057165345	2410.906722787564	1	0	2	1.8588745042132289
13200.0	3000.0	2210.906722787566	0.0	0	207.05996353753653	2410.906722787564	1	0	1	1.8614944207152895
14200.0	3000.0	2210.9067227875676	0.0	0	239.7462396949959	2410.906722787564	1	0	1	2.06149442071529
15453.814038283439	3000.0	1957.092684504129	0.0	0	0.0	2410.9067227875657	1	0	1	2.06149442071529
16510.881092142623	3000.0	1900.0256306449455	0.0	0	0.0	2410.9067227875657	1	0	1	2.06149442071529
17548.50331836938	2000.0	1862.4034044181865	0.0	0	0.0	2410.9067227875657	1	0	1	1.25056420449896
18650.786562378016	2000.0	1760.120160409555	0.0	0	0.0	2410.9067227875676	1	0	1	1.6560293126071246
19473.393781598235	2000.0	1937.5129411893317	0.0	0	0.0	2410.906722787564	1	0	1	1.6560293126071248
20272.538284389724	2000.0	2138.368438397839	0.0	0	0.0	2410.906722787564	1	0	1	1.6560293126071248
21265.960683375066	2000.0	2045.603799513962	0.0	0	0.0	2311.5644828890327	1	0	2	1.2635401234686539
22200.0	3000.0	2111.5644828890263	0.0	0	46.19555841167676	2311.5644828890327	1	0	1	1.4659635365969779
23200.0	3000.0	2111.564482889024	0.0	0	254.7482716181512	2311.5644828890327	1	0	1	2.0714286447051427
24200.0	3000.0	2111.5644828890245	0.0	0	325.50731282370907	2311.5644828890363	1	0	1	2.0714286447051427
25200.0	3000.0	2111.564482889023	0.0	0	196.58948090893318	2311.5644828890327	1	0	1	2.0714286447051427
27088.961273881017	3000.0	1222.6032090080066	0.0	0	0.0	2311.5644828890327	1	0	1	2.0714286447051427
28368.045617461274	3000.0	943.5188654277538	0.0	0	0.0	2311.5644828890327	1	0	1	2.0714286447051427
29823.509897755794	3000.0	488.0545851332366	0.0	0	0.0	2311.5644828890327	1	0	1	2.0714286447051427
30668.964306961472	2000.0	642.6001759275574	0.0	0	0.0	2311.564482889029	1	0	1	1.2604984284888137
32024.844200669468	3000.0	327.26094333210415	40.54066111254485	0	0.0	2352.1051440015726	1	0	1	1.4186655038104552
32731.961664279817	2000.0	620.143479721755	0.0	0	0.0	2352.1051440015726	1	0	1	1.2564443623775594
33516.091293671074	2000.0	836.0138503304935	0.0	0	0.0	2352.1051440015653	1	0	1	1.661909470485725
34684.42240460628	3000.0	667.6827393952875	0.0	0	0.0	2352.105144001569	1	0	1	1.661909470485725
35647.27148819103	3000.0	704.8336558105389	0.0	0	0.0	2352.1051440015653	1	0	1	2.0673745785938897
36416.36120148487	3000.0	858.8349711873187	0.0	0	0.0	2275.1961726721784	1	0	2	1.6730422595070713
37097.962218140936	3000.0	1109.0738528656443	0.0	0	0.0	2207.0360710065725	1	0	2	1.8802636714726586
37941.6961219018	3000.0	1265.3399491047812	0.0	0	0.0	2207.0360710065725	1	0	1	1.8818814858933886
38714.50598413168	3000.0	1492.5300868749073	0.0	0	0.0	2207.0360710065797	1	0	1	2.0818814858933883
39200.0	2000.0	2007.0360710065884	0.0	0	89.21179986913921	2207.0360710065797	1	0	1	1.2709512696770588
40200.0	2000.0	2007.0360710065888	0.0	0	428.095286263233	2207.036071006587	1	0	1	1.6764163777852226
41241.62180072784	3000.0	1965.4142702787485	0.0	0	6.777738064614823	2207.036071006587	1	0	1	1.6764163777852228
42962.00042622441	2000.0	1245.0356447821746	0.0	0	0.0	2207.036071006587	1	0	1	1.270951269677058
43999.641176548605	2000.0	1207.3948944579815	0.0	0	0.0	2207.036071006587	1	0	1	1.6764163777852226
44699.541414007464	2000.0	1507.4946569991134	0.0	0	0.0	2207.036071006587	1	0	1	1.6764163777852226
45661.15794634468	2000.0	1545.878124661887	0.0	0	0.0	2207.036071006587	1	0	1	1.6764163777852226
47424.18413664427	2000.0	606.549315332348	0.0	0	0.0	2030.7334519766373	1	0	2	1.2894193973761028
48326.63220941228	2000.0	704.1012425643354	0.0	0	0.0	2030.7334519766373	1	0	1	1.4940466396882175
49076.751176217644	2000.0	953.9822757589781	0.0	0	0.0	2030.7334519766446	1	0	1	1.6940466396882168
49458.43666068936	1000.0	1572.2967912872625	0.0	0	0.0	2030.7334519766446	1	0	1	0.30775227856832654
50200.0	1000.0	1830.7334519766227	0.0	0	379.8957656116618	2030.7334519766446	1	0	1	1.0008994591282718
51200.0	1000.0	1830.7334519766212	0.0	0	677.2643331641666	2030.7334519766446	1	0	1	1.0008994591282718
52200.0	1000.0	1830.7334519766114	0.0	0	231.96830978689832	2030.7334519766373	1	0	1	1.0008994591282725
53200.0	1000.0	1830.733451976608	0.0	0	229.2513385075872	2030.73345197663	1	0	1	1.0008994591282732
54200.0	1000.0	1830.733451976613	0.0	0	433.19323653647734	2030.73345197663	1	0	1	1.0008994591282732
55200.0	1000.0	1830.7334519766168	0.0	0	359.8989688066649	2030.73345197663	1	0	1	1.0008994591282732
56200.0	1000.0	1830.7334519766155	0.0	0	257.00480183590844	2030.73345197663	1	0	1	1.0008994591282732
57200.0	1000.0	1830.7334519766214	0.0	0	537.6650505252328	2030.73345197663	1	0	1	1.0008994591282732
58200.0	1000.0	1830.7334519766277	0.0	0	498.12782020587474	2030.73345197663	1	0	1	1.0008994591282732
59200.0	1000.0	1830.7334519766275	0.0	0	470.92381530725834	2030.73345197663	1	0	1	1.0008994591282732
60200.0	1000.0	1830.7334519766293	0.0	0	470.9003195324185	2030.7334519766373	1	0	1	1.0008994591282725
61200.0	1000.0	1830.7334519766348	0.0	0	177.63954258065496	2030.73345197663	1	0	1	1.0008994591282732
62273.22450691448	2000.0	1757.5089450621651	0.0	0	0.0	2030.7334519766373	1	0	1	1.0008994591282723
64161.3141489692	3000.0	869.4193030074396	0.0	0	0.0	2030.73345197663	1	0	1	1.6940466396882186
65060.43302609671	3000.0	970.3004258799205	0.0	0	0.0	2030.73345197663	1	0	1	2.099511747796383
65990.13792554331	3000.0	1040.5955264333209	0.0	0	0.0	2030.73345197663	1	0	1	2.099511747796383
66664.43852417728	3000.0	1366.2949277993434	0.0	0	0.0	2030.7334519766155	1	0	1	2.099511747796384
67568.87609497261	3000.0	1461.8573570040026	0.0	0	0.0	2030.733451976601	1	0	1	2.099511747796385
68356.79466791211	3000.0	1673.9387840645188	0.0	0	0.0	2030.733451976601	1	0	1	2.099511747796386
69400.05766787383	3000.0	1630.675784102793	0.0	0	0.0	2030.733451976601	1	0	1	2.099511747796386
70200.0	3000.0	1830.7334519766227	0.0	0	62.00820363101957	2030.733451976601	1	0	1	2.099511747796386
71200.0	3000.0	1830.7334519766293	0.0	0	318.4603074762126	2030.7334519766155	1	0	1	2.0995117477963845
72200.0	3000.0	1830.7334519766252	0.0	0	307.4982520349877	2030.7334519766155	1	0	1	2.0995117477963845
73359.15751059422	2000.0	1671.5759413823969	0.0	0	0.0	2030.733451976601	1	0	1	1.2885815315800566
74200.0	2000.0	1830.7334519766173	0.0	0	106.92274667567108	2030.733451976601	1	0	1	1.6940466396882212
75285.12112374847	2000.0	1745.6123282281515	0.0	0	0.0	2030.7334519766155	1	0	1	1.69404663968822
76519.62028336611	2000.0	1511.1131686105173	0.0	0	0.0	2030.7334519766155	1	0	1	1.69404663968822
77200.0	1000.0	1830.7334519766252	0.0	0	272.41091601179505	2030.733451976601	1	0	1	0.3077522785683309
78200.0	1000.0	1830.7334519766173	0.0	0	644.384265594199	2030.7334519766155	1	0	1	1.0008994591282747
79200.0	1000.0	1830.733451976626	0.0	0	660.2254002913542	2030.7334519766155	1	0	1	1.0008994591282747
80200.0	1000.0	1730.7334519766173	0.0	0	587.5472085025249	1930.7334519766155	1	0	2	0.6068994591282744
81200.0	1000.0	1730.7334519766114	0.0	0	414.6406888934289	1930.733451976601	1	0	1	0.8108994591282759
82200.0	1000.0	1730.7334519766143	0.0	0	414.8507951316569	1930.733451976601	1	0	1	1.010899459128276
83200.0	1000.0	1730.7334519766127	0.0	0	544.1416988835699	1930.733451976601	1	0	1	1.010899459128276
84485.599291772	2000.0	1445.1341602045884	0.0	0	0.0	1930.733451976601	1	0	1	1.010899459128276
85240.64237243186	2000.0	1690.0910795447214	0.0	0	0.0	1930.733451976601	1	0	1	1.7040466396882212
86200.0	2000.0	1730.733451976573	0.0	0	146.7077324980346	1930.7334519765864	1	0	1	1.7040466396882226
87200.0	2000.0	1730.7334519765704	0.0	0	168.1854327199835	1930.7334519765864	1	0	1	1.7040466396882226
88200.0	2000.0	1730.7334519765643	0.0	0	418.73998628887057	1930.7334519765864	1	0	1	1.7040466396882226
89200.0	2000.0	1730.7334519765511	0.0	0	242.87552350813348	1930.733451976601	1	0	1	1.7040466396882212
90200.0	2000.0	1730.733451976554	0.0	0	149.24851707083872	1930.733451976601	1	0	1	1.7040466396882212
91200.0	2000.0	1730.7334519765607	0.0	0	34.586735457589384	1930.7334519766155	1	0	1	1.7040466396882197
92200.0	3000.0	1730.7334519765707	0.0	0	4.4821562662837096	1930.733451976601	1	0	1	1.7040466396882215
93608.2347066684	3000.0	1322.4987453081799	0.0	0	0.0	1930.7334519765864	1	0	1	2.1095117477963874
94733.45500005315	2000.0	1197.278451923437	0.0	0	0.0	1930.7334519765718	1	0	1	1.2985815315800595
95790.95494694416	2000.0	1139.7785050324153	0.0	0	0.0	1930.7334519765718	1	0	1	1.7040466396882241
96636.9919279302	2000.0	1293.7415240463902	0.0	0	0.0	1930.7334519765718	1	0	1	1.7040466396882241
98095.174838459	3000.0	835.5586135175831	0.0	0	0.0	1930.7334519765718	1	0	1	1.7040466396882243
98807.30032106122	2000.0	1123.4331309153604	0.0	0	0.0	1930.7334519765718	1	0	1	1.2985815315800595
99486.54755252186	2000.0	1444.1858994547129	0.0	0	0.0	1930.7334519765718	1	0	1	1.7040466396882241
100555.55238663638	3000.0	1375.181065340194	0.0	0	0.0	1930.7334519765718	1	0	1	1.7040466396882243
101622.9298412626	2000.0	1307.803610713982	0.0	0	0.0	1930.7334519765718	1	0	1	1.2985815315800595
102517.3616720362	2000.0	1413.3717799403717	0.0	0	0.0	1930.7334519765718	1	0	1	1.7040466396882241
103460.96392354475	2000.0	1469.7695284318347	0.0	0	0.0	1930.7334519765718	1	0	1	1.7040466396882241
104241.83324037041	2000.0	1688.9002116061683	0.0	0	0.0	1930.7334519765718	1	0	1	1.7040466396882241
105444.02138182898	2000.0	1486.7120701476135	0.0	0	0.0	1930.7334519765718	1	0	1	1.7040466396882241
106200.0	1000.0	1730.733451976584	0.0	0	29.772843559796456	1930.7334519765718	1	0	1	0.3177522785683339
107200.0	1000.0	1730.7334519765848	0.0	0	449.9635745293199	1930.7334519765718	1	0	1	1.010899459128279
108200.0	2000.0	1730.7334519765861	0.0	0	28.31077453875332	1930.7334519765718	1	0	1	1.0108994591282792
109200.0	2000.0	1730.7334519765711	0.0	0	416.4958162188268	1930.7334519765573	1	0	1	1.7040466396882257
110200.0	2000.0	1730.7334519765695	0.0	0	275.5506733228831	1930.7334519765573	1	0	1	1.7040466396882257
111200.0	2000.0	1730.7334519765734	0.0	0	263.3822545019211	1930.7334519765573	1	0	1	1.7040466396882257
112200.0	2000.0	1730.7334519765639	0.0	0	254.87657787671196	1930.7334519765573	1	0	1	1.7040466396882257
113300.85674373782	2000.0	1629.876708238756	0.0	0	0.0	1930.7334519765573	1	0	1	1.7040466396882257
114568.94956148502	3000.0	1361.7838904915598	0.0	0	0.0	1930.7334519765573	1	0	1	1.704046639688226
115200.0	3000.0	1730.7334519765848	0.0	0	41.73849233529472	1930.7334519765573	1	0	1	2.1095117477963905
116200.0	3000.0	1730.7334519765905	0.0	0	463.99158855483984	1930.7334519765573	1	0	1	2.1095117477963905
117200.0	3000.0	1730.7334519765884	0.0	0	361.3893526355532	1930.7334519765427	1	0	1	2.109511747796392
118200.0	3000.0	1730.7334519765839	0.0	0	98.67914989725978	1930.7334519765427	1	0	1	2.109511747796392
119202.19644283169	2000.0	1728.5370091449054	0.0	0	0.0	1930.7334519765282	1	0	1	1.2985815315800637
120629.42486939629	2000.0	1301.3085825802964	0.0	0	0.0	1930.7334519765282	1	0	1	1.7040466396882283
121200.0	1000.0	1730.7334519765934	0.0	0	4.300775553478161	1930.7334519765282	1	0	1	0.3177522785683382
122200.0	1000.0	1730.7334519765852	0.0	0	354.9320202536037	1930.7334519765282	1	0	1	1.0108994591282834
123200.0	1000.0	1730.733451976596	0.0	0	593.0005878495431	1930.7334519765427	1	0	1	1.0108994591282818
124200.0	1000.0	1730.7334519766086	0.0	0	635.7801670500776	1930.7334519765573	1	0	1	1.0108994591282805
125246.17799414432	2000.0	1684.5554578322876	0.0	0	0.0	1930.7334519765573	1	0	1	1.0108994591282805
126200.0	2000.0	1730.7334519766182	0.0	0	98.50102584832348	1930.7334519765573	1	0	1	1.7040466396882257
127200.0	2000.0	1730.7334519766114	0.0	0	284.914952369465	1930.7334519765427	1	0	1	1.704046639688227
128202.52132574933	2000.0	1728.2121262272913	0.0	0	0.0	1930.7334519765427	1	0	1	1.704046639688227
129492.45077862428	2000.0	1438.2826733523527	0.0	0	0.0	1930.7334519765282	1	0	1	1.7040466396882283
130625.84220252951	3000.0	1304.8912494471074	0.0	0	0.0	1930.7334519765282	1	0	1	1.7040466396882286
131619.79677707775	3000.0	1310.9366748988652	0.0	0	0.0	1930.7334519765136	1	0	1	2.109511747796394
132411.98513421588	3000.0	1518.748317760719	0.0	0	0.0	1930.7334519764845	1	0	1	2.1095117477963976
133393.88380738662	3000.0	1536.8496445899868	0.0	0	0.0	1930.73345197647	1	0	1	2.1095117477963985
134251.3494197879	3000.0	1679.3840321887294	0.0	0	0.0	1930.73345197647	1	0	1	2.109511747796399
135200.0	3000.0	1730.7334519766498	0.0	0	116.93160128686577	1930.73345197647	1	0	1	2.109511747796399
136200.0	3000.0	1730.7334519766293	0.0	0	73.084417496284	1930.73345197647	1	0	1	2.109511747796399
137200.0	3000.0	1730.733451976623	0.0	0	152.21449264662806	1930.73345197647	1	0	1	2.109511747796399
138200.0	3000.0	1730.733451976622	0.0	0	73.0033425882284	1930.73345197647	1	0	1	2.109511747796399
139200.0	3000.0	1730.7334519766239	0.0	0	19.299818697443698	1930.7334519764408	1	0	1	2.109511747796402
140499.70566954452	3000.0	1431.0277824320854	0.0	0	0.0	1930.7334519764408	1	0	1	2.109511747796402
141800.72424071425	3000.0	1130.009211262347	0.0	0	0.0	1930.7334519764408	1	0	1	2.109511747796402
142832.10359862563	3000.0	1098.6298533509835	0.0	0	0.0	1930.7334519764408	1	0	1	2.109511747796402
143706.3251870305	3000.0	1224.4082649461063	0.0	0	0.0	1930.7334519764408	1	0	1	2.109511747796402
144487.36088416755	3000.0	1443.3725678090552	0.0	0	0.0	1930.7334519764408	1	0	1	2.109511747796402
145938.8963861483	3000.0	991.8370658282927	0.0	0	0.0	1930.7334519764408	1	0	1	2.109511747796402
147159.17868703464	2000.0	771.5547649419171	0.0	0	0.0	1930.7334519764408	1	0	1	1.2985815315800726
147879.66804105998	2000.0	1051.0654109165903	0.0	0	0.0	1930.7334519764408	1	0	1	1.7040466396882372
148547.55165386878	2000.0	1383.1817981077595	0.0	0	0.0	1930.7334519764408	1	0	1	1.7040466396882372
149207.9200276994	2000.0	1722.8134242771357	0.0	0	0.0	1930.7334519764408	1	0	1	1.7040466396882372
150264.70807773471	3000.0	1666.0253742418195	0.0	0	0.0	1930.7334519764408	1	0	1	1.7040466396882374
151200.0	3000.0	1730.733451976552	0.0	0	17.93601732334355	1930.73345197647	1	0	1	2.109511747796399
152326.45210463545	3000.0	1604.2813473411043	0.0	0	0.0	1930.733451976499	1	0	1	2.1095117477963963
153466.05593100263	3000.0	1464.6775209738967	0.0	0	0.0	1930.73345197647	1	0	1	2.109511747796399
154200.0	3000.0	1730.7334519765402	0.0	0	1.418935408553807	1930.73345197647	1	0	1	2.109511747796399
155200.0	3000.0	1730.7334519765336	0.0	0	277.3678555508086	1930.7334519764408	1	0	1	2.109511747796402
156266.32967550226	3000.0	1664.4037764742457	0.0	0	0.0	1930.7334519764117	1	0	1	2.1095117477964047
157413.2421721061	3000.0	1517.491279870413	0.0	0	0.0	1930.7334519764117	1	0	1	2.1095117477964047
158658.11946357548	3000.0	1272.6139884010456	0.0	0	0.0	1930.7334519764117	1	0	1	2.1095117477964047
159868.4629273425	3000.0	1062.2705246340404	0.0	0	0.0	1930.7334519764117	1	0	1	2.1095117477964047
160663.9784353521	3000.0	1266.755016624449	0.0	0	0.0	1930.7334519763826	1	0	1	2.109511747796408
161224.41056140044	3000.0	1706.3228905760911	0.0	0	0.0	1930.7334519763826	1	0	1	2.109511747796408
162200.0	3000.0	1730.733451976523	0.0	0	413.0106654058909	1930.7334519763826	1	0	1	2.109511747796408
163200.0	3000.0	1730.7334519765432	0.0	0	202.0583502659283	1930.7334519764117	1	0	1	2.109511747796406
164200.0	3000.0	1730.7334519765373	0.0	0	193.12960616199416	1930.7334519764408	1	0	1	2.1095117477964025
165425.8208965496	3000.0	1504.9125554269617	0.0	0	0.0	1930.7334519764408	1	0	1	2.109511747796402
166892.09079850995	3000.0	1038.6426534665648	0.0	0	0.0	1930.7334519764408	1	0	1	2.109511747796402
167856.74007576925	3000.0	1073.9933762072787	0.0	0	0.0	1930.73345197647	1	0	1	2.1095117477964007
168932.73423831875	3000.0	997.999213657737	0.0	0	0.0	1930.7334519764408	1	0	1	2.109511747796402
170219.47153739032	3000.0	711.2619145861993	0.0	0	0.0	1930.73345197647	1	0	1	2.1095117477963994
170969.19710497346	2000.0	961.5363470030446	0.0	0	0.0	1930.7334519764408	1	0	1	1.298581531580072
172045.33237389868	3000.0	885.401078077796	0.0	0	0.0	1930.7334519764117	1	0	1	1.7040466396882397
172688.7202072153	3000.0	1242.013244761169	0.0	0	0.0	1930.7334519764117	1	0	1	2.1095117477964047
173587.46276923412	3000.0	1343.2706827423326	0.0	0	0.0	1930.7334519764117	1	0	1	2.1095117477964047
174460.33756595018	2000.0	1470.3958860262585	0.0	0	0.0	1930.7334519764117	1	0	1	1.2985815315800755
175720.3157783474	2000.0	1210.4176736290553	0.0	0	0.0	1930.7334519764408	1	0	1	1.7040466396882372
176779.92063126896	2000.0	1150.8128207074963	0.0	0	0.0	1930.7334519764408	1	0	1	1.7040466396882372
177717.13758557336	2000.0	1213.5958664030832	0.0	0	0.0	1930.7334519764408	1	0	1	1.7040466396882372
178479.4758793892	2000.0	1451.2575725872332	0.0	0	0.0	1930.7334519764408	1	0	1	1.7040466396882372
179200.0	2000.0	1730.733451976457	0.0	0	172.68857026679325	1930.7334519764408	1	0	1	1.7040466396882372
180871.89675443567	3000.0	1058.8366975407723	0.0	0	0.0	1930.7334519764408	1	0	1	1.7040466396882374
182060.43948666734	2000.0	870.2939653091345	0.0	0	0.0	1930.7334519764408	1	0	1	1.2985815315800726
183547.5293910065	3000.0	383.20406096997675	0.0	0	0.0	1930.7334519764408	1	0	1	1.7040466396882374
184219.21167500166	2000.0	711.5217769748308	0.0	0	0.0	1930.7334519764408	1	0	1	1.2985815315800726
184858.26294883376	3000.0	1072.4705031427293	0.0	0	0.0	1930.7334519764117	1	0	1	1.70404663968824
185495.59008106697	2000.0	1435.1433709095045	0.0	0	0.0	1930.7334519764117	1	0	1	1.2985815315800755
186238.2662141419	3000.0	1692.4672378345426	0.0	0	0.0	1930.7334519764408	1	0	1	1.7040466396882374
187200.0	3000.0	1730.733451976445	0.0	0	283.3706173163082	1930.73345197647	1	0	1	2.109511747796399
188200.0	3000.0	1730.7334519764302	0.0	0	380.8152730646834	1930.73345197647	1	0	1	2.109511747796399
189200.0	3000.0	1730.7334519764581	0.0	0	249.30824294610647	1930.73345197647	1	0	1	2.109511747796399
190200.0	2000.0	1730.7334519764545	0.0	0	201.2102439260052	1930.73345197647	1	0	1	1.2985815315800697
191543.49529307836	2000.0	1387.238158898109	0.0	0	0.0	1930.73345197647	1	0	1	1.7040466396882343
192386.04902990873	2000.0	1544.6844220677126	0.0	0	0.0	1930.73345197647	1	0	1	1.7040466396882343
193200.0	2000.0	1649.3383549672892	0.0	0	92.48460474377498	1849.3383549673308	1	0	2	1.3097603094464962
194200.0	2000.0	1649.3383549672733	0.0	0	266.52644792507635	1849.3383549673308	1	0	1	1.5121861493891466
195200.0	2000.0	1649.3383549672603	0.0	0	238.10610151846777	1849.33835496736	1	0	1	1.7121861493891453
196835.89280687028	2000.0	849.8562674099395	0.0	0	0.0	1685.7490742803202	1	0	2	1.3246078785802402
197526.4514124261	2000.0	1159.297661854077	0.0	0	0.0	1685.7490742803202	1	0	1	1.528545077457849
198200.0	2000.0	1485.7490742801683	0.0	0	136.4300301024923	1685.7490742803202	1	0	1	1.7285450774578492
199200.0	2000.0	1485.749074280156	0.0	0	234.45944609041908	1685.7490742803202	1	0	1	1.7285450774578492
200200.0	2000.0	1485.7490742801494	0.0	0	484.7329242800188	1685.749074280291	1	0	1	1.7285450774578524
201200.0	1000.0	1485.7490742801529	0.0	0	160.6852662381134	1685.749074280291	1	0	1	0.3422507163379619
202200.0	1000.0	1485.7490742801683	0.0	0	62.30842051462969	1685.749074280291	1	0	1	1.035397896897907
203200.0	1000.0	1485.7490742801497	0.0	0	330.06878166430397	1685.7490742803202	1	0	1	1.0353978968979052
204200.0	1000.0	1485.7490742801385	0.0	0	458.65920093862223	1685.7490742803202	1	0	1	1.035397896897904
205200.0	1000.0	1485.7490742801344	0.0	0	121.90337056826684	1685.7490742803784	1	0	1	1.0353978968978987
206200.0	1000.0	1485.7490742801133	0.0	0	403.8417655598896	1685.7490742803493	1	0	1	1.0353978968979012
207200.0	1000.0	1485.7490742801144	0.0	0	489.3013065434061	1685.7490742803493	1	0	1	1.0353978968979012
208200.0	1000.0	1485.7490742801037	0.0	0	643.3778334495437	1685.7490742803493	1	0	1	1.0353978968979012
209200.0	1000.0	1485.749074280079	0.0	0	348.73043453443097	1685.7490742803784	1	0	1	1.0353978968978983
210200.0	1000.0	1485.749074280053	0.0	0	69.9566097149509	1685.7490742803784	1	0	1	1.0353978968978983
211578.84179321324	2000.0	1106.907281066802	0.0	0	0.0	1685.7490742803784	1	0	1	1.0353978968978983
212693.18850274166	2000.0	992.5605715384123	0.0	0	0.0	1685.7490742803784	1	0	1	1.7285450774578435
214000.79015980236	3000.0	684.9589144777426	0.0	0	0.0	1685.7490742804366	1	0	1	1.7285450774578388
215090.09501442165	3000.0	595.654059858434	0.0	0	0.0	1685.7490742804366	1	0	1	2.134010185566003
216127.26217961	3000.0	558.4868946700956	0.0	0	0.0	1685.7490742804366	1	0	1	2.1340101855660025
217371.44477502131	3000.0	376.2716011091309	61.96730185038129	0	0.0	1747.7163761304691	1	0	1	1.7560096442787114
218320.76545058194	3000.0	539.6191680243194	112.66824247583534	0	0.0	1860.384618606302	1	0	1	1.4405371762784038
219126.7077193279	3000.0	733.6768992783384	0.0	0	0.0	1860.384618606302	1	0	1	2.116546631133416
219610.10786874345	3000.0	1250.2767498628184	0.0	0	0.0	1860.384618606302	1	0	1	2.116546631133416
220237.34684619884	3000.0	1623.037772407442	0.0	0	0.0	1860.384618606331	1	0	1	2.116546631133413
221200.0	3000.0	1660.3846186063024	0.0	0	217.58320782289957	1860.3846186063602	1	0	1	2.1165466311334113
222200.0	2000.0	1660.3846186062783	0.0	0	125.42577280805563	1860.384618606331	1	0	1	1.3056164149170837
223267.30253770604	2000.0	1593.0820809002428	0.0	0	0.0	1860.384618606331	1	0	1	1.7110815230252483
224320.2799591191	2000.0	1540.1046594871736	0.0	0	0.0	1860.384618606331	1	0	1	1.7110815230252483
225256.6235227407	2000.0	1603.761095865575	0.0	0	0.0	1860.384618606331	1	0	1	1.7110815230252483
226410.73523341387	2000.0	1449.6493851924104	0.0	0	0.0	1860.384618606331	1	0	1	1.7110815230252483
227407.89089631822	2000.0	1452.4937222880365	0.0	0	0.0	1860.384618606302	1	0	1	1.711081523025251
228498.19543289088	2000.0	1362.1891857153987	0.0	0	0.0	1860.384618606302	1	0	1	1.711081523025251
229892.85453964837	2000.0	967.5300789579022	0.0	0	0.0	1860.384618606302	1	0	1	1.711081523025251
231030.53319144945	2000.0	829.8514271568057	0.0	0	0.0	1860.3846186062437	1	0	1	1.711081523025256
231807.53911750403	2000.0	1052.8455011021974	0.0	0	0.0	1860.3846186062146	1	0	1	1.7110815230252598
232652.0776116821	2000.0	1123.853157506303	0.0	0	0.0	1775.9307691883878	1	0	2	1.3171504046321312
233382.31999130448	1000.0	1393.6107778838991	0.0	0	0.0	1775.9307691883587	1	0	1	0.13323254684715496
234278.90453868275	2000.0	1497.026230505644	0.0	0	0.0	1775.9307691883878	1	0	1	1.0263797274070974
235200.0	2000.0	1575.9307691883914	0.0	0	127.28357705031522	1775.9307691883878	1	0	1	1.7195269079670426
236200.0	2000.0	1575.9307691883857	0.0	0	197.13284833656508	1775.930769188417	1	0	1	1.7195269079670397
237200.0	2000.0	1575.9307691883935	0.0	0	476.67429617754533	1775.930769188417	1	0	1	1.7195269079670397
238200.0	2000.0	1575.930769188343	0.0	0	352.30974043440074	1775.930769188417	1	0	1	1.7195269079670397
239279.8632625384	2000.0	1388.0811803961362	0.0	0	0.0	1667.9444429345895	1	0	2	1.3268490652237042
240200.0	2000.0	1467.944442934539	0.0	0	105.77448918213486	1667.9444429345895	1	0	1	1.530325540592422
241200.0	2000.0	1467.944442934531	0.0	0	193.56441280880244	1667.9444429345895	1	0	1	1.7303255405924223
242200.0	2000.0	1467.9444429345244	0.0	0	287.24901993529056	1667.9444429345895	1	0	1	1.7303255405924223
243200.0	2000.0	1467.9444429345199	0.0	0	171.3239218754752	1667.9444429346186	1	0	1	1.7303255405924194
244357.62522664093	3000.0	1310.3192162936336	0.0	0	0.0	1667.9444429346186	1	0	1	1.7303255405924196
245521.34212068876	3000.0	1146.6023222458189	0.0	0	0.0	1667.9444429346186	1	0	1	2.1357906487005844
246665.24458146878	3000.0	1002.6998614658022	0.0	0	0.0	1667.9444429346186	1	0	1	2.1357906487005844
248116.27369039832	3000.0	551.6707525362721	0.0	0	0.0	1667.9444429346186	1	0	1	2.1357906487005844
248983.21471190156	3000.0	684.7297310330371	0.0	0	0.0	1667.9444429346186	1	0	1	2.1357906487005844
249957.49919641175	3000.0	710.4452465228525	0.0	0	0.0	1667.9444429345895	1	0	1	2.1357906487005853
250883.71741358613	2000.0	784.2270293484974	0.0	0	0.0	1667.9444429346186	1	0	1	1.3248604324842561
251628.30394580017	2000.0	1039.640497134416	0.0	0	0.0	1667.9444429345895	1	0	1	1.7303255405924223
252228.4721951014	2000.0	1439.4722478332103	0.0	0	0.0	1667.9444429345895	1	0	1	1.7303255405924223
253200.0	2000.0	1467.9444429346336	0.0	0	401.795798597479	1667.9444429346186	1	0	1	1.7303255405924194
254206.38177463392	2000.0	1461.5626683007147	0.0	0	0.0	1667.9444429346186	1	0	1	1.7303255405924194
255208.7259396567	2000.0	1459.2185032779423	0.0	0	0.0	1667.9444429346186	1	0	1	1.7303255405924194
256429.82463100122	2000.0	1238.1198119334022	0.0	0	0.0	1667.9444429345895	1	0	1	1.7303255405924223
257337.20987223496	2000.0	1330.7345706996523	0.0	0	0.0	1667.9444429345895	1	0	1	1.7303255405924223
258673.97179573684	3000.0	993.9726471977808	0.0	0	0.0	1667.9444429345895	1	0	1	1.7303255405924225
259516.87032787403	2000.0	1151.0741150606127	0.0	0	0.0	1667.9444429346186	1	0	1	1.3248604324842548
260250.14183081684	2000.0	1417.8026121178218	0.0	0	0.0	1667.9444429346186	1	0	1	1.7303255405924194
261200.0	2000.0	1467.9444429346686	0.0	0	100.73520307190483	1667.9444429346186	1	0	1	1.7303255405924194
262398.81817339436	2000.0	1269.126269540253	0.0	0	0.0	1667.9444429345895	1	0	1	1.7303255405924207
263200.0	2000.0	1467.944442934586	0.0	0	205.12865324353334	1667.9444429345895	1	0	1	1.7303255405924212
264200.0	2000.0	1467.9444429345983	0.0	0	314.68338359560585	1667.9444429345895	1	0	1	1.7303255405924212
265200.0	2000.0	1467.9444429345633	0.0	0	459.53185063489946	1667.9444429345895	1	0	1	1.7303255405924223
266200.0	3000.0	1467.944442934606	0.0	0	398.87271258601686	1667.9444429345895	1	0	1	1.7303255405924225
267200.0	3000.0	1467.9444429346622	0.0	0	92.98899358091876	1667.9444429345895	1	0	1	2.135790648700587
268200.0	2000.0	1467.9444429345601	0.0	0	132.95861181017244	1667.9444429345895	1	0	1	1.3248604324842577
269608.49775870424	2000.0	1059.446684230334	0.0	0	0.0	1667.9444429345895	1	0	1	1.7303255405924223
270868.5505079389	2000.0	799.3939349957035	0.0	0	0.0	1667.9444429345895	1	0	1	1.7303255405924223
271910.90755716333	2000.0	757.0368857713103	0.0	0	0.0	1667.9444429346477	1	0	1	1.7303255405924165
272865.6972211855	2000.0	802.2472217491262	0.0	0	0.0	1667.944442934764	1	0	1	1.7303255405924087
273800.7523992899	2000.0	867.1920436446835	0.0	0	0.0	1667.944442934764	1	0	1	1.7303255405924052
274868.3100537489	2000.0	799.6343891856985	0.0	0	0.0	1667.944442934764	1	0	1	1.7303255405924052
275200.0	1000.0	1467.9444429345563	0.0	0	22.67203926597722	1667.944442934764	1	0	1	0.3440311794725146
276200.0	1000.0	1467.9444429345474	0.0	0	524.3898621564149	1667.9444429347059	1	0	1	1.0371783600324656
277200.0	1000.0	1467.9444429344826	0.0	0	400.1271794763743	1667.9444429347059	1	0	1	1.0371783600324656
278763.03415515216	2000.0	904.9102877822785	0.0	0	0.0	1667.9444429347059	1	0	1	1.0371783600324656
280038.28754989576	3000.0	629.6568930386417	0.0	0	0.0	1667.9444429347059	1	0	1	1.7303255405924107
281128.0471984406	3000.0	539.8972444937729	0.0	0	0.0	1667.9444429347059	1	0	1	2.1357906487005756
282147.08212508616	3000.0	520.8623178481646	0.0	0	0.0	1667.9444429347059	1	0	1	2.1357906487005756
283234.22010567656	3000.0	433.7243372578157	0.0	0	0.0	1667.944442934764	1	0	1	2.1357906487005707
284350.86576978775	3000.0	444.3237631911269	127.24509004447818	0	0.0	1795.1895329788676	1	0	1	1.35959559942929
285265.8950594459	3000.0	562.7584940119036	33.46402047896143	0	0.0	1828.6535534578143	1	0	1	1.918935614774496
285961.9204493992	3000.0	866.7331040586166	0.0	0	0.0	1828.653553457756	1	0	1	2.119719737648269
286691.5782533466	3000.0	1137.0753001111757	0.0	0	0.0	1828.6535534576979	1	0	1	2.119719737648276
287466.169489627	3000.0	1362.4840638307517	0.0	0	0.0	1828.6535534576396	1	0	1	2.119719737648282
288304.7528029628	3000.0	1523.9007504950082	0.0	0	0.0	1828.6535534576979	1	0	1	2.119719737648276
289222.99944676226	3000.0	1605.6541066955194	0.0	0	0.0	1828.6535534576979	1	0	1	2.119719737648276
290200.0	3000.0	1628.653553457817	0.0	0	90.74913137464318	1828.6535534576396	1	0	1	2.119719737648281
291200.0	3000.0	1628.6535534578193	0.0	0	203.10927525174338	1828.6535534576396	1	0	1	2.119719737648282
292200.0	3000.0	1628.6535534579089	0.0	0	244.6114604473696	1828.6535534576979	1	0	1	2.119719737648276
293200.0	3000.0	1628.6535534579366	0.0	0	393.89258269715356	1828.653553457756	1	0	1	2.1197197376482704
294200.0	2000.0	1628.6535534579664	0.0	0	527.1296696368954	1828.653553457756	1	0	1	1.3087895214319412
295200.0	2000.0	1628.653553457953	0.0	0	67.59752698399825	1828.6535534576979	1	0	1	1.7142546295401115
296312.8155299801	2000.0	1515.8380234778642	0.0	0	0.0	1828.6535534576979	1	0	1	1.7142546295401115
297200.0	2000.0	1628.6535534580353	0.0	0	95.66755711159203	1828.653553457756	1	0	1	1.7142546295401058
298429.85190078826	3000.0	1398.8016526697909	0.0	0	0.0	1828.6535534578143	1	0	1	1.7142546295401
299521.653568223	3000.0	1306.999985235068	0.0	0	0.0	1828.6535534578143	1	0	1	2.1197197376482646
300263.11477176374	2000.0	1565.5387816943376	0.0	0	0.0	1828.6535534578143	1	0	1	1.3087895214319352
3.22	3.35	3.67	4.24	2.94	2.49	2.1	2.9	3.74	4.53	4.11	2.65	3.5	3.02	2.4	2.54	2.99	2.71	2.76	3.17	4.19	4.12	2.35	1.41	2.58	2.36	2.92	3.29	1.89	2.17	2.25	2.95	3.81	4.24	4.43	4.9	5.1	3.9	1.6	1.3	1.9	2.8	2.86	1.51	1.6	2.28	3.12	3.46	2.1	1.1	1.7	2.33	1.52	1.59	2.4	3.05	1.9	0.95	1.46	1.45	1.95	2.97	3.52	4.02	2.85	3.32	4.24	4.81	4.39	2.82	2.04	2.27	1.76	1.52	2.22	2.31	2.53	1.95	2.09	2.19	2.07	1.85	2.11	2.86	3.37	2.79	2.65	1.91	2.69	2.77	2.15	2.17	2.43	2.77	2.86	2.44	2.99	3.66	2.27	3.12	2.9	3.0	1.69	1.58	1.69	2.61	2.95	3.14	3.14	1.54	2.53	3.13	4.03	5.07	3.86	2.77	2.65	1.48	1.98	2.13	2.65	2.35	2.32	2.9	2.33	1.23	1.73	2.13	3.14	3.81	3.8	3.52	3.31	4.19	4.32	3.73	2.72	3.12	2.98	3.76	4.58	4.75	2.53	2.09	2.18	2.79	2.94	2.97	2.84	2.97	3.22	3.35	3.67	4.24	2.94	2.49	2.1	2.9	3.74	4.53	4.11	2.65	3.5	3.02	2.4	2.54	2.99	2.71	2.76	3.17	4.19	4.12	2.35	1.41	2.58	2.36	2.92	3.29	1.89	2.17	2.25	2.95	3.81	4.24	4.43	4.9	5.1	3.9	1.6	1.3	1.9	2.8	2.86	1.51	1.6	2.28	3.12	3.46	2.1	1.1	1.7	2.33	1.52	1.59	2.4	3.05	1.9	0.95	1.46	1.45	1.95	2.97	3.52	4.02	2.85	3.32	4.24	4.81	4.39	2.82	2.04	2.27	1.76	1.52	2.22	2.31	2.53	1.95	2.09	2.19	2.07	1.85	2.11	2.86	3.37	2.79	2.65	1.91	2.69	2.77	2.15	2.17	2.43	2.77	2.86	2.44	2.99	3.66	2.27	3.12	2.9	3.0	1.69	1.58	1.69	2.61	2.95	3.14	3.14	1.54	2.53	3.13	4.03	5.07	3.86	2.77	2.65	1.48	1.98	2.13	2.65	2.35	2.32	2.9	2.33	1.23	1.73	2.13	3.14	3.81	3.8	3.52	3.31	4.19	4.32	3.73	2.72	3.12	2.98	3.76	4.58	4.75	2.53	2.09	2.18	2.79	2.94	2.97	2.84	2.97	3.22	3.35
1.0	2.0	3.0	4.0	5.0	6.0	7.0	8.0	9.0	10.0	11.0	12.0	13.0	14.0	15.0	16.0	17.0	18.0	19.0	20.0	21.0	22.0	23.0	24.0	25.0	26.0	27.0	28.0	29.0	30.0	31.0	32.0	33.0	34.0	35.0	36.0	37.0	38.0	39.0	40.0	41.0	42.0	43.0	44.0	45.0	46.0	47.0	48.0	49.0	50.0	51.0	52.0	53.0	54.0	55.0	56.0	57.0	58.0	59.0	60.0	61.0	62.0	63.0	64.0	65.0	66.0	67.0	68.0	69.0	70.0	71.0	72.0	73.0	74.0	75.0	76.0	77.0	78.0	79.0	80.0	81.0	82.0	83.0	84.0	85.0	86.0	87.0	88.0	89.0	90.0	91.0	92.0	93.0	94.0	95.0	96.0	97.0	98.0	99.0	100.0	101.0	102.0	103.0	104.0	105.0	106.0	107.0	108.0	109.0	110.0	111.0	112.0	113.0	114.0	115.0	116.0	117.0	118.0	119.0	120.0	121.0	122.0	123.0	124.0	125.0	126.0	127.0	128.0	129.0	130.0	131.0	132.0	133.0	134.0	135.0	136.0	137.0	138.0	139.0	140.0	141.0	142.0	143.0	144.0	145.0	146.0	147.0	148.0	149.0	149.0	150.0	151.0	152.0	153.0	154.0	155.0	156.0	157.0	158.0	159.0	160.0	161.0	162.0	163.0	164.0	165.0	166.0	167.0	168.0	169.0	170.0	171.0	172.0	173.0	174.0	175.0	176.0	177.0	178.0	179.0	180.0	181.0	182.0	183.0	184.0	185.0	186.0	187.0	188.0	189.0	190.0	191.0	192.0	193.0	194.0	195.0	196.0	197.0	198.0	199.0	200.0	201.0	202.0	203.0	204.0	205.0	206.0	207.0	208.0	209.0	210.0	211.0	212.0	213.0	214.0	215.0	216.0	217.0	218.0	219.0	220.0	221.0	222.0	223.0	224.0	225.0	226.0	227.0	228.0	229.0	230.0	231.0	232.0	233.0	234.0	235.0	236.0	237.0	238.0	239.0	240.0	241.0	242.0	243.0	244.0	245.0	246.0	247.0	248.0	249.0	250.0	251.0	252.0	253.0	254.0	255.0	256.0	257.0	258.0	259.0	260.0	261.0	262.0	263.0	264.0	265.0	266.0	267.0	268.0	269.0	270.0	271.0	272.0	273.0	274.0	275.0	276.0	277.0	278.0	279.0	280.0	281.0	282.0	283.0	284.0	285.0	286.0	287.0	288.0	289.0	290.0	291.0	292.0	293.0	294.0	295.0	296.0	297.0	298.0	298.0	299.0	300.0
2688.8070084909446
