4967.293889890438	300.0	2000.0	129.3570969989484	0	0.0	4967.293889890438	1	0	1	-1.2702745374765396
5536.6812103753655	1000.0	2373.67394746658	0.0	0	0.0	4910.355157841946	1	0	2	-0.8924043698365118
6625.476739707022	2000.0	2175.9988652017573	0.0	0	0.0	4801.475604908779	1	0	2	0.5207778347167595
7798.75576663554	2000.0	1885.3919355803885	0.0	0	0.0	4684.147702215927	1	0	2	1.2257818677970103
8762.476712270389	2000.0	1825.298895382054	0.0	0	0.0	4587.775607652442	1	0	2	1.2360000669924145
9458.23051746116	2000.0	2059.9697096722075	0.0	0	0.0	4518.200227133367	1	0	2	1.243413683062708
10641.643784169162	2000.0	1758.2151162934028	0.0	0	0.0	4399.858900462564	1	0	2	1.2541329918876363
11801.982092796723	2000.0	1481.8429768030865	0.0	0	0.0	4283.825069599808	1	0	2	1.2658105563169162
12922.45213805466	2000.0	1249.3259270193548	0.0	0	0.0	4171.7780650740115	1	0	2	1.2765398278298008
14011.771731845367	2000.0	1051.0743738495767	0.0	0	0.0	4062.846105694942	1	0	2	1.2884878534170003
15453.727250519123	2000.0	464.9233033084455	0.0	0	0.0	3918.6505538275687	1	0	2	1.3006987586436234
15990.570410030034	1000.0	928.0801437975341	0.0	0	0.0	3918.6505538275687	1	0	1	-0.08103943161676597
17284.04696137033	2000.0	505.2559373232075	0.0	0	0.0	3789.302898693537	1	0	2	0.42210630192589005
18084.843629322033	2000.0	704.4592693715059	0.0	0	0.0	3789.302898693537	1	0	1	1.3181896950165273
18895.267589120824	2000.0	894.0353095727157	0.0	0	0.0	3789.3028986935387	1	0	1	1.5181896950165275
19649.36768945301	2000.0	1064.5251992073122	0.0	0	0.0	3713.8928886603226	1	0	2	1.12374877552763
20557.39601197351	2000.0	1065.6940444347672	0.0	0	0.0	3623.0900564082767	1	0	2	1.3323016602237372
21507.693380770495	2000.0	1020.366938758084	0.0	0	0.0	3528.0603195285803	1	0	2	1.3418259355316235
22460.616216484796	2000.0	972.1518194723538	0.0	0	0.0	3432.768035957153	1	0	2	1.3514317718430449
22976.23812067915	1000.0	1456.529915277999	0.0	0	0.0	3432.768035957157	1	0	1	-0.032451179829724786
23537.66641769267	1000.0	1838.958788563125	0.0	0	0.0	3376.625206255805	1	0	2	0.4648605841207249
24116.230863001518	1000.0	2202.5378987233935	0.0	0	0.0	3318.7687617249176	1	0	2	0.6705943889587072
24598.563289954272	1000.0	2671.9722290753634	0.0	0	0.0	3270.5355190296395	1	0	2	0.6757055845304756
26144.33326050141	2000.0	1971.6252614735083	0.0	0	0.0	3115.958521974924	1	0	2	0.689125551638109
27332.594255955733	2000.0	1664.538166473749	0.0	0	0.0	2997.1324224294876	1	0	2	1.3944478026883214
28196.18331605755	2000.0	1800.949106371931	0.0	0	0.0	2997.1324224294876	1	0	1	1.3974067426429324
29414.62698732525	2000.0	1582.505435104231	0.0	0	0.0	2997.1324224294876	1	0	1	1.5974067426429326
30082.878605711852	1000.0	1914.2538167176315	0.0	0	0.0	2997.1324224294876	1	0	1	0.21111238152304224
32122.12379910283	2000.0	671.0841039875556	0.0	0	0.0	2793.207903090388	1	0	2	0.5196314891638825
32665.3099666323	1000.0	1127.8979364580855	0.0	0	0.0	2793.207903090388	1	0	1	0.031504833456951986
33178.17102046314	1000.0	1615.0368826272515	0.0	0	0.0	2793.207903090388	1	0	1	0.9246520140168971
34052.288714094604	2000.0	1653.507419632634	0.0	0	0.0	2705.796133727232	1	0	2	0.5314416602329035
34930.66277909921	2000.0	1775.1333546280218	0.0	0	0.0	2705.796133727228	1	0	1	1.426540371513158
35564.42560702315	2000.0	2077.9942439117003	0.0	0	0.0	2642.4198509348425	1	0	2	1.2313360685487285
36281.62803231307	2000.0	2360.7918186217753	0.0	0	0.0	2642.4198509348425	1	0	1	1.4328779997923968
37200.0	2000.0	2350.58265416616	0.0	0	177.92074620896892	2550.582654166159	1	0	2	1.238875263517599
38200.0	2000.0	2350.582654166154	0.0	0	203.3935246433757	2550.582654166159	1	0	1	1.4420617194692653
39955.29321801563	2000.0	1595.2894361505241	0.0	0	0.0	2550.582654166159	1	0	1	1.6420617194692655
40668.10964612362	1000.0	1882.4730080425338	0.0	0	0.0	2550.582654166159	1	0	1	0.25576735834937514
41438.616223789766	1000.0	2111.9664303763984	0.0	0	0.0	2550.582654166159	1	0	1	0.9489145389093203
42200.0	1000.0	2350.5826541661577	0.0	0	234.65750837998348	2550.582654166159	1	0	1	0.9489145389093203
43200.0	1000.0	2350.5826541661636	0.0	0	500.7339858781779	2550.582654166159	1	0	1	0.9489145389093203
44200.0	1000.0	2350.5826541661622	0.0	0	240.6073550098081	2550.582654166159	1	0	1	0.9489145389093203
45200.0	1000.0	2350.5826541661627	0.0	0	330.7943542939174	2550.582654166159	1	0	1	0.9489145389093203
46200.22537102159	1000.0	2250.3347460424093	0.0	0	0.0	2450.560117063993	1	0	2	0.5558751414152553
47200.0	1000.0	2150.5826541661595	0.0	0	8.558071545870916	2350.582654166159	1	0	2	0.7667387330187967
48200.0	1000.0	2050.5826541661554	0.0	0	215.3652299477326	2250.5826541661518	1	0	2	0.7754945870462155
49200.0	1000.0	2050.582654166152	0.0	0	61.42053210109589	2250.5826541661445	1	0	1	0.7789145389093216
50200.0	1000.0	2050.582654166161	0.0	0	130.92621061595128	2250.5826541661445	1	0	1	0.9789145389093218
51200.0	1000.0	1950.582654166165	0.0	0	209.7628731317236	2150.5826541661518	1	0	2	0.5856798633601856
52200.0	1000.0	1950.5826541661652	0.0	0	153.37559492583387	2150.5826541661518	1	0	1	0.7889145389093208
53247.07814981487	2000.0	1903.5045043512985	0.0	0	0.0	2150.5826541661518	1	0	1	0.9889145389093209
54522.273529385464	3000.0	1628.3091247807095	0.0	0	0.0	2150.5826541661445	1	0	1	1.682061719469267
55468.076503990145	2000.0	1682.5061501760315	0.0	0	0.0	2150.5826541661518	1	0	1	1.2765966113611014
56509.73200936566	2000.0	1640.8506448005205	0.0	0	0.0	2150.5826541661518	1	0	1	1.682061719469266
57678.82711149008	2000.0	1471.7555426761041	0.0	0	0.0	2150.5826541661518	1	0	1	1.682061719469266
58340.29280542601	2000.0	1810.289848740175	0.0	0	0.0	2150.582654166159	1	0	1	1.6820617194692655
59200.0	2000.0	1950.5826541661859	0.0	0	114.00899893681344	2150.582654166159	1	0	1	1.6820617194692655
60525.09294250817	2000.0	1625.4897116580141	0.0	0	0.0	2150.582654166159	1	0	1	1.6820617194692655
61837.89237657101	2000.0	1312.6902775951748	0.0	0	0.0	2150.582654166159	1	0	1	1.6820617194692655
62831.301494175146	2000.0	1319.2811599910422	0.0	0	0.0	2150.582654166159	1	0	1	1.6820617194692655
63571.899410327205	2000.0	1504.6234522237805	0.0	0	0.0	2076.5228625509553	1	0	2	1.2876676481249376
64917.457333527986	2000.0	1159.0655290230065	0.0	0	0.0	2076.5228625509553	1	0	1	1.4894676986307855
65859.50023156454	2000.0	1217.0226309864515	0.0	0	0.0	2076.5228625509626	1	0	1	1.6894676986307848
66900.3622784701	2000.0	1176.1605840808866	0.0	0	0.0	2076.5228625509553	1	0	1	1.6894676986307853
67519.99275570048	2000.0	1556.5301068505144	0.0	0	0.0	2076.5228625509626	1	0	1	1.6894676986307853
68449.9469661328	2000.0	1626.5758964181832	0.0	0	0.0	2076.5228625509626	1	0	1	1.6894676986307848
69344.85700554929	2000.0	1731.6658570016864	0.0	0	0.0	2076.5228625509626	1	0	1	1.6894676986307848
70276.7659246168	2000.0	1799.7569379341642	0.0	0	0.0	2076.5228625509626	1	0	1	1.6894676986307848
71200.0	2000.0	1876.5228625509747	0.0	0	291.0879918521532	2076.5228625509626	1	0	1	1.6894676986307848
72220.27812962863	2000.0	1856.2447329223319	0.0	0	0.0	2076.522862550948	1	0	1	1.6894676986307866
73319.98816471241	2000.0	1756.5346978385503	0.0	0	0.0	2076.522862550948	1	0	1	1.6894676986307866
75003.38564124898	2000.0	1073.1372213019877	0.0	0	0.0	2076.522862550948	1	0	1	1.6894676986307866
75830.10540614788	2000.0	1246.41745640309	0.0	0	0.0	2076.522862550948	1	0	1	1.6894676986307866
76430.25740816839	2000.0	1646.2654543825956	0.0	0	0.0	2076.522862550948	1	0	1	1.6894676986307866
77225.55676156061	2000.0	1850.9661009903798	0.0	0	0.0	2076.5228625509626	1	0	1	1.6894676986307848
78200.0	2000.0	1876.5228625510042	0.0	0	304.6674496879132	2076.522862550977	1	0	1	1.6894676986307835
79200.0	1000.0	1876.5228625510142	0.0	0	183.569197183082	2076.522862550977	1	0	1	0.30317333751089326
80200.0	1000.0	1876.5228625510306	0.0	0	467.71731055493	2076.5228625509917	1	0	1	0.996320518070837
81200.0	1000.0	1876.5228625510101	0.0	0	297.9302351318038	2076.522862550977	1	0	1	0.9963205180708384
82200.0	2000.0	1776.522862550994	0.0	0	43.87496917085082	1976.5228625509626	1	0	2	0.6039632043343561
83200.0	2000.0	1776.5228625510026	0.0	0	342.95625325787114	1976.5228625509626	1	0	1	1.4994676986307849
84200.0	2000.0	1776.5228625510058	0.0	0	371.4957278606307	1976.5228625509626	1	0	1	1.699467698630785
85200.0	2000.0	1776.5228625510126	0.0	0	110.7556894961308	1976.5228625509772	1	0	1	1.6994676986307835
86282.33886514253	2000.0	1694.1839974084596	0.0	0	0.0	1976.5228625509626	1	0	1	1.699467698630785
87914.47325213574	2000.0	1062.0496104152437	0.0	0	0.0	1976.5228625509626	1	0	1	1.699467698630785
88934.10160633633	2000.0	1042.4212562146322	0.0	0	0.0	1976.522862550948	1	0	1	1.6994676986307866
89752.2742121609	2000.0	1224.2486503900552	0.0	0	0.0	1976.522862550948	1	0	1	1.6994676986307866
90398.28265694504	2000.0	1578.2402056059166	0.0	0	0.0	1976.522862550948	1	0	1	1.6994676986307866
91220.74278707877	2000.0	1755.7800754721927	0.0	0	0.0	1976.5228625509335	1	0	1	1.699467698630788
92200.0	2000.0	1776.5228625509776	0.0	0	305.63672747010423	1976.5228625509335	1	0	1	1.699467698630788
93217.6120757595	2000.0	1758.9107867914697	0.0	0	0.0	1976.5228625509335	1	0	1	1.699467698630788
94200.0	1000.0	1776.5228625509733	0.0	0	488.812268388152	1976.5228625509335	1	0	1	0.3131733375108977
95200.0	1000.0	1776.5228625509696	0.0	0	471.90889361420705	1976.522862550948	1	0	1	1.0063205180708414
96200.0	1000.0	1776.5228625509546	0.0	0	336.9431171193137	1976.522862550948	1	0	1	1.0063205180708414
97200.0	1000.0	1776.5228625509517	0.0	0	315.085600094797	1976.522862550948	1	0	1	1.0063205180708414
98200.0	1000.0	1776.522862550952	0.0	0	573.6339348404144	1976.5228625509335	1	0	1	1.0063205180708428
99200.0	1000.0	1776.522862550956	0.0	0	467.4482535490097	1976.5228625509335	1	0	1	1.0063205180708428
100200.0	1000.0	1776.5228625509474	0.0	0	342.49656970307115	1976.5228625509335	1	0	1	1.0063205180708428
101289.96860046257	1000.0	1686.5542620883666	0.0	0	0.0	1976.5228625509335	1	0	1	1.0063205180708428
102200.0	1000.0	1776.522862550944	0.0	0	281.1305048386421	1976.5228625509335	1	0	1	1.0063205180708428
103200.0	1000.0	1776.5228625509378	0.0	0	427.4809420454403	1976.5228625509335	1	0	1	1.0063205180708428
104200.0	1000.0	1776.5228625509321	0.0	0	471.9368233238929	1976.522862550948	1	0	1	1.0063205180708414
105200.0	1000.0	1776.5228625509342	0.0	0	484.34344433032675	1976.522862550948	1	0	1	1.0063205180708414
106200.0	1000.0	1776.5228625509415	0.0	0	162.27498893132724	1976.522862550948	1	0	1	1.0063205180708414
107200.0	1000.0	1776.5228625509374	0.0	0	166.92713589551568	1976.522862550948	1	0	1	1.0063205180708414
108200.0	1000.0	1776.5228625509408	0.0	0	438.56699663626205	1976.522862550948	1	0	1	1.0063205180708414
109720.5461361275	2000.0	1255.9767264234533	0.0	0	0.0	1976.522862550948	1	0	1	1.0063205180708414
110656.32332553016	2000.0	1320.1995370207853	0.0	0	0.0	1976.522862550948	1	0	1	1.6994676986307866
111366.81292572357	2000.0	1609.7099368273712	0.0	0	0.0	1976.522862550948	1	0	1	1.6994676986307866
112200.0	2000.0	1776.5228625509606	0.0	0	79.46668829600094	1976.522862550948	1	0	1	1.6994676986307866
113200.0	2000.0	1776.5228625509553	0.0	0	200.74283984865178	1976.522862550948	1	0	1	1.6994676986307866
114200.0	1000.0	1776.5228625509458	0.0	0	545.7688478259515	1976.522862550948	1	0	1	0.31317333751089627
115200.0	1000.0	1776.5228625509494	0.0	0	530.2381590833247	1976.522862550948	1	0	1	1.0063205180708414
116200.0	2000.0	1776.5228625509424	0.0	0	138.94495870231185	1976.522862550948	1	0	1	1.0063205180708414
117200.0	2000.0	1776.5228625509362	0.0	0	224.86415642348584	1976.5228625509335	1	0	1	1.699467698630788
118200.0	2000.0	1776.5228625509303	0.0	0	16.21851743584557	1976.5228625509335	1	0	1	1.699467698630788
119200.0	2000.0	1776.5228625509235	0.0	0	362.8674124910758	1976.522862550919	1	0	1	1.6994676986307895
120200.0	2000.0	1776.5228625509203	0.0	0	157.6046648590709	1976.522862550919	1	0	1	1.6994676986307895
121200.0	1000.0	1776.5228625509183	0.0	0	488.1793121824303	1976.522862550919	1	0	1	0.3131733375108991
122200.0	1000.0	1776.5228625509094	0.0	0	362.3382957868889	1976.522862550919	1	0	1	1.0063205180708443
123200.0	1000.0	1776.52286255092	0.0	0	469.771619580235	1976.522862550919	1	0	1	1.0063205180708443
124200.0	1000.0	1776.5228625509358	0.0	0	458.7137118367391	1976.522862550919	1	0	1	1.0063205180708443
125200.0	1000.0	1776.5228625509264	0.0	0	435.42775309584977	1976.522862550919	1	0	1	1.0063205180708443
126200.0	1000.0	1776.5228625509333	0.0	0	542.4524986733886	1976.522862550919	1	0	1	1.0063205180708443
127200.0	1000.0	1776.5228625509287	0.0	0	467.10818065094645	1976.522862550919	1	0	1	1.0063205180708443
128200.0	1000.0	1776.522862550951	0.0	0	574.6366049117787	1976.522862550919	1	0	1	1.0063205180708443
129200.0	1000.0	1776.5228625509608	0.0	0	250.93569712369936	1976.522862550919	1	0	1	1.0063205180708443
130200.0	1000.0	1776.522862550969	0.0	0	453.9570257540181	1976.522862550919	1	0	1	1.0063205180708443
131200.0	1000.0	1676.5228625509603	0.0	0	151.82686104498862	1876.522862550919	1	0	2	0.6127518020488323
132200.0	1000.0	1576.5228625509721	0.0	0	283.0063320029585	1776.5228625509044	1	0	2	0.8230435018744358
133200.0	1000.0	1576.522862551011	0.0	0	488.2246925776417	1776.522862550919	1	0	1	0.8263205180708446
134200.0	1000.0	1576.5228625509872	0.0	0	361.2830371520831	1776.522862550948	1	0	1	1.0263205180708415
135200.0	1000.0	1576.5228625509683	0.0	0	379.10336560133146	1776.522862550948	1	0	1	1.0263205180708415
136200.0	1000.0	1576.5228625509446	0.0	0	284.7536443672434	1776.522862550948	1	0	1	1.0263205180708415
137200.0	1000.0	1576.5228625509435	0.0	0	390.5525621023262	1776.522862550948	1	0	1	1.0263205180708415
138200.0	1000.0	1576.522862550932	0.0	0	607.7733715258655	1776.522862550948	1	0	1	1.0263205180708415
139200.0	1000.0	1576.5228625509371	0.0	0	337.4725908675173	1776.522862550948	1	0	1	1.0263205180708415
140200.0	1000.0	1576.5228625509255	0.0	0	523.0183792051685	1776.522862550948	1	0	1	1.0263205180708415
141200.0	1000.0	1576.522862550906	0.0	0	509.3672277215228	1776.522862550948	1	0	1	1.0263205180708415
142200.0	1000.0	1576.5228625509149	0.0	0	278.565411035117	1776.522862550948	1	0	1	1.0263205180708415
143200.0	1000.0	1576.5228625508778	0.0	0	488.8962299368868	1776.522862550948	1	0	1	1.0263205180708415
144200.0	1000.0	1576.5228625508714	0.0	0	462.8610776953574	1776.5228625509772	1	0	1	1.0263205180708384
145200.0	1000.0	1576.5228625508487	0.0	0	1.6085736981767695	1776.5228625509772	1	0	1	1.0263205180708384
146200.0	1000.0	1576.522862550835	0.0	0	129.4922404117824	1776.5228625509772	1	0	1	1.0263205180708384
147200.0	1000.0	1576.5228625508494	0.0	0	195.64730845257873	1776.5228625510063	1	0	1	1.0263205180708355
148214.0668371564	1000.0	1562.4560253944671	0.0	0	0.0	1776.5228625510063	1	0	1	1.0263205180708355
149200.0	1000.0	1576.5228625508846	0.0	0	135.42057070689043	1776.5228625510063	1	0	1	1.0263205180708355
150200.0	1000.0	1576.5228625508814	0.0	0	348.15368383639725	1776.5228625510354	1	0	1	1.0263205180708326
151200.0	1000.0	1576.5228625508744	0.0	0	361.08030060946476	1776.5228625510354	1	0	1	1.0263205180708326
152200.0	1000.0	1576.522862550845	0.0	0	325.31294325354975	1776.5228625510354	1	0	1	1.0263205180708326
153797.6063621697	2000.0	978.9165003811684	0.0	0	0.0	1776.5228625510354	1	0	1	1.0263205180708326
154540.2211273702	2000.0	1236.3017351806225	0.0	0	0.0	1776.5228625510354	1	0	1	1.7194676986307778
155396.4061071694	2000.0	1380.1167553814287	0.0	0	0.0	1776.5228625510354	1	0	1	1.7194676986307778
156473.0274459539	2000.0	1303.4954165969348	0.0	0	0.0	1776.5228625510645	1	0	1	1.7194676986307749
157200.0	2000.0	1576.5228625508566	0.0	0	2.3457892235310283	1776.5228625510645	1	0	1	1.7194676986307749
158202.59888469215	2000.0	1573.9239778587046	0.0	0	0.0	1776.5228625510354	1	0	1	1.7194676986307778
159427.92095230537	2000.0	1348.60191024546	0.0	0	0.0	1776.5228625510645	1	0	1	1.7194676986307749
160608.2946595071	2000.0	1168.2282030437218	0.0	0	0.0	1776.5228625510645	1	0	1	1.7194676986307749
161525.78432775664	2000.0	1250.738534794202	0.0	0	0.0	1776.5228625510645	1	0	1	1.7194676986307749
162401.10897078327	2000.0	1375.4138917675693	0.0	0	0.0	1776.5228625510645	1	0	1	1.7194676986307749
163594.595124159	2000.0	1181.9277383918345	0.0	0	0.0	1776.5228625510645	1	0	1	1.7194676986307749
164296.50368704027	1000.0	1480.0191755105532	0.0	0	0.0	1776.5228625510645	1	0	1	0.3331733375108846
165200.0	1000.0	1576.522862550844	0.0	0	241.49506579260924	1776.5228625510645	1	0	1	1.0263205180708297
166200.0	1000.0	1576.5228625508691	0.0	0	525.9786525691743	1776.5228625510645	1	0	1	1.0263205180708297
167200.0	1000.0	1576.5228625508842	0.0	0	549.3465655271139	1776.5228625510354	1	0	1	1.0263205180708326
168200.0	1000.0	1576.5228625508719	0.0	0	551.9851529386942	1776.5228625510354	1	0	1	1.0263205180708326
169200.0	1000.0	1576.5228625508687	0.0	0	507.5351147548645	1776.5228625510063	1	0	1	1.0263205180708344
170200.0	1000.0	1576.5228625508748	0.0	0	500.2908066519012	1776.5228625510354	1	0	1	1.0263205180708326
171200.0	1000.0	1576.5228625508828	0.0	0	424.58457878167974	1776.5228625510063	1	0	1	1.0263205180708344
172200.0	1000.0	1576.5228625508555	0.0	0	345.1051187032426	1776.5228625510063	1	0	1	1.0263205180708355
173200.0	1000.0	1576.5228625508487	0.0	0	418.00494500703644	1776.5228625510354	1	0	1	1.0263205180708326
174200.0	1000.0	1576.5228625508603	0.0	0	470.3253001990379	1776.5228625510354	1	0	1	1.0263205180708326
175200.0	1000.0	1576.5228625508457	0.0	0	259.4601532528177	1776.5228625510354	1	0	1	1.0263205180708326
176200.0	1000.0	1576.5228625508391	0.0	0	540.1415540493035	1776.5228625510354	1	0	1	1.0263205180708326
177200.0	1000.0	1576.5228625508232	0.0	0	361.985007953248	1776.5228625510063	1	0	1	1.0263205180708344
178200.0	1000.0	1576.5228625508212	0.0	0	526.0264458700549	1776.5228625510063	1	0	1	1.0263205180708355
179200.0	1000.0	1576.5228625507978	0.0	0	107.27290924268891	1776.5228625510063	1	0	1	1.0263205180708355
180258.98340117934	1000.0	1517.5394613714677	0.0	0	0.0	1776.5228625510063	1	0	1	1.0263205180708355
181200.0	1000.0	1576.52286255081	0.0	0	57.00680996992742	1776.5228625510063	1	0	1	1.0263205180708355
182200.0	1000.0	1576.5228625508153	0.0	0	150.10804505777196	1776.5228625509772	1	0	1	1.0263205180708384
183200.0	1000.0	1576.5228625508514	0.0	0	346.25522911158623	1776.5228625509772	1	0	1	1.0263205180708384
184200.0	2000.0	1576.522862550851	0.0	0	56.649961803952465	1776.5228625509772	1	0	1	1.0263205180708384
185200.0	2000.0	1576.5228625508394	0.0	0	479.94010910537327	1776.5228625509772	1	0	1	1.7194676986307835
186200.0	2000.0	1576.5228625508328	0.0	0	279.5339290020929	1776.5228625509772	1	0	1	1.7194676986307835
187216.5954910747	2000.0	1559.927371476132	0.0	0	0.0	1776.5228625509772	1	0	1	1.7194676986307835
188200.0	1000.0	1576.5228625508487	0.0	0	312.3968519506452	1776.5228625509772	1	0	1	0.3331733375108933
189200.0	1000.0	1576.5228625508432	0.0	0	41.837262568005826	1776.5228625509772	1	0	1	1.0263205180708384
190200.0	500.0	1576.5228625508544	0.0	0	632.3888925507781	1776.5228625509772	1	0	1	-0.35997384304905233
191200.0	1000.0	1576.5228625508453	0.0	0	475.8253006133891	1776.5228625509772	1	0	1	0.3331733375108942
192200.0	1000.0	1576.5228625508403	0.0	0	467.6104270576325	1776.5228625509772	1	0	1	1.0263205180708384
193200.0	1000.0	1576.522862550846	0.0	0	316.6436262931966	1776.5228625509772	1	0	1	1.0263205180708384
194200.0	1000.0	1576.5228625508375	0.0	0	173.4902307667362	1776.5228625510354	1	0	1	1.026320518070833
195200.0	1000.0	1576.5228625508607	0.0	0	207.976297579502	1776.5228625510645	1	0	1	1.0263205180708308
196200.0	1000.0	1576.5228625508862	0.0	0	0.004785486526088789	1776.5228625510645	1	0	1	1.0263205180708297
197200.0	1000.0	1576.5228625508742	0.0	0	314.11690952948993	1776.5228625510645	1	0	1	1.0263205180708297
198200.0	1000.0	1576.5228625508785	0.0	0	420.95661919299164	1776.5228625510645	1	0	1	1.0263205180708297
199200.0	1000.0	1576.5228625509026	0.0	0	111.33515290133073	1776.5228625510354	1	0	1	1.0263205180708326
200200.0	1000.0	1576.5228625509171	0.0	0	362.54584762093145	1776.5228625510063	1	0	1	1.0263205180708355
201200.0	1000.0	1576.5228625509228	0.0	0	270.0077796287951	1776.5228625510063	1	0	1	1.0263205180708355
202200.0	2000.0	1576.5228625509221	0.0	0	91.59567943194997	1776.5228625510063	1	0	1	1.0263205180708352
203260.6828625062	2000.0	1515.8400000447632	0.0	0	0.0	1776.5228625509772	1	0	1	1.7194676986307835
204200.0	2000.0	1576.5228625509585	0.0	0	272.62237699577236	1776.5228625509772	1	0	1	1.7194676986307835
205268.11486791412	2000.0	1508.4079946368288	0.0	0	0.0	1776.5228625509772	1	0	1	1.7194676986307835
206279.51866753487	2000.0	1497.0041950160598	0.0	0	0.0	1776.5228625509772	1	0	1	1.7194676986307835
207200.0	1000.0	1576.5228625509217	0.0	0	527.6175250583328	1776.5228625509772	1	0	1	0.3331733375108933
208200.0	1000.0	1576.5228625508983	0.0	0	481.37222749201464	1776.5228625509772	1	0	1	1.0263205180708384
209200.0	1000.0	1476.5228625508835	0.0	0	480.2134678485454	1676.5228625509772	1	0	2	0.6324335394779859
210200.0	1000.0	1476.5228625508914	0.0	0	488.90798709809314	1676.5228625509772	1	0	1	0.8363205180708383
211200.0	1000.0	1476.5228625508869	0.0	0	492.646849959041	1676.5228625509772	1	0	1	1.0363205180708386
212200.0	1000.0	1476.5228625509108	0.0	0	441.3913333719829	1676.5228625509772	1	0	1	1.0363205180708386
213200.0	1000.0	1476.522862550912	0.0	0	508.6081631126872	1676.522862550948	1	0	1	1.0363205180708415
214200.0	1000.0	1476.5228625509258	0.0	0	464.6793633408379	1676.5228625509772	1	0	1	1.0363205180708397
215200.0	1000.0	1476.522862550942	0.0	0	359.07991319475695	1676.5228625510063	1	0	1	1.0363205180708355
216200.0	1000.0	1476.5228625509494	0.0	0	646.7061276661989	1676.5228625510354	1	0	1	1.0363205180708326
217200.0	1000.0	1476.522862550947	0.0	0	501.07895269451546	1676.5228625510354	1	0	1	1.0363205180708326
218200.0	1000.0	1476.5228625509396	0.0	0	323.1799142775126	1676.5228625510063	1	0	1	1.0363205180708355
219200.0	1000.0	1476.5228625509374	0.0	0	555.6224374744925	1676.5228625510063	1	0	1	1.0363205180708355
220200.0	2000.0	1476.52286255093	0.0	0	161.8745693898527	1676.5228625510063	1	0	1	1.0363205180708357
221200.0	2000.0	1476.5228625509408	0.0	0	251.11419727982138	1676.5228625510063	1	0	1	1.7294676986307809
222200.0	2000.0	1476.5228625509571	0.0	0	144.99820967423148	1676.5228625510063	1	0	1	1.7294676986307809
223670.52853755784	2000.0	1005.9943249931257	0.0	0	0.0	1676.5228625510354	1	0	1	1.7294676986307778
224848.48768903935	2000.0	828.0351735116164	0.0	0	0.0	1676.5228625510354	1	0	1	1.7294676986307778
225579.54432172584	2000.0	1096.978540825116	0.0	0	0.0	1676.5228625510354	1	0	1	1.7294676986307778
226324.49947665798	3000.0	1352.0233858929685	0.0	0	0.0	1676.5228625510354	1	0	1	1.729467698630778
227573.9820437667	2000.0	1102.5408187842052	0.0	0	0.0	1676.5228625510354	1	0	1	1.3240025905226132
228251.8484422411	1000.0	1424.67442030977	0.0	0	0.0	1676.5228625510063	1	0	1	0.3431733375108904
229200.0	1000.0	1476.5228625508694	0.0	0	148.51344464617432	1676.5228625510354	1	0	1	1.0363205180708326
230200.0	1000.0	1476.5228625508978	0.0	0	246.39747769743553	1676.5228625510645	1	0	1	1.0363205180708297
231200.0	1000.0	1476.5228625509058	0.0	0	500.5501411736477	1676.5228625510936	1	0	1	1.0363205180708268
232200.0	1000.0	1476.522862550926	0.0	0	437.3956978021597	1676.5228625511227	1	0	1	1.036320518070824
233200.0	2000.0	1476.522862550927	0.0	0	122.17894765760866	1676.5228625511227	1	0	1	1.036320518070824
234200.0	2000.0	1476.5228625509062	0.0	0	224.30370415301877	1676.5228625510936	1	0	1	1.7294676986307715
235294.417354494	2000.0	1382.1055080568872	0.0	0	0.0	1676.5228625511227	1	0	1	1.729467698630769
236200.0	1000.0	1476.5228625509162	0.0	0	402.43475479091285	1676.5228625511518	1	0	1	0.3431733375108758
237200.0	1000.0	1476.522862550937	0.0	0	255.16855351786944	1676.5228625511518	1	0	1	1.036320518070821
238200.0	1000.0	1476.5228625509553	0.0	0	512.7167586396681	1676.5228625511518	1	0	1	1.036320518070821
239200.0	1000.0	1476.5228625509415	0.0	0	479.7034129820531	1676.5228625511518	1	0	1	1.036320518070821
240200.0	1000.0	1476.5228625509599	0.0	0	508.52817847946426	1676.5228625511518	1	0	1	1.036320518070821
241200.0	1000.0	1476.5228625509508	0.0	0	405.2756457279902	1676.5228625511518	1	0	1	1.036320518070821
242200.0	1000.0	1476.5228625509228	0.0	0	434.6268369180034	1676.5228625511227	1	0	1	1.036320518070824
243200.0	1000.0	1476.5228625509187	0.0	0	428.66977660381235	1676.5228625511518	1	0	1	1.0363205180708221
244200.0	1000.0	1476.5228625509233	0.0	0	123.20974517127615	1676.5228625511518	1	0	1	1.036320518070821
245200.0	1000.0	1476.5228625509349	0.0	0	433.77623618900543	1676.5228625511227	1	0	1	1.036320518070824
246200.0	1000.0	1476.5228625509499	0.0	0	281.31591401289916	1676.5228625511227	1	0	1	1.036320518070824
247200.0	1000.0	1476.5228625509753	0.0	0	557.2042574827501	1676.5228625511518	1	0	1	1.0363205180708221
248200.0	1000.0	1476.522862550984	0.0	0	632.3948011698958	1676.5228625511518	1	0	1	1.036320518070821
249200.0	1000.0	1476.522862550954	0.0	0	353.3406688561663	1676.5228625511518	1	0	1	1.036320518070821
250200.0	1000.0	1476.522862550925	0.0	0	322.8834336819709	1676.5228625511518	1	0	1	1.036320518070821
251200.0	1000.0	1476.5228625509496	0.0	0	362.2911639800004	1676.5228625511518	1	0	1	1.036320518070821
252200.0	1000.0	1476.5228625509353	0.0	0	566.361601476965	1676.5228625511518	1	0	1	1.036320518070821
253200.0	1000.0	1476.5228625509276	0.0	0	341.1745919252571	1676.5228625511518	1	0	1	1.036320518070821
254200.0	1000.0	1476.5228625509199	0.0	0	625.787602477154	1676.5228625511518	1	0	1	1.036320518070821
255200.0	1000.0	1476.522862550962	0.0	0	418.6361663232092	1676.5228625511518	1	0	1	1.036320518070821
256416.56365501505	2000.0	1259.9592075358946	0.0	0	0.0	1676.5228625511518	1	0	1	1.0363205180708208
257524.43623373576	2000.0	1152.0866288151974	0.0	0	0.0	1676.5228625511518	1	0	1	1.7294676986307662
258439.93559348118	2000.0	1236.587269069749	0.0	0	0.0	1676.5228625511227	1	0	1	1.729467698630769
259405.54549387898	2000.0	1270.9773686719484	0.0	0	0.0	1676.5228625511518	1	0	1	1.7294676986307662
260419.9759801399	3000.0	1256.546882411013	0.0	0	0.0	1676.5228625511518	1	0	1	1.7294676986307662
261253.5232082062	2000.0	1422.9996543446616	0.0	0	0.0	1676.5228625511227	1	0	1	1.3240025905226045
262261.8894750802	2000.0	1414.633387470677	0.0	0	0.0	1676.5228625511518	1	0	1	1.7294676986307684
263272.7812862375	2000.0	1403.7415763132533	0.0	0	0.0	1676.5228625510645	1	0	1	1.7294676986307715
264200.0	2000.0	1476.5228625507755	0.0	0	149.32907815964427	1676.5228625510936	1	0	1	1.729467698630772
265200.0	2000.0	1476.5228625507716	0.0	0	324.20596603589365	1676.5228625510936	1	0	1	1.729467698630772
266200.0	2000.0	1476.5228625507054	0.0	0	404.1180602576351	1676.5228625510354	1	0	1	1.7294676986307778
267200.0	2000.0	1476.5228625507386	0.0	0	183.74238515569596	1676.5228625510354	1	0	1	1.7294676986307778
268200.0	2000.0	1476.5228625507982	0.0	0	284.1983631757903	1676.5228625510936	1	0	1	1.7294676986307744
269200.0	2000.0	1476.5228625508148	0.0	0	300.74144309584517	1676.5228625510936	1	0	1	1.729467698630772
270200.0	1000.0	1476.5228625508823	0.0	0	208.78577327146195	1676.5228625510936	1	0	1	0.34317333751088164
271200.0	1000.0	1476.5228625508876	0.0	0	341.4955602263799	1676.5228625511518	1	0	1	1.0363205180708221
272200.0	1000.0	1476.522862550844	0.0	0	550.8590970434598	1676.5228625510936	1	0	1	1.0363205180708244
273200.0	1000.0	1476.522862550802	0.0	0	184.83556628396036	1676.5228625510354	1	0	1	1.0363205180708326
274200.0	1000.0	1476.5228625508687	0.0	0	445.40728871390456	1676.5228625510354	1	0	1	1.0363205180708326
275200.0	1000.0	1476.5228625508655	0.0	0	536.6022201433661	1676.5228625510354	1	0	1	1.0363205180708326
276200.0	1000.0	1476.5228625508655	0.0	0	574.8856420127559	1676.5228625510936	1	0	1	1.0363205180708268
277200.0	1000.0	1476.5228625508569	0.0	0	463.48031634168	1676.5228625510936	1	0	1	1.0363205180708293
278200.0	1000.0	1476.5228625508423	0.0	0	292.10276571667055	1676.5228625510354	1	0	1	1.0363205180708301
279200.0	1000.0	1476.5228625507928	0.0	0	494.0756889737095	1676.5228625510936	1	0	1	1.0363205180708293
280200.0	1000.0	1476.522862550807	0.0	0	81.57538817526074	1676.5228625510936	1	0	1	1.0363205180708268
281200.0	1000.0	1476.5228625507693	0.0	0	205.26021742430748	1676.5228625511518	1	0	1	1.036320518070821
282200.0	1000.0	1476.5228625507204	0.0	0	601.3666465430288	1676.5228625511518	1	0	1	1.036320518070821
283200.0	1000.0	1476.522862550707	0.0	0	491.262444187887	1676.5228625511518	1	0	1	1.036320518070821
284200.0	1000.0	1476.5228625507127	0.0	0	380.49481637054123	1676.5228625511518	1	0	1	1.036320518070821
285200.0	1000.0	1476.5228625507368	0.0	0	367.49245772405993	1676.5228625511518	1	0	1	1.036320518070821
286200.0	1000.0	1476.522862550788	0.0	0	401.404616050655	1676.52286255121	1	0	1	1.0363205180708175
287200.0	1000.0	1476.522862550811	0.0	0	461.30682938790414	1676.5228625512682	1	0	1	1.0363205180708093
288200.0	1000.0	1476.522862550789	0.0	0	313.66945594531717	1676.52286255121	1	0	1	1.036320518070815
289200.0	1000.0	1476.5228625508103	0.0	0	605.7301157435286	1676.52286255121	1	0	1	1.036320518070815
290200.0	1000.0	1476.5228625508057	0.0	0	421.4346139925183	1676.5228625511518	1	0	1	1.0363205180708188
291200.0	1000.0	1476.5228625507905	0.0	0	486.4629440913559	1676.52286255121	1	0	1	1.036320518070815
292200.0	1000.0	1476.522862550771	0.0	0	355.26544244226534	1676.5228625512682	1	0	1	1.0363205180708115
293200.0	1000.0	1476.522862550697	0.0	0	477.05463108298136	1676.52286255121	1	0	1	1.0363205180708128
294324.77233113145	1000.0	1351.7505314192615	0.0	0	0.0	1676.52286255121	1	0	1	1.036320518070815
295200.0	1000.0	1476.5228625506986	0.0	0	178.5750020489213	1676.5228625511518	1	0	1	1.036320518070821
296200.0	1000.0	1476.522862550793	0.0	0	499.50300364597933	1676.52286255121	1	0	1	1.0363205180708175
297299.10131527967	1000.0	1377.4215472711778	0.0	0	0.0	1676.5228625512682	1	0	1	1.0363205180708093
298200.0	1000.0	1476.5228625508323	0.0	0	271.4945723293349	1676.52286255121	1	0	1	1.036320518070815
299200.0	1000.0	1476.522862550868	0.0	0	431.9715350512997	1676.52286255121	1	0	1	1.036320518070815
300200.0	1000.0	1476.5228625509017	0.0	0	142.69785337737994	1676.52286255121	1	0	1	1.036320518070815
2.42	2.46	2.09	2.35	2.61	1.78	1.91	2.5	1.75	2.21	1.52	1.85	2.4	2.79	2.48	2.42	2.33	1.75	1.95	2.32	1.32	2.26	2.15	1.91	1.54	0.98	1.44	1.48	1.71	2.54	2.94	2.97	2.86	1.91	1.18	1.59	1.8	2.46	1.84	1.33	1.23	0.88	1.56	1.62	1.27	1.31	1.48	1.22	2.04	2.58	2.65	2.19	2.29	2.53	2.02	1.99	1.77	1.71	2.34	1.45	1.63	2.49	2.91	1.64	1.92	2.76	2.72	2.14	1.76	1.22	1.99	2.9	3.02	1.54	1.56	1.78	1.55	2.37	2.69	2.84	2.97	2.04	1.26	2.0	2.58	2.53	2.24	2.59	2.32	1.59	1.51	1.49	2.22	2.51	2.03	1.58	1.01	2.17	1.46	2.46	1.95	1.15	1.81	2.12	1.64	2.1	2.34	2.77	2.32	2.07	2.95	2.63	2.28	3.17	3.03	1.71	1.83	2.62	1.84	1.61	2.35	2.39	2.17	1.84	1.55	1.75	1.11	2.0	2.22	2.19	1.87	1.6	2.4	1.85	2.1	2.27	1.61	1.75	2.15	1.78	0.9	1.74	1.27	1.2	2.02	1.83	1.25	1.18	1.54	1.85	2.42	2.46	2.09	2.35	2.61	1.78	1.91	2.5	1.75	2.21	1.52	1.85	2.4	2.79	2.48	2.42	2.33	1.75	1.95	2.32	1.32	2.26	2.15	1.91	1.54	0.98	1.44	1.48	1.71	2.54	2.94	2.97	2.86	1.91	1.18	1.59	1.8	2.46	1.84	1.33	1.23	0.88	1.56	1.62	1.27	1.31	1.48	1.22	2.04	2.58	2.65	2.19	2.29	2.53	2.02	1.99	1.77	1.71	2.34	1.45	1.63	2.49	2.91	1.64	1.92	2.76	2.72	2.14	1.76	1.22	1.99	2.9	3.02	1.54	1.56	1.78	1.55	2.37	2.69	2.84	2.97	2.04	1.26	2.0	2.58	2.53	2.24	2.59	2.32	1.59	1.51	1.49	2.22	2.51	2.03	1.58	1.01	2.17	1.46	2.46	1.95	1.15	1.81	2.12	1.64	2.1	2.34	2.77	2.32	2.07	2.95	2.63	2.28	3.17	3.03	1.71	1.83	2.62	1.84	1.61	2.35	2.39	2.17	1.84	1.55	1.75	1.11	2.0	2.22	2.19	1.87	1.6	2.4	1.85	2.1	2.27	1.61	1.75	2.15	1.78	0.9	1.74	1.27	1.2	2.02	1.83	1.25	1.18	1.54	1.85
1.0	2.0	3.0	4.0	5.0	6.0	7.0	8.0	9.0	10.0	11.0	12.0	13.0	14.0	15.0	16.0	17.0	18.0	19.0	20.0	21.0	22.0	23.0	24.0	25.0	26.0	27.0	28.0	29.0	30.0	31.0	32.0	33.0	34.0	35.0	36.0	37.0	38.0	39.0	40.0	41.0	42.0	43.0	44.0	45.0	46.0	47.0	48.0	49.0	50.0	51.0	52.0	53.0	54.0	55.0	56.0	57.0	58.0	59.0	60.0	61.0	62.0	63.0	64.0	65.0	66.0	67.0	68.0	69.0	70.0	71.0	72.0	73.0	74.0	75.0	76.0	77.0	78.0	79.0	80.0	81.0	82.0	83.0	84.0	85.0	86.0	87.0	88.0	89.0	90.0	91.0	92.0	93.0	94.0	95.0	96.0	97.0	98.0	99.0	100.0	101.0	102.0	103.0	104.0	105.0	106.0	107.0	108.0	109.0	110.0	111.0	112.0	113.0	114.0	115.0	116.0	117.0	118.0	119.0	120.0	121.0	122.0	123.0	124.0	125.0	126.0	127.0	128.0	129.0	130.0	131.0	132.0	133.0	134.0	135.0	136.0	137.0	138.0	139.0	140.0	141.0	142.0	143.0	144.0	145.0	146.0	147.0	148.0	149.0	149.0	150.0	151.0	152.0	153.0	154.0	155.0	156.0	157.0	158.0	159.0	160.0	161.0	162.0	163.0	164.0	165.0	166.0	167.0	168.0	169.0	170.0	171.0	172.0	173.0	174.0	175.0	176.0	177.0	178.0	179.0	180.0	181.0	182.0	183.0	184.0	185.0	186.0	187.0	188.0	189.0	190.0	191.0	192.0	193.0	194.0	195.0	196.0	197.0	198.0	199.0	200.0	201.0	202.0	203.0	204.0	205.0	206.0	207.0	208.0	209.0	210.0	211.0	212.0	213.0	214.0	215.0	216.0	217.0	218.0	219.0	220.0	221.0	222.0	223.0	224.0	225.0	226.0	227.0	228.0	229.0	230.0	231.0	232.0	233.0	234.0	235.0	236.0	237.0	238.0	239.0	240.0	241.0	242.0	243.0	244.0	245.0	246.0	247.0	248.0	249.0	250.0	251.0	252.0	253.0	254.0	255.0	256.0	257.0	258.0	259.0	260.0	261.0	262.0	263.0	264.0	265.0	266.0	267.0	268.0	269.0	270.0	271.0	272.0	273.0	274.0	275.0	276.0	277.0	278.0	279.0	280.0	281.0	282.0	283.0	284.0	285.0	286.0	287.0	288.0	289.0	290.0	291.0	292.0	293.0	294.0	295.0	296.0	297.0	298.0	298.0
4640.94436192942
