5725.957838744857	300.0	2000.0	166.93420723284405	0	0.0	5725.957838744857	1	0	1	-1.5705655348971854
6050.9652707019095	500.0	2642.4918248472436	0.0	0	0.0	5693.457095549153	1	0	2	-0.9701921749355611
6867.416251173017	1000.0	2744.395746329026	0.0	0	0.0	5611.811997502042	1	0	2	-0.2529461922812162
7791.830274607161	1000.0	2727.5403205514685	0.0	0	0.0	5519.370595158629	1	0	2	0.4501282080959861
8605.222022668164	1000.0	2832.8093976843675	0.0	0	0.0	5438.03142035253	1	0	2	0.45784748354813304
10125.604555561122	2000.0	2160.388611502113	0.0	0	0.0	5285.993167063232	1	0	2	0.4709703695772529
11287.459902864968	2000.0	1882.3477294678814	0.0	0	0.0	5169.807632332847	1	0	2	1.1771876223086881
12279.006739209168	2000.0	1791.646209489264	0.0	0	0.0	5070.652948698429	1	0	2	1.1874909758604635
13016.212718733446	2000.0	1980.7196320125593	0.0	0	0.0	4996.932350746004	1	0	2	1.1957158827697665
13999.227484085426	2000.0	1899.4033901253806	0.0	0	0.0	4898.630874210803	1	0	2	1.2040407233022985
15210.93933556951	2000.0	1566.520353492889	0.0	0	0.0	4777.459689062396	1	0	2	1.2166617649653302
16295.933217600805	2000.0	1373.0270832584667	0.0	0	0.0	4668.960300859271	1	0	2	1.2274749939685354
17176.712126215793	2000.0	1404.1702837819819	0.0	0	0.0	4580.882409997774	1	0	2	1.2368047972496785
18099.923230000266	2000.0	1388.6380696190586	0.0	0	0.0	4488.561299619323	1	0	2	1.2458298190465937
19278.049075671854	2000.0	1092.699639380316	0.0	0	0.0	4370.7487150521665	1	0	2	1.2569116953294441
20121.454302870454	2000.0	1164.9538894618568	0.0	0	0.0	4286.408192332308	1	0	2	1.266434439931664
20973.284861730663	1000.0	1227.9402747156255	0.0	0	0.0	4201.225136446286	1	0	2	-0.11209837562782882
21721.203731331174	1000.0	1405.229518155063	0.0	0	0.0	4126.433249486228	1	0	2	0.5896337930093279
22549.294180697747	1000.0	1494.330023851834	0.0	0	0.0	4043.624204549571	1	0	2	0.5976297303898715
23525.877352545933	2000.0	1517.7468520036482	0.0	0	0.0	4043.6242045495674	1	0	1	0.5996103838709792
24354.816315691518	2000.0	1605.9139925435022	0.0	0	0.0	3960.730308235008	1	0	2	1.098882617632005
25022.471942688568	2000.0	1871.492802846746	0.0	0	0.0	3893.9647455353006	1	0	2	1.3060559368801812
25954.920617972704	2000.0	1939.044127562612	0.0	0	0.0	3893.9647455353006	1	0	1	1.3077235103323508
27231.392758499584	2000.0	1534.9247729830458	0.0	0	0.0	3766.317531482615	1	0	2	1.1163585489079864
28400.204784980488	2000.0	1366.1127465021423	0.0	0	0.0	3766.317531482615	1	0	1	1.3204882317376196
29716.530348978256	2000.0	918.1546261045944	0.0	0	0.0	3634.684975082837	1	0	2	1.1304782196526455
30898.217635802343	2000.0	618.2986105980935	0.0	0	0.0	3516.5162464004243	1	0	2	1.3428267204206108
31883.09777008171	2000.0	534.9304628907839	0.0	0	0.0	3418.0282329724832	1	0	2	1.3530421932902252
32757.372319088114	2000.0	660.6559138843775	0.0	0	0.0	3418.0282329724832	1	0	1	1.3553171615886328
33343.30822759187	2000.0	1074.7200053806241	0.0	0	0.0	3418.0282329724905	1	0	1	1.5553171615886325
34319.00856011756	2000.0	1099.01967285494	0.0	0	0.0	3418.0282329724905	1	0	1	1.5553171615886323
35029.534290671065	2000.0	1388.493942301443	0.0	0	0.0	3418.028232972498	1	0	1	1.5553171615886319
36257.54718430905	2000.0	1160.481048663459	0.0	0	0.0	3418.0282329725014	1	0	1	1.5553171615886314
37076.46196917205	2000.0	1259.674785314168	0.0	0	0.0	3336.136754486208	1	0	2	1.1615661830333976
38270.24556383734	2000.0	946.5128311823464	0.0	0	0.0	3216.7583950196713	1	0	2	1.3720480371489336
39607.51787702225	2000.0	609.240517997443	0.0	0	0.0	3216.7583950196713	1	0	1	1.375444145383914
40054.16364983134	1000.0	1117.9301679074342	0.0	0	0.0	3172.0938177387507	1	0	2	-0.20742514598313402
40825.29155381245	1000.0	1346.8022639263197	0.0	0	0.0	3172.0938177387507	1	0	1	0.6867634225520609
41867.67941587558	2000.0	1304.414401863196	0.0	0	0.0	3172.0938177387507	1	0	1	0.8867634225520612
43023.679590528336	2000.0	1148.414227210436	0.0	0	0.0	3172.0938177387507	1	0	1	1.5799106031120065
44233.37196109433	2000.0	817.7526195878457	0.0	0	0.0	3051.1245806821607	1	0	2	1.1889817991320764
44720.77611501443	1000.0	1281.6080502757377	0.0	0	0.0	3002.3841652901465	1	0	2	0.009302916086871199
45348.52949806119	1000.0	1591.0793289243118	0.0	0	0.0	2939.608826985481	1	0	2	0.7083582178784398
46012.746988747786	1000.0	1860.440089169051	0.0	0	0.0	2873.187077916824	1	0	2	0.7150201018290352
46451.19073460001	1000.0	2378.151968731598	0.0	0	0.0	2829.3427033315966	1	0	2	0.7198176420479043
47200.0	1000.0	2554.4617767916084	0.0	0	129.91860489579267	2754.461776791599	1	0	2	0.7260035050308867
48200.0	1000.0	2554.4617767916134	0.0	0	229.0103673391568	2754.461776791606	1	0	1	0.7285266266467754
49200.0	1000.0	2454.4617767916175	0.0	0	536.6760086504291	2654.461776791606	1	0	2	0.5346327156145646
50200.0	1000.0	2354.4617767916175	0.0	0	574.1911131055385	2554.461776791599	1	0	2	0.744590283651163
51200.0	1000.0	2354.4617767916184	0.0	0	633.2233236080792	2554.4617767915915	1	0	1	0.7485266266467769
52342.831276333134	1000.0	2097.347372825171	0.0	0	0.0	2440.1786491582825	1	0	2	0.5564034180187512
53200.0	1000.0	2154.4617767916156	0.0	0	131.84765503185918	2354.4617767915915	1	0	2	0.7655803875826261
54200.0	1000.0	2154.461776791614	0.0	0	231.92200514644355	2354.4617767915915	1	0	1	0.768526626646777
55200.0	1000.0	2154.461776791614	0.0	0	402.4221823093758	2354.4617767915915	1	0	1	0.9685266266467771
56231.3399775002	2000.0	2123.121799291408	0.0	0	0.0	2354.4617767915915	1	0	1	0.968526626646777
57288.336002250966	2000.0	1960.4261720655713	0.0	0	0.0	2248.762174316522	1	0	2	1.2693650123766442
58295.88656175098	2000.0	1952.8756125655548	0.0	0	0.0	2248.7621743165146	1	0	1	1.4722437674542297
59320.375041461506	2000.0	1928.3871328550285	0.0	0	0.0	2248.762174316522	1	0	1	1.672243767454229
60726.76836636055	2000.0	1521.9938079559877	0.0	0	0.0	2248.762174316529	1	0	1	1.6722437674542285
61947.942230982684	2000.0	1300.8199433338555	0.0	0	0.0	2248.762174316529	1	0	1	1.6722437674542285
62876.616082061555	2000.0	1372.146092254994	0.0	0	0.0	2248.762174316529	1	0	1	1.6722437674542285
63924.605701109314	2000.0	1324.1564732072382	0.0	0	0.0	2248.762174316529	1	0	1	1.6722437674542285
65190.779443312276	2000.0	1057.982731004282	0.0	0	0.0	2248.762174316529	1	0	1	1.6722437674542285
66403.91407179736	2000.0	844.8481025192142	0.0	0	0.0	2248.7621743165582	1	0	1	1.6722437674542265
66877.37974393542	1000.0	1371.3824303811568	0.0	0	0.0	2248.7621743165582	1	0	1	0.285949406334335
67509.79333107655	1000.0	1738.96884324002	0.0	0	0.0	2248.762174316551	1	0	1	0.9790965868942811
68200.0	1000.0	2048.7621743165805	0.0	0	21.64018440125801	2248.762174316551	1	0	1	0.9790965868942811
69200.0	1000.0	2048.762174316591	0.0	0	238.11860146504478	2248.7621743165655	1	0	1	0.9790965868942797
70200.0	1000.0	2048.76217431659	0.0	0	44.26043848236441	2248.76217431658	1	0	1	0.9790965868942781
71200.0	1000.0	2048.7621743165823	0.0	0	312.3253967009223	2248.76217431658	1	0	1	0.9790965868942781
72200.0	1000.0	2048.7621743165932	0.0	0	385.53924764701515	2248.76217431658	1	0	1	0.9790965868942781
73200.0	1000.0	2048.7621743165923	0.0	0	458.63123024840024	2248.7621743165946	1	0	1	0.9790965868942767
74200.0	1000.0	2048.762174316594	0.0	0	442.71602993347915	2248.7621743165946	1	0	1	0.9790965868942767
75200.0	1000.0	2048.762174316589	0.0	0	402.96302709929296	2248.7621743165946	1	0	1	0.9790965868942767
76255.94409953014	1000.0	1992.818074786448	0.0	0	0.0	2248.7621743165946	1	0	1	0.9790965868942767
77200.0	1000.0	2048.76217431657	0.0	0	223.87929793208605	2248.76217431658	1	0	1	0.9790965868942781
78200.0	1000.0	2048.762174316573	0.0	0	202.61684147898632	2248.76217431658	1	0	1	0.9790965868942781
79848.49172932729	2000.0	1400.2704449892913	0.0	0	0.0	2248.76217431658	1	0	1	0.9790965868942783
81021.40975168833	2000.0	1227.3524226282525	0.0	0	0.0	2248.76217431658	1	0	1	1.6722437674542234
82160.4390156309	2000.0	1088.323158685666	0.0	0	0.0	2248.7621743165655	1	0	1	1.6722437674542248
82845.19094724455	2000.0	1403.5712270720192	0.0	0	0.0	2248.7621743165655	1	0	1	1.6722437674542248
83797.0171487922	3000.0	1451.7450255243666	0.0	0	0.0	2248.7621743165655	1	0	1	1.672243767454225
85566.402802122	3000.0	682.3593721945879	0.0	0	0.0	2248.76217431658	1	0	1	2.0777088755623883
86685.97480980791	2000.0	562.7873645086859	0.0	0	0.0	2248.76217431658	1	0	1	1.2667786593460588
87315.36910915686	2000.0	933.393065159729	0.0	0	0.0	2248.76217431658	1	0	1	1.6722437674542234
88322.22850316035	2000.0	926.5336711562408	0.0	0	0.0	2248.76217431658	1	0	1	1.6722437674542234
89208.08261420262	1000.0	1040.6795601139775	0.0	0	0.0	2248.76217431658	1	0	1	0.2859494063343331
89863.10735398656	1000.0	1385.6548203300415	0.0	0	0.0	2248.7621743165946	1	0	1	0.9790965868942778
90241.04827293991	1000.0	2007.7139013767	0.0	0	0.0	2248.762174316609	1	0	1	0.9790965868942753
91200.0	1000.0	2048.7621743166337	0.0	0	585.5546182007674	2248.7621743166237	1	0	1	0.9790965868942738
92200.0	1000.0	2048.7621743166255	0.0	0	479.97222729235364	2248.7621743166237	1	0	1	0.9790965868942738
93207.23794675495	1000.0	2041.5242275616608	0.0	0	0.0	2248.7621743166237	1	0	1	0.9790965868942738
94200.0	1000.0	2048.762174316599	0.0	0	463.218193224835	2248.7621743166237	1	0	1	0.9790965868942738
95200.0	1000.0	2048.7621743165846	0.0	0	277.1843400211219	2248.7621743166237	1	0	1	0.9790965868942738
96200.0	1000.0	1948.7621743165842	0.0	0	422.40650302359427	2148.7621743166237	1	0	2	0.5852823624669823
97200.0	1000.0	1948.7621743165778	0.0	0	480.8624791196635	2148.7621743166237	1	0	1	0.7890965868942736
98200.0	1000.0	1948.7621743165864	0.0	0	263.2601908967481	2148.7621743166237	1	0	1	0.9890965868942738
99200.0	1000.0	1948.7621743165962	0.0	0	80.87606735546433	2148.7621743166237	1	0	1	0.9890965868942738
100200.0	1000.0	1948.7621743165937	0.0	0	422.1717469396681	2148.7621743166237	1	0	1	0.9890965868942738
101200.0	1000.0	1948.7621743166092	0.0	0	490.02832091420714	2148.7621743166237	1	0	1	0.9890965868942738
102200.0	1000.0	1948.7621743166083	0.0	0	549.3784116972092	2148.7621743166237	1	0	1	0.9890965868942738
103200.0	1000.0	1948.7621743166128	0.0	0	586.3281133596611	2148.7621743166237	1	0	1	0.9890965868942738
104200.0	1000.0	1948.762174316611	0.0	0	401.0518657381908	2148.7621743166237	1	0	1	0.9890965868942738
105200.0	1000.0	1948.7621743166155	0.0	0	278.40841940871906	2148.7621743166237	1	0	1	0.9890965868942738
106200.0	1000.0	1948.76217431663	0.0	0	431.0352817833191	2148.7621743166237	1	0	1	0.9890965868942738
107200.0	1000.0	1948.7621743166255	0.0	0	370.0337674752227	2148.7621743166237	1	0	1	0.9890965868942738
108200.0	1000.0	1948.7621743166164	0.0	0	570.343739943899	2148.762174316609	1	0	1	0.9890965868942753
109200.0	1000.0	1948.7621743166137	0.0	0	499.60732717804785	2148.762174316609	1	0	1	0.9890965868942753
110200.0	1000.0	1948.7621743166133	0.0	0	544.513680652235	2148.7621743165946	1	0	1	0.9890965868942767
111200.0	1000.0	1948.7621743166046	0.0	0	242.6981280259497	2148.7621743165946	1	0	1	0.9890965868942767
112508.11833207794	1000.0	1509.8320090308641	0.0	0	0.0	2017.9503411087935	1	0	2	0.599275982647492
113200.0	1000.0	1817.9503411088133	0.0	0	37.228548137063626	2017.9503411087935	1	0	1	0.8021777702150567
114226.81671429762	1000.0	1791.1336268112002	0.0	0	0.0	2017.950341108779	1	0	1	1.0021777702150583
115200.0	1000.0	1817.9503411088206	0.0	0	299.2329968049453	2017.950341108779	1	0	1	1.0021777702150583
116200.0	1000.0	1817.950341108819	0.0	0	475.07478283022647	2017.950341108779	1	0	1	1.0021777702150583
117200.0	1000.0	1817.9503411088342	0.0	0	317.27339671753	2017.950341108779	1	0	1	1.0021777702150583
118200.0	1000.0	1817.9503411088315	0.0	0	595.6563763785234	2017.950341108779	1	0	1	1.0021777702150583
119200.0	1000.0	1817.9503411088313	0.0	0	386.8565983440931	2017.950341108779	1	0	1	1.0021777702150583
120200.0	1000.0	1817.9503411088385	0.0	0	604.2258084058121	2017.950341108779	1	0	1	1.0021777702150583
121200.0	1000.0	1817.9503411088315	0.0	0	600.0862934984034	2017.950341108779	1	0	1	1.0021777702150583
122200.0	1000.0	1817.9503411088326	0.0	0	401.1296682256652	2017.950341108779	1	0	1	1.0021777702150583
123200.0	1000.0	1817.950341108836	0.0	0	472.87876737170154	2017.9503411087644	1	0	1	1.0021777702150598
124249.41285865464	1000.0	1768.5374824541914	0.0	0	0.0	2017.9503411087644	1	0	1	1.0021777702150598
125200.0	1000.0	1817.9503411088353	0.0	0	39.59945935722499	2017.9503411087644	1	0	1	1.0021777702150598
126200.0	1000.0	1817.9503411088328	0.0	0	268.8651851103059	2017.9503411087644	1	0	1	1.0021777702150598
127291.3338528978	1000.0	1726.6164882110097	0.0	0	0.0	2017.9503411087644	1	0	1	1.0021777702150598
128200.0	1000.0	1817.9503411088288	0.0	0	96.35396400510217	2017.9503411087644	1	0	1	1.0021777702150598
129200.0	1000.0	1817.9503411088251	0.0	0	526.3161899817205	2017.9503411087644	1	0	1	1.0021777702150598
130200.0	1000.0	1817.950341108827	0.0	0	478.8957715791621	2017.9503411087644	1	0	1	1.0021777702150598
131200.0	1000.0	1817.9503411088176	0.0	0	362.1425771427748	2017.9503411087644	1	0	1	1.0021777702150598
132200.0	1000.0	1817.9503411087974	0.0	0	459.3466451136337	2017.9503411087353	1	0	1	1.0021777702150618
133200.0	1000.0	1817.950341108801	0.0	0	530.945740872412	2017.9503411087499	1	0	1	1.0021777702150623
134200.0	1000.0	1817.9503411088187	0.0	0	496.4162000086217	2017.9503411087499	1	0	1	1.0021777702150612
135200.0	1000.0	1817.9503411088324	0.0	0	320.5363695449778	2017.9503411087499	1	0	1	1.0021777702150612
136200.0	1000.0	1817.9503411088783	0.0	0	197.86153240001295	2017.9503411087499	1	0	1	1.0021777702150612
137200.0	1000.0	1717.9503411088792	0.0	0	397.70871985013946	1917.950341108779	1	0	2	0.6082782168085406
138200.0	1000.0	1717.9503411088715	0.0	0	430.4434664961591	1917.950341108779	1	0	1	0.8121777702150581
139200.0	1000.0	1717.9503411088988	0.0	0	328.89844731081394	1917.950341108779	1	0	1	1.0121777702150583
140200.0	1000.0	1717.950341108899	0.0	0	522.083699375391	1917.950341108779	1	0	1	1.0121777702150583
141200.0	1000.0	1717.9503411088763	0.0	0	618.8572940737358	1917.950341108779	1	0	1	1.0121777702150583
142200.0	1000.0	1717.950341108864	0.0	0	189.00281748743146	1917.9503411087499	1	0	1	1.0121777702150612
143644.4964293517	2000.0	1273.4539117571414	0.0	0	0.0	1917.9503411087499	1	0	1	1.012177770215061
144670.99829718267	2000.0	1246.9520439261817	0.0	0	0.0	1917.9503411087499	1	0	1	1.7053249507750063
145511.8185082398	2000.0	1406.1318328690563	0.0	0	0.0	1917.950341108779	1	0	1	1.7053249507750035
146515.29150154156	2000.0	1402.658839567306	0.0	0	0.0	1917.950341108779	1	0	1	1.7053249507750035
147207.5024359564	2000.0	1710.4479051524656	0.0	0	0.0	1917.950341108779	1	0	1	1.7053249507750035
148306.7753831303	2000.0	1611.174957978587	0.0	0	0.0	1917.950341108779	1	0	1	1.7053249507750035
149200.0	2000.0	1717.9503411088624	0.0	0	285.36008337297244	1917.950341108779	1	0	1	1.7053249507750035
150200.0	2000.0	1717.950341108866	0.0	0	7.8506484107347205	1917.950341108779	1	0	1	1.7053249507750035
151200.0	2000.0	1717.9503411088663	0.0	0	55.4464014962432	1917.950341108779	1	0	1	1.7053249507750035
152200.0	2000.0	1717.950341108835	0.0	0	150.7389850098698	1917.950341108779	1	0	1	1.7053249507750035
153201.92014795268	2000.0	1716.0301931561526	0.0	0	0.0	1917.950341108779	1	0	1	1.7053249507750035
154200.0	2000.0	1717.9503411088147	0.0	0	363.5624827860447	1917.950341108779	1	0	1	1.7053249507750035
155576.4422703082	2000.0	1341.5080708005858	0.0	0	0.0	1917.950341108808	1	0	1	1.7053249507750003
156589.8521212886	1000.0	1328.09821982018	0.0	0	0.0	1917.950341108779	1	0	1	0.31903058965511316
157200.72593402295	1000.0	1717.22440708582	0.0	0	0.0	1917.950341108779	1	0	1	1.0121777702150583
158200.0	1000.0	1717.9503411087217	0.0	0	62.73507855294156	1917.950341108779	1	0	1	1.0121777702150583
159265.84697348415	1000.0	1652.1033676245618	0.0	0	0.0	1917.950341108779	1	0	1	1.0121777702150583
160200.0	1000.0	1717.9503411087262	0.0	0	256.3275782916171	1917.950341108779	1	0	1	1.0121777702150583
161409.96436499944	2000.0	1507.9859761092998	0.0	0	0.0	1917.950341108808	1	0	1	1.0121777702150552
162362.6919449968	2000.0	1555.258396111924	0.0	0	0.0	1917.950341108808	1	0	1	1.7053249507750003
163611.8404592957	2000.0	1306.1098818129985	0.0	0	0.0	1917.950341108779	1	0	1	1.7053249507750035
164278.54250771645	2000.0	1639.4078333922753	0.0	0	0.0	1917.950341108779	1	0	1	1.7053249507750035
165200.0	2000.0	1717.9503411087276	0.0	0	134.48973499194835	1917.950341108808	1	0	1	1.7053249507750003
166200.0	2000.0	1717.9503411087146	0.0	0	43.64477533425088	1917.950341108808	1	0	1	1.7053249507750003
167200.0	2000.0	1717.9503411086732	0.0	0	206.47219436615705	1917.950341108808	1	0	1	1.7053249507750003
168404.3296955502	2000.0	1513.620645558464	0.0	0	0.0	1917.950341108808	1	0	1	1.7053249507749981
169200.0	1000.0	1717.9503411086537	0.0	0	409.51361882983474	1917.950341108808	1	0	1	0.3190305896551102
170200.0	1000.0	1717.950341108654	0.0	0	89.96540844871197	1917.950341108808	1	0	1	1.0121777702150554
171200.0	1000.0	1717.9503411086423	0.0	0	354.7916385604476	1917.950341108808	1	0	1	1.0121777702150554
172200.0	1000.0	1717.950341108646	0.0	0	332.3262416093203	1917.950341108779	1	0	1	1.0121777702150583
173200.0	1000.0	1717.9503411085955	0.0	0	369.47470972899464	1917.950341108779	1	0	1	1.0121777702150583
174200.0	1000.0	1617.950341108602	0.0	0	547.6526148291887	1817.950341108779	1	0	2	0.6182853951014646
175200.0	1000.0	1617.9503411086057	0.0	0	695.1323291814479	1817.950341108779	1	0	1	0.8221777702150581
176200.0	1000.0	1617.9503411085875	0.0	0	307.1334731298848	1817.950341108779	1	0	1	1.0221777702150583
177200.0	1000.0	1617.95034110859	0.0	0	317.76016243966296	1817.950341108779	1	0	1	1.0221777702150583
178434.62532853775	2000.0	1383.3250125708553	0.0	0	0.0	1817.950341108779	1	0	1	1.0221777702150583
179356.691060029	2000.0	1461.2592810796368	0.0	0	0.0	1817.950341108779	1	0	1	1.7153249507750035
180247.1347870409	2000.0	1570.8155540677374	0.0	0	0.0	1817.9503411087499	1	0	1	1.7153249507750061
181200.0	2000.0	1617.950341108662	0.0	0	27.090597230795538	1817.9503411087207	1	0	1	1.7153249507750092
182200.0	2000.0	1617.9503411086605	0.0	0	134.9702167546493	1817.9503411087207	1	0	1	1.7153249507750092
183200.0	2000.0	1617.9503411086566	0.0	0	243.11358582988032	1817.9503411087207	1	0	1	1.7153249507750092
184200.0	2000.0	1617.9503411086396	0.0	0	312.76617813130724	1817.9503411087207	1	0	1	1.7153249507750092
185553.80412328523	2000.0	1264.1462178234117	0.0	0	0.0	1817.9503411087207	1	0	1	1.7153249507750092
186200.0	1000.0	1617.950341108661	0.0	0	150.56174746871693	1817.9503411087499	1	0	1	0.329030589655116
187200.0	1000.0	1617.9503411086378	0.0	0	376.82155439083	1817.9503411087499	1	0	1	1.0221777702150612
188200.0	1000.0	1617.9503411086396	0.0	0	494.8344287275104	1817.9503411087207	1	0	1	1.0221777702150643
189200.0	1000.0	1617.950341108679	0.0	0	435.7872754262353	1817.9503411087207	1	0	1	1.0221777702150643
190200.0	1000.0	1617.9503411086857	0.0	0	269.61207057663705	1817.9503411087499	1	0	1	1.0221777702150612
191200.0	1000.0	1617.9503411086628	0.0	0	294.67285382494447	1817.9503411087499	1	0	1	1.0221777702150612
192200.0	1000.0	1617.950341108683	0.0	0	491.1238860138983	1817.9503411087207	1	0	1	1.0221777702150643
193200.0	1000.0	1617.9503411086575	0.0	0	417.3966838301858	1817.9503411086916	1	0	1	1.022177770215067
194200.0	1000.0	1617.9503411086544	0.0	0	371.69879664175096	1817.9503411086916	1	0	1	1.022177770215067
195200.0	1000.0	1617.950341108646	0.0	0	545.7776998495101	1817.9503411086625	1	0	1	1.02217777021507
196200.0	1000.0	1617.9503411086507	0.0	0	224.3668421084003	1817.9503411086625	1	0	1	1.02217777021507
197200.0	1000.0	1617.9503411086694	0.0	0	290.2536263235088	1817.9503411086916	1	0	1	1.022177770215067
198200.0	1000.0	1617.9503411087078	0.0	0	356.2747448851296	1817.9503411086916	1	0	1	1.022177770215067
199200.0	1000.0	1617.950341108704	0.0	0	689.9048760866863	1817.9503411086916	1	0	1	1.022177770215067
200200.0	1000.0	1617.950341108685	0.0	0	646.6667809116188	1817.9503411086916	1	0	1	1.022177770215067
201200.0	1000.0	1617.9503411087032	0.0	0	364.93247745439294	1817.9503411086916	1	0	1	1.022177770215067
202200.0	1000.0	1617.9503411086976	0.0	0	189.12061621472822	1817.9503411086625	1	0	1	1.02217777021507
203200.0	1000.0	1617.950341108661	0.0	0	440.7396663783293	1817.9503411086625	1	0	1	1.02217777021507
204200.0	1000.0	1617.9503411086773	0.0	0	84.91775693092495	1817.9503411086916	1	0	1	1.022177770215067
205200.0	1000.0	1617.9503411086844	0.0	0	371.79506989603397	1817.9503411086916	1	0	1	1.022177770215067
206200.0	1000.0	1617.9503411086705	0.0	0	443.50741152101546	1817.9503411086625	1	0	1	1.02217777021507
207200.0	1000.0	1617.950341108682	0.0	0	469.87878718576394	1817.9503411086625	1	0	1	1.02217777021507
208200.0	1000.0	1617.9503411086732	0.0	0	498.2577693028725	1817.9503411086625	1	0	1	1.02217777021507
209200.0	1000.0	1617.9503411087092	0.0	0	215.38806848070817	1817.9503411086916	1	0	1	1.022177770215067
210200.0	1000.0	1617.9503411086907	0.0	0	371.2977977685514	1817.9503411087207	1	0	1	1.0221777702150643
211200.0	1000.0	1617.9503411086894	0.0	0	529.3979618898593	1817.9503411087207	1	0	1	1.0221777702150643
212200.0	1000.0	1617.9503411086957	0.0	0	467.9805283853202	1817.9503411087499	1	0	1	1.0221777702150612
213200.0	1000.0	1617.950341108678	0.0	0	606.7552743450215	1817.9503411087499	1	0	1	1.0221777702150612
214200.0	1000.0	1617.950341108703	0.0	0	230.23360720061464	1817.950341108779	1	0	1	1.0221777702150583
215200.0	1000.0	1617.9503411087344	0.0	0	373.77493268303806	1817.950341108779	1	0	1	1.0221777702150583
216200.0	1000.0	1617.9503411087203	0.0	0	562.2419880622765	1817.950341108779	1	0	1	1.0221777702150583
217200.0	1000.0	1617.9503411087062	0.0	0	391.5688557756366	1817.9503411087499	1	0	1	1.0221777702150612
218200.0	1000.0	1617.9503411087142	0.0	0	444.25656356525724	1817.950341108779	1	0	1	1.0221777702150583
219200.0	1000.0	1617.9503411086923	0.0	0	229.27950032465742	1817.950341108779	1	0	1	1.0221777702150583
220200.0	1000.0	1617.9503411087035	0.0	0	487.5147122774797	1817.950341108779	1	0	1	1.0221777702150583
221200.0	1000.0	1617.9503411087085	0.0	0	610.5980379414395	1817.9503411087499	1	0	1	1.0221777702150612
222200.0	1000.0	1617.9503411087042	0.0	0	382.90977446874604	1817.9503411087499	1	0	1	1.0221777702150612
223200.0	1000.0	1617.9503411087364	0.0	0	496.20255470942357	1817.950341108779	1	0	1	1.0221777702150583
224200.0	1000.0	1617.950341108757	0.0	0	442.58159136006725	1817.950341108808	1	0	1	1.0221777702150554
225200.0	1000.0	1617.950341108779	0.0	0	317.8122177119658	1817.950341108808	1	0	1	1.0221777702150554
226200.0	1000.0	1617.9503411087994	0.0	0	147.66903634081245	1817.9503411088372	1	0	1	1.0221777702150525
227200.0	1000.0	1617.9503411088094	0.0	0	76.6858220421127	1817.9503411088372	1	0	1	1.0221777702150525
228200.0	1000.0	1617.9503411088165	0.0	0	30.707978365331655	1817.9503411088372	1	0	1	1.0221777702150525
229200.0	1000.0	1617.9503411088112	0.0	0	202.1608658649202	1817.950341108808	1	0	1	1.0221777702150554
230200.0	1000.0	1617.9503411088438	0.0	0	105.88745542961988	1817.950341108808	1	0	1	1.0221777702150554
231200.0	1000.0	1617.9503411088306	0.0	0	448.10680077568395	1817.950341108808	1	0	1	1.0221777702150554
232200.0	1000.0	1617.9503411088538	0.0	0	612.4976535522437	1817.950341108808	1	0	1	1.0221777702150554
233200.0	1000.0	1617.9503411088624	0.0	0	571.4871165326913	1817.950341108808	1	0	1	1.0221777702150554
234200.0	1000.0	1617.9503411088695	0.0	0	399.95142843638314	1817.950341108808	1	0	1	1.0221777702150554
235200.0	1000.0	1617.9503411088747	0.0	0	363.9613993524108	1817.950341108808	1	0	1	1.0221777702150554
236200.0	1000.0	1617.9503411088772	0.0	0	516.2732444729481	1817.9503411088372	1	0	1	1.0221777702150525
237200.0	1000.0	1617.9503411088535	0.0	0	612.1680564859998	1817.9503411088663	1	0	1	1.0221777702150496
238200.0	1000.0	1617.9503411088237	0.0	0	181.65782765499898	1817.9503411088372	1	0	1	1.0221777702150525
239200.0	1000.0	1617.9503411088072	0.0	0	517.752256911248	1817.9503411088372	1	0	1	1.0221777702150525
240200.0	1000.0	1617.9503411087908	0.0	0	444.2130842320039	1817.9503411088372	1	0	1	1.0221777702150525
241221.87509603926	2000.0	1596.0752450695445	0.0	0	0.0	1817.9503411088372	1	0	1	1.0221777702150525
243011.53551225716	2000.0	806.4148288516418	0.0	0	0.0	1817.9503411088663	1	0	1	1.7153249507749946
243863.4132174141	1000.0	954.5371236946855	0.0	0	0.0	1817.9503411088954	1	0	1	0.32903058965510207
244498.3086787015	1000.0	1319.6416624073295	0.0	0	0.0	1817.9503411088954	1	0	1	1.0221777702150467
245200.0	1000.0	1617.9503411088435	0.0	0	168.16726711191586	1817.9503411088954	1	0	1	1.0221777702150467
246200.0	1000.0	1617.9503411088444	0.0	0	480.83573539103963	1817.9503411088954	1	0	1	1.0221777702150467
247200.0	1000.0	1617.950341108876	0.0	0	581.000606767484	1817.9503411088663	1	0	1	1.0221777702150496
248200.0	1000.0	1617.9503411088444	0.0	0	424.4213126976683	1817.9503411088663	1	0	1	1.0221777702150496
249200.0	1000.0	1617.950341108859	0.0	0	428.969666022429	1817.9503411088663	1	0	1	1.0221777702150496
250200.0	1000.0	1617.9503411088667	0.0	0	365.7187185922812	1817.9503411088663	1	0	1	1.0221777702150496
251200.0	1000.0	1517.950341108864	0.0	0	459.7390900203609	1717.9503411088663	1	0	2	0.62831280461554
252200.0	1000.0	1517.950341108873	0.0	0	452.1787794805423	1717.9503411088663	1	0	1	0.8321777702150495
253200.0	1000.0	1517.9503411088772	0.0	0	540.3001536930096	1717.9503411088663	1	0	1	1.0321777702150496
254200.0	1000.0	1517.9503411089022	0.0	0	534.4136412651569	1717.9503411088663	1	0	1	1.0321777702150496
255200.0	1000.0	1517.9503411089304	0.0	0	476.6235709099856	1717.9503411088372	1	0	1	1.0321777702150525
256200.0	1000.0	1517.9503411089474	0.0	0	551.0163344436442	1717.9503411088372	1	0	1	1.0321777702150525
257253.12590930657	2000.0	1464.8244318023437	0.0	0	0.0	1717.9503411088663	1	0	1	1.0321777702150494
258200.0	2000.0	1517.9503411089331	0.0	0	46.336788735643495	1717.9503411088663	1	0	1	1.7253249507749946
259461.51200711058	2000.0	1256.4383339983744	0.0	0	0.0	1717.9503411088663	1	0	1	1.7253249507749946
260281.32155323046	1000.0	1436.6287878785145	0.0	0	0.0	1717.9503411088663	1	0	1	0.33903058965510435
261473.50030687923	1000.0	1244.4500342297347	0.0	0	0.0	1717.9503411088663	1	0	1	1.0321777702150496
262200.0	1000.0	1517.950341108998	0.0	0	212.84326090765535	1717.9503411088663	1	0	1	1.0321777702150496
263200.0	1000.0	1517.9503411090009	0.0	0	67.48980708664749	1717.9503411088663	1	0	1	1.0321777702150519
264200.0	1000.0	1517.9503411090632	0.0	0	272.5298034437001	1717.9503411088954	1	0	1	1.0321777702150485
265200.0	1000.0	1517.950341109036	0.0	0	286.05979953263886	1717.9503411089536	1	0	1	1.032177770215041
266200.0	1000.0	1517.9503411090286	0.0	0	412.85992629942484	1717.9503411090118	1	0	1	1.032177770215035
267200.0	1000.0	1517.9503411089431	0.0	0	567.8570476107998	1717.9503411090118	1	0	1	1.032177770215035
268200.0	1000.0	1517.9503411089822	0.0	0	494.5161930997274	1717.95034110907	1	0	1	1.0321777702150292
269200.0	1000.0	1517.950341109056	0.0	0	501.36150569835445	1717.9503411091282	1	0	1	1.0321777702150234
270200.0	1000.0	1517.9503411090118	0.0	0	590.1656616706168	1717.95034110907	1	0	1	1.0321777702150292
271200.0	1000.0	1517.9503411089925	0.0	0	543.4508135509095	1717.9503411090118	1	0	1	1.032177770215035
272200.0	1000.0	1517.950341109071	0.0	0	309.29156492167385	1717.9503411090118	1	0	1	1.032177770215035
273494.8398445748	1000.0	1223.1104965343065	0.0	0	0.0	1717.9503411090118	1	0	1	1.032177770215035
274210.5167576443	1000.0	1507.433583464815	0.0	0	0.0	1717.95034110907	1	0	1	1.0321777702150292
275200.0	1000.0	1517.9503411091607	0.0	0	224.19723770441487	1717.95034110907	1	0	1	1.0321777702150292
276200.0	1000.0	1517.950341109103	0.0	0	231.77000162610784	1717.95034110907	1	0	1	1.0321777702150292
277200.0	1000.0	1517.950341109191	0.0	0	232.10565445036627	1717.9503411091282	1	0	1	1.0321777702150234
278200.0	1000.0	1517.9503411091646	0.0	0	287.7443892181618	1717.9503411091282	1	0	1	1.0321777702150234
279200.0	1000.0	1517.9503411091728	0.0	0	456.35742018342717	1717.9503411091282	1	0	1	1.0321777702150234
280200.0	1000.0	1517.9503411091118	0.0	0	386.6334435287281	1717.9503411091282	1	0	1	1.0321777702150234
281200.0	1000.0	1517.9503411091132	0.0	0	267.54586130863754	1717.9503411091282	1	0	1	1.0321777702150234
282200.0	1000.0	1517.9503411090836	0.0	0	455.05310530151473	1717.95034110907	1	0	1	1.0321777702150292
283200.0	1000.0	1517.9503411091562	0.0	0	422.5070195508888	1717.95034110907	1	0	1	1.0321777702150292
284200.0	1000.0	1517.9503411091541	0.0	0	402.8804390942096	1717.9503411091282	1	0	1	1.0321777702150234
285200.0	1000.0	1517.950341109113	0.0	0	339.90901659609517	1717.9503411091282	1	0	1	1.0321777702150234
286200.0	1000.0	1517.9503411090893	0.0	0	387.61327342153527	1717.95034110907	1	0	1	1.0321777702150292
287200.0	1000.0	1517.9503411090623	0.0	0	294.00036549393553	1717.95034110907	1	0	1	1.0321777702150292
288200.0	1000.0	1517.950341109111	0.0	0	437.65312754991464	1717.95034110907	1	0	1	1.0321777702150292
289200.0	1000.0	1517.95034110911	0.0	0	534.1103457132704	1717.95034110907	1	0	1	1.0321777702150292
290200.0	1000.0	1517.9503411090968	0.0	0	351.5933528941823	1717.95034110907	1	0	1	1.0321777702150292
291200.0	1000.0	1517.9503411091407	0.0	0	348.85958214249695	1717.9503411091282	1	0	1	1.0321777702150234
292628.8997723271	2000.0	1089.0505687820687	0.0	0	0.0	1717.9503411091282	1	0	1	1.0321777702150232
293815.73557737004	2000.0	902.2147637391658	0.0	0	0.0	1717.9503411091864	1	0	1	1.7253249507749648
294698.89404127473	2000.0	1019.0562998343996	0.0	0	0.0	1717.9503411091864	1	0	1	1.7253249507749626
295357.01647641946	2000.0	1360.9338646897354	0.0	0	0.0	1717.9503411091864	1	0	1	1.7253249507749626
296200.0	2000.0	1517.950341109208	0.0	0	210.25344030326232	1717.9503411091282	1	0	1	1.7253249507749686
297334.1159010205	2000.0	1383.8344400886838	0.0	0	0.0	1717.95034110907	1	0	1	1.7253249507749744
298426.408812199	2000.0	1291.5415289100604	0.0	0	0.0	1717.9503411089536	1	0	1	1.7253249507749813
299576.40502644796	2000.0	1141.5453146611637	0.0	0	0.0	1717.9503411089536	1	0	1	1.725324950774986
300439.0348139171	2000.0	1278.9155271919672	0.0	0	0.0	1717.9503411088954	1	0	1	1.7253249507749917
1.85	1.25	1.7	1.47	1.12	1.4	2.05	2.48	1.61	2.49	2.47	2.68	2.47	2.11	2.22	1.29	1.44	1.68	2.24	2.65	3.0	1.6	1.44	1.67	1.81	2.41	2.98	2.78	2.68	2.8	1.63	2.53	2.13	1.52	1.9	1.33	1.7	1.96	2.13	1.89	1.84	1.63	1.49	2.27	3.17	2.1	0.97	1.37	1.56	1.46	1.97	2.04	2.15	1.67	1.7	1.83	2.06	2.75	1.76	1.62	1.91	1.81	2.04	1.47	1.32	2.06	2.12	2.1	2.5	1.8	1.17	1.58	1.34	1.4	1.4	1.59	2.32	3.15	3.37	1.2	2.35	2.57	1.99	1.42	2.28	2.54	1.96	1.17	1.89	1.33	1.63	1.98	1.87	1.37	2.06	1.91	1.83	2.2	1.58	1.91	2.15	2.04	2.32	2.79	1.49	1.25	0.81	1.58	1.26	1.56	1.63	2.03	2.28	2.33	2.49	1.8	1.85	1.97	0.74	1.56	1.39	1.04	1.25	1.92	1.68	1.8	1.62	1.83	2.68	1.89	1.62	1.15	1.6	2.06	2.72	1.8	1.51	1.7	2.39	2.21	2.72	2.37	2.33	2.56	2.31	2.79	1.67	2.05	2.87	2.58	1.85	1.25	1.7	1.47	1.12	1.4	2.05	2.48	1.61	2.49	2.47	2.68	2.47	2.11	2.22	1.29	1.44	1.68	2.24	2.65	3.0	1.6	1.44	1.67	1.81	2.41	2.98	2.78	2.68	2.8	1.63	2.53	2.13	1.52	1.9	1.33	1.7	1.96	2.13	1.89	1.84	1.63	1.49	2.27	3.17	2.1	0.97	1.37	1.56	1.46	1.97	2.04	2.15	1.67	1.7	1.83	2.06	2.75	1.76	1.62	1.91	1.81	2.04	1.47	1.32	2.06	2.12	2.1	2.5	1.8	1.17	1.58	1.34	1.4	1.4	1.59	2.32	3.15	3.37	1.2	2.35	2.57	1.99	1.42	2.28	2.54	1.96	1.17	1.89	1.33	1.63	1.98	1.87	1.37	2.06	1.91	1.83	2.2	1.58	1.91	2.15	2.04	2.32	2.79	1.49	1.25	0.81	1.58	1.26	1.56	1.63	2.03	2.28	2.33	2.49	1.8	1.85	1.97	0.74	1.56	1.39	1.04	1.25	1.92	1.68	1.8	1.62	1.83	2.68	1.89	1.62	1.15	1.6	2.06	2.72	1.8	1.51	1.7	2.39	2.21	2.72	2.37	2.33	2.56	2.31	2.79	1.67	2.05
1.0	2.0	3.0	4.0	5.0	6.0	7.0	8.0	9.0	10.0	11.0	12.0	13.0	14.0	15.0	16.0	17.0	18.0	19.0	20.0	21.0	22.0	23.0	24.0	25.0	26.0	27.0	28.0	29.0	30.0	31.0	32.0	33.0	34.0	35.0	36.0	37.0	38.0	39.0	40.0	41.0	42.0	43.0	44.0	45.0	46.0	47.0	48.0	49.0	50.0	51.0	52.0	53.0	54.0	55.0	56.0	57.0	58.0	59.0	60.0	61.0	62.0	63.0	64.0	65.0	66.0	67.0	68.0	69.0	70.0	71.0	72.0	73.0	74.0	75.0	76.0	77.0	78.0	79.0	80.0	81.0	82.0	83.0	84.0	85.0	86.0	87.0	88.0	89.0	90.0	91.0	92.0	93.0	94.0	95.0	96.0	97.0	98.0	99.0	100.0	101.0	102.0	103.0	104.0	105.0	106.0	107.0	108.0	109.0	110.0	111.0	112.0	113.0	114.0	115.0	116.0	117.0	118.0	119.0	120.0	121.0	122.0	123.0	124.0	125.0	126.0	127.0	128.0	129.0	130.0	131.0	132.0	133.0	134.0	135.0	136.0	137.0	138.0	139.0	140.0	141.0	142.0	143.0	144.0	145.0	146.0	147.0	148.0	149.0	149.0	150.0	151.0	152.0	153.0	154.0	155.0	156.0	157.0	158.0	159.0	160.0	161.0	162.0	163.0	164.0	165.0	166.0	167.0	168.0	169.0	170.0	171.0	172.0	173.0	174.0	175.0	176.0	177.0	178.0	179.0	180.0	181.0	182.0	183.0	184.0	185.0	186.0	187.0	188.0	189.0	190.0	191.0	192.0	193.0	194.0	195.0	196.0	197.0	198.0	199.0	200.0	201.0	202.0	203.0	204.0	205.0	206.0	207.0	208.0	209.0	210.0	211.0	212.0	213.0	214.0	215.0	216.0	217.0	218.0	219.0	220.0	221.0	222.0	223.0	224.0	225.0	226.0	227.0	228.0	229.0	230.0	231.0	232.0	233.0	234.0	235.0	236.0	237.0	238.0	239.0	240.0	241.0	242.0	243.0	244.0	245.0	246.0	247.0	248.0	249.0	250.0	251.0	252.0	253.0	254.0	255.0	256.0	257.0	258.0	259.0	260.0	261.0	262.0	263.0	264.0	265.0	266.0	267.0	268.0	269.0	270.0	271.0	272.0	273.0	274.0	275.0	276.0	277.0	278.0	279.0	280.0	281.0	282.0	283.0	284.0	285.0	286.0	287.0	288.0	289.0	290.0	291.0	292.0	293.0	294.0	295.0	296.0	297.0
5388.853696037309
